# File generated by CMD 3.3 (http://stev.oapd.inaf.it/cmd) on Wed Sep 18 13:39:13 CEST 2019
# isochrones based on PARSEC release v1.2S +  COLIBRI S_35
# Basic references: Bressan et al. (2012), MNRAS, 427, 127 + Chen et al. (2014, 2015), MNRAS, 444, 2525 + MNRAS, 452, 1068 + Tang et al. (2014), MNRAS, 445, 4287 + Marigo et al. (2017), ApJ, 835, 77 + Pastorelli al. (2019), MNRAS in press
# Thermal pulse cycles included 
# On RGB, assumed Reimers mass loss with efficiency eta=0.2
# Photometric system: <i>UBVRIJHK</i> (cf. Maiz-Apellaniz 2006 + Bessell 1990)
# Using YBC version of bolometric corrections as in Chen et al. (2019)
# O-rich circumstellar dpmod60alox40 dust from Groenewegen (2006)
# C-rich circumstellar AMCSIC15 dust from Groenewegen (2006)
# IMF: Kroupa (2001, 2002) + Kroupa et al. (2013) canonical two-part-power law IMF corrected for unresolved binaries 
# Kind of output: isochrone tables
# Zini     MH   logAge Mini        int_IMF         Mass   logL    logTe  logg  label   McoreTP C_O  period0 period1 pmode  Mloss  tau1m   X   Y   Xc  Xn  Xo  Cexcess  Z 	 mbolmag  Umag    Bmag    Vmag    Rmag    Imag    Jmag    Hmag    Kmag
0.0152 0.01508 6.00000 0.0900000036 1.0816895962    0.090 -1.321  3.4419  3.433    0  0.000  0.545     0.00     0.00 -1 -3.88e-14      0.00 7.092e-01 2.755e-01 2.746e-03 7.408e-04 6.719e-03 -1.000 1.527e-02 8.073 14.065 13.058 11.721 10.122 8.227 6.070 5.496 5.125
0.0152 0.01508 6.00000 0.1000000015 1.1711064577    0.100 -1.221  3.4494  3.408    0  0.000  0.545     0.00     0.00 -1 -4.77e-14      0.00 7.092e-01 2.755e-01 2.746e-03 7.408e-04 6.719e-03 -1.000 1.527e-02 7.822 13.617 12.631 11.310 9.760 7.905 5.828 5.248 4.892
0.0152 0.01508 6.00000 0.1098617315 1.2485735416    0.110 -1.138  3.4554  3.390    0  0.000  0.545     0.00     0.00 -1 -5.62e-14      0.00 7.092e-01 2.755e-01 2.746e-03 7.408e-04 6.719e-03 -1.000 1.527e-02 7.615 13.267 12.291 10.984 9.472 7.647 5.629 5.040 4.699
0.0152 0.01508 6.00000 0.1200000122 1.3193155527    0.120 -1.057  3.4612  3.371    0  0.000  0.545     0.00     0.00 -1 -6.62e-14      0.00 7.092e-01 2.755e-01 2.746e-03 7.408e-04 6.719e-03 -1.000 1.527e-02 7.413 12.938 11.971 10.679 9.199 7.401 5.436 4.837 4.509
0.0152 0.01508 6.00000 0.1354001611 1.4130985737    0.135 -0.953  3.4689  3.350    0  0.000  0.545     0.00     0.00 -1 -8.14e-14      0.00 7.092e-01 2.755e-01 2.746e-03 7.408e-04 6.719e-03 -1.000 1.527e-02 7.152 12.533 11.569 10.299 8.858 7.090 5.186 4.568 4.259
0.0152 0.01508 6.00000 0.1400000006 1.4384527206    0.140 -0.924  3.4710  3.344    0  0.000  0.545     0.00     0.00 -1  -8.6e-14      0.00 7.092e-01 2.755e-01 2.746e-03 7.408e-04 6.719e-03 -1.000 1.527e-02 7.081 12.426 11.463 10.198 8.767 7.006 5.119 4.495 4.191
0.0152 0.01508 6.00000 0.1473688781 1.4768916368    0.147 -0.885  3.4742  3.340    0  0.000  0.545     0.00     0.00 -1 -9.22e-14      0.00 7.092e-01 2.755e-01 2.746e-03 7.408e-04 6.719e-03 -1.000 1.527e-02 6.982 12.278 11.310 10.052 8.636 6.888 5.026 4.393 4.096
0.0152 0.01508 6.00000 0.1649024487 1.5590895414    0.165 -0.809  3.4809  3.340    0  0.000  0.545     0.00     0.00 -1 -1.04e-13      0.00 7.092e-01 2.755e-01 2.746e-03 7.408e-04 6.719e-03 -1.000 1.527e-02 6.793 11.992 11.013 9.765 8.381 6.660 4.851 4.198 3.916
0.0152 0.01508 6.00000 0.1705176234 1.5830422640    0.170 -0.798  3.4826  3.350    0  0.000  0.545     0.00     0.00 -1 -1.04e-13      0.00 7.092e-01 2.755e-01 2.746e-03 7.408e-04 6.719e-03 -1.000 1.527e-02 6.765 11.944 10.956 9.707 8.330 6.620 4.827 4.170 3.891
0.0152 0.01508 6.00000 0.1760640442 1.6057158709    0.176 -0.776  3.4849  3.351    0  0.000  0.545     0.00     0.00 -1 -1.07e-13      0.00 7.092e-01 2.755e-01 2.746e-03 7.408e-04 6.719e-03 -1.000 1.527e-02 6.710 11.863 10.867 9.618 8.252 6.553 4.778 4.114 3.839
0.0152 0.01508 6.00000 0.1806975752 1.6239571571    0.181 -0.751  3.4871  3.346    0  0.000  0.545     0.00     0.00 -1 -1.12e-13      0.00 7.092e-01 2.755e-01 2.746e-03 7.408e-04 6.719e-03 -1.000 1.527e-02 6.648 11.776 10.774 9.527 8.169 6.481 4.721 4.050 3.779
0.0152 0.01508 6.00000 0.1863482147 1.6453964710    0.186 -0.717  3.4900  3.337    0  0.000  0.545     0.00     0.00 -1 -1.21e-13      0.00 7.092e-01 2.755e-01 2.746e-03 7.408e-04 6.719e-03 -1.000 1.527e-02 6.561 11.658 10.650 9.407 8.059 6.383 4.641 3.959 3.694
0.0152 0.01508 6.00000 0.1950441152 1.6767902374    0.195 -0.661  3.4944  3.318    0  0.000  0.545     0.00     0.00 -1 -1.38e-13      0.00 7.092e-01 2.755e-01 2.746e-03 7.408e-04 6.719e-03 -1.000 1.527e-02 6.422 11.478 10.459 9.228 7.897 6.229 4.512 3.812 3.556
0.0152 0.01508 6.00000 0.2051213235 1.7109696865    0.205 -0.635  3.4973  3.327    0  0.000  0.545     0.00     0.00 -1 -1.41e-13      0.00 7.092e-01 2.755e-01 2.746e-03 7.408e-04 6.719e-03 -1.000 1.527e-02 6.359 11.383 10.352 9.125 7.807 6.150 4.455 3.747 3.495
0.0152 0.01508 6.00000 0.2146187723 1.7412416935    0.215 -0.635  3.4990  3.353    0  0.000  0.545     0.00     0.00 -1 -1.34e-13      0.00 7.092e-01 2.755e-01 2.746e-03 7.408e-04 6.719e-03 -1.000 1.527e-02 6.358 11.360 10.316 9.085 7.779 6.134 4.460 3.751 3.500
0.0152 0.01508 6.00000 0.2241051644 1.7697881460    0.224 -0.625  3.5015  3.371    0  0.000  0.545     0.00     0.00 -1 -1.31e-13      0.00 7.092e-01 2.755e-01 2.746e-03 7.408e-04 6.719e-03 -1.000 1.527e-02 6.332 11.305 10.248 9.015 7.723 6.091 4.440 3.726 3.478
0.0152 0.01508 6.00000 0.2335195690 1.7966058254    0.234 -0.601  3.5047  3.378    0  0.000  0.545     0.00     0.00 -1 -1.35e-13      0.00 7.092e-01 2.755e-01 2.746e-03 7.408e-04 6.719e-03 -1.000 1.527e-02 6.272 11.214 10.141 8.910 7.633 6.015 4.389 3.665 3.422
0.0152 0.01508 6.00000 0.2428210378 1.8217558861    0.243 -0.563  3.5086  3.373    0  0.000  0.545     0.00     0.00 -1 -1.45e-13      0.00 7.092e-01 2.755e-01 2.746e-03 7.408e-04 6.719e-03 -1.000 1.527e-02 6.177 11.084 9.995 8.770 7.510 5.904 4.304 3.566 3.330
0.0152 0.01508 6.00000 0.2590910494 1.8628706932    0.259 -0.513  3.5141  3.373    0  0.000  0.545     0.00     0.00 -1 -1.58e-13      0.00 7.092e-01 2.755e-01 2.746e-03 7.408e-04 6.719e-03 -1.000 1.527e-02 6.053 10.914 9.795 8.573 7.338 5.756 4.194 3.439 3.211
0.0152 0.01508 6.00000 0.2748019695 1.8995058537    0.275 -0.501  3.5173  3.400    0  0.000  0.545     0.00     0.00 -1 -1.53e-13      0.00 7.092e-01 2.755e-01 2.746e-03 7.408e-04 6.719e-03 -1.000 1.527e-02 6.023 10.848 9.707 8.479 7.263 5.704 4.174 3.414 3.189
0.0152 0.01508 6.00000 0.2906001210 1.9336966276    0.290 -0.491  3.5208  3.427    0  0.000  0.545     0.00     0.00 -1 -1.47e-13      0.00 7.092e-01 2.755e-01 2.746e-03 7.408e-04 6.719e-03 -1.000 1.527e-02 5.996 10.782 9.617 8.382 7.187 5.654 4.157 3.393 3.171
0.0152 0.01508 6.00000 0.3151578009 1.9823096991    0.315 -0.455  3.5271  3.452    0  0.000  0.545     0.00     0.00 -1 -1.49e-13      0.00 7.092e-01 2.755e-01 2.746e-03 7.408e-04 6.719e-03 -1.000 1.527e-02 5.908 10.636 9.425 8.179 7.019 5.531 4.089 3.311 3.096
0.0152 0.01508 6.00000 0.3399681151 2.0266623497    0.340 -0.425  3.5330  3.478    0  0.000  0.545     0.00     0.00 -1 -1.49e-13      0.00 7.092e-01 2.755e-01 2.746e-03 7.408e-04 6.719e-03 -1.000 1.527e-02 5.832 10.503 9.252 7.996 6.869 5.424 4.031 3.242 3.033
0.0152 0.01508 6.00000 0.3527808189 2.0479519367    0.353 -0.412  3.5359  3.493    0  0.000  0.545     0.00     0.00 -1 -1.49e-13      0.00 7.092e-01 2.755e-01 2.746e-03 7.408e-04 6.719e-03 -1.000 1.527e-02 5.800 10.443 9.172 7.912 6.801 5.377 4.008 3.214 3.009
0.0152 0.01508 6.00000 0.3855731785 2.0981462002    0.386 -0.363  3.5444  3.516    0  0.000  0.545     0.00     0.00 -1 -1.55e-13      0.00 7.092e-01 2.755e-01 2.746e-03 7.408e-04 6.719e-03 -1.000 1.527e-02 5.677 10.247 8.921 7.652 6.582 5.219 3.909 3.101 2.906
0.0152 0.01508 6.00000 0.4027824402 2.1223189831    0.403 -0.341  3.5485  3.530    0  0.000  0.545     0.00     0.00 -1 -1.57e-13      0.00 7.092e-01 2.755e-01 2.746e-03 7.408e-04 6.719e-03 -1.000 1.527e-02 5.622 10.155 8.804 7.529 6.478 5.148 3.867 3.053 2.863
0.0152 0.01508 6.00000 0.4476481974 2.1794912815    0.447 -0.275  3.5599  3.555    0  0.000  0.545     0.00     0.00 -1 -1.68e-13      0.00 7.092e-01 2.755e-01 2.746e-03 7.408e-04 6.719e-03 -1.000 1.527e-02 5.457 9.889 8.462 7.171 6.170 4.938 3.735 2.911 2.734
0.0152 0.01508 6.00000 0.4651119709 2.1997659206    0.465 -0.249  3.5643  3.564    0  0.000  0.545     0.00     0.00 -1 -1.73e-13      0.00 7.092e-01 2.755e-01 2.746e-03 7.408e-04 6.719e-03 -1.000 1.527e-02 5.393 9.784 8.330 7.034 6.050 4.859 3.683 2.859 2.687
0.0152 0.01508 6.00000 0.4939227998 2.2311394215    0.494 -0.209  3.5713  3.578    0  0.000  0.545     0.00     0.00 -1 -1.82e-13      0.00 7.092e-01 2.755e-01 2.746e-03 7.408e-04 6.719e-03 -1.000 1.527e-02 5.293 9.618 8.123 6.820 5.861 4.736 3.602 2.780 2.615
0.0152 0.01508 6.00000 0.5000000000 2.2374541759    0.500 -0.201  3.5727  3.581    0  0.000  0.545     0.00     0.00 -1 -1.83e-13      0.00 7.092e-01 2.755e-01 2.746e-03 7.408e-04 6.719e-03 -1.000 1.527e-02 5.272 9.581 8.079 6.775 5.821 4.710 3.586 2.765 2.601
0.0152 0.01508 6.00000 0.5032261014 2.2407553196    0.503 -0.197  3.5734  3.582    0  0.000  0.545     0.00     0.00 -1 -1.84e-13      0.00 7.092e-01 2.755e-01 2.746e-03 7.408e-04 6.719e-03 -1.000 1.527e-02 5.262 9.563 8.058 6.753 5.801 4.698 3.578 2.757 2.594
0.0152 0.01508 6.00000 0.5193864703 2.2565844059    0.519 -0.174  3.5770  3.588    0  0.000  0.545     0.00     0.00 -1  -1.9e-13      0.00 7.092e-01 2.755e-01 2.746e-03 7.408e-04 6.719e-03 -1.000 1.527e-02 5.205 9.462 7.940 6.633 5.694 4.628 3.532 2.714 2.555
0.0152 0.01508 6.00000 0.5363373756 2.2720143795    0.536 -0.151  3.5810  3.594    0  0.000  0.545     0.00     0.00 -1 -1.96e-13      0.00 7.092e-01 2.755e-01 2.746e-03 7.408e-04 6.719e-03 -1.000 1.527e-02 5.147 9.358 7.819 6.510 5.584 4.558 3.485 2.672 2.516
0.0152 0.01508 6.00000 0.5500000119 2.2836582661    0.550 -0.133  3.5843  3.600    0  0.000  0.545     0.00     0.00 -1    -2e-13      0.00 7.092e-01 2.755e-01 2.746e-03 7.408e-04 6.719e-03 -1.000 1.527e-02 5.103 9.275 7.727 6.419 5.503 4.506 3.449 2.639 2.487
0.0152 0.01508 6.00000 0.5511864424 2.2846381664    0.551 -0.132  3.5845  3.601    0  0.000  0.545     0.00     0.00 -1    -2e-13      0.00 7.092e-01 2.755e-01 2.746e-03 7.408e-04 6.719e-03 -1.000 1.527e-02 5.099 9.269 7.720 6.412 5.497 4.502 3.446 2.637 2.484
0.0152 0.01508 6.00000 0.5714626312 2.3006634712    0.571 -0.105  3.5888  3.607    0  0.000  0.545     0.00     0.00 -1 -2.08e-13      0.00 7.092e-01 2.755e-01 2.746e-03 7.408e-04 6.719e-03 -1.000 1.527e-02 5.032 9.152 7.591 6.285 5.381 4.424 3.390 2.585 2.437
0.0152 0.01508 6.00000 0.5928860307 2.3162331581    0.593 -0.077  3.5936  3.614    0  0.000  0.545     0.00     0.00 -1 -2.16e-13      0.00 7.092e-01 2.755e-01 2.746e-03 7.408e-04 6.719e-03 -1.000 1.527e-02 4.962 9.019 7.450 6.150 5.259 4.344 3.332 2.534 2.392
0.0152 0.01508 6.00000 0.6000000238 2.3211214542    0.600 -0.067  3.5953  3.616    0  0.000  0.545     0.00     0.00 -1 -2.19e-13      0.00 7.092e-01 2.755e-01 2.746e-03 7.408e-04 6.719e-03 -1.000 1.527e-02 4.937 8.972 7.401 6.103 5.217 4.316 3.312 2.516 2.376
0.0152 0.01508 6.00000 0.6135630608 2.3300809860    0.613 -0.051  3.5978  3.620    0  0.000  0.545     0.00     0.00 -1 -2.23e-13      0.00 7.092e-01 2.755e-01 2.746e-03 7.408e-04 6.719e-03 -1.000 1.527e-02 4.898 8.898 7.324 6.030 5.150 4.271 3.279 2.487 2.350
0.0152 0.01508 6.00000 0.6360216737 2.3439548016    0.636 -0.024  3.6023  3.627    0  0.000  0.545     0.00     0.00 -1 -2.31e-13      0.00 7.092e-01 2.755e-01 2.746e-03 7.408e-04 6.719e-03 -1.000 1.527e-02 4.831 8.765 7.193 5.906 5.038 4.196 3.223 2.439 2.306
0.0152 0.01508 6.00000 0.6499999762 2.3520355225    0.650 -0.008  3.6052  3.631    0  0.000  0.545     0.00     0.00 -1 -2.37e-13      0.00 7.092e-01 2.755e-01 2.746e-03 7.408e-04 6.719e-03 -1.000 1.527e-02 4.789 8.678 7.110 5.829 4.968 4.149 3.189 2.410 2.280
0.0152 0.01508 6.00000 0.6630716920 2.3592386246    0.663  0.008  3.6075  3.634    0  0.000  0.545     0.00     0.00 -1 -2.42e-13      0.00 7.092e-01 2.755e-01 2.746e-03 7.408e-04 6.719e-03 -1.000 1.527e-02 4.751 8.603 7.039 5.764 4.908 4.108 3.157 2.383 2.255
0.0152 0.01508 6.00000 0.6878327727 2.3720240593    0.688  0.037  3.6122  3.639    0  0.000  0.545     0.00     0.00 -1 -2.53e-13      0.00 7.092e-01 2.755e-01 2.746e-03 7.408e-04 6.719e-03 -1.000 1.527e-02 4.678 8.456 6.902 5.638 4.794 4.028 3.095 2.330 2.207
0.0152 0.01508 6.00000 0.7000000477 2.3779268265    0.700  0.051  3.6145  3.642    0  0.000  0.545     0.00     0.00 -1 -2.58e-13      0.00 7.092e-01 2.755e-01 2.746e-03 7.408e-04 6.719e-03 -1.000 1.527e-02 4.642 8.381 6.835 5.576 4.738 3.988 3.065 2.304 2.184
0.0152 0.01508 6.00000 0.7315324545 2.3921790123    0.732  0.100  3.6271  3.662    0  0.000  0.540     0.00     0.00 -1 -2.77e-13      0.00 7.092e-01 2.755e-01 2.723e-03 7.402e-04 6.720e-03 -1.000 1.527e-02 4.519 8.030 6.546 5.325 4.517 3.850 2.973 2.242 2.133
0.0152 0.01508 6.00000 0.7500000000 2.3998889923    0.750  0.131  3.6347  3.673    0  0.000  0.538     0.00     0.00 -1 -2.89e-13      0.00 7.092e-01 2.755e-01 2.710e-03 7.399e-04 6.720e-03 -1.000 1.527e-02 4.443 7.789 6.368 5.175 4.389 3.765 2.917 2.208 2.105
0.0152 0.01508 6.00000 0.7839070559 2.4129633904    0.784  0.161  3.6385  3.677    0  0.000  0.538     0.00     0.00 -1 -3.02e-13      0.00 7.092e-01 2.755e-01 2.710e-03 7.399e-04 6.720e-03 -1.000 1.527e-02 4.367 7.624 6.240 5.062 4.287 3.684 2.850 2.153 2.052
0.0152 0.01508 6.00000 0.8000000119 2.4187245369    0.800  0.175  3.6403  3.679    0  0.000  0.538     0.00     0.00 -1 -3.08e-13      0.00 7.092e-01 2.755e-01 2.710e-03 7.399e-04 6.720e-03 -1.000 1.527e-02 4.332 7.547 6.181 5.010 4.241 3.647 2.820 2.129 2.029
0.0152 0.01508 6.00000 0.8314546943 2.4292480946    0.831  0.201  3.6436  3.683    0  0.000  0.538     0.00     0.00 -1 -3.19e-13      0.00 7.092e-01 2.755e-01 2.710e-03 7.399e-04 6.720e-03 -1.000 1.527e-02 4.267 7.403 6.073 4.916 4.159 3.578 2.764 2.083 1.986
0.0152 0.01508 6.00000 0.8500000238 2.4350347519    0.850  0.218  3.6455  3.684    0  0.000  0.538     0.00     0.00 -1 -3.28e-13      0.00 7.092e-01 2.755e-01 2.710e-03 7.399e-04 6.720e-03 -1.000 1.527e-02 4.226 7.315 6.006 4.859 4.108 3.535 2.728 2.053 1.958
0.0152 0.01508 6.00000 0.8720743656 2.4415550232    0.872  0.236  3.6476  3.685    0  0.000  0.538     0.00     0.00 -1 -3.37e-13      0.00 7.092e-01 2.755e-01 2.710e-03 7.399e-04 6.720e-03 -1.000 1.527e-02 4.181 7.219 5.934 4.795 4.052 3.488 2.689 2.021 1.926
0.0152 0.01508 6.00000 0.9000000358 2.4492788315    0.899  0.258  3.6503  3.688    0  0.000  0.538     0.00     0.00 -1 -3.48e-13      0.00 7.092e-01 2.755e-01 2.710e-03 7.399e-04 6.720e-03 -1.000 1.527e-02 4.126 7.098 5.843 4.717 3.983 3.430 2.641 1.982 1.889
0.0152 0.01508 6.00000 0.9043192267 2.4504244328    0.904  0.261  3.6507  3.688    0  0.000  0.538     0.00     0.00 -1 -3.49e-13      0.00 7.092e-01 2.755e-01 2.710e-03 7.399e-04 6.720e-03 -1.000 1.527e-02 4.118 7.081 5.830 4.706 3.974 3.422 2.635 1.976 1.884
0.0152 0.01508 6.00000 0.9500000477 2.4618122578    0.950  0.296  3.6548  3.691    0  0.000  0.538     0.00     0.00 -1 -3.68e-13      0.00 7.092e-01 2.755e-01 2.710e-03 7.399e-04 6.720e-03 -1.000 1.527e-02 4.031 6.891 5.689 4.585 3.869 3.331 2.559 1.915 1.825
0.0152 0.01508 6.00000 0.9786885381 2.4683425426    0.979  0.316  3.6571  3.693    0  0.000  0.538     0.00     0.00 -1 -3.79e-13      0.00 7.092e-01 2.755e-01 2.710e-03 7.399e-04 6.720e-03 -1.000 1.527e-02 3.980 6.782 5.608 4.515 3.809 3.278 2.514 1.879 1.790
0.0152 0.01508 6.00000 1.0000000000 2.4729156494    1.000  0.331  3.6589  3.694    0  0.000  0.538     0.00     0.00 -1 -3.88e-13      0.00 7.092e-01 2.755e-01 2.710e-03 7.399e-04 6.720e-03 -1.000 1.527e-02 3.941 6.698 5.546 4.461 3.762 3.237 2.480 1.851 1.763
0.0152 0.01508 6.00000 1.0174551010 2.4764974117    1.017  0.343  3.6602  3.695    0  0.000  0.538     0.00     0.00 -1 -3.85e-13      0.00 7.092e-01 2.755e-01 2.710e-03 7.399e-04 6.720e-03 -1.000 1.527e-02 3.912 6.636 5.500 4.421 3.727 3.207 2.455 1.830 1.743
0.0152 0.01508 6.00000 1.0499999523 2.4828116894    1.050  0.365  3.6627  3.697    0  0.000  0.538     0.00     0.00 -1 -3.79e-13      0.00 7.092e-01 2.755e-01 2.710e-03 7.399e-04 6.720e-03 -1.000 1.527e-02 3.858 6.523 5.415 4.348 3.664 3.150 2.407 1.791 1.705
0.0152 0.01508 6.00000 1.0586736202 2.4844193459    1.058  0.370  3.6633  3.697    0  0.000  0.538     0.00     0.00 -1 -3.77e-13      0.00 7.092e-01 2.755e-01 2.710e-03 7.399e-04 6.720e-03 -1.000 1.527e-02 3.844 6.496 5.395 4.330 3.649 3.136 2.396 1.781 1.696
0.0152 0.01508 6.00000 1.1000000238 2.4916803837    1.099  0.398  3.6663  3.698    0  0.000  0.538     0.00     0.00 -1 -3.68e-13      0.00 7.092e-01 2.755e-01 2.710e-03 7.399e-04 6.720e-03 -1.000 1.527e-02 3.775 6.357 5.290 4.239 3.569 3.064 2.335 1.730 1.647
0.0152 0.01508 6.00000 1.1499999762 2.4996678829    1.149  0.429  3.6696  3.700    0  0.000  0.538     0.00     0.00 -1 -3.54e-13      0.00 7.092e-01 2.755e-01 2.710e-03 7.399e-04 6.720e-03 -1.000 1.527e-02 3.698 6.202 5.173 4.138 3.481 2.985 2.267 1.674 1.593
0.0152 0.01508 6.00000 1.1768558025 2.5036375523    1.176  0.444  3.6713  3.702    0  0.000  0.538     0.00     0.00 -1 -3.43e-13      0.00 7.092e-01 2.755e-01 2.710e-03 7.399e-04 6.720e-03 -1.000 1.527e-02 3.660 6.126 5.115 4.088 3.438 2.946 2.234 1.647 1.566
0.0152 0.01508 6.00000 1.2000000477 2.5068950653    1.200  0.457  3.6728  3.703    0  0.000  0.538     0.00     0.00 -1 -3.35e-13      0.00 7.092e-01 2.755e-01 2.710e-03 7.399e-04 6.720e-03 -1.000 1.527e-02 3.627 6.060 5.066 4.046 3.401 2.912 2.206 1.623 1.543
0.0152 0.01508 6.00000 1.2070392370 2.5078573227    1.207  0.461  3.6732  3.703    0  0.000  0.538     0.00     0.00 -1 -3.31e-13      0.00 7.092e-01 2.755e-01 2.710e-03 7.399e-04 6.720e-03 -1.000 1.527e-02 3.618 6.042 5.053 4.034 3.391 2.903 2.198 1.617 1.537
0.0152 0.01508 6.00000 1.2500000000 2.5134611130    1.250  0.486  3.6757  3.704    0  0.000  0.538     0.00     0.00 -1 -3.15e-13      0.00 7.092e-01 2.755e-01 2.710e-03 7.399e-04 6.720e-03 -1.000 1.527e-02 3.556 5.922 4.962 3.954 3.321 2.839 2.144 1.570 1.493
0.0152 0.01508 6.00000 1.2999999523 2.5194499493    1.300  0.513  3.6785  3.705    0  0.000  0.538     0.00     0.00 -1 -2.92e-13      0.00 7.092e-01 2.755e-01 2.710e-03 7.399e-04 6.720e-03 -1.000 1.527e-02 3.488 5.791 4.862 3.868 3.245 2.770 2.084 1.520 1.444
0.0152 0.01508 6.00000 1.3500001431 2.5249314308    1.350  0.538  3.6811  3.707    0  0.000  0.538     0.00     0.00 -1 -2.65e-13      0.00 7.092e-01 2.755e-01 2.710e-03 7.399e-04 6.720e-03 -1.000 1.527e-02 3.424 5.671 4.771 3.788 3.175 2.705 2.029 1.473 1.399
0.0152 0.01508 6.00000 1.3874758482 2.5287435055    1.388  0.557  3.6830  3.707    0  0.000  0.538     0.00     0.00 -1 -2.43e-13      0.00 7.092e-01 2.755e-01 2.710e-03 7.399e-04 6.720e-03 -1.000 1.527e-02 3.378 5.587 4.706 3.730 3.124 2.658 1.989 1.439 1.365
0.0152 0.01508 6.00000 1.4000000954 2.5299651623    1.400  0.563  3.6836  3.708    0  0.000  0.538     0.00     0.00 -1 -2.36e-13      0.00 7.092e-01 2.755e-01 2.710e-03 7.399e-04 6.720e-03 -1.000 1.527e-02 3.363 5.559 4.684 3.711 3.107 2.643 1.975 1.427 1.354
0.0152 0.01508 6.00000 1.4066027403 2.5305991173    1.407  0.566  3.6839  3.708    0  0.000  0.538     0.00     0.00 -1 -2.31e-13      0.00 7.092e-01 2.755e-01 2.710e-03 7.399e-04 6.720e-03 -1.000 1.527e-02 3.355 5.545 4.673 3.702 3.099 2.635 1.969 1.422 1.348
0.0152 0.01508 6.00000 1.4500000477 2.5346016884    1.450  0.588  3.6860  3.707    0  0.000  0.538     0.00     0.00 -1 -2.05e-13      0.00 7.092e-01 2.755e-01 2.710e-03 7.399e-04 6.720e-03 -1.000 1.527e-02 3.300 5.448 4.597 3.634 3.038 2.579 1.920 1.379 1.306
0.0152 0.01508 6.00000 1.5000000000 2.5388846397    1.500  0.610  3.6882  3.709    0  0.000  0.538     0.00     0.00 -1 -1.69e-13      0.00 7.092e-01 2.755e-01 2.710e-03 7.399e-04 6.720e-03 -1.000 1.527e-02 3.244 5.347 4.519 3.566 2.977 2.523 1.872 1.338 1.266
0.0152 0.01508 6.00000 1.5212850571 2.5406098366    1.521  0.620  3.6892  3.709    0  0.000  0.538     0.00     0.00 -1 -1.52e-13      0.00 7.092e-01 2.755e-01 2.710e-03 7.399e-04 6.720e-03 -1.000 1.527e-02 3.221 5.305 4.486 3.536 2.951 2.499 1.851 1.320 1.249
0.0152 0.01508 6.00000 1.5500001907 2.5428512096    1.550  0.633  3.6904  3.709    0  0.000  0.538     0.00     0.00 -1 -1.32e-13      0.00 7.092e-01 2.755e-01 2.710e-03 7.399e-04 6.720e-03 -1.000 1.527e-02 3.188 5.246 4.440 3.496 2.915 2.466 1.822 1.295 1.224
0.0152 0.01508 6.00000 1.5620890856 2.5437664986    1.562  0.638  3.6909  3.709    0  0.000  0.538     0.00     0.00 -1  -1.2e-13      0.00 7.092e-01 2.755e-01 2.710e-03 7.399e-04 6.720e-03 -1.000 1.527e-02 3.174 5.223 4.423 3.480 2.901 2.453 1.810 1.285 1.215
0.0152 0.01508 6.00000 1.6000000238 2.5465342999    1.600  0.655  3.6925  3.709    0  0.000  0.538     0.00     0.00 -1 -9.08e-14      0.00 7.092e-01 2.755e-01 2.710e-03 7.399e-04 6.720e-03 -1.000 1.527e-02 3.133 5.151 4.367 3.431 2.857 2.411 1.774 1.254 1.184
0.0152 0.01508 6.00000 1.6017144918 2.5466558933    1.601  0.655  3.6925  3.709    0  0.000  0.538     0.00     0.00 -1 -8.87e-14      0.00 7.092e-01 2.755e-01 2.710e-03 7.399e-04 6.720e-03 -1.000 1.527e-02 3.131 5.148 4.364 3.429 2.855 2.409 1.773 1.253 1.183
0.0152 0.01508 6.00000 1.6500000954 2.5499615669    1.649  0.676  3.6945  3.709    0  0.000  0.538     0.00     0.00 -1  -4.7e-14      0.00 7.092e-01 2.755e-01 2.710e-03 7.399e-04 6.720e-03 -1.000 1.527e-02 3.079 5.057 4.293 3.366 2.799 2.357 1.727 1.213 1.144
0.0152 0.01508 6.00000 1.7000000477 2.5531582832    1.699  0.699  3.6964  3.706    0  0.000  0.538     0.00     0.00 -1    -1e-30      0.00 7.092e-01 2.755e-01 2.710e-03 7.399e-04 6.720e-03 -1.000 1.527e-02 3.022 4.962 4.218 3.299 2.738 2.300 1.676 1.168 1.100
0.0152 0.01508 6.00000 1.7500000000 2.5561456680    1.749  0.718  3.6982  3.707    0  0.000  0.538     0.00     0.00 -1    -1e-30      0.00 7.092e-01 2.755e-01 2.710e-03 7.399e-04 6.720e-03 -1.000 1.527e-02 2.974 4.877 4.153 3.241 2.686 2.252 1.635 1.132 1.065
0.0152 0.01508 6.00000 1.7639206648 2.5569427013    1.763  0.724  3.6987  3.707    0  0.000  0.538     0.00     0.00 -1    -1e-30      0.00 7.092e-01 2.755e-01 2.710e-03 7.399e-04 6.720e-03 -1.000 1.527e-02 2.960 4.853 4.134 3.224 2.671 2.237 1.622 1.121 1.054
0.0152 0.01508 6.00000 1.8000000715 2.5589430332    1.799  0.739  3.7000  3.706    0  0.000  0.538     0.00     0.00 -1    -1e-30      0.00 7.092e-01 2.755e-01 2.710e-03 7.399e-04 6.720e-03 -1.000 1.527e-02 2.922 4.789 4.084 3.179 2.631 2.200 1.589 1.091 1.025
0.0152 0.01508 6.00000 1.8500000238 2.5615673065    1.849  0.760  3.7018  3.704    0  0.000  0.538     0.00     0.00 -1    -1e-30      0.00 7.092e-01 2.755e-01 2.710e-03 7.399e-04 6.720e-03 -1.000 1.527e-02 2.870 4.706 4.017 3.120 2.576 2.149 1.544 1.051 0.986
0.0152 0.01508 6.00000 1.9000000954 2.5640332699    1.899  0.779  3.7035  3.704    0  0.000  0.538     0.00     0.00 -1    -1e-30      0.00 7.092e-01 2.755e-01 2.710e-03 7.399e-04 6.720e-03 -1.000 1.527e-02 2.823 4.627 3.955 3.065 2.526 2.102 1.503 1.015 0.950
0.0152 0.01508 6.00000 1.9087167978 2.5644478798    1.908  0.782  3.7038  3.704    0  0.000  0.538     0.00     0.00 -1    -1e-30      0.00 7.092e-01 2.755e-01 2.710e-03 7.399e-04 6.720e-03 -1.000 1.527e-02 2.816 4.615 3.945 3.056 2.518 2.094 1.496 1.009 0.945
0.0152 0.01508 6.00000 1.9500001669 2.5663545132    1.950  0.799  3.7051  3.702    0  0.000  0.538     0.00     0.00 -1    -1e-30      0.00 7.092e-01 2.755e-01 2.710e-03 7.399e-04 6.720e-03 -1.000 1.527e-02 2.774 4.547 3.891 3.007 2.474 2.052 1.459 0.975 0.912
0.0152 0.01508 6.00000 2.0000000000 2.5685424805    2.000  0.819  3.7067  3.699    0  0.000  0.538     0.00     0.00 -1    -1e-30      0.00 7.092e-01 2.755e-01 2.710e-03 7.399e-04 6.720e-03 -1.000 1.527e-02 2.721 4.465 3.825 2.948 2.419 2.001 1.412 0.933 0.871
0.0152 0.01508 6.00000 2.0499999523 2.5706083775    2.050  0.836  3.7083  3.699    0  0.000  0.538     0.00     0.00 -1    -1e-30      0.00 7.092e-01 2.755e-01 2.710e-03 7.399e-04 6.720e-03 -1.000 1.527e-02 2.681 4.395 3.770 2.899 2.376 1.960 1.377 0.903 0.841
0.0152 0.01508 6.00000 2.0638675690 2.5711610317    2.063  0.842  3.7088  3.698    0  0.000  0.538     0.00     0.00 -1    -1e-30      0.00 7.092e-01 2.755e-01 2.710e-03 7.399e-04 6.720e-03 -1.000 1.527e-02 2.666 4.372 3.752 2.883 2.360 1.946 1.364 0.891 0.829
0.0152 0.01508 6.00000 2.0999999046 2.5725615025    2.099  0.858  3.7099  3.694    0  0.000  0.538     0.00     0.00 -1    -1e-30      0.00 7.092e-01 2.755e-01 2.710e-03 7.399e-04 6.720e-03 -1.000 1.527e-02 2.625 4.311 3.702 2.837 2.318 1.905 1.327 0.857 0.796
0.0152 0.01508 6.00000 2.1500000954 2.5744106770    2.149  0.875  3.7114  3.693    0  0.000  0.538     0.00     0.00 -1    -1e-30      0.00 7.092e-01 2.755e-01 2.710e-03 7.399e-04 6.720e-03 -1.000 1.527e-02 2.584 4.242 3.647 2.789 2.274 1.864 1.291 0.826 0.765
0.0152 0.01508 6.00000 2.1717963219 2.5751862526    2.170  0.883  3.7121  3.692    0  0.000  0.538     0.00     0.00 -1    -1e-30      0.00 7.092e-01 2.755e-01 2.710e-03 7.399e-04 6.720e-03 -1.000 1.527e-02 2.564 4.211 3.622 2.766 2.253 1.844 1.274 0.810 0.750
0.0152 0.01508 6.00000 2.2000000477 2.5761635303    2.199  0.895  3.7129  3.689    0  0.000  0.538     0.00     0.00 -1    -1e-30      0.00 7.092e-01 2.755e-01 2.710e-03 7.399e-04 6.720e-03 -1.000 1.527e-02 2.532 4.164 3.584 2.731 2.220 1.813 1.245 0.784 0.724
0.0152 0.01508 6.00000 2.2500000000 2.5778269768    2.249  0.913  3.7144  3.686    0  0.000  0.538     0.00     0.00 -1    -1e-30      0.00 7.092e-01 2.755e-01 2.710e-03 7.399e-04 6.720e-03 -1.000 1.527e-02 2.487 4.093 3.527 2.680 2.173 1.768 1.205 0.749 0.689
0.0152 0.01508 6.00000 2.2999999523 2.5794074535    2.299  0.932  3.7159  3.683    0  0.000  0.538     0.00     0.00 -1    -1e-30      0.00 7.092e-01 2.755e-01 2.710e-03 7.399e-04 6.720e-03 -1.000 1.527e-02 2.440 4.020 3.468 2.627 2.124 1.722 1.164 0.712 0.653
0.0152 0.01508 6.00000 2.4000000954 2.5823426247    2.399  0.971  3.7189  3.675    0  0.000  0.538     0.00     0.00 -1    -1e-30      0.00 7.092e-01 2.755e-01 2.710e-03 7.399e-04 6.720e-03 -1.000 1.527e-02 2.343 3.871 3.347 2.517 2.023 1.626 1.078 0.634 0.576
0.0152 0.01508 6.00000 2.4835164547 2.5845866203    2.483  0.999  3.7215  3.672    0  0.000  0.538     0.00     0.00 -1    -1e-30      0.00 7.092e-01 2.755e-01 2.710e-03 7.399e-04 6.720e-03 -1.000 1.527e-02 2.273 3.759 3.258 2.438 1.951 1.558 1.018 0.582 0.525
0.0152 0.01508 6.00000 2.5999999046 2.5874414444    2.600  1.050  3.7255  3.657    0  0.000  0.538     0.00     0.00 -1    -1e-30      0.00 7.092e-01 2.755e-01 2.710e-03 7.399e-04 6.720e-03 -1.000 1.527e-02 2.145 3.566 3.099 2.295 1.818 1.432 0.905 0.479 0.424
0.0152 0.01508 6.00000 2.7721078396 2.5911588669    2.772  1.120  3.7309  3.637    0  0.000  0.538     0.00     0.00 -1    -1e-30      0.00 7.092e-01 2.755e-01 2.710e-03 7.399e-04 6.720e-03 -1.000 1.527e-02 1.970 3.305 2.884 2.102 1.639 1.261 0.751 0.340 0.287
0.0152 0.01508 6.00000 2.8000001907 2.5917119980    2.800  1.131  3.7319  3.633    0  0.000  0.538     0.00     0.00 -1    -1e-30      0.00 7.092e-01 2.755e-01 2.710e-03 7.399e-04 6.720e-03 -1.000 1.527e-02 1.941 3.263 2.849 2.070 1.609 1.233 0.726 0.317 0.264
0.0152 0.01508 6.00000 2.8091585636 2.5918908119    2.810  1.135  3.7322  3.632    0  0.000  0.538     0.00     0.00 -1    -1e-30      0.00 7.092e-01 2.755e-01 2.710e-03 7.399e-04 6.720e-03 -1.000 1.527e-02 1.932 3.249 2.837 2.059 1.599 1.224 0.718 0.310 0.257
0.0152 0.01508 6.00000 2.8915665150 2.5934419632    2.892  1.182  3.7353  3.611    0  0.000  0.538     0.00     0.00 -1    -1e-30      0.00 7.092e-01 2.755e-01 2.710e-03 7.399e-04 6.720e-03 -1.000 1.527e-02 1.816 3.086 2.699 1.934 1.482 1.111 0.615 0.215 0.163
0.0152 0.01508 6.00000 3.0000000000 2.5953342915    3.000  1.247  3.7399  3.579    0  0.000  0.538     0.00     0.00 -1    -1e-30      0.00 7.092e-01 2.755e-01 2.710e-03 7.399e-04 6.720e-03 -1.000 1.527e-02 1.652 2.854 2.502 1.754 1.314 0.951 0.468 0.080 0.030
0.0152 0.01508 6.00000 3.1335432529 2.5974593163    3.133  1.348  3.7468  3.525    0  0.000  0.538     0.00     0.00 -1    -1e-30      0.00 7.092e-01 2.755e-01 2.710e-03 7.399e-04 6.720e-03 -1.000 1.527e-02 1.400 2.501 2.203 1.483 1.060 0.709 0.246 -0.123 -0.171
0.0152 0.01508 6.00000 3.2000000477 2.5984411240    3.199  1.410  3.7510  3.489    0  0.000  0.538     0.00     0.00 -1    -1e-30      0.00 7.092e-01 2.755e-01 2.710e-03 7.399e-04 6.720e-03 -1.000 1.527e-02 1.245 2.286 2.019 1.317 0.905 0.560 0.110 -0.248 -0.294
0.0152 0.01508 6.00000 3.2455117702 2.5990867615    3.245  1.459  3.7545  3.460    0  0.000  0.538     0.00     0.00 -1    -1e-30      0.00 7.092e-01 2.755e-01 2.710e-03 7.399e-04 6.720e-03 -1.000 1.527e-02 1.122 2.121 1.873 1.185 0.781 0.442 0.002 -0.348 -0.393
0.0152 0.01508 6.00000 3.3013145924 2.5998506546    3.300  1.525  3.7594  3.421    0  0.000  0.538     0.00     0.00 -1    -1e-30      0.00 7.092e-01 2.755e-01 2.710e-03 7.399e-04 6.720e-03 -1.000 1.527e-02 0.956 1.895 1.674 1.007 0.615 0.284 -0.142 -0.480 -0.523
0.0152 0.01508 6.00000 3.3579115868 2.6005957127    3.356  1.592  3.7649  3.384    0  0.000  0.538     0.00     0.00 -1    -1e-30      0.00 7.092e-01 2.755e-01 2.710e-03 7.399e-04 6.720e-03 -1.000 1.527e-02 0.791 1.667 1.472 0.829 0.450 0.129 -0.283 -0.606 -0.648
0.0152 0.01508 6.00000 3.4000000954 2.6011312008    3.398  1.639  3.7695  3.360    0  0.000  0.538     0.00     0.00 -1    -1e-30      0.00 7.092e-01 2.755e-01 2.710e-03 7.399e-04 6.720e-03 -1.000 1.527e-02 0.672 1.500 1.324 0.700 0.332 0.019 -0.380 -0.693 -0.733
0.0152 0.01508 6.00000 3.4309203625 2.6015150547    3.429  1.674  3.7730  3.343    0  0.000  0.538     0.00     0.00 -1    -1e-30      0.00 7.092e-01 2.755e-01 2.710e-03 7.399e-04 6.720e-03 -1.000 1.527e-02 0.585 1.375 1.213 0.606 0.246 -0.060 -0.450 -0.753 -0.792
0.0152 0.01508 6.00000 3.4946799278 2.6022820473    3.493  1.745  3.7817  3.314    0  0.000  0.538     0.00     0.00 -1    -1e-30      0.00 7.092e-01 2.755e-01 2.710e-03 7.399e-04 6.720e-03 -1.000 1.527e-02 0.406 1.108 0.977 0.410 0.071 -0.220 -0.586 -0.869 -0.905
0.0152 0.01508 6.00000 3.5396187305 2.6028034687    3.537  1.797  3.7891  3.298    0  0.000  0.538     0.00     0.00 -1    -1e-30      0.00 7.092e-01 2.755e-01 2.710e-03 7.399e-04 6.720e-03 -1.000 1.527e-02 0.278 0.914 0.803 0.269 -0.052 -0.330 -0.678 -0.944 -0.977
0.0152 0.01508 6.00000 3.5819621086 2.6032810211    3.579  1.847  3.7979  3.289    0  0.000  0.538     0.00     0.00 -1    -1e-30      0.00 7.092e-01 2.755e-01 2.710e-03 7.399e-04 6.720e-03 -1.000 1.527e-02 0.153 0.719 0.625 0.132 -0.169 -0.431 -0.757 -1.004 -1.034
0.0152 0.01508 6.00000 3.6000001431 2.6034805775    3.598  1.869  3.8028  3.289    0  0.000  0.538     0.00     0.00 -1    -1e-30      0.00 7.092e-01 2.755e-01 2.710e-03 7.399e-04 6.720e-03 -1.000 1.527e-02 0.098 0.628 0.543 0.071 -0.219 -0.472 -0.787 -1.023 -1.052
0.0152 0.01508 6.00000 3.6175374985 2.6036725044    3.615  1.890  3.8079  3.290    0  0.000  0.538     0.00     0.00 -1    -1e-30      0.00 7.092e-01 2.755e-01 2.710e-03 7.399e-04 6.720e-03 -1.000 1.527e-02 0.044 0.539 0.461 0.011 -0.268 -0.512 -0.814 -1.040 -1.067
0.0152 0.01508 6.00000 3.6456117630 2.6039750576    3.643  1.926  3.8178  3.297    0  0.000  0.538     0.00     0.00 -1    -1e-30      0.00 7.092e-01 2.755e-01 2.710e-03 7.399e-04 6.720e-03 -1.000 1.527e-02 -0.044 0.393 0.321 -0.089 -0.346 -0.572 -0.851 -1.056 -1.081
0.0152 0.01508 6.00000 3.6702587605 2.6042363644    3.668  1.958  3.8278  3.308    0  0.000  0.538     0.00     0.00 -1    -1e-30      0.00 7.092e-01 2.755e-01 2.710e-03 7.399e-04 6.720e-03 -1.000 1.527e-02 -0.124 0.266 0.195 -0.179 -0.415 -0.624 -0.879 -1.063 -1.086
0.0152 0.01508 6.00000 3.6931107044 2.6044750214    3.691  1.988  3.8377  3.320    0  0.000  0.538     0.00     0.00 -1    -1e-30      0.00 7.092e-01 2.755e-01 2.710e-03 7.399e-04 6.720e-03 -1.000 1.527e-02 -0.200 0.152 0.077 -0.263 -0.479 -0.669 -0.902 -1.066 -1.088
0.0152 0.01508 6.00000 3.7151057720 2.6047015190    3.713  2.017  3.8476  3.333    0  0.000  0.538     0.00     0.00 -1    -1e-30      0.00 7.092e-01 2.755e-01 2.710e-03 7.399e-04 6.720e-03 -1.000 1.527e-02 -0.274 0.044 -0.038 -0.345 -0.540 -0.711 -0.922 -1.067 -1.087
0.0152 0.01508 6.00000 3.7364077568 2.6049180031    3.734  2.047  3.8575  3.346    0  0.000  0.538     0.00     0.00 -1    -1e-30      0.00 7.092e-01 2.755e-01 2.710e-03 7.399e-04 6.720e-03 -1.000 1.527e-02 -0.347 -0.059 -0.149 -0.424 -0.598 -0.750 -0.939 -1.066 -1.085
0.0152 0.01508 6.00000 3.7571022511 2.6051256657    3.755  2.075  3.8675  3.359    0  0.000  0.538     0.00     0.00 -1    -1e-30      0.00 7.092e-01 2.755e-01 2.710e-03 7.399e-04 6.720e-03 -1.000 1.527e-02 -0.418 -0.157 -0.256 -0.500 -0.652 -0.786 -0.954 -1.063 -1.081
0.0152 0.01508 6.00000 3.7772374153 2.6053252220    3.775  2.104  3.8775  3.373    0  0.000  0.538     0.00     0.00 -1    -1e-30      0.00 7.092e-01 2.755e-01 2.710e-03 7.399e-04 6.720e-03 -1.000 1.527e-02 -0.489 -0.253 -0.361 -0.572 -0.703 -0.819 -0.967 -1.059 -1.075
0.0152 0.01508 6.00000 3.7968604565 2.6055173874    3.795  2.132  3.8874  3.387    0  0.000  0.538     0.00     0.00 -1    -1e-30      0.00 7.092e-01 2.755e-01 2.710e-03 7.399e-04 6.720e-03 -1.000 1.527e-02 -0.559 -0.346 -0.464 -0.641 -0.751 -0.848 -0.977 -1.054 -1.069
0.0152 0.01508 6.00000 3.8000001907 2.6055479050    3.798  2.136  3.8891  3.390    0  0.000  0.538     0.00     0.00 -1    -1e-30      0.00 7.092e-01 2.755e-01 2.710e-03 7.399e-04 6.720e-03 -1.000 1.527e-02 -0.571 -0.361 -0.480 -0.652 -0.758 -0.853 -0.979 -1.053 -1.067
0.0152 0.01508 6.00000 3.8170437813 2.6057126522    3.815  2.161  3.8981  3.403    0  0.000  0.538     0.00     0.00 -1    -1e-30      0.00 7.092e-01 2.755e-01 2.710e-03 7.399e-04 6.720e-03 -1.000 1.527e-02 -0.633 -0.444 -0.566 -0.707 -0.796 -0.876 -0.985 -1.047 -1.061
0.0152 0.01508 6.00000 3.8350877762 2.6058850288    3.834  2.188  3.9080  3.418    0  0.000  0.538     0.00     0.00 -1    -1e-30      0.00 7.092e-01 2.755e-01 2.710e-03 7.399e-04 6.720e-03 -1.000 1.527e-02 -0.699 -0.532 -0.653 -0.764 -0.835 -0.899 -0.991 -1.041 -1.052
0.0152 0.01508 6.00000 3.8527340889 2.6060519218    3.852  2.214  3.9178  3.433    0  0.000  0.538     0.00     0.00 -1    -1e-30      0.00 7.092e-01 2.755e-01 2.710e-03 7.399e-04 6.720e-03 -1.000 1.527e-02 -0.765 -0.620 -0.731 -0.815 -0.870 -0.920 -0.995 -1.033 -1.044
0.0152 0.01508 6.00000 3.8700215816 2.6062138081    3.869  2.240  3.9276  3.448    0  0.000  0.538     0.00     0.00 -1    -1e-30      0.00 7.092e-01 2.755e-01 2.710e-03 7.399e-04 6.720e-03 -1.000 1.527e-02 -0.829 -0.706 -0.801 -0.862 -0.902 -0.939 -0.997 -1.026 -1.034
0.0152 0.01508 6.00000 3.8869783878 2.6063709259    3.886  2.265  3.9375  3.465    0  0.000  0.538     0.00     0.00 -1    -1e-30      0.00 7.092e-01 2.755e-01 2.710e-03 7.399e-04 6.720e-03 -1.000 1.527e-02 -0.892 -0.789 -0.862 -0.901 -0.929 -0.955 -0.997 -1.017 -1.023
0.0152 0.01508 6.00000 3.9036276340 2.6065237522    3.903  2.290  3.9474  3.481    0  0.000  0.538     0.00     0.00 -1    -1e-30      0.00 7.092e-01 2.755e-01 2.710e-03 7.399e-04 6.720e-03 -1.000 1.527e-02 -0.955 -0.867 -0.914 -0.933 -0.951 -0.967 -0.995 -1.008 -1.012
0.0152 0.01508 6.00000 3.9199926853 2.6066722870    3.920  2.314  3.9573  3.498    0  0.000  0.538     0.00     0.00 -1    -1e-30      0.00 7.092e-01 2.755e-01 2.710e-03 7.399e-04 6.720e-03 -1.000 1.527e-02 -1.016 -0.939 -0.959 -0.960 -0.969 -0.977 -0.990 -0.997 -0.998
0.0152 0.01508 6.00000 3.9414050579 2.6068646908    3.941  2.346  3.9705  3.521    0  0.000  0.538     0.00     0.00 -1    -1e-30      0.00 7.092e-01 2.755e-01 2.710e-03 7.399e-04 6.720e-03 -1.000 1.527e-02 -1.096 -1.028 -1.008 -0.988 -0.987 -0.985 -0.981 -0.981 -0.978
0.0152 0.01508 6.00000 3.9623889923 2.6070511341    3.963  2.377  3.9837  3.546    0  0.000  0.538     0.00     0.00 -1    -1e-30      0.00 7.092e-01 2.755e-01 2.710e-03 7.399e-04 6.720e-03 -1.000 1.527e-02 -1.174 -1.107 -1.046 -1.010 -1.001 -0.990 -0.969 -0.963 -0.956
0.0152 0.01508 6.00000 3.9829938412 2.6072316170    3.983  2.408  3.9970  3.571    0  0.000  0.538     0.00     0.00 -1    -1e-30      0.00 7.092e-01 2.755e-01 2.710e-03 7.399e-04 6.720e-03 -1.000 1.527e-02 -1.249 -1.180 -1.077 -1.026 -1.011 -0.992 -0.955 -0.943 -0.932
0.0152 0.01508 6.00000 4.0000000000 2.6073791981    4.001  2.432  4.0082  3.593    0  0.000  0.538     0.00     0.00 -1    -1e-30      0.00 7.092e-01 2.755e-01 2.710e-03 7.399e-04 6.720e-03 -1.000 1.527e-02 -1.311 -1.236 -1.097 -1.035 -1.016 -0.991 -0.941 -0.925 -0.911
0.0152 0.01508 6.00000 4.0138430595 2.6074981689    4.014  2.452  4.0175  3.611    0  0.000  0.538     0.00     0.00 -1    -1e-30      0.00 7.092e-01 2.755e-01 2.710e-03 7.399e-04 6.720e-03 -1.000 1.527e-02 -1.361 -1.279 -1.110 -1.041 -1.018 -0.989 -0.928 -0.909 -0.892
0.0152 0.01508 6.00000 4.0331192017 2.6076624393    4.033  2.480  4.0307  3.639    0  0.000  0.538     0.00     0.00 -1    -1e-30      0.00 7.092e-01 2.755e-01 2.710e-03 7.399e-04 6.720e-03 -1.000 1.527e-02 -1.430 -1.336 -1.124 -1.046 -1.019 -0.984 -0.908 -0.884 -0.864
0.0152 0.01508 6.00000 4.0522589684 2.6078236103    4.052  2.506  4.0439  3.667    0  0.000  0.538     0.00     0.00 -1    -1e-30      0.00 7.092e-01 2.755e-01 2.710e-03 7.399e-04 6.720e-03 -1.000 1.527e-02 -1.496 -1.387 -1.132 -1.046 -1.016 -0.975 -0.885 -0.857 -0.833
0.0152 0.01508 6.00000 4.0713129044 2.6079823971    4.071  2.532  4.0572  3.696    0  0.000  0.538     0.00     0.00 -1    -1e-30      0.00 7.092e-01 2.755e-01 2.710e-03 7.399e-04 6.720e-03 -1.000 1.527e-02 -1.560 -1.432 -1.136 -1.043 -1.009 -0.963 -0.859 -0.828 -0.801
0.0152 0.01508 6.00000 4.0903415680 2.6081392765    4.090  2.557  4.0705  3.727    0  0.000  0.538     0.00     0.00 -1    -1e-30      0.00 7.092e-01 2.755e-01 2.710e-03 7.399e-04 6.720e-03 -1.000 1.527e-02 -1.622 -1.473 -1.136 -1.035 -0.999 -0.948 -0.831 -0.795 -0.766
0.0152 0.01508 6.00000 4.1094188690 2.6082947254    4.108  2.581  4.0839  3.758    0  0.000  0.538     0.00     0.00 -1    -1e-30      0.00 7.092e-01 2.755e-01 2.710e-03 7.399e-04 6.720e-03 -1.000 1.527e-02 -1.682 -1.507 -1.131 -1.024 -0.984 -0.929 -0.799 -0.760 -0.728
0.0152 0.01508 6.00000 4.1286253929 2.6084496975    4.127  2.604  4.0973  3.791    0  0.000  0.538     0.00     0.00 -1    -1e-30      0.00 7.092e-01 2.755e-01 2.710e-03 7.399e-04 6.720e-03 -1.000 1.527e-02 -1.739 -1.534 -1.121 -1.008 -0.965 -0.905 -0.763 -0.721 -0.686
0.0152 0.01508 6.00000 4.1480731964 2.6086051464    4.146  2.625  4.1108  3.826    0  0.000  0.538     0.00     0.00 -1    -1e-30      0.00 7.092e-01 2.755e-01 2.710e-03 7.399e-04 6.720e-03 -1.000 1.527e-02 -1.793 -1.555 -1.107 -0.987 -0.941 -0.877 -0.724 -0.678 -0.641
0.0152 0.01508 6.00000 4.1679525375 2.6087620258    4.166  2.645  4.1242  3.862    0  0.000  0.538     0.00     0.00 -1    -1e-30      0.00 7.092e-01 2.755e-01 2.710e-03 7.399e-04 6.720e-03 -1.000 1.527e-02 -1.843 -1.567 -1.087 -0.961 -0.912 -0.843 -0.679 -0.630 -0.591
0.0152 0.01508 6.00000 4.1886453629 2.6089236736    4.187  2.663  4.1376  3.899    0  0.000  0.538     0.00     0.00 -1    -1e-30      0.00 7.092e-01 2.755e-01 2.710e-03 7.399e-04 6.720e-03 -1.000 1.527e-02 -1.887 -1.573 -1.061 -0.929 -0.876 -0.803 -0.629 -0.577 -0.535
0.0152 0.01508 6.00000 4.1999998093 2.6090114117    4.198  2.671  4.1446  3.920    0  0.000  0.538     0.00     0.00 -1    -1e-30      0.00 7.092e-01 2.755e-01 2.710e-03 7.399e-04 6.720e-03 -1.000 1.527e-02 -1.907 -1.571 -1.044 -0.909 -0.855 -0.779 -0.600 -0.547 -0.503
0.0152 0.01508 6.00000 4.2058291435 2.6090564728    4.204  2.675  4.1482  3.931    0  0.000  0.538     0.00     0.00 -1    -1e-30      0.00 7.092e-01 2.755e-01 2.710e-03 7.399e-04 6.720e-03 -1.000 1.527e-02 -1.917 -1.571 -1.035 -0.898 -0.843 -0.767 -0.585 -0.530 -0.487
0.0152 0.01508 6.00000 4.2168650627 2.6091408730    4.215  2.681  4.1545  3.952    0  0.000  0.538     0.00     0.00 -1    -1e-30      0.00 7.092e-01 2.755e-01 2.710e-03 7.399e-04 6.720e-03 -1.000 1.527e-02 -1.932 -1.564 -1.015 -0.876 -0.819 -0.741 -0.554 -0.498 -0.454
0.0152 0.01508 6.00000 4.2288045883 2.6092319489    4.227  2.681  4.1595  3.973    0  0.000  0.538     0.00     0.00 -1    -1e-30      0.00 7.092e-01 2.755e-01 2.710e-03 7.399e-04 6.720e-03 -1.000 1.527e-02 -1.932 -1.547 -0.988 -0.846 -0.788 -0.708 -0.518 -0.461 -0.415
0.0152 0.01508 6.00000 4.2625479698 2.6094858646    4.260  2.663  4.1684  4.030    0  0.000  0.538     0.00     0.00 -1    -1e-30      0.00 7.092e-01 2.755e-01 2.710e-03 7.399e-04 6.720e-03 -1.000 1.527e-02 -1.887 -1.470 -0.894 -0.749 -0.689 -0.605 -0.409 -0.350 -0.303
0.0152 0.01508 6.00000 4.2867436409 2.6096651554    4.284  2.637  4.1708  4.067    0  0.000  0.538     0.00     0.00 -1    -1e-30      0.00 7.092e-01 2.755e-01 2.710e-03 7.399e-04 6.720e-03 -1.000 1.527e-02 -1.824 -1.397 -0.817 -0.672 -0.611 -0.526 -0.329 -0.269 -0.222
0.0152 0.01508 6.00000 4.3059406281 2.6098058224    4.303  2.611  4.1701  4.093    0  0.000  0.538     0.00     0.00 -1    -1e-30      0.00 7.092e-01 2.755e-01 2.710e-03 7.399e-04 6.720e-03 -1.000 1.527e-02 -1.758 -1.332 -0.754 -0.610 -0.549 -0.465 -0.268 -0.209 -0.161
0.0152 0.01508 6.00000 4.3245711327 2.6099407673    4.322  2.585  4.1684  4.114    0  0.000  0.538     0.00     0.00 -1    -1e-30      0.00 7.092e-01 2.755e-01 2.710e-03 7.399e-04 6.720e-03 -1.000 1.527e-02 -1.693 -1.271 -0.698 -0.555 -0.494 -0.411 -0.215 -0.156 -0.109
0.0152 0.01508 6.00000 4.3452205658 2.6100890636    4.342  2.560  4.1662  4.132    0  0.000  0.538     0.00     0.00 -1    -1e-30      0.00 7.092e-01 2.755e-01 2.710e-03 7.399e-04 6.720e-03 -1.000 1.527e-02 -1.631 -1.214 -0.646 -0.505 -0.445 -0.362 -0.167 -0.109 -0.062
0.0152 0.01508 6.00000 4.3843002319 2.6103649139    4.381  2.539  4.1651  4.153    0  0.000  0.538     0.00     0.00 -1    -1e-30      0.00 7.092e-01 2.755e-01 2.710e-03 7.399e-04 6.720e-03 -1.000 1.527e-02 -1.578 -1.164 -0.599 -0.459 -0.399 -0.316 -0.123 -0.064 -0.018
0.0152 0.01508 6.00000 4.4000000954 2.6104743481    4.397  2.534  4.1650  4.160    0  0.000  0.538     0.00     0.00 -1    -1e-30      0.00 7.092e-01 2.755e-01 2.710e-03 7.399e-04 6.720e-03 -1.000 1.527e-02 -1.564 -1.149 -0.585 -0.445 -0.385 -0.302 -0.109 -0.050 -0.004
0.0152 0.01508 6.00000 4.4148182869 2.6105766296    4.412  2.528  4.1649  4.166    0  0.000  0.538     0.00     0.00 -1    -1e-30      0.00 7.092e-01 2.755e-01 2.710e-03 7.399e-04 6.720e-03 -1.000 1.527e-02 -1.549 -1.134 -0.571 -0.432 -0.371 -0.289 -0.095 -0.037 0.009
0.0152 0.01508 6.00000 4.4886188507 2.6110746861    4.486  2.577  4.1795  4.183    0  0.000  0.538     0.00     0.00 -1    -1e-30      0.00 7.092e-01 2.755e-01 2.710e-03 7.399e-04 6.720e-03 -1.000 1.527e-02 -1.672 -1.210 -0.615 -0.469 -0.405 -0.318 -0.114 -0.052 -0.004
0.0152 0.01508 6.00000 4.5384583473 2.6114006042    4.536  2.627  4.1949  4.199    0  0.000  0.538     0.00     0.00 -1    -1e-30      0.00 7.092e-01 2.755e-01 2.710e-03 7.399e-04 6.720e-03 -1.000 1.527e-02 -1.797 -1.281 -0.655 -0.502 -0.434 -0.343 -0.128 -0.064 -0.012
0.0152 0.01508 6.00000 4.5709195137 2.6116082668    4.568  2.663  4.2070  4.214    0  0.000  0.538     0.00     0.00 -1    -1e-30      0.00 7.092e-01 2.755e-01 2.710e-03 7.399e-04 6.720e-03 -1.000 1.527e-02 -1.888 -1.329 -0.680 -0.521 -0.450 -0.354 -0.132 -0.065 -0.011
0.0152 0.01508 6.00000 4.5960946083 2.6117672920    4.593  2.690  4.2166  4.229    0  0.000  0.538     0.00     0.00 -1    -1e-30      0.00 7.092e-01 2.755e-01 2.710e-03 7.399e-04 6.720e-03 -1.000 1.527e-02 -1.954 -1.359 -0.693 -0.529 -0.456 -0.358 -0.129 -0.060 -0.005
0.0152 0.01508 6.00000 4.5999999046 2.6117916107    4.598  2.693  4.2180  4.231    0  0.000  0.538     0.00     0.00 -1    -1e-30      0.00 7.092e-01 2.755e-01 2.710e-03 7.399e-04 6.720e-03 -1.000 1.527e-02 -1.963 -1.363 -0.694 -0.530 -0.456 -0.357 -0.127 -0.058 -0.003
0.0152 0.01508 6.00000 4.6195220947 2.6119132042    4.617  2.711  4.2251  4.244    0  0.000  0.538     0.00     0.00 -1    -1e-30      0.00 7.092e-01 2.755e-01 2.710e-03 7.399e-04 6.720e-03 -1.000 1.527e-02 -2.007 -1.380 -0.698 -0.531 -0.455 -0.354 -0.120 -0.049 0.008
0.0152 0.01508 6.00000 4.6549234390 2.6121308804    4.653  2.725  4.2338  4.268    0  0.000  0.538     0.00     0.00 -1    -1e-30      0.00 7.092e-01 2.755e-01 2.710e-03 7.399e-04 6.720e-03 -1.000 1.527e-02 -2.043 -1.383 -0.685 -0.514 -0.437 -0.333 -0.093 -0.020 0.038
0.0152 0.01508 6.00000 4.7192916870 2.6125166416    4.717  2.722  4.2413  4.307    0  0.000  0.538     0.00     0.00 -1    -1e-30      0.00 7.092e-01 2.755e-01 2.710e-03 7.399e-04 6.720e-03 -1.000 1.527e-02 -2.035 -1.345 -0.635 -0.462 -0.382 -0.276 -0.031 0.043 0.102
0.0152 0.01508 6.00000 4.7711791992 2.6128189564    4.769  2.710  4.2420  4.327    0  0.000  0.538     0.00     0.00 -1    -1e-30      0.00 7.092e-01 2.755e-01 2.710e-03 7.399e-04 6.720e-03 -1.000 1.527e-02 -2.004 -1.310 -0.600 -0.426 -0.347 -0.240 0.005 0.079 0.138
0.0152 0.01508 6.00000 4.8000001907 2.6129837036    4.798  2.710  4.2422  4.330    0  0.000  0.538     0.00     0.00 -1    -1e-30      0.00 7.092e-01 2.755e-01 2.710e-03 7.399e-04 6.720e-03 -1.000 1.527e-02 -2.005 -1.309 -0.599 -0.425 -0.346 -0.239 0.006 0.080 0.140
0.0152 0.01508 6.00000 4.8757505417 2.6134059429    4.874  2.709  4.2428  4.340    0  0.000  0.538     0.00     0.00 -1    -1e-30      0.00 7.092e-01 2.755e-01 2.710e-03 7.399e-04 6.720e-03 -1.000 1.527e-02 -2.002 -1.304 -0.592 -0.419 -0.339 -0.232 0.013 0.088 0.147
0.0152 0.01508 6.00000 4.9201083183 2.6136462688    4.919  2.713  4.2437  4.343    0  0.000  0.538     0.00     0.00 -1    -1e-30      0.00 7.092e-01 2.755e-01 2.710e-03 7.399e-04 6.720e-03 -1.000 1.527e-02 -2.014 -1.312 -0.599 -0.426 -0.345 -0.239 0.008 0.082 0.142
0.0152 0.01508 6.00000 5.0000000000 2.6140668392    4.999  2.738  4.2478  4.342    0  0.000  0.538     0.00     0.00 -1    -1e-30      0.00 7.092e-01 2.755e-01 2.710e-03 7.399e-04 6.720e-03 -1.000 1.527e-02 -2.075 -1.359 -0.639 -0.463 -0.381 -0.273 -0.024 0.051 0.111
0.0152 0.01508 6.00000 5.1999998093 2.6150546074    5.200  2.799  4.2580  4.339    0  0.000  0.538     0.00     0.00 -1    -1e-30      0.00 7.092e-01 2.755e-01 2.710e-03 7.399e-04 6.720e-03 -1.000 1.527e-02 -2.228 -1.473 -0.735 -0.554 -0.470 -0.359 -0.104 -0.027 0.036
0.0152 0.01508 6.00000 5.3999996185 2.6159586906    5.401  2.857  4.2677  4.336    0  0.000  0.538     0.00     0.00 -1    -1e-30      0.00 7.092e-01 2.755e-01 2.710e-03 7.399e-04 6.720e-03 -1.000 1.527e-02 -2.373 -1.583 -0.828 -0.642 -0.556 -0.442 -0.180 -0.101 -0.037
0.0152 0.01508 6.00000 5.5999994278 2.6167888641    5.601  2.913  4.2771  4.333    0  0.000  0.538     0.00     0.00 -1    -1e-30      0.00 7.092e-01 2.755e-01 2.710e-03 7.399e-04 6.720e-03 -1.000 1.527e-02 -2.513 -1.688 -0.916 -0.726 -0.638 -0.521 -0.253 -0.172 -0.107
0.0152 0.01508 6.00000 5.7781233788 2.6174728870    5.779  2.961  4.2849  4.331    0  0.000  0.538     0.00     0.00 -1    -1e-30      0.00 7.092e-01 2.755e-01 2.710e-03 7.399e-04 6.720e-03 -1.000 1.527e-02 -2.632 -1.778 -0.993 -0.799 -0.709 -0.589 -0.317 -0.234 -0.167
0.0152 0.01508 6.00000 5.8000001907 2.6175537109    5.801  2.967  4.2858  4.330    0  0.000  0.538     0.00     0.00 -1    -1e-30      0.00 7.092e-01 2.755e-01 2.710e-03 7.399e-04 6.720e-03 -1.000 1.527e-02 -2.646 -1.788 -1.002 -0.808 -0.717 -0.597 -0.325 -0.242 -0.175
0.0152 0.01508 6.00000 6.0000000000 2.6182601452    6.000  3.018  4.2941  4.326    1  0.000  0.538     0.00     0.00 -1    -1e-30      0.00 7.092e-01 2.755e-01 2.710e-03 7.399e-04 6.720e-03 -1.000 1.527e-02 -2.775 -1.887 -1.086 -0.889 -0.796 -0.673 -0.395 -0.311 -0.242
0.0152 0.01508 6.00000 6.1999998093 2.6189143658    6.200  3.068  4.3026  4.325    0  0.000  0.538     0.00     0.00 -1    -1e-30      0.00 7.092e-01 2.755e-01 2.710e-03 7.399e-04 6.720e-03 -1.000 1.527e-02 -2.900 -1.980 -1.166 -0.964 -0.869 -0.744 -0.461 -0.374 -0.304
0.0152 0.01508 6.00000 6.4000000954 2.6195218563    6.399  3.116  4.3104  4.322    0  0.000  0.538     0.00     0.00 -1    -1e-30      0.00 7.092e-01 2.755e-01 2.710e-03 7.399e-04 6.720e-03 -1.000 1.527e-02 -3.019 -2.071 -1.243 -1.038 -0.941 -0.814 -0.526 -0.438 -0.366
0.0152 0.01508 6.00000 7.0000000000 2.6211071014    6.996  3.249  4.3318  4.313    0  0.000  0.538     0.00     0.00 -1    -1e-30      0.00 7.092e-01 2.755e-01 2.710e-03 7.399e-04 6.720e-03 -1.000 1.527e-02 -3.353 -2.325 -1.462 -1.248 -1.146 -1.012 -0.711 -0.618 -0.542
0.0152 0.01508 6.00000 8.0000000000 2.6231517792    8.001  3.444  4.3629  4.300    1  0.000  0.538     0.00     0.00 -1    -1e-30      0.00 7.092e-01 2.755e-01 2.710e-03 7.399e-04 6.720e-03 -1.000 1.527e-02 -3.841 -2.700 -1.787 -1.561 -1.452 -1.309 -0.989 -0.889 -0.807
0.0152 0.01508 6.00000 9.0000000000 2.6246831417    8.995  3.613  4.3890  4.287    1  0.000  0.538     0.00     0.00 -1    -1e-30      0.00 7.092e-01 2.755e-01 2.710e-03 7.399e-04 6.720e-03 -1.000 1.527e-02 -4.263 -3.027 -2.073 -1.837 -1.723 -1.573 -1.238 -1.132 -1.045
0.0152 0.01508 6.00000 9.7950038910 2.6256475449    9.792  3.732  4.4074  4.278    1  0.000  0.538     0.00     0.00 -1    -1e-30      0.00 7.092e-01 2.755e-01 2.710e-03 7.399e-04 6.720e-03 -1.000 1.527e-02 -4.560 -3.246 -2.239 -1.970 -1.859 -1.727 -1.385 -1.296 -1.213
0.0152 0.01508 6.00000 10.0000000000 2.6258678436    9.998  3.761  4.4118  4.276    1  0.000  0.538     0.00     0.00 -1    -1e-30      0.00 7.092e-01 2.755e-01 2.710e-03 7.399e-04 6.720e-03 -1.000 1.527e-02 -4.633 -3.295 -2.286 -2.015 -1.901 -1.767 -1.425 -1.337 -1.254
0.0152 0.01508 6.00000 11.0000000000 2.6268081665   11.001  3.893  4.4312  4.264    1  0.000  0.538     0.00     0.00 -1    -1e-30      0.00 7.092e-01 2.755e-01 2.710e-03 7.399e-04 6.720e-03 -1.000 1.527e-02 -4.961 -3.551 -2.521 -2.246 -2.127 -1.984 -1.631 -1.543 -1.455
0.0152 0.01508 6.00000 12.0000000000 2.6275708675   12.001  4.011  4.4494  4.255    1  0.000  0.538     0.00     0.00 -1    -1e-30      0.00 7.092e-01 2.755e-01 2.710e-03 7.399e-04 6.720e-03 -1.000 1.527e-02 -5.258 -3.828 -2.768 -2.499 -2.383 -2.237 -1.861 -1.755 -1.655
0.0152 0.01508 6.00000 14.0000000000 2.6287269592   13.989  4.216  4.4792  4.237    0  0.000  0.545     0.00     0.00 -1 -3.12e-09      0.00 7.092e-01 2.755e-01 2.746e-03 7.408e-04 6.719e-03 -1.000 1.527e-02 -5.769 -4.185 -3.109 -2.818 -2.685 -2.519 -2.119 -2.013 -1.935
0.0152 0.01508 6.00000 16.0000000000 2.6295573711   15.994  4.387  4.5035  4.221    0  0.000  0.545     0.00     0.00 -1 -7.54e-09      0.00 7.092e-01 2.755e-01 2.746e-03 7.408e-04 6.719e-03 -1.000 1.527e-02 -6.197 -4.531 -3.432 -3.131 -2.997 -2.833 -2.441 -2.330 -2.225
0.0152 0.01508 6.00000 18.0000000000 2.6301794052   17.974  4.534  4.5242  4.208    0  0.000  0.545     0.00     0.00 -1 -1.54e-08      0.00 7.092e-01 2.755e-01 2.746e-03 7.408e-04 6.719e-03 -1.000 1.527e-02 -6.564 -4.814 -3.696 -3.399 -3.267 -3.099 -2.697 -2.570 -2.454
0.0152 0.01508 6.00000 20.0000000000 2.6306605339   19.969  4.661  4.5414  4.195    0  0.000  0.545     0.00     0.00 -1 -2.83e-08      0.00 7.092e-01 2.755e-01 2.746e-03 7.408e-04 6.719e-03 -1.000 1.527e-02 -6.882 -5.013 -3.881 -3.576 -3.450 -3.288 -2.889 -2.761 -2.644
0.0152 0.01508 6.00000 20.8896312714 2.6308407784   20.852  4.711  4.5481  4.190    0  0.000  0.545     0.00     0.00 -1 -3.55e-08      0.00 7.092e-01 2.755e-01 2.746e-03 7.408e-04 6.719e-03 -1.000 1.527e-02 -7.008 -5.094 -3.957 -3.649 -3.525 -3.364 -2.967 -2.839 -2.721
0.0152 0.01508 6.00000 24.0000000000 2.6313521862   23.932  4.872  4.5693  4.174    0  0.000  0.545     0.00     0.00 -1 -7.38e-08      0.00 7.092e-01 2.755e-01 2.746e-03 7.408e-04 6.719e-03 -1.000 1.527e-02 -7.410 -5.413 -4.267 -3.969 -3.841 -3.671 -3.254 -3.122 -3.017
0.0152 0.01508 6.00000 28.0000000000 2.6318216324   27.845  5.041  4.5902  4.154    0  0.000  0.545     0.00     0.00 -1  -1.5e-07      0.00 7.092e-01 2.755e-01 2.746e-03 7.408e-04 6.719e-03 -1.000 1.527e-02 -7.833 -5.743 -4.589 -4.274 -4.134 -3.952 -3.536 -3.409 -3.305
0.0152 0.01508 6.00000 30.0000000000 2.6320033073   29.795  5.114  4.5989  4.145    0  0.000  0.545     0.00     0.00 -1 -2.05e-07      0.00 7.092e-01 2.755e-01 2.746e-03 7.408e-04 6.719e-03 -1.000 1.527e-02 -8.016 -5.875 -4.718 -4.403 -4.263 -4.082 -3.667 -3.540 -3.434
0.0152 0.01508 6.00000 32.2842407227 2.6321792603   32.010  5.189  4.6073  4.136    0  0.000  0.545     0.00     0.00 -1 -2.77e-07      0.00 7.092e-01 2.755e-01 2.746e-03 7.408e-04 6.719e-03 -1.000 1.527e-02 -8.202 -6.006 -4.846 -4.534 -4.394 -4.214 -3.802 -3.676 -3.569
0.0152 0.01508 6.00000 35.0000000000 2.6323544979   34.631  5.271  4.6165  4.124    0  0.000  0.545     0.00     0.00 -1 -3.86e-07      0.00 7.092e-01 2.755e-01 2.746e-03 7.408e-04 6.719e-03 -1.000 1.527e-02 -8.408 -6.153 -4.991 -4.679 -4.541 -4.361 -3.949 -3.825 -3.719
0.0152 0.01508 6.00000 40.0000000000 2.6326069832   39.422  5.400  4.6296  4.104    0  0.000  0.545     0.00     0.00 -1  -6.3e-07      0.00 7.092e-01 2.755e-01 2.746e-03 7.408e-04 6.719e-03 -1.000 1.527e-02 -8.730 -6.400 -5.237 -4.925 -4.786 -4.605 -4.195 -4.075 -3.971
0.0152 0.01508 6.00000 41.0769729614 2.6326520443   40.448  5.425  4.6319  4.100    0  0.000  0.545     0.00     0.00 -1 -6.91e-07      0.00 7.092e-01 2.755e-01 2.746e-03 7.408e-04 6.719e-03 -1.000 1.527e-02 -8.792 -6.449 -5.286 -4.974 -4.835 -4.654 -4.245 -4.126 -4.022
0.0152 0.01508 6.00000 45.0000000000 2.6327958107   44.161  5.509  4.6396  4.085    0  0.000  0.545     0.00     0.00 -1 -9.49e-07      0.00 7.092e-01 2.755e-01 2.746e-03 7.408e-04 6.719e-03 -1.000 1.527e-02 -9.003 -6.621 -5.457 -5.145 -5.006 -4.824 -4.419 -4.304 -4.200
0.0152 0.01508 6.00000 50.0000000000 2.6329421997   48.822  5.602  4.6474  4.066    0  0.000  0.545     0.00     0.00 -1 -1.33e-06      0.00 7.092e-01 2.755e-01 2.746e-03 7.408e-04 6.719e-03 -1.000 1.527e-02 -9.235 -6.799 -5.629 -5.316 -5.179 -4.997 -4.593 -4.478 -4.385
0.0152 0.01508 6.00000 55.0000076294 2.6330580711   53.412  5.684  4.6531  4.046    0  0.000  0.545     0.00     0.00 -1 -1.78e-06      0.00 7.092e-01 2.755e-01 2.746e-03 7.408e-04 6.719e-03 -1.000 1.527e-02 -9.439 -6.976 -5.805 -5.493 -5.356 -5.173 -4.770 -4.655 -4.564
0.0152 0.01508 6.00000 57.9372558594 2.6331157684   56.083  5.727  4.6558  4.035    0  0.000  0.545     0.00     0.00 -1 -2.07e-06      0.00 7.092e-01 2.755e-01 2.746e-03 7.408e-04 6.719e-03 -1.000 1.527e-02 -9.547 -7.070 -5.900 -5.588 -5.451 -5.269 -4.865 -4.750 -4.658
0.0152 0.01508 6.00000 60.0000000000 2.6331522465   57.953  5.756  4.6575  4.027    0  0.000  0.545     0.00     0.00 -1 -2.29e-06      0.00 7.092e-01 2.755e-01 2.746e-03 7.408e-04 6.719e-03 -1.000 1.527e-02 -9.619 -7.135 -5.964 -5.652 -5.516 -5.334 -4.929 -4.814 -4.722
0.0152 0.01508 6.00000 65.0000000000 2.6332299709   62.405  5.819  4.6606  4.009    0  0.000  0.545     0.00     0.00 -1 -2.87e-06      0.00 7.092e-01 2.755e-01 2.746e-03 7.408e-04 6.719e-03 -1.000 1.527e-02 -9.778 -7.278 -6.107 -5.797 -5.661 -5.479 -5.073 -4.957 -4.864
0.0152 0.01508 6.00000 70.0000000000 2.6332950592   66.918  5.878  4.6630  3.989    0  0.000  0.545     0.00     0.00 -1 -3.51e-06      0.00 7.092e-01 2.755e-01 2.746e-03 7.408e-04 6.719e-03 -1.000 1.527e-02 -9.926 -7.414 -6.244 -5.935 -5.799 -5.618 -5.212 -5.096 -5.003
0.0152 0.01508 6.00000 79.1133728027 2.6333894730   74.808  5.970  4.6649  3.954    0  0.000  0.545     0.00     0.00 -1 -4.81e-06      0.00 7.092e-01 2.755e-01 2.746e-03 7.408e-04 6.719e-03 -1.000 1.527e-02 -10.155 -7.630 -6.461 -6.153 -6.018 -5.838 -5.433 -5.317 -5.223
0.0152 0.01508 6.00000 80.0000000000 2.6333973408   75.571  5.978  4.6650  3.950    0  0.000  0.545     0.00     0.00 -1 -4.95e-06      0.00 7.092e-01 2.755e-01 2.746e-03 7.408e-04 6.719e-03 -1.000 1.527e-02 -10.175 -7.650 -6.481 -6.173 -6.038 -5.859 -5.453 -5.337 -5.243
0.0152 0.01508 6.00000 90.0000000000 2.6334741116   84.298  6.065  4.6647  3.909    0  0.000  0.545     0.00     0.00 -1 -6.66e-06      0.00 7.092e-01 2.755e-01 2.746e-03 7.408e-04 6.719e-03 -1.000 1.527e-02 -10.394 -7.868 -6.699 -6.392 -6.258 -6.079 -5.674 -5.558 -5.463
0.0152 0.01508 6.00000 95.0000000000 2.6335055828   88.528  6.104  4.6636  3.887    0  0.000  0.545     0.00     0.00 -1  -7.6e-06      0.00 7.092e-01 2.755e-01 2.746e-03 7.408e-04 6.719e-03 -1.000 1.527e-02 -10.490 -7.968 -6.801 -6.494 -6.360 -6.181 -5.777 -5.661 -5.567
0.0152 0.01508 6.00000 100.0000000000 2.6335334778   92.714  6.140  4.6621  3.866    0  0.000  0.545     0.00     0.00 -1 -8.62e-06      0.00 7.092e-01 2.755e-01 2.746e-03 7.408e-04 6.719e-03 -1.000 1.527e-02 -10.580 -8.065 -6.898 -6.591 -6.457 -6.278 -5.876 -5.761 -5.666
0.0152 0.01508 6.00000 120.0000152588 2.6336188316  108.972  6.263  4.6519  3.772    0  0.000  0.519     0.00     0.00 -1  -1.3e-05      0.00 7.090e-01 2.757e-01 2.589e-03 9.653e-04 6.673e-03 -1.000 1.529e-02 -10.887 -8.452 -7.302 -7.016 -6.910 -6.750 -6.420 -6.361 -6.344
0.0152 0.01508 6.00000 141.8663177490 2.6336188316  126.179  6.370  4.6531  3.733    0  0.000  0.162     0.00     0.00 -1 -1.85e-05      0.00 6.881e-01 2.967e-01 6.884e-04 5.992e-03 3.488e-03 -1.000 1.522e-02 -11.156 -8.716 -7.568 -7.286 -7.183 -7.025 -6.704 -6.652 -6.643
0.0152 0.01508 6.00000 150.0000000000 2.6336188316  132.443  6.406  4.6541  3.722    0  0.000  0.050     0.00     0.00 -1 -2.09e-05      0.00 6.795e-01 3.054e-01 8.136e-05 7.762e-03 2.282e-03 -1.000 1.518e-02 -11.245 -8.799 -7.651 -7.369 -7.266 -7.108 -6.785 -6.732 -6.724
0.0152 0.01508 6.00000 176.4316253662 2.6336188316  151.182  6.504  4.6688  3.741    0  0.000  0.276     0.00     0.00 -1 -2.81e-05      0.00 6.327e-01 3.522e-01 8.841e-05 8.266e-03 1.701e-03 -1.000 1.513e-02 -11.489 -8.893 -7.726 -7.413 -7.297 -7.119 -6.760 -6.675 -6.643
0.0152 0.01508 6.00000 200.0000305176 2.6336188316  168.197  6.579  4.6786  3.751    0  0.000  0.403     0.00     0.00 -1 -3.55e-05      0.00 6.025e-01 3.825e-01 9.779e-05 9.075e-03 7.654e-04 -1.000 1.500e-02 -11.678 -9.013 -7.847 -7.534 -7.422 -7.244 -6.894 -6.815 -6.792
0.0152 0.01508 6.00000 239.5027160645 2.6336188316  196.969  6.683  4.6923  3.770    0  0.000  0.619     0.00     0.00 -1 -4.72e-05      0.00 5.661e-01 4.189e-01 1.037e-04 9.461e-03 3.165e-04 -1.000 1.495e-02 -11.938 -9.176 -8.011 -7.697 -7.590 -7.412 -7.072 -6.998 -6.987
0.0152 0.01508 6.00000 250.0000000000 2.6336188316  204.430  6.708  4.6959  3.776    0  0.000  0.681     0.00     0.00 -1 -5.05e-05      0.00 5.566e-01 4.285e-01 1.048e-04 9.519e-03 2.489e-04 -1.000 1.492e-02 -12.000 -9.213 -8.048 -7.734 -7.628 -7.450 -7.114 -7.041 -7.033
0.0152 0.01508 6.00000 300.0000305176 2.6336188316  240.957  6.812  4.7110  3.804    0  0.000  0.983     0.00     0.00 -1 -6.62e-05      0.00 5.173e-01 4.678e-01 1.076e-04 9.603e-03 1.516e-04 -1.000 1.493e-02 -12.261 -9.370 -8.206 -7.890 -7.789 -7.610 -7.285 -7.219 -7.223
0.0152 0.01508 6.00000 350.0000000000 2.6336188316  276.195  6.898  4.7252  3.834    0  0.000  1.138     0.00     0.00 -1 -8.14e-05      0.00 4.831e-01 5.020e-01 1.097e-04 9.623e-03 1.292e-04  6.343 1.491e-02 -12.475 -9.527 -8.374 -8.065 -7.971 -7.781 -7.421 -7.364 -7.502
0.0152 0.01508 6.00000 350.0002441406 2.6336188316  272.188  6.898  4.7242  3.824    0  0.000  1.179     0.00     0.00 -1 -7.08e-05      0.00 4.665e-01 5.186e-01 1.169e-04 9.604e-03 1.415e-04  6.284 1.490e-02 -12.474 -9.521 -8.363 -8.055 -7.957 -7.767 -7.398 -7.334 -7.448
0.0152 0.01508 6.00000 350.0006713867 2.6336188316  264.883  6.897  4.7231  3.808    0  0.000  1.218     0.00     0.00 -1 -5.66e-05      0.00 4.355e-01 5.497e-01 1.287e-04 9.569e-03 1.658e-04  5.928 1.487e-02 -12.473 -9.511 -8.345 -8.038 -7.933 -7.743 -7.362 -7.287 -7.368
0.0152 0.01508 6.00000 350.0010681152 2.6336188316  257.363  6.897  4.7229  3.795    0  0.000  1.245     0.00     0.00 -1 -4.56e-05      0.00 4.032e-01 5.819e-01 1.399e-04 9.540e-03 1.897e-04 -1.000 1.492e-02 -12.473 -9.506 -8.336 -8.030 -7.921 -7.730 -7.342 -7.261 -7.320
0.0152 0.01508 6.00000 350.0014343262 2.6336188316  249.398  6.897  4.7235  3.784    0  0.000  1.268     0.00     0.00 -1 -3.73e-05      0.00 3.688e-01 6.163e-01 1.508e-04 9.508e-03 2.130e-04 -1.000 1.493e-02 -12.472 -9.498 -8.308 -7.993 -7.874 -7.695 -7.306 -7.207 -7.171
0.0152 0.01508 6.00000 350.0017700195 2.6336188316  241.443  6.897  4.7243  3.774    0  0.000  1.291     0.00     0.00 -1  -3.1e-05      0.00 3.353e-01 6.497e-01 1.607e-04 9.479e-03 2.341e-04 -1.000 1.493e-02 -12.471 -9.491 -8.301 -7.986 -7.868 -7.688 -7.299 -7.200 -7.165
0.0152 0.01508 6.00000 350.0018310547 2.6336188316  237.125  6.892  4.7280  3.785    0  0.000  1.300     0.00     0.00 -1 -6.44e-05      0.00 3.220e-01 6.631e-01 1.623e-04 9.474e-03 2.368e-04 -1.000 1.493e-02 -12.459 -9.457 -8.276 -7.954 -7.842 -7.661 -7.292 -7.207 -7.212
0.0152 0.01508 6.00000 350.0019531250 2.6336188316  226.637  6.873  4.7273  3.781    0  0.000  1.305     0.00     0.00 -1 -5.83e-05      0.00 3.101e-01 6.749e-01 1.656e-04 9.464e-03 2.444e-04 -1.000 1.498e-02 -12.414 -9.416 -8.234 -7.913 -7.800 -7.619 -7.246 -7.158 -7.157
0.0152 0.01508 6.00000 350.0020751953 2.6336188316  216.426  6.855  4.7279  3.781    0  0.000  1.311     0.00     0.00 -1 -7.32e-05      0.00 2.964e-01 6.886e-01 1.689e-04 9.459e-03 2.516e-04 -1.000 1.498e-02 -12.368 -9.369 -8.194 -7.869 -7.762 -7.582 -7.228 -7.154 -7.183
0.0152 0.01508 6.00000 350.0021972656 2.6336188316  206.285  6.837  4.7291  3.784    0  0.000  1.319     0.00     0.00 -1 -0.000108      0.00 2.813e-01 7.037e-01 1.723e-04 9.449e-03 2.589e-04 -1.000 1.494e-02 -12.321 -9.337 -8.181 -7.854 -7.762 -7.588 -7.282 -7.235 -7.319
0.0152 0.01508 6.00000 350.0022888184 2.6336188316  192.145  6.809  4.7380  3.816    0  0.000  1.340     0.00     0.00 -1 -0.000125      0.00 2.495e-01 7.355e-01 1.760e-04 9.440e-03 2.655e-04 -1.000 1.494e-02 -12.254 -9.227 -8.086 -7.756 -7.675 -7.505 -7.230 -7.198 -7.314
0.0152 0.01508 6.00000 350.0024108887 2.6336188316  175.463  6.767  4.7379  3.819    0  0.000  1.343     0.00     0.00 -1 -0.000106      0.00 2.356e-01 7.494e-01 1.789e-04 9.431e-03 2.724e-04 -1.000 1.498e-02 -12.147 -9.113 -7.967 -7.637 -7.553 -7.382 -7.097 -7.061 -7.169
0.0152 0.01508 6.00000 350.0025024414 2.6336188316  160.223  6.723  4.7366  3.818    0  0.000  1.343     0.00     0.00 -1 -8.96e-05      0.00 2.244e-01 7.606e-01 1.817e-04 9.422e-03 2.795e-04 -1.000 1.498e-02 -12.038 -9.006 -7.856 -7.527 -7.439 -7.267 -6.972 -6.931 -7.029
0.0152 0.01508 6.00000 350.0026245117 2.6336188316  145.941  6.678  4.7353  3.817    0  0.000  1.341     0.00     0.00 -1 -7.53e-05      0.00 2.130e-01 7.720e-01 1.845e-04 9.413e-03 2.868e-04 -1.000 1.498e-02 -11.926 -8.898 -7.743 -7.414 -7.322 -7.149 -6.844 -6.798 -6.885
0.0152 0.01508 6.00000 350.0027465820 2.6336188316  133.006  6.634  4.7343  3.817    0  0.000  1.341     0.00     0.00 -1 -6.34e-05      0.00 2.017e-01 7.834e-01 1.874e-04 9.404e-03 2.939e-04 -1.000 1.498e-02 -11.815 -8.788 -7.628 -7.300 -7.205 -7.030 -6.715 -6.664 -6.741
0.0152 0.01508 6.00000 350.0028381348 2.6336188316  121.214  6.590  4.7334  3.818    0  0.000  1.342     0.00     0.00 -1 -5.35e-05      0.00 1.901e-01 7.950e-01 1.903e-04 9.395e-03 3.011e-04 -1.000 1.498e-02 -11.704 -8.677 -7.513 -7.185 -7.087 -6.910 -6.586 -6.530 -6.597
0.0152 0.01508 6.00000 350.0029602051 2.6336188316  110.718  6.546  4.7325  3.818    0  0.000  1.342     0.00     0.00 -1 -4.51e-05      0.00 1.789e-01 8.062e-01 1.932e-04 9.385e-03 3.080e-04 -1.000 1.494e-02 -11.595 -8.571 -7.404 -7.077 -6.976 -6.799 -6.467 -6.406 -6.463
0.0152 0.01508 6.00000 350.0030517578 2.6336188316  101.110  6.502  4.7317  3.820    0  0.000  1.342     0.00     0.00 -1 -3.77e-05      0.00 1.675e-01 8.175e-01 1.960e-04 9.377e-03 3.149e-04 -1.000 1.498e-02 -11.485 -8.463 -7.293 -6.967 -6.864 -6.685 -6.345 -6.279 -6.325
0.0152 0.01508 6.00000 350.0031433105 2.6336188316   92.542  6.459  4.7311  3.822    0  0.000  1.344     0.00     0.00 -1 -3.22e-05      0.00 1.565e-01 8.285e-01 1.989e-04 9.368e-03 3.215e-04 -1.000 1.494e-02 -11.377 -8.357 -7.185 -6.859 -6.754 -6.575 -6.228 -6.158 -6.196
0.0152 0.01508 6.00000 350.0032653809 2.6336188316   84.533  6.414  4.7305  3.825    0  0.000  1.348     0.00     0.00 -1 -2.71e-05      0.00 1.451e-01 8.399e-01 2.019e-04 9.363e-03 3.283e-04 -1.000 1.498e-02 -11.266 -8.247 -7.072 -6.747 -6.639 -6.459 -6.104 -6.029 -6.057
0.0152 0.01508 6.00000 350.0033569336 2.6336188316   77.366  6.371  4.7301  3.828    0  0.000  1.353     0.00     0.00 -1 -2.31e-05      0.00 1.338e-01 8.511e-01 2.048e-04 9.354e-03 3.348e-04 -1.000 1.502e-02 -11.158 -8.140 -6.962 -6.638 -6.529 -6.349 -5.988 -5.909 -5.930
0.0152 0.01508 6.00000 350.0034790039 2.6336188316   70.528  6.326  4.7296  3.831    0  0.000  1.360     0.00     0.00 -1 -1.93e-05      0.00 1.220e-01 8.629e-01 2.081e-04 9.345e-03 3.416e-04 -1.000 1.504e-02 -11.045 -8.031 -6.852 -6.529 -6.418 -6.238 -5.871 -5.789 -5.800
0.0152 0.01508 6.00000 350.0035705566 2.6336188316   64.334  6.282  4.7300  3.837    0  0.000  1.371     0.00     0.00 -1 -1.61e-05      0.00 1.101e-01 8.749e-01 2.114e-04 9.336e-03 3.481e-04 -1.000 1.498e-02 -10.935 -7.918 -6.737 -6.415 -6.302 -6.121 -5.749 -5.663 -5.665
0.0152 0.01508 6.00000 350.0036621094 2.6336188316   58.809  6.239  4.7311  3.845    0  0.000  1.386     0.00     0.00 -1 -1.38e-05      0.00 9.831e-02 8.867e-01 2.149e-04 9.327e-03 3.544e-04 -1.000 1.498e-02 -10.827 -7.803 -6.620 -6.299 -6.185 -6.004 -5.628 -5.539 -5.535
0.0152 0.01508 6.00000 350.0037536621 2.6336188316   54.195  6.200  4.7328  3.856    0  0.000  1.404     0.00     0.00 -1 -1.19e-05      0.00 8.738e-02 8.977e-01 2.183e-04 9.319e-03 3.600e-04 -1.000 1.496e-02 -10.729 -7.693 -6.509 -6.188 -6.073 -5.891 -5.511 -5.420 -5.409
0.0152 0.01508 6.00000 350.0038452148 2.6336188316   49.957  6.161  4.7357  3.871    0  0.000  1.430     0.00     0.00 -1 -1.01e-05      0.00 7.636e-02 9.087e-01 2.220e-04 9.310e-03 3.652e-04 -1.000 1.495e-02 -10.632 -7.576 -6.389 -6.069 -5.954 -5.771 -5.388 -5.295 -5.278
0.0152 0.01508 6.00000 350.0039367676 2.6336188316   46.526  6.127  4.7399  3.891    0  0.000  1.459     0.00     0.00 -1 -8.86e-06      0.00 6.676e-02 9.183e-01 2.256e-04 9.303e-03 3.696e-04 -1.000 1.498e-02 -10.547 -7.462 -6.274 -5.955 -5.838 -5.656 -5.271 -5.176 -5.157
0.0152 0.01508 6.00000 350.0039978027 2.6336188316   43.784  6.098  4.7462  3.918    0  0.000  1.494     0.00     0.00 -1 -7.98e-06      0.00 5.848e-02 9.265e-01 2.291e-04 9.292e-03 3.731e-04 -1.000 1.497e-02 -10.476 -7.347 -6.158 -5.839 -5.722 -5.538 -5.152 -5.057 -5.037
0.0152 0.01508 6.00000 350.0040588379 2.6336188316   42.059  6.080  4.7533  3.947    0  0.000  1.518     0.00     0.00 -1  -7.4e-06      0.00 5.433e-02 9.307e-01 2.315e-04 9.288e-03 3.755e-04 -1.000 1.500e-02 -10.430 -7.251 -6.060 -5.742 -5.625 -5.440 -5.052 -4.957 -4.935
0.0152 0.01508 6.00000 350.0040893555 2.6336188316   40.118  6.075  4.8226  4.209    0  0.000  1.541     0.00     0.00 -1 -7.05e-06      0.00 5.105e-02 9.339e-01 2.340e-04 9.282e-03 3.784e-04 -1.000 1.501e-02 -10.418 -6.742 -5.539 -5.236 -5.122 -4.904 -4.516 -4.421 -4.398
0.0152 0.01508 6.00000 350.0041198730 2.6336188316   39.145  6.081  4.9055  4.524    0  0.000  1.408     0.00     0.00 -1 -7.22e-06      0.00 4.614e-02 9.388e-01 2.216e-04 9.300e-03 3.791e-04 -1.000 1.501e-02 -10.431 -6.162 -4.947 -4.677 -4.571 -4.297 -3.919 -3.837 -3.821
0.0152 0.01508 6.00000 350.0041503906 2.6336188316   38.512  6.100  5.0472  5.064    0  0.000  1.407     0.00     0.00 -1 -7.55e-06      0.00 4.257e-02 9.424e-01 2.220e-04 9.302e-03 3.798e-04 -1.000 1.501e-02 -10.480 -5.392 -4.179 -3.857 -3.736 -3.558 -3.225 -3.181 -3.212
0.0152 0.01508 6.00000 350.0042114258 2.6336188316   36.158  6.060  5.0705  5.170    0  0.000  1.766     0.00     0.00 -1  -6.6e-06      0.00 3.097e-02 9.540e-01 2.480e-04 9.265e-03 3.791e-04 -1.000 1.501e-02 -10.379 -5.188 -3.965 -3.636 -3.512 -3.343 -3.014 -2.975 -3.013
0.0152 0.01508 6.00000 350.0042724609 2.6336188316   33.779  6.025  5.0718  5.181    0  0.000 53.809     0.00     0.00 -1 -5.54e-06      0.00 3.027e-02 9.253e-01 2.704e-02 5.078e-03 7.820e-04 10.862 4.446e-02 -10.293 -5.092 -3.868 -3.538 -3.413 -3.244 -2.915 -2.874 -2.910
0.0152 0.01508 6.00000 350.0043640137 2.6336188316   31.097  5.987  5.0682  5.168    0  0.000 35.506     0.00     0.00 -1 -3.46e-06      0.00 3.098e-02 7.843e-01 1.581e-01 3.237e-05 6.958e-03 11.614 1.848e-01 -10.199 -5.020 -3.776 -3.459 -3.343 -3.137 -2.764 -2.707 -2.716
0.0152 0.01508 6.00000 350.0045166016 2.6336188316   28.509  5.955  5.0664  5.155    0  0.000 16.831     0.00     0.00 -1 -2.15e-06      0.00 3.202e-02 6.582e-01 2.675e-01 3.345e-05 2.262e-02 11.814 3.097e-01 -10.118 -4.905 -3.655 -3.333 -3.210 -3.003 -2.619 -2.548 -2.531
0.0152 0.01508 6.00000 350.0046386719 2.6336188316   26.787  5.937  5.0698  5.160    0  0.000 10.127     0.00     0.00 -1 -1.41e-06      0.00 3.297e-02 5.542e-01 3.474e-01 3.444e-05 4.571e-02 11.898 4.129e-01 -10.073 -4.824 -3.567 -3.241 -3.112 -2.907 -2.518 -2.443 -2.415
0.0152 0.01508 6.00000 350.0047607422 2.6336188316   25.705  5.931  5.0814  5.195    0  0.000  6.212     0.00     0.00 -1 -8.36e-07      0.00 3.382e-02 4.297e-01 4.258e-01 3.533e-05 9.075e-02 11.945 5.365e-01 -10.057 -4.764 -3.498 -3.166 -3.036 -2.836 -2.448 -2.377 -2.357
0.0152 0.01508 6.00000 350.0048217773 2.6336188316   25.285  5.936  5.1031  5.270    0  0.000  5.506     0.00     0.00 -1 -8.22e-07      0.00 3.427e-02 4.025e-01 4.395e-01 3.580e-05 1.038e-01 11.944 5.632e-01 -10.069 -4.713 -3.440 -3.101 -2.972 -2.786 -2.409 -2.350 -2.348
0.0152 0.01508 6.00000 350.0048522949 2.6336188316   25.089  6.037  5.2515  5.759    3  0.000  5.268     0.00     0.00 -1 -1.93e-06      0.00 3.444e-02 3.928e-01 4.434e-01 3.597e-05 1.095e-01 11.942 5.728e-01 -10.322 -5.575 -4.562 -4.378 -4.458 -4.347 -4.263 -4.351 -4.657
#isochrone terminated
