# File generated by CMD 3.3 (http://stev.oapd.inaf.it/cmd) on Thu Sep 19 13:32:13 CEST 2019
# isochrones based on PARSEC release v1.2S +  COLIBRI S_35
# Basic references: Bressan et al. (2012), MNRAS, 427, 127 + Chen et al. (2014, 2015), MNRAS, 444, 2525 + MNRAS, 452, 1068 + Tang et al. (2014), MNRAS, 445, 4287 + Marigo et al. (2017), ApJ, 835, 77 + Pastorelli al. (2019), MNRAS in press
# Thermal pulse cycles included 
# On RGB, assumed Reimers mass loss with efficiency eta=0.2
# Photometric system: <i>UBVRIJHK</i> (cf. Maiz-Apellaniz 2006 + Bessell 1990)
# Using YBC version of bolometric corrections as in Chen et al. (2019)
# O-rich circumstellar dpmod60alox40 dust from Groenewegen (2006)
# C-rich circumstellar AMCSIC15 dust from Groenewegen (2006)
# IMF: Kroupa (2001, 2002) + Kroupa et al. (2013) canonical two-part-power law IMF corrected for unresolved binaries 
# Kind of output: isochrone tables
# Zini     MH   logAge Mini        int_IMF         Mass   logL    logTe  logg  label   McoreTP C_O  period0 period1 pmode  Mloss  tau1m   X   Y   Xc  Xn  Xo  Cexcess  Z 	 mbolmag  Umag    Bmag    Vmag    Rmag    Imag    Jmag    Hmag    Kmag
0.0152 0.01508 4.00000 0.0900000036 1.0816895962    0.090 -0.510  3.4375  2.604    0  0.000  0.545     0.00     0.00 -1 -6.05e-15      0.00 7.092e-01 2.755e-01 2.746e-03 7.408e-04 6.719e-03 -1.000 1.527e-02 6.044 11.818 11.131 9.913 8.283 6.356 4.013 3.418 3.064
0.0152 0.01508 4.00000 0.1000000015 1.1711064577    0.100 -0.414  3.4418  2.572    0  0.000  0.545     0.00     0.00 -1 -3.83e-13      0.00 7.092e-01 2.755e-01 2.746e-03 7.408e-04 6.719e-03 -1.000 1.527e-02 5.806 11.509 10.825 9.626 8.014 6.097 3.778 3.166 2.829
0.0152 0.01508 4.00000 0.1200000122 1.3193155527    0.120 -0.230  3.4550  2.519    0  0.000  0.545     0.00     0.00 -1 -1.19e-12      0.00 7.092e-01 2.755e-01 2.746e-03 7.408e-04 6.719e-03 -1.000 1.527e-02 5.346 10.885 10.185 9.041 7.474 5.583 3.336 2.654 2.370
0.0152 0.01508 4.00000 0.1400000006 1.4384527206    0.140 -0.054  3.4737  2.485    0  0.000  0.545     0.00     0.00 -1 -1.72e-12      0.00 7.092e-01 2.755e-01 2.746e-03 7.408e-04 6.719e-03 -1.000 1.527e-02 4.905 10.302 9.533 8.442 6.934 5.072 2.943 2.148 1.918
0.0152 0.01508 4.00000 0.1511580795 1.4956978559    0.151  0.030  3.4838  2.474    0  0.000  0.545     0.00     0.00 -1 -2.03e-12      0.00 7.092e-01 2.755e-01 2.746e-03 7.408e-04 6.719e-03 -1.000 1.527e-02 4.695 10.048 9.237 8.172 6.686 4.834 2.755 1.912 1.701
0.0152 0.01508 4.00000 0.1727226079 1.5921695232    0.173  0.171  3.5003  2.457    0  0.000  0.545     0.00     0.00 -1 -2.68e-12      0.00 7.092e-01 2.755e-01 2.746e-03 7.408e-04 6.719e-03 -1.000 1.527e-02 4.342 9.631 8.727 7.692 6.251 4.421 2.440 1.539 1.348
0.0152 0.01508 4.00000 0.1939888149 1.6730782986    0.194  0.295  3.5139  2.438    0  0.000  0.545     0.00     0.00 -1 -3.44e-12      0.00 7.092e-01 2.755e-01 2.746e-03 7.408e-04 6.719e-03 -1.000 1.527e-02 4.033 9.244 8.217 7.174 5.803 4.018 2.170 1.240 1.054
0.0152 0.01508 4.00000 0.2126915455 1.7352414131    0.213  0.385  3.5239  2.429    0  0.000  0.545     0.00     0.00 -1 -4.08e-12      0.00 7.092e-01 2.755e-01 2.746e-03 7.408e-04 6.719e-03 -1.000 1.527e-02 3.809 8.951 7.807 6.743 5.443 3.707 1.976 1.035 0.851
0.0152 0.01508 4.00000 0.2378658652 1.8085167408    0.238  0.493  3.5356  2.416    0  0.000  0.545     0.00     0.00 -1 -5.03e-12      0.00 7.092e-01 2.755e-01 2.746e-03 7.408e-04 6.719e-03 -1.000 1.527e-02 3.537 8.597 7.277 6.157 4.962 3.320 1.744 0.799 0.618
0.0152 0.01508 4.00000 0.2596095800 1.8641256094    0.260  0.577  3.5444  2.405    0  0.000  0.545     0.00     0.00 -1 -5.91e-12      0.00 7.092e-01 2.755e-01 2.746e-03 7.408e-04 6.719e-03 -1.000 1.527e-02 3.328 8.319 6.857 5.679 4.565 3.024 1.566 0.623 0.445
0.0152 0.01508 4.00000 0.2957448959 1.9443131685    0.296  0.695  3.5564  2.392    0  0.000  0.545     0.00     0.00 -1 -7.37e-12      0.00 7.092e-01 2.755e-01 2.746e-03 7.408e-04 6.719e-03 -1.000 1.527e-02 3.034 7.902 6.275 5.026 4.011 2.626 1.313 0.382 0.211
0.0152 0.01508 4.00000 0.3000000119 1.9529139996    0.300  0.708  3.5577  2.390    0  0.000  0.545     0.00     0.00 -1 -7.57e-12      0.00 7.092e-01 2.755e-01 2.746e-03 7.408e-04 6.719e-03 -1.000 1.527e-02 3.000 7.854 6.211 4.955 3.950 2.582 1.283 0.355 0.184
0.0152 0.01508 4.00000 0.3246324360 1.9997663498    0.325  0.772  3.5642  2.386    0  0.000  0.545     0.00     0.00 -1 -8.47e-12      0.00 7.092e-01 2.755e-01 2.746e-03 7.408e-04 6.719e-03 -1.000 1.527e-02 2.839 7.608 5.903 4.618 3.653 2.378 1.143 0.226 0.060
0.0152 0.01508 4.00000 0.3500000238 2.0434176922    0.350  0.836  3.5703  2.380    0  0.000  0.545     0.00     0.00 -1 -9.51e-12      0.00 7.092e-01 2.755e-01 2.746e-03 7.408e-04 6.719e-03 -1.000 1.527e-02 2.681 7.367 5.614 4.304 3.373 2.184 1.003 0.097 -0.064
0.0152 0.01508 4.00000 0.3597447872 2.0591058731    0.360  0.857  3.5723  2.378    0  0.000  0.545     0.00     0.00 -1 -9.88e-12      0.00 7.092e-01 2.755e-01 2.746e-03 7.408e-04 6.719e-03 -1.000 1.527e-02 2.627 7.281 5.521 4.206 3.283 2.121 0.955 0.053 -0.106
0.0152 0.01508 4.00000 0.4000000358 2.1185026169    0.400  0.945  3.5798  2.367    0  0.000  0.545     0.00     0.00 -1 -1.16e-11      0.00 7.092e-01 2.755e-01 2.746e-03 7.408e-04 6.719e-03 -1.000 1.527e-02 2.409 6.946 5.158 3.825 2.930 1.870 0.756 -0.127 -0.280
0.0152 0.01508 4.00000 0.4324635565 2.1610083580    0.432  1.004  3.5849  2.361    0  0.000  0.545     0.00     0.00 -1 -1.29e-11      0.00 7.092e-01 2.755e-01 2.746e-03 7.408e-04 6.719e-03 -1.000 1.527e-02 2.260 6.707 4.921 3.583 2.700 1.704 0.620 -0.248 -0.397
0.0152 0.01508 4.00000 0.4500000477 2.1822810173    0.450  1.036  3.5873  2.357    0  0.000  0.545     0.00     0.00 -1 -1.37e-11      0.00 7.092e-01 2.755e-01 2.746e-03 7.408e-04 6.719e-03 -1.000 1.527e-02 2.181 6.585 4.800 3.459 2.582 1.618 0.548 -0.313 -0.460
0.0152 0.01508 4.00000 0.4808891714 2.2172493935    0.481  1.084  3.5913  2.354    0  0.000  0.545     0.00     0.00 -1 -1.48e-11      0.00 7.092e-01 2.755e-01 2.746e-03 7.408e-04 6.719e-03 -1.000 1.527e-02 2.061 6.390 4.612 3.270 2.402 1.486 0.438 -0.411 -0.554
0.0152 0.01508 4.00000 0.5000000000 2.2374541759    0.500  1.114  3.5935  2.349    0  0.000  0.545     0.00     0.00 -1 -1.57e-11      0.00 7.092e-01 2.755e-01 2.746e-03 7.408e-04 6.719e-03 -1.000 1.527e-02 1.985 6.271 4.501 3.160 2.297 1.405 0.367 -0.474 -0.616
0.0152 0.01508 4.00000 0.5103537440 2.2478790283    0.510  1.128  3.5946  2.348    0  0.000  0.545     0.00     0.00 -1  -1.6e-11      0.00 7.092e-01 2.755e-01 2.746e-03 7.408e-04 6.719e-03 -1.000 1.527e-02 1.950 6.213 4.448 3.108 2.247 1.366 0.335 -0.504 -0.644
0.0152 0.01508 4.00000 0.5392472744 2.2745511532    0.539  1.169  3.5975  2.342    0  0.000  0.545     0.00     0.00 -1 -1.72e-11      0.00 7.092e-01 2.755e-01 2.746e-03 7.408e-04 6.719e-03 -1.000 1.527e-02 1.847 6.052 4.298 2.960 2.106 1.256 0.239 -0.590 -0.728
0.0152 0.01508 4.00000 0.5500000119 2.2836582661    0.550  1.184  3.5987  2.341    0  0.000  0.545     0.00     0.00 -1 -1.77e-11      0.00 7.092e-01 2.755e-01 2.746e-03 7.408e-04 6.719e-03 -1.000 1.527e-02 1.810 5.992 4.243 2.906 2.053 1.216 0.204 -0.621 -0.757
0.0152 0.01508 4.00000 0.5583847761 2.2904806137    0.558  1.194  3.5994  2.340    0  0.000  0.545     0.00     0.00 -1  -1.8e-11      0.00 7.092e-01 2.755e-01 2.746e-03 7.408e-04 6.719e-03 -1.000 1.527e-02 1.785 5.951 4.205 2.869 2.018 1.189 0.181 -0.641 -0.777
0.0152 0.01508 4.00000 0.5936660171 2.3167757988    0.593  1.238  3.6025  2.335    0  0.000  0.545     0.00     0.00 -1 -1.94e-11      0.00 7.092e-01 2.755e-01 2.746e-03 7.408e-04 6.719e-03 -1.000 1.527e-02 1.675 5.775 4.048 2.717 1.873 1.073 0.079 -0.734 -0.867
0.0152 0.01508 4.00000 0.6000000238 2.3211214542    0.600  1.246  3.6031  2.334    0  0.000  0.545     0.00     0.00 -1 -1.97e-11      0.00 7.092e-01 2.755e-01 2.746e-03 7.408e-04 6.719e-03 -1.000 1.527e-02 1.654 5.743 4.019 2.689 1.846 1.051 0.059 -0.751 -0.884
0.0152 0.01508 4.00000 0.6296511292 2.3401348591    0.630  1.280  3.6053  2.330    0  0.000  0.545     0.00     0.00 -1 -2.09e-11      0.00 7.092e-01 2.755e-01 2.746e-03 7.408e-04 6.719e-03 -1.000 1.527e-02 1.570 5.610 3.901 2.575 1.737 0.962 -0.020 -0.823 -0.954
0.0152 0.01508 4.00000 0.6499999762 2.3520355225    0.650  1.304  3.6069  2.327    0  0.000  0.545     0.00     0.00 -1 -2.18e-11      0.00 7.092e-01 2.755e-01 2.746e-03 7.408e-04 6.719e-03 -1.000 1.527e-02 1.511 5.519 3.819 2.496 1.662 0.900 -0.076 -0.873 -1.002
0.0152 0.01508 4.00000 0.6732842326 2.3646428585    0.673  1.328  3.6084  2.324    0  0.000  0.545     0.00     0.00 -1 -2.27e-11      0.00 7.092e-01 2.755e-01 2.746e-03 7.408e-04 6.719e-03 -1.000 1.527e-02 1.451 5.425 3.736 2.415 1.584 0.836 -0.132 -0.924 -1.052
0.0152 0.01508 4.00000 0.7000000477 2.3779268265    0.700  1.356  3.6101  2.320    0  0.000  0.545     0.00     0.00 -1 -2.39e-11      0.00 7.092e-01 2.755e-01 2.746e-03 7.408e-04 6.719e-03 -1.000 1.527e-02 1.380 5.316 3.639 2.321 1.494 0.761 -0.199 -0.986 -1.112
0.0152 0.01508 4.00000 0.7350687385 2.3936898708    0.735  1.416  3.6144  2.298    0  0.000  0.540     0.00     0.00 -1 -2.75e-11      0.00 7.092e-01 2.755e-01 2.720e-03 7.402e-04 6.720e-03 -1.000 1.527e-02 1.230 5.072 3.429 2.122 1.306 0.603 -0.340 -1.112 -1.234
0.0152 0.01508 4.00000 0.7500000000 2.3998889923    0.750  1.442  3.6160  2.287    0  0.000  0.538     0.00     0.00 -1 -2.93e-11      0.00 7.092e-01 2.755e-01 2.710e-03 7.399e-04 6.720e-03 -1.000 1.527e-02 1.164 4.970 3.340 2.037 1.226 0.535 -0.402 -1.167 -1.289
0.0152 0.01508 4.00000 0.7792522311 2.4112458229    0.779  1.466  3.6175  2.286    0  0.000  0.538     0.00     0.00 -1 -3.03e-11      0.00 7.092e-01 2.755e-01 2.710e-03 7.399e-04 6.720e-03 -1.000 1.527e-02 1.105 4.875 3.259 1.961 1.153 0.473 -0.457 -1.217 -1.337
0.0152 0.01508 4.00000 0.8000000119 2.4187245369    0.800  1.483  3.6186  2.285    0  0.000  0.538     0.00     0.00 -1 -3.11e-11      0.00 7.092e-01 2.755e-01 2.710e-03 7.399e-04 6.720e-03 -1.000 1.527e-02 1.064 4.808 3.202 1.907 1.102 0.429 -0.497 -1.253 -1.372
0.0152 0.01508 4.00000 0.8500000238 2.4350347519    0.850  1.521  3.6209  2.281    0  0.000  0.538     0.00     0.00 -1 -3.32e-11      0.00 7.092e-01 2.755e-01 2.710e-03 7.399e-04 6.720e-03 -1.000 1.527e-02 0.966 4.656 3.072 1.784 0.986 0.328 -0.589 -1.337 -1.454
0.0152 0.01508 4.00000 0.8528129458 2.4358873367    0.852  1.523  3.6210  2.281    0  0.000  0.538     0.00     0.00 -1 -3.33e-11      0.00 7.092e-01 2.755e-01 2.710e-03 7.399e-04 6.720e-03 -1.000 1.527e-02 0.961 4.648 3.066 1.778 0.981 0.323 -0.593 -1.342 -1.458
0.0152 0.01508 4.00000 0.9000000358 2.4492788315    0.899  1.560  3.6228  2.275    0  0.000  0.538     0.00     0.00 -1 -3.55e-11      0.00 7.092e-01 2.755e-01 2.710e-03 7.399e-04 6.720e-03 -1.000 1.527e-02 0.871 4.513 2.950 1.668 0.877 0.229 -0.680 -1.422 -1.537
0.0152 0.01508 4.00000 0.9500000477 2.4618122578    0.950  1.594  3.6247  2.272    0  0.000  0.538     0.00     0.00 -1 -3.75e-11      0.00 7.092e-01 2.755e-01 2.710e-03 7.399e-04 6.720e-03 -1.000 1.527e-02 0.785 4.380 2.838 1.563 0.778 0.140 -0.761 -1.496 -1.610
0.0152 0.01508 4.00000 1.0000000000 2.4729156494    1.000  1.626  3.6264  2.269    0  0.000  0.538     0.00     0.00 -1 -3.95e-11      0.00 7.092e-01 2.755e-01 2.710e-03 7.399e-04 6.720e-03 -1.000 1.527e-02 0.704 4.256 2.733 1.465 0.685 0.056 -0.839 -1.568 -1.680
0.0152 0.01508 4.00000 1.0019156933 2.4733157158    1.002  1.627  3.6265  2.269    0  0.000  0.538     0.00     0.00 -1 -3.95e-11      0.00 7.092e-01 2.755e-01 2.710e-03 7.399e-04 6.720e-03 -1.000 1.527e-02 0.701 4.252 2.729 1.461 0.682 0.053 -0.841 -1.570 -1.682
0.0152 0.01508 4.00000 1.0499999523 2.4828116894    1.050  1.658  3.6279  2.265    0  0.000  0.538     0.00     0.00 -1 -3.87e-11      0.00 7.092e-01 2.755e-01 2.710e-03 7.399e-04 6.720e-03 -1.000 1.527e-02 0.625 4.139 2.632 1.369 0.595 -0.026 -0.915 -1.638 -1.749
0.0152 0.01508 4.00000 1.1000000238 2.4916803837    1.099  1.689  3.6294  2.260    0  0.000  0.538     0.00     0.00 -1 -3.76e-11      0.00 7.092e-01 2.755e-01 2.710e-03 7.399e-04 6.720e-03 -1.000 1.527e-02 0.549 4.028 2.536 1.279 0.509 -0.105 -0.988 -1.706 -1.816
0.0152 0.01508 4.00000 1.1475352049 2.4992928505    1.147  1.716  3.6306  2.256    0  0.000  0.538     0.00     0.00 -1 -3.63e-11      0.00 7.092e-01 2.755e-01 2.710e-03 7.399e-04 6.720e-03 -1.000 1.527e-02 0.480 3.928 2.450 1.197 0.432 -0.176 -1.054 -1.768 -1.877
0.0152 0.01508 4.00000 1.1499999762 2.4996678829    1.149  1.718  3.6307  2.256    0  0.000  0.538     0.00     0.00 -1 -3.63e-11      0.00 7.092e-01 2.755e-01 2.710e-03 7.399e-04 6.720e-03 -1.000 1.527e-02 0.476 3.923 2.445 1.193 0.428 -0.180 -1.057 -1.771 -1.880
0.0152 0.01508 4.00000 1.2000000477 2.5068950653    1.200  1.742  3.6321  2.255    0  0.000  0.538     0.00     0.00 -1 -3.42e-11      0.00 7.092e-01 2.755e-01 2.710e-03 7.399e-04 6.720e-03 -1.000 1.527e-02 0.415 3.826 2.365 1.119 0.359 -0.243 -1.116 -1.824 -1.932
0.0152 0.01508 4.00000 1.2056882381 2.5076735020    1.205  1.745  3.6322  2.255    0  0.000  0.538     0.00     0.00 -1 -3.39e-11      0.00 7.092e-01 2.755e-01 2.710e-03 7.399e-04 6.720e-03 -1.000 1.527e-02 0.408 3.815 2.356 1.111 0.351 -0.250 -1.122 -1.830 -1.938
0.0152 0.01508 4.00000 1.2500000000 2.5134611130    1.250  1.768  3.6332  2.251    0  0.000  0.538     0.00     0.00 -1 -3.22e-11      0.00 7.092e-01 2.755e-01 2.710e-03 7.399e-04 6.720e-03 -1.000 1.527e-02 0.349 3.731 2.284 1.042 0.287 -0.311 -1.179 -1.883 -1.990
0.0152 0.01508 4.00000 1.2999999523 2.5194499493    1.300  1.793  3.6343  2.248    0  0.000  0.538     0.00     0.00 -1 -2.98e-11      0.00 7.092e-01 2.755e-01 2.710e-03 7.399e-04 6.720e-03 -1.000 1.527e-02 0.286 3.641 2.206 0.969 0.218 -0.375 -1.239 -1.939 -2.045
0.0152 0.01508 4.00000 1.3010866642 2.5195741653    1.301  1.794  3.6344  2.248    0  0.000  0.538     0.00     0.00 -1 -2.98e-11      0.00 7.092e-01 2.755e-01 2.710e-03 7.399e-04 6.720e-03 -1.000 1.527e-02 0.285 3.639 2.205 0.968 0.217 -0.377 -1.240 -1.940 -2.046
0.0152 0.01508 4.00000 1.3500001431 2.5249314308    1.350  1.817  3.6354  2.245    0  0.000  0.538     0.00     0.00 -1 -2.72e-11      0.00 7.092e-01 2.755e-01 2.710e-03 7.399e-04 6.720e-03 -1.000 1.527e-02 0.227 3.555 2.133 0.900 0.153 -0.437 -1.296 -1.993 -2.098
0.0152 0.01508 4.00000 1.4000000954 2.5299651623    1.400  1.840  3.6364  2.241    0  0.000  0.538     0.00     0.00 -1 -2.42e-11      0.00 7.092e-01 2.755e-01 2.710e-03 7.399e-04 6.720e-03 -1.000 1.527e-02 0.169 3.472 2.062 0.833 0.090 -0.496 -1.352 -2.044 -2.149
0.0152 0.01508 4.00000 1.4116282463 2.5310771465    1.412  1.845  3.6366  2.241    0  0.000  0.538     0.00     0.00 -1 -2.33e-11      0.00 7.092e-01 2.755e-01 2.710e-03 7.399e-04 6.720e-03 -1.000 1.527e-02 0.157 3.454 2.046 0.819 0.076 -0.508 -1.363 -2.055 -2.159
0.0152 0.01508 4.00000 1.4500000477 2.5346016884    1.450  1.863  3.6373  2.238    0  0.000  0.538     0.00     0.00 -1 -2.09e-11      0.00 7.092e-01 2.755e-01 2.710e-03 7.399e-04 6.720e-03 -1.000 1.527e-02 0.114 3.393 1.993 0.769 0.029 -0.553 -1.405 -2.095 -2.198
0.0152 0.01508 4.00000 1.5000000000 2.5388846397    1.500  1.883  3.6382  2.236    0  0.000  0.538     0.00     0.00 -1 -1.73e-11      0.00 7.092e-01 2.755e-01 2.710e-03 7.399e-04 6.720e-03 -1.000 1.527e-02 0.062 3.318 1.929 0.708 -0.028 -0.607 -1.455 -2.141 -2.244
0.0152 0.01508 4.00000 1.5357168913 2.5417485237    1.536  1.897  3.6389  2.235    0  0.000  0.538     0.00     0.00 -1 -1.44e-11      0.00 7.092e-01 2.755e-01 2.710e-03 7.399e-04 6.720e-03 -1.000 1.527e-02 0.027 3.266 1.885 0.667 -0.067 -0.643 -1.488 -2.172 -2.274
0.0152 0.01508 4.00000 1.5500001907 2.5428512096    1.550  1.903  3.6391  2.234    0  0.000  0.538     0.00     0.00 -1 -1.34e-11      0.00 7.092e-01 2.755e-01 2.710e-03 7.399e-04 6.720e-03 -1.000 1.527e-02 0.012 3.246 1.867 0.650 -0.083 -0.658 -1.503 -2.186 -2.288
0.0152 0.01508 4.00000 1.6000000238 2.5465342999    1.600  1.924  3.6399  2.229    0  0.000  0.538     0.00     0.00 -1 -9.28e-12      0.00 7.092e-01 2.755e-01 2.710e-03 7.399e-04 6.720e-03 -1.000 1.527e-02 -0.041 3.175 1.805 0.590 -0.140 -0.712 -1.554 -2.234 -2.336
0.0152 0.01508 4.00000 1.6307330132 2.5486695766    1.630  1.936  3.6404  2.228    0  0.000  0.538     0.00     0.00 -1 -6.16e-12      0.00 7.092e-01 2.755e-01 2.710e-03 7.399e-04 6.720e-03 -1.000 1.527e-02 -0.070 3.133 1.769 0.557 -0.171 -0.742 -1.582 -2.260 -2.361
0.0152 0.01508 4.00000 1.6500000954 2.5499615669    1.649  1.943  3.6407  2.227    0  0.000  0.538     0.00     0.00 -1 -4.79e-12      0.00 7.092e-01 2.755e-01 2.710e-03 7.399e-04 6.720e-03 -1.000 1.527e-02 -0.089 3.107 1.746 0.535 -0.192 -0.761 -1.600 -2.277 -2.378
0.0152 0.01508 4.00000 1.7000000477 2.5531582832    1.699  1.961  3.6415  2.226    0  0.000  0.538     0.00     0.00 -1    -1e-30      0.00 7.092e-01 2.755e-01 2.710e-03 7.399e-04 6.720e-03 -1.000 1.527e-02 -0.131 3.044 1.693 0.486 -0.238 -0.805 -1.641 -2.315 -2.415
0.0152 0.01508 4.00000 1.7004305124 2.5531847477    1.700  1.961  3.6415  2.226    0  0.000  0.538     0.00     0.00 -1    -1e-30      0.00 7.092e-01 2.755e-01 2.710e-03 7.399e-04 6.720e-03 -1.000 1.527e-02 -0.132 3.043 1.693 0.485 -0.238 -0.805 -1.641 -2.315 -2.416
0.0152 0.01508 4.00000 1.7500000000 2.5561456680    1.749  1.980  3.6422  2.222    0  0.000  0.538     0.00     0.00 -1    -1e-30      0.00 7.092e-01 2.755e-01 2.710e-03 7.399e-04 6.720e-03 -1.000 1.527e-02 -0.179 2.980 1.637 0.432 -0.289 -0.854 -1.687 -2.358 -2.458
0.0152 0.01508 4.00000 1.8000000715 2.5589430332    1.799  1.998  3.6428  2.219    0  0.000  0.538     0.00     0.00 -1    -1e-30      0.00 7.092e-01 2.755e-01 2.710e-03 7.399e-04 6.720e-03 -1.000 1.527e-02 -0.224 2.920 1.584 0.382 -0.337 -0.900 -1.730 -2.400 -2.500
0.0152 0.01508 4.00000 1.8500000238 2.5615673065    1.849  2.015  3.6435  2.216    0  0.000  0.538     0.00     0.00 -1    -1e-30      0.00 7.092e-01 2.755e-01 2.710e-03 7.399e-04 6.720e-03 -1.000 1.527e-02 -0.267 2.861 1.533 0.333 -0.382 -0.944 -1.772 -2.439 -2.538
0.0152 0.01508 4.00000 1.8924254179 2.5636692047    1.891  2.027  3.6441  2.216    0  0.000  0.538     0.00     0.00 -1    -1e-30      0.00 7.092e-01 2.755e-01 2.710e-03 7.399e-04 6.720e-03 -1.000 1.527e-02 -0.299 2.814 1.494 0.297 -0.417 -0.976 -1.802 -2.467 -2.566
0.0152 0.01508 4.00000 1.9000000954 2.5640332699    1.899  2.031  3.6441  2.215    0  0.000  0.538     0.00     0.00 -1    -1e-30      0.00 7.092e-01 2.755e-01 2.710e-03 7.399e-04 6.720e-03 -1.000 1.527e-02 -0.306 2.805 1.485 0.288 -0.425 -0.984 -1.809 -2.474 -2.573
0.0152 0.01508 4.00000 1.9500001669 2.5663545132    1.950  2.047  3.6448  2.212    0  0.000  0.538     0.00     0.00 -1    -1e-30      0.00 7.092e-01 2.755e-01 2.710e-03 7.399e-04 6.720e-03 -1.000 1.527e-02 -0.347 2.750 1.437 0.243 -0.468 -1.025 -1.849 -2.511 -2.609
0.0152 0.01508 4.00000 2.0000000000 2.5685424805    2.000  2.062  3.6453  2.210    0  0.000  0.538     0.00     0.00 -1    -1e-30      0.00 7.092e-01 2.755e-01 2.710e-03 7.399e-04 6.720e-03 -1.000 1.527e-02 -0.386 2.696 1.391 0.199 -0.510 -1.065 -1.886 -2.547 -2.644
0.0152 0.01508 4.00000 2.0499999523 2.5706083775    2.050  2.078  3.6459  2.207    0  0.000  0.538     0.00     0.00 -1    -1e-30      0.00 7.092e-01 2.755e-01 2.710e-03 7.399e-04 6.720e-03 -1.000 1.527e-02 -0.425 2.644 1.344 0.155 -0.551 -1.105 -1.924 -2.583 -2.680
0.0152 0.01508 4.00000 2.0999999046 2.5725615025    2.099  2.093  3.6464  2.205    0  0.000  0.538     0.00     0.00 -1    -1e-30      0.00 7.092e-01 2.755e-01 2.710e-03 7.399e-04 6.720e-03 -1.000 1.527e-02 -0.462 2.594 1.301 0.113 -0.591 -1.143 -1.960 -2.616 -2.713
0.0152 0.01508 4.00000 2.1062173843 2.5727970600    2.105  2.094  3.6465  2.205    0  0.000  0.538     0.00     0.00 -1    -1e-30      0.00 7.092e-01 2.755e-01 2.710e-03 7.399e-04 6.720e-03 -1.000 1.527e-02 -0.466 2.587 1.295 0.108 -0.595 -1.147 -1.964 -2.620 -2.717
0.0152 0.01508 4.00000 2.1500000954 2.5744106770    2.149  2.108  3.6470  2.202    0  0.000  0.538     0.00     0.00 -1    -1e-30      0.00 7.092e-01 2.755e-01 2.710e-03 7.399e-04 6.720e-03 -1.000 1.527e-02 -0.499 2.544 1.257 0.071 -0.630 -1.181 -1.996 -2.651 -2.747
0.0152 0.01508 4.00000 2.2000000477 2.5761635303    2.199  2.122  3.6475  2.200    0  0.000  0.538     0.00     0.00 -1    -1e-30      0.00 7.092e-01 2.755e-01 2.710e-03 7.399e-04 6.720e-03 -1.000 1.527e-02 -0.534 2.496 1.215 0.032 -0.668 -1.217 -2.030 -2.682 -2.778
0.0152 0.01508 4.00000 2.2048404217 2.5763282776    2.203  2.123  3.6475  2.200    0  0.000  0.538     0.00     0.00 -1    -1e-30      0.00 7.092e-01 2.755e-01 2.710e-03 7.399e-04 6.720e-03 -1.000 1.527e-02 -0.537 2.492 1.211 0.029 -0.671 -1.220 -2.032 -2.685 -2.781
0.0152 0.01508 4.00000 2.2500000000 2.5778269768    2.249  2.136  3.6480  2.198    0  0.000  0.538     0.00     0.00 -1    -1e-30      0.00 7.092e-01 2.755e-01 2.710e-03 7.399e-04 6.720e-03 -1.000 1.527e-02 -0.569 2.449 1.174 -0.007 -0.705 -1.252 -2.063 -2.714 -2.810
0.0152 0.01508 4.00000 2.2999999523 2.5794074535    2.299  2.149  3.6485  2.196    0  0.000  0.538     0.00     0.00 -1    -1e-30      0.00 7.092e-01 2.755e-01 2.710e-03 7.399e-04 6.720e-03 -1.000 1.527e-02 -0.603 2.404 1.135 -0.045 -0.740 -1.287 -2.096 -2.745 -2.840
0.0152 0.01508 4.00000 2.4000000954 2.5823426247    2.399  2.175  3.6494  2.192    0  0.000  0.538     0.00     0.00 -1    -1e-30      0.00 7.092e-01 2.755e-01 2.710e-03 7.399e-04 6.720e-03 -1.000 1.527e-02 -0.668 2.316 1.057 -0.118 -0.810 -1.354 -2.159 -2.805 -2.900
0.0152 0.01508 4.00000 2.4091508389 2.5825972557    2.408  2.177  3.6495  2.192    0  0.000  0.538     0.00     0.00 -1    -1e-30      0.00 7.092e-01 2.755e-01 2.710e-03 7.399e-04 6.720e-03 -1.000 1.527e-02 -0.673 2.309 1.051 -0.124 -0.816 -1.359 -2.164 -2.810 -2.905
0.0152 0.01508 4.00000 2.5380613804 2.5859608650    2.538  2.209  3.6505  2.187    0  0.000  0.538     0.00     0.00 -1    -1e-30      0.00 7.092e-01 2.755e-01 2.710e-03 7.399e-04 6.720e-03 -1.000 1.527e-02 -0.753 2.203 0.958 -0.213 -0.900 -1.440 -2.242 -2.883 -2.977
0.0152 0.01508 4.00000 2.5999999046 2.5874414444    2.600  2.225  3.6510  2.184    0  0.000  0.538     0.00     0.00 -1    -1e-30      0.00 7.092e-01 2.755e-01 2.710e-03 7.399e-04 6.720e-03 -1.000 1.527e-02 -0.793 2.153 0.913 -0.256 -0.942 -1.481 -2.280 -2.920 -3.014
0.0152 0.01508 4.00000 2.7098233700 2.5898761749    2.710  2.250  3.6519  2.181    0  0.000  0.538     0.00     0.00 -1    -1e-30      0.00 7.092e-01 2.755e-01 2.710e-03 7.399e-04 6.720e-03 -1.000 1.527e-02 -0.854 2.071 0.841 -0.324 -1.006 -1.543 -2.339 -2.976 -3.069
0.0152 0.01508 4.00000 2.8000001907 2.5917119980    2.800  2.270  3.6525  2.177    0  0.000  0.538     0.00     0.00 -1    -1e-30      0.00 7.092e-01 2.755e-01 2.710e-03 7.399e-04 6.720e-03 -1.000 1.527e-02 -0.906 2.005 0.782 -0.381 -1.060 -1.595 -2.389 -3.024 -3.116
0.0152 0.01508 4.00000 2.8816094398 2.5932598114    2.882  2.287  3.6531  2.175    0  0.000  0.538     0.00     0.00 -1    -1e-30      0.00 7.092e-01 2.755e-01 2.710e-03 7.399e-04 6.720e-03 -1.000 1.527e-02 -0.948 1.948 0.733 -0.428 -1.105 -1.639 -2.430 -3.063 -3.155
0.0152 0.01508 4.00000 3.0000000000 2.5953342915    3.000  2.313  3.6539  2.170    0  0.000  0.538     0.00     0.00 -1    -1e-30      0.00 7.092e-01 2.755e-01 2.710e-03 7.399e-04 6.720e-03 -1.000 1.527e-02 -1.012 1.868 0.661 -0.497 -1.172 -1.704 -2.492 -3.122 -3.214
0.0152 0.01508 4.00000 3.0619444847 2.5963463783    3.062  2.324  3.6543  2.169    0  0.000  0.538     0.00     0.00 -1    -1e-30      0.00 7.092e-01 2.755e-01 2.710e-03 7.399e-04 6.720e-03 -1.000 1.527e-02 -1.041 1.829 0.626 -0.530 -1.203 -1.733 -2.520 -3.149 -3.240
0.0152 0.01508 4.00000 3.2000000477 2.5984411240    3.199  2.352  3.6551  2.164    0  0.000  0.538     0.00     0.00 -1    -1e-30      0.00 7.092e-01 2.755e-01 2.710e-03 7.399e-04 6.720e-03 -1.000 1.527e-02 -1.109 1.742 0.549 -0.604 -1.274 -1.802 -2.586 -3.212 -3.303
0.0152 0.01508 4.00000 3.2693469524 2.5994167328    3.268  2.364  3.6555  2.162    0  0.000  0.538     0.00     0.00 -1    -1e-30      0.00 7.092e-01 2.755e-01 2.710e-03 7.399e-04 6.720e-03 -1.000 1.527e-02 -1.140 1.701 0.513 -0.638 -1.307 -1.834 -2.616 -3.240 -3.331
0.0152 0.01508 4.00000 3.4000000954 2.6011312008    3.398  2.389  3.6562  2.157    0  0.000  0.538     0.00     0.00 -1    -1e-30      0.00 7.092e-01 2.755e-01 2.710e-03 7.399e-04 6.720e-03 -1.000 1.527e-02 -1.202 1.623 0.443 -0.705 -1.371 -1.897 -2.676 -3.298 -3.388
0.0152 0.01508 4.00000 3.4169139862 2.6013422012    3.415  2.391  3.6563  2.157    0  0.000  0.538     0.00     0.00 -1    -1e-30      0.00 7.092e-01 2.755e-01 2.710e-03 7.399e-04 6.720e-03 -1.000 1.527e-02 -1.209 1.614 0.435 -0.713 -1.378 -1.904 -2.683 -3.304 -3.394
0.0152 0.01508 4.00000 3.6000001431 2.6034805775    3.598  2.423  3.6573  2.153    0  0.000  0.538     0.00     0.00 -1    -1e-30      0.00 7.092e-01 2.755e-01 2.710e-03 7.399e-04 6.720e-03 -1.000 1.527e-02 -1.286 1.514 0.346 -0.798 -1.460 -1.983 -2.758 -3.376 -3.465
0.0152 0.01508 4.00000 3.6019346714 2.6035017967    3.600  2.423  3.6573  2.153    0  0.000  0.538     0.00     0.00 -1    -1e-30      0.00 7.092e-01 2.755e-01 2.710e-03 7.399e-04 6.720e-03 -1.000 1.527e-02 -1.287 1.513 0.345 -0.799 -1.460 -1.983 -2.759 -3.376 -3.466
0.0152 0.01508 4.00000 3.7530760765 2.6050856113    3.751  2.448  3.6580  2.148    0  0.000  0.538     0.00     0.00 -1    -1e-30      0.00 7.092e-01 2.755e-01 2.710e-03 7.399e-04 6.720e-03 -1.000 1.527e-02 -1.350 1.433 0.274 -0.868 -1.526 -2.047 -2.820 -3.435 -3.524
0.0152 0.01508 4.00000 3.8000001907 2.6055479050    3.798  2.456  3.6582  2.147    0  0.000  0.538     0.00     0.00 -1    -1e-30      0.00 7.092e-01 2.755e-01 2.710e-03 7.399e-04 6.720e-03 -1.000 1.527e-02 -1.370 1.409 0.251 -0.889 -1.547 -2.067 -2.839 -3.454 -3.543
0.0152 0.01508 4.00000 3.9381976128 2.6068360806    3.938  2.478  3.6589  2.143    0  0.000  0.538     0.00     0.00 -1    -1e-30      0.00 7.092e-01 2.755e-01 2.710e-03 7.399e-04 6.720e-03 -1.000 1.527e-02 -1.424 1.340 0.190 -0.948 -1.603 -2.122 -2.892 -3.504 -3.592
0.0152 0.01508 4.00000 4.0000000000 2.6073791981    4.001  2.487  3.6591  2.141    0  0.000  0.538     0.00     0.00 -1    -1e-30      0.00 7.092e-01 2.755e-01 2.710e-03 7.399e-04 6.720e-03 -1.000 1.527e-02 -1.448 1.310 0.162 -0.974 -1.629 -2.147 -2.916 -3.527 -3.615
0.0152 0.01508 4.00000 4.0612764359 2.6078989506    4.061  2.496  3.6595  2.141    0  0.000  0.538     0.00     0.00 -1    -1e-30      0.00 7.092e-01 2.755e-01 2.710e-03 7.399e-04 6.720e-03 -1.000 1.527e-02 -1.470 1.281 0.137 -0.998 -1.651 -2.169 -2.936 -3.546 -3.634
0.0152 0.01508 4.00000 4.1999998093 2.6090114117    4.198  2.517  3.6600  2.136    0  0.000  0.538     0.00     0.00 -1    -1e-30      0.00 7.092e-01 2.755e-01 2.710e-03 7.399e-04 6.720e-03 -1.000 1.527e-02 -1.521 1.217 0.079 -1.054 -1.705 -2.221 -2.986 -3.595 -3.682
0.0152 0.01508 4.00000 4.2364273071 2.6092896461    4.234  2.521  3.6602  2.136    0  0.000  0.538     0.00     0.00 -1    -1e-30      0.00 7.092e-01 2.755e-01 2.710e-03 7.399e-04 6.720e-03 -1.000 1.527e-02 -1.534 1.201 0.065 -1.068 -1.718 -2.234 -2.998 -3.606 -3.693
0.0152 0.01508 4.00000 4.4000000954 2.6104743481    4.397  2.545  3.6608  2.132    0  0.000  0.538     0.00     0.00 -1    -1e-30      0.00 7.092e-01 2.755e-01 2.710e-03 7.399e-04 6.720e-03 -1.000 1.527e-02 -1.592 1.129 0.000 -1.130 -1.778 -2.292 -3.055 -3.660 -3.747
0.0152 0.01508 4.00000 4.5590300560 2.6115326881    4.556  2.566  3.6614  2.128    0  0.000  0.538     0.00     0.00 -1    -1e-30      0.00 7.092e-01 2.755e-01 2.710e-03 7.399e-04 6.720e-03 -1.000 1.527e-02 -1.645 1.063 -0.059 -1.188 -1.833 -2.346 -3.106 -3.709 -3.796
0.0152 0.01508 4.00000 4.5999999046 2.6117916107    4.598  2.572  3.6615  2.127    0  0.000  0.538     0.00     0.00 -1    -1e-30      0.00 7.092e-01 2.755e-01 2.710e-03 7.399e-04 6.720e-03 -1.000 1.527e-02 -1.660 1.046 -0.075 -1.203 -1.849 -2.361 -3.121 -3.723 -3.810
0.0152 0.01508 4.00000 4.7195820808 2.6125183105    4.717  2.587  3.6620  2.124    0  0.000  0.538     0.00     0.00 -1    -1e-30      0.00 7.092e-01 2.755e-01 2.710e-03 7.399e-04 6.720e-03 -1.000 1.527e-02 -1.699 0.998 -0.119 -1.245 -1.889 -2.401 -3.158 -3.760 -3.846
0.0152 0.01508 4.00000 4.8000001907 2.6129837036    4.798  2.598  3.6622  2.122    0  0.000  0.538     0.00     0.00 -1    -1e-30      0.00 7.092e-01 2.755e-01 2.710e-03 7.399e-04 6.720e-03 -1.000 1.527e-02 -1.726 0.965 -0.149 -1.274 -1.917 -2.428 -3.185 -3.786 -3.872
0.0152 0.01508 4.00000 4.8620572090 2.6133308411    4.860  2.605  3.6625  2.121    0  0.000  0.538     0.00     0.00 -1    -1e-30      0.00 7.092e-01 2.755e-01 2.710e-03 7.399e-04 6.720e-03 -1.000 1.527e-02 -1.743 0.941 -0.169 -1.294 -1.936 -2.446 -3.202 -3.801 -3.888
0.0152 0.01508 4.00000 5.0000000000 2.6140668392    4.999  2.622  3.6629  2.118    0  0.000  0.538     0.00     0.00 -1    -1e-30      0.00 7.092e-01 2.755e-01 2.710e-03 7.399e-04 6.720e-03 -1.000 1.527e-02 -1.786 0.889 -0.217 -1.339 -1.980 -2.489 -3.243 -3.841 -3.927
0.0152 0.01508 4.00000 5.0609560013 2.6143772602    5.060  2.629  3.6632  2.118    0  0.000  0.538     0.00     0.00 -1    -1e-30      0.00 7.092e-01 2.755e-01 2.710e-03 7.399e-04 6.720e-03 -1.000 1.527e-02 -1.803 0.867 -0.236 -1.358 -1.997 -2.506 -3.259 -3.857 -3.942
0.0152 0.01508 4.00000 5.1999998093 2.6150546074    5.200  2.646  3.6636  2.114    0  0.000  0.538     0.00     0.00 -1    -1e-30      0.00 7.092e-01 2.755e-01 2.710e-03 7.399e-04 6.720e-03 -1.000 1.527e-02 -1.845 0.816 -0.283 -1.403 -2.041 -2.549 -3.301 -3.896 -3.982
0.0152 0.01508 4.00000 5.2507147789 2.6152913570    5.251  2.651  3.6638  2.114    0  0.000  0.538     0.00     0.00 -1    -1e-30      0.00 7.092e-01 2.755e-01 2.710e-03 7.399e-04 6.720e-03 -1.000 1.527e-02 -1.859 0.799 -0.298 -1.418 -2.055 -2.563 -3.314 -3.909 -3.994
0.0152 0.01508 4.00000 5.3999996185 2.6159586906    5.401  2.669  3.6641  2.110    0  0.000  0.538     0.00     0.00 -1    -1e-30      0.00 7.092e-01 2.755e-01 2.710e-03 7.399e-04 6.720e-03 -1.000 1.527e-02 -1.903 0.746 -0.347 -1.465 -2.101 -2.608 -3.357 -3.951 -4.036
0.0152 0.01508 4.00000 5.4365782738 2.6161158085    5.437  2.673  3.6643  2.110    0  0.000  0.538     0.00     0.00 -1    -1e-30      0.00 7.092e-01 2.755e-01 2.710e-03 7.399e-04 6.720e-03 -1.000 1.527e-02 -1.912 0.734 -0.357 -1.475 -2.111 -2.617 -3.366 -3.959 -4.045
0.0152 0.01508 4.00000 5.5999994278 2.6167888641    5.601  2.691  3.6648  2.106    0  0.000  0.538     0.00     0.00 -1    -1e-30      0.00 7.092e-01 2.755e-01 2.710e-03 7.399e-04 6.720e-03 -1.000 1.527e-02 -1.957 0.679 -0.407 -1.523 -2.157 -2.662 -3.410 -4.001 -4.086
0.0152 0.01508 4.00000 5.7657604218 2.6174271107    5.767  2.709  3.6652  2.103    0  0.000  0.538     0.00     0.00 -1    -1e-30      0.00 7.092e-01 2.755e-01 2.710e-03 7.399e-04 6.720e-03 -1.000 1.527e-02 -2.001 0.625 -0.456 -1.570 -2.203 -2.707 -3.453 -4.043 -4.127
0.0152 0.01508 4.00000 5.8000001907 2.6175537109    5.801  2.713  3.6653  2.102    0  0.000  0.538     0.00     0.00 -1    -1e-30      0.00 7.092e-01 2.755e-01 2.710e-03 7.399e-04 6.720e-03 -1.000 1.527e-02 -2.011 0.614 -0.467 -1.581 -2.213 -2.717 -3.462 -4.052 -4.137
0.0152 0.01508 4.00000 5.9607248306 2.6181256771    5.961  2.728  3.6658  2.100    0  0.000  0.538     0.00     0.00 -1    -1e-30      0.00 7.092e-01 2.755e-01 2.710e-03 7.399e-04 6.720e-03 -1.000 1.527e-02 -2.050 0.563 -0.512 -1.624 -2.254 -2.757 -3.500 -4.088 -4.172
0.0152 0.01508 4.00000 6.0000000000 2.6182601452    6.000  2.732  3.6659  2.099    0  0.000  0.538     0.00     0.00 -1    -1e-30      0.00 7.092e-01 2.755e-01 2.710e-03 7.399e-04 6.720e-03 -1.000 1.527e-02 -2.061 0.550 -0.524 -1.635 -2.265 -2.768 -3.510 -4.098 -4.182
0.0152 0.01508 4.00000 6.1913256645 2.6188869476    6.191  2.752  3.6663  2.095    0  0.000  0.538     0.00     0.00 -1    -1e-30      0.00 7.092e-01 2.755e-01 2.710e-03 7.399e-04 6.720e-03 -1.000 1.527e-02 -2.110 0.492 -0.577 -1.687 -2.316 -2.817 -3.558 -4.145 -4.229
0.0152 0.01508 4.00000 6.1999998093 2.6189143658    6.200  2.753  3.6664  2.095    0  0.000  0.538     0.00     0.00 -1    -1e-30      0.00 7.092e-01 2.755e-01 2.710e-03 7.399e-04 6.720e-03 -1.000 1.527e-02 -2.113 0.489 -0.580 -1.690 -2.318 -2.820 -3.561 -4.147 -4.231
0.0152 0.01508 4.00000 6.3516473770 2.6193790436    6.351  2.768  3.6667  2.092    0  0.000  0.538     0.00     0.00 -1    -1e-30      0.00 7.092e-01 2.755e-01 2.710e-03 7.399e-04 6.720e-03 -1.000 1.527e-02 -2.149 0.444 -0.620 -1.729 -2.356 -2.857 -3.596 -4.181 -4.265
0.0152 0.01508 4.00000 6.4000000954 2.6195218563    6.399  2.773  3.6668  2.091    0  0.000  0.538     0.00     0.00 -1    -1e-30      0.00 7.092e-01 2.755e-01 2.710e-03 7.399e-04 6.720e-03 -1.000 1.527e-02 -2.162 0.430 -0.634 -1.743 -2.369 -2.870 -3.609 -4.194 -4.277
0.0152 0.01508 4.00000 6.5952382088 2.6200740337    6.593  2.791  3.6673  2.087    0  0.000  0.538     0.00     0.00 -1    -1e-30      0.00 7.092e-01 2.755e-01 2.710e-03 7.399e-04 6.720e-03 -1.000 1.527e-02 -2.208 0.373 -0.686 -1.792 -2.417 -2.917 -3.654 -4.237 -4.320
0.0152 0.01508 4.00000 6.8770532608 2.6208081245    6.873  2.819  3.6679  2.080    0  0.000  0.538     0.00     0.00 -1    -1e-30      0.00 7.092e-01 2.755e-01 2.710e-03 7.399e-04 6.720e-03 -1.000 1.527e-02 -2.276 0.294 -0.760 -1.864 -2.487 -2.985 -3.721 -4.302 -4.384
0.0152 0.01508 4.00000 7.0000000000 2.6211071014    6.996  2.831  3.6681  2.077    0  0.000  0.538     0.00     0.00 -1    -1e-30      0.00 7.092e-01 2.755e-01 2.710e-03 7.399e-04 6.720e-03 -1.000 1.527e-02 -2.307 0.258 -0.793 -1.897 -2.519 -3.017 -3.751 -4.331 -4.414
0.0152 0.01508 4.00000 7.1450324059 2.6214447021    7.142  2.844  3.6685  2.074    0  0.000  0.538     0.00     0.00 -1    -1e-30      0.00 7.092e-01 2.755e-01 2.710e-03 7.399e-04 6.720e-03 -1.000 1.527e-02 -2.339 0.218 -0.829 -1.932 -2.553 -3.049 -3.782 -4.361 -4.443
0.0152 0.01508 4.00000 7.4859294891 2.6221790314    7.484  2.876  3.6691  2.065    0  0.000  0.538     0.00     0.00 -1    -1e-30      0.00 7.092e-01 2.755e-01 2.710e-03 7.399e-04 6.720e-03 -1.000 1.527e-02 -2.419 0.127 -0.915 -2.016 -2.635 -3.130 -3.861 -4.437 -4.520
0.0152 0.01508 4.00000 7.8589224815 2.6228992939    7.859  2.911  3.6697  2.053    0  0.000  0.538     0.00     0.00 -1    -1e-30      0.00 7.092e-01 2.755e-01 2.710e-03 7.399e-04 6.720e-03 -1.000 1.527e-02 -2.508 0.026 -1.010 -2.109 -2.725 -3.219 -3.947 -4.522 -4.603
0.0152 0.01508 4.00000 8.0000000000 2.6231517792    8.001  2.924  3.6701  2.049    0  0.000  0.538     0.00     0.00 -1    -1e-30      0.00 7.092e-01 2.755e-01 2.710e-03 7.399e-04 6.720e-03 -1.000 1.527e-02 -2.540 -0.013 -1.045 -2.143 -2.759 -3.252 -3.979 -4.552 -4.634
0.0152 0.01508 4.00000 8.0580244064 2.6232526302    8.059  2.929  3.6702  2.048    0  0.000  0.538     0.00     0.00 -1    -1e-30      0.00 7.092e-01 2.755e-01 2.710e-03 7.399e-04 6.720e-03 -1.000 1.527e-02 -2.552 -0.028 -1.059 -2.156 -2.771 -3.264 -3.991 -4.563 -4.645
0.0152 0.01508 4.00000 8.5954942703 2.6241130829    8.592  2.980  3.6710  2.028    0  0.000  0.538     0.00     0.00 -1    -1e-30      0.00 7.092e-01 2.755e-01 2.710e-03 7.399e-04 6.720e-03 -1.000 1.527e-02 -2.681 -0.170 -1.195 -2.291 -2.903 -3.394 -4.118 -4.687 -4.768
0.0152 0.01508 4.00000 9.0000000000 2.6246831417    8.995  3.022  3.6717  2.009    0  0.000  0.538     0.00     0.00 -1    -1e-30      0.00 7.092e-01 2.755e-01 2.710e-03 7.399e-04 6.720e-03 -1.000 1.527e-02 -2.784 -0.282 -1.302 -2.398 -3.008 -3.498 -4.219 -4.786 -4.866
0.0152 0.01508 4.00000 9.5170288086 2.6253314018    9.513  3.073  3.6726  1.986    0  0.000  0.538     0.00     0.00 -1    -1e-30      0.00 7.092e-01 2.755e-01 2.710e-03 7.399e-04 6.720e-03 -1.000 1.527e-02 -2.912 -0.446 -1.438 -2.534 -3.140 -3.626 -4.344 -4.903 -4.985
0.0152 0.01508 4.00000 10.0000000000 2.6258678436    9.998  3.132  3.6732  1.951    0  0.000  0.538     0.00     0.00 -1    -1e-30      0.00 7.092e-01 2.755e-01 2.710e-03 7.399e-04 6.720e-03 -1.000 1.527e-02 -3.060 -0.614 -1.588 -2.688 -3.291 -3.774 -4.489 -5.043 -5.125
0.0152 0.01508 4.00000 10.3715019226 2.6262414455   10.371  3.172  3.6739  1.930    0  0.000  0.538     0.00     0.00 -1    -1e-30      0.00 7.092e-01 2.755e-01 2.710e-03 7.399e-04 6.720e-03 -1.000 1.527e-02 -3.160 -0.729 -1.693 -2.793 -3.394 -3.875 -4.587 -5.137 -5.219
0.0152 0.01508 4.00000 10.8502187729 2.6266801357   10.851  3.250  3.6747  1.874    0  0.000  0.538     0.00     0.00 -1    -1e-30      0.00 7.092e-01 2.755e-01 2.710e-03 7.399e-04 6.720e-03 -1.000 1.527e-02 -3.355 -0.937 -1.891 -2.996 -3.594 -4.073 -4.781 -5.325 -5.408
0.0152 0.01508 4.00000 11.0000000000 2.6268081665   11.001  3.277  3.6750  1.854    0  0.000  0.538     0.00     0.00 -1    -1e-30      0.00 7.092e-01 2.755e-01 2.710e-03 7.399e-04 6.720e-03 -1.000 1.527e-02 -3.423 -1.008 -1.960 -3.066 -3.664 -4.141 -4.848 -5.390 -5.473
0.0152 0.01508 4.00000 11.4307298660 2.6271555424   11.432  3.351  3.6759  1.800    0  0.000  0.538     0.00     0.00 -1    -1e-30      0.00 7.092e-01 2.755e-01 2.710e-03 7.399e-04 6.720e-03 -1.000 1.527e-02 -3.609 -1.203 -2.149 -3.258 -3.854 -4.329 -5.032 -5.568 -5.652
0.0152 0.01508 4.00000 11.7825145721 2.6274175644   11.783  3.436  3.6770  1.734    0  0.000  0.538     0.00     0.00 -1    -1e-30      0.00 7.092e-01 2.755e-01 2.710e-03 7.399e-04 6.720e-03 -1.000 1.527e-02 -3.819 -1.421 -2.364 -3.476 -4.069 -4.542 -5.240 -5.771 -5.854
0.0152 0.01508 4.00000 12.0000000000 2.6275708675   12.001  3.499  3.6781  1.683    0  0.000  0.538     0.00     0.00 -1    -1e-30      0.00 7.092e-01 2.755e-01 2.710e-03 7.399e-04 6.720e-03 -1.000 1.527e-02 -3.976 -1.586 -2.527 -3.640 -4.231 -4.702 -5.396 -5.922 -6.005
0.0152 0.01508 4.00000 12.0891723633 2.6276316643   12.089  3.526  3.6785  1.661    0  0.000  0.538     0.00     0.00 -1    -1e-30      0.00 7.092e-01 2.755e-01 2.711e-03 7.400e-04 6.720e-03 -1.000 1.527e-02 -4.044 -1.657 -2.598 -3.711 -4.301 -4.770 -5.463 -5.987 -6.069
0.0152 0.01508 4.00000 12.3118209839 2.6277797222   12.311  3.594  3.6803  1.608    0  0.000  0.539     0.00     0.00 -1    -1e-30      0.00 7.092e-01 2.755e-01 2.716e-03 7.401e-04 6.720e-03 -1.000 1.527e-02 -4.214 -1.841 -2.780 -3.890 -4.477 -4.944 -5.630 -6.148 -6.229
0.0152 0.01508 4.00000 12.5341644287 2.6279213428   12.532  3.657  3.6830  1.563    0  0.000  0.540     0.00     0.00 -1    -1e-30      0.00 7.092e-01 2.755e-01 2.720e-03 7.402e-04 6.720e-03 -1.000 1.527e-02 -4.372 -2.017 -2.958 -4.060 -4.643 -5.106 -5.782 -6.294 -6.372
0.0152 0.01508 4.00000 12.7605428696 2.6280596256   12.758  3.715  3.6885  1.534    0  0.000  0.541     0.00     0.00 -1    -1e-30      0.00 7.092e-01 2.755e-01 2.724e-03 7.403e-04 6.720e-03 -1.000 1.527e-02 -4.519 -2.203 -3.148 -4.228 -4.802 -5.260 -5.916 -6.419 -6.489
0.0152 0.01508 4.00000 12.9595746994 2.6281766891   12.956  3.761  3.6959  1.525    0  0.000  0.541     0.00     0.00 -1    -1e-30      0.00 7.092e-01 2.755e-01 2.728e-03 7.404e-04 6.719e-03 -1.000 1.527e-02 -4.632 -2.464 -3.335 -4.379 -4.933 -5.377 -6.005 -6.486 -6.553
0.0152 0.01508 4.00000 13.1338920593 2.6282758713   13.129  3.794  3.7044  1.531    0  0.000  0.542     0.00     0.00 -1    -1e-30      0.00 7.092e-01 2.755e-01 2.731e-03 7.405e-04 6.719e-03 -1.000 1.527e-02 -4.716 -2.712 -3.501 -4.501 -5.034 -5.462 -6.059 -6.516 -6.579
0.0152 0.01508 4.00000 13.3372678757 2.6283879280   13.331  3.827  3.7156  1.551    0  0.000  0.543     0.00     0.00 -1    -1e-30      0.00 7.092e-01 2.755e-01 2.734e-03 7.406e-04 6.719e-03 -1.000 1.527e-02 -4.797 -3.000 -3.690 -4.630 -5.134 -5.541 -6.099 -6.524 -6.584
0.0152 0.01508 4.00000 13.5729274750 2.6285128593   13.566  3.857  3.7291  1.582    0  0.000  0.543     0.00     0.00 -1    -1e-30      0.00 7.092e-01 2.755e-01 2.738e-03 7.407e-04 6.719e-03 -1.000 1.527e-02 -4.871 -3.307 -3.893 -4.757 -5.225 -5.607 -6.120 -6.508 -6.566
0.0152 0.01508 4.00000 13.8132534027 2.6286351681   13.805  3.880  3.7424  1.620    0  0.000  0.544     0.00     0.00 -1    -1e-30      0.00 7.092e-01 2.755e-01 2.743e-03 7.408e-04 6.719e-03 -1.000 1.527e-02 -4.929 -3.571 -4.071 -4.861 -5.293 -5.651 -6.122 -6.474 -6.530
0.0152 0.01508 4.00000 14.0000000000 2.6287269592   13.992  3.895  3.7521  1.649    0  0.000  0.545     0.00     0.00 -1    -1e-30      0.00 7.092e-01 2.755e-01 2.746e-03 7.408e-04 6.719e-03 -1.000 1.527e-02 -4.967 -3.755 -4.192 -4.928 -5.334 -5.672 -6.116 -6.443 -6.496
0.0152 0.01508 4.00000 14.2636489868 2.6288518906   14.257  3.922  3.7669  1.690    0  0.000  0.545     0.00     0.00 -1    -1e-30      0.00 7.092e-01 2.755e-01 2.746e-03 7.408e-04 6.719e-03 -1.000 1.527e-02 -5.034 -4.022 -4.385 -5.035 -5.401 -5.711 -6.114 -6.405 -6.453
0.0152 0.01508 4.00000 14.4831867218 2.6289517879   14.478  3.944  3.7793  1.724    0  0.000  0.545     0.00     0.00 -1    -1e-30      0.00 7.092e-01 2.755e-01 2.746e-03 7.408e-04 6.719e-03 -1.000 1.527e-02 -5.090 -4.236 -4.549 -5.122 -5.451 -5.733 -6.102 -6.362 -6.406
0.0152 0.01508 4.00000 14.7585182190 2.6290724277   14.754  3.972  3.7948  1.767    0  0.000  0.545     0.00     0.00 -1    -1e-30      0.00 7.092e-01 2.755e-01 2.746e-03 7.408e-04 6.719e-03 -1.000 1.527e-02 -5.159 -4.464 -4.735 -5.219 -5.506 -5.757 -6.087 -6.313 -6.351
0.0152 0.01508 4.00000 15.0909099579 2.6292114258   15.088  4.004  3.8132  1.817    0  0.000  0.545     0.00     0.00 -1    -1e-30      0.00 7.092e-01 2.755e-01 2.746e-03 7.408e-04 6.719e-03 -1.000 1.527e-02 -5.240 -4.694 -4.938 -5.328 -5.568 -5.783 -6.068 -6.257 -6.289
0.0152 0.01508 4.00000 15.3896846771 2.6293301582   15.389  4.034  3.8295  1.861    0  0.000  0.545     0.00     0.00 -1    -1e-30      0.00 7.092e-01 2.755e-01 2.746e-03 7.408e-04 6.719e-03 -1.000 1.527e-02 -5.315 -4.872 -5.106 -5.421 -5.622 -5.805 -6.052 -6.208 -6.237
0.0152 0.01508 4.00000 15.6964502335 2.6294469833   15.697  4.065  3.8462  1.905    0  0.000  0.545     0.00     0.00 -1    -1e-30      0.00 7.092e-01 2.755e-01 2.746e-03 7.408e-04 6.719e-03 -1.000 1.527e-02 -5.393 -5.044 -5.272 -5.509 -5.670 -5.822 -6.034 -6.160 -6.185
0.0152 0.01508 4.00000 16.0000000000 2.6295573711   16.002  4.097  3.8627  1.947    0  0.000  0.545     0.00     0.00 -1    -1e-30      0.00 7.092e-01 2.755e-01 2.746e-03 7.408e-04 6.719e-03 -1.000 1.527e-02 -5.474 -5.209 -5.428 -5.593 -5.717 -5.839 -6.016 -6.115 -6.137
0.0152 0.01508 4.00000 16.2110805511 2.6296315193   16.211  4.118  3.8734  1.975    0  0.000  0.545     0.00     0.00 -1    -1e-30      0.00 7.092e-01 2.755e-01 2.746e-03 7.408e-04 6.719e-03 -1.000 1.527e-02 -5.526 -5.312 -5.516 -5.644 -5.746 -5.849 -6.005 -6.089 -6.108
0.0152 0.01508 4.00000 16.5953025818 2.6297605038   16.593  4.158  3.8928  2.023    0  0.000  0.545     0.00     0.00 -1    -1e-30      0.00 7.092e-01 2.755e-01 2.746e-03 7.408e-04 6.719e-03 -1.000 1.527e-02 -5.625 -5.497 -5.660 -5.729 -5.797 -5.871 -5.987 -6.046 -6.060
0.0152 0.01508 4.00000 16.9286746979 2.6298673153   16.924  4.192  3.9095  2.065    0  0.000  0.545     0.00     0.00 -1    -1e-30      0.00 7.092e-01 2.755e-01 2.746e-03 7.408e-04 6.719e-03 -1.000 1.527e-02 -5.710 -5.649 -5.760 -5.788 -5.833 -5.886 -5.970 -6.013 -6.021
0.0152 0.01508 4.00000 17.2653808594 2.6299700737   17.258  4.226  3.9263  2.106    0  0.000  0.545     0.00     0.00 -1    -1e-30      0.00 7.092e-01 2.755e-01 2.746e-03 7.408e-04 6.719e-03 -1.000 1.527e-02 -5.794 -5.786 -5.835 -5.833 -5.860 -5.896 -5.950 -5.980 -5.983
0.0152 0.01508 4.00000 17.6624298096 2.6300857067   17.652  4.264  3.9457  2.156    0  0.000  0.545     0.00     0.00 -1    -1e-30      0.00 7.092e-01 2.755e-01 2.746e-03 7.408e-04 6.719e-03 -1.000 1.527e-02 -5.890 -5.919 -5.893 -5.866 -5.881 -5.903 -5.924 -5.942 -5.939
0.0152 0.01508 4.00000 18.0000000000 2.6301794052   17.990  4.296  3.9621  2.197    0  0.000  0.545     0.00     0.00 -1    -1e-30      0.00 7.092e-01 2.755e-01 2.746e-03 7.408e-04 6.719e-03 -1.000 1.527e-02 -5.970 -6.013 -5.925 -5.884 -5.892 -5.904 -5.900 -5.910 -5.902
0.0152 0.01508 4.00000 18.2360324860 2.6302425861   18.226  4.317  3.9728  2.225    0  0.000  0.545     0.00     0.00 -1    -1e-30      0.00 7.092e-01 2.755e-01 2.746e-03 7.408e-04 6.719e-03 -1.000 1.527e-02 -6.023 -6.070 -5.942 -5.893 -5.897 -5.904 -5.885 -5.890 -5.878
0.0152 0.01508 4.00000 18.6053619385 2.6303374767   18.596  4.350  3.9893  2.266    0  0.000  0.545     0.00     0.00 -1    -1e-30      0.00 7.092e-01 2.755e-01 2.746e-03 7.408e-04 6.719e-03 -1.000 1.527e-02 -6.106 -6.154 -5.964 -5.904 -5.904 -5.902 -5.861 -5.860 -5.843
0.0152 0.01508 4.00000 18.9792537689 2.6304295063   18.971  4.384  4.0058  2.307    0  0.000  0.545     0.00     0.00 -1    -1e-30      0.00 7.092e-01 2.755e-01 2.746e-03 7.408e-04 6.719e-03 -1.000 1.527e-02 -6.190 -6.231 -5.983 -5.914 -5.910 -5.900 -5.839 -5.832 -5.811
0.0152 0.01508 4.00000 19.3575668335 2.6305184364   19.351  4.418  4.0222  2.347    0  0.000  0.545     0.00     0.00 -1    -1e-30      0.00 7.092e-01 2.755e-01 2.746e-03 7.408e-04 6.719e-03 -1.000 1.527e-02 -6.276 -6.306 -6.002 -5.924 -5.916 -5.898 -5.819 -5.805 -5.781
0.0152 0.01508 4.00000 19.8042163849 2.6306183338   19.799  4.460  4.0414  2.392    0  0.000  0.545     0.00     0.00 -1    -1e-30      0.00 7.092e-01 2.755e-01 2.746e-03 7.408e-04 6.719e-03 -1.000 1.527e-02 -6.380 -6.389 -6.024 -5.936 -5.923 -5.897 -5.797 -5.778 -5.750
0.0152 0.01508 4.00000 20.0000000000 2.6306605339   19.996  4.479  4.0497  2.411    0  0.000  0.545     0.00     0.00 -1    -1e-30      0.00 7.092e-01 2.755e-01 2.746e-03 7.408e-04 6.719e-03 -1.000 1.527e-02 -6.427 -6.425 -6.034 -5.942 -5.926 -5.897 -5.789 -5.767 -5.738
0.0152 0.01508 4.00000 20.1627502441 2.6306948662   20.159  4.494  4.0560  2.424    0  0.000  0.545     0.00     0.00 -1    -1e-30      0.00 7.092e-01 2.755e-01 2.746e-03 7.408e-04 6.719e-03 -1.000 1.527e-02 -6.465 -6.452 -6.044 -5.948 -5.931 -5.899 -5.785 -5.761 -5.730
0.0152 0.01508 4.00000 20.4841022491 2.6307609081   20.481  4.525  4.0683  2.450    0  0.000  0.545     0.00     0.00 -1    -1e-30      0.00 7.092e-01 2.755e-01 2.746e-03 7.408e-04 6.719e-03 -1.000 1.527e-02 -6.542 -6.507 -6.064 -5.961 -5.941 -5.904 -5.778 -5.751 -5.718
0.0152 0.01508 4.00000 20.7587928772 2.6308152676   20.756  4.551  4.0788  2.471    0  0.000  0.545     0.00     0.00 -1    -1e-30      0.00 7.092e-01 2.755e-01 2.746e-03 7.408e-04 6.719e-03 -1.000 1.527e-02 -6.609 -6.550 -6.083 -5.974 -5.950 -5.909 -5.774 -5.743 -5.708
0.0152 0.01508 4.00000 20.9872207642 2.6308593750   20.985  4.574  4.0876  2.488    0  0.000  0.545     0.00     0.00 -1    -1e-30      0.00 7.092e-01 2.755e-01 2.746e-03 7.408e-04 6.719e-03 -1.000 1.527e-02 -6.665 -6.588 -6.097 -5.984 -5.957 -5.913 -5.770 -5.737 -5.701
0.0152 0.01508 4.00000 21.2608623505 2.6309108734   21.259  4.601  4.0981  2.509    0  0.000  0.545     0.00     0.00 -1    -1e-30      0.00 7.092e-01 2.755e-01 2.746e-03 7.408e-04 6.719e-03 -1.000 1.527e-02 -6.734 -6.631 -6.113 -5.995 -5.966 -5.918 -5.766 -5.730 -5.692
0.0152 0.01508 4.00000 21.4886169434 2.6309525967   21.487  4.624  4.1069  2.526    0  0.000  0.545     0.00     0.00 -1    -1e-30      0.00 7.092e-01 2.755e-01 2.746e-03 7.408e-04 6.719e-03 -1.000 1.527e-02 -6.791 -6.665 -6.126 -6.004 -5.972 -5.921 -5.762 -5.724 -5.684
0.0152 0.01508 4.00000 21.7617683411 2.6310012341   21.760  4.651  4.1174  2.546    0  0.000  0.545     0.00     0.00 -1    -1e-30      0.00 7.092e-01 2.755e-01 2.746e-03 7.408e-04 6.719e-03 -1.000 1.527e-02 -6.858 -6.703 -6.140 -6.013 -5.978 -5.923 -5.756 -5.715 -5.674
0.0152 0.01508 4.00000 22.0350322723 2.6310484409   22.034  4.678  4.1280  2.567    0  0.000  0.545     0.00     0.00 -1    -1e-30      0.00 7.092e-01 2.755e-01 2.746e-03 7.408e-04 6.719e-03 -1.000 1.527e-02 -6.924 -6.739 -6.152 -6.020 -5.982 -5.923 -5.748 -5.704 -5.661
0.0152 0.01508 4.00000 22.3087902069 2.6310944557   22.308  4.703  4.1385  2.589    0  0.000  0.545     0.00     0.00 -1    -1e-30      0.00 7.092e-01 2.755e-01 2.746e-03 7.408e-04 6.719e-03 -1.000 1.527e-02 -6.989 -6.772 -6.162 -6.026 -5.985 -5.921 -5.738 -5.692 -5.647
0.0152 0.01508 4.00000 22.5375766754 2.6311318874   22.537  4.724  4.1472  2.607    0  0.000  0.545     0.00     0.00 -1    -1e-30      0.00 7.092e-01 2.755e-01 2.746e-03 7.408e-04 6.719e-03 -1.000 1.527e-02 -7.041 -6.797 -6.169 -6.029 -5.985 -5.919 -5.729 -5.681 -5.634
0.0152 0.01508 4.00000 22.8132781982 2.6311759949   22.813  4.748  4.1576  2.630    0  0.000  0.545     0.00     0.00 -1 -2.55e-28      0.00 7.092e-01 2.755e-01 2.746e-03 7.408e-04 6.719e-03 -1.000 1.527e-02 -7.101 -6.824 -6.176 -6.030 -5.984 -5.913 -5.716 -5.665 -5.617
0.0152 0.01508 4.00000 23.0442638397 2.6312117577   23.044  4.768  4.1663  2.650    0  0.000  0.545     0.00     0.00 -1 -6.03e-23      0.00 7.092e-01 2.755e-01 2.746e-03 7.408e-04 6.719e-03 -1.000 1.527e-02 -7.150 -6.845 -6.179 -6.030 -5.981 -5.907 -5.704 -5.650 -5.601
0.0152 0.01508 4.00000 23.2765865326 2.6312470436   23.277  4.787  4.1749  2.670    0  0.000  0.545     0.00     0.00 -1 -1.48e-19      0.00 7.092e-01 2.755e-01 2.746e-03 7.408e-04 6.719e-03 -1.000 1.527e-02 -7.197 -6.864 -6.182 -6.029 -5.977 -5.900 -5.690 -5.635 -5.584
0.0152 0.01508 4.00000 23.5575370789 2.6312887669   23.559  4.809  4.1851  2.694    0  0.000  0.545     0.00     0.00 -1 -3.13e-18      0.00 7.092e-01 2.755e-01 2.746e-03 7.408e-04 6.719e-03 -1.000 1.527e-02 -7.252 -6.884 -6.183 -6.025 -5.970 -5.890 -5.673 -5.615 -5.562
0.0152 0.01508 4.00000 23.7938003540 2.6313228607   23.795  4.826  4.1936  2.715    0  0.000  0.545     0.00     0.00 -1 -8.13e-17      0.00 7.092e-01 2.755e-01 2.746e-03 7.408e-04 6.719e-03 -1.000 1.527e-02 -7.296 -6.900 -6.183 -6.021 -5.964 -5.880 -5.657 -5.597 -5.543
0.0152 0.01508 4.00000 24.0000000000 2.6313521862   24.001  4.841  4.2010  2.733    0  0.000  0.545     0.00     0.00 -1 -3.02e-17      0.00 7.092e-01 2.755e-01 2.746e-03 7.408e-04 6.719e-03 -1.000 1.527e-02 -7.334 -6.912 -6.182 -6.017 -5.958 -5.871 -5.643 -5.582 -5.526
0.0152 0.01508 4.00000 24.3239059448 2.6313967705   24.324  4.864  4.2113  2.757    0  0.000  0.545     0.00     0.00 -1 -3.24e-17      0.00 7.092e-01 2.755e-01 2.746e-03 7.408e-04 6.719e-03 -1.000 1.527e-02 -7.390 -6.934 -6.184 -6.015 -5.952 -5.862 -5.627 -5.563 -5.505
0.0152 0.01508 4.00000 24.7623615265 2.6314551830   24.760  4.894  4.2251  2.791    0  0.000  0.545     0.00     0.00 -1 -3.52e-17      0.00 7.092e-01 2.755e-01 2.746e-03 7.408e-04 6.719e-03 -1.000 1.527e-02 -7.464 -6.960 -6.186 -6.011 -5.944 -5.849 -5.605 -5.537 -5.477
0.0152 0.01508 4.00000 25.3034038544 2.6315238476   25.298  4.929  4.2419  2.832    0  0.000  0.545     0.00     0.00 -1 -3.91e-17      0.00 7.092e-01 2.755e-01 2.746e-03 7.408e-04 6.719e-03 -1.000 1.527e-02 -7.552 -6.989 -6.187 -6.005 -5.933 -5.832 -5.577 -5.505 -5.442
0.0152 0.01508 4.00000 25.7674465179 2.6315803528   25.760  4.958  4.2559  2.867    0  0.000  0.545     0.00     0.00 -1 -4.23e-17      0.00 7.092e-01 2.755e-01 2.746e-03 7.408e-04 6.719e-03 -1.000 1.527e-02 -7.625 -7.012 -6.186 -5.998 -5.923 -5.816 -5.552 -5.477 -5.411
0.0152 0.01508 4.00000 26.3410739899 2.6316468716   26.331  4.993  4.2730  2.910    0  0.000  0.545     0.00     0.00 -1 -4.67e-17      0.00 7.092e-01 2.755e-01 2.746e-03 7.408e-04 6.719e-03 -1.000 1.527e-02 -7.711 -7.038 -6.185 -5.989 -5.909 -5.797 -5.522 -5.442 -5.373
0.0152 0.01508 4.00000 26.8338279724 2.6317014694   26.820  5.021  4.2873  2.947    0  0.000  0.545     0.00     0.00 -1 -1.39e-17      0.00 7.092e-01 2.755e-01 2.746e-03 7.408e-04 6.719e-03 -1.000 1.527e-02 -7.782 -7.055 -6.182 -5.980 -5.895 -5.778 -5.494 -5.410 -5.339
0.0152 0.01508 4.00000 27.4437141418 2.6317658424   27.427  5.055  4.3045  2.992    0  0.000  0.545     0.00     0.00 -1 -1.26e-17      0.00 7.092e-01 2.755e-01 2.746e-03 7.408e-04 6.719e-03 -1.000 1.527e-02 -7.866 -7.079 -6.179 -5.970 -5.881 -5.758 -5.463 -5.375 -5.300
0.0152 0.01508 4.00000 28.0000000000 2.6318216324   27.983  5.084  4.3199  3.033    0  0.000  0.545     0.00     0.00 -1 -1.18e-17      0.00 7.092e-01 2.755e-01 2.746e-03 7.408e-04 6.719e-03 -1.000 1.527e-02 -7.939 -7.100 -6.173 -5.960 -5.868 -5.740 -5.436 -5.344 -5.266
0.0152 0.01508 4.00000 28.0750141144 2.6318290234   28.058  5.087  4.3219  3.038    0  0.000  0.545     0.00     0.00 -1 -1.71e-17      0.00 7.092e-01 2.755e-01 2.746e-03 7.408e-04 6.719e-03 -1.000 1.527e-02 -7.949 -7.102 -6.172 -5.958 -5.865 -5.737 -5.432 -5.340 -5.261
0.0152 0.01508 4.00000 28.6191997528 2.6318809986   28.601  5.113  4.3363  3.079    0  0.000  0.545     0.00     0.00 -1 -2.28e-13      0.00 7.092e-01 2.755e-01 2.746e-03 7.408e-04 6.719e-03 -1.000 1.527e-02 -8.013 -7.114 -6.161 -5.943 -5.848 -5.717 -5.403 -5.308 -5.227
0.0152 0.01508 4.00000 29.2959270477 2.6319425106   29.277  5.144  4.3537  3.128    0  0.000  0.545     0.00     0.00 -1  -6.4e-08      0.00 7.092e-01 2.755e-01 2.746e-03 7.408e-04 6.719e-03 -1.000 1.527e-02 -8.089 -7.150 -6.172 -5.947 -5.848 -5.715 -5.391 -5.294 -5.209
0.0152 0.01508 4.00000 30.0000000000 2.6320033073   29.983  5.173  4.3712  3.178    0  0.000  0.545     0.00     0.00 -1  -2.4e-07      0.00 7.092e-01 2.755e-01 2.746e-03 7.408e-04 6.719e-03 -1.000 1.527e-02 -8.163 -7.244 -6.243 -6.001 -5.898 -5.769 -5.434 -5.347 -5.257
0.0152 0.01508 4.00000 30.0102596283 2.6320040226   29.993  5.174  4.3714  3.179    0  0.000  0.545     0.00     0.00 -1 -2.41e-07      0.00 7.092e-01 2.755e-01 2.746e-03 7.408e-04 6.719e-03 -1.000 1.527e-02 -8.164 -7.245 -6.243 -6.001 -5.897 -5.769 -5.434 -5.347 -5.257
0.0152 0.01508 4.00000 30.3725681305 2.6320340633   30.354  5.189  4.3794  3.201    0  0.000  0.545     0.00     0.00 -1 -3.04e-07      0.00 7.092e-01 2.755e-01 2.746e-03 7.408e-04 6.719e-03 -1.000 1.527e-02 -8.202 -7.248 -6.240 -5.995 -5.890 -5.760 -5.424 -5.336 -5.244
0.0152 0.01508 4.00000 30.7433967590 2.6320638657   30.725  5.204  4.3874  3.223    0  0.000  0.545     0.00     0.00 -1  -3.8e-07      0.00 7.092e-01 2.755e-01 2.746e-03 7.408e-04 6.719e-03 -1.000 1.527e-02 -8.240 -7.248 -6.233 -5.988 -5.883 -5.752 -5.413 -5.324 -5.230
0.0152 0.01508 4.00000 31.0601062775 2.6320886612   31.041  5.216  4.3943  3.243    0  0.000  0.545     0.00     0.00 -1 -4.53e-07      0.00 7.092e-01 2.755e-01 2.746e-03 7.408e-04 6.719e-03 -1.000 1.527e-02 -8.270 -7.248 -6.227 -5.982 -5.876 -5.744 -5.403 -5.311 -5.217
0.0152 0.01508 4.00000 31.4521236420 2.6321184635   31.433  5.231  4.4027  3.267    0  0.000  0.545     0.00     0.00 -1 -5.03e-07      0.00 7.092e-01 2.755e-01 2.746e-03 7.408e-04 6.719e-03 -1.000 1.527e-02 -8.307 -7.247 -6.219 -5.972 -5.865 -5.731 -5.384 -5.291 -5.195
0.0152 0.01508 4.00000 31.8638095856 2.6321489811   31.844  5.246  4.4115  3.293    0  0.000  0.545     0.00     0.00 -1 -4.24e-07      0.00 7.092e-01 2.755e-01 2.746e-03 7.408e-04 6.719e-03 -1.000 1.527e-02 -8.344 -7.246 -6.211 -5.959 -5.849 -5.709 -5.355 -5.260 -5.162
0.0152 0.01508 4.00000 32.2353286743 2.6321759224   32.214  5.259  4.4194  3.317    0  0.000  0.545     0.00     0.00 -1  -3.2e-07      0.00 7.092e-01 2.755e-01 2.746e-03 7.408e-04 6.719e-03 -1.000 1.527e-02 -8.376 -7.242 -6.201 -5.944 -5.831 -5.687 -5.326 -5.228 -5.128
0.0152 0.01508 4.00000 32.6491394043 2.6322047710   32.627  5.272  4.4280  3.343    0  0.000  0.545     0.00     0.00 -1 -1.66e-07      0.00 7.092e-01 2.755e-01 2.746e-03 7.408e-04 6.719e-03 -1.000 1.527e-02 -8.411 -7.234 -6.184 -5.922 -5.806 -5.659 -5.292 -5.191 -5.089
0.0152 0.01508 4.00000 33.1427841187 2.6322383881   33.119  5.288  4.4381  3.374    0  0.000  0.545     0.00     0.00 -1  -1.4e-07      0.00 7.092e-01 2.755e-01 2.746e-03 7.408e-04 6.719e-03 -1.000 1.527e-02 -8.450 -7.222 -6.163 -5.897 -5.779 -5.630 -5.259 -5.154 -5.052
0.0152 0.01508 4.00000 33.7057189941 2.6322751045   33.681  5.305  4.4494  3.410    0  0.000  0.545     0.00     0.00 -1 -1.72e-07      0.00 7.092e-01 2.755e-01 2.746e-03 7.408e-04 6.719e-03 -1.000 1.527e-02 -8.493 -7.206 -6.138 -5.866 -5.745 -5.593 -5.222 -5.113 -5.011
0.0152 0.01508 4.00000 34.5262298584 2.6323263645   34.500  5.329  4.4664  3.464    0  0.000  0.545     0.00     0.00 -1 -2.31e-07      0.00 7.092e-01 2.755e-01 2.746e-03 7.408e-04 6.719e-03 -1.000 1.527e-02 -8.553 -7.185 -6.103 -5.827 -5.701 -5.543 -5.163 -5.053 -4.951
0.0152 0.01508 4.00000 35.0000000000 2.6323544979   34.976  5.344  4.4769  3.497    0  0.000  0.545     0.00     0.00 -1 -2.72e-07      0.00 7.092e-01 2.755e-01 2.746e-03 7.408e-04 6.719e-03 -1.000 1.527e-02 -8.590 -7.178 -6.086 -5.808 -5.680 -5.517 -5.129 -5.017 -4.914
0.0152 0.01508 4.00000 35.3286972046 2.6323738098   35.306  5.352  4.4819  3.513    0  0.000  0.545     0.00     0.00 -1 -2.92e-07      0.00 7.092e-01 2.755e-01 2.746e-03 7.408e-04 6.719e-03 -1.000 1.527e-02 -8.611 -7.177 -6.082 -5.802 -5.674 -5.511 -5.122 -5.010 -4.907
0.0152 0.01508 4.00000 36.7288055420 2.6324508190   36.708  5.386  4.5018  3.576    0  0.000  0.545     0.00     0.00 -1 -3.83e-07      0.00 7.092e-01 2.755e-01 2.746e-03 7.408e-04 6.719e-03 -1.000 1.527e-02 -8.695 -7.169 -6.063 -5.779 -5.650 -5.486 -5.093 -4.978 -4.872
0.0152 0.01508 4.00000 38.0045471191 2.6325154305   37.986  5.415  4.5188  3.630    0  0.000  0.545     0.00     0.00 -1 -4.79e-07      0.00 7.092e-01 2.755e-01 2.746e-03 7.408e-04 6.719e-03 -1.000 1.527e-02 -8.768 -7.139 -6.024 -5.738 -5.609 -5.444 -5.044 -4.924 -4.816
0.0152 0.01508 4.00000 39.3755111694 2.6325793266   39.360  5.445  4.5359  3.683    0  0.000  0.545     0.00     0.00 -1 -5.84e-07      0.00 7.092e-01 2.755e-01 2.746e-03 7.408e-04 6.719e-03 -1.000 1.527e-02 -8.843 -7.113 -5.991 -5.702 -5.574 -5.407 -5.006 -4.884 -4.777
0.0152 0.01508 4.00000 40.0000000000 2.6326069832   39.987  5.458  4.5432  3.707    0  0.000  0.545     0.00     0.00 -1 -6.36e-07      0.00 7.092e-01 2.755e-01 2.746e-03 7.408e-04 6.719e-03 -1.000 1.527e-02 -8.875 -7.105 -5.980 -5.691 -5.562 -5.394 -4.992 -4.872 -4.765
0.0152 0.01508 4.00000 40.7508392334 2.6326386929   40.740  5.473  4.5510  3.731    0  0.000  0.545     0.00     0.00 -1 -6.97e-07      0.00 7.092e-01 2.755e-01 2.746e-03 7.408e-04 6.719e-03 -1.000 1.527e-02 -8.912 -7.100 -5.973 -5.682 -5.552 -5.383 -4.981 -4.861 -4.754
0.0152 0.01508 4.00000 42.3101158142 2.6327006817   42.304  5.502  4.5658  3.777    0  0.000  0.545     0.00     0.00 -1 -8.23e-07      0.00 7.092e-01 2.755e-01 2.746e-03 7.408e-04 6.719e-03 -1.000 1.527e-02 -8.986 -7.098 -5.966 -5.679 -5.551 -5.380 -4.978 -4.858 -4.752
0.0152 0.01508 4.00000 44.1633872986 2.6327676773   44.162  5.535  4.5815  3.826    0  0.000  0.545     0.00     0.00 -1 -9.78e-07      0.00 7.092e-01 2.755e-01 2.746e-03 7.408e-04 6.719e-03 -1.000 1.527e-02 -9.067 -7.095 -5.957 -5.669 -5.539 -5.366 -4.966 -4.847 -4.741
0.0152 0.01508 4.00000 45.0000000000 2.6327958107   45.000  5.549  4.5880  3.846    0  0.000  0.545     0.00     0.00 -1 -1.05e-06      0.00 7.092e-01 2.755e-01 2.746e-03 7.408e-04 6.719e-03 -1.000 1.527e-02 -9.103 -7.000 -5.850 -5.546 -5.421 -5.258 -4.885 -4.771 -4.673
0.0152 0.01508 4.00000 45.6725578308 2.6328177452   45.670  5.560  4.5929  3.861    0  0.000  0.545     0.00     0.00 -1 -1.11e-06      0.00 7.092e-01 2.755e-01 2.746e-03 7.408e-04 6.719e-03 -1.000 1.527e-02 -9.129 -6.996 -5.844 -5.542 -5.420 -5.261 -4.887 -4.770 -4.671
0.0152 0.01508 4.00000 49.1296005249 2.6329190731   49.117  5.608  4.6107  3.916    0  0.000  0.545     0.00     0.00 -1 -1.35e-06      0.00 7.092e-01 2.755e-01 2.746e-03 7.408e-04 6.719e-03 -1.000 1.527e-02 -9.251 -7.012 -5.854 -5.554 -5.432 -5.272 -4.889 -4.770 -4.675
0.0152 0.01508 4.00000 50.0000000000 2.6329421997   49.985  5.620  4.6140  3.925    0  0.000  0.545     0.00     0.00 -1 -1.41e-06      0.00 7.092e-01 2.755e-01 2.746e-03 7.408e-04 6.719e-03 -1.000 1.527e-02 -9.280 -7.020 -5.862 -5.561 -5.438 -5.275 -4.890 -4.771 -4.678
0.0152 0.01508 4.00000 55.0000076294 2.6330580711   54.958  5.682  4.6287  3.963    0  0.000  0.545     0.00     0.00 -1 -1.75e-06      0.00 7.092e-01 2.755e-01 2.746e-03 7.408e-04 6.719e-03 -1.000 1.527e-02 -9.435 -7.088 -5.926 -5.621 -5.491 -5.319 -4.924 -4.805 -4.713
0.0152 0.01508 4.00000 59.7427825928 2.6331479549   59.685  5.739  4.6411  3.991    0  0.000  0.545     0.00     0.00 -1  -2.1e-06      0.00 7.092e-01 2.755e-01 2.746e-03 7.408e-04 6.719e-03 -1.000 1.527e-02 -9.577 -7.174 -6.007 -5.698 -5.563 -5.384 -4.983 -4.866 -4.772
0.0152 0.01508 4.00000 60.0000000000 2.6331522465   59.948  5.742  4.6417  3.993    0  0.000  0.545     0.00     0.00 -1 -2.12e-06      0.00 7.092e-01 2.755e-01 2.746e-03 7.408e-04 6.719e-03 -1.000 1.527e-02 -9.585 -7.179 -6.012 -5.702 -5.567 -5.388 -4.987 -4.870 -4.775
0.0152 0.01508 4.00000 64.0636291504 2.6332163811   63.961  5.787  4.6504  4.010    0  0.000  0.545     0.00     0.00 -1 -2.45e-06      0.00 7.092e-01 2.755e-01 2.746e-03 7.408e-04 6.719e-03 -1.000 1.527e-02 -9.699 -7.253 -6.083 -5.772 -5.634 -5.451 -5.049 -4.934 -4.841
0.0152 0.01508 4.00000 65.0000000000 2.6332299709   64.885  5.798  4.6522  4.013    0  0.000  0.545     0.00     0.00 -1 -2.53e-06      0.00 7.092e-01 2.755e-01 2.746e-03 7.408e-04 6.719e-03 -1.000 1.527e-02 -9.725 -7.269 -6.099 -5.788 -5.650 -5.468 -5.065 -4.950 -4.857
0.0152 0.01508 4.00000 68.9767761230 2.6332824230   68.888  5.838  4.6596  4.028    0  0.000  0.545     0.00     0.00 -1 -2.83e-06      0.00 7.092e-01 2.755e-01 2.746e-03 7.408e-04 6.719e-03 -1.000 1.527e-02 -9.826 -7.328 -6.157 -5.846 -5.709 -5.528 -5.122 -5.006 -4.912
0.0152 0.01508 4.00000 70.0000000000 2.6332950592   69.928  5.850  4.6617  4.032    0  0.000  0.545     0.00     0.00 -1 -2.92e-06      0.00 7.092e-01 2.755e-01 2.746e-03 7.408e-04 6.719e-03 -1.000 1.527e-02 -9.854 -7.345 -6.174 -5.863 -5.727 -5.545 -5.139 -5.022 -4.929
0.0152 0.01508 4.00000 80.0000000000 2.6333973408   79.812  5.949  4.6781  4.055    0  0.000  0.545     0.00     0.00 -1 -3.92e-06      0.00 7.092e-01 2.755e-01 2.746e-03 7.408e-04 6.719e-03 -1.000 1.527e-02 -10.102 -7.495 -6.322 -6.011 -5.876 -5.696 -5.285 -5.164 -5.068
0.0152 0.01508 4.00000 81.2122268677 2.6334078312   81.042  5.960  4.6800  4.058    0  0.000  0.545     0.00     0.00 -1 -4.05e-06      0.00 7.092e-01 2.755e-01 2.746e-03 7.408e-04 6.719e-03 -1.000 1.527e-02 -10.131 -7.509 -6.336 -6.024 -5.889 -5.709 -5.298 -5.178 -5.082
0.0152 0.01508 4.00000 90.0000000000 2.6334741116   89.956  6.040  4.6938  4.080    0  0.000  0.545     0.00     0.00 -1 -5.13e-06      0.00 7.092e-01 2.755e-01 2.746e-03 7.408e-04 6.719e-03 -1.000 1.527e-02 -10.329 -7.603 -6.428 -6.114 -5.977 -5.797 -5.391 -5.272 -5.176
0.0152 0.01508 4.00000 95.0000000000 2.6335055828   94.943  6.080  4.7004  4.089    0  0.000  0.545     0.00     0.00 -1 -5.77e-06      0.00 7.092e-01 2.755e-01 2.746e-03 7.408e-04 6.719e-03 -1.000 1.527e-02 -10.429 -7.655 -6.479 -6.163 -6.025 -5.845 -5.441 -5.323 -5.227
0.0152 0.01508 4.00000 99.9339370728 2.6335332394   99.853  6.116  4.7046  4.092    0  0.000  0.545     0.00     0.00 -1 -6.42e-06      0.00 7.092e-01 2.755e-01 2.746e-03 7.408e-04 6.719e-03 -1.000 1.527e-02 -10.520 -7.716 -6.540 -6.223 -6.087 -5.906 -5.503 -5.386 -5.292
0.0152 0.01508 4.00000 100.0000000000 2.6335334778   99.919  6.116  4.7046  4.092    0  0.000  0.545     0.00     0.00 -1 -6.43e-06      0.00 7.092e-01 2.755e-01 2.746e-03 7.408e-04 6.719e-03 -1.000 1.527e-02 -10.521 -7.717 -6.541 -6.225 -6.088 -5.907 -5.504 -5.387 -5.293
0.0152 0.01508 4.00000 120.0000152588 2.6336188316  119.825  6.243  4.7161  4.090    0  0.000  0.545     0.00     0.00 -1 -9.23e-06      0.00 7.092e-01 2.755e-01 2.746e-03 7.408e-04 6.719e-03 -1.000 1.527e-02 -10.838 -7.953 -6.776 -6.462 -6.327 -6.148 -5.744 -5.628 -5.537
0.0152 0.01508 4.00000 121.8597946167 2.6336188316  121.682  6.253  4.7169  4.090    0  0.000  0.545     0.00     0.00 -1  -9.5e-06      0.00 7.092e-01 2.755e-01 2.746e-03 7.408e-04 6.719e-03 -1.000 1.527e-02 -10.863 -7.973 -6.796 -6.482 -6.347 -6.168 -5.764 -5.648 -5.558
0.0152 0.01508 4.00000 150.9042053223 2.6336188316  150.545  6.396  4.7207  4.055    0  0.000  0.540     0.00     0.00 -1 -1.46e-05      0.00 7.090e-01 2.757e-01 2.719e-03 8.053e-04 6.680e-03 -1.000 1.527e-02 -11.219 -8.304 -7.126 -6.816 -6.690 -6.512 -6.129 -6.037 -5.985
0.0152 0.01508 4.00000 153.7092895508 2.6336188316  153.176  6.408  4.7029  3.979    0  0.000  0.537     0.00     0.00 -1  -1.6e-05      0.00 7.092e-01 2.755e-01 2.699e-03 7.911e-04 6.719e-03 -1.000 1.528e-02 -11.250 -8.461 -7.287 -6.980 -6.853 -6.678 -6.286 -6.182 -6.110
0.0152 0.01508 4.00000 155.2936859131 2.6336188316  154.730  6.413  4.6907  3.929    0  0.000  0.545     0.00     0.00 -1 -1.67e-05      0.00 7.092e-01 2.755e-01 2.746e-03 7.408e-04 6.719e-03 -1.000 1.527e-02 -11.263 -8.570 -7.396 -7.089 -6.959 -6.782 -6.384 -6.276 -6.198
0.0152 0.01508 4.00000 157.7562866211 2.6336188316  157.201  6.424  4.6817  3.889    0  0.000  0.545     0.00     0.00 -1 -1.78e-05      0.00 7.092e-01 2.755e-01 2.746e-03 7.408e-04 6.719e-03 -1.000 1.527e-02 -11.290 -8.671 -7.497 -7.189 -7.058 -6.879 -6.477 -6.366 -6.287
0.0152 0.01508 4.00000 161.3484954834 2.6336188316  160.834  6.442  4.6756  3.857    0  0.000  0.545     0.00     0.00 -1 -1.91e-05      0.00 7.092e-01 2.755e-01 2.746e-03 7.408e-04 6.719e-03 -1.000 1.527e-02 -11.334 -8.766 -7.592 -7.283 -7.151 -6.971 -6.565 -6.453 -6.373
0.0152 0.01508 4.00000 200.0000305176 2.6336188316  199.406  6.580  4.6833  3.843    0  0.000  0.545     0.00     0.00 -1 -2.77e-05      0.00 7.092e-01 2.755e-01 2.746e-03 7.408e-04 6.719e-03 -1.000 1.527e-02 -11.681 -9.049 -7.875 -7.567 -7.436 -7.258 -6.856 -6.746 -6.667
0.0152 0.01508 4.00000 250.0000000000 2.6336188316  248.594  6.711  4.6981  3.867    0  0.000  0.545     0.00     0.00 -1 -3.91e-05      0.00 7.092e-01 2.755e-01 2.746e-03 7.408e-04 6.719e-03 -1.000 1.527e-02 -12.006 -9.253 -8.078 -7.772 -7.643 -7.468 -7.073 -6.967 -6.891
0.0152 0.01508 4.00000 300.0000305176 2.6336188316  297.910  6.815  4.6932  3.822    0  0.000  0.545     0.00     0.00 -1 -5.35e-05      0.00 7.092e-01 2.755e-01 2.746e-03 7.408e-04 6.719e-03 -1.000 1.527e-02 -12.268 -9.554 -8.380 -8.073 -7.943 -7.767 -7.370 -7.263 -7.186
0.0152 0.01508 4.00000 350.0000000000 2.6336188316  347.523  6.904  4.7280  3.939    0  0.000  0.536     0.00     0.00 -1 -6.16e-05      0.00 7.092e-01 2.756e-01 2.704e-03 7.961e-04 6.712e-03 -1.000 1.528e-02 -12.490 -9.528 -8.353 -8.046 -7.924 -7.749 -7.374 -7.289 -7.248
0.0152 0.01508 4.00000 350.0087280273 2.6336188316  345.137  6.893  4.6349  3.575    0  0.000  0.433     0.00     0.00 -1 -3.46e-07      0.00 7.089e-01 2.758e-01 2.222e-03 1.431e-03 6.635e-03 -1.000 1.534e-02 -12.463 -10.129 -8.979 -8.683 -8.557 -8.386 -8.001 -7.899 -7.817
0.0152 0.01508 4.00000 350.0126342773 2.6336188316  341.719  6.888  4.5872  3.385    0  0.000  0.114     0.00     0.00 -1 -3.51e-08      0.00 7.060e-01 2.785e-01 5.404e-04 4.106e-03 5.843e-03 -1.000 1.549e-02 -12.449 -10.526 -9.404 -9.132 -9.019 -8.865 -8.497 -8.396 -8.308
0.0152 0.01508 4.00000 350.0168457031 2.6336188316  333.227  6.882  4.5394  3.188    0  0.000  0.142     0.00     0.00 -1 -3.04e-09      0.00 6.855e-01 2.994e-01 5.485e-04 6.590e-03 2.992e-03 -1.000 1.516e-02 -12.436 -10.730 -9.612 -9.335 -9.212 -9.049 -8.648 -8.528 -8.422
0.0152 0.01508 4.00000 350.0195922852 2.6336188316  322.004  6.879  4.5104  3.061    0  0.000  0.300     0.00     0.00 -1 -6.14e-10      0.00 6.500e-01 3.349e-01 6.197e-04 7.478e-03 1.883e-03 -1.000 1.506e-02 -12.427 -10.868 -9.758 -9.480 -9.354 -9.190 -8.792 -8.673 -8.568
0.0152 0.01508 4.00000 350.0209655762 2.6336188316  313.551  6.877  4.4974  2.999    0  0.000  0.511     0.00     0.00 -1 -2.81e-10      0.00 6.200e-01 3.650e-01 6.592e-04 7.649e-03 1.635e-03 -1.000 1.500e-02 -12.423 -10.968 -9.840 -9.570 -9.468 -9.294 -8.955 -8.867 -8.821
0.0152 0.01508 4.00000 350.0220336914 2.6336188316  304.625  6.876  4.4886  2.953    0  0.000  0.792     0.00     0.00 -1 -1.51e-10      0.00 5.862e-01 3.988e-01 6.893e-04 7.634e-03 1.613e-03 -1.000 1.500e-02 -12.419 -11.007 -9.885 -9.617 -9.516 -9.343 -9.006 -8.919 -8.874
0.0152 0.01508 4.00000 350.0228576660 2.6336188316  296.098  6.875  4.4829  2.918    0  0.000  0.959     0.00     0.00 -1 -9.56e-11      0.00 5.521e-01 4.329e-01 7.120e-04 7.587e-03 1.641e-03 -1.000 1.501e-02 -12.418 -11.033 -9.916 -9.649 -9.549 -9.376 -9.041 -8.954 -8.910
0.0152 0.01508 4.00000 350.0234680176 2.6336188316  288.621  6.874  4.4794  2.893    0  0.000  1.031     0.00     0.00 -1  -6.8e-11      0.00 5.230e-01 4.620e-01 7.288e-04 7.541e-03 1.673e-03 -1.000 1.498e-02 -12.416 -11.048 -9.933 -9.668 -9.567 -9.395 -9.061 -8.974 -8.931
0.0152 0.01508 4.00000 350.0238952637 2.6336188316  282.730  6.874  4.4776  2.877    0  0.000  1.061     0.00     0.00 -1  -5.4e-11      0.00 4.995e-01 4.856e-01 7.405e-04 7.505e-03 1.698e-03 -1.000 1.497e-02 -12.415 -10.207 -9.056 -8.789 -8.683 -8.476 -8.121 -8.039 -8.086
0.0152 0.01508 4.00000 350.0242919922 2.6336188316  276.641  6.874  4.4764  2.864    0  0.000  1.080     0.00     0.00 -1 -4.33e-11      0.00 4.750e-01 5.100e-01 7.515e-04 7.475e-03 1.722e-03 -1.000 1.500e-02 -12.415 -10.207 -9.057 -8.790 -8.684 -8.477 -8.122 -8.041 -8.089
0.0152 0.01508 4.00000 350.0246582031 2.6336188316  270.148  6.873  4.4759  2.852    0  0.000  1.098     0.00     0.00 -1 -3.53e-11      0.00 4.490e-01 5.360e-01 7.621e-04 7.442e-03 1.746e-03 -1.000 1.501e-02 -12.414 -10.207 -9.057 -8.790 -8.684 -8.477 -8.122 -8.041 -8.090
0.0152 0.01508 4.00000 350.0249938965 2.6336188316  263.625  6.873  4.4757  2.841    0  0.000  1.114     0.00     0.00 -1 -2.92e-11      0.00 4.237e-01 5.613e-01 7.718e-04 7.413e-03 1.767e-03 -1.000 1.501e-02 -12.413 -10.206 -9.056 -8.789 -8.684 -8.477 -8.122 -8.041 -8.089
0.0152 0.01508 4.00000 350.0250549316 2.6336188316  260.035  6.869  4.4784  2.849    0  0.000  1.121     0.00     0.00 -1 -5.06e-11      0.00 4.135e-01 5.714e-01 7.734e-04 7.409e-03 1.770e-03 -1.000 1.501e-02 -12.403 -10.194 -9.043 -8.776 -8.669 -8.463 -8.107 -8.025 -8.072
0.0152 0.01508 4.00000 350.0251770020 2.6336188316  251.234  6.856  4.4776  2.845    0  0.000  1.125     0.00     0.00 -1 -4.61e-11      0.00 4.046e-01 5.803e-01 7.766e-04 7.399e-03 1.778e-03 -1.000 1.505e-02 -12.369 -10.160 -9.010 -8.742 -8.636 -8.430 -8.074 -7.992 -8.040
0.0152 0.01508 4.00000 350.0252990723 2.6336188316  242.576  6.842  4.4777  2.844    0  0.000  1.130     0.00     0.00 -1  -5.4e-11      0.00 3.943e-01 5.906e-01 7.798e-04 7.392e-03 1.785e-03 -1.000 1.505e-02 -12.334 -10.713 -9.547 -9.284 -9.172 -9.006 -8.648 -8.561 -8.524
0.0152 0.01508 4.00000 350.0254211426 2.6336188316  233.885  6.827  4.4783  2.845    0  0.000  1.135     0.00     0.00 -1 -7.16e-11      0.00 3.829e-01 6.021e-01 7.831e-04 7.382e-03 1.792e-03 -1.000 1.502e-02 -12.298 -10.678 -9.511 -9.248 -9.136 -8.970 -8.612 -8.525 -8.488
0.0152 0.01508 4.00000 350.0255126953 2.6336188316  221.590  6.807  4.4848  2.868    0  0.000  1.151     0.00     0.00 -1 -7.84e-11      0.00 3.588e-01 6.262e-01 7.867e-04 7.373e-03 1.799e-03 -1.000 1.502e-02 -12.247 -10.626 -9.460 -9.197 -9.084 -8.918 -8.560 -8.473 -8.436
0.0152 0.01508 4.00000 350.0256347656 2.6336188316  206.807  6.774  4.4845  2.869    0  0.000  1.153     0.00     0.00 -1 -6.82e-11      0.00 3.483e-01 6.367e-01 7.895e-04 7.364e-03 1.806e-03 -1.000 1.505e-02 -12.165 -10.544 -9.378 -9.115 -9.003 -8.837 -8.479 -8.392 -8.355
0.0152 0.01508 4.00000 350.0257263184 2.6336188316  193.018  6.741  4.4832  2.868    0  0.000  1.153     0.00     0.00 -1  -5.9e-11      0.00 3.399e-01 6.451e-01 7.924e-04 7.354e-03 1.813e-03 -1.000 1.505e-02 -12.082 -10.461 -9.295 -9.032 -8.920 -8.754 -8.396 -8.309 -8.272
0.0152 0.01508 4.00000 350.0258483887 2.6336188316  179.814  6.707  4.4820  2.866    0  0.000  1.151     0.00     0.00 -1 -5.09e-11      0.00 3.313e-01 6.536e-01 7.952e-04 7.345e-03 1.820e-03 -1.000 1.505e-02 -11.997 -10.377 -9.210 -8.947 -8.835 -8.669 -8.311 -8.224 -8.187
0.0152 0.01508 4.00000 350.0259704590 2.6336188316  167.584  6.673  4.4809  2.865    0  0.000  1.151     0.00     0.00 -1 -4.39e-11      0.00 3.228e-01 6.621e-01 7.981e-04 7.336e-03 1.828e-03 -1.000 1.505e-02 -11.913 -10.292 -9.126 -8.863 -8.750 -8.584 -8.226 -8.139 -8.103
0.0152 0.01508 4.00000 350.0260620117 2.6336188316  156.189  6.639  4.4799  2.864    0  0.000  1.151     0.00     0.00 -1  -3.8e-11      0.00 3.141e-01 6.708e-01 8.010e-04 7.326e-03 1.835e-03 -1.000 1.505e-02 -11.828 -10.208 -9.041 -8.778 -8.666 -8.500 -8.142 -8.055 -8.018
0.0152 0.01508 4.00000 350.0261840820 2.6336188316  145.826  6.606  4.4790  2.863    0  0.000  1.151     0.00     0.00 -1 -3.29e-11      0.00 3.057e-01 6.793e-01 8.038e-04 7.317e-03 1.842e-03 -1.000 1.502e-02 -11.745 -10.125 -8.958 -8.695 -8.583 -8.417 -8.059 -7.972 -7.935
0.0152 0.01508 4.00000 350.0262756348 2.6336188316  136.139  6.573  4.4781  2.864    0  0.000  1.151     0.00     0.00 -1 -2.83e-11      0.00 2.973e-01 6.877e-01 8.067e-04 7.308e-03 1.849e-03 -1.000 1.505e-02 -11.662 -10.041 -8.875 -8.612 -8.500 -8.334 -7.976 -7.889 -7.852
0.0152 0.01508 4.00000 350.0263671875 2.6336188316  127.318  6.540  4.4773  2.864    0  0.000  1.153     0.00     0.00 -1 -2.47e-11      0.00 2.890e-01 6.960e-01 8.095e-04 7.300e-03 1.855e-03 -1.000 1.502e-02 -11.580 -9.959 -8.793 -8.530 -8.418 -8.252 -7.894 -7.807 -7.770
0.0152 0.01508 4.00000 350.0264892578 2.6336188316  118.891  6.506  4.4766  2.865    0  0.000  1.155     0.00     0.00 -1 -2.13e-11      0.00 2.805e-01 7.045e-01 8.124e-04 7.294e-03 1.862e-03 -1.000 1.505e-02 -11.496 -9.875 -8.709 -8.446 -8.334 -8.168 -7.810 -7.723 -7.686
0.0152 0.01508 4.00000 350.0265808105 2.6336188316  111.194  6.474  4.4761  2.867    0  0.000  1.159     0.00     0.00 -1 -1.86e-11      0.00 2.721e-01 7.128e-01 8.153e-04 7.285e-03 1.869e-03 -1.000 1.508e-02 -11.414 -9.793 -8.627 -8.364 -8.251 -8.085 -7.727 -7.640 -7.604
0.0152 0.01508 4.00000 350.0267028809 2.6336188316  103.692  6.440  4.4754  2.868    0  0.000  1.164     0.00     0.00 -1  -1.6e-11      0.00 2.633e-01 7.216e-01 8.184e-04 7.276e-03 1.875e-03 -1.000 1.509e-02 -11.329 -9.708 -8.542 -8.279 -8.166 -8.000 -7.642 -7.555 -7.519
0.0152 0.01508 4.00000 350.0267944336 2.6336188316   96.742  6.406  4.4754  2.871    0  0.000  1.172     0.00     0.00 -1 -1.37e-11      0.00 2.544e-01 7.306e-01 8.216e-04 7.266e-03 1.882e-03 -1.000 1.505e-02 -11.245 -9.625 -8.458 -8.195 -8.083 -7.917 -7.559 -7.472 -7.435
0.0152 0.01508 4.00000 350.0268859863 2.6336188316   90.410  6.374  4.4760  2.877    0  0.000  1.183     0.00     0.00 -1  -1.2e-11      0.00 2.456e-01 7.394e-01 8.249e-04 7.257e-03 1.888e-03 -1.000 1.505e-02 -11.164 -9.543 -8.377 -8.114 -8.001 -7.835 -7.477 -7.390 -7.354
0.0152 0.01508 4.00000 350.0269775391 2.6336188316   85.011  6.344  4.4770  2.884    0  0.000  1.197     0.00     0.00 -1 -1.06e-11      0.00 2.374e-01 7.476e-01 8.281e-04 7.249e-03 1.894e-03 -1.000 1.504e-02 -11.090 -9.469 -8.303 -8.040 -7.928 -7.761 -7.404 -7.316 -7.280
0.0152 0.01508 4.00000 350.0270690918 2.6336188316   79.950  6.315  4.4790  2.894    0  0.000  1.216     0.00     0.00 -1 -9.26e-12      0.00 2.292e-01 7.558e-01 8.315e-04 7.241e-03 1.900e-03 -1.000 1.503e-02 -11.016 -9.396 -8.229 -7.966 -7.854 -7.688 -7.330 -7.243 -7.206
0.0152 0.01508 4.00000 350.0271606445 2.6336188316   75.779  6.289  4.4820  2.908    0  0.000  1.238     0.00     0.00 -1 -8.27e-12      0.00 2.220e-01 7.629e-01 8.347e-04 7.233e-03 1.904e-03 -1.000 1.505e-02 -10.953 -9.332 -8.165 -7.902 -7.790 -7.624 -7.266 -7.179 -7.142
0.0152 0.01508 4.00000 350.0272216797 2.6336188316   72.393  6.267  4.4865  2.928    0  0.000  1.264     0.00     0.00 -1 -7.56e-12      0.00 2.159e-01 7.691e-01 8.378e-04 7.224e-03 1.908e-03 -1.000 1.504e-02 -10.899 -9.278 -8.112 -7.849 -7.736 -7.570 -7.212 -7.125 -7.088
0.0152 0.01508 4.00000 350.0272827148 2.6336188316   70.237  6.254  4.4918  2.950    0  0.000  1.283     0.00     0.00 -1  -7.1e-12      0.00 2.128e-01 7.721e-01 8.399e-04 7.219e-03 1.910e-03 -1.000 1.506e-02 -10.864 -9.243 -8.077 -7.814 -7.702 -7.535 -7.177 -7.090 -7.054
0.0152 0.01508 4.00000 350.0273132324 2.6336188316   67.819  6.248  4.5366  3.120    0  0.000  1.299     0.00     0.00 -1 -6.75e-12      0.00 2.104e-01 7.745e-01 8.421e-04 7.214e-03 1.913e-03 -1.000 1.506e-02 -10.850 -9.042 -7.869 -7.593 -7.477 -7.308 -6.935 -6.841 -6.798
0.0152 0.01508 4.00000 350.0273437500 2.6336188316   66.547  6.254  4.6069  3.386    0  0.000  1.199     0.00     0.00 -1 -6.89e-12      0.00 2.067e-01 7.782e-01 8.329e-04 7.227e-03 1.914e-03 -1.000 1.507e-02 -10.866 -8.656 -7.479 -7.184 -7.066 -6.892 -6.515 -6.421 -6.386
0.0152 0.01508 4.00000 350.0273742676 2.6336188316   65.736  6.269  4.7142  3.796    0  0.000  1.198     0.00     0.00 -1 -7.11e-12      0.00 2.040e-01 7.809e-01 8.333e-04 7.228e-03 1.915e-03 -1.000 1.507e-02 -10.902 -7.992 -6.803 -6.488 -6.369 -6.191 -5.803 -5.704 -5.668
0.0152 0.01508 4.00000 350.0274353027 2.6336188316   62.690  6.239  4.7317  3.875    0  0.000  1.470     0.00     0.00 -1 -6.37e-12      0.00 1.953e-01 7.896e-01 8.534e-04 7.199e-03 1.916e-03 -1.000 1.507e-02 -10.827 -7.796 -6.605 -6.290 -6.172 -5.991 -5.601 -5.503 -5.467
0.0152 0.01508 4.00000 350.0274963379 2.6336188316   59.562  6.213  4.7324  3.882    0  0.000 40.891     0.00     0.00 -1 -5.52e-12      0.00 1.949e-01 7.677e-01 2.115e-02 4.026e-03 2.222e-03  9.921 3.738e-02 -10.761 -7.726 -6.535 -6.220 -6.101 -5.920 -5.530 -5.432 -5.396
0.0152 0.01508 4.00000 350.0275878906 2.6336188316   55.978  6.184  4.7294  3.871    0  0.000 27.018     0.00     0.00 -1 -3.81e-12      0.00 1.956e-01 6.608e-01 1.204e-01 2.044e-04 6.900e-03 10.691 1.436e-01 -10.690 -7.676 -6.504 -6.204 -6.097 -5.899 -5.497 -5.411 -5.479
0.0152 0.01508 4.00000 350.0277404785 2.6336188316   52.463  6.160  4.7275  3.860    0  0.000 12.871     0.00     0.00 -1  -2.6e-12      0.00 1.967e-01 5.652e-01 2.031e-01 2.055e-04 1.875e-02 10.904 2.381e-01 -10.630 -7.628 -6.457 -6.156 -6.048 -5.851 -5.450 -5.364 -5.431
0.0152 0.01508 4.00000 350.0278625488 2.6336188316   50.091  6.147  4.7296  3.862    0  0.000  7.794     0.00     0.00 -1 -1.85e-12      0.00 1.976e-01 4.863e-01 2.635e-01 2.064e-04 3.621e-02 10.998 3.161e-01 -10.597 -7.581 -6.409 -6.108 -6.001 -5.803 -5.402 -5.316 -5.384
0.0152 0.01508 4.00000 350.0279846191 2.6336188316   48.592  6.142  4.7380  3.886    0  0.000  4.830     0.00     0.00 -1 -1.23e-12      0.00 1.985e-01 3.921e-01 3.227e-01 2.073e-04 7.026e-02 11.054 4.094e-01 -10.586 -7.515 -6.342 -6.044 -5.940 -5.737 -5.334 -5.249 -5.319
0.0152 0.01508 4.00000 350.0280456543 2.6336188316   48.011  6.146  4.7541  3.942    0  0.000  4.296     0.00     0.00 -1  -1.2e-12      0.00 1.989e-01 3.715e-01 3.329e-01 2.078e-04 8.014e-02 11.058 4.295e-01 -10.595 -7.419 -6.242 -5.952 -5.855 -5.635 -5.230 -5.146 -5.216
0.0152 0.01508 4.00000 350.0280761719 2.6336188316   47.737  6.223  4.8662  4.311    3  0.000  4.115     0.00     0.00 -1 -2.28e-12      0.00 1.991e-01 3.642e-01 3.359e-01 2.080e-04 8.443e-02 11.057 4.367e-01 -10.787 -6.840 -5.624 -5.431 -5.370 -4.998 -4.579 -4.482 -4.443
#isochrone terminated
