# File generated by CMD 3.3 (http://stev.oapd.inaf.it/cmd) on Thu Sep 19 13:31:42 CEST 2019
# isochrones based on PARSEC release v1.2S +  COLIBRI S_35
# Basic references: Bressan et al. (2012), MNRAS, 427, 127 + Chen et al. (2014, 2015), MNRAS, 444, 2525 + MNRAS, 452, 1068 + Tang et al. (2014), MNRAS, 445, 4287 + Marigo et al. (2017), ApJ, 835, 77 + Pastorelli al. (2019), MNRAS in press
# Thermal pulse cycles included 
# On RGB, assumed Reimers mass loss with efficiency eta=0.2
# Photometric system: <i>UBVRIJHK</i> (cf. Maiz-Apellaniz 2006 + Bessell 1990)
# Using YBC version of bolometric corrections as in Chen et al. (2019)
# O-rich circumstellar dpmod60alox40 dust from Groenewegen (2006)
# C-rich circumstellar AMCSIC15 dust from Groenewegen (2006)
# IMF: Kroupa (2001, 2002) + Kroupa et al. (2013) canonical two-part-power law IMF corrected for unresolved binaries 
# Kind of output: isochrone tables
# Zini     MH   logAge Mini        int_IMF         Mass   logL    logTe  logg  label   McoreTP C_O  period0 period1 pmode  Mloss  tau1m   X   Y   Xc  Xn  Xo  Cexcess  Z 	 mbolmag  Umag    Bmag    Vmag    Rmag    Imag    Jmag    Hmag    Kmag
0.0152 0.01508 5.00000 0.0900000036 1.0816895962    0.090 -0.764  3.4511  2.913    0  0.000  0.545     0.00     0.00 -1 -2.56e-13      0.00 7.092e-01 2.755e-01 2.746e-03 7.408e-04 6.719e-03 -1.000 1.527e-02 6.679 12.267 11.478 10.248 8.696 6.826 4.672 4.068 3.736
0.0152 0.01508 5.00000 0.1000000015 1.1711064577    0.100 -0.688  3.4553  2.899    0  0.000  0.545     0.00     0.00 -1 -2.93e-13      0.00 7.092e-01 2.755e-01 2.746e-03 7.408e-04 6.719e-03 -1.000 1.527e-02 6.491 12.019 11.227 10.009 8.473 6.615 4.490 3.870 3.550
0.0152 0.01508 5.00000 0.1067722067 1.2253091335    0.107 -0.644  3.4585  2.896    0  0.000  0.545     0.00     0.00 -1 -3.15e-13      0.00 7.092e-01 2.755e-01 2.746e-03 7.408e-04 6.719e-03 -1.000 1.527e-02 6.380 11.863 11.065 9.855 8.334 6.485 4.383 3.752 3.442
0.0152 0.01508 5.00000 0.1233605742 1.3410689831    0.123 -0.542  3.4660  2.887    0  0.000  0.545     0.00     0.00 -1 -3.75e-13      0.00 7.092e-01 2.755e-01 2.746e-03 7.408e-04 6.719e-03 -1.000 1.527e-02 6.124 11.516 10.701 9.512 8.020 6.191 4.142 3.479 3.190
0.0152 0.01508 5.00000 0.1364372820 1.4189119339    0.136 -0.471  3.4727  2.887    0  0.000  0.545     0.00     0.00 -1 -4.19e-13      0.00 7.092e-01 2.755e-01 2.746e-03 7.408e-04 6.719e-03 -1.000 1.527e-02 5.947 11.268 10.433 9.260 7.794 5.980 3.979 3.289 3.016
0.0152 0.01508 5.00000 0.1432723850 1.4558397532    0.143 -0.437  3.4764  2.889    0  0.000  0.545     0.00     0.00 -1 -4.41e-13      0.00 7.092e-01 2.755e-01 2.746e-03 7.408e-04 6.719e-03 -1.000 1.527e-02 5.864 11.149 10.301 9.137 7.684 5.879 3.903 3.198 2.934
0.0152 0.01508 5.00000 0.1551610976 1.5149109364    0.155 -0.382  3.4830  2.894    0  0.000  0.545     0.00     0.00 -1 -4.79e-13      0.00 7.092e-01 2.755e-01 2.746e-03 7.408e-04 6.719e-03 -1.000 1.527e-02 5.724 10.952 10.079 8.929 7.499 5.709 3.777 3.046 2.796
0.0152 0.01508 5.00000 0.1625732780 1.5488405228    0.163 -0.349  3.4871  2.898    0  0.000  0.545     0.00     0.00 -1 -5.02e-13      0.00 7.092e-01 2.755e-01 2.746e-03 7.408e-04 6.719e-03 -1.000 1.527e-02 5.642 10.839 9.948 8.806 7.390 5.610 3.704 2.955 2.714
0.0152 0.01508 5.00000 0.1747228056 1.6003189087    0.175 -0.298  3.4939  2.906    0  0.000  0.545     0.00     0.00 -1 -5.39e-13      0.00 7.092e-01 2.755e-01 2.746e-03 7.408e-04 6.719e-03 -1.000 1.527e-02 5.515 10.663 9.739 8.608 7.218 5.453 3.593 2.818 2.589
0.0152 0.01508 5.00000 0.1877826452 1.6507047415    0.188 -0.244  3.5013  2.913    0  0.000  0.545     0.00     0.00 -1 -5.84e-13      0.00 7.092e-01 2.755e-01 2.746e-03 7.408e-04 6.719e-03 -1.000 1.527e-02 5.381 10.479 9.512 8.392 7.032 5.284 3.478 2.674 2.457
0.0152 0.01508 5.00000 0.2110983282 1.7302274704    0.211 -0.155  3.5135  2.923    0  0.000  0.545     0.00     0.00 -1 -6.69e-13      0.00 7.092e-01 2.755e-01 2.746e-03 7.408e-04 6.719e-03 -1.000 1.527e-02 5.157 10.181 9.126 8.010 6.706 4.999 3.286 2.441 2.242
0.0152 0.01508 5.00000 0.2282428592 1.7817517519    0.228 -0.098  3.5216  2.933    0  0.000  0.545     0.00     0.00 -1 -7.25e-13      0.00 7.092e-01 2.755e-01 2.746e-03 7.408e-04 6.719e-03 -1.000 1.527e-02 5.015 9.992 8.867 7.747 6.485 4.813 3.166 2.298 2.109
0.0152 0.01508 5.00000 0.2466103733 1.8316454887    0.247 -0.039  3.5299  2.940    0  0.000  0.545     0.00     0.00 -1 -7.93e-13      0.00 7.092e-01 2.755e-01 2.746e-03 7.408e-04 6.719e-03 -1.000 1.527e-02 4.867 9.791 8.586 7.459 6.247 4.615 3.040 2.155 1.975
0.0152 0.01508 5.00000 0.2724891901 1.8942860365    0.272  0.040  3.5412  2.950    0  0.000  0.545     0.00     0.00 -1 -8.95e-13      0.00 7.092e-01 2.755e-01 2.746e-03 7.408e-04 6.719e-03 -1.000 1.527e-02 4.669 9.509 8.173 6.997 5.867 4.338 2.882 1.984 1.810
0.0152 0.01508 5.00000 0.2994569838 1.9518252611    0.299  0.114  3.5519  2.959    0  0.000  0.545     0.00     0.00 -1    -1e-12      0.00 7.092e-01 2.755e-01 2.746e-03 7.408e-04 6.719e-03 -1.000 1.527e-02 4.484 9.231 7.772 6.548 5.492 4.080 2.734 1.834 1.664
0.0152 0.01508 5.00000 0.3000000119 1.9529139996    0.300  0.116  3.5521  2.959    0  0.000  0.545     0.00     0.00 -1    -1e-12      0.00 7.092e-01 2.755e-01 2.746e-03 7.408e-04 6.719e-03 -1.000 1.527e-02 4.480 9.225 7.765 6.540 5.485 4.075 2.731 1.831 1.662
0.0152 0.01508 5.00000 0.3163242936 1.9844955206    0.316  0.158  3.5578  2.963    0  0.000  0.545     0.00     0.00 -1 -1.07e-12      0.00 7.092e-01 2.755e-01 2.746e-03 7.408e-04 6.719e-03 -1.000 1.527e-02 4.375 9.063 7.542 6.294 5.275 3.934 2.645 1.746 1.581
0.0152 0.01508 5.00000 0.3500000238 2.0434176922    0.350  0.237  3.5688  2.973    0  0.000  0.545     0.00     0.00 -1 -1.21e-12      0.00 7.092e-01 2.755e-01 2.746e-03 7.408e-04 6.719e-03 -1.000 1.527e-02 4.179 8.743 7.132 5.847 4.887 3.681 2.486 1.591 1.434
0.0152 0.01508 5.00000 0.3837943673 2.0955677032    0.384  0.312  3.5783  2.975    0  0.000  0.545     0.00     0.00 -1 -1.37e-12      0.00 7.092e-01 2.755e-01 2.746e-03 7.408e-04 6.719e-03 -1.000 1.527e-02 3.989 8.428 6.769 5.468 4.548 3.453 2.324 1.441 1.292
0.0152 0.01508 5.00000 0.4000000358 2.1185026169    0.400  0.344  3.5825  2.978    0  0.000  0.545     0.00     0.00 -1 -1.44e-12      0.00 7.092e-01 2.755e-01 2.746e-03 7.408e-04 6.719e-03 -1.000 1.527e-02 3.910 8.286 6.616 5.312 4.405 3.359 2.257 1.382 1.237
0.0152 0.01508 5.00000 0.4235594273 2.1497731209    0.423  0.391  3.5880  2.978    0  0.000  0.545     0.00     0.00 -1 -1.56e-12      0.00 7.092e-01 2.755e-01 2.746e-03 7.408e-04 6.719e-03 -1.000 1.527e-02 3.793 8.082 6.404 5.097 4.207 3.224 2.155 1.295 1.154
0.0152 0.01508 5.00000 0.4500000477 2.1822810173    0.450  0.442  3.5937  2.976    0  0.000  0.545     0.00     0.00 -1  -1.7e-12      0.00 7.092e-01 2.755e-01 2.746e-03 7.408e-04 6.719e-03 -1.000 1.527e-02 3.665 7.854 6.180 4.875 4.000 3.078 2.041 1.197 1.060
0.0152 0.01508 5.00000 0.5000000000 2.2374541759    0.500  0.523  3.6031  2.978    0  0.000  0.545     0.00     0.00 -1 -1.95e-12      0.00 7.092e-01 2.755e-01 2.746e-03 7.408e-04 6.719e-03 -1.000 1.527e-02 3.462 7.474 5.828 4.534 3.682 2.852 1.861 1.046 0.917
0.0152 0.01508 5.00000 0.5367204547 2.2723500729    0.536  0.582  3.6088  2.973    0  0.000  0.545     0.00     0.00 -1 -2.16e-12      0.00 7.092e-01 2.755e-01 2.746e-03 7.408e-04 6.719e-03 -1.000 1.527e-02 3.315 7.213 5.592 4.309 3.471 2.691 1.728 0.931 0.807
0.0152 0.01508 5.00000 0.5500000119 2.2836582661    0.550  0.601  3.6109  2.972    0  0.000  0.545     0.00     0.00 -1 -2.23e-12      0.00 7.092e-01 2.755e-01 2.746e-03 7.408e-04 6.719e-03 -1.000 1.527e-02 3.266 7.121 5.512 4.233 3.401 2.639 1.685 0.895 0.772
0.0152 0.01508 5.00000 0.5997042060 2.3209209442    0.599  0.679  3.6174  2.958    0  0.000  0.545     0.00     0.00 -1 -2.61e-12      0.00 7.092e-01 2.755e-01 2.746e-03 7.408e-04 6.719e-03 -1.000 1.527e-02 3.072 6.784 5.222 3.961 3.144 2.432 1.506 0.737 0.620
0.0152 0.01508 5.00000 0.6000000238 2.3211214542    0.600  0.680  3.6174  2.958    0  0.000  0.545     0.00     0.00 -1 -2.61e-12      0.00 7.092e-01 2.755e-01 2.746e-03 7.408e-04 6.719e-03 -1.000 1.527e-02 3.070 6.782 5.220 3.959 3.143 2.431 1.505 0.736 0.619
0.0152 0.01508 5.00000 0.6429254413 2.3479962349    0.643  0.735  3.6223  2.953    0  0.000  0.545     0.00     0.00 -1 -2.87e-12      0.00 7.092e-01 2.755e-01 2.746e-03 7.408e-04 6.719e-03 -1.000 1.527e-02 2.933 6.535 5.013 3.767 2.964 2.286 1.380 0.627 0.514
0.0152 0.01508 5.00000 0.6499999762 2.3520355225    0.650  0.744  3.6230  2.951    0  0.000  0.545     0.00     0.00 -1 -2.93e-12      0.00 7.092e-01 2.755e-01 2.746e-03 7.408e-04 6.719e-03 -1.000 1.527e-02 2.910 6.493 4.978 3.735 2.934 2.261 1.358 0.608 0.496
0.0152 0.01508 5.00000 0.6925981045 2.3743643761    0.693  0.797  3.6271  2.943    0  0.000  0.545     0.00     0.00 -1 -3.23e-12      0.00 7.092e-01 2.755e-01 2.746e-03 7.408e-04 6.719e-03 -1.000 1.527e-02 2.779 6.265 4.789 3.560 2.771 2.123 1.237 0.501 0.392
0.0152 0.01508 5.00000 0.7000000477 2.3779268265    0.700  0.805  3.6279  2.942    0  0.000  0.545     0.00     0.00 -1 -3.28e-12      0.00 7.092e-01 2.755e-01 2.746e-03 7.408e-04 6.719e-03 -1.000 1.527e-02 2.758 6.227 4.758 3.532 2.745 2.102 1.218 0.485 0.376
0.0152 0.01508 5.00000 0.7308375239 2.3918800354    0.731  0.842  3.6329  2.944    0  0.000  0.540     0.00     0.00 -1 -3.48e-12      0.00 7.092e-01 2.755e-01 2.723e-03 7.402e-04 6.720e-03 -1.000 1.527e-02 2.666 6.012 4.596 3.389 2.619 2.002 1.139 0.422 0.318
0.0152 0.01508 5.00000 0.7500000000 2.3998889923    0.750  0.874  3.6357  2.934    0  0.000  0.538     0.00     0.00 -1 -3.75e-12      0.00 7.092e-01 2.755e-01 2.710e-03 7.399e-04 6.720e-03 -1.000 1.527e-02 2.585 5.861 4.476 3.281 2.521 1.917 1.065 0.359 0.256
0.0152 0.01508 5.00000 0.7928187251 2.4161868095    0.793  0.914  3.6387  2.930    0  0.000  0.538     0.00     0.00 -1 -4.02e-12      0.00 7.092e-01 2.755e-01 2.710e-03 7.399e-04 6.720e-03 -1.000 1.527e-02 2.484 5.685 4.334 3.151 2.401 1.812 0.971 0.275 0.175
0.0152 0.01508 5.00000 0.8000000119 2.4187245369    0.800  0.921  3.6392  2.929    0  0.000  0.538     0.00     0.00 -1 -4.06e-12      0.00 7.092e-01 2.755e-01 2.710e-03 7.399e-04 6.720e-03 -1.000 1.527e-02 2.468 5.656 4.310 3.129 2.381 1.795 0.956 0.262 0.162
0.0152 0.01508 5.00000 0.8097901344 2.4221007824    0.810  0.929  3.6399  2.929    0  0.000  0.538     0.00     0.00 -1 -4.11e-12      0.00 7.092e-01 2.755e-01 2.710e-03 7.399e-04 6.720e-03 -1.000 1.527e-02 2.448 5.620 4.282 3.103 2.358 1.774 0.938 0.246 0.147
0.0152 0.01508 5.00000 0.8500000238 2.4350347519    0.850  0.968  3.6423  2.921    0  0.000  0.538     0.00     0.00 -1 -4.43e-12      0.00 7.092e-01 2.755e-01 2.710e-03 7.399e-04 6.720e-03 -1.000 1.527e-02 2.351 5.462 4.152 2.985 2.248 1.673 0.847 0.163 0.065
0.0152 0.01508 5.00000 0.9000000358 2.4492788315    0.899  1.012  3.6450  2.912    0  0.000  0.538     0.00     0.00 -1 -4.83e-12      0.00 7.092e-01 2.755e-01 2.710e-03 7.399e-04 6.720e-03 -1.000 1.527e-02 2.239 5.281 4.005 2.849 2.123 1.558 0.742 0.068 -0.028
0.0152 0.01508 5.00000 0.9500000477 2.4618122578    0.950  1.052  3.6475  2.905    0  0.000  0.538     0.00     0.00 -1  -5.2e-12      0.00 7.092e-01 2.755e-01 2.710e-03 7.399e-04 6.720e-03 -1.000 1.527e-02 2.139 5.117 3.871 2.727 2.011 1.455 0.648 -0.016 -0.111
0.0152 0.01508 5.00000 1.0000000000 2.4729156494    1.000  1.092  3.6498  2.897    0  0.000  0.538     0.00     0.00 -1  -5.6e-12      0.00 7.092e-01 2.755e-01 2.710e-03 7.399e-04 6.720e-03 -1.000 1.527e-02 2.039 4.959 3.741 2.607 1.900 1.352 0.554 -0.102 -0.195
0.0152 0.01508 5.00000 1.0499999523 2.4828116894    1.050  1.128  3.6519  2.891    0  0.000  0.538     0.00     0.00 -1 -5.55e-12      0.00 7.092e-01 2.755e-01 2.710e-03 7.399e-04 6.720e-03 -1.000 1.527e-02 1.950 4.818 3.626 2.501 1.802 1.261 0.471 -0.178 -0.270
0.0152 0.01508 5.00000 1.1000000238 2.4916803837    1.099  1.163  3.6538  2.883    0  0.000  0.538     0.00     0.00 -1 -5.48e-12      0.00 7.092e-01 2.755e-01 2.710e-03 7.399e-04 6.720e-03 -1.000 1.527e-02 1.862 4.683 3.514 2.398 1.707 1.171 0.388 -0.255 -0.345
0.0152 0.01508 5.00000 1.1499999762 2.4996678829    1.149  1.197  3.6556  2.876    0  0.000  0.538     0.00     0.00 -1 -5.35e-12      0.00 7.092e-01 2.755e-01 2.710e-03 7.399e-04 6.720e-03 -1.000 1.527e-02 1.779 4.556 3.408 2.300 1.616 1.085 0.309 -0.327 -0.417
0.0152 0.01508 5.00000 1.2000000477 2.5068950653    1.200  1.229  3.6572  2.869    0  0.000  0.538     0.00     0.00 -1 -5.17e-12      0.00 7.092e-01 2.755e-01 2.710e-03 7.399e-04 6.720e-03 -1.000 1.527e-02 1.697 4.434 3.306 2.205 1.528 1.001 0.231 -0.399 -0.488
0.0152 0.01508 5.00000 1.2272049189 2.5105440617    1.227  1.246  3.6581  2.866    0  0.000  0.538     0.00     0.00 -1 -5.03e-12      0.00 7.092e-01 2.755e-01 2.710e-03 7.399e-04 6.720e-03 -1.000 1.527e-02 1.656 4.372 3.255 2.157 1.484 0.960 0.193 -0.435 -0.522
0.0152 0.01508 5.00000 1.2500000000 2.5134611130    1.250  1.258  3.6588  2.864    0  0.000  0.538     0.00     0.00 -1 -4.91e-12      0.00 7.092e-01 2.755e-01 2.710e-03 7.399e-04 6.720e-03 -1.000 1.527e-02 1.624 4.322 3.213 2.120 1.449 0.927 0.163 -0.462 -0.549
0.0152 0.01508 5.00000 1.2999999523 2.5194499493    1.300  1.286  3.6603  2.859    0  0.000  0.538     0.00     0.00 -1 -4.58e-12      0.00 7.092e-01 2.755e-01 2.710e-03 7.399e-04 6.720e-03 -1.000 1.527e-02 1.554 4.216 3.126 2.038 1.374 0.856 0.097 -0.523 -0.609
0.0152 0.01508 5.00000 1.3095191717 2.5205307007    1.310  1.291  3.6606  2.858    0  0.000  0.538     0.00     0.00 -1 -4.51e-12      0.00 7.092e-01 2.755e-01 2.710e-03 7.399e-04 6.720e-03 -1.000 1.527e-02 1.541 4.197 3.110 2.023 1.360 0.843 0.085 -0.534 -0.620
0.0152 0.01508 5.00000 1.3500001431 2.5249314308    1.350  1.312  3.6617  2.855    0  0.000  0.538     0.00     0.00 -1  -4.2e-12      0.00 7.092e-01 2.755e-01 2.710e-03 7.399e-04 6.720e-03 -1.000 1.527e-02 1.489 4.118 3.044 1.963 1.304 0.789 0.036 -0.579 -0.665
0.0152 0.01508 5.00000 1.4000000954 2.5299651623    1.400  1.337  3.6631  2.851    0  0.000  0.538     0.00     0.00 -1 -3.76e-12      0.00 7.092e-01 2.755e-01 2.710e-03 7.399e-04 6.720e-03 -1.000 1.527e-02 1.426 4.024 2.966 1.891 1.237 0.726 -0.023 -0.634 -0.718
0.0152 0.01508 5.00000 1.4500000477 2.5346016884    1.450  1.361  3.6644  2.848    0  0.000  0.538     0.00     0.00 -1 -3.26e-12      0.00 7.092e-01 2.755e-01 2.710e-03 7.399e-04 6.720e-03 -1.000 1.527e-02 1.368 3.935 2.892 1.823 1.174 0.666 -0.078 -0.684 -0.767
0.0152 0.01508 5.00000 1.5000000000 2.5388846397    1.500  1.386  3.6655  2.842    0  0.000  0.538     0.00     0.00 -1 -2.73e-12      0.00 7.092e-01 2.755e-01 2.710e-03 7.399e-04 6.720e-03 -1.000 1.527e-02 1.306 3.846 2.817 1.752 1.108 0.603 -0.137 -0.739 -0.822
0.0152 0.01508 5.00000 1.5500001907 2.5428512096    1.550  1.409  3.6666  2.838    0  0.000  0.538     0.00     0.00 -1 -2.14e-12      0.00 7.092e-01 2.755e-01 2.710e-03 7.399e-04 6.720e-03 -1.000 1.527e-02 1.248 3.763 2.747 1.687 1.047 0.544 -0.191 -0.790 -0.872
0.0152 0.01508 5.00000 1.5811661482 2.5451784134    1.581  1.422  3.6673  2.836    0  0.000  0.538     0.00     0.00 -1  -1.7e-12      0.00 7.092e-01 2.755e-01 2.710e-03 7.399e-04 6.720e-03 -1.000 1.527e-02 1.215 3.714 2.705 1.649 1.011 0.510 -0.223 -0.819 -0.901
0.0152 0.01508 5.00000 1.6000000238 2.5465342999    1.600  1.428  3.6678  2.837    0  0.000  0.538     0.00     0.00 -1 -1.47e-12      0.00 7.092e-01 2.755e-01 2.710e-03 7.399e-04 6.720e-03 -1.000 1.527e-02 1.199 3.687 2.684 1.629 0.994 0.494 -0.237 -0.832 -0.913
0.0152 0.01508 5.00000 1.6500000954 2.5499615669    1.649  1.451  3.6688  2.832    0  0.000  0.538     0.00     0.00 -1 -7.66e-13      0.00 7.092e-01 2.755e-01 2.710e-03 7.399e-04 6.720e-03 -1.000 1.527e-02 1.143 3.608 2.617 1.566 0.935 0.437 -0.290 -0.881 -0.963
0.0152 0.01508 5.00000 1.7000000477 2.5531582832    1.699  1.468  3.6699  2.832    0  0.000  0.538     0.00     0.00 -1    -1e-30      0.00 7.092e-01 2.755e-01 2.710e-03 7.399e-04 6.720e-03 -1.000 1.527e-02 1.100 3.539 2.561 1.515 0.888 0.393 -0.330 -0.918 -0.998
0.0152 0.01508 5.00000 1.7500000000 2.5561456680    1.749  1.489  3.6708  2.827    0  0.000  0.538     0.00     0.00 -1    -1e-30      0.00 7.092e-01 2.755e-01 2.710e-03 7.399e-04 6.720e-03 -1.000 1.527e-02 1.048 3.466 2.499 1.457 0.833 0.341 -0.379 -0.964 -1.044
0.0152 0.01508 5.00000 1.7663903236 2.5570826530    1.765  1.495  3.6711  2.827    0  0.000  0.538     0.00     0.00 -1    -1e-30      0.00 7.092e-01 2.755e-01 2.710e-03 7.399e-04 6.720e-03 -1.000 1.527e-02 1.033 3.444 2.481 1.440 0.817 0.326 -0.393 -0.977 -1.057
0.0152 0.01508 5.00000 1.8000000715 2.5589430332    1.799  1.506  3.6718  2.827    0  0.000  0.538     0.00     0.00 -1    -1e-30      0.00 7.092e-01 2.755e-01 2.710e-03 7.399e-04 6.720e-03 -1.000 1.527e-02 1.006 3.402 2.446 1.409 0.788 0.298 -0.418 -1.000 -1.079
0.0152 0.01508 5.00000 1.8500000238 2.5615673065    1.849  1.521  3.6728  2.827    0  0.000  0.538     0.00     0.00 -1    -1e-30      0.00 7.092e-01 2.755e-01 2.710e-03 7.399e-04 6.720e-03 -1.000 1.527e-02 0.967 3.341 2.397 1.363 0.746 0.258 -0.455 -1.033 -1.112
0.0152 0.01508 5.00000 1.9000000954 2.5640332699    1.899  1.540  3.6736  2.823    0  0.000  0.538     0.00     0.00 -1    -1e-30      0.00 7.092e-01 2.755e-01 2.710e-03 7.399e-04 6.720e-03 -1.000 1.527e-02 0.921 3.277 2.342 1.312 0.698 0.211 -0.498 -1.074 -1.152
0.0152 0.01508 5.00000 1.9007760286 2.5640704632    1.900  1.540  3.6736  2.823    0  0.000  0.538     0.00     0.00 -1    -1e-30      0.00 7.092e-01 2.755e-01 2.710e-03 7.399e-04 6.720e-03 -1.000 1.527e-02 0.920 3.276 2.341 1.311 0.697 0.211 -0.499 -1.075 -1.153
0.0152 0.01508 5.00000 1.9500001669 2.5663545132    1.950  1.555  3.6745  2.823    0  0.000  0.538     0.00     0.00 -1    -1e-30      0.00 7.092e-01 2.755e-01 2.710e-03 7.399e-04 6.720e-03 -1.000 1.527e-02 0.882 3.218 2.293 1.267 0.656 0.172 -0.535 -1.107 -1.185
0.0152 0.01508 5.00000 2.0000000000 2.5685424805    2.000  1.570  3.6754  2.823    0  0.000  0.538     0.00     0.00 -1    -1e-30      0.00 7.092e-01 2.755e-01 2.710e-03 7.399e-04 6.720e-03 -1.000 1.527e-02 0.845 3.162 2.247 1.225 0.617 0.134 -0.569 -1.138 -1.216
0.0152 0.01508 5.00000 2.0085380077 2.5689036846    2.009  1.573  3.6755  2.822    0  0.000  0.538     0.00     0.00 -1    -1e-30      0.00 7.092e-01 2.755e-01 2.710e-03 7.399e-04 6.720e-03 -1.000 1.527e-02 0.838 3.152 2.238 1.217 0.609 0.127 -0.576 -1.145 -1.222
0.0152 0.01508 5.00000 2.0499999523 2.5706083775    2.050  1.585  3.6763  2.822    0  0.000  0.538     0.00     0.00 -1    -1e-30      0.00 7.092e-01 2.755e-01 2.710e-03 7.399e-04 6.720e-03 -1.000 1.527e-02 0.807 3.106 2.200 1.182 0.577 0.096 -0.604 -1.171 -1.248
0.0152 0.01508 5.00000 2.0999999046 2.5725615025    2.099  1.598  3.6771  2.823    0  0.000  0.538     0.00     0.00 -1    -1e-30      0.00 7.092e-01 2.755e-01 2.710e-03 7.399e-04 6.720e-03 -1.000 1.527e-02 0.775 3.055 2.159 1.144 0.542 0.063 -0.634 -1.198 -1.274
0.0152 0.01508 5.00000 2.1359493732 2.5739011765    2.135  1.610  3.6776  2.819    0  0.000  0.538     0.00     0.00 -1    -1e-30      0.00 7.092e-01 2.755e-01 2.710e-03 7.399e-04 6.720e-03 -1.000 1.527e-02 0.745 3.015 2.123 1.111 0.510 0.033 -0.663 -1.225 -1.302
0.0152 0.01508 5.00000 2.1500000954 2.5744106770    2.149  1.614  3.6778  2.819    0  0.000  0.538     0.00     0.00 -1    -1e-30      0.00 7.092e-01 2.755e-01 2.710e-03 7.399e-04 6.720e-03 -1.000 1.527e-02 0.735 3.000 2.112 1.100 0.500 0.023 -0.672 -1.233 -1.310
0.0152 0.01508 5.00000 2.2000000477 2.5761635303    2.199  1.625  3.6787  2.822    0  0.000  0.538     0.00     0.00 -1    -1e-30      0.00 7.092e-01 2.755e-01 2.710e-03 7.399e-04 6.720e-03 -1.000 1.527e-02 0.707 2.953 2.074 1.066 0.470 -0.006 -0.697 -1.256 -1.332
0.0152 0.01508 5.00000 2.2410864830 2.5775365829    2.240  1.637  3.6792  2.820    0  0.000  0.538     0.00     0.00 -1    -1e-30      0.00 7.092e-01 2.755e-01 2.710e-03 7.399e-04 6.720e-03 -1.000 1.527e-02 0.677 2.910 2.038 1.032 0.438 -0.036 -0.725 -1.283 -1.358
0.0152 0.01508 5.00000 2.2500000000 2.5778269768    2.249  1.639  3.6794  2.820    0  0.000  0.538     0.00     0.00 -1    -1e-30      0.00 7.092e-01 2.755e-01 2.710e-03 7.399e-04 6.720e-03 -1.000 1.527e-02 0.671 2.902 2.031 1.026 0.432 -0.042 -0.731 -1.287 -1.363
0.0152 0.01508 5.00000 2.2999999523 2.5794074535    2.299  1.650  3.6802  2.822    0  0.000  0.538     0.00     0.00 -1    -1e-30      0.00 7.092e-01 2.755e-01 2.710e-03 7.399e-04 6.720e-03 -1.000 1.527e-02 0.644 2.856 1.995 0.993 0.402 -0.070 -0.755 -1.309 -1.384
0.0152 0.01508 5.00000 2.3300459385 2.5803198814    2.329  1.658  3.6806  2.821    0  0.000  0.538     0.00     0.00 -1    -1e-30      0.00 7.092e-01 2.755e-01 2.710e-03 7.399e-04 6.720e-03 -1.000 1.527e-02 0.624 2.828 1.971 0.971 0.381 -0.090 -0.774 -1.327 -1.402
0.0152 0.01508 5.00000 2.4000000954 2.5823426247    2.399  1.675  3.6816  2.822    0  0.000  0.538     0.00     0.00 -1    -1e-30      0.00 7.092e-01 2.755e-01 2.710e-03 7.399e-04 6.720e-03 -1.000 1.527e-02 0.583 2.766 1.920 0.924 0.338 -0.132 -0.812 -1.362 -1.436
0.0152 0.01508 5.00000 2.4900305271 2.5847544670    2.490  1.639  3.6861  2.892    0  0.000  0.538     0.00     0.00 -1    -1e-30      0.00 7.092e-01 2.755e-01 2.710e-03 7.399e-04 6.720e-03 -1.000 1.527e-02 0.674 2.768 1.967 0.991 0.417 -0.043 -0.707 -1.243 -1.315
0.0152 0.01508 5.00000 2.5999999046 2.5874414444    2.600  1.611  3.6904  2.955    0  0.000  0.538     0.00     0.00 -1    -1e-30      0.00 7.092e-01 2.755e-01 2.710e-03 7.399e-04 6.720e-03 -1.000 1.527e-02 0.742 2.750 1.992 1.036 0.475 0.024 -0.625 -1.148 -1.217
0.0152 0.01508 5.00000 2.6483135223 2.5885410309    2.648  1.622  3.6910  2.955    0  0.000  0.538     0.00     0.00 -1    -1e-30      0.00 7.092e-01 2.755e-01 2.710e-03 7.399e-04 6.720e-03 -1.000 1.527e-02 0.715 2.712 1.960 1.006 0.447 -0.004 -0.650 -1.172 -1.241
0.0152 0.01508 5.00000 2.8000001907 2.5917119980    2.800  1.658  3.6926  2.950    0  0.000  0.538     0.00     0.00 -1    -1e-30      0.00 7.092e-01 2.755e-01 2.710e-03 7.399e-04 6.720e-03 -1.000 1.527e-02 0.625 2.591 1.855 0.908 0.354 -0.094 -0.734 -1.251 -1.319
0.0152 0.01508 5.00000 2.9384269714 2.5942795277    2.939  1.688  3.6941  2.947    0  0.000  0.538     0.00     0.00 -1    -1e-30      0.00 7.092e-01 2.755e-01 2.710e-03 7.399e-04 6.720e-03 -1.000 1.527e-02 0.551 2.489 1.768 0.827 0.277 -0.168 -0.803 -1.316 -1.383
0.0152 0.01508 5.00000 3.0000000000 2.5953342915    3.000  1.701  3.6947  2.945    0  0.000  0.538     0.00     0.00 -1    -1e-30      0.00 7.092e-01 2.755e-01 2.710e-03 7.399e-04 6.720e-03 -1.000 1.527e-02 0.518 2.443 1.729 0.790 0.242 -0.201 -0.835 -1.346 -1.413
0.0152 0.01508 5.00000 3.0813004971 2.5966532230    3.081  1.717  3.6955  2.944    0  0.000  0.538     0.00     0.00 -1    -1e-30      0.00 7.092e-01 2.755e-01 2.710e-03 7.399e-04 6.720e-03 -1.000 1.527e-02 0.478 2.388 1.681 0.746 0.200 -0.242 -0.872 -1.381 -1.447
0.0152 0.01508 5.00000 3.2000000477 2.5984411240    3.199  1.741  3.6965  2.940    0  0.000  0.538     0.00     0.00 -1    -1e-30      0.00 7.092e-01 2.755e-01 2.710e-03 7.399e-04 6.720e-03 -1.000 1.527e-02 0.417 2.307 1.611 0.681 0.138 -0.302 -0.929 -1.434 -1.500
0.0152 0.01508 5.00000 3.3281836510 2.6002080441    3.327  1.766  3.6976  2.936    0  0.000  0.538     0.00     0.00 -1    -1e-30      0.00 7.092e-01 2.755e-01 2.710e-03 7.399e-04 6.720e-03 -1.000 1.527e-02 0.355 2.223 1.538 0.613 0.073 -0.365 -0.988 -1.490 -1.555
0.0152 0.01508 5.00000 3.4000000954 2.6011312008    3.398  1.780  3.6982  2.934    0  0.000  0.538     0.00     0.00 -1    -1e-30      0.00 7.092e-01 2.755e-01 2.710e-03 7.399e-04 6.720e-03 -1.000 1.527e-02 0.320 2.177 1.498 0.575 0.037 -0.399 -1.020 -1.521 -1.586
0.0152 0.01508 5.00000 3.5614054203 2.6030507088    3.559  1.809  3.6996  2.931    0  0.000  0.538     0.00     0.00 -1    -1e-30      0.00 7.092e-01 2.755e-01 2.710e-03 7.399e-04 6.720e-03 -1.000 1.527e-02 0.248 2.078 1.414 0.496 -0.037 -0.472 -1.088 -1.584 -1.649
0.0152 0.01508 5.00000 3.6000001431 2.6034805775    3.598  1.817  3.6999  2.929    0  0.000  0.538     0.00     0.00 -1    -1e-30      0.00 7.092e-01 2.755e-01 2.710e-03 7.399e-04 6.720e-03 -1.000 1.527e-02 0.229 2.054 1.392 0.475 -0.057 -0.491 -1.106 -1.602 -1.666
0.0152 0.01508 5.00000 3.7951126099 2.6055002213    3.793  1.854  3.7012  2.920    0  0.000  0.538     0.00     0.00 -1    -1e-30      0.00 7.092e-01 2.755e-01 2.710e-03 7.399e-04 6.720e-03 -1.000 1.527e-02 0.135 1.936 1.287 0.376 -0.153 -0.584 -1.195 -1.686 -1.750
0.0152 0.01508 5.00000 3.8000001907 2.6055479050    3.798  1.855  3.7013  2.920    0  0.000  0.538     0.00     0.00 -1    -1e-30      0.00 7.092e-01 2.755e-01 2.710e-03 7.399e-04 6.720e-03 -1.000 1.527e-02 0.133 1.933 1.284 0.374 -0.155 -0.586 -1.197 -1.688 -1.752
0.0152 0.01508 5.00000 3.9153857231 2.6066305637    3.915  1.875  3.7021  2.917    0  0.000  0.538     0.00     0.00 -1    -1e-30      0.00 7.092e-01 2.755e-01 2.710e-03 7.399e-04 6.720e-03 -1.000 1.527e-02 0.084 1.867 1.227 0.320 -0.206 -0.636 -1.243 -1.732 -1.795
0.0152 0.01508 5.00000 4.0000000000 2.6073791981    4.001  1.891  3.7027  2.912    0  0.000  0.538     0.00     0.00 -1    -1e-30      0.00 7.092e-01 2.755e-01 2.710e-03 7.399e-04 6.720e-03 -1.000 1.527e-02 0.044 1.817 1.182 0.278 -0.247 -0.676 -1.281 -1.769 -1.832
0.0152 0.01508 5.00000 4.1732249260 2.6088032722    4.171  1.921  3.7040  2.906    0  0.000  0.538     0.00     0.00 -1    -1e-30      0.00 7.092e-01 2.755e-01 2.710e-03 7.399e-04 6.720e-03 -1.000 1.527e-02 -0.032 1.718 1.096 0.197 -0.324 -0.751 -1.352 -1.835 -1.898
0.0152 0.01508 5.00000 4.1999998093 2.6090114117    4.198  1.926  3.7042  2.904    0  0.000  0.538     0.00     0.00 -1    -1e-30      0.00 7.092e-01 2.755e-01 2.710e-03 7.399e-04 6.720e-03 -1.000 1.527e-02 -0.045 1.701 1.081 0.183 -0.338 -0.764 -1.364 -1.847 -1.910
0.0152 0.01508 5.00000 4.3770084381 2.6103138924    4.374  1.959  3.7054  2.894    0  0.000  0.538     0.00     0.00 -1    -1e-30      0.00 7.092e-01 2.755e-01 2.710e-03 7.399e-04 6.720e-03 -1.000 1.527e-02 -0.127 1.598 0.989 0.095 -0.422 -0.846 -1.443 -1.922 -1.984
0.0152 0.01508 5.00000 4.4000000954 2.6104743481    4.397  1.963  3.7055  2.892    0  0.000  0.538     0.00     0.00 -1    -1e-30      0.00 7.092e-01 2.755e-01 2.710e-03 7.399e-04 6.720e-03 -1.000 1.527e-02 -0.138 1.584 0.976 0.084 -0.433 -0.857 -1.453 -1.932 -1.994
0.0152 0.01508 5.00000 4.4811286926 2.6110248566    4.478  1.978  3.7061  2.888    0  0.000  0.538     0.00     0.00 -1    -1e-30      0.00 7.092e-01 2.755e-01 2.710e-03 7.399e-04 6.720e-03 -1.000 1.527e-02 -0.175 1.537 0.935 0.044 -0.471 -0.893 -1.487 -1.965 -2.026
0.0152 0.01508 5.00000 4.5999999046 2.6117916107    4.598  2.001  3.7070  2.879    0  0.000  0.538     0.00     0.00 -1    -1e-30      0.00 7.092e-01 2.755e-01 2.710e-03 7.399e-04 6.720e-03 -1.000 1.527e-02 -0.233 1.462 0.868 -0.018 -0.531 -0.952 -1.543 -2.018 -2.079
0.0152 0.01508 5.00000 4.6282005310 2.6119670868    4.626  2.006  3.7072  2.878    0  0.000  0.538     0.00     0.00 -1    -1e-30      0.00 7.092e-01 2.755e-01 2.710e-03 7.399e-04 6.720e-03 -1.000 1.527e-02 -0.246 1.445 0.854 -0.032 -0.544 -0.965 -1.555 -2.029 -2.090
0.0152 0.01508 5.00000 4.8000001907 2.6129837036    4.798  2.044  3.7083  2.861    0  0.000  0.538     0.00     0.00 -1    -1e-30      0.00 7.092e-01 2.755e-01 2.710e-03 7.399e-04 6.720e-03 -1.000 1.527e-02 -0.339 1.332 0.751 -0.130 -0.639 -1.058 -1.644 -2.115 -2.176
0.0152 0.01508 5.00000 4.8779377937 2.6134178638    4.876  2.058  3.7090  2.856    0  0.000  0.538     0.00     0.00 -1    -1e-30      0.00 7.092e-01 2.755e-01 2.710e-03 7.399e-04 6.720e-03 -1.000 1.527e-02 -0.375 1.283 0.709 -0.169 -0.676 -1.094 -1.678 -2.147 -2.207
0.0152 0.01508 5.00000 5.0000000000 2.6140668392    4.999  2.086  3.7100  2.843    0  0.000  0.538     0.00     0.00 -1    -1e-30      0.00 7.092e-01 2.755e-01 2.710e-03 7.399e-04 6.720e-03 -1.000 1.527e-02 -0.445 1.196 0.631 -0.243 -0.747 -1.163 -1.744 -2.210 -2.270
0.0152 0.01508 5.00000 5.1999998093 2.6150546074    5.200  2.135  3.7117  2.817    0  0.000  0.538     0.00     0.00 -1    -1e-30      0.00 7.092e-01 2.755e-01 2.710e-03 7.399e-04 6.720e-03 -1.000 1.527e-02 -0.568 1.043 0.493 -0.374 -0.873 -1.286 -1.861 -2.323 -2.382
0.0152 0.01508 5.00000 5.3999996185 2.6159586906    5.401  2.185  3.7138  2.793    0  0.000  0.538     0.00     0.00 -1    -1e-30      0.00 7.092e-01 2.755e-01 2.710e-03 7.399e-04 6.720e-03 -1.000 1.527e-02 -0.691 0.885 0.354 -0.505 -0.999 -1.408 -1.976 -2.432 -2.490
0.0152 0.01508 5.00000 5.4110183716 2.6160061359    5.412  2.187  3.7139  2.792    0  0.000  0.538     0.00     0.00 -1    -1e-30      0.00 7.092e-01 2.755e-01 2.710e-03 7.399e-04 6.720e-03 -1.000 1.527e-02 -0.698 0.877 0.346 -0.512 -1.005 -1.414 -1.982 -2.437 -2.495
0.0152 0.01508 5.00000 5.4586100578 2.6162092686    5.459  2.201  3.7144  2.784    0  0.000  0.538     0.00     0.00 -1    -1e-30      0.00 7.092e-01 2.755e-01 2.710e-03 7.399e-04 6.720e-03 -1.000 1.527e-02 -0.731 0.834 0.308 -0.547 -1.040 -1.448 -2.014 -2.467 -2.525
0.0152 0.01508 5.00000 5.5999994278 2.6167888641    5.601  2.250  3.7164  2.753    0  0.000  0.538     0.00     0.00 -1    -1e-30      0.00 7.092e-01 2.755e-01 2.710e-03 7.399e-04 6.720e-03 -1.000 1.527e-02 -0.856 0.676 0.167 -0.680 -1.167 -1.572 -2.132 -2.579 -2.636
0.0152 0.01508 5.00000 5.8000001907 2.6175537109    5.801  2.332  3.7199  2.701    0  0.000  0.538     0.00     0.00 -1    -1e-30      0.00 7.092e-01 2.755e-01 2.710e-03 7.399e-04 6.720e-03 -1.000 1.527e-02 -1.060 0.414 -0.066 -0.898 -1.376 -1.775 -2.323 -2.761 -2.817
0.0152 0.01508 5.00000 5.9368581772 2.6180429459    5.937  2.394  3.7227  2.661    0  0.000  0.538     0.00     0.00 -1    -1e-30      0.00 7.092e-01 2.755e-01 2.710e-03 7.399e-04 6.720e-03 -1.000 1.527e-02 -1.215 0.215 -0.243 -1.063 -1.534 -1.928 -2.467 -2.896 -2.951
0.0152 0.01508 5.00000 6.0000000000 2.6182601452    6.000  2.425  3.7246  2.642    0  0.000  0.538     0.00     0.00 -1    -1e-30      0.00 7.092e-01 2.755e-01 2.710e-03 7.399e-04 6.720e-03 -1.000 1.527e-02 -1.293 0.109 -0.335 -1.148 -1.614 -2.004 -2.537 -2.961 -3.016
0.0152 0.01508 5.00000 6.1025199890 2.6186015606    6.103  2.475  3.7278  2.612    0  0.000  0.538     0.00     0.00 -1    -1e-30      0.00 7.092e-01 2.755e-01 2.710e-03 7.399e-04 6.720e-03 -1.000 1.527e-02 -1.417 -0.064 -0.485 -1.283 -1.741 -2.127 -2.650 -3.064 -3.118
0.0152 0.01508 5.00000 6.1999998093 2.6189143658    6.200  2.520  3.7314  2.588    0  0.000  0.538     0.00     0.00 -1    -1e-30      0.00 7.092e-01 2.755e-01 2.710e-03 7.399e-04 6.720e-03 -1.000 1.527e-02 -1.530 -0.228 -0.625 -1.408 -1.858 -2.237 -2.748 -3.153 -3.206
0.0152 0.01508 5.00000 6.2010669708 2.6189177036    6.201  2.520  3.7314  2.588    0  0.000  0.538     0.00     0.00 -1    -1e-30      0.00 7.092e-01 2.755e-01 2.710e-03 7.399e-04 6.720e-03 -1.000 1.527e-02 -1.531 -0.230 -0.626 -1.409 -1.859 -2.238 -2.749 -3.154 -3.207
0.0152 0.01508 5.00000 6.3986358643 2.6195178032    6.397  2.598  3.7406  2.560    0  0.000  0.538     0.00     0.00 -1    -1e-30      0.00 7.092e-01 2.755e-01 2.710e-03 7.399e-04 6.720e-03 -1.000 1.527e-02 -1.726 -0.548 -0.890 -1.634 -2.061 -2.425 -2.908 -3.287 -3.338
0.0152 0.01508 5.00000 6.4000000954 2.6195218563    6.399  2.599  3.7407  2.560    0  0.000  0.538     0.00     0.00 -1    -1e-30      0.00 7.092e-01 2.755e-01 2.710e-03 7.399e-04 6.720e-03 -1.000 1.527e-02 -1.727 -0.550 -0.892 -1.635 -2.063 -2.426 -2.909 -3.287 -3.338
0.0152 0.01508 5.00000 6.5564365387 2.6199672222    6.554  2.652  3.7503  2.556    0  0.000  0.538     0.00     0.00 -1    -1e-30      0.00 7.092e-01 2.755e-01 2.710e-03 7.399e-04 6.720e-03 -1.000 1.527e-02 -1.860 -0.794 -1.092 -1.797 -2.202 -2.548 -3.001 -3.353 -3.402
0.0152 0.01508 5.00000 6.6998867989 2.6203548908    6.697  2.696  3.7623  2.569    0  0.000  0.538     0.00     0.00 -1    -1e-30      0.00 7.092e-01 2.755e-01 2.710e-03 7.399e-04 6.720e-03 -1.000 1.527e-02 -1.971 -1.035 -1.288 -1.940 -2.317 -2.641 -3.059 -3.380 -3.425
0.0152 0.01508 5.00000 6.8297204971 2.6206896305    6.826  2.735  3.7759  2.593    0  0.000  0.538     0.00     0.00 -1    -1e-30      0.00 7.092e-01 2.755e-01 2.710e-03 7.399e-04 6.720e-03 -1.000 1.527e-02 -2.068 -1.271 -1.482 -2.068 -2.413 -2.710 -3.091 -3.377 -3.418
0.0152 0.01508 5.00000 6.9508810043 2.6209890842    6.946  2.771  3.7907  2.623    0  0.000  0.538     0.00     0.00 -1    -1e-30      0.00 7.092e-01 2.755e-01 2.710e-03 7.399e-04 6.720e-03 -1.000 1.527e-02 -2.159 -1.495 -1.672 -2.186 -2.496 -2.765 -3.108 -3.360 -3.396
0.0152 0.01508 5.00000 7.0000000000 2.6211071014    6.996  2.787  3.7970  2.636    0  0.000  0.538     0.00     0.00 -1    -1e-30      0.00 7.092e-01 2.755e-01 2.710e-03 7.399e-04 6.720e-03 -1.000 1.527e-02 -2.197 -1.583 -1.749 -2.234 -2.529 -2.786 -3.113 -3.351 -3.385
0.0152 0.01508 5.00000 7.0596303940 2.6212477684    7.056  2.805  3.8048  2.653    0  0.000  0.538     0.00     0.00 -1    -1e-30      0.00 7.092e-01 2.755e-01 2.710e-03 7.399e-04 6.720e-03 -1.000 1.527e-02 -2.242 -1.686 -1.841 -2.291 -2.567 -2.809 -3.117 -3.339 -3.370
0.0152 0.01508 5.00000 7.1682872772 2.6214971542    7.165  2.839  3.8193  2.684    0  0.000  0.538     0.00     0.00 -1    -1e-30      0.00 7.092e-01 2.755e-01 2.710e-03 7.399e-04 6.720e-03 -1.000 1.527e-02 -2.327 -1.862 -2.007 -2.394 -2.638 -2.852 -3.126 -3.317 -3.345
0.0152 0.01508 5.00000 7.2758040428 2.6217358112    7.273  2.875  3.8340  2.713    0  0.000  0.538     0.00     0.00 -1    -1e-30      0.00 7.092e-01 2.755e-01 2.710e-03 7.399e-04 6.720e-03 -1.000 1.527e-02 -2.416 -2.022 -2.168 -2.500 -2.710 -2.897 -3.136 -3.298 -3.323
0.0152 0.01508 5.00000 7.3812952042 2.6219618320    7.379  2.912  3.8489  2.742    0  0.000  0.538     0.00     0.00 -1    -1e-30      0.00 7.092e-01 2.755e-01 2.710e-03 7.399e-04 6.720e-03 -1.000 1.527e-02 -2.509 -2.176 -2.327 -2.604 -2.781 -2.939 -3.146 -3.279 -3.301
0.0152 0.01508 5.00000 7.4841198921 2.6221754551    7.482  2.950  3.8639  2.770    0  0.000  0.538     0.00     0.00 -1    -1e-30      0.00 7.092e-01 2.755e-01 2.710e-03 7.399e-04 6.720e-03 -1.000 1.527e-02 -2.604 -2.325 -2.486 -2.705 -2.849 -2.979 -3.155 -3.262 -3.282
0.0152 0.01508 5.00000 7.5839138031 2.6223762035    7.583  2.989  3.8788  2.796    0  0.000  0.538     0.00     0.00 -1    -1e-30      0.00 7.092e-01 2.755e-01 2.710e-03 7.399e-04 6.720e-03 -1.000 1.527e-02 -2.702 -2.474 -2.639 -2.802 -2.913 -3.016 -3.163 -3.246 -3.264
0.0152 0.01508 5.00000 7.6804909706 2.6225647926    7.680  3.029  3.8938  2.822    0  0.000  0.538     0.00     0.00 -1    -1e-30      0.00 7.092e-01 2.755e-01 2.710e-03 7.399e-04 6.720e-03 -1.000 1.527e-02 -2.801 -2.622 -2.782 -2.893 -2.975 -3.053 -3.171 -3.234 -3.248
0.0152 0.01508 5.00000 7.7738599777 2.6227421761    7.774  3.069  3.9088  2.847    0  0.000  0.538     0.00     0.00 -1    -1e-30      0.00 7.092e-01 2.755e-01 2.710e-03 7.399e-04 6.720e-03 -1.000 1.527e-02 -2.902 -2.770 -2.906 -2.976 -3.033 -3.090 -3.180 -3.225 -3.236
0.0152 0.01508 5.00000 7.8640804291 2.6229088306    7.865  3.109  3.9238  2.871    0  0.000  0.538     0.00     0.00 -1    -1e-30      0.00 7.092e-01 2.755e-01 2.710e-03 7.399e-04 6.720e-03 -1.000 1.527e-02 -3.004 -2.915 -3.016 -3.049 -3.086 -3.124 -3.188 -3.218 -3.226
0.0152 0.01508 5.00000 7.9512577057 2.6230657101    7.952  3.150  3.9388  2.895    0  0.000  0.538     0.00     0.00 -1    -1e-30      0.00 7.092e-01 2.755e-01 2.710e-03 7.399e-04 6.720e-03 -1.000 1.527e-02 -3.105 -3.054 -3.108 -3.111 -3.131 -3.154 -3.194 -3.213 -3.216
0.0152 0.01508 5.00000 8.0000000000 2.6231517792    8.001  3.173  3.9473  2.909    0  0.000  0.538     0.00     0.00 -1    -1e-30      0.00 7.092e-01 2.755e-01 2.710e-03 7.399e-04 6.720e-03 -1.000 1.527e-02 -3.164 -3.127 -3.152 -3.141 -3.154 -3.169 -3.196 -3.210 -3.211
0.0152 0.01508 5.00000 8.0255498886 2.6231963634    8.026  3.185  3.9518  2.916    0  0.000  0.538     0.00     0.00 -1    -1e-30      0.00 7.092e-01 2.755e-01 2.710e-03 7.399e-04 6.720e-03 -1.000 1.527e-02 -3.194 -3.162 -3.174 -3.155 -3.165 -3.177 -3.197 -3.208 -3.208
0.0152 0.01508 5.00000 8.1068458557 2.6233363152    8.107  3.224  3.9662  2.939    0  0.000  0.538     0.00     0.00 -1    -1e-30      0.00 7.092e-01 2.755e-01 2.710e-03 7.399e-04 6.720e-03 -1.000 1.527e-02 -3.291 -3.272 -3.235 -3.197 -3.197 -3.199 -3.199 -3.203 -3.198
0.0152 0.01508 5.00000 8.1856718063 2.6234688759    8.185  3.263  3.9806  2.963    0  0.000  0.538     0.00     0.00 -1    -1e-30      0.00 7.092e-01 2.755e-01 2.710e-03 7.399e-04 6.720e-03 -1.000 1.527e-02 -3.387 -3.374 -3.288 -3.234 -3.227 -3.220 -3.200 -3.198 -3.188
0.0152 0.01508 5.00000 8.2622346878 2.6235947609    8.261  3.301  3.9950  2.986    0  0.000  0.538     0.00     0.00 -1    -1e-30      0.00 7.092e-01 2.755e-01 2.710e-03 7.399e-04 6.720e-03 -1.000 1.527e-02 -3.483 -3.468 -3.332 -3.266 -3.253 -3.239 -3.200 -3.192 -3.178
0.0152 0.01508 5.00000 8.3367185593 2.6237146854    8.335  3.339  4.0094  3.010    0  0.000  0.538     0.00     0.00 -1    -1e-30      0.00 7.092e-01 2.755e-01 2.710e-03 7.399e-04 6.720e-03 -1.000 1.527e-02 -3.577 -3.556 -3.371 -3.294 -3.277 -3.256 -3.199 -3.186 -3.167
0.0152 0.01508 5.00000 8.4093465805 2.6238293648    8.407  3.376  4.0238  3.034    0  0.000  0.538     0.00     0.00 -1    -1e-30      0.00 7.092e-01 2.755e-01 2.710e-03 7.399e-04 6.720e-03 -1.000 1.527e-02 -3.669 -3.637 -3.403 -3.318 -3.297 -3.270 -3.197 -3.178 -3.156
0.0152 0.01508 5.00000 8.4802913666 2.6239390373    8.478  3.412  4.0381  3.059    0  0.000  0.538     0.00     0.00 -1    -1e-30      0.00 7.092e-01 2.755e-01 2.710e-03 7.399e-04 6.720e-03 -1.000 1.527e-02 -3.760 -3.713 -3.432 -3.339 -3.315 -3.281 -3.192 -3.169 -3.143
0.0152 0.01508 5.00000 8.5497274399 2.6240446568    8.547  3.447  4.0525  3.085    0  0.000  0.538     0.00     0.00 -1    -1e-30      0.00 7.092e-01 2.755e-01 2.710e-03 7.399e-04 6.720e-03 -1.000 1.527e-02 -3.848 -3.782 -3.455 -3.355 -3.328 -3.289 -3.185 -3.157 -3.129
0.0152 0.01508 5.00000 8.6178350449 2.6241459846    8.614  3.481  4.0667  3.111    0  0.000  0.538     0.00     0.00 -1    -1e-30      0.00 7.092e-01 2.755e-01 2.710e-03 7.399e-04 6.720e-03 -1.000 1.527e-02 -3.934 -3.845 -3.474 -3.368 -3.337 -3.293 -3.175 -3.143 -3.112
0.0152 0.01508 5.00000 8.6848249435 2.6242442131    8.681  3.515  4.0810  3.138    0  0.000  0.538     0.00     0.00 -1    -1e-30      0.00 7.092e-01 2.755e-01 2.710e-03 7.399e-04 6.720e-03 -1.000 1.527e-02 -4.017 -3.901 -3.489 -3.376 -3.342 -3.292 -3.161 -3.126 -3.092
0.0152 0.01508 5.00000 8.7512063980 2.6243395805    8.747  3.547  4.0952  3.166    0  0.000  0.538     0.00     0.00 -1    -1e-30      0.00 7.092e-01 2.755e-01 2.710e-03 7.399e-04 6.720e-03 -1.000 1.527e-02 -4.097 -3.950 -3.500 -3.379 -3.342 -3.287 -3.144 -3.105 -3.068
0.0152 0.01508 5.00000 8.8165788651 2.6244320869    8.812  3.578  4.1093  3.194    0  0.000  0.538     0.00     0.00 -1    -1e-30      0.00 7.092e-01 2.755e-01 2.710e-03 7.399e-04 6.720e-03 -1.000 1.527e-02 -4.175 -3.992 -3.506 -3.379 -3.338 -3.279 -3.124 -3.081 -3.042
0.0152 0.01508 5.00000 8.8810939789 2.6245217323    8.876  3.608  4.1234  3.224    0  0.000  0.538     0.00     0.00 -1    -1e-30      0.00 7.092e-01 2.755e-01 2.710e-03 7.399e-04 6.720e-03 -1.000 1.527e-02 -4.250 -4.026 -3.508 -3.375 -3.330 -3.266 -3.100 -3.054 -3.012
0.0152 0.01508 5.00000 8.9449272156 2.6246089935    8.939  3.637  4.1373  3.254    0  0.000  0.538     0.00     0.00 -1    -1e-30      0.00 7.092e-01 2.755e-01 2.710e-03 7.399e-04 6.720e-03 -1.000 1.527e-02 -4.322 -4.057 -3.507 -3.368 -3.319 -3.250 -3.073 -3.024 -2.980
0.0152 0.01508 5.00000 9.0000000000 2.6246831417    8.995  3.661  4.1494  3.281    0  0.000  0.538     0.00     0.00 -1    -1e-30      0.00 7.092e-01 2.755e-01 2.710e-03 7.399e-04 6.720e-03 -1.000 1.527e-02 -4.382 -4.079 -3.504 -3.359 -3.308 -3.234 -3.048 -2.996 -2.950
0.0152 0.01508 5.00000 9.0414514542 2.6247382164    9.036  3.678  4.1582  3.301    0  0.000  0.538     0.00     0.00 -1    -1e-30      0.00 7.092e-01 2.755e-01 2.710e-03 7.399e-04 6.720e-03 -1.000 1.527e-02 -4.425 -4.093 -3.500 -3.351 -3.297 -3.221 -3.028 -2.974 -2.927
0.0152 0.01508 5.00000 9.1081085205 2.6248257160    9.103  3.705  4.1723  3.334    0  0.000  0.538     0.00     0.00 -1    -1e-30      0.00 7.092e-01 2.755e-01 2.710e-03 7.399e-04 6.720e-03 -1.000 1.527e-02 -4.492 -4.112 -3.491 -3.336 -3.278 -3.196 -2.994 -2.937 -2.887
0.0152 0.01508 5.00000 9.1747980118 2.6249117851    9.170  3.730  4.1863  3.367    0  0.000  0.538     0.00     0.00 -1    -1e-30      0.00 7.092e-01 2.755e-01 2.710e-03 7.399e-04 6.720e-03 -1.000 1.527e-02 -4.555 -4.126 -3.479 -3.317 -3.256 -3.169 -2.957 -2.897 -2.845
0.0152 0.01508 5.00000 9.2416696548 2.6249964237    9.237  3.754  4.2002  3.402    0  0.000  0.538     0.00     0.00 -1    -1e-30      0.00 7.092e-01 2.755e-01 2.710e-03 7.399e-04 6.720e-03 -1.000 1.527e-02 -4.616 -4.136 -3.464 -3.296 -3.230 -3.139 -2.918 -2.854 -2.800
0.0152 0.01508 5.00000 9.3088531494 2.6250803471    9.304  3.777  4.2141  3.438    0  0.000  0.538     0.00     0.00 -1    -1e-30      0.00 7.092e-01 2.755e-01 2.710e-03 7.399e-04 6.720e-03 -1.000 1.527e-02 -4.674 -4.143 -3.447 -3.272 -3.203 -3.107 -2.877 -2.810 -2.753
0.0152 0.01508 5.00000 9.3764963150 2.6251633167    9.372  3.800  4.2279  3.474    0  0.000  0.538     0.00     0.00 -1    -1e-30      0.00 7.092e-01 2.755e-01 2.710e-03 7.399e-04 6.720e-03 -1.000 1.527e-02 -4.729 -4.146 -3.427 -3.246 -3.173 -3.072 -2.833 -2.763 -2.704
0.0152 0.01508 5.00000 9.4619588852 2.6252660751    9.458  3.826  4.2451  3.520    0  0.000  0.538     0.00     0.00 -1    -1e-30      0.00 7.092e-01 2.755e-01 2.710e-03 7.399e-04 6.720e-03 -1.000 1.527e-02 -4.794 -4.147 -3.399 -3.211 -3.133 -3.027 -2.776 -2.702 -2.641
0.0152 0.01508 5.00000 9.5312767029 2.6253480911    9.527  3.846  4.2587  3.558    0  0.000  0.538     0.00     0.00 -1    -1e-30      0.00 7.092e-01 2.755e-01 2.710e-03 7.399e-04 6.720e-03 -1.000 1.527e-02 -4.844 -4.144 -3.373 -3.180 -3.098 -2.988 -2.729 -2.652 -2.588
0.0152 0.01508 5.00000 9.6195240021 2.6254503727    9.616  3.869  4.2756  3.607    0  0.000  0.538     0.00     0.00 -1    -1e-30      0.00 7.092e-01 2.755e-01 2.710e-03 7.399e-04 6.720e-03 -1.000 1.527e-02 -4.902 -4.138 -3.339 -3.140 -3.053 -2.937 -2.667 -2.587 -2.520
0.0152 0.01508 5.00000 9.6916379929 2.6255323887    9.688  3.886  4.2891  3.646    0  0.000  0.538     0.00     0.00 -1    -1e-30      0.00 7.092e-01 2.755e-01 2.710e-03 7.399e-04 6.720e-03 -1.000 1.527e-02 -4.946 -4.130 -3.310 -3.105 -3.015 -2.895 -2.617 -2.533 -2.464
0.0152 0.01508 5.00000 9.7653522491 2.6256148815    9.762  3.903  4.3024  3.686    0  0.000  0.538     0.00     0.00 -1    -1e-30      0.00 7.092e-01 2.755e-01 2.710e-03 7.399e-04 6.720e-03 -1.000 1.527e-02 -4.987 -4.120 -3.279 -3.069 -2.976 -2.851 -2.565 -2.478 -2.406
0.0152 0.01508 5.00000 9.8410291672 2.6256978512    9.838  3.918  4.3157  3.727    0  0.000  0.538     0.00     0.00 -1    -1e-30      0.00 7.092e-01 2.755e-01 2.710e-03 7.399e-04 6.720e-03 -1.000 1.527e-02 -5.026 -4.109 -3.247 -3.032 -2.936 -2.806 -2.512 -2.423 -2.348
0.0152 0.01508 5.00000 9.9191474915 2.6257822514    9.917  3.933  4.3288  3.769    0  0.000  0.538     0.00     0.00 -1    -1e-30      0.00 7.092e-01 2.755e-01 2.710e-03 7.399e-04 6.720e-03 -1.000 1.527e-02 -5.063 -4.094 -3.213 -2.994 -2.894 -2.761 -2.459 -2.366 -2.289
0.0152 0.01508 5.00000 10.0000000000 2.6258678436    9.998  3.947  4.3418  3.811    0  0.000  0.538     0.00     0.00 -1    -1e-30      0.00 7.092e-01 2.755e-01 2.710e-03 7.399e-04 6.720e-03 -1.000 1.527e-02 -5.097 -4.078 -3.177 -2.954 -2.851 -2.714 -2.404 -2.308 -2.229
0.0152 0.01508 5.00000 10.0645618439 2.6259350777   10.063  3.956  4.3515  3.842    0  0.000  0.538     0.00     0.00 -1    -1e-30      0.00 7.092e-01 2.755e-01 2.710e-03 7.399e-04 6.720e-03 -1.000 1.527e-02 -5.121 -4.065 -3.149 -2.923 -2.818 -2.678 -2.363 -2.265 -2.183
0.0152 0.01508 5.00000 10.0879850388 2.6259591579   10.086  3.960  4.3550  3.854    0  0.000  0.538     0.00     0.00 -1    -1e-30      0.00 7.092e-01 2.755e-01 2.710e-03 7.399e-04 6.720e-03 -1.000 1.527e-02 -5.129 -4.059 -3.139 -2.912 -2.806 -2.665 -2.348 -2.249 -2.167
0.0152 0.01508 5.00000 10.1572113037 2.6260297298   10.156  3.967  4.3640  3.886    0  0.000  0.538     0.00     0.00 -1    -1e-30      0.00 7.092e-01 2.755e-01 2.710e-03 7.399e-04 6.720e-03 -1.000 1.527e-02 -5.148 -4.042 -3.109 -2.878 -2.770 -2.627 -2.305 -2.204 -2.120
0.0152 0.01508 5.00000 10.2654790878 2.6261379719   10.265  3.973  4.3760  3.932    0  0.000  0.538     0.00     0.00 -1    -1e-30      0.00 7.092e-01 2.755e-01 2.710e-03 7.399e-04 6.720e-03 -1.000 1.527e-02 -5.163 -4.008 -3.060 -2.825 -2.715 -2.568 -2.239 -2.136 -2.050
0.0152 0.01508 5.00000 10.4342908859 2.6263017654   10.434  3.966  4.3873  3.992    0  0.000  0.538     0.00     0.00 -1    -1e-30      0.00 7.092e-01 2.755e-01 2.710e-03 7.399e-04 6.720e-03 -1.000 1.527e-02 -5.144 -3.941 -2.979 -2.740 -2.627 -2.478 -2.143 -2.037 -1.950
0.0152 0.01508 5.00000 10.5926675797 2.6264498234   10.593  3.949  4.3931  4.038    0  0.000  0.538     0.00     0.00 -1    -1e-30      0.00 7.092e-01 2.755e-01 2.710e-03 7.399e-04 6.720e-03 -1.000 1.527e-02 -5.103 -3.875 -2.906 -2.666 -2.552 -2.401 -2.063 -1.956 -1.867
0.0152 0.01508 5.00000 10.7333545685 2.6265771389   10.734  3.934  4.3954  4.068    0  0.000  0.538     0.00     0.00 -1    -1e-30      0.00 7.092e-01 2.755e-01 2.710e-03 7.399e-04 6.720e-03 -1.000 1.527e-02 -5.065 -3.826 -2.855 -2.614 -2.499 -2.348 -2.009 -1.902 -1.812
0.0152 0.01508 5.00000 10.9502763748 2.6267662048   10.952  3.923  4.3987  4.102    0  0.000  0.538     0.00     0.00 -1    -1e-30      0.00 7.092e-01 2.755e-01 2.710e-03 7.399e-04 6.720e-03 -1.000 1.527e-02 -5.037 -3.782 -2.807 -2.566 -2.450 -2.298 -1.958 -1.850 -1.760
0.0152 0.01508 5.00000 11.0000000000 2.6268081665   11.001  3.922  4.3996  4.108    0  0.000  0.538     0.00     0.00 -1    -1e-30      0.00 7.092e-01 2.755e-01 2.710e-03 7.399e-04 6.720e-03 -1.000 1.527e-02 -5.034 -3.776 -2.800 -2.558 -2.443 -2.290 -1.949 -1.841 -1.751
0.0152 0.01508 5.00000 11.1049003601 2.6268956661   11.106  3.920  4.4013  4.121    0  0.000  0.538     0.00     0.00 -1    -1e-30      0.00 7.092e-01 2.755e-01 2.710e-03 7.399e-04 6.720e-03 -1.000 1.527e-02 -5.029 -3.780 -2.772 -2.510 -2.400 -2.267 -1.917 -1.828 -1.748
0.0152 0.01508 5.00000 11.3992671967 2.6271312237   11.401  3.960  4.4147  4.146    0  0.000  0.538     0.00     0.00 -1    -1e-30      0.00 7.092e-01 2.755e-01 2.710e-03 7.399e-04 6.720e-03 -1.000 1.527e-02 -5.129 -3.815 -2.801 -2.529 -2.409 -2.267 -1.918 -1.833 -1.751
0.0152 0.01508 5.00000 11.6953668594 2.6273543835   11.696  4.012  4.4325  4.177    0  0.000  0.538     0.00     0.00 -1    -1e-30      0.00 7.092e-01 2.755e-01 2.710e-03 7.399e-04 6.720e-03 -1.000 1.527e-02 -5.259 -3.873 -2.841 -2.565 -2.443 -2.296 -1.938 -1.849 -1.760
0.0152 0.01508 5.00000 11.8869256973 2.6274919510   11.888  4.048  4.4458  4.201    0  0.000  0.538     0.00     0.00 -1    -1e-30      0.00 7.092e-01 2.755e-01 2.710e-03 7.399e-04 6.720e-03 -1.000 1.527e-02 -5.349 -3.933 -2.878 -2.608 -2.492 -2.346 -1.972 -1.869 -1.772
0.0152 0.01508 5.00000 12.0000000000 2.6275708675   12.001  4.061  4.4514  4.214    0  0.000  0.538     0.00     0.00 -1    -1e-30      0.00 7.092e-01 2.755e-01 2.710e-03 7.399e-04 6.720e-03 -1.000 1.527e-02 -5.383 -3.950 -2.887 -2.618 -2.502 -2.355 -1.975 -1.868 -1.770
0.0152 0.01508 5.00000 12.3905363083 2.6278305054   12.389  4.092  4.4622  4.239    0  0.000  0.539     0.00     0.00 -1 -2.96e-26      0.00 7.092e-01 2.755e-01 2.717e-03 7.401e-04 6.720e-03 -1.000 1.527e-02 -5.461 -3.964 -2.897 -2.619 -2.495 -2.339 -1.950 -1.843 -1.756
0.0152 0.01508 5.00000 13.3009119034 2.6283681393   13.295  4.148  4.4783  4.279    0  0.000  0.542     0.00     0.00 -1 -2.31e-16      0.00 7.092e-01 2.755e-01 2.734e-03 7.405e-04 6.719e-03 -1.000 1.527e-02 -5.600 -4.012 -2.937 -2.647 -2.515 -2.351 -1.949 -1.840 -1.765
0.0152 0.01508 5.00000 13.8543510437 2.6286556721   13.845  4.188  4.4850  4.283    0  0.000  0.544     0.00     0.00 -1  -1.1e-10      0.00 7.092e-01 2.755e-01 2.743e-03 7.408e-04 6.719e-03 -1.000 1.527e-02 -5.700 -4.086 -3.006 -2.711 -2.580 -2.417 -2.018 -1.909 -1.826
0.0152 0.01508 5.00000 14.0000000000 2.6287269592   13.992  4.202  4.4871  4.283    0  0.000  0.545     0.00     0.00 -1 -3.16e-09      0.00 7.092e-01 2.755e-01 2.746e-03 7.408e-04 6.719e-03 -1.000 1.527e-02 -5.734 -4.112 -3.030 -2.735 -2.603 -2.441 -2.043 -1.934 -1.848
0.0152 0.01508 5.00000 16.0000000000 2.6295573711   16.001  4.369  4.5123  4.274    0  0.000  0.545     0.00     0.00 -1 -7.39e-09      0.00 7.092e-01 2.755e-01 2.746e-03 7.408e-04 6.719e-03 -1.000 1.527e-02 -6.153 -4.441 -3.335 -3.036 -2.904 -2.739 -2.343 -2.224 -2.114
0.0152 0.01508 5.00000 18.0000000000 2.6301794052   17.988  4.513  4.5336  4.267    0  0.000  0.545     0.00     0.00 -1 -1.48e-08      0.00 7.092e-01 2.755e-01 2.746e-03 7.408e-04 6.719e-03 -1.000 1.527e-02 -6.511 -4.684 -3.558 -3.258 -3.130 -2.967 -2.569 -2.439 -2.320
0.0152 0.01508 5.00000 20.0000000000 2.6306605339   19.993  4.636  4.5515  4.260    0  0.000  0.545     0.00     0.00 -1 -2.63e-08      0.00 7.092e-01 2.755e-01 2.746e-03 7.408e-04 6.719e-03 -1.000 1.527e-02 -6.821 -4.860 -3.720 -3.411 -3.292 -3.138 -2.744 -2.614 -2.495
0.0152 0.01508 5.00000 24.0000000000 2.6313521862   23.995  4.845  4.5806  4.248    0  0.000  0.545     0.00     0.00 -1 -6.84e-08      0.00 7.092e-01 2.755e-01 2.746e-03 7.408e-04 6.719e-03 -1.000 1.527e-02 -7.341 -5.276 -4.124 -3.825 -3.698 -3.525 -3.103 -2.970 -2.868
0.0152 0.01508 5.00000 28.0000000000 2.6318216324   27.971  5.008  4.6024  4.238    0  0.000  0.545     0.00     0.00 -1 -1.33e-07      0.00 7.092e-01 2.755e-01 2.746e-03 7.408e-04 6.719e-03 -1.000 1.527e-02 -7.750 -5.577 -4.417 -4.098 -3.956 -3.774 -3.361 -3.236 -3.135
0.0152 0.01508 5.00000 30.0000000000 2.6320033073   29.966  5.079  4.6116  4.234    0  0.000  0.545     0.00     0.00 -1 -1.77e-07      0.00 7.092e-01 2.755e-01 2.746e-03 7.408e-04 6.719e-03 -1.000 1.527e-02 -7.928 -5.693 -4.530 -4.214 -4.075 -3.894 -3.481 -3.357 -3.255
0.0152 0.01508 5.00000 32.4189949036 2.6321887970   32.375  5.158  4.6216  4.229    0  0.000  0.545     0.00     0.00 -1 -2.41e-07      0.00 7.092e-01 2.755e-01 2.746e-03 7.408e-04 6.719e-03 -1.000 1.527e-02 -8.125 -5.822 -4.658 -4.343 -4.205 -4.025 -3.612 -3.489 -3.387
0.0152 0.01508 5.00000 35.0000000000 2.6323544979   34.946  5.235  4.6315  4.224    0  0.000  0.545     0.00     0.00 -1 -3.27e-07      0.00 7.092e-01 2.755e-01 2.746e-03 7.408e-04 6.719e-03 -1.000 1.527e-02 -8.318 -5.954 -4.787 -4.471 -4.331 -4.150 -3.741 -3.621 -3.521
0.0152 0.01508 5.00000 40.0000000000 2.6326069832   39.939  5.362  4.6460  4.213    0  0.000  0.545     0.00     0.00 -1  -5.2e-07      0.00 7.092e-01 2.755e-01 2.746e-03 7.408e-04 6.719e-03 -1.000 1.527e-02 -8.635 -6.185 -5.018 -4.697 -4.554 -4.371 -3.971 -3.857 -3.757
0.0152 0.01508 5.00000 45.0000000000 2.6327958107   44.929  5.470  4.6575  4.203    0  0.000  0.545     0.00     0.00 -1 -7.62e-07      0.00 7.092e-01 2.755e-01 2.746e-03 7.408e-04 6.719e-03 -1.000 1.527e-02 -8.905 -6.397 -5.228 -4.907 -4.764 -4.581 -4.181 -4.066 -3.964
0.0152 0.01508 5.00000 50.0000000000 2.6329421997   49.889  5.564  4.6677  4.195    0  0.000  0.545     0.00     0.00 -1 -1.06e-06      0.00 7.092e-01 2.755e-01 2.746e-03 7.408e-04 6.719e-03 -1.000 1.527e-02 -9.139 -6.586 -5.409 -5.092 -4.957 -4.777 -4.365 -4.247 -4.160
0.0152 0.01508 5.00000 55.0000076294 2.6330580711   54.831  5.645  4.6749  4.183    0  0.000  0.545     0.00     0.00 -1 -1.39e-06      0.00 7.092e-01 2.755e-01 2.746e-03 7.408e-04 6.719e-03 -1.000 1.527e-02 -9.343 -6.751 -5.574 -5.256 -5.121 -4.942 -4.528 -4.408 -4.321
0.0152 0.01508 5.00000 60.0000000000 2.6331522465   59.787  5.718  4.6810  4.172    0  0.000  0.545     0.00     0.00 -1 -1.78e-06      0.00 7.092e-01 2.755e-01 2.746e-03 7.408e-04 6.719e-03 -1.000 1.527e-02 -9.525 -6.888 -5.711 -5.395 -5.259 -5.079 -4.666 -4.546 -4.457
0.0152 0.01508 5.00000 65.0000000000 2.6332299709   64.690  5.782  4.6864  4.164    0  0.000  0.545     0.00     0.00 -1  -2.2e-06      0.00 7.092e-01 2.755e-01 2.746e-03 7.408e-04 6.719e-03 -1.000 1.527e-02 -9.686 -7.010 -5.832 -5.516 -5.380 -5.199 -4.787 -4.668 -4.577
0.0152 0.01508 5.00000 70.0000000000 2.6332950592   69.686  5.844  4.6926  4.159    0  0.000  0.545     0.00     0.00 -1 -2.69e-06      0.00 7.092e-01 2.755e-01 2.746e-03 7.408e-04 6.719e-03 -1.000 1.527e-02 -9.840 -7.119 -5.942 -5.626 -5.489 -5.307 -4.898 -4.778 -4.686
0.0152 0.01508 5.00000 80.0000000000 2.6333973408   79.474  5.946  4.7000  4.144    0  0.000  0.545     0.00     0.00 -1  -3.7e-06      0.00 7.092e-01 2.755e-01 2.746e-03 7.408e-04 6.719e-03 -1.000 1.527e-02 -10.095 -7.321 -6.143 -5.826 -5.689 -5.507 -5.100 -4.982 -4.887
0.0152 0.01508 5.00000 90.0000000000 2.6334741116   89.511  6.036  4.7051  4.127    0  0.000  0.545     0.00     0.00 -1 -4.94e-06      0.00 7.092e-01 2.755e-01 2.746e-03 7.408e-04 6.719e-03 -1.000 1.527e-02 -10.320 -7.509 -6.331 -6.015 -5.878 -5.697 -5.292 -5.175 -5.083
0.0152 0.01508 5.00000 95.0000000000 2.6335055828   94.439  6.076  4.7069  4.117    0  0.000  0.545     0.00     0.00 -1 -5.53e-06      0.00 7.092e-01 2.755e-01 2.746e-03 7.408e-04 6.719e-03 -1.000 1.527e-02 -10.419 -7.596 -6.419 -6.102 -5.965 -5.785 -5.381 -5.265 -5.173
0.0152 0.01508 5.00000 100.0000000000 2.6335334778   99.354  6.113  4.7083  4.108    0  0.000  0.545     0.00     0.00 -1 -6.26e-06      0.00 7.092e-01 2.755e-01 2.746e-03 7.408e-04 6.719e-03 -1.000 1.527e-02 -10.511 -7.680 -6.503 -6.187 -6.050 -5.870 -5.466 -5.350 -5.258
0.0152 0.01508 5.00000 120.0000152588 2.6336188316  118.992  6.241  4.7115  4.071    0  0.000  0.545     0.00     0.00 -1 -9.31e-06      0.00 7.092e-01 2.755e-01 2.746e-03 7.408e-04 6.719e-03 -1.000 1.527e-02 -10.833 -7.982 -6.806 -6.492 -6.356 -6.177 -5.774 -5.657 -5.564
0.0152 0.01508 5.00000 181.6581420898 2.6336188316  175.314  6.512  4.7132  3.975    0  0.000  0.414     0.00     0.00 -1 -2.16e-05      0.00 6.959e-01 2.889e-01 1.912e-03 3.162e-03 5.075e-03 -1.000 1.521e-02 -11.509 -8.651 -7.476 -7.169 -7.044 -6.869 -6.484 -6.388 -6.330
0.0152 0.01508 5.00000 184.8479919434 2.6336188316  179.436  6.523  4.7123  3.970    0  0.000  0.389     0.00     0.00 -1 -2.24e-05      0.00 7.020e-01 2.827e-01 1.832e-03 2.983e-03 5.386e-03 -1.000 1.527e-02 -11.538 -8.685 -7.511 -7.204 -7.078 -6.903 -6.517 -6.421 -6.362
0.0152 0.01508 5.00000 191.2019958496 2.6336188316  187.049  6.545  4.7027  3.928    0  0.000  0.463     0.00     0.00 -1 -2.43e-05      0.00 7.091e-01 2.755e-01 2.286e-03 1.240e-03 6.718e-03 -1.000 1.534e-02 -11.592 -8.804 -7.629 -7.323 -7.195 -7.020 -6.629 -6.525 -6.453
0.0152 0.01508 5.00000 195.4067840576 2.6336188316  191.791  6.558  4.6992  3.911    0  0.000  0.545     0.00     0.00 -1 -2.56e-05      0.00 7.092e-01 2.755e-01 2.746e-03 7.408e-04 6.719e-03 -1.000 1.527e-02 -11.626 -8.863 -7.689 -7.382 -7.254 -7.079 -6.685 -6.579 -6.503
0.0152 0.01508 5.00000 200.0000305176 2.6336188316  196.805  6.573  4.6979  3.902    0  0.000  0.545     0.00     0.00 -1 -2.67e-05      0.00 7.092e-01 2.755e-01 2.746e-03 7.408e-04 6.719e-03 -1.000 1.527e-02 -11.664 -8.911 -7.737 -7.430 -7.302 -7.126 -6.732 -6.625 -6.549
0.0152 0.01508 5.00000 243.3326721191 2.6336188316  238.422  6.691  4.7160  3.940    0  0.000  0.500     0.00     0.00 -1 -3.56e-05      0.00 7.084e-01 2.763e-01 2.489e-03 1.222e-03 6.515e-03 -1.000 1.529e-02 -11.957 -9.080 -7.905 -7.598 -7.473 -7.298 -6.915 -6.821 -6.767
0.0152 0.01508 5.00000 250.0000000000 2.6336188316  244.838  6.707  4.7180  3.944    0  0.000  0.479     0.00     0.00 -1 -3.71e-05      0.00 7.081e-01 2.766e-01 2.373e-03 1.437e-03 6.424e-03 -1.000 1.530e-02 -11.997 -9.107 -7.931 -7.624 -7.500 -7.325 -6.943 -6.851 -6.800
0.0152 0.01508 5.00000 300.0000305176 2.6336188316  293.551  6.814  4.7203  3.925    0  0.000  0.500     0.00     0.00 -1 -4.97e-05      0.00 7.084e-01 2.763e-01 2.534e-03 1.170e-03 6.513e-03 -1.000 1.528e-02 -12.264 -9.358 -8.183 -7.875 -7.752 -7.576 -7.196 -7.106 -7.058
0.0152 0.01508 5.00000 350.0000000000 2.6336188316  341.922  6.901  4.7220  3.911    0  0.000  0.178     0.00     0.00 -1  -6.3e-05      0.00 7.067e-01 2.778e-01 8.852e-04 3.540e-03 6.026e-03 -1.000 1.546e-02 -12.483 -9.565 -8.390 -8.082 -7.960 -7.784 -7.405 -7.316 -7.270
0.0152 0.01508 5.00000 350.0010070801 2.6336188316  340.613  6.900  4.7088  3.858    0  0.000  0.057     0.00     0.00 -1 -3.48e-05      0.00 7.056e-01 2.789e-01 2.474e-04 4.554e-03 5.726e-03 -1.000 1.551e-02 -12.479 -9.651 -8.476 -8.169 -8.043 -7.868 -7.480 -7.381 -7.317
0.0152 0.01508 5.00000 350.0052185059 2.6336188316  330.926  6.894  4.6604  3.657    0  0.000  0.085     0.00     0.00 -1 -3.03e-06      0.00 6.822e-01 3.027e-01 2.417e-04 7.406e-03 2.471e-03 -1.000 1.515e-02 -12.465 -9.973 -8.815 -8.520 -8.402 -8.234 -7.871 -7.788 -7.738
0.0152 0.01508 5.00000 350.0079956055 2.6336188316  318.129  6.890  4.6313  3.528    0  0.000  0.265     0.00     0.00 -1 -6.16e-07      0.00 6.415e-01 3.435e-01 3.127e-04 8.450e-03 1.185e-03 -1.000 1.503e-02 -12.456 -10.118 -8.953 -8.646 -8.527 -8.352 -7.986 -7.896 -7.851
0.0152 0.01508 5.00000 350.0093383789 2.6336188316  308.508  6.889  4.6185  3.465    0  0.000  0.506     0.00     0.00 -1 -2.83e-07      0.00 6.069e-01 3.782e-01 3.528e-04 8.664e-03 8.881e-04 -1.000 1.496e-02 -12.452 -10.202 -9.040 -8.736 -8.617 -8.444 -8.080 -7.992 -7.948
0.0152 0.01508 5.00000 350.0104370117 2.6336188316  298.371  6.887  4.6101  3.418    0  0.000  0.828     0.00     0.00 -1 -1.53e-07      0.00 5.679e-01 4.172e-01 3.830e-04 8.661e-03 8.524e-04 -1.000 1.496e-02 -12.448 -10.257 -9.097 -8.794 -8.676 -8.504 -8.142 -8.054 -8.011
0.0152 0.01508 5.00000 350.0112609863 2.6336188316  288.723  6.887  4.6048  3.383    0  0.000  1.022     0.00     0.00 -1 -9.71e-08      0.00 5.285e-01 4.566e-01 4.059e-04 8.618e-03 8.762e-04 -1.000 1.497e-02 -12.447 -10.293 -9.133 -8.832 -8.714 -8.543 -8.182 -8.094 -8.052
0.0152 0.01508 5.00000 350.0118713379 2.6336188316  280.281  6.886  4.6018  3.359    0  0.000  1.105     0.00     0.00 -1 -6.94e-08      0.00 4.947e-01 4.903e-01 4.228e-04 8.573e-03 9.070e-04 -1.000 1.494e-02 -12.445 -10.093 -8.930 -8.655 -8.540 -8.335 -7.964 -7.877 -7.914
0.0152 0.01508 5.00000 350.0122985840 2.6336188316  273.660  6.886  4.6003  3.343    0  0.000  1.140     0.00     0.00 -1 -5.53e-08      0.00 4.675e-01 5.176e-01 4.346e-04 8.537e-03 9.317e-04 -1.000 1.492e-02 -12.444 -10.095 -8.932 -8.657 -8.542 -8.337 -7.965 -7.878 -7.916
0.0152 0.01508 5.00000 350.0126953125 2.6336188316  266.824  6.885  4.5996  3.329    0  0.000  1.162     0.00     0.00 -1 -4.44e-08      0.00 4.391e-01 5.460e-01 4.457e-04 8.507e-03 9.559e-04 -1.000 1.496e-02 -12.444 -10.095 -8.932 -8.657 -8.542 -8.337 -7.965 -7.879 -7.916
0.0152 0.01508 5.00000 350.0130615234 2.6336188316  259.574  6.885  4.5997  3.318    0  0.000  1.183     0.00     0.00 -1 -3.63e-08      0.00 4.089e-01 5.761e-01 4.564e-04 8.475e-03 9.794e-04 -1.000 1.497e-02 -12.443 -10.094 -8.931 -8.656 -8.541 -8.336 -7.964 -7.878 -7.915
0.0152 0.01508 5.00000 350.0133972168 2.6336188316  252.295  6.885  4.6000  3.307    0  0.000  1.202     0.00     0.00 -1 -3.01e-08      0.00 3.795e-01 6.055e-01 4.662e-04 8.446e-03 1.001e-03 -1.000 1.497e-02 -12.442 -10.273 -9.096 -8.802 -8.684 -8.510 -8.134 -8.040 -8.006
0.0152 0.01508 5.00000 350.0134582520 2.6336188316  248.314  6.880  4.6032  3.317    0  0.000  1.210     0.00     0.00 -1 -5.71e-08      0.00 3.678e-01 6.173e-01 4.679e-04 8.442e-03 1.003e-03 -1.000 1.497e-02 -12.431 -10.243 -9.067 -8.772 -8.654 -8.480 -8.104 -8.009 -7.975
0.0152 0.01508 5.00000 350.0135803223 2.6336188316  238.617  6.864  4.6024  3.313    0  0.000  1.215     0.00     0.00 -1 -5.19e-08      0.00 3.574e-01 6.276e-01 4.711e-04 8.431e-03 1.011e-03 -1.000 1.501e-02 -12.391 -10.208 -9.031 -8.736 -8.619 -8.445 -8.068 -7.974 -7.940
0.0152 0.01508 5.00000 350.0136718750 2.6336188316  229.125  6.849  4.6028  3.313    0  0.000  1.221     0.00     0.00 -1 -6.28e-08      0.00 3.454e-01 6.396e-01 4.744e-04 8.425e-03 1.018e-03 -1.000 1.501e-02 -12.351 -10.166 -8.989 -8.694 -8.577 -8.403 -8.026 -7.932 -7.898
0.0152 0.01508 5.00000 350.0137939453 2.6336188316  219.648  6.832  4.6037  3.314    0  0.000  1.227     0.00     0.00 -1 -8.81e-08      0.00 3.321e-01 6.529e-01 4.777e-04 8.415e-03 1.026e-03 -1.000 1.498e-02 -12.310 -10.119 -8.943 -8.647 -8.530 -8.356 -7.979 -7.885 -7.851
0.0152 0.01508 5.00000 350.0139160156 2.6336188316  206.342  6.808  4.6114  3.342    0  0.000  1.246     0.00     0.00 -1 -9.88e-08      0.00 3.041e-01 6.809e-01 4.813e-04 8.406e-03 1.032e-03 -1.000 1.498e-02 -12.250 -10.015 -8.837 -8.541 -8.423 -8.248 -7.871 -7.777 -7.742
0.0152 0.01508 5.00000 350.0140075684 2.6336188316  190.494  6.770  4.6112  3.344    0  0.000  1.248     0.00     0.00 -1 -8.51e-08      0.00 2.919e-01 6.930e-01 4.842e-04 8.397e-03 1.039e-03 -1.000 1.501e-02 -12.156 -9.922 -8.745 -8.448 -8.331 -8.156 -7.779 -7.684 -7.650
0.0152 0.01508 5.00000 350.0141296387 2.6336188316  175.859  6.732  4.6099  3.343    0  0.000  1.248     0.00     0.00 -1 -7.27e-08      0.00 2.822e-01 7.028e-01 4.870e-04 8.388e-03 1.046e-03 -1.000 1.501e-02 -12.060 -9.833 -8.656 -8.360 -8.242 -8.067 -7.691 -7.596 -7.562
0.0152 0.01508 5.00000 350.0142517090 2.6336188316  161.996  6.693  4.6086  3.341    0  0.000  1.246     0.00     0.00 -1 -6.19e-08      0.00 2.722e-01 7.128e-01 4.899e-04 8.379e-03 1.054e-03 -1.000 1.501e-02 -11.962 -9.743 -8.565 -8.269 -8.152 -7.977 -7.600 -7.506 -7.472
0.0152 0.01508 5.00000 350.0143432617 2.6336188316  149.295  6.654  4.6076  3.341    0  0.000  1.246     0.00     0.00 -1 -5.28e-08      0.00 2.622e-01 7.227e-01 4.928e-04 8.370e-03 1.061e-03 -1.000 1.501e-02 -11.864 -9.651 -8.474 -8.178 -8.061 -7.886 -7.509 -7.415 -7.381
0.0152 0.01508 5.00000 350.0144653320 2.6336188316  137.594  6.614  4.6066  3.341    0  0.000  1.246     0.00     0.00 -1 -4.51e-08      0.00 2.521e-01 7.329e-01 4.957e-04 8.361e-03 1.068e-03 -1.000 1.501e-02 -11.766 -9.559 -8.382 -8.086 -7.968 -7.794 -7.417 -7.323 -7.289
0.0152 0.01508 5.00000 350.0145568848 2.6336188316  127.070  6.576  4.6057  3.341    0  0.000  1.246     0.00     0.00 -1 -3.85e-08      0.00 2.423e-01 7.427e-01 4.985e-04 8.351e-03 1.075e-03 -1.000 1.498e-02 -11.670 -9.468 -8.291 -7.995 -7.878 -7.703 -7.327 -7.232 -7.198
0.0152 0.01508 5.00000 350.0146789551 2.6336188316  117.323  6.537  4.6049  3.342    0  0.000  1.247     0.00     0.00 -1 -3.27e-08      0.00 2.324e-01 7.526e-01 5.013e-04 8.343e-03 1.082e-03 -1.000 1.501e-02 -11.574 -9.376 -8.199 -7.903 -7.786 -7.612 -7.235 -7.141 -7.107
0.0152 0.01508 5.00000 350.0147705078 2.6336188316  108.543  6.499  4.6042  3.343    0  0.000  1.249     0.00     0.00 -1 -2.82e-08      0.00 2.228e-01 7.623e-01 5.042e-04 8.334e-03 1.088e-03 -1.000 1.498e-02 -11.479 -9.285 -8.108 -7.813 -7.696 -7.521 -7.145 -7.050 -7.016
0.0152 0.01508 5.00000 350.0148620605 2.6336188316  100.252  6.460  4.6036  3.345    0  0.000  1.251     0.00     0.00 -1  -2.4e-08      0.00 2.128e-01 7.722e-01 5.071e-04 8.328e-03 1.095e-03 -1.000 1.502e-02 -11.381 -9.191 -8.015 -7.719 -7.602 -7.428 -7.051 -6.957 -6.923
0.0152 0.01508 5.00000 350.0149841309 2.6336188316   92.754  6.422  4.6031  3.347    0  0.000  1.256     0.00     0.00 -1 -2.07e-08      0.00 2.030e-01 7.820e-01 5.101e-04 8.320e-03 1.102e-03 -1.000 1.505e-02 -11.286 -9.098 -7.922 -7.627 -7.509 -7.335 -6.959 -6.864 -6.830
0.0152 0.01508 5.00000 350.0150756836 2.6336188316   85.521  6.383  4.6025  3.349    0  0.000  1.262     0.00     0.00 -1 -1.76e-08      0.00 1.926e-01 7.923e-01 5.132e-04 8.310e-03 1.108e-03 -1.000 1.506e-02 -11.187 -9.003 -7.827 -7.532 -7.414 -7.240 -6.864 -6.770 -6.736
0.0152 0.01508 5.00000 350.0151977539 2.6336188316   78.890  6.344  4.6027  3.354    0  0.000  1.272     0.00     0.00 -1 -1.49e-08      0.00 1.823e-01 8.027e-01 5.165e-04 8.301e-03 1.115e-03 -1.000 1.502e-02 -11.090 -8.905 -7.728 -7.433 -7.316 -7.142 -6.765 -6.671 -6.637
0.0152 0.01508 5.00000 350.0152893066 2.6336188316   72.915  6.306  4.6035  3.361    0  0.000  1.285     0.00     0.00 -1 -1.29e-08      0.00 1.719e-01 8.130e-01 5.199e-04 8.292e-03 1.121e-03 -1.000 1.502e-02 -10.996 -8.806 -7.629 -7.334 -7.216 -7.042 -6.666 -6.572 -6.538
0.0152 0.01508 5.00000 350.0153808594 2.6336188316   67.875  6.272  4.6049  3.370    0  0.000  1.300     0.00     0.00 -1 -1.12e-08      0.00 1.624e-01 8.226e-01 5.232e-04 8.284e-03 1.127e-03 -1.000 1.500e-02 -10.910 -8.712 -7.535 -7.239 -7.122 -6.948 -6.571 -6.477 -6.443
0.0152 0.01508 5.00000 350.0154724121 2.6336188316   63.199  6.238  4.6074  3.382    0  0.000  1.323     0.00     0.00 -1 -9.68e-09      0.00 1.528e-01 8.322e-01 5.268e-04 8.276e-03 1.132e-03 -1.000 1.499e-02 -10.824 -8.612 -7.435 -7.139 -7.022 -6.847 -6.471 -6.376 -6.342
0.0152 0.01508 5.00000 350.0155639648 2.6336188316   59.376  6.208  4.6109  3.399    0  0.000  1.349     0.00     0.00 -1 -8.56e-09      0.00 1.444e-01 8.406e-01 5.302e-04 8.268e-03 1.137e-03 -1.000 1.502e-02 -10.750 -8.517 -7.340 -7.044 -6.926 -6.751 -6.374 -6.279 -6.245
0.0152 0.01508 5.00000 350.0156250000 2.6336188316   56.298  6.183  4.6164  3.423    0  0.000  1.379     0.00     0.00 -1 -7.77e-09      0.00 1.372e-01 8.478e-01 5.335e-04 8.258e-03 1.141e-03 -1.000 1.501e-02 -10.687 -8.423 -7.245 -6.948 -6.831 -6.655 -6.278 -6.183 -6.149
0.0152 0.01508 5.00000 350.0156555176 2.6336188316   54.351  6.167  4.6225  3.449    0  0.000  1.400     0.00     0.00 -1 -7.24e-09      0.00 1.336e-01 8.514e-01 5.357e-04 8.253e-03 1.143e-03 -1.000 1.503e-02 -10.647 -8.348 -7.169 -6.871 -6.753 -6.577 -6.199 -6.104 -6.070
0.0152 0.01508 5.00000 350.0156860352 2.6336188316   53.140  6.157  4.6304  3.480    0  0.000  1.412     0.00     0.00 -1 -6.88e-09      0.00 1.318e-01 8.531e-01 5.370e-04 8.251e-03 1.145e-03 -1.000 1.504e-02 -10.623 -8.278 -7.098 -6.799 -6.682 -6.504 -6.126 -6.030 -5.996
0.0152 0.01508 5.00000 350.0157165527 2.6336188316   51.552  6.176  4.7373  3.875    0  0.000  1.353     0.00     0.00 -1 -7.23e-09      0.00 1.274e-01 8.576e-01 5.316e-04 8.258e-03 1.146e-03 -1.000 1.502e-02 -10.671 -7.602 -6.411 -6.095 -5.977 -5.796 -5.405 -5.307 -5.271
0.0152 0.01508 5.00000 350.0157470703 2.6336188316   50.316  6.184  4.8807  4.430    0  0.000  1.303     0.00     0.00 -1 -7.33e-09      0.00 1.233e-01 8.617e-01 5.277e-04 8.265e-03 1.148e-03 -1.000 1.504e-02 -10.691 -6.596 -5.378 -5.063 -4.935 -4.720 -4.315 -4.208 -4.151
0.0152 0.01508 5.00000 350.0158081055 2.6336188316   47.612  6.149  4.9011  4.523    0  0.000  1.618     0.00     0.00 -1 -6.49e-09      0.00 1.132e-01 8.718e-01 5.507e-04 8.232e-03 1.147e-03 -1.000 1.504e-02 -10.603 -6.358 -5.137 -4.814 -4.683 -4.475 -4.073 -3.968 -3.915
0.0152 0.01508 5.00000 350.0158691406 2.6336188316   44.856  6.119  4.9021  4.531    0  0.000 47.350     0.00     0.00 -1 -5.53e-09      0.00 1.126e-01 8.465e-01 2.410e-02 4.552e-03 1.502e-03 10.230 4.092e-02 -10.527 -6.274 -5.054 -4.730 -4.598 -4.391 -3.989 -3.885 -3.832
0.0152 0.01508 5.00000 350.0159912109 2.6336188316   41.724  6.086  4.8988  4.520    0  0.000 31.262     0.00     0.00 -1 -3.64e-09      0.00 1.133e-01 7.225e-01 1.393e-01 1.184e-04 6.929e-03 10.994 1.642e-01 -10.445 -6.260 -5.037 -4.795 -4.711 -4.403 -3.983 -3.884 -3.831
0.0152 0.01508 5.00000 350.0161132812 2.6336188316   38.674  6.058  4.8969  4.508    0  0.000 14.851     0.00     0.00 -1 -2.37e-09      0.00 1.143e-01 6.117e-01 2.353e-01 1.195e-04 2.069e-02 11.205 2.739e-01 -10.374 -6.203 -4.980 -4.741 -4.658 -4.347 -3.928 -3.828 -3.776
0.0152 0.01508 5.00000 350.0162658691 2.6336188316   36.630  6.042  4.8997  4.511    0  0.000  8.960     0.00     0.00 -1 -1.61e-09      0.00 1.153e-01 5.202e-01 3.054e-01 1.204e-04 4.096e-02 11.298 3.645e-01 -10.335 -6.143 -4.920 -4.677 -4.592 -4.286 -3.867 -3.767 -3.714
0.0152 0.01508 5.00000 350.0163879395 2.6336188316   35.341  6.037  4.9097  4.540    0  0.000  5.521     0.00     0.00 -1 -1.01e-09      0.00 1.162e-01 4.109e-01 3.743e-01 1.213e-04 8.050e-02 11.353 4.730e-01 -10.322 -6.056 -4.831 -4.576 -4.484 -4.192 -3.771 -3.670 -3.614
0.0152 0.01508 5.00000 350.0164184570 2.6336188316   34.991  6.038  4.9195  4.574    0  0.000  5.065     0.00     0.00 -1 -9.82e-10      0.00 1.165e-01 3.937e-01 3.832e-01 1.217e-04 8.850e-02 11.355 4.898e-01 -10.326 -5.987 -4.760 -4.493 -4.394 -4.116 -3.695 -3.592 -3.533
0.0152 0.01508 5.00000 350.0164489746 2.6336188316   34.681  6.077  4.9949  4.833    3  0.000  4.748     0.00     0.00 -1 -1.28e-09      0.00 1.167e-01 3.808e-01 3.888e-01 1.219e-04 9.554e-02 11.355 5.025e-01 -10.423 -5.533 -4.297 -3.981 -3.852 -3.625 -3.201 -3.092 -3.022
0.0152 0.01508 5.00000 350.0164794922 2.6336188316   34.606  6.130  5.0589  5.035    3  0.000  4.691     0.00     0.00 -1  -2.1e-09      0.00 1.168e-01 3.785e-01 3.896e-01 1.220e-04 9.697e-02 11.354 5.048e-01 -10.555 -5.311 -4.056 -3.732 -3.599 -3.382 -2.981 -2.894 -2.849
#isochrone terminated
