# File generated by CMD 3.3 (http://stev.oapd.inaf.it/cmd) on Wed Apr 22 16:18:36 CEST 2020
# isochrones based on PARSEC release v1.2S +  COLIBRI S_35
# Basic references: Bressan et al. (2012), MNRAS, 427, 127 + Chen et al. (2014, 2015), MNRAS, 444, 2525 + MNRAS, 452, 1068 + Tang et al. (2014), MNRAS, 445, 4287 + Marigo et al. (2017), ApJ, 835, 77 + Pastorelli al. (2019), MNRAS in press
# Thermal pulse cycles included 
# On RGB, assumed Reimers mass loss with efficiency eta=0.2
# Photometric system:  2MASS + Spitzer (IRAC+MIPS) + WISE
# Using YBC version of bolometric corrections as in Chen et al. (2019)
# O-rich circumstellar dpmod60alox40 dust from Groenewegen (2006)
# C-rich circumstellar AMCSIC15 dust from Groenewegen (2006)
# IMF: Kroupa (2001, 2002) + Kroupa et al. (2013) canonical two-part-power law IMF corrected for unresolved binaries 
# Kind of output: isochrone tables
# Zini     MH   logAge Mini        int_IMF         Mass   logL    logTe  logg  label   McoreTP C_O  period0 period1 pmode  Mloss  tau1m   X   Y   Xc  Xn  Xo  Cexcess  Z 	 mbolmag  Jmag    Hmag    Ksmag   IRAC_3.6mag  IRAC_4.5mag  IRAC_5.8mag  IRAC_8.0mag  MIPS_24mag  MIPS_70mag  MIPS_160mag  W1mag   W2mag   W3mag   W4mag
0.005 -0.48482 6.00000 0.0900000036 1.0816895962    0.090 -1.175  3.4815  3.445    0  0.000  0.545     0.00     0.00 -1 -5.36e-14      0.00 7.372e-01 2.577e-01 9.173e-04 2.474e-04 2.244e-03 -1.000 5.101e-03 7.707 5.723 5.197 4.922 4.567 4.413 4.379 4.324 3.727 3.713 3.788 4.684 4.416 4.299 3.917
0.005 -0.48482 6.00000 0.1000000015 1.1711064577    0.100 -1.089  3.4874  3.428    0  0.000  0.545     0.00     0.00 -1 -6.32e-14      0.00 7.372e-01 2.577e-01 9.173e-04 2.474e-04 2.244e-03 -1.000 5.101e-03 7.491 5.521 4.982 4.717 4.379 4.228 4.195 4.143 3.552 3.543 3.625 4.493 4.232 4.122 3.742
0.005 -0.48482 6.00000 0.1199999973 1.3193154335    0.120 -0.925  3.4985  3.388    0  0.000  0.545     0.00     0.00 -1 -8.81e-14      0.00 7.372e-01 2.577e-01 9.173e-04 2.474e-04 2.244e-03 -1.000 5.116e-03 7.082 5.139 4.568 4.322 4.019 3.878 3.848 3.802 3.222 3.223 3.315 4.129 3.882 3.789 3.411
0.005 -0.48482 6.00000 0.1383860558 1.4296816587    0.138 -0.798  3.5073  3.358    0  0.000  0.545     0.00     0.00 -1 -1.14e-13      0.00 7.372e-01 2.577e-01 9.173e-04 2.474e-04 2.244e-03 -1.000 5.109e-03 6.765 4.846 4.246 4.013 3.738 3.607 3.578 3.536 2.965 2.978 3.077 3.843 3.612 3.529 3.155
0.005 -0.48482 6.00000 0.1400000006 1.4384527206    0.140 -0.787  3.5080  3.355    0  0.000  0.545     0.00     0.00 -1 -1.16e-13      0.00 7.372e-01 2.577e-01 9.173e-04 2.474e-04 2.244e-03 -1.000 5.108e-03 6.738 4.821 4.219 3.986 3.714 3.584 3.555 3.513 2.943 2.956 3.057 3.819 3.588 3.507 3.133
0.005 -0.48482 6.00000 0.1487198770 1.4836682081    0.149 -0.739  3.5116  3.348    0  0.000  0.545     0.00     0.00 -1 -1.27e-13      0.00 7.372e-01 2.577e-01 9.173e-04 2.474e-04 2.244e-03 -1.000 5.118e-03 6.618 4.712 4.098 3.870 3.608 3.483 3.454 3.413 2.848 2.866 2.970 3.710 3.488 3.409 3.037
0.005 -0.48482 6.00000 0.1632301509 1.5517501831    0.163 -0.676  3.5168  3.345    0  0.000  0.545     0.00     0.00 -1 -1.41e-13      0.00 7.372e-01 2.577e-01 9.173e-04 2.474e-04 2.244e-03 -1.000 5.116e-03 6.459 4.571 3.939 3.716 3.469 3.351 3.321 3.281 2.722 2.749 2.858 3.567 3.356 3.281 2.912
0.005 -0.48482 6.00000 0.1682570428 1.5735243559    0.168 -0.666  3.5180  3.354    0  0.000  0.545     0.00     0.00 -1  -1.4e-13      0.00 7.372e-01 2.577e-01 9.173e-04 2.474e-04 2.244e-03 -1.000 5.110e-03 6.436 4.552 3.918 3.696 3.452 3.335 3.305 3.264 2.707 2.736 2.846 3.548 3.340 3.265 2.897
0.005 -0.48482 6.00000 0.1723901927 1.5908032656    0.172 -0.651  3.5195  3.355    0  0.000  0.545     0.00     0.00 -1 -1.44e-13      0.00 7.372e-01 2.577e-01 9.173e-04 2.474e-04 2.244e-03 -1.000 5.106e-03 6.397 4.519 3.880 3.659 3.418 3.304 3.273 3.233 2.678 2.709 2.821 3.514 3.308 3.235 2.867
0.005 -0.48482 6.00000 0.1773134768 1.6106956005    0.177 -0.626  3.5216  3.351    0  0.000  0.545     0.00     0.00 -1 -1.51e-13      0.00 7.372e-01 2.577e-01 9.173e-04 2.474e-04 2.244e-03 -1.000 5.103e-03 6.334 4.463 3.816 3.598 3.364 3.253 3.223 3.183 2.630 2.665 2.777 3.458 3.257 3.187 2.820
0.005 -0.48482 6.00000 0.1846199632 1.6389299631    0.185 -0.583  3.5249  3.339    0  0.000  0.545     0.00     0.00 -1 -1.65e-13      0.00 7.372e-01 2.577e-01 9.173e-04 2.474e-04 2.244e-03 -1.000 5.104e-03 6.227 4.366 3.707 3.492 3.270 3.166 3.136 3.098 2.550 2.587 2.702 3.362 3.170 3.103 2.739
0.005 -0.48482 6.00000 0.1984813511 1.6887015104    0.198 -0.503  3.5309  3.314    0  0.000  0.545     0.00     0.00 -1 -1.97e-13      0.00 7.372e-01 2.577e-01 9.173e-04 2.474e-04 2.244e-03 -1.000 5.138e-03 6.028 4.187 3.501 3.294 3.093 3.001 2.973 2.937 2.398 2.442 2.559 3.182 3.006 2.947 2.587
0.005 -0.48482 6.00000 0.1999999881 1.6938791275    0.200 -0.495  3.5315  3.312    0  0.000  0.545     0.00     0.00 -1    -2e-13      0.00 7.372e-01 2.577e-01 9.173e-04 2.474e-04 2.244e-03 -1.000 5.137e-03 6.009 4.170 3.482 3.275 3.076 2.985 2.957 2.922 2.383 2.428 2.545 3.164 2.990 2.932 2.573
0.005 -0.48482 6.00000 0.2295677662 1.7855230570    0.230 -0.495  3.5358  3.389    0  0.000  0.545     0.00     0.00 -1 -1.71e-13      0.00 7.372e-01 2.577e-01 9.173e-04 2.474e-04 2.244e-03 -1.000 5.101e-03 6.008 4.183 3.498 3.291 3.095 3.009 2.980 2.945 2.413 2.462 2.581 3.180 3.014 2.958 2.603
0.005 -0.48482 6.00000 0.2570528686 1.8579065800    0.257 -0.390  3.5460  3.375    0  0.000  0.545     0.00     0.00 -1  -2.1e-13      0.00 7.371e-01 2.577e-01 9.173e-04 2.474e-04 2.244e-03 -1.000 5.130e-03 5.746 3.954 3.234 3.039 2.872 2.808 2.778 2.746 2.229 2.289 2.412 2.949 2.813 2.765 2.418
0.005 -0.48482 6.00000 0.2712034881 1.8913593292    0.271 -0.393  3.5478  3.407    0  0.000  0.545     0.00     0.00 -1 -1.96e-13      0.00 7.372e-01 2.577e-01 9.173e-04 2.474e-04 2.244e-03 -1.000 5.119e-03 5.752 3.965 3.246 3.052 2.886 2.823 2.793 2.761 2.247 2.309 2.432 2.961 2.828 2.782 2.436
0.005 -0.48482 6.00000 0.2852953374 1.9224909544    0.285 -0.396  3.5496  3.439    0  0.000  0.545     0.00     0.00 -1 -1.82e-13      0.00 7.372e-01 2.577e-01 9.173e-04 2.474e-04 2.244e-03 -1.000 5.113e-03 5.759 3.979 3.261 3.067 2.903 2.842 2.812 2.780 2.268 2.332 2.456 2.976 2.847 2.802 2.458
0.005 -0.48482 6.00000 0.2990819812 1.9510718584    0.299 -0.387  3.5525  3.462    0  0.000  0.545     0.00     0.00 -1 -1.77e-13      0.00 7.371e-01 2.577e-01 9.173e-04 2.474e-04 2.244e-03 -1.000 5.101e-03 5.736 3.965 3.244 3.053 2.893 2.837 2.806 2.775 2.267 2.334 2.458 2.964 2.842 2.798 2.457
0.005 -0.48482 6.00000 0.3222415447 1.9954242706    0.322 -0.356  3.5579  3.486    0  0.000  0.545     0.00     0.00 -1 -1.78e-13      0.00 7.371e-01 2.578e-01 9.173e-04 2.474e-04 2.244e-03 -1.000 5.101e-03 5.661 3.908 3.175 2.990 2.842 2.795 2.764 2.732 2.233 2.307 2.431 2.907 2.800 2.759 2.422
0.005 -0.48482 6.00000 0.3453129530 2.0356681347    0.345 -0.342  3.5622  3.519    0  0.000  0.545     0.00     0.00 -1 -1.71e-13      0.00 7.371e-01 2.578e-01 9.173e-04 2.474e-04 2.244e-03 -1.000 5.101e-03 5.625 3.886 3.148 2.966 2.826 2.786 2.754 2.721 2.228 2.307 2.432 2.887 2.791 2.751 2.418
0.005 -0.48482 6.00000 0.3499999642 2.0434174538    0.350 -0.340  3.5630  3.527    0  0.000  0.545     0.00     0.00 -1 -1.69e-13      0.00 7.371e-01 2.578e-01 9.173e-04 2.474e-04 2.244e-03 -1.000 5.101e-03 5.621 3.885 3.145 2.964 2.825 2.787 2.755 2.722 2.230 2.310 2.434 2.886 2.792 2.752 2.420
0.005 -0.48482 6.00000 0.3745731413 2.0819478035    0.375 -0.307  3.5693  3.548    0  0.000  0.545     0.00     0.00 -1 -1.72e-13      0.00 7.371e-01 2.578e-01 9.173e-04 2.474e-04 2.244e-03 -1.000 5.101e-03 5.537 3.823 3.071 2.897 2.771 2.744 2.710 2.675 2.193 2.280 2.404 2.825 2.748 2.709 2.382
0.005 -0.48482 6.00000 0.3999999762 2.1185023785    0.400 -0.278  3.5753  3.572    0  0.000  0.545     0.00     0.00 -1 -1.73e-13      0.00 7.371e-01 2.578e-01 9.173e-04 2.474e-04 2.244e-03 -1.000 5.101e-03 5.465 3.768 3.009 2.843 2.728 2.711 2.677 2.641 2.168 2.261 2.385 2.776 2.715 2.679 2.357
0.005 -0.48482 6.00000 0.4141589105 2.1375734806    0.414 -0.258  3.5792  3.581    0  0.000  0.545     0.00     0.00 -1 -1.77e-13      0.00 7.371e-01 2.578e-01 9.173e-04 2.474e-04 2.244e-03 -1.000 5.101e-03 5.414 3.728 2.963 2.802 2.695 2.685 2.651 2.615 2.147 2.244 2.369 2.740 2.689 2.654 2.336
0.005 -0.48482 6.00000 0.4499999881 2.1822810173    0.450 -0.209  3.5883  3.605    0  0.000  0.545     0.00     0.00 -1 -1.84e-13      0.00 7.371e-01 2.578e-01 9.173e-04 2.474e-04 2.244e-03 -1.000 5.101e-03 5.293 3.633 2.867 2.714 2.620 2.623 2.589 2.548 2.093 2.198 2.321 2.656 2.628 2.593 2.282
0.005 -0.48482 6.00000 0.4751355648 2.2109611034    0.475 -0.174  3.5948  3.619    0  0.000  0.545     0.00     0.00 -1 -1.92e-13      0.00 7.371e-01 2.578e-01 9.173e-04 2.474e-04 2.244e-03 -1.000 5.101e-03 5.204 3.559 2.798 2.652 2.566 2.576 2.541 2.500 2.053 2.163 2.286 2.596 2.580 2.548 2.242
0.005 -0.48482 6.00000 0.4999999404 2.2374541759    0.500 -0.141  3.6008  3.633    0  0.000  0.545     0.00     0.00 -1 -1.98e-13      0.00 7.371e-01 2.578e-01 9.173e-04 2.474e-04 2.244e-03 -1.000 5.101e-03 5.122 3.490 2.735 2.595 2.515 2.532 2.498 2.455 2.015 2.131 2.253 2.542 2.536 2.506 2.205
0.005 -0.48482 6.00000 0.5082938075 2.2458438873    0.508 -0.130  3.6026  3.636    0  0.000  0.545     0.00     0.00 -1 -2.01e-13      0.00 7.371e-01 2.578e-01 9.173e-04 2.474e-04 2.244e-03 -1.000 5.101e-03 5.094 3.467 2.714 2.575 2.498 2.516 2.482 2.439 2.002 2.117 2.241 2.523 2.520 2.491 2.191
0.005 -0.48482 6.00000 0.5230945349 2.2600581646    0.523 -0.109  3.6061  3.642    0  0.000  0.545     0.00     0.00 -1 -2.06e-13      0.00 7.371e-01 2.578e-01 9.173e-04 2.474e-04 2.244e-03 -1.000 5.101e-03 5.043 3.423 2.676 2.540 2.466 2.487 2.454 2.411 1.977 2.094 2.219 2.490 2.492 2.464 2.166
0.005 -0.48482 6.00000 0.5386270881 2.2740132809    0.538 -0.089  3.6098  3.649    0  0.000  0.545     0.00     0.00 -1 -2.11e-13      0.00 7.371e-01 2.578e-01 9.173e-04 2.474e-04 2.244e-03 -1.000 5.101e-03 4.993 3.381 2.639 2.507 2.436 2.461 2.428 2.384 1.955 2.074 2.200 2.457 2.465 2.439 2.144
0.005 -0.48482 6.00000 0.5500000119 2.2836582661    0.550 -0.074  3.6126  3.655    0  0.000  0.545     0.00     0.00 -1 -2.15e-13      0.00 7.371e-01 2.578e-01 9.173e-04 2.474e-04 2.244e-03 -1.000 5.101e-03 4.956 3.351 2.614 2.484 2.416 2.443 2.410 2.367 1.940 2.060 2.187 2.436 2.447 2.422 2.129
0.005 -0.48482 6.00000 0.5600849986 2.2918355465    0.560 -0.062  3.6147  3.659    0  0.000  0.545     0.00     0.00 -1 -2.18e-13      0.00 7.371e-01 2.578e-01 9.173e-04 2.474e-04 2.244e-03 -1.000 5.101e-03 4.925 3.324 2.592 2.463 2.397 2.425 2.393 2.350 1.924 2.046 2.173 2.416 2.429 2.406 2.114
0.005 -0.48482 6.00000 0.5807019472 2.3075401783    0.580 -0.035  3.6194  3.666    0  0.000  0.545     0.00     0.00 -1 -2.26e-13      0.00 7.371e-01 2.578e-01 9.173e-04 2.474e-04 2.244e-03 -1.000 5.101e-03 4.858 3.267 2.543 2.419 2.357 2.388 2.357 2.314 1.893 2.017 2.145 2.373 2.393 2.372 2.082
0.005 -0.48482 6.00000 0.5999999642 2.3211214542    0.600 -0.010  3.6240  3.674    0  0.000  0.545     0.00     0.00 -1 -2.33e-13      0.00 7.371e-01 2.578e-01 9.173e-04 2.474e-04 2.244e-03 -1.000 5.101e-03 4.795 3.215 2.500 2.379 2.321 2.355 2.325 2.282 1.863 1.989 2.117 2.335 2.359 2.341 2.052
0.005 -0.48482 6.00000 0.6020167470 2.3224830627    0.602 -0.008  3.6243  3.675    0  0.000  0.545     0.00     0.00 -1 -2.34e-13      0.00 7.371e-01 2.578e-01 9.173e-04 2.474e-04 2.244e-03 -1.000 5.101e-03 4.790 3.211 2.496 2.376 2.317 2.352 2.322 2.279 1.860 1.986 2.114 2.332 2.356 2.338 2.049
0.005 -0.48482 6.00000 0.6201001406 2.3342385292    0.620  0.014  3.6278  3.679    0  0.000  0.545     0.00     0.00 -1 -2.41e-13      0.00 7.371e-01 2.578e-01 9.173e-04 2.474e-04 2.244e-03 -1.000 5.101e-03 4.735 3.163 2.455 2.338 2.282 2.318 2.290 2.246 1.829 1.957 2.085 2.295 2.323 2.306 2.018
0.005 -0.48482 6.00000 0.6390329003 2.3457298279    0.639  0.037  3.6318  3.686    0  0.000  0.545     0.00     0.00 -1 -2.49e-13      0.00 7.371e-01 2.578e-01 9.173e-04 2.474e-04 2.244e-03 -1.000 5.101e-03 4.678 3.116 2.417 2.303 2.250 2.288 2.260 2.216 1.801 1.931 2.057 2.261 2.292 2.277 1.990
0.005 -0.48482 6.00000 0.6499999166 2.3520352840    0.650  0.050  3.6342  3.689    0  0.000  0.545     0.00     0.00 -1 -2.53e-13      0.00 7.371e-01 2.578e-01 9.173e-04 2.474e-04 2.244e-03 -1.000 5.101e-03 4.644 3.089 2.396 2.283 2.232 2.270 2.242 2.199 1.784 1.915 2.042 2.242 2.274 2.260 1.973
0.005 -0.48482 6.00000 0.6608912349 2.3580598831    0.661  0.062  3.6360  3.692    0  0.000  0.545     0.00     0.00 -1 -2.57e-13      0.00 7.371e-01 2.578e-01 9.173e-04 2.474e-04 2.244e-03 -1.000 5.101e-03 4.615 3.065 2.376 2.265 2.215 2.253 2.226 2.183 1.768 1.900 2.026 2.224 2.257 2.243 1.957
0.005 -0.48482 6.00000 0.6846960783 2.3704631329    0.685  0.089  3.6402  3.697    0  0.000  0.545     0.00     0.00 -1 -2.67e-13      0.00 7.371e-01 2.578e-01 9.173e-04 2.474e-04 2.244e-03 -1.000 5.101e-03 4.547 3.008 2.330 2.223 2.175 2.213 2.187 2.144 1.731 1.864 1.990 2.183 2.218 2.205 1.920
0.005 -0.48482 6.00000 0.6999999881 2.3779268265    0.700  0.108  3.6433  3.701    0  0.000  0.545     0.00     0.00 -1 -2.75e-13      0.00 7.371e-01 2.578e-01 9.173e-04 2.474e-04 2.244e-03 -1.000 5.101e-03 4.501 2.970 2.302 2.197 2.150 2.188 2.163 2.120 1.707 1.841 1.969 2.157 2.193 2.181 1.896
0.005 -0.48482 6.00000 0.7243382931 2.3890528679    0.724  0.139  3.6507  3.713    0  0.000  0.541     0.00     0.00 -1 -2.87e-13      0.00 7.371e-01 2.578e-01 9.113e-04 2.473e-04 2.244e-03 -1.000 5.101e-03 4.421 2.911 2.268 2.169 2.123 2.161 2.137 2.095 1.682 1.818 1.949 2.129 2.165 2.156 1.871
0.005 -0.48482 6.00000 0.7489780188 2.3994736671    0.749  0.172  3.6582  3.725    0  0.000  0.538     0.00     0.00 -1 -3.01e-13      0.00 7.371e-01 2.578e-01 9.055e-04 2.471e-04 2.244e-03 -1.000 5.101e-03 4.339 2.850 2.233 2.138 2.094 2.131 2.108 2.067 1.654 1.791 1.925 2.100 2.135 2.128 1.843
0.005 -0.48482 6.00000 0.7793349028 2.4112765789    0.779  0.200  3.6618  3.729    0  0.000  0.538     0.00     0.00 -1 -3.13e-13      0.00 7.371e-01 2.578e-01 9.054e-04 2.471e-04 2.244e-03 -1.000 5.101e-03 4.270 2.791 2.186 2.093 2.050 2.086 2.063 2.024 1.611 1.748 1.882 2.055 2.089 2.084 1.800
0.005 -0.48482 6.00000 0.7979561090 2.4180076122    0.798  0.216  3.6640  3.732    0  0.000  0.538     0.00     0.00 -1 -3.19e-13      0.00 7.371e-01 2.578e-01 9.053e-04 2.471e-04 2.244e-03 -1.000 5.101e-03 4.230 2.759 2.160 2.069 2.026 2.062 2.040 2.001 1.588 1.726 1.858 2.031 2.065 2.062 1.777
0.005 -0.48482 6.00000 0.8002536893 2.4188132286    0.800  0.218  3.6643  3.732    0  0.000  0.538     0.00     0.00 -1  -3.2e-13      0.00 7.371e-01 2.578e-01 9.053e-04 2.471e-04 2.244e-03 -1.000 5.101e-03 4.226 2.755 2.157 2.066 2.023 2.059 2.037 1.998 1.585 1.723 1.855 2.028 2.062 2.059 1.774
0.005 -0.48482 6.00000 0.8365362287 2.4308631420    0.836  0.250  3.6681  3.735    0  0.000  0.538     0.00     0.00 -1 -3.36e-13      0.00 7.371e-01 2.578e-01 9.053e-04 2.471e-04 2.244e-03 -1.000 5.101e-03 4.146 2.686 2.101 2.012 1.970 2.004 1.984 1.946 1.533 1.671 1.802 1.974 2.008 2.007 1.722
0.005 -0.48482 6.00000 0.8469341993 2.4340982437    0.846  0.258  3.6692  3.736    0  0.000  0.538     0.00     0.00 -1  -3.4e-13      0.00 7.371e-01 2.578e-01 9.053e-04 2.471e-04 2.244e-03 -1.000 5.101e-03 4.125 2.668 2.087 1.999 1.957 1.991 1.971 1.934 1.520 1.658 1.789 1.961 1.995 1.994 1.709
0.005 -0.48482 6.00000 0.8529925346 2.4359414577    0.852  0.263  3.6698  3.737    0  0.000  0.538     0.00     0.00 -1 -3.42e-13      0.00 7.371e-01 2.578e-01 9.053e-04 2.471e-04 2.244e-03 -1.000 5.101e-03 4.114 2.659 2.080 1.991 1.950 1.984 1.964 1.927 1.514 1.651 1.782 1.954 1.987 1.987 1.702
0.005 -0.48482 6.00000 0.8959121704 2.4481825829    0.895  0.297  3.6740  3.741    0  0.000  0.538     0.00     0.00 -1 -3.59e-13      0.00 7.371e-01 2.578e-01 9.053e-04 2.471e-04 2.244e-03 -1.000 5.101e-03 4.027 2.586 2.020 1.934 1.893 1.926 1.907 1.872 1.458 1.596 1.727 1.897 1.930 1.932 1.647
0.005 -0.48482 6.00000 0.9386767745 2.4591081142    0.938  0.327  3.6779  3.747    0  0.000  0.538     0.00     0.00 -1 -3.73e-13      0.00 7.371e-01 2.578e-01 9.053e-04 2.471e-04 2.244e-03 -1.000 5.101e-03 3.952 2.523 1.970 1.886 1.846 1.879 1.860 1.826 1.412 1.550 1.680 1.850 1.882 1.886 1.601
0.005 -0.48482 6.00000 0.9448902607 2.4606013298    0.944  0.332  3.6785  3.747    0  0.000  0.538     0.00     0.00 -1 -3.76e-13      0.00 7.371e-01 2.578e-01 9.053e-04 2.471e-04 2.244e-03 -1.000 5.101e-03 3.940 2.513 1.961 1.878 1.838 1.870 1.852 1.818 1.404 1.542 1.673 1.842 1.874 1.878 1.593
0.005 -0.48482 6.00000 0.9938682914 2.4716229439    0.994  0.367  3.6826  3.750    0  0.000  0.538     0.00     0.00 -1 -3.96e-13      0.00 7.371e-01 2.578e-01 9.053e-04 2.471e-04 2.244e-03 -1.000 5.101e-03 3.852 2.438 1.900 1.819 1.779 1.811 1.793 1.760 1.346 1.486 1.617 1.783 1.814 1.820 1.535
0.005 -0.48482 6.00000 1.0380771160 2.4805512428    1.038  0.398  3.6860  3.752    0  0.000  0.538     0.00     0.00 -1 -3.92e-13      0.00 7.371e-01 2.578e-01 9.053e-04 2.471e-04 2.244e-03 -1.000 5.101e-03 3.775 2.373 1.847 1.767 1.728 1.759 1.742 1.709 1.296 1.436 1.571 1.732 1.763 1.769 1.485
0.005 -0.48482 6.00000 1.0428463221 2.4814624786    1.042  0.401  3.6864  3.752    0  0.000  0.538     0.00     0.00 -1 -3.92e-13      0.00 7.371e-01 2.578e-01 9.053e-04 2.471e-04 2.244e-03 -1.000 5.101e-03 3.766 2.365 1.841 1.761 1.722 1.753 1.736 1.703 1.290 1.431 1.565 1.726 1.757 1.763 1.479
0.005 -0.48482 6.00000 1.0918244123 2.4902939796    1.091  0.432  3.6900  3.756    0  0.000  0.538     0.00     0.00 -1 -3.79e-13      0.00 7.371e-01 2.578e-01 9.053e-04 2.471e-04 2.244e-03 -1.000 5.101e-03 3.689 2.300 1.788 1.711 1.672 1.702 1.685 1.653 1.240 1.382 1.519 1.676 1.705 1.713 1.429
0.005 -0.48482 6.00000 1.1289139986 2.4963984489    1.128  0.454  3.6925  3.758    0  0.000  0.538     0.00     0.00 -1 -3.66e-13      0.00 7.371e-01 2.578e-01 9.053e-04 2.471e-04 2.244e-03 -1.000 5.101e-03 3.635 2.255 1.751 1.674 1.636 1.666 1.649 1.617 1.205 1.347 1.485 1.640 1.669 1.678 1.394
0.005 -0.48482 6.00000 1.1408023834 2.4982588291    1.140  0.462  3.6933  3.758    0  0.000  0.538     0.00     0.00 -1 -3.64e-13      0.00 7.371e-01 2.578e-01 9.053e-04 2.471e-04 2.244e-03 -1.000 5.101e-03 3.616 2.239 1.736 1.660 1.623 1.652 1.636 1.604 1.191 1.333 1.471 1.626 1.655 1.664 1.380
0.005 -0.48482 6.00000 1.1897804737 2.5054745674    1.189  0.492  3.6965  3.759    0  0.000  0.538     0.00     0.00 -1 -3.49e-13      0.00 7.371e-01 2.578e-01 9.053e-04 2.471e-04 2.244e-03 -1.000 5.101e-03 3.539 2.173 1.680 1.606 1.569 1.597 1.582 1.550 1.138 1.280 1.418 1.572 1.600 1.611 1.327
0.005 -0.48482 6.00000 1.2377036810 2.5119028091    1.237  0.519  3.6994  3.761    0  0.000  0.538     0.00     0.00 -1 -3.28e-13      0.00 7.371e-01 2.578e-01 9.053e-04 2.471e-04 2.244e-03 -1.000 5.101e-03 3.473 2.117 1.634 1.561 1.524 1.552 1.537 1.506 1.094 1.237 1.375 1.527 1.555 1.567 1.283
0.005 -0.48482 6.00000 1.2387585640 2.5120379925    1.238  0.519  3.6994  3.761    0  0.000  0.538     0.00     0.00 -1 -3.28e-13      0.00 7.371e-01 2.578e-01 9.053e-04 2.471e-04 2.244e-03 -1.000 5.101e-03 3.471 2.116 1.632 1.559 1.523 1.551 1.536 1.505 1.093 1.236 1.374 1.526 1.554 1.566 1.282
0.005 -0.48482 6.00000 1.2877364159 2.5180306435    1.287  0.547  3.7022  3.762    0  0.000  0.538     0.00     0.00 -1 -3.06e-13      0.00 7.371e-01 2.578e-01 9.053e-04 2.471e-04 2.244e-03 -1.000 5.101e-03 3.403 2.057 1.582 1.510 1.474 1.502 1.487 1.457 1.045 1.188 1.326 1.478 1.505 1.518 1.234
0.005 -0.48482 6.00000 1.3036179543 2.5198628902    1.303  0.555  3.7031  3.763    0  0.000  0.538     0.00     0.00 -1 -2.96e-13      0.00 7.371e-01 2.578e-01 9.053e-04 2.471e-04 2.244e-03 -1.000 5.101e-03 3.384 2.041 1.569 1.497 1.462 1.489 1.474 1.445 1.032 1.175 1.314 1.465 1.492 1.505 1.221
0.005 -0.48482 6.00000 1.3367147446 2.5235209465    1.337  0.573  3.7049  3.763    0  0.000  0.538     0.00     0.00 -1  -2.8e-13      0.00 7.371e-01 2.578e-01 9.053e-04 2.471e-04 2.244e-03 -1.000 5.101e-03 3.338 2.002 1.535 1.465 1.429 1.456 1.441 1.412 1.000 1.143 1.282 1.432 1.459 1.473 1.189
0.005 -0.48482 6.00000 1.3856927156 2.5285673141    1.386  0.599  3.7075  3.762    0  0.000  0.538     0.00     0.00 -1 -2.53e-13      0.00 7.371e-01 2.578e-01 9.053e-04 2.471e-04 2.244e-03 -1.000 5.101e-03 3.272 1.946 1.486 1.417 1.382 1.408 1.393 1.365 0.953 1.096 1.235 1.385 1.411 1.426 1.142
0.005 -0.48482 6.00000 1.4346706867 2.5332195759    1.435  0.624  3.7100  3.762    0  0.000  0.538     0.00     0.00 -1 -2.22e-13      0.00 7.371e-01 2.578e-01 9.053e-04 2.471e-04 2.244e-03 -1.000 5.101e-03 3.209 1.892 1.440 1.372 1.337 1.363 1.349 1.321 0.909 1.053 1.191 1.340 1.366 1.382 1.098
0.005 -0.48482 6.00000 1.4836487770 2.5375204086    1.484  0.649  3.7123  3.761    0  0.000  0.538     0.00     0.00 -1 -1.89e-13      0.00 7.371e-01 2.578e-01 9.053e-04 2.471e-04 2.244e-03 -1.000 5.101e-03 3.147 1.839 1.394 1.326 1.292 1.317 1.304 1.277 0.865 1.008 1.146 1.295 1.320 1.337 1.054
0.005 -0.48482 6.00000 1.5326267481 2.5415067673    1.532  0.673  3.7146  3.761    0  0.000  0.538     0.00     0.00 -1 -1.51e-13      0.00 7.371e-01 2.578e-01 9.053e-04 2.471e-04 2.244e-03 -1.000 5.101e-03 3.088 1.789 1.350 1.283 1.250 1.274 1.261 1.235 0.823 0.966 1.104 1.253 1.277 1.296 1.012
0.005 -0.48482 6.00000 1.5515241623 2.5429675579    1.551  0.682  3.7154  3.760    0  0.000  0.538     0.00     0.00 -1 -1.33e-13      0.00 7.371e-01 2.578e-01 9.053e-04 2.471e-04 2.244e-03 -1.000 5.101e-03 3.065 1.769 1.332 1.266 1.233 1.257 1.244 1.218 0.806 0.949 1.087 1.236 1.260 1.279 0.995
0.005 -0.48482 6.00000 1.5816048384 2.5452103615    1.581  0.697  3.7167  3.759    0  0.000  0.538     0.00     0.00 -1  -1.1e-13      0.00 7.371e-01 2.578e-01 9.053e-04 2.471e-04 2.244e-03 -1.000 5.101e-03 3.027 1.736 1.303 1.237 1.204 1.228 1.215 1.189 0.778 0.921 1.059 1.207 1.231 1.250 0.967
0.005 -0.48482 6.00000 1.6051135063 2.5468959808    1.605  0.709  3.7178  3.758    0  0.000  0.538     0.00     0.00 -1 -8.53e-14      0.00 7.371e-01 2.578e-01 9.053e-04 2.471e-04 2.244e-03 -1.000 5.101e-03 2.999 1.712 1.281 1.216 1.184 1.207 1.195 1.169 0.757 0.900 1.038 1.186 1.210 1.230 0.946
0.005 -0.48482 6.00000 1.6305828094 2.5486593246    1.630  0.721  3.7189  3.757    0  0.000  0.538     0.00     0.00 -1 -6.49e-14      0.00 7.371e-01 2.578e-01 9.053e-04 2.471e-04 2.244e-03 -1.000 5.101e-03 2.967 1.684 1.257 1.193 1.160 1.184 1.171 1.146 0.734 0.877 1.015 1.163 1.186 1.207 0.923
0.005 -0.48482 6.00000 1.6620008945 2.5507490635    1.661  0.735  3.7202  3.756    0  0.000  0.538     0.00     0.00 -1 -2.39e-20      0.00 7.371e-01 2.578e-01 9.053e-04 2.471e-04 2.244e-03 -1.000 5.101e-03 2.933 1.656 1.232 1.168 1.136 1.159 1.146 1.122 0.710 0.853 0.991 1.139 1.162 1.183 0.899
0.005 -0.48482 6.00000 1.6795608997 2.5518779755    1.679  0.744  3.7209  3.755    0  0.000  0.538     0.00     0.00 -1 -6.98e-24      0.00 7.371e-01 2.578e-01 9.053e-04 2.471e-04 2.244e-03 -1.000 5.101e-03 2.910 1.636 1.214 1.150 1.118 1.141 1.129 1.104 0.693 0.835 0.973 1.121 1.144 1.165 0.881
0.005 -0.48482 6.00000 1.7285389900 2.5548877716    1.727  0.767  3.7230  3.752    0  0.000  0.538     0.00     0.00 -1    -1e-30      0.00 7.371e-01 2.578e-01 9.053e-04 2.471e-04 2.244e-03 -1.000 5.101e-03 2.853 1.586 1.170 1.107 1.075 1.098 1.086 1.062 0.650 0.793 0.931 1.078 1.100 1.123 0.839
0.005 -0.48482 6.00000 1.7775169611 2.5577075481    1.776  0.792  3.7249  3.748    0  0.000  0.538     0.00     0.00 -1    -1e-30      0.00 7.371e-01 2.578e-01 9.053e-04 2.471e-04 2.244e-03 -1.000 5.101e-03 2.791 1.532 1.122 1.059 1.028 1.050 1.038 1.015 0.603 0.746 0.884 1.031 1.053 1.076 0.792
0.005 -0.48482 6.00000 1.8271399736 2.5603878498    1.826  0.814  3.7269  3.745    0  0.000  0.538     0.00     0.00 -1    -1e-30      0.00 7.371e-01 2.578e-01 9.053e-04 2.471e-04 2.244e-03 -1.000 5.101e-03 2.736 1.485 1.079 1.018 0.987 1.009 0.997 0.974 0.563 0.705 0.843 0.990 1.011 1.035 0.752
0.005 -0.48482 6.00000 1.8767631054 2.5629060268    1.876  0.838  3.7288  3.741    0  0.000  0.538     0.00     0.00 -1    -1e-30      0.00 7.371e-01 2.578e-01 9.053e-04 2.471e-04 2.244e-03 -1.000 5.101e-03 2.675 1.432 1.032 0.971 0.941 0.962 0.950 0.928 0.516 0.659 0.796 0.943 0.964 0.989 0.705
0.005 -0.48482 6.00000 1.9263861179 2.5652754307    1.926  0.862  3.7308  3.735    0  0.000  0.538     0.00     0.00 -1    -1e-30      0.00 7.371e-01 2.578e-01 9.053e-04 2.471e-04 2.244e-03 -1.000 5.101e-03 2.615 1.379 0.984 0.924 0.894 0.915 0.904 0.882 0.470 0.612 0.750 0.897 0.917 0.943 0.659
0.005 -0.48482 6.00000 1.9760092497 2.5675084591    1.976  0.886  3.7326  3.730    0  0.000  0.538     0.00     0.00 -1    -1e-30      0.00 7.371e-01 2.578e-01 9.053e-04 2.471e-04 2.244e-03 -1.000 5.101e-03 2.555 1.328 0.937 0.878 0.849 0.869 0.858 0.837 0.425 0.567 0.705 0.851 0.871 0.898 0.614
0.005 -0.48482 6.00000 2.0244472027 2.5695674419    2.024  0.909  3.7345  3.726    0  0.000  0.538     0.00     0.00 -1    -1e-30      0.00 7.371e-01 2.578e-01 9.053e-04 2.471e-04 2.244e-03 -1.000 5.101e-03 2.499 1.278 0.893 0.834 0.806 0.825 0.814 0.793 0.382 0.524 0.661 0.808 0.827 0.855 0.571
0.005 -0.48482 6.00000 2.0256323814 2.5696163177    2.025  0.909  3.7345  3.725    0  0.000  0.538     0.00     0.00 -1    -1e-30      0.00 7.371e-01 2.578e-01 9.053e-04 2.471e-04 2.244e-03 -1.000 5.101e-03 2.497 1.277 0.892 0.833 0.804 0.824 0.813 0.792 0.381 0.523 0.660 0.807 0.826 0.854 0.570
0.005 -0.48482 6.00000 2.0752551556 2.5716085434    2.074  0.934  3.7364  3.719    0  0.000  0.538     0.00     0.00 -1    -1e-30      0.00 7.371e-01 2.578e-01 9.053e-04 2.471e-04 2.244e-03 -1.000 5.101e-03 2.435 1.223 0.843 0.785 0.757 0.776 0.765 0.745 0.333 0.475 0.613 0.759 0.778 0.806 0.522
0.005 -0.48482 6.00000 2.1248781681 2.5734941959    2.124  0.960  3.7383  3.710    0  0.000  0.538     0.00     0.00 -1    -1e-30      0.00 7.371e-01 2.578e-01 9.053e-04 2.471e-04 2.244e-03 -1.000 5.101e-03 2.370 1.166 0.790 0.733 0.705 0.724 0.713 0.694 0.282 0.424 0.561 0.708 0.726 0.755 0.471
0.005 -0.48482 6.00000 2.1745014191 2.5752811432    2.173  0.987  3.7403  3.701    0  0.000  0.538     0.00     0.00 -1    -1e-30      0.00 7.371e-01 2.578e-01 9.053e-04 2.471e-04 2.244e-03 -1.000 5.101e-03 2.301 1.105 0.735 0.678 0.651 0.669 0.658 0.640 0.228 0.369 0.507 0.653 0.671 0.701 0.417
0.005 -0.48482 6.00000 2.2241244316 2.5769767761    2.223  1.009  3.7421  3.697    0  0.000  0.538     0.00     0.00 -1    -1e-30      0.00 7.371e-01 2.578e-01 9.053e-04 2.471e-04 2.244e-03 -1.000 5.101e-03 2.248 1.060 0.694 0.638 0.612 0.629 0.619 0.600 0.186 0.332 0.468 0.614 0.631 0.650 0.375
0.005 -0.48482 6.00000 2.2652213573 2.5783164501    2.264  1.030  3.7436  3.689    0  0.000  0.538     0.00     0.00 -1    -1e-30      0.00 7.371e-01 2.578e-01 9.053e-04 2.471e-04 2.244e-03 -1.000 5.101e-03 2.195 1.013 0.651 0.596 0.570 0.587 0.577 0.559 0.143 0.292 0.426 0.572 0.589 0.599 0.332
0.005 -0.48482 6.00000 2.2737474442 2.5785875320    2.272  1.034  3.7440  3.688    0  0.000  0.538     0.00     0.00 -1    -1e-30      0.00 7.371e-01 2.578e-01 9.053e-04 2.471e-04 2.244e-03 -1.000 5.101e-03 2.184 1.004 0.642 0.588 0.561 0.578 0.568 0.550 0.134 0.284 0.418 0.564 0.580 0.588 0.322
0.005 -0.48482 6.00000 2.2964251041 2.5792970657    2.295  1.044  3.7448  3.686    0  0.000  0.538     0.00     0.00 -1    -1e-30      0.00 7.371e-01 2.578e-01 9.053e-04 2.471e-04 2.244e-03 -1.000 5.101e-03 2.159 0.982 0.622 0.568 0.543 0.559 0.549 0.531 0.114 0.266 0.399 0.545 0.561 0.564 0.303
0.005 -0.48482 6.00000 2.3233704567 2.5801193714    2.322  1.059  3.7459  3.681    0  0.000  0.538     0.00     0.00 -1    -1e-30      0.00 7.371e-01 2.578e-01 9.053e-04 2.471e-04 2.244e-03 -1.000 5.101e-03 2.123 0.951 0.594 0.540 0.515 0.531 0.521 0.504 0.085 0.240 0.371 0.517 0.532 0.529 0.273
0.005 -0.48482 6.00000 2.3259403706 2.5801966190    2.325  1.060  3.7460  3.680    0  0.000  0.538     0.00     0.00 -1    -1e-30      0.00 7.371e-01 2.578e-01 9.053e-04 2.471e-04 2.244e-03 -1.000 5.101e-03 2.120 0.948 0.591 0.538 0.512 0.528 0.518 0.501 0.082 0.237 0.369 0.514 0.530 0.526 0.271
0.005 -0.48482 6.00000 2.3729934692 2.5815777779    2.372  1.091  3.7480  3.666    0  0.000  0.538     0.00     0.00 -1    -1e-30      0.00 7.371e-01 2.578e-01 9.053e-04 2.471e-04 2.244e-03 -1.000 5.101e-03 2.043 0.879 0.528 0.475 0.450 0.465 0.456 0.439 0.018 0.178 0.307 0.453 0.467 0.451 0.206
0.005 -0.48482 6.00000 2.3904082775 2.5820732117    2.389  1.103  3.7488  3.660    0  0.000  0.538     0.00     0.00 -1    -1e-30      0.00 7.372e-01 2.577e-01 9.053e-04 2.471e-04 2.244e-03 -1.000 5.101e-03 2.012 0.852 0.503 0.451 0.426 0.441 0.431 0.415 -0.008 0.154 0.282 0.428 0.442 0.421 0.181
0.005 -0.48482 6.00000 2.4226169586 2.5829677582    2.421  1.127  3.7504  3.649    0  0.000  0.538     0.00     0.00 -1    -1e-30      0.00 7.372e-01 2.577e-01 9.053e-04 2.471e-04 2.244e-03 -1.000 5.101e-03 1.953 0.800 0.454 0.403 0.379 0.393 0.384 0.368 -0.057 0.109 0.235 0.381 0.394 0.364 0.131
0.005 -0.48482 6.00000 2.4834327698 2.5845844746    2.482  1.172  3.7538  3.628    0  0.000  0.538     0.00     0.00 -1    -1e-30      0.00 7.372e-01 2.577e-01 9.053e-04 2.471e-04 2.245e-03 -1.000 5.101e-03 1.840 0.702 0.364 0.314 0.291 0.304 0.295 0.280 -0.149 0.025 0.147 0.293 0.305 0.254 0.039
0.005 -0.48482 6.00000 2.5746204853 2.5868446827    2.574  1.258  3.7598  3.582    0  0.000  0.538     0.00     0.00 -1    -1e-30      0.00 7.372e-01 2.577e-01 9.053e-04 2.471e-04 2.245e-03 -1.000 5.101e-03 1.626 0.514 0.190 0.143 0.122 0.132 0.123 0.111 -0.326 -0.138 -0.023 0.124 0.133 0.046 -0.139
0.005 -0.48482 6.00000 2.6211090088 2.5879275799    2.620  1.311  3.7633  3.550    0  0.000  0.538     0.00     0.00 -1    -1e-30      0.00 7.372e-01 2.577e-01 9.053e-04 2.471e-04 2.245e-03 -1.000 5.101e-03 1.492 0.396 0.080 0.034 0.014 0.023 0.015 0.003 -0.438 -0.241 -0.131 0.016 0.024 -0.085 -0.251
0.005 -0.48482 6.00000 2.6773495674 2.5891799927    2.677  1.385  3.7678  3.504    0  0.000  0.538     0.00     0.00 -1    -1e-30      0.00 7.372e-01 2.577e-01 9.053e-04 2.471e-04 2.245e-03 -1.000 5.101e-03 1.307 0.231 -0.075 -0.118 -0.137 -0.131 -0.138 -0.148 -0.595 -0.388 -0.282 -0.135 -0.130 -0.265 -0.409
0.005 -0.48482 6.00000 2.7272684574 2.5902421474    2.727  1.455  3.7723  3.460    0  0.000  0.538     0.00     0.00 -1    -1e-30      0.00 7.372e-01 2.577e-01 9.053e-04 2.471e-04 2.245e-03 -1.000 5.101e-03 1.132 0.077 -0.218 -0.260 -0.277 -0.273 -0.279 -0.289 -0.742 -0.523 -0.423 -0.276 -0.272 -0.435 -0.556
0.005 -0.48482 6.00000 2.7770571709 2.5912578106    2.777  1.523  3.7773  3.419    0  0.000  0.538     0.00     0.00 -1    -1e-30      0.00 7.372e-01 2.577e-01 9.053e-04 2.471e-04 2.245e-03 -1.000 5.101e-03 0.961 -0.069 -0.352 -0.392 -0.409 -0.406 -0.412 -0.420 -0.880 -0.649 -0.553 -0.407 -0.406 -0.600 -0.695
0.005 -0.48482 6.00000 2.8196010590 2.5920932293    2.819  1.579  3.7820  3.389    0  0.000  0.538     0.00     0.00 -1    -1e-30      0.00 7.372e-01 2.577e-01 9.053e-04 2.471e-04 2.245e-03 -1.000 5.101e-03 0.823 -0.186 -0.456 -0.495 -0.511 -0.511 -0.516 -0.523 -0.989 -0.746 -0.655 -0.510 -0.510 -0.733 -0.804
0.005 -0.48482 6.00000 2.8576819897 2.5928165913    2.857  1.628  3.7868  3.366    0  0.000  0.538     0.00     0.00 -1    -1e-30      0.00 7.372e-01 2.577e-01 9.053e-04 2.471e-04 2.245e-03 -1.000 5.101e-03 0.701 -0.284 -0.543 -0.580 -0.596 -0.597 -0.602 -0.609 -1.081 -0.826 -0.739 -0.595 -0.596 -0.850 -0.896
0.005 -0.48482 6.00000 2.8991663456 2.5935797691    2.899  1.680  3.7933  3.346    0  0.000  0.538     0.00     0.00 -1    -1e-30      0.00 7.372e-01 2.577e-01 9.053e-04 2.471e-04 2.245e-03 -1.000 5.101e-03 0.571 -0.383 -0.627 -0.662 -0.678 -0.680 -0.684 -0.690 -1.170 -0.899 -0.819 -0.676 -0.679 -0.974 -0.986
0.005 -0.48482 6.00000 2.9386579990 2.5942835808    2.938  1.729  3.8012  3.334    0  0.000  0.538     0.00     0.00 -1    -1e-30      0.00 7.372e-01 2.577e-01 9.053e-04 2.471e-04 2.245e-03 -1.000 5.101e-03 0.447 -0.468 -0.695 -0.728 -0.742 -0.746 -0.749 -0.754 -1.245 -0.953 -0.884 -0.741 -0.746 -1.089 -1.061
0.005 -0.48482 6.00000 2.9689552784 2.5948088169    2.969  1.767  3.8089  3.331    0  0.000  0.538     0.00     0.00 -1    -1e-30      0.00 7.372e-01 2.577e-01 9.053e-04 2.471e-04 2.245e-03 -1.000 5.101e-03 0.352 -0.526 -0.736 -0.767 -0.780 -0.785 -0.787 -0.792 -1.291 -0.981 -0.922 -0.779 -0.785 -1.177 -1.109
0.005 -0.48482 6.00000 2.9942684174 2.5952382088    2.994  1.799  3.8169  3.335    0  0.000  0.538     0.00     0.00 -1    -1e-30      0.00 7.372e-01 2.577e-01 9.053e-04 2.471e-04 2.245e-03 -1.000 5.101e-03 0.271 -0.566 -0.759 -0.788 -0.800 -0.805 -0.808 -0.812 -1.315 -0.995 -0.942 -0.799 -0.805 -1.223 -1.133
0.005 -0.48482 6.00000 3.0170400143 2.5956175327    3.017  1.829  3.8257  3.344    0  0.000  0.538     0.00     0.00 -1    -1e-30      0.00 7.372e-01 2.577e-01 9.053e-04 2.471e-04 2.245e-03 -1.000 5.101e-03 0.198 -0.594 -0.769 -0.796 -0.808 -0.813 -0.815 -0.819 -1.322 -1.000 -0.946 -0.806 -0.813 -1.229 -1.139
0.005 -0.48482 6.00000 3.0180935860 2.5956349373    3.018  1.830  3.8261  3.344    0  0.000  0.538     0.00     0.00 -1    -1e-30      0.00 7.372e-01 2.577e-01 9.053e-04 2.471e-04 2.245e-03 -1.000 5.101e-03 0.195 -0.596 -0.769 -0.797 -0.808 -0.813 -0.815 -0.819 -1.322 -1.000 -0.946 -0.807 -0.813 -1.230 -1.139
0.005 -0.48482 6.00000 3.0224478245 2.5957067013    3.022  1.836  3.8279  3.346    0  0.000  0.538     0.00     0.00 -1    -1e-30      0.00 7.372e-01 2.577e-01 9.053e-04 2.471e-04 2.245e-03 -1.000 5.101e-03 0.181 -0.601 -0.770 -0.798 -0.809 -0.814 -0.816 -0.819 -1.322 -1.000 -0.946 -0.807 -0.814 -1.230 -1.140
0.005 -0.48482 6.00000 3.0452835560 2.5960788727    3.045  1.866  3.8379  3.360    0  0.000  0.538     0.00     0.00 -1    -1e-30      0.00 7.372e-01 2.577e-01 9.053e-04 2.471e-04 2.245e-03 -1.000 5.101e-03 0.106 -0.623 -0.771 -0.797 -0.808 -0.813 -0.815 -0.818 -1.320 -0.996 -0.942 -0.807 -0.813 -1.229 -1.137
0.005 -0.48482 6.00000 3.0671086311 2.5964286327    3.066  1.894  3.8481  3.375    0  0.000  0.538     0.00     0.00 -1    -1e-30      0.00 7.372e-01 2.577e-01 9.053e-04 2.471e-04 2.245e-03 -1.000 5.101e-03 0.034 -0.640 -0.768 -0.793 -0.802 -0.808 -0.809 -0.812 -1.313 -0.988 -0.933 -0.801 -0.808 -1.223 -1.131
0.005 -0.48482 6.00000 3.0883114338 2.5967631340    3.088  1.922  3.8584  3.391    0  0.000  0.538     0.00     0.00 -1    -1e-30      0.00 7.372e-01 2.577e-01 9.053e-04 2.471e-04 2.245e-03 -1.000 5.101e-03 -0.036 -0.655 -0.762 -0.786 -0.794 -0.800 -0.801 -0.804 -1.304 -0.978 -0.922 -0.794 -0.800 -1.215 -1.121
0.005 -0.48482 6.00000 3.1090092659 2.5970845222    3.108  1.950  3.8687  3.407    0  0.000  0.538     0.00     0.00 -1    -1e-30      0.00 7.372e-01 2.577e-01 9.053e-04 2.471e-04 2.245e-03 -1.000 5.101e-03 -0.104 -0.666 -0.753 -0.776 -0.785 -0.790 -0.792 -0.794 -1.293 -0.965 -0.909 -0.784 -0.790 -1.204 -1.110
0.005 -0.48482 6.00000 3.1292684078 2.5973944664    3.128  1.977  3.8790  3.425    0  0.000  0.538     0.00     0.00 -1    -1e-30      0.00 7.372e-01 2.577e-01 9.053e-04 2.471e-04 2.245e-03 -1.000 5.101e-03 -0.172 -0.675 -0.744 -0.766 -0.774 -0.778 -0.780 -0.782 -1.280 -0.951 -0.894 -0.773 -0.778 -1.193 -1.098
0.005 -0.48482 6.00000 3.1491322517 2.5976939201    3.148  2.003  3.8893  3.442    0  0.000  0.538     0.00     0.00 -1    -1e-30      0.00 7.372e-01 2.577e-01 9.053e-04 2.471e-04 2.245e-03 -1.000 5.101e-03 -0.238 -0.681 -0.732 -0.754 -0.761 -0.766 -0.767 -0.769 -1.266 -0.936 -0.878 -0.761 -0.766 -1.179 -1.083
0.005 -0.48482 6.00000 3.1750562191 2.5980780125    3.174  2.038  3.9030  3.466    0  0.000  0.538     0.00     0.00 -1    -1e-30      0.00 7.372e-01 2.577e-01 9.053e-04 2.471e-04 2.245e-03 -1.000 5.101e-03 -0.324 -0.683 -0.715 -0.735 -0.742 -0.747 -0.748 -0.750 -1.245 -0.914 -0.855 -0.742 -0.747 -1.160 -1.063
0.005 -0.48482 6.00000 3.2004024982 2.5984468460    3.199  2.071  3.9167  3.491    0  0.000  0.538     0.00     0.00 -1    -1e-30      0.00 7.372e-01 2.577e-01 9.053e-04 2.471e-04 2.245e-03 -1.000 5.101e-03 -0.408 -0.682 -0.696 -0.715 -0.722 -0.726 -0.728 -0.729 -1.223 -0.890 -0.831 -0.722 -0.726 -1.139 -1.040
0.005 -0.48482 6.00000 3.2165856361 2.5986788273    3.215  2.092  3.9257  3.508    0  0.000  0.538     0.00     0.00 -1    -1e-30      0.00 7.372e-01 2.577e-01 9.053e-04 2.471e-04 2.245e-03 -1.000 5.101e-03 -0.461 -0.679 -0.684 -0.701 -0.707 -0.712 -0.713 -0.714 -1.207 -0.874 -0.814 -0.707 -0.712 -1.124 -1.025
0.005 -0.48482 6.00000 3.2282071114 2.5988438129    3.227  2.108  3.9322  3.520    0  0.000  0.538     0.00     0.00 -1    -1e-30      0.00 7.372e-01 2.577e-01 9.053e-04 2.471e-04 2.245e-03 -1.000 5.101e-03 -0.500 -0.676 -0.674 -0.690 -0.696 -0.700 -0.701 -0.702 -1.195 -0.861 -0.801 -0.696 -0.700 -1.112 -1.013
0.005 -0.48482 6.00000 3.2512977123 2.5991673470    3.250  2.138  3.9454  3.545    0  0.000  0.538     0.00     0.00 -1    -1e-30      0.00 7.372e-01 2.577e-01 9.053e-04 2.471e-04 2.245e-03 -1.000 5.101e-03 -0.575 -0.665 -0.653 -0.666 -0.670 -0.674 -0.674 -0.675 -1.167 -0.832 -0.772 -0.670 -0.674 -1.085 -0.985
0.005 -0.48482 6.00000 3.2740399837 2.5994811058    3.273  2.168  3.9586  3.572    0  0.000  0.538     0.00     0.00 -1    -1e-30      0.00 7.372e-01 2.577e-01 9.053e-04 2.471e-04 2.245e-03 -1.000 5.101e-03 -0.649 -0.651 -0.630 -0.640 -0.641 -0.644 -0.644 -0.645 -1.136 -0.800 -0.740 -0.642 -0.644 -1.054 -0.953
0.005 -0.48482 6.00000 3.2964832783 2.5997858047    3.295  2.196  3.9718  3.599    0  0.000  0.538     0.00     0.00 -1    -1e-30      0.00 7.372e-01 2.577e-01 9.053e-04 2.471e-04 2.245e-03 -1.000 5.101e-03 -0.721 -0.634 -0.606 -0.612 -0.611 -0.613 -0.612 -0.612 -1.101 -0.765 -0.705 -0.612 -0.613 -1.021 -0.919
0.005 -0.48482 6.00000 3.3186690807 2.6000821590    3.317  2.224  3.9850  3.627    0  0.000  0.538     0.00     0.00 -1    -1e-30      0.00 7.372e-01 2.577e-01 9.053e-04 2.471e-04 2.245e-03 -1.000 5.101e-03 -0.790 -0.614 -0.580 -0.583 -0.578 -0.580 -0.578 -0.577 -1.065 -0.729 -0.669 -0.579 -0.579 -0.986 -0.883
0.005 -0.48482 6.00000 3.3406419754 2.6003713608    3.339  2.251  3.9982  3.656    0  0.000  0.538     0.00     0.00 -1    -1e-30      0.00 7.372e-01 2.577e-01 9.053e-04 2.471e-04 2.245e-03 -1.000 5.101e-03 -0.857 -0.591 -0.552 -0.552 -0.544 -0.544 -0.542 -0.540 -1.027 -0.690 -0.631 -0.545 -0.544 -0.948 -0.845
0.005 -0.48482 6.00000 3.3624444008 2.6006541252    3.360  2.277  4.0113  3.685    0  0.000  0.538     0.00     0.00 -1    -1e-30      0.00 7.372e-01 2.577e-01 9.053e-04 2.471e-04 2.245e-03 -1.000 5.101e-03 -0.922 -0.566 -0.523 -0.519 -0.508 -0.507 -0.505 -0.502 -0.988 -0.651 -0.590 -0.510 -0.507 -0.910 -0.806
0.005 -0.48482 6.00000 3.3841228485 2.6009309292    3.382  2.302  4.0244  3.715    0  0.000  0.538     0.00     0.00 -1    -1e-30      0.00 7.372e-01 2.577e-01 9.053e-04 2.471e-04 2.245e-03 -1.000 5.101e-03 -0.984 -0.539 -0.491 -0.484 -0.471 -0.469 -0.466 -0.463 -0.947 -0.609 -0.548 -0.472 -0.469 -0.870 -0.765
0.005 -0.48482 6.00000 3.4057302475 2.6012029648    3.403  2.326  4.0375  3.746    0  0.000  0.538     0.00     0.00 -1    -1e-30      0.00 7.372e-01 2.577e-01 9.053e-04 2.471e-04 2.245e-03 -1.000 5.101e-03 -1.045 -0.510 -0.458 -0.448 -0.432 -0.429 -0.425 -0.421 -0.905 -0.566 -0.504 -0.434 -0.429 -0.828 -0.722
0.005 -0.48482 6.00000 3.4150776863 2.6013193130    3.413  2.336  4.0432  3.760    0  0.000  0.538     0.00     0.00 -1    -1e-30      0.00 7.372e-01 2.577e-01 9.053e-04 2.471e-04 2.245e-03 -1.000 5.101e-03 -1.070 -0.496 -0.443 -0.431 -0.414 -0.411 -0.407 -0.403 -0.886 -0.547 -0.485 -0.416 -0.411 -0.809 -0.704
0.005 -0.48482 6.00000 3.4282159805 2.6014819145    3.426  2.350  4.0512  3.779    0  0.000  0.538     0.00     0.00 -1    -1e-30      0.00 7.372e-01 2.577e-01 9.053e-04 2.471e-04 2.245e-03 -1.000 5.101e-03 -1.106 -0.476 -0.421 -0.407 -0.389 -0.385 -0.381 -0.376 -0.858 -0.519 -0.456 -0.391 -0.385 -0.782 -0.676
0.005 -0.48482 6.00000 3.4496634007 2.6017439365    3.447  2.373  4.0643  3.812    0  0.000  0.538     0.00     0.00 -1    -1e-30      0.00 7.372e-01 2.577e-01 9.053e-04 2.471e-04 2.245e-03 -1.000 5.101e-03 -1.162 -0.442 -0.383 -0.367 -0.345 -0.341 -0.336 -0.331 -0.811 -0.471 -0.407 -0.348 -0.340 -0.737 -0.629
0.005 -0.48482 6.00000 3.4712255001 2.6020035744    3.469  2.394  4.0774  3.845    0  0.000  0.538     0.00     0.00 -1    -1e-30      0.00 7.372e-01 2.577e-01 9.053e-04 2.471e-04 2.245e-03 -1.000 5.101e-03 -1.216 -0.405 -0.342 -0.324 -0.300 -0.295 -0.290 -0.284 -0.763 -0.420 -0.356 -0.303 -0.294 -0.689 -0.581
0.005 -0.48482 6.00000 3.4929656982 2.6022617817    3.491  2.415  4.0904  3.879    0  0.000  0.538     0.00     0.00 -1    -1e-30      0.00 7.372e-01 2.577e-01 9.053e-04 2.471e-04 2.245e-03 -1.000 5.101e-03 -1.268 -0.366 -0.300 -0.279 -0.253 -0.247 -0.241 -0.234 -0.712 -0.368 -0.302 -0.256 -0.246 -0.639 -0.529
0.005 -0.48482 6.00000 3.5149605274 2.6025192738    3.512  2.435  4.1034  3.914    0  0.000  0.538     0.00     0.00 -1    -1e-30      0.00 7.372e-01 2.577e-01 9.053e-04 2.471e-04 2.245e-03 -1.000 5.101e-03 -1.318 -0.324 -0.255 -0.232 -0.203 -0.197 -0.190 -0.183 -0.658 -0.313 -0.247 -0.206 -0.196 -0.587 -0.476
0.005 -0.48482 6.00000 3.5373167992 2.6027770042    3.535  2.454  4.1164  3.950    0  0.000  0.538     0.00     0.00 -1    -1e-30      0.00 7.372e-01 2.577e-01 9.053e-04 2.471e-04 2.245e-03 -1.000 5.101e-03 -1.366 -0.280 -0.208 -0.182 -0.152 -0.144 -0.137 -0.129 -0.603 -0.256 -0.190 -0.155 -0.143 -0.533 -0.421
0.005 -0.48482 6.00000 3.5601797104 2.6030368805    3.557  2.472  4.1294  3.986    0  0.000  0.538     0.00     0.00 -1    -1e-30      0.00 7.372e-01 2.577e-01 9.053e-04 2.471e-04 2.245e-03 -1.000 5.101e-03 -1.411 -0.233 -0.158 -0.130 -0.097 -0.089 -0.081 -0.072 -0.545 -0.197 -0.130 -0.100 -0.088 -0.476 -0.363
0.005 -0.48482 6.00000 3.5837993622 2.6033015251    3.581  2.489  4.1423  4.024    0  0.000  0.538     0.00     0.00 -1    -1e-30      0.00 7.372e-01 2.577e-01 9.053e-04 2.471e-04 2.245e-03 -1.000 5.101e-03 -1.453 -0.183 -0.105 -0.075 -0.040 -0.031 -0.022 -0.013 -0.484 -0.135 -0.069 -0.043 -0.030 -0.416 -0.302
0.005 -0.48482 6.00000 3.6086709499 2.6035757065    3.606  2.505  4.1551  4.063    0  0.000  0.538     0.00     0.00 -1    -1e-30      0.00 7.372e-01 2.577e-01 9.053e-04 2.471e-04 2.245e-03 -1.000 5.101e-03 -1.492 -0.129 -0.048 -0.016 0.021 0.031 0.040 0.051 -0.419 -0.069 -0.004 0.018 0.032 -0.352 -0.237
0.005 -0.48482 6.00000 3.6135697365 2.6036291122    3.611  2.508  4.1577  4.071    0  0.000  0.538     0.00     0.00 -1    -1e-30      0.00 7.372e-01 2.577e-01 9.053e-04 2.471e-04 2.245e-03 -1.000 5.101e-03 -1.499 -0.118 -0.036 -0.004 0.034 0.043 0.053 0.063 -0.406 -0.056 0.008 0.030 0.045 -0.339 -0.224
0.005 -0.48482 6.00000 3.6153645515 2.6036486626    3.613  2.509  4.1586  4.073    0  0.000  0.538     0.00     0.00 -1    -1e-30      0.00 7.372e-01 2.577e-01 9.053e-04 2.471e-04 2.245e-03 -1.000 5.101e-03 -1.502 -0.114 -0.032 0.000 0.038 0.048 0.057 0.068 -0.401 -0.051 0.013 0.034 0.049 -0.335 -0.219
0.005 -0.48482 6.00000 3.6285083294 2.6037912369    3.626  2.515  4.1650  4.094    0  0.000  0.538     0.00     0.00 -1    -1e-30      0.00 7.372e-01 2.577e-01 9.053e-04 2.471e-04 2.245e-03 -1.000 5.101e-03 -1.518 -0.084 -0.001 0.032 0.071 0.081 0.091 0.102 -0.366 -0.016 0.047 0.068 0.083 -0.300 -0.184
0.005 -0.48482 6.00000 3.6434309483 2.6039516926    3.641  2.520  4.1712  4.116    0  0.000  0.538     0.00     0.00 -1    -1e-30      0.00 7.372e-01 2.577e-01 9.053e-04 2.471e-04 2.245e-03 -1.000 5.101e-03 -1.529 -0.050 0.034 0.069 0.109 0.119 0.129 0.141 -0.327 0.023 0.086 0.105 0.121 -0.261 -0.145
0.005 -0.48482 6.00000 3.6823027134 2.6043624878    3.680  2.524  4.1850  4.172    0  0.000  0.538     0.00     0.00 -1    -1e-30      0.00 7.372e-01 2.577e-01 9.053e-04 2.471e-04 2.245e-03 -1.000 5.101e-03 -1.540 0.038 0.126 0.163 0.205 0.216 0.227 0.239 -0.227 0.122 0.183 0.201 0.218 -0.162 -0.045
0.005 -0.48482 6.00000 3.7342543602 2.6048963070    3.732  2.518  4.1985  4.238    0  0.000  0.538     0.00     0.00 -1    -1e-30      0.00 7.372e-01 2.577e-01 9.053e-04 2.471e-04 2.245e-03 -1.000 5.101e-03 -1.526 0.151 0.241 0.280 0.325 0.337 0.348 0.361 -0.104 0.245 0.303 0.321 0.338 -0.040 0.078
0.005 -0.48482 6.00000 3.7868223190 2.6054193974    3.785  2.517  4.2108  4.294    0  0.000  0.538     0.00     0.00 -1    -1e-30      0.00 7.372e-01 2.577e-01 9.053e-04 2.471e-04 2.245e-03 -1.000 5.101e-03 -1.522 0.244 0.337 0.378 0.425 0.437 0.450 0.463 -0.001 0.347 0.403 0.420 0.439 0.062 0.181
0.005 -0.48482 6.00000 3.8120622635 2.6056644917    3.810  2.522  4.2175  4.319    0  0.000  0.538     0.00     0.00 -1    -1e-30      0.00 7.372e-01 2.577e-01 9.053e-04 2.471e-04 2.245e-03 -1.000 5.101e-03 -1.534 0.280 0.374 0.416 0.464 0.477 0.490 0.503 0.040 0.387 0.443 0.459 0.479 0.103 0.222
0.005 -0.48482 6.00000 3.8205502033 2.6057462692    3.819  2.523  4.2196  4.327    0  0.000  0.538     0.00     0.00 -1    -1e-30      0.00 7.372e-01 2.577e-01 9.053e-04 2.471e-04 2.245e-03 -1.000 5.101e-03 -1.538 0.292 0.387 0.429 0.478 0.491 0.503 0.517 0.054 0.401 0.456 0.473 0.492 0.116 0.236
0.005 -0.48482 6.00000 3.8695333004 2.6062092781    3.868  2.539  4.2325  4.368    0  0.000  0.538     0.00     0.00 -1    -1e-30      0.00 7.372e-01 2.577e-01 9.053e-04 2.471e-04 2.245e-03 -1.000 5.101e-03 -1.578 0.345 0.443 0.487 0.538 0.551 0.565 0.579 0.117 0.463 0.517 0.533 0.553 0.179 0.299
0.005 -0.48482 6.00000 3.9310269356 2.6067719460    3.930  2.551  4.2442  4.410    0  0.000  0.538     0.00     0.00 -1    -1e-30      0.00 7.372e-01 2.577e-01 9.053e-04 2.471e-04 2.245e-03 -1.000 5.101e-03 -1.608 0.400 0.500 0.546 0.599 0.614 0.627 0.642 0.181 0.528 0.581 0.594 0.615 0.242 0.363
0.005 -0.48482 6.00000 4.0105543137 2.6074700356    4.011  2.544  4.2500  4.449    0  0.000  0.538     0.00     0.00 -1    -1e-30      0.00 7.372e-01 2.577e-01 9.053e-04 2.471e-04 2.245e-03 -1.000 5.101e-03 -1.590 0.460 0.561 0.608 0.662 0.677 0.691 0.706 0.245 0.592 0.645 0.656 0.678 0.306 0.427
0.005 -0.48482 6.00000 4.0257892609 2.6076002121    4.026  2.542  4.2510  4.456    0  0.000  0.538     0.00     0.00 -1    -1e-30      0.00 7.372e-01 2.577e-01 9.053e-04 2.471e-04 2.245e-03 -1.000 5.101e-03 -1.586 0.471 0.573 0.620 0.674 0.689 0.703 0.718 0.258 0.604 0.658 0.669 0.691 0.319 0.439
0.005 -0.48482 6.00000 4.0987210274 2.6082077026    4.098  2.533  4.2514  4.475    0  0.000  0.538     0.00     0.00 -1    -1e-30      0.00 7.372e-01 2.577e-01 9.053e-04 2.471e-04 2.245e-03 -1.000 5.101e-03 -1.562 0.498 0.600 0.647 0.701 0.716 0.730 0.745 0.285 0.632 0.685 0.696 0.718 0.346 0.467
0.005 -0.48482 6.00000 4.1431798935 2.6085660458    4.142  2.532  4.2516  4.481    0  0.000  0.538     0.00     0.00 -1    -1e-30      0.00 7.372e-01 2.577e-01 9.053e-04 2.471e-04 2.245e-03 -1.000 5.101e-03 -1.560 0.501 0.603 0.650 0.704 0.719 0.733 0.748 0.288 0.635 0.688 0.699 0.721 0.349 0.470
0.005 -0.48482 6.00000 4.2090463638 2.6090810299    4.207  2.548  4.2539  4.481    0  0.000  0.538     0.00     0.00 -1    -1e-30      0.00 7.372e-01 2.577e-01 9.053e-04 2.471e-04 2.245e-03 -1.000 5.101e-03 -1.600 0.478 0.580 0.628 0.682 0.697 0.712 0.727 0.267 0.614 0.667 0.677 0.699 0.328 0.449
0.005 -0.48482 6.00000 4.2604899406 2.6094706059    4.258  2.561  4.2558  4.482    0  0.000  0.538     0.00     0.00 -1    -1e-30      0.00 7.372e-01 2.577e-01 9.053e-04 2.471e-04 2.245e-03 -1.000 5.101e-03 -1.632 0.460 0.562 0.610 0.665 0.680 0.694 0.710 0.250 0.597 0.650 0.660 0.682 0.311 0.432
0.005 -0.48482 6.00000 4.3201909065 2.6099092960    4.317  2.580  4.2587  4.480    0  0.000  0.538     0.00     0.00 -1    -1e-30      0.00 7.372e-01 2.577e-01 9.053e-04 2.471e-04 2.245e-03 -1.000 5.101e-03 -1.680 0.433 0.536 0.584 0.640 0.655 0.669 0.685 0.225 0.572 0.625 0.634 0.657 0.286 0.407
0.005 -0.48482 6.00000 4.4075388908 2.6105263233    4.405  2.610  4.2635  4.478    0  0.000  0.538     0.00     0.00 -1    -1e-30      0.00 7.372e-01 2.577e-01 9.053e-04 2.471e-04 2.245e-03 -1.000 5.101e-03 -1.755 0.393 0.497 0.546 0.602 0.618 0.632 0.648 0.189 0.536 0.589 0.596 0.620 0.249 0.371
0.005 -0.48482 6.00000 4.6060314178 2.6118295193    4.603  2.676  4.2744  4.474    0  0.000  0.538     0.00     0.00 -1    -1e-30      0.00 7.372e-01 2.577e-01 9.053e-04 2.471e-04 2.245e-03 -1.000 5.101e-03 -1.921 0.304 0.410 0.461 0.519 0.535 0.550 0.567 0.109 0.457 0.509 0.513 0.537 0.168 0.291
0.005 -0.48482 6.00000 4.8045234680 2.6130094528    4.803  2.739  4.2844  4.470    0  0.000  0.538     0.00     0.00 -1    -1e-30      0.00 7.372e-01 2.577e-01 9.053e-04 2.471e-04 2.245e-03 -1.000 5.101e-03 -2.078 0.218 0.326 0.379 0.438 0.455 0.471 0.488 0.033 0.381 0.433 0.433 0.457 0.090 0.215
0.005 -0.48482 6.00000 5.0030159950 2.6140823364    5.002  2.800  4.2939  4.465    0  0.000  0.538     0.00     0.00 -1    -1e-30      0.00 7.372e-01 2.577e-01 9.053e-04 2.471e-04 2.245e-03 -1.000 5.101e-03 -2.229 0.135 0.244 0.299 0.360 0.378 0.394 0.412 -0.042 0.307 0.359 0.354 0.380 0.014 0.140
0.005 -0.48482 6.00000 5.2015075684 2.6150617599    5.201  2.857  4.3031  4.462    0  0.000  0.538     0.00     0.00 -1    -1e-30      0.00 7.372e-01 2.577e-01 9.053e-04 2.471e-04 2.245e-03 -1.000 5.101e-03 -2.372 0.056 0.168 0.224 0.287 0.305 0.322 0.341 -0.111 0.238 0.290 0.281 0.308 -0.056 0.071
0.005 -0.48482 6.00000 5.3094644547 2.6155591011    5.310  2.887  4.3073  4.457    1  0.000  0.538     0.00     0.00 -1    -1e-30      0.00 7.372e-01 2.577e-01 9.053e-04 2.471e-04 2.245e-03 -1.000 5.101e-03 -2.448 0.011 0.123 0.179 0.243 0.262 0.279 0.299 -0.152 0.197 0.249 0.237 0.264 -0.098 0.029
0.005 -0.48482 6.00000 5.4000000954 2.6159586906    5.401  2.912  4.3108  4.454    1  0.000  0.538     0.00     0.00 -1    -1e-30      0.00 7.372e-01 2.577e-01 9.053e-04 2.471e-04 2.245e-03 -1.000 5.101e-03 -2.510 -0.027 0.086 0.143 0.208 0.227 0.244 0.264 -0.186 0.163 0.215 0.201 0.229 -0.133 -0.005
0.005 -0.48482 6.00000 5.5763292313 2.6166942120    5.577  2.959  4.3191  4.454    0  0.000  0.538     0.00     0.00 -1    -1e-30      0.00 7.372e-01 2.577e-01 9.053e-04 2.471e-04 2.245e-03 -1.000 5.101e-03 -2.627 -0.086 0.028 0.087 0.153 0.173 0.191 0.211 -0.237 0.112 0.164 0.147 0.175 -0.185 -0.055
0.005 -0.48482 6.00000 5.7526593208 2.6173782349    5.753  3.004  4.3260  4.450    1  0.000  0.538     0.00     0.00 -1    -1e-30      0.00 7.372e-01 2.577e-01 9.053e-04 2.471e-04 2.245e-03 -1.000 5.101e-03 -2.740 -0.152 -0.036 0.024 0.092 0.112 0.131 0.152 -0.295 0.054 0.106 0.085 0.115 -0.244 -0.113
0.005 -0.48482 6.00000 5.9289884567 2.6180155277    5.929  3.048  4.3322  4.444    1  0.000  0.538     0.00     0.00 -1    -1e-30      0.00 7.372e-01 2.577e-01 9.053e-04 2.471e-04 2.245e-03 -1.000 5.101e-03 -2.850 -0.218 -0.101 -0.040 0.029 0.050 0.069 0.091 -0.355 -0.006 0.047 0.022 0.052 -0.305 -0.173
0.005 -0.48482 6.00000 6.1053180695 2.6186106205    6.105  3.091  4.3398  4.444    0  0.000  0.538     0.00     0.00 -1    -1e-30      0.00 7.372e-01 2.577e-01 9.053e-04 2.471e-04 2.245e-03 -1.000 5.101e-03 -2.958 -0.273 -0.155 -0.092 -0.022 0.000 0.020 0.042 -0.402 -0.053 0.000 -0.029 0.003 -0.352 -0.220
0.005 -0.48482 6.00000 6.2816472054 2.6191675663    6.280  3.132  4.3459  4.440    0  0.000  0.538     0.00     0.00 -1    -1e-30      0.00 7.372e-01 2.577e-01 9.053e-04 2.471e-04 2.245e-03 -1.000 5.101e-03 -3.060 -0.334 -0.214 -0.151 -0.078 -0.056 -0.036 -0.012 -0.456 -0.107 -0.053 -0.085 -0.053 -0.407 -0.274
0.005 -0.48482 6.00000 6.8106355667 2.6206414700    6.802  3.247  4.3636  4.430    0  0.000  0.538     0.00     0.00 -1    -1e-30      0.00 7.372e-01 2.577e-01 9.053e-04 2.471e-04 2.245e-03 -1.000 5.101e-03 -3.346 -0.500 -0.376 -0.309 -0.233 -0.209 -0.187 -0.162 -0.603 -0.254 -0.198 -0.240 -0.206 -0.555 -0.421
0.005 -0.48482 6.00000 7.6922831535 2.6225874424    7.676  3.417  4.3892  4.415    0  0.000  0.538     0.00     0.00 -1    -1e-30      0.00 7.372e-01 2.577e-01 9.053e-04 2.471e-04 2.245e-03 -1.000 5.101e-03 -3.772 -0.754 -0.625 -0.553 -0.469 -0.442 -0.418 -0.391 -0.830 -0.480 -0.421 -0.478 -0.439 -0.783 -0.648
0.005 -0.48482 6.00000 8.5739307404 2.6240808964    8.556  3.568  4.4111  4.399    1  0.000  0.538     0.00     0.00 -1    -1e-30      0.00 7.372e-01 2.577e-01 9.053e-04 2.471e-04 2.245e-03 -1.000 5.101e-03 -4.149 -1.007 -0.897 -0.825 -0.753 -0.731 -1.119 -2.027 -1.614 -1.310 -2.726 -0.760 -0.737 -1.977 -1.814
0.005 -0.48482 6.00000 9.4555778503 2.6252586842    9.438  3.702  4.4304  4.385    1  0.000  0.538     0.00     0.00 -1    -1e-30      0.00 7.372e-01 2.577e-01 9.053e-04 2.471e-04 2.245e-03 -1.000 5.101e-03 -4.485 -1.220 -1.106 -1.023 -0.951 -0.930 -1.317 -2.225 -1.795 -1.500 -2.944 -0.957 -0.936 -2.172 -1.997
0.005 -0.48482 6.00000 10.3372249603 2.6262083054   10.314  3.821  4.4477  4.373    1  0.000  0.538     0.00     0.00 -1    -1e-30      0.00 7.372e-01 2.577e-01 9.053e-04 2.471e-04 2.245e-03 -1.000 5.101e-03 -4.782 -1.425 -1.306 -1.221 -1.148 -1.142 -1.533 -2.441 -2.006 -1.687 -3.156 -1.152 -1.149 -2.387 -2.207
0.005 -0.48482 6.00000 11.2188730240 2.6269886494   11.191  3.929  4.4624  4.360    1  0.000  0.538     0.00     0.00 -1    -1e-30      0.00 7.372e-01 2.577e-01 9.053e-04 2.471e-04 2.245e-03 -1.000 5.101e-03 -5.052 -1.595 -1.469 -1.387 -1.322 -1.309 -1.699 -2.607 -2.191 -1.850 -3.351 -1.327 -1.315 -2.557 -2.392
0.005 -0.48482 6.00000 12.9821681976 2.6281898022   12.940  4.119  4.4900  4.343    1  0.000  0.541     0.00     0.00 -1 -2.36e-20      0.00 7.372e-01 2.577e-01 9.101e-04 2.472e-04 2.245e-03 -1.000 5.101e-03 -5.527 -1.893 -1.757 -1.669 -1.608 -1.583 -1.968 -2.877 -2.464 -2.130 -3.607 -1.614 -1.588 -2.827 -2.665
0.005 -0.48482 6.00000 14.3109989166 2.6288738251   14.253  4.242  4.5071  4.330    1  0.000  0.544     0.00     0.00 -1 -3.24e-13      0.00 7.372e-01 2.577e-01 9.148e-04 2.474e-04 2.244e-03 -1.000 5.101e-03 -5.835 -2.096 -1.955 -1.864 -1.794 -1.764 -2.148 -3.056 -2.636 -2.312 -3.754 -1.801 -1.769 -3.005 -2.837
0.005 -0.48482 6.00000 14.7454624176 2.6290669441   14.685  4.280  4.5125  4.327    1  0.000  0.544     0.00     0.00 -1 -5.02e-11      0.00 7.372e-01 2.577e-01 9.162e-04 2.474e-04 2.244e-03 -1.000 5.101e-03 -5.929 -2.156 -2.014 -1.923 -1.849 -1.818 -2.202 -3.110 -2.691 -2.362 -3.805 -1.857 -1.823 -3.059 -2.892
0.005 -0.48482 6.00000 16.5087585449 2.6297321320   16.426  4.419  4.5319  4.314    1  0.000  0.545     0.00     0.00 -1 -3.95e-09      0.00 7.371e-01 2.578e-01 9.173e-04 2.474e-04 2.244e-03 -1.000 5.101e-03 -6.277 -2.421 -2.272 -2.174 -2.080 -2.048 -2.435 -3.343 -2.923 -2.581 -4.025 -2.090 -2.054 -3.292 -3.123
0.005 -0.48482 6.00000 18.2720508575 2.6302518845   18.176  4.542  4.5488  4.303    1  0.000  0.545     0.00     0.00 -1 -7.01e-09      0.00 7.371e-01 2.578e-01 9.173e-04 2.474e-04 2.244e-03 -1.000 5.101e-03 -6.585 -2.719 -2.561 -2.448 -2.321 -2.298 -2.691 -3.599 -3.167 -2.824 -4.267 -2.332 -2.304 -3.546 -3.368
0.005 -0.48482 6.00000 18.2918148041 2.6302571297   18.195  4.543  4.5489  4.303    1  0.000  0.545     0.00     0.00 -1 -7.05e-09      0.00 7.371e-01 2.578e-01 9.173e-04 2.474e-04 2.244e-03 -1.000 5.101e-03 -6.588 -2.722 -2.564 -2.451 -2.323 -2.300 -2.694 -3.601 -3.169 -2.826 -4.270 -2.335 -2.307 -3.548 -3.371
0.005 -0.48482 6.00000 21.7986392975 2.6310076714   21.671  4.781  4.5681  4.217    1  0.000  0.545     0.00     0.00 -1 -1.98e-08      0.00 7.371e-01 2.578e-01 9.173e-04 2.474e-04 2.244e-03 -1.000 5.101e-03 -7.184 -3.104 -2.940 -2.828 -2.741 -2.723 -3.112 -4.020 -3.589 -3.252 -4.695 -2.748 -2.729 -3.966 -3.790
0.005 -0.48482 6.00000 21.7986412048 2.6310076714   21.691  4.750  4.5768  4.284    0  0.000  0.545     0.00     0.00 -1 -1.78e-08      0.00 7.371e-01 2.578e-01 9.173e-04 2.474e-04 2.244e-03 -1.000 5.101e-03 -7.105 -2.942 -2.771 -2.654 -2.585 -2.572 -2.960 -3.868 -3.435 -3.091 -4.528 -2.588 -2.578 -3.814 -3.636
0.005 -0.48482 6.00000 25.7768402100 2.6315813065   25.658  4.940  4.6016  4.265    0  0.000  0.545     0.00     0.00 -1 -4.02e-08      0.00 7.371e-01 2.578e-01 9.173e-04 2.474e-04 2.244e-03 -1.000 5.101e-03 -7.581 -3.242 -3.091 -2.980 -2.887 -2.861 -3.244 -4.152 -3.752 -3.411 -4.890 -2.893 -2.866 -4.105 -3.953
0.005 -0.48482 6.00000 29.7550392151 2.6319825649   29.573  5.094  4.6208  4.250    0  0.000  0.545     0.00     0.00 -1 -7.51e-08      0.00 7.371e-01 2.578e-01 9.173e-04 2.474e-04 2.244e-03 -1.000 5.101e-03 -7.965 -3.459 -3.325 -3.236 -3.139 -3.120 -3.507 -4.416 -4.018 -3.724 -5.199 -3.147 -3.126 -4.367 -4.216
0.005 -0.48482 6.00000 31.7441368103 2.6321403980   31.555  5.162  4.6290  4.243    0  0.000  0.545     0.00     0.00 -1 -9.83e-08      0.00 7.371e-01 2.578e-01 9.173e-04 2.474e-04 2.244e-03 -1.000 5.101e-03 -8.136 -3.563 -3.433 -3.349 -3.254 -3.236 -3.624 -4.533 -4.138 -3.861 -5.348 -3.262 -3.242 -4.484 -4.335
0.005 -0.48482 6.00000 36.7168846130 2.6324501038   36.470  5.310  4.6462  4.226    0  0.000  0.545     0.00     0.00 -1 -1.73e-07      0.00 7.371e-01 2.578e-01 9.173e-04 2.474e-04 2.244e-03 -1.000 5.101e-03 -8.505 -3.818 -3.672 -3.587 -3.514 -3.494 -3.885 -4.793 -4.437 -4.273 -5.886 -3.521 -3.500 -4.751 -4.629
0.005 -0.48482 6.00000 41.6896362305 2.6326766014   41.381  5.433  4.6596  4.212    0  0.000  0.545     0.00     0.00 -1 -2.73e-07      0.00 7.371e-01 2.578e-01 9.173e-04 2.474e-04 2.244e-03 -1.000 5.101e-03 -8.813 -4.040 -3.896 -3.809 -3.731 -3.711 -4.100 -5.009 -4.655 -4.504 -6.131 -3.738 -3.717 -4.967 -4.848
0.005 -0.48482 6.00000 43.7319221497 2.6327526569   43.389  5.478  4.6641  4.206    0  0.000  0.545     0.00     0.00 -1  -3.2e-07      0.00 7.371e-01 2.578e-01 9.173e-04 2.474e-04 2.244e-03 -1.000 5.101e-03 -8.925 -4.125 -3.981 -3.893 -3.813 -3.792 -4.181 -5.090 -4.738 -4.594 -6.225 -3.819 -3.798 -5.048 -4.930
0.005 -0.48482 6.00000 46.6623802185 2.6328485012   46.263  5.538  4.6702  4.198    0  0.000  0.545     0.00     0.00 -1 -3.97e-07      0.00 7.371e-01 2.578e-01 9.173e-04 2.474e-04 2.244e-03 -1.000 5.101e-03 -9.076 -4.242 -4.098 -4.008 -3.924 -3.903 -4.292 -5.201 -4.853 -4.719 -6.358 -3.931 -3.909 -5.159 -5.044
0.005 -0.48482 6.00000 49.7927207947 2.6329367161   49.310  5.597  4.6758  4.189    0  0.000  0.545     0.00     0.00 -1 -4.84e-07      0.00 7.371e-01 2.578e-01 9.173e-04 2.474e-04 2.244e-03 -1.000 5.101e-03 -9.222 -4.358 -4.214 -4.121 -4.036 -4.014 -4.403 -5.312 -4.969 -4.849 -6.498 -4.043 -4.020 -5.272 -5.160
0.005 -0.48482 6.00000 51.6351280212 2.6329829693   51.102  5.629  4.6788  4.185    0  0.000  0.545     0.00     0.00 -1 -5.41e-07      0.00 7.371e-01 2.578e-01 9.173e-04 2.474e-04 2.244e-03 -1.000 5.101e-03 -9.303 -4.421 -4.277 -4.185 -4.100 -4.079 -4.468 -5.377 -5.037 -4.933 -6.591 -4.107 -4.085 -5.337 -5.228
0.005 -0.48482 6.00000 56.6078758240 2.6330904961   55.917  5.709  4.6858  4.172    0  0.000  0.545     0.00     0.00 -1 -7.12e-07      0.00 7.371e-01 2.578e-01 9.173e-04 2.474e-04 2.244e-03 -1.000 5.101e-03 -9.503 -4.583 -4.439 -4.348 -4.264 -4.243 -4.633 -5.542 -5.213 -5.146 -6.829 -4.271 -4.249 -5.503 -5.402
0.005 -0.48482 6.00000 61.5806198120 2.6331784725   60.737  5.780  4.6916  4.159    0  0.000  0.545     0.00     0.00 -1 -9.05e-07      0.00 7.371e-01 2.578e-01 9.173e-04 2.474e-04 2.244e-03 -1.000 5.101e-03 -9.681 -4.732 -4.589 -4.498 -4.415 -4.395 -4.785 -5.695 -5.376 -5.346 -7.053 -4.422 -4.401 -5.657 -5.563
0.005 -0.48482 6.00000 66.5533676147 2.6332514286   65.548  5.844  4.6962  4.147    0  0.000  0.545     0.00     0.00 -1 -1.12e-06      0.00 7.371e-01 2.578e-01 9.173e-04 2.474e-04 2.244e-03 -1.000 5.101e-03 -9.841 -4.795 -4.652 -4.576 -4.518 -4.523 -4.932 -5.844 -5.713 -6.074 -7.980 -4.521 -4.533 -5.835 -5.876
0.005 -0.48482 6.00000 71.5261230469 2.6333127022   70.256  5.902  4.7000  4.135    0  0.000  0.545     0.00     0.00 -1 -1.35e-06      0.00 7.371e-01 2.578e-01 9.173e-04 2.474e-04 2.244e-03 -1.000 5.101e-03 -9.984 -4.915 -4.773 -4.695 -4.640 -4.646 -5.055 -5.968 -5.839 -6.214 -8.127 -4.642 -4.656 -5.958 -6.001
0.005 -0.48482 6.00000 76.4988555908 2.6333651543   75.050  5.955  4.7032  4.123    0  0.000  0.545     0.00     0.00 -1  -1.6e-06      0.00 7.371e-01 2.578e-01 9.173e-04 2.474e-04 2.244e-03 -1.000 5.101e-03 -10.117 -5.031 -4.889 -4.811 -4.760 -4.767 -5.175 -6.088 -5.970 -6.361 -8.278 -4.761 -4.776 -6.080 -6.130
0.005 -0.48482 6.00000 79.2342300415 2.6333906651   77.680  5.982  4.7045  4.117    0  0.000  0.545     0.00     0.00 -1 -1.75e-06      0.00 7.371e-01 2.578e-01 9.173e-04 2.474e-04 2.244e-03 -1.000 5.101e-03 -10.184 -5.092 -4.950 -4.872 -4.821 -4.828 -5.237 -6.149 -6.035 -6.431 -8.351 -4.822 -4.837 -6.142 -6.195
0.005 -0.48482 6.00000 91.4171142578 2.6334834099   89.334  6.091  4.7094  4.088    0  0.000  0.545     0.00     0.00 -1 -2.48e-06      0.00 7.371e-01 2.578e-01 9.173e-04 2.474e-04 2.244e-03 -1.000 5.101e-03 -10.457 -5.343 -5.202 -5.122 -5.072 -5.079 -5.487 -6.400 -6.297 -6.715 -8.643 -5.074 -5.089 -6.395 -6.455
0.005 -0.48482 6.00000 96.3898544312 2.6335136890   94.042  6.130  4.7105  4.076    0  0.000  0.545     0.00     0.00 -1 -2.83e-06      0.00 7.371e-01 2.578e-01 9.173e-04 2.474e-04 2.244e-03 -1.000 5.101e-03 -10.554 -5.437 -5.296 -5.215 -5.165 -5.171 -5.579 -6.492 -6.389 -6.810 -8.740 -5.166 -5.181 -6.486 -6.547
0.005 -0.48482 6.00000 101.3626022339 2.6335406303   98.649  6.165  4.7113  4.064    0  0.000  0.545     0.00     0.00 -1 -3.16e-06      0.00 7.371e-01 2.578e-01 9.173e-04 2.474e-04 2.244e-03 -1.000 5.101e-03 -10.643 -5.525 -5.383 -5.302 -5.251 -5.257 -5.664 -6.577 -6.474 -6.897 -8.829 -5.253 -5.266 -6.571 -6.631
0.005 -0.48482 6.00000 121.2535934448 2.6336188316  117.231  6.291  4.7120  4.016    0  0.000  0.545     0.00     0.00 -1 -4.71e-06      0.00 7.371e-01 2.578e-01 9.173e-04 2.474e-04 2.244e-03 -1.000 5.101e-03 -10.957 -5.851 -5.708 -5.624 -5.566 -5.568 -5.973 -6.885 -6.766 -7.182 -9.119 -5.568 -5.576 -6.877 -6.925
0.005 -0.48482 6.00000 121.8495330811 2.6336188316  117.786  6.294  4.7119  4.015    0  0.000  0.545     0.00     0.00 -1 -4.76e-06      0.00 7.371e-01 2.578e-01 9.173e-04 2.474e-04 2.244e-03 -1.000 5.101e-03 -10.965 -5.860 -5.717 -5.633 -5.574 -5.576 -5.981 -6.894 -6.774 -7.189 -9.125 -5.577 -5.585 -6.885 -6.933
0.005 -0.48482 6.00000 151.0900878906 2.6336188316  144.863  6.437  4.7071  3.942    0  0.000  0.545     0.00     0.00 -1 -7.63e-06      0.00 7.371e-01 2.578e-01 9.173e-04 2.474e-04 2.244e-03 -1.000 5.101e-03 -11.323 -6.258 -6.111 -6.021 -5.947 -5.940 -6.341 -7.252 -7.053 -7.348 -9.245 -5.952 -5.948 -7.230 -7.222
0.005 -0.48482 6.00000 180.7394104004 2.6336188316  172.080  6.550  4.6981  3.868    0  0.000  0.541     0.00     0.00 -1 -1.11e-05      0.00 7.372e-01 2.577e-01 9.118e-04 2.595e-04 2.238e-03 -1.000 5.101e-03 -11.605 -6.566 -6.431 -6.358 -6.321 -6.339 -6.753 -7.667 -7.636 -8.220 -10.229 -6.320 -6.349 -7.672 -7.786
0.005 -0.48482 6.00000 200.8175506592 2.6336188316  190.309  6.616  4.6917  3.820    0  0.000  0.537     0.00     0.00 -1 -1.38e-05      0.00 7.371e-01 2.578e-01 9.063e-04 2.724e-04 2.230e-03 -1.000 5.100e-03 -11.771 -6.785 -6.647 -6.570 -6.526 -6.539 -6.951 -7.864 -7.798 -8.322 -10.310 -6.526 -6.549 -7.864 -7.952
0.005 -0.48482 6.00000 250.5450439453 2.6336188316  234.809  6.750  4.6913  3.776    0  0.000  0.277     0.00     0.00 -1 -2.05e-05      0.00 7.124e-01 2.826e-01 3.455e-05 2.966e-03 3.241e-04 -1.000 4.979e-03 -12.104 -7.122 -6.983 -6.906 -6.862 -6.875 -7.286 -8.199 -8.131 -8.651 -10.637 -6.862 -6.884 -8.199 -8.285
0.005 -0.48482 6.00000 282.6460571289 2.6336188316  263.492  6.820  4.6936  3.765    0  0.000  0.669     0.00     0.00 -1 -2.51e-05      0.00 6.962e-01 2.988e-01 3.694e-05 3.144e-03 1.176e-04 -1.000 5.009e-03 -12.280 -7.278 -7.141 -7.065 -7.023 -7.038 -7.450 -8.364 -8.308 -8.850 -10.844 -7.023 -7.048 -8.365 -8.461
0.005 -0.48482 6.00000 300.2725219727 2.6336188316  279.160  6.855  4.6947  3.759    0  0.000  0.883     0.00     0.00 -1 -2.78e-05      0.00 6.877e-01 3.073e-01 3.772e-05 3.195e-03 5.799e-05 -1.000 5.028e-03 -12.368 -7.358 -7.221 -7.146 -7.105 -7.120 -7.533 -8.447 -8.397 -8.948 -10.946 -7.104 -7.130 -8.449 -8.549
0.005 -0.48482 6.00000 350.0000000000 2.6336188316  255.943  7.027  4.5263  2.876    0  0.000  1.618     0.00     0.00 -1 -0.000165      0.00 2.857e-01 7.093e-01 4.856e-05 3.196e-03 5.137e-05  6.467 5.001e-03 -12.798 -8.688 -8.595 -8.584 -8.662 -8.784 -8.827 -9.067 -10.528 -11.369 -12.293 -8.659 -8.783 -9.396 -10.258
0.005 -0.48482 6.00000 350.0000915527 2.6336188316  322.707  6.944  4.6954  3.737    0  0.000  1.294     0.00     0.00 -1 -3.37e-05      0.00 6.637e-01 3.314e-01 3.923e-05 3.208e-03 4.160e-05  6.004 4.960e-03 -12.589 -7.572 -7.436 -7.361 -7.321 -7.337 -7.750 -8.664 -8.618 -9.176 -11.176 -7.321 -7.347 -8.667 -8.770
0.005 -0.48482 6.00000 350.0003356934 2.6336188316  320.516  6.947  4.6869  3.696    0  0.000  1.337     0.00     0.00 -1 -3.07e-05      0.00 6.536e-01 3.414e-01 4.139e-05 3.202e-03 4.567e-05  5.959 4.976e-03 -12.597 -7.652 -7.511 -7.432 -7.383 -7.392 -7.802 -8.715 -8.621 -9.100 -11.071 -7.384 -7.402 -8.710 -8.779
0.005 -0.48482 6.00000 350.0005493164 2.6336188316  318.289  6.950  4.6785  3.657    0  0.000  1.359     0.00     0.00 -1  -2.8e-05      0.00 6.429e-01 3.521e-01 4.341e-05 3.196e-03 4.997e-05  5.886 5.001e-03 -12.605 -7.816 -7.691 -7.641 -7.648 -7.739 -7.752 -7.924 -8.777 -11.230 -11.322 -7.652 -7.730 -8.123 -8.714
0.005 -0.48482 6.00000 350.0008239746 2.6336188316  315.227  6.955  4.6664  3.600    0  0.000  1.372     0.00     0.00 -1 -2.53e-05      0.00 6.279e-01 3.671e-01 4.592e-05 3.189e-03 5.568e-05  5.741 4.976e-03 -12.617 -7.920 -7.796 -7.746 -7.755 -7.846 -7.861 -8.035 -8.893 -11.347 -11.429 -7.759 -7.837 -8.237 -8.830
0.005 -0.48482 6.00000 350.0010375977 2.6336188316  312.324  6.959  4.6548  3.545    0  0.000  1.380     0.00     0.00 -1 -2.29e-05      0.00 6.129e-01 3.821e-01 4.806e-05 3.182e-03 6.063e-05  5.546 4.976e-03 -12.627 -8.019 -7.896 -7.847 -7.857 -7.949 -7.964 -8.141 -9.004 -11.458 -11.530 -7.861 -7.940 -8.346 -8.941
0.005 -0.48482 6.00000 350.0012512207 2.6336188316  309.609  6.963  4.6431  3.490    0  0.000  1.385     0.00     0.00 -1  -2.1e-05      0.00 5.990e-01 3.960e-01 4.989e-05 3.177e-03 6.487e-05  5.237 5.002e-03 -12.637 -8.145 -8.032 -7.995 -8.030 -8.139 -8.162 -8.337 -9.660 -10.520 -11.391 -8.039 -8.137 -8.538 -9.390
0.005 -0.48482 6.00000 350.0014343262 2.6336188316  306.977  6.967  4.6317  3.437    0  0.000  1.392     0.00     0.00 -1 -1.96e-05      0.00 5.847e-01 4.103e-01 5.155e-05 3.172e-03 6.865e-05  3.954 5.018e-03 -12.647 -8.240 -8.126 -8.088 -8.119 -8.222 -8.247 -8.417 -9.722 -10.547 -11.411 -8.127 -8.220 -8.618 -9.452
0.005 -0.48482 6.00000 350.0015563965 2.6336188316  304.688  6.970  4.6208  3.387    0  0.000  1.397     0.00     0.00 -1 -1.84e-05      0.00 5.722e-01 4.228e-01 5.291e-05 3.168e-03 7.171e-05 -1.000 4.962e-03 -12.655 -8.330 -8.215 -8.176 -8.204 -8.301 -8.328 -8.493 -9.780 -10.571 -11.430 -8.211 -8.300 -8.695 -9.511
0.005 -0.48482 6.00000 350.0016479492 2.6336188316  303.250  6.972  4.6134  3.353    0  0.000  1.401     0.00     0.00 -1 -1.76e-05      0.00 5.637e-01 4.313e-01 5.373e-05 3.165e-03 7.355e-05 -1.000 4.983e-03 -12.661 -8.391 -8.276 -8.235 -8.262 -8.355 -8.382 -8.545 -9.820 -10.587 -11.443 -8.267 -8.353 -8.746 -9.550
0.005 -0.48482 6.00000 350.0017395020 2.6336188316  301.949  6.974  4.6061  3.320    0  0.000  1.405     0.00     0.00 -1  -1.7e-05      0.00 5.561e-01 4.389e-01 5.446e-05 3.163e-03 7.518e-05 -1.000 5.002e-03 -12.666 -8.450 -8.335 -8.293 -8.318 -8.407 -8.435 -8.595 -9.859 -10.603 -11.455 -8.322 -8.406 -8.796 -9.588
0.005 -0.48482 6.00000 350.0018005371 2.6336188316  300.742  6.976  4.5993  3.289    0  0.000  1.408     0.00     0.00 -1 -1.63e-05      0.00 5.491e-01 4.459e-01 5.512e-05 3.161e-03 7.662e-05 -1.000 5.003e-03 -12.670 -8.501 -8.385 -8.342 -8.365 -8.451 -8.480 -8.638 -9.892 -10.617 -11.466 -8.369 -8.450 -8.839 -9.621
0.005 -0.48482 6.00000 350.0018615723 2.6336188316  299.680  6.978  4.5925  3.259    0  0.000  1.412     0.00     0.00 -1 -1.58e-05      0.00 5.431e-01 4.519e-01 5.569e-05 3.160e-03 7.787e-05 -1.000 5.003e-03 -12.674 -8.505 -8.389 -8.346 -8.369 -8.455 -8.485 -8.642 -9.896 -10.621 -11.470 -8.373 -8.454 -8.843 -9.625
0.005 -0.48482 6.00000 350.0019226074 2.6336188316  298.750  6.979  4.5856  3.229    0  0.000  1.414     0.00     0.00 -1 -1.51e-05      0.00 5.381e-01 4.569e-01 5.619e-05 3.158e-03 7.897e-05 -1.000 5.003e-03 -12.678 -8.508 -8.393 -8.350 -8.373 -8.459 -8.488 -8.645 -9.899 -10.625 -11.473 -8.377 -8.458 -8.847 -9.629
0.005 -0.48482 6.00000 350.0019531250 2.6336188316  297.844  6.981  4.5789  3.199    0  0.000  1.417     0.00     0.00 -1 -1.45e-05      0.00 5.329e-01 4.621e-01 5.668e-05 3.157e-03 8.004e-05 -1.000 5.003e-03 -12.682 -8.512 -8.396 -8.353 -8.376 -8.462 -8.492 -8.649 -9.903 -10.628 -11.477 -8.381 -8.461 -8.851 -9.633
0.005 -0.48482 6.00000 350.0020141602 2.6336188316  296.918  6.982  4.5726  3.171    0  0.000  1.420     0.00     0.00 -1 -1.39e-05      0.00 5.275e-01 4.675e-01 5.716e-05 3.155e-03 8.109e-05 -1.000 5.003e-03 -12.685 -8.516 -8.400 -8.357 -8.380 -8.466 -8.495 -8.653 -9.906 -10.632 -11.481 -8.384 -8.465 -8.854 -9.636
0.005 -0.48482 6.00000 350.0020446777 2.6336188316  296.121  6.983  4.5662  3.143    0  0.000  1.422     0.00     0.00 -1 -1.32e-05      0.00 5.230e-01 4.720e-01 5.756e-05 3.154e-03 8.198e-05 -1.000 5.003e-03 -12.688 -8.519 -8.403 -8.360 -8.383 -8.469 -8.498 -8.656 -9.910 -10.635 -11.484 -8.387 -8.468 -8.857 -9.639
0.005 -0.48482 6.00000 350.0021057129 2.6336188316  295.363  6.985  4.5591  3.112    0  0.000  1.424     0.00     0.00 -1 -1.26e-05      0.00 5.188e-01 4.762e-01 5.797e-05 3.153e-03 8.286e-05 -1.000 5.003e-03 -12.691 -8.522 -8.406 -8.363 -8.386 -8.472 -8.502 -8.659 -9.913 -10.638 -11.487 -8.390 -8.471 -8.860 -9.642
0.005 -0.48482 6.00000 350.0021362305 2.6336188316  294.723  6.986  4.5528  3.085    0  0.000  1.426     0.00     0.00 -1 -1.21e-05      0.00 5.152e-01 4.798e-01 5.831e-05 3.152e-03 8.360e-05 -1.000 5.003e-03 -12.694 -8.524 -8.409 -8.366 -8.389 -8.475 -8.504 -8.662 -9.915 -10.641 -11.489 -8.393 -8.474 -8.863 -9.645
0.005 -0.48482 6.00000 350.0021667480 2.6336188316  294.070  6.987  4.5464  3.058    0  0.000  1.428     0.00     0.00 -1 -1.19e-05      0.00 5.114e-01 4.836e-01 5.865e-05 3.151e-03 8.434e-05 -1.000 5.003e-03 -12.697 -8.527 -8.411 -8.369 -8.392 -8.478 -8.507 -8.664 -9.918 -10.643 -11.492 -8.396 -8.477 -8.866 -9.648
0.005 -0.48482 6.00000 350.0021972656 2.6336188316  293.418  6.988  4.5394  3.027    0  0.000  1.431     0.00     0.00 -1 -1.18e-05      0.00 5.076e-01 4.874e-01 5.898e-05 3.150e-03 8.505e-05 -1.000 5.003e-03 -12.699 -8.530 -8.414 -8.371 -8.394 -8.480 -8.510 -8.667 -9.921 -10.646 -11.495 -8.398 -8.479 -8.868 -9.650
0.005 -0.48482 6.00000 350.0022277832 2.6336188316  292.871  6.989  4.5326  2.999    0  0.000  1.432     0.00     0.00 -1 -1.18e-05      0.00 5.045e-01 4.905e-01 5.926e-05 3.149e-03 8.564e-05 -1.000 5.003e-03 -12.702 -8.532 -8.417 -8.374 -8.397 -8.483 -8.512 -8.669 -9.923 -10.648 -11.497 -8.401 -8.482 -8.871 -9.653
0.005 -0.48482 6.00000 350.0022583008 2.6336188316  292.328  6.990  4.5242  2.963    0  0.000  1.434     0.00     0.00 -1 -1.16e-05      0.00 5.017e-01 4.933e-01 5.953e-05 3.149e-03 8.623e-05 -1.000 5.003e-03 -12.704 -8.535 -8.419 -8.376 -8.399 -8.485 -8.514 -8.672 -9.925 -10.651 -11.500 -8.403 -8.484 -8.873 -9.655
0.005 -0.48482 6.00000 350.0022888184 2.6336188316  290.512  6.991  4.5206  2.944    0  0.000  1.440     0.00     0.00 -1 -1.15e-05      0.00 4.912e-01 5.038e-01 6.004e-05 3.147e-03 8.722e-05 -1.000 5.045e-03 -12.708 -8.539 -8.423 -8.380 -8.403 -8.489 -8.519 -8.676 -9.930 -10.655 -11.504 -8.407 -8.488 -8.877 -9.659
0.005 -0.48482 6.00000 350.0024108887 2.6336188316  286.805  6.995  4.5170  2.921    0  0.000  1.454     0.00     0.00 -1 -1.11e-05      0.00 4.687e-01 5.264e-01 6.105e-05 3.145e-03 8.914e-05 -1.000 4.968e-03 -12.717 -8.547 -8.431 -8.389 -8.412 -8.498 -8.527 -8.684 -9.938 -10.663 -11.512 -8.416 -8.497 -8.886 -9.668
0.005 -0.48482 6.00000 350.0024414062 2.6336188316  284.836  6.997  4.5165  2.914    0  0.000  1.462     0.00     0.00 -1 -2.49e-05      0.00 4.560e-01 5.390e-01 6.160e-05 3.144e-03 9.016e-05 -1.000 4.950e-03 -12.721 -8.552 -8.436 -8.393 -8.416 -8.502 -8.532 -8.689 -9.943 -10.668 -11.517 -8.420 -8.501 -8.890 -9.672
0.005 -0.48482 6.00000 350.0025024414 2.6336188316  282.457  6.999  4.5147  2.901    0  0.000  1.471     0.00     0.00 -1 -2.46e-05      0.00 4.418e-01 5.532e-01 6.224e-05 3.142e-03 9.135e-05 -1.000 4.993e-03 -12.727 -8.557 -8.442 -8.399 -8.422 -8.508 -8.537 -8.694 -9.948 -10.673 -11.522 -8.426 -8.507 -8.896 -9.678
0.005 -0.48482 6.00000 350.0025329590 2.6336188316  280.988  7.000  4.5136  2.893    0  0.000  1.477     0.00     0.00 -1 -2.44e-05      0.00 4.327e-01 5.624e-01 6.267e-05 3.141e-03 9.213e-05 -1.000 4.950e-03 -12.731 -8.561 -8.445 -8.403 -8.426 -8.512 -8.541 -8.698 -9.952 -10.677 -11.526 -8.430 -8.510 -8.900 -9.682
0.005 -0.48482 6.00000 350.0025634766 2.6336188316  279.879  7.001  4.5120  2.884    0  0.000  1.482     0.00     0.00 -1  -2.4e-05      0.00 4.260e-01 5.690e-01 6.298e-05 3.141e-03 9.270e-05 -1.000 4.950e-03 -12.733 -8.564 -8.448 -8.405 -8.428 -8.514 -8.544 -8.701 -9.955 -10.680 -11.529 -8.432 -8.513 -8.902 -9.684
0.005 -0.48482 6.00000 350.0026245117 2.6336188316  278.270  7.003  4.5080  2.863    0  0.000  1.489     0.00     0.00 -1 -1.02e-05      0.00 4.166e-01 5.785e-01 6.344e-05 3.140e-03 9.355e-05 -1.000 4.967e-03 -12.737 -8.568 -8.452 -8.409 -8.432 -8.518 -8.548 -8.705 -9.959 -10.684 -11.533 -8.437 -8.517 -8.906 -9.689
0.005 -0.48482 6.00000 350.0026550293 2.6336188316  276.297  7.005  4.5051  2.847    0  0.000  1.497     0.00     0.00 -1 -1.01e-05      0.00 4.044e-01 5.906e-01 6.399e-05 3.138e-03 9.455e-05 -1.000 4.992e-03 -12.743 -8.573 -8.457 -8.414 -8.437 -8.523 -8.553 -8.710 -9.964 -10.689 -11.538 -8.442 -8.522 -8.912 -9.694
0.005 -0.48482 6.00000 350.0026855469 2.6336188316  275.070  7.006  4.5034  2.837    0  0.000  1.503     0.00     0.00 -1 -9.87e-06      0.00 3.967e-01 5.983e-01 6.434e-05 3.137e-03 9.517e-05 -1.000 5.003e-03 -12.746 -8.576 -8.461 -8.418 -8.441 -8.527 -8.556 -8.713 -9.967 -10.692 -11.541 -8.445 -8.526 -8.915 -9.697
0.005 -0.48482 6.00000 350.0027465820 2.6336188316  272.715  7.009  4.4998  2.816    0  0.000  1.513     0.00     0.00 -1 -2.26e-05      0.00 3.835e-01 6.115e-01 6.486e-05 3.137e-03 9.607e-05 -1.000 5.047e-03 -12.751 -8.582 -8.466 -8.423 -8.446 -8.532 -8.562 -8.719 -9.973 -10.698 -11.547 -8.450 -8.531 -8.920 -9.702
0.005 -0.48482 6.00000 350.0027770996 2.6336188316  271.582  7.010  4.4926  2.784    0  0.000  1.518     0.00     0.00 -1 -2.19e-05      0.00 3.773e-01 6.177e-01 6.518e-05 3.136e-03 9.667e-05 -1.000 5.003e-03 -12.755 -8.585 -8.470 -8.427 -8.450 -8.536 -8.565 -8.722 -9.976 -10.701 -11.550 -8.454 -8.535 -8.924 -9.706
0.005 -0.48482 6.00000 350.0028076172 2.6336188316  270.355  7.012  4.4888  2.766    0  0.000  1.524     0.00     0.00 -1 -2.15e-05      0.00 3.696e-01 6.254e-01 6.553e-05 3.135e-03 9.727e-05 -1.000 5.003e-03 -12.759 -8.589 -8.473 -8.431 -8.454 -8.540 -8.569 -8.726 -9.980 -10.705 -11.554 -8.458 -8.539 -8.928 -9.710
0.005 -0.48482 6.00000 350.0028381348 2.6336188316  268.586  7.014  4.4827  2.736    0  0.000  1.533     0.00     0.00 -1 -8.66e-06      0.00 3.589e-01 6.361e-01 6.599e-05 3.134e-03 9.807e-05 -1.000 5.003e-03 -12.764 -8.595 -8.479 -8.436 -8.459 -8.545 -8.574 -8.732 -9.985 -10.711 -11.559 -8.463 -8.544 -8.933 -9.715
0.005 -0.48482 6.00000 350.0028686523 2.6336188316  267.164  7.016  4.4784  2.715    0  0.000  1.541     0.00     0.00 -1    -2e-05      0.00 3.496e-01 6.454e-01 6.639e-05 3.133e-03 9.874e-05 -1.000 5.004e-03 -12.769 -8.599 -8.484 -8.441 -8.464 -8.550 -8.579 -8.736 -9.990 -10.715 -11.564 -8.468 -8.549 -8.938 -9.720
0.005 -0.48482 6.00000 350.0028991699 2.6336188316  266.227  7.017  4.4666  2.665    0  0.000  1.545     0.00     0.00 -1 -7.73e-06      0.00 3.446e-01 6.504e-01 6.668e-05 3.132e-03 9.930e-05 -1.000 5.004e-03 -12.773 -8.603 -8.487 -8.444 -8.467 -8.553 -8.583 -8.740 -9.994 -10.719 -11.568 -8.472 -8.552 -8.941 -9.724
0.005 -0.48482 6.00000 350.0029296875 2.6336188316  265.074  7.018  4.4617  2.642    0  0.000  1.551     0.00     0.00 -1 -1.83e-05      0.00 3.378e-01 6.571e-01 6.697e-05 3.131e-03 9.979e-05 -1.000 5.004e-03 -12.776 -8.607 -8.491 -8.448 -8.471 -8.557 -8.586 -8.744 -9.997 -10.723 -11.572 -8.475 -8.556 -8.945 -9.727
0.005 -0.48482 6.00000 350.0029602051 2.6336188316  263.590  7.021  4.4535  2.604    0  0.000  1.560     0.00     0.00 -1 -2.05e-05      0.00 3.282e-01 6.669e-01 6.743e-05 3.130e-03 1.006e-04 -1.000 4.951e-03 -12.782 -8.613 -8.497 -8.454 -8.477 -8.563 -8.593 -8.750 -10.004 -10.729 -11.578 -8.481 -8.562 -8.951 -9.733
0.005 -0.48482 6.00000 350.0029907227 2.6336188316  261.930  7.022  4.4401  2.546    0  0.000  1.567     0.00     0.00 -1 -4.98e-05      0.00 3.215e-01 6.735e-01 6.776e-05 3.130e-03 1.011e-04 -1.000 5.004e-03 -12.786 -8.617 -8.501 -8.458 -8.481 -8.567 -8.596 -8.754 -10.007 -10.733 -11.582 -8.485 -8.566 -8.955 -9.737
0.005 -0.48482 6.00000 350.0030212402 2.6336188316  257.137  7.024  4.5122  2.825    0  0.000  1.599     0.00     0.00 -1  -2.7e-05      0.00 2.908e-01 7.042e-01 6.845e-05 3.129e-03 1.013e-04 -1.000 5.004e-03 -12.791 -8.621 -8.505 -8.463 -8.486 -8.572 -8.601 -8.758 -10.012 -10.737 -11.586 -8.490 -8.571 -8.960 -9.742
0.005 -0.48482 6.00000 350.0030517578 2.6336188316  247.971  7.028  4.6123  3.206    0  0.000  1.672     0.00     0.00 -1 -9.37e-05      0.00 2.363e-01 7.587e-01 6.974e-05 3.128e-03 1.012e-04 -1.000 5.043e-03 -12.799 -8.580 -8.482 -8.466 -8.539 -8.668 -8.705 -8.939 -10.374 -11.202 -12.098 -8.541 -8.666 -9.239 -10.104
0.005 -0.48482 6.00000 350.0030822754 2.6336188316  237.154  7.060  4.8592  4.142    1  0.000  1.506     0.00     0.00 -1 -0.000116      0.00 1.726e-01 8.224e-01 6.346e-05 3.140e-03 1.006e-04 -1.000 4.997e-03 -12.880 -7.113 -7.082 -7.202 -7.488 -7.841 -7.872 -8.310 -10.048 -11.181 -12.209 -7.533 -7.832 -8.689 -9.777
0.005 -0.48482 6.00000 350.0031127930 2.6336188316  220.961  7.060  5.0209  4.758    1  0.000  6.234     0.00     0.00 -1 -0.000136      0.00 6.479e-02 9.124e-01 1.680e-02 2.534e-03 8.161e-04 10.318 2.281e-02 -12.879 -6.424 -6.453 -6.641 -7.036 -7.432 -7.512 -7.997 -9.833 -11.095 -12.221 -7.061 -7.427 -8.379 -9.557
0.005 -0.48482 6.00000 350.0031433105 2.6336188316  207.340  7.036  5.1022  5.080    1  0.000 12.879     0.00     0.00 -1 -0.000118      0.00 3.281e-02 8.779e-01 7.768e-02 1.114e-03 5.631e-03 11.271 8.932e-02 -12.819 -5.985 -5.996 -6.159 -6.591 -6.899 -7.079 -7.481 -9.235 -10.462 -11.594 -6.578 -6.910 -7.851 -8.959
0.005 -0.48482 6.00000 350.0031738281 2.6336188316  196.195  7.010  5.1112  5.117    1  0.000 13.194     0.00     0.00 -1 -8.35e-05      0.00 2.349e-02 7.534e-01 1.958e-01 7.885e-06 2.049e-02 11.806 2.231e-01 -12.756 -5.675 -5.671 -5.805 -6.202 -6.484 -6.675 -7.062 -8.817 -10.016 -11.133 -6.185 -6.497 -7.438 -8.541
0.005 -0.48482 6.00000 350.0032348633 2.6336188316  182.078  6.978  5.1049  5.092    1  0.000  7.181     0.00     0.00 -1 -5.45e-05      0.00 2.390e-02 6.326e-01 2.827e-01 8.023e-06 5.381e-02 11.927 3.435e-01 -12.675 -5.408 -5.376 -5.470 -5.805 -6.052 -6.239 -6.605 -8.337 -9.489 -10.597 -5.786 -6.066 -6.978 -8.062
0.005 -0.48482 6.00000 350.0033264160 2.6336188316  168.930  6.948  5.0976  5.060    1  0.000  3.654     0.00     0.00 -1 -3.52e-05      0.00 2.448e-02 4.708e-01 3.605e-01 8.216e-06 1.371e-01 11.943 5.047e-01 -12.600 -5.185 -5.128 -5.177 -5.438 -5.646 -5.816 -6.155 -7.870 -8.974 -10.047 -5.418 -5.659 -6.522 -7.595
0.005 -0.48482 6.00000 350.0034179688 2.6336188316  155.496  6.915  5.0926  5.037    1  0.000  1.534     0.00     0.00 -1  -4.6e-05      0.00 2.509e-02 2.791e-01 3.712e-01 8.421e-06 3.170e-01 11.647 6.958e-01 -12.517 -5.297 -5.261 -5.350 -5.675 -5.920 -6.099 -6.462 -8.181 -9.328 -10.438 -5.657 -5.933 -6.829 -7.906
0.005 -0.48482 6.00000 350.0034484863 2.6336188316  142.906  6.879  5.0954  5.048    1  0.000  0.788     0.00     0.00 -1 -5.35e-05      0.00 2.550e-02 1.670e-01 2.974e-01 8.559e-06 5.013e-01 -1.000 8.075e-01 -12.428 -5.336 -5.316 -5.432 -5.799 -6.067 -6.250 -6.629 -8.360 -9.540 -10.658 -5.783 -6.079 -6.997 -8.085
0.005 -0.48482 6.00000 350.0034790039 2.6336188316  134.141  6.852  5.1016  5.072    1  0.000  0.488     0.00     0.00 -1  -5.6e-05      0.00 2.575e-02 1.106e-01 2.267e-01 8.642e-06 6.257e-01 -1.000 8.637e-01 -12.361 -5.309 -5.296 -5.426 -5.815 -6.094 -6.283 -6.668 -8.406 -9.601 -10.723 -5.799 -6.107 -7.039 -8.131
0.005 -0.48482 6.00000 350.0035095215 2.6336188316  127.252  6.830  5.1095  5.102    1  0.000  0.319     0.00     0.00 -1 -5.76e-05      0.00 2.593e-02 7.414e-02 1.658e-01 8.704e-06 7.163e-01 -1.000 8.999e-01 -12.306 -5.270 -5.268 -5.408 -5.811 -6.098 -6.287 -6.676 -8.430 -9.634 -10.754 -5.795 -6.110 -7.051 -8.155
0.005 -0.48482 6.00000 350.0035400391 2.6336188316  116.841  6.857  4.5626  2.851    3  0.000  0.157     0.00     0.00 -1 -0.000105      0.00 2.619e-02 2.906e-02 8.524e-02 8.789e-06 7.977e-01 -1.000 9.448e-01 -12.373 -7.925 -7.825 -7.947 -7.912 -8.044 -8.101 -8.303 -9.582 -10.335 -11.286 -7.911 -8.044 -8.523 -9.311
#isochrone terminated
