# File generated by CMD 3.3 (http://stev.oapd.inaf.it/cmd) on Wed Apr 22 15:20:30 CEST 2020
# isochrones based on PARSEC release v1.2S +  COLIBRI S_35
# Basic references: Bressan et al. (2012), MNRAS, 427, 127 + Chen et al. (2014, 2015), MNRAS, 444, 2525 + MNRAS, 452, 1068 + Tang et al. (2014), MNRAS, 445, 4287 + Marigo et al. (2017), ApJ, 835, 77 + Pastorelli al. (2019), MNRAS in press
# Thermal pulse cycles included 
# On RGB, assumed Reimers mass loss with efficiency eta=0.2
# Photometric system:  2MASS + Spitzer (IRAC+MIPS) + WISE
# Using YBC version of bolometric corrections as in Chen et al. (2019)
# O-rich circumstellar dpmod60alox40 dust from Groenewegen (2006)
# C-rich circumstellar AMCSIC15 dust from Groenewegen (2006)
# IMF: Kroupa (2001, 2002) + Kroupa et al. (2013) canonical two-part-power law IMF corrected for unresolved binaries 
# Kind of output: isochrone tables
# Zini     MH   logAge Mini        int_IMF         Mass   logL    logTe  logg  label   McoreTP C_O  period0 period1 pmode  Mloss  tau1m   X   Y   Xc  Xn  Xo  Cexcess  Z 	 mbolmag  Jmag    Hmag    Ksmag   IRAC_3.6mag  IRAC_4.5mag  IRAC_5.8mag  IRAC_8.0mag  MIPS_24mag  MIPS_70mag  MIPS_160mag  W1mag   W2mag   W3mag   W4mag
0.05 0.59589 5.00000 0.1000000015 1.1711064577    0.100 -0.731  3.4064  2.747    0  0.000  0.545     0.00     0.00 -1 -3.16e-13      0.00 6.087e-01 3.403e-01 9.173e-03 2.474e-03 2.244e-02 -1.000 5.101e-02 6.598 4.453 3.921 3.564 3.103 2.954 2.886 2.791 2.122 2.062 2.103 3.253 2.958 2.727 2.312
0.05 0.59589 5.00000 0.1152705699 1.2873222828    0.115 -0.661  3.4189  2.788    0  0.000  0.545     0.00     0.00 -1  -3.3e-13      0.00 6.087e-01 3.403e-01 9.173e-03 2.474e-03 2.244e-02 -1.000 5.101e-02 6.421 4.279 3.744 3.391 2.936 2.788 2.721 2.627 1.961 1.902 1.944 3.086 2.792 2.564 2.151
0.05 0.59589 5.00000 0.1199999973 1.3193154335    0.120 -0.640  3.4227  2.800    0  0.000  0.545     0.00     0.00 -1 -3.35e-13      0.00 6.087e-01 3.403e-01 9.173e-03 2.474e-03 2.244e-02 -1.000 5.101e-02 6.370 4.228 3.687 3.344 2.900 2.754 2.689 2.598 1.935 1.877 1.921 3.049 2.758 2.537 2.125
0.05 0.59589 5.00000 0.1237985864 1.3438475132    0.124 -0.616  3.4267  2.806    0  0.000  0.545     0.00     0.00 -1 -3.46e-13      0.00 6.087e-01 3.403e-01 9.173e-03 2.474e-03 2.244e-02 -1.000 5.101e-02 6.311 4.170 3.620 3.290 2.859 2.715 2.653 2.565 1.905 1.850 1.896 3.008 2.720 2.505 2.095
0.05 0.59589 5.00000 0.1404622197 1.4409404993    0.140 -0.512  3.4441  2.825    0  0.000  0.545     0.00     0.00 -1 -4.04e-13      0.00 6.087e-01 3.403e-01 9.173e-03 2.474e-03 2.244e-02 -1.000 5.101e-02 6.049 3.917 3.302 3.033 2.680 2.551 2.503 2.428 1.782 1.734 1.791 2.830 2.558 2.376 1.972
0.05 0.59589 5.00000 0.1535061896 1.5070469379    0.153 -0.435  3.4576  2.841    0  0.000  0.545     0.00     0.00 -1 -4.52e-13      0.00 6.087e-01 3.403e-01 9.173e-03 2.474e-03 2.244e-02 -1.000 5.101e-02 5.858 3.740 3.067 2.837 2.548 2.433 2.395 2.330 1.697 1.658 1.723 2.697 2.443 2.286 1.888
0.05 0.59589 5.00000 0.1635932922 1.5533522367    0.164 -0.379  3.4672  2.852    0  0.000  0.545     0.00     0.00 -1 -4.92e-13      0.00 6.087e-01 3.403e-01 9.173e-03 2.474e-03 2.244e-02 -1.000 5.101e-02 5.718 3.621 2.899 2.687 2.445 2.344 2.313 2.255 1.634 1.602 1.674 2.592 2.356 2.218 1.824
0.05 0.59589 5.00000 0.1751993746 1.6022427082    0.175 -0.321  3.4768  2.862    0  0.000  0.545     0.00     0.00 -1 -5.37e-13      0.00 6.087e-01 3.403e-01 9.173e-03 2.474e-03 2.244e-02 -1.000 5.101e-02 5.573 3.500 2.729 2.531 2.334 2.250 2.225 2.173 1.564 1.543 1.621 2.477 2.263 2.143 1.754
0.05 0.59589 5.00000 0.1877518594 1.6505913734    0.188 -0.262  3.4865  2.871    0  0.000  0.545     0.00     0.00 -1 -5.88e-13      0.00 6.087e-01 3.403e-01 9.173e-03 2.474e-03 2.244e-02 -1.000 5.101e-02 5.425 3.373 2.563 2.376 2.218 2.151 2.129 2.078 1.485 1.479 1.569 2.354 2.164 2.059 1.675
0.05 0.59589 5.00000 0.2100839913 1.7270095348    0.210 -0.166  3.5010  2.882    0  0.000  0.545     0.00     0.00 -1 -6.85e-13      0.00 6.087e-01 3.403e-01 9.173e-03 2.474e-03 2.244e-02 -1.000 5.101e-02 5.185 3.179 2.324 2.134 2.012 1.979 1.957 1.908 1.343 1.361 1.466 2.131 1.992 1.904 1.533
0.05 0.59589 5.00000 0.2248792499 1.7720479965    0.225 -0.114  3.5090  2.892    0  0.000  0.545     0.00     0.00 -1 -7.37e-13      0.00 6.087e-01 3.403e-01 9.173e-03 2.474e-03 2.244e-02 -1.000 5.101e-02 5.056 3.081 2.208 2.013 1.900 1.886 1.862 1.811 1.263 1.297 1.409 2.007 1.899 1.816 1.453
0.05 0.59589 5.00000 0.2404452860 1.8154526949    0.240 -0.061  3.5167  2.899    0  0.000  0.545     0.00     0.00 -1 -8.01e-13      0.00 6.087e-01 3.403e-01 9.173e-03 2.474e-03 2.244e-02 -1.000 5.101e-02 4.922 2.976 2.093 1.893 1.785 1.788 1.760 1.704 1.172 1.223 1.343 1.879 1.800 1.716 1.362
0.05 0.59589 5.00000 0.2660318613 1.8794020414    0.266  0.021  3.5277  2.905    0  0.000  0.545     0.00     0.00 -1 -9.13e-13      0.00 6.087e-01 3.403e-01 9.173e-03 2.474e-03 2.244e-02 -1.000 5.101e-02 4.718 2.808 1.922 1.716 1.612 1.638 1.605 1.541 1.034 1.105 1.230 1.687 1.649 1.563 1.223
0.05 0.59589 5.00000 0.2880725861 1.9283909798    0.288  0.082  3.5359  2.911    0  0.000  0.545     0.00     0.00 -1    -1e-12      0.00 6.087e-01 3.403e-01 9.173e-03 2.474e-03 2.244e-02 -1.000 5.101e-02 4.565 2.678 1.799 1.593 1.489 1.529 1.494 1.423 0.933 1.016 1.144 1.552 1.540 1.452 1.122
0.05 0.59589 5.00000 0.3000000417 1.9529141188    0.300  0.110  3.5400  2.917    0  0.000  0.545     0.00     0.00 -1 -1.04e-12      0.00 6.087e-01 3.403e-01 9.173e-03 2.474e-03 2.244e-02 -1.000 5.101e-02 4.495 2.619 1.746 1.540 1.436 1.483 1.446 1.372 0.890 0.979 1.109 1.493 1.494 1.404 1.079
0.05 0.59589 5.00000 0.3310837448 2.0112779140    0.331  0.189  3.5496  2.919    0  0.000  0.545     0.00     0.00 -1 -1.19e-12      0.00 6.087e-01 3.403e-01 9.173e-03 2.474e-03 2.244e-02 -1.000 5.101e-02 4.298 2.447 1.585 1.383 1.284 1.344 1.304 1.222 0.756 0.858 0.990 1.329 1.354 1.260 0.946
0.05 0.59589 5.00000 0.3499999940 2.0434174538    0.350  0.228  3.5548  2.925    0  0.000  0.545     0.00     0.00 -1 -1.25e-12      0.00 6.087e-01 3.403e-01 9.173e-03 2.474e-03 2.244e-02 -1.000 5.101e-02 4.199 2.363 1.508 1.311 1.214 1.279 1.238 1.153 0.695 0.802 0.933 1.254 1.289 1.194 0.884
0.05 0.59589 5.00000 0.3569726348 2.0546996593    0.357  0.244  3.5567  2.925    0  0.000  0.545     0.00     0.00 -1 -1.29e-12      0.00 6.087e-01 3.403e-01 9.173e-03 2.474e-03 2.244e-02 -1.000 5.101e-02 4.159 2.328 1.475 1.280 1.184 1.251 1.210 1.123 0.667 0.776 0.908 1.222 1.261 1.166 0.857
0.05 0.59589 5.00000 0.4000000060 2.1185026169    0.400  0.331  3.5671  2.930    0  0.000  0.545     0.00     0.00 -1 -1.48e-12      0.00 6.087e-01 3.403e-01 9.173e-03 2.474e-03 2.244e-02 -1.000 5.101e-02 3.943 2.143 1.308 1.120 1.029 1.103 1.061 0.970 0.525 0.644 0.773 1.058 1.112 1.016 0.714
0.05 0.59589 5.00000 0.4058926404 2.1265444756    0.406  0.343  3.5684  2.929    0  0.000  0.545     0.00     0.00 -1 -1.51e-12      0.00 6.087e-01 3.403e-01 9.173e-03 2.474e-03 2.244e-02 -1.000 5.101e-02 3.912 2.116 1.284 1.097 1.006 1.081 1.039 0.947 0.504 0.623 0.752 1.034 1.090 0.994 0.693
0.05 0.59589 5.00000 0.4500000179 2.1822810173    0.450  0.427  3.5773  2.925    0  0.000  0.545     0.00     0.00 -1 -1.75e-12      0.00 6.087e-01 3.403e-01 9.173e-03 2.474e-03 2.244e-02 -1.000 5.101e-02 3.702 1.930 1.119 0.939 0.851 0.930 0.889 0.794 0.358 0.484 0.612 0.873 0.939 0.845 0.548
0.05 0.59589 5.00000 0.4748692811 2.2106676102    0.475  0.468  3.5817  2.925    0  0.000  0.545     0.00     0.00 -1 -1.87e-12      0.00 6.087e-01 3.403e-01 9.173e-03 2.474e-03 2.244e-02 -1.000 5.101e-02 3.600 1.849 1.044 0.870 0.786 0.867 0.827 0.732 0.299 0.427 0.555 0.806 0.877 0.783 0.488
0.05 0.59589 5.00000 0.5000000596 2.2374544144    0.500  0.513  3.5858  2.920    0  0.000  0.545     0.00     0.00 -1 -2.03e-12      0.00 6.087e-01 3.403e-01 9.173e-03 2.474e-03 2.244e-02 -1.000 5.101e-02 3.489 1.767 0.963 0.801 0.723 0.806 0.767 0.671 0.242 0.371 0.496 0.741 0.815 0.724 0.431
0.05 0.59589 5.00000 0.5500000119 2.2836582661    0.550  0.586  3.5930  2.916    0  0.000  0.545     0.00     0.00 -1  -2.3e-12      0.00 6.087e-01 3.403e-01 9.173e-03 2.474e-03 2.244e-02 -1.000 5.101e-02 3.305 1.613 0.824 0.671 0.598 0.682 0.645 0.549 0.123 0.254 0.378 0.613 0.691 0.603 0.312
0.05 0.59589 5.00000 0.5923694372 2.3158729076    0.592  0.647  3.5982  2.908    0  0.000  0.545     0.00     0.00 -1 -2.57e-12      0.00 6.087e-01 3.403e-01 9.173e-03 2.474e-03 2.244e-02 -1.000 5.101e-02 3.153 1.459 0.693 0.535 0.459 0.543 0.507 0.411 -0.014 0.120 0.243 0.473 0.552 0.466 0.175
0.05 0.59589 5.00000 0.6000000238 2.3211214542    0.600  0.658  3.5991  2.906    0  0.000  0.545     0.00     0.00 -1 -2.63e-12      0.00 6.087e-01 3.403e-01 9.173e-03 2.474e-03 2.244e-02 -1.000 5.101e-02 3.125 1.431 0.669 0.510 0.434 0.518 0.482 0.386 -0.038 0.095 0.219 0.447 0.527 0.441 0.151
0.05 0.59589 5.00000 0.6386429071 2.3455011845    0.639  0.709  3.6031  2.898    0  0.000  0.545     0.00     0.00 -1  -2.9e-12      0.00 6.087e-01 3.403e-01 9.173e-03 2.474e-03 2.244e-02 -1.000 5.101e-02 2.996 1.309 0.560 0.403 0.325 0.410 0.374 0.279 -0.144 -0.010 0.114 0.338 0.419 0.335 0.045
0.05 0.59589 5.00000 0.6499999762 2.3520355225    0.650  0.724  3.6043  2.896    0  0.000  0.545     0.00     0.00 -1 -2.98e-12      0.00 6.087e-01 3.403e-01 9.173e-03 2.474e-03 2.244e-02 -1.000 5.101e-02 2.960 1.275 0.530 0.373 0.296 0.380 0.345 0.250 -0.173 -0.038 0.085 0.308 0.389 0.305 0.016
0.05 0.59589 5.00000 0.6674047112 2.3615548611    0.667  0.744  3.6058  2.894    0  0.000  0.545     0.00     0.00 -1 -3.09e-12      0.00 6.087e-01 3.403e-01 9.173e-03 2.474e-03 2.244e-02 -1.000 5.101e-02 2.910 1.229 0.489 0.332 0.255 0.339 0.305 0.210 -0.212 -0.078 0.046 0.267 0.349 0.266 -0.023
0.05 0.59589 5.00000 0.6999999881 2.3779268265    0.700  0.786  3.6086  2.883    0  0.000  0.545     0.00     0.00 -1 -3.36e-12      0.00 6.087e-01 3.403e-01 9.173e-03 2.474e-03 2.244e-02 -1.000 5.101e-02 2.804 1.129 0.398 0.242 0.166 0.250 0.216 0.122 -0.300 -0.165 -0.041 0.177 0.259 0.177 -0.111
0.05 0.59589 5.00000 0.7464565635 2.3984436989    0.747  0.844  3.6164  2.885    0  0.000  0.538     0.00     0.00 -1 -3.71e-12      0.00 6.087e-01 3.403e-01 9.061e-03 2.471e-03 2.244e-02 -1.000 5.101e-02 2.661 1.009 0.300 0.151 0.076 0.160 0.127 0.035 -0.385 -0.248 -0.125 0.087 0.169 0.091 -0.196
0.05 0.59589 5.00000 0.7500000000 2.3998889923    0.750  0.853  3.6168  2.879    0  0.000  0.538     0.00     0.00 -1 -3.81e-12      0.00 6.087e-01 3.403e-01 9.053e-03 2.471e-03 2.244e-02 -1.000 5.101e-02 2.637 0.986 0.278 0.129 0.055 0.139 0.106 0.014 -0.406 -0.269 -0.145 0.065 0.148 0.070 -0.217
0.05 0.59589 5.00000 0.7794026136 2.4113016129    0.779  0.880  3.6188  2.877    0  0.000  0.538     0.00     0.00 -1 -3.98e-12      0.00 6.087e-01 3.403e-01 9.053e-03 2.471e-03 2.244e-02 -1.000 5.101e-02 2.570 0.926 0.223 0.076 0.003 0.086 0.054 -0.038 -0.457 -0.320 -0.197 0.012 0.095 0.019 -0.268
0.05 0.59589 5.00000 0.7976072431 2.4178848267    0.797  0.898  3.6200  2.873    0  0.000  0.538     0.00     0.00 -1 -4.12e-12      0.00 6.087e-01 3.403e-01 9.053e-03 2.471e-03 2.244e-02 -1.000 5.101e-02 2.524 0.883 0.184 0.038 -0.035 0.047 0.016 -0.075 -0.494 -0.357 -0.234 -0.026 0.057 -0.019 -0.306
0.05 0.59589 5.00000 0.8452144861 2.4335694313    0.845  0.946  3.6225  2.860    0  0.000  0.538     0.00     0.00 -1 -4.54e-12      0.00 6.087e-01 3.403e-01 9.053e-03 2.471e-03 2.244e-02 -1.000 5.101e-02 2.404 0.770 0.079 -0.065 -0.138 -0.055 -0.086 -0.176 -0.595 -0.458 -0.334 -0.128 -0.046 -0.120 -0.406
0.05 0.59589 5.00000 0.8928216696 2.4473464489    0.892  0.986  3.6250  2.855    0  0.000  0.538     0.00     0.00 -1 -4.87e-12      0.00 6.087e-01 3.403e-01 9.053e-03 2.471e-03 2.244e-02 -1.000 5.101e-02 2.305 0.679 -0.004 -0.147 -0.219 -0.136 -0.167 -0.256 -0.675 -0.538 -0.413 -0.210 -0.127 -0.200 -0.486
0.05 0.59589 5.00000 0.9157810211 2.4534046650    0.915  1.004  3.6261  2.852    0  0.000  0.538     0.00     0.00 -1 -5.03e-12      0.00 6.087e-01 3.403e-01 9.053e-03 2.471e-03 2.244e-02 -1.000 5.101e-02 2.260 0.638 -0.042 -0.184 -0.256 -0.174 -0.203 -0.293 -0.711 -0.574 -0.450 -0.247 -0.165 -0.236 -0.522
0.05 0.59589 5.00000 0.9404288530 2.4595315456    0.940  1.025  3.6272  2.847    0  0.000  0.538     0.00     0.00 -1 -5.24e-12      0.00 6.087e-01 3.403e-01 9.053e-03 2.471e-03 2.244e-02 -1.000 5.101e-02 2.208 0.588 -0.089 -0.229 -0.301 -0.219 -0.248 -0.338 -0.756 -0.618 -0.494 -0.292 -0.210 -0.281 -0.567
0.05 0.59589 5.00000 0.9880360961 2.4703762531    0.988  1.061  3.6293  2.841    0  0.000  0.538     0.00     0.00 -1  -5.6e-12      0.00 6.087e-01 3.403e-01 9.053e-03 2.471e-03 2.244e-02 -1.000 5.101e-02 2.117 0.504 -0.167 -0.306 -0.377 -0.295 -0.324 -0.413 -0.831 -0.693 -0.569 -0.368 -0.286 -0.356 -0.642
0.05 0.59589 5.00000 1.0356432199 2.4800825119    1.035  1.099  3.6310  2.830    0  0.000  0.538     0.00     0.00 -1 -5.73e-12      0.00 6.087e-01 3.403e-01 9.053e-03 2.471e-03 2.244e-02 -1.000 5.101e-02 2.022 0.413 -0.252 -0.390 -0.460 -0.379 -0.408 -0.496 -0.914 -0.776 -0.651 -0.452 -0.370 -0.439 -0.725
0.05 0.59589 5.00000 1.0832505226 2.4888141155    1.082  1.133  3.6327  2.822    0  0.000  0.538     0.00     0.00 -1 -5.67e-12      0.00 6.087e-01 3.403e-01 9.053e-03 2.471e-03 2.244e-02 -1.000 5.101e-02 1.939 0.334 -0.325 -0.462 -0.532 -0.451 -0.480 -0.567 -0.985 -0.847 -0.722 -0.524 -0.443 -0.510 -0.796
0.05 0.59589 5.00000 1.1235810518 2.4955492020    1.123  1.158  3.6340  2.818    0  0.000  0.538     0.00     0.00 -1 -5.54e-12      0.00 6.087e-01 3.403e-01 9.053e-03 2.471e-03 2.244e-02 -1.000 5.101e-02 1.874 0.273 -0.381 -0.517 -0.587 -0.507 -0.535 -0.622 -1.039 -0.901 -0.776 -0.579 -0.498 -0.565 -0.850
0.05 0.59589 5.00000 1.1308577061 2.4967057705    1.130  1.163  3.6343  2.817    0  0.000  0.538     0.00     0.00 -1 -5.52e-12      0.00 6.087e-01 3.403e-01 9.053e-03 2.471e-03 2.244e-02 -1.000 5.101e-02 1.862 0.262 -0.392 -0.527 -0.597 -0.517 -0.545 -0.632 -1.049 -0.911 -0.786 -0.589 -0.508 -0.575 -0.860
0.05 0.59589 5.00000 1.1784650087 2.5038688183    1.178  1.192  3.6358  2.812    0  0.000  0.538     0.00     0.00 -1 -5.33e-12      0.00 6.087e-01 3.403e-01 9.053e-03 2.471e-03 2.244e-02 -1.000 5.101e-02 1.789 0.193 -0.456 -0.590 -0.660 -0.580 -0.608 -0.694 -1.111 -0.973 -0.848 -0.652 -0.571 -0.637 -0.922
0.05 0.59589 5.00000 1.2260721922 2.5103957653    1.225  1.221  3.6371  2.805    0  0.000  0.538     0.00     0.00 -1 -5.12e-12      0.00 6.087e-01 3.403e-01 9.053e-03 2.471e-03 2.244e-02 -1.000 5.101e-02 1.716 0.124 -0.521 -0.654 -0.724 -0.644 -0.671 -0.757 -1.174 -1.036 -0.911 -0.716 -0.635 -0.700 -0.985
0.05 0.59589 5.00000 1.2592675686 2.5146126747    1.259  1.239  3.6381  2.803    0  0.000  0.538     0.00     0.00 -1 -4.89e-12      0.00 6.087e-01 3.403e-01 9.053e-03 2.471e-03 2.244e-02 -1.000 5.101e-02 1.673 0.083 -0.558 -0.691 -0.760 -0.681 -0.708 -0.794 -1.211 -1.073 -0.948 -0.753 -0.672 -0.737 -1.022
0.05 0.59589 5.00000 1.2736792564 2.5163648129    1.273  1.246  3.6385  2.803    0  0.000  0.538     0.00     0.00 -1  -4.8e-12      0.00 6.087e-01 3.403e-01 9.053e-03 2.471e-03 2.244e-02 -1.000 5.101e-02 1.654 0.066 -0.574 -0.706 -0.776 -0.696 -0.723 -0.809 -1.226 -1.088 -0.963 -0.768 -0.688 -0.752 -1.037
0.05 0.59589 5.00000 1.3212866783 2.5218420029    1.321  1.273  3.6397  2.797    0  0.000  0.538     0.00     0.00 -1 -4.47e-12      0.00 6.087e-01 3.403e-01 9.053e-03 2.471e-03 2.244e-02 -1.000 5.101e-02 1.588 0.003 -0.633 -0.764 -0.833 -0.754 -0.781 -0.866 -1.283 -1.145 -1.020 -0.826 -0.746 -0.809 -1.094
0.05 0.59589 5.00000 1.3688938618 2.5268833637    1.369  1.298  3.6408  2.792    0  0.000  0.538     0.00     0.00 -1 -4.09e-12      0.00 6.087e-01 3.403e-01 9.053e-03 2.471e-03 2.244e-02 -1.000 5.101e-02 1.526 -0.057 -0.689 -0.819 -0.889 -0.810 -0.836 -0.921 -1.338 -1.200 -1.075 -0.881 -0.801 -0.864 -1.149
0.05 0.59589 5.00000 1.4165010452 2.5315370560    1.416  1.321  3.6419  2.788    0  0.000  0.538     0.00     0.00 -1 -3.64e-12      0.00 6.087e-01 3.403e-01 9.053e-03 2.471e-03 2.244e-02 -1.000 5.101e-02 1.467 -0.112 -0.741 -0.871 -0.940 -0.861 -0.887 -0.972 -1.389 -1.251 -1.125 -0.932 -0.853 -0.915 -1.200
0.05 0.59589 5.00000 1.4641082287 2.5358443260    1.464  1.345  3.6429  2.783    0  0.000  0.538     0.00     0.00 -1 -3.14e-12      0.00 6.087e-01 3.403e-01 9.053e-03 2.471e-03 2.244e-02 -1.000 5.101e-02 1.408 -0.169 -0.794 -0.922 -0.991 -0.913 -0.939 -1.023 -1.440 -1.302 -1.177 -0.984 -0.905 -0.966 -1.251
0.05 0.59589 5.00000 1.5034801960 2.5391705036    1.503  1.361  3.6438  2.781    0  0.000  0.538     0.00     0.00 -1 -2.66e-12      0.00 6.087e-01 3.403e-01 9.053e-03 2.471e-03 2.244e-02 -1.000 5.101e-02 1.367 -0.208 -0.830 -0.958 -1.027 -0.949 -0.974 -1.058 -1.475 -1.337 -1.212 -1.019 -0.940 -1.001 -1.286
0.05 0.59589 5.00000 1.5117155313 2.5398411751    1.511  1.364  3.6440  2.781    0  0.000  0.538     0.00     0.00 -1 -2.57e-12      0.00 6.087e-01 3.403e-01 9.053e-03 2.471e-03 2.244e-02 -1.000 5.101e-02 1.359 -0.215 -0.837 -0.965 -1.033 -0.956 -0.981 -1.065 -1.482 -1.344 -1.219 -1.026 -0.947 -1.008 -1.293
0.05 0.59589 5.00000 1.5593228340 2.5435585976    1.559  1.388  3.6449  2.775    0  0.000  0.538     0.00     0.00 -1 -1.96e-12      0.00 6.087e-01 3.403e-01 9.053e-03 2.471e-03 2.244e-02 -1.000 5.101e-02 1.301 -0.271 -0.890 -1.017 -1.086 -1.008 -1.034 -1.117 -1.534 -1.396 -1.271 -1.078 -1.000 -1.060 -1.345
0.05 0.59589 5.00000 1.6069297791 2.5470237732    1.606  1.407  3.6459  2.772    0  0.000  0.538     0.00     0.00 -1 -1.25e-12      0.00 6.087e-01 3.403e-01 9.053e-03 2.471e-03 2.244e-02 -1.000 5.101e-02 1.253 -0.316 -0.932 -1.059 -1.127 -1.050 -1.075 -1.158 -1.575 -1.438 -1.312 -1.120 -1.041 -1.101 -1.386
0.05 0.59589 5.00000 1.6545372009 2.5502607822    1.653  1.427  3.6467  2.769    0  0.000  0.538     0.00     0.00 -1 -8.77e-21      0.00 6.087e-01 3.403e-01 9.053e-03 2.471e-03 2.244e-02 -1.000 5.101e-02 1.204 -0.364 -0.976 -1.102 -1.171 -1.094 -1.119 -1.201 -1.619 -1.481 -1.355 -1.163 -1.085 -1.144 -1.430
0.05 0.59589 5.00000 1.7021443844 2.5532903671    1.701  1.445  3.6476  2.766    0  0.000  0.538     0.00     0.00 -1 -1.85e-23      0.00 6.087e-01 3.403e-01 9.053e-03 2.471e-03 2.244e-02 -1.000 5.101e-02 1.158 -0.407 -1.016 -1.142 -1.210 -1.133 -1.158 -1.240 -1.658 -1.520 -1.394 -1.202 -1.125 -1.183 -1.469
0.05 0.59589 5.00000 1.7497515678 2.5561313629    1.748  1.462  3.6484  2.764    0  0.000  0.538     0.00     0.00 -1    -1e-30      0.00 6.087e-01 3.403e-01 9.053e-03 2.471e-03 2.244e-02 -1.000 5.101e-02 1.114 -0.449 -1.056 -1.180 -1.248 -1.172 -1.197 -1.279 -1.696 -1.559 -1.432 -1.241 -1.164 -1.222 -1.507
0.05 0.59589 5.00000 1.7973587513 2.5587997437    1.796  1.479  3.6492  2.762    0  0.000  0.538     0.00     0.00 -1    -1e-30      0.00 6.087e-01 3.403e-01 9.053e-03 2.471e-03 2.244e-02 -1.000 5.101e-02 1.071 -0.489 -1.094 -1.218 -1.286 -1.209 -1.234 -1.316 -1.733 -1.596 -1.469 -1.278 -1.201 -1.259 -1.544
0.05 0.59589 5.00000 1.8449659348 2.5613105297    1.843  1.494  3.6501  2.762    0  0.000  0.538     0.00     0.00 -1    -1e-30      0.00 6.087e-01 3.403e-01 9.053e-03 2.471e-03 2.244e-02 -1.000 5.101e-02 1.034 -0.524 -1.125 -1.249 -1.316 -1.241 -1.265 -1.346 -1.764 -1.626 -1.500 -1.309 -1.232 -1.289 -1.575
0.05 0.59589 5.00000 1.8955013752 2.5638175011    1.894  1.512  3.6509  2.759    0  0.000  0.538     0.00     0.00 -1    -1e-30      0.00 6.087e-01 3.403e-01 9.053e-03 2.471e-03 2.244e-02 -1.000 5.101e-02 0.990 -0.567 -1.166 -1.288 -1.356 -1.280 -1.305 -1.385 -1.803 -1.666 -1.539 -1.349 -1.272 -1.329 -1.614
0.05 0.59589 5.00000 1.9460365772 2.5661754608    1.945  1.531  3.6515  2.755    0  0.000  0.538     0.00     0.00 -1    -1e-30      0.00 6.087e-01 3.403e-01 9.053e-03 2.471e-03 2.244e-02 -1.000 5.101e-02 0.944 -0.611 -1.208 -1.330 -1.398 -1.322 -1.346 -1.427 -1.845 -1.707 -1.581 -1.391 -1.314 -1.370 -1.656
0.05 0.59589 5.00000 1.9592134953 2.5667672157    1.958  1.534  3.6518  2.755    0  0.000  0.538     0.00     0.00 -1    -1e-30      0.00 6.087e-01 3.403e-01 9.053e-03 2.471e-03 2.244e-02 -1.000 5.101e-02 0.935 -0.619 -1.215 -1.337 -1.405 -1.330 -1.354 -1.434 -1.852 -1.714 -1.588 -1.398 -1.321 -1.377 -1.663
0.05 0.59589 5.00000 1.9965720177 2.5683965683    1.996  1.544  3.6524  2.756    0  0.000  0.538     0.00     0.00 -1    -1e-30      0.00 6.087e-01 3.403e-01 9.053e-03 2.471e-03 2.244e-02 -1.000 5.101e-02 0.909 -0.643 -1.237 -1.358 -1.426 -1.351 -1.375 -1.455 -1.873 -1.735 -1.609 -1.419 -1.343 -1.398 -1.684
0.05 0.59589 5.00000 2.0257680416 2.5696218014    2.025  1.555  3.6527  2.752    0  0.000  0.538     0.00     0.00 -1    -1e-30      0.00 6.087e-01 3.403e-01 9.053e-03 2.471e-03 2.244e-02 -1.000 5.101e-02 0.881 -0.670 -1.263 -1.385 -1.452 -1.377 -1.401 -1.481 -1.899 -1.762 -1.635 -1.445 -1.369 -1.424 -1.710
0.05 0.59589 5.00000 2.0471072197 2.5704920292    2.046  1.562  3.6530  2.751    0  0.000  0.538     0.00     0.00 -1    -1e-30      0.00 6.087e-01 3.403e-01 9.053e-03 2.471e-03 2.244e-02 -1.000 5.101e-02 0.866 -0.685 -1.277 -1.398 -1.465 -1.390 -1.414 -1.494 -1.912 -1.775 -1.648 -1.458 -1.382 -1.438 -1.723
0.05 0.59589 5.00000 2.0976424217 2.5724718571    2.096  1.574  3.6539  2.753    0  0.000  0.538     0.00     0.00 -1    -1e-30      0.00 6.087e-01 3.403e-01 9.053e-03 2.471e-03 2.244e-02 -1.000 5.101e-02 0.835 -0.714 -1.303 -1.423 -1.490 -1.416 -1.439 -1.519 -1.937 -1.800 -1.673 -1.483 -1.408 -1.462 -1.748
0.05 0.59589 5.00000 2.1481778622 2.5743451118    2.146  1.588  3.6547  2.753    0  0.000  0.538     0.00     0.00 -1    -1e-30      0.00 6.087e-01 3.403e-01 9.053e-03 2.471e-03 2.244e-02 -1.000 5.101e-02 0.801 -0.746 -1.332 -1.452 -1.519 -1.445 -1.469 -1.548 -1.966 -1.828 -1.702 -1.512 -1.437 -1.491 -1.777
0.05 0.59589 5.00000 2.1987133026 2.5761194229    2.197  1.601  3.6554  2.752    0  0.000  0.538     0.00     0.00 -1    -1e-30      0.00 6.087e-01 3.403e-01 9.053e-03 2.471e-03 2.244e-02 -1.000 5.101e-02 0.767 -0.778 -1.362 -1.481 -1.548 -1.474 -1.498 -1.577 -1.995 -1.857 -1.731 -1.541 -1.466 -1.520 -1.806
0.05 0.59589 5.00000 2.2492485046 2.5778024197    2.247  1.616  3.6559  2.749    0  0.000  0.538     0.00     0.00 -1    -1e-30      0.00 6.087e-01 3.403e-01 9.053e-03 2.471e-03 2.244e-02 -1.000 5.101e-02 0.729 -0.815 -1.397 -1.516 -1.582 -1.509 -1.532 -1.611 -2.029 -1.892 -1.765 -1.576 -1.501 -1.554 -1.840
0.05 0.59589 5.00000 2.2792906761 2.5787625313    2.277  1.625  3.6563  2.748    0  0.000  0.538     0.00     0.00 -1    -1e-30      0.00 6.087e-01 3.403e-01 9.053e-03 2.471e-03 2.244e-02 -1.000 5.101e-02 0.708 -0.835 -1.416 -1.535 -1.601 -1.528 -1.551 -1.630 -2.048 -1.910 -1.783 -1.594 -1.520 -1.573 -1.859
0.05 0.59589 5.00000 2.2997837067 2.5794007778    2.298  1.629  3.6566  2.748    0  0.000  0.538     0.00     0.00 -1    -1e-30      0.00 6.087e-01 3.403e-01 9.053e-03 2.471e-03 2.244e-02 -1.000 5.101e-02 0.696 -0.846 -1.425 -1.544 -1.611 -1.537 -1.560 -1.639 -2.057 -1.920 -1.793 -1.604 -1.529 -1.582 -1.868
0.05 0.59589 5.00000 2.3503189087 2.5809202194    2.348  1.639  3.6574  2.752    0  0.000  0.538     0.00     0.00 -1    -1e-30      0.00 6.087e-01 3.403e-01 9.053e-03 2.471e-03 2.244e-02 -1.000 5.101e-02 0.673 -0.866 -1.444 -1.562 -1.628 -1.555 -1.578 -1.656 -2.074 -1.937 -1.810 -1.621 -1.547 -1.599 -1.885
0.05 0.59589 5.00000 2.4008543491 2.5823664665    2.399  1.637  3.6589  2.769    0  0.000  0.538     0.00     0.00 -1    -1e-30      0.00 6.087e-01 3.403e-01 9.053e-03 2.471e-03 2.244e-02 -1.000 5.101e-02 0.678 -0.858 -1.431 -1.547 -1.613 -1.540 -1.563 -1.641 -2.059 -1.921 -1.794 -1.606 -1.533 -1.584 -1.870
0.05 0.59589 5.00000 2.4158251286 2.5827815533    2.414  1.616  3.6606  2.799    0  0.000  0.538     0.00     0.00 -1    -1e-30      0.00 6.087e-01 3.403e-01 9.053e-03 2.471e-03 2.244e-02 -1.000 5.101e-02 0.731 -0.801 -1.368 -1.483 -1.548 -1.476 -1.499 -1.575 -1.993 -1.856 -1.729 -1.542 -1.469 -1.519 -1.804
0.05 0.59589 5.00000 2.4513897896 2.5837442875    2.449  1.568  3.6643  2.868    0  0.000  0.538     0.00     0.00 -1    -1e-30      0.00 6.087e-01 3.403e-01 9.053e-03 2.471e-03 2.244e-02 -1.000 5.101e-02 0.850 -0.670 -1.227 -1.339 -1.402 -1.331 -1.353 -1.428 -1.846 -1.708 -1.580 -1.396 -1.324 -1.371 -1.657
0.05 0.59589 5.00000 2.4862043858 2.5846560001    2.484  1.572  3.6650  2.874    0  0.000  0.538     0.00     0.00 -1    -1e-30      0.00 6.087e-01 3.403e-01 9.053e-03 2.471e-03 2.244e-02 -1.000 5.101e-02 0.841 -0.678 -1.232 -1.343 -1.406 -1.336 -1.358 -1.432 -1.850 -1.712 -1.584 -1.400 -1.328 -1.375 -1.661
0.05 0.59589 5.00000 2.6002359390 2.5874469280    2.599  1.588  3.6670  2.885    0  0.000  0.538     0.00     0.00 -1    -1e-30      0.00 6.087e-01 3.403e-01 9.053e-03 2.471e-03 2.244e-02 -1.000 5.101e-02 0.801 -0.713 -1.261 -1.371 -1.432 -1.363 -1.385 -1.458 -1.876 -1.738 -1.610 -1.427 -1.356 -1.401 -1.687
0.05 0.59589 5.00000 2.6535310745 2.5886571407    2.652  1.595  3.6678  2.890    0  0.000  0.538     0.00     0.00 -1    -1e-30      0.00 6.087e-01 3.403e-01 9.053e-03 2.471e-03 2.244e-02 -1.000 5.101e-02 0.782 -0.729 -1.274 -1.384 -1.445 -1.376 -1.398 -1.471 -1.888 -1.750 -1.622 -1.439 -1.369 -1.414 -1.699
0.05 0.59589 5.00000 2.7013943195 2.5896973610    2.700  1.605  3.6684  2.890    0  0.000  0.538     0.00     0.00 -1    -1e-30      0.00 6.087e-01 3.403e-01 9.053e-03 2.471e-03 2.244e-02 -1.000 5.101e-02 0.757 -0.753 -1.296 -1.405 -1.467 -1.398 -1.420 -1.492 -1.910 -1.772 -1.643 -1.461 -1.391 -1.435 -1.721
0.05 0.59589 5.00000 2.8556723595 2.5927789211    2.855  1.640  3.6699  2.885    0  0.000  0.538     0.00     0.00 -1    -1e-30      0.00 6.087e-01 3.403e-01 9.053e-03 2.471e-03 2.244e-02 -1.000 5.101e-02 0.670 -0.836 -1.374 -1.482 -1.543 -1.475 -1.496 -1.569 -1.986 -1.848 -1.719 -1.538 -1.468 -1.512 -1.797
0.05 0.59589 5.00000 3.0194633007 2.5956575871    3.018  1.675  3.6713  2.880    0  0.000  0.538     0.00     0.00 -1    -1e-30      0.00 6.087e-01 3.403e-01 9.053e-03 2.471e-03 2.244e-02 -1.000 5.101e-02 0.582 -0.920 -1.454 -1.561 -1.621 -1.554 -1.575 -1.646 -2.064 -1.926 -1.797 -1.616 -1.547 -1.589 -1.875
0.05 0.59589 5.00000 3.0578136444 2.5962805748    3.056  1.683  3.6717  2.879    0  0.000  0.538     0.00     0.00 -1    -1e-30      0.00 6.087e-01 3.403e-01 9.053e-03 2.471e-03 2.244e-02 -1.000 5.101e-02 0.563 -0.938 -1.471 -1.578 -1.638 -1.571 -1.592 -1.663 -2.081 -1.943 -1.814 -1.633 -1.564 -1.606 -1.892
0.05 0.59589 5.00000 3.0824973583 2.5966720581    3.081  1.687  3.6719  2.879    0  0.000  0.538     0.00     0.00 -1    -1e-30      0.00 6.087e-01 3.403e-01 9.053e-03 2.471e-03 2.244e-02 -1.000 5.101e-02 0.552 -0.948 -1.480 -1.587 -1.648 -1.580 -1.601 -1.673 -2.090 -1.952 -1.823 -1.642 -1.573 -1.616 -1.901
0.05 0.59589 5.00000 3.2599549294 2.5992872715    3.258  1.722  3.6735  2.875    0  0.000  0.538     0.00     0.00 -1    -1e-30      0.00 6.087e-01 3.403e-01 9.053e-03 2.471e-03 2.244e-02 -1.000 5.101e-02 0.466 -1.030 -1.557 -1.663 -1.723 -1.656 -1.677 -1.748 -2.165 -2.027 -1.898 -1.718 -1.649 -1.691 -1.976
0.05 0.59589 5.00000 3.2704415321 2.5994317532    3.268  1.723  3.6735  2.875    0  0.000  0.538     0.00     0.00 -1    -1e-30      0.00 6.087e-01 3.403e-01 9.053e-03 2.471e-03 2.244e-02 -1.000 5.101e-02 0.461 -1.034 -1.561 -1.667 -1.727 -1.660 -1.680 -1.752 -2.169 -2.031 -1.902 -1.721 -1.653 -1.695 -1.980
0.05 0.59589 5.00000 3.4212701321 2.6013960838    3.418  1.752  3.6746  2.870    0  0.000  0.538     0.00     0.00 -1    -1e-30      0.00 6.087e-01 3.403e-01 9.053e-03 2.471e-03 2.244e-02 -1.000 5.101e-02 0.390 -1.102 -1.626 -1.731 -1.791 -1.724 -1.745 -1.815 -2.233 -2.095 -1.966 -1.785 -1.717 -1.758 -2.044
0.05 0.59589 5.00000 3.4620962143 2.6018941402    3.459  1.759  3.6749  2.869    0  0.000  0.538     0.00     0.00 -1    -1e-30      0.00 6.087e-01 3.403e-01 9.053e-03 2.471e-03 2.244e-02 -1.000 5.101e-02 0.372 -1.120 -1.643 -1.747 -1.807 -1.741 -1.761 -1.832 -2.249 -2.111 -1.982 -1.802 -1.734 -1.775 -2.060
0.05 0.59589 5.00000 3.4877536297 2.6022002697    3.485  1.764  3.6751  2.869    0  0.000  0.538     0.00     0.00 -1    -1e-30      0.00 6.087e-01 3.403e-01 9.053e-03 2.471e-03 2.244e-02 -1.000 5.101e-02 0.361 -1.130 -1.652 -1.757 -1.817 -1.750 -1.771 -1.841 -2.259 -2.121 -1.992 -1.811 -1.743 -1.784 -2.070
0.05 0.59589 5.00000 3.6642372608 2.6041729450    3.661  1.796  3.6763  2.863    0  0.000  0.538     0.00     0.00 -1    -1e-30      0.00 6.087e-01 3.403e-01 9.053e-03 2.471e-03 2.244e-02 -1.000 5.101e-02 0.279 -1.208 -1.727 -1.830 -1.890 -1.824 -1.844 -1.914 -2.332 -2.194 -2.065 -1.885 -1.817 -1.857 -2.143
0.05 0.59589 5.00000 3.7675592899 2.6052296162    3.765  1.813  3.6771  2.860    0  0.000  0.538     0.00     0.00 -1    -1e-30      0.00 6.087e-01 3.403e-01 9.053e-03 2.471e-03 2.244e-02 -1.000 5.101e-02 0.236 -1.249 -1.765 -1.868 -1.928 -1.862 -1.882 -1.952 -2.370 -2.232 -2.102 -1.922 -1.855 -1.895 -2.181
0.05 0.59589 5.00000 3.8663783073 2.6061799526    3.864  1.832  3.6776  2.856    0  0.000  0.538     0.00     0.00 -1    -1e-30      0.00 6.087e-01 3.403e-01 9.053e-03 2.471e-03 2.244e-02 -1.000 5.101e-02 0.191 -1.293 -1.807 -1.910 -1.969 -1.904 -1.924 -1.993 -2.411 -2.273 -2.144 -1.964 -1.897 -1.936 -2.222
0.05 0.59589 5.00000 3.9413785934 2.6068644524    3.939  1.844  3.6781  2.854    0  0.000  0.538     0.00     0.00 -1    -1e-30      0.00 6.087e-01 3.403e-01 9.053e-03 2.471e-03 2.244e-02 -1.000 5.101e-02 0.161 -1.321 -1.834 -1.937 -1.996 -1.930 -1.950 -2.020 -2.437 -2.299 -2.170 -1.990 -1.924 -1.963 -2.249
0.05 0.59589 5.00000 4.0685195923 2.6079592705    4.067  1.865  3.6790  2.850    0  0.000  0.538     0.00     0.00 -1    -1e-30      0.00 6.087e-01 3.403e-01 9.053e-03 2.471e-03 2.244e-02 -1.000 5.101e-02 0.108 -1.372 -1.882 -1.984 -2.043 -1.978 -1.998 -2.067 -2.485 -2.347 -2.217 -2.038 -1.971 -2.010 -2.296
0.05 0.59589 5.00000 4.1031227112 2.6082437038    4.101  1.870  3.6792  2.850    0  0.000  0.538     0.00     0.00 -1    -1e-30      0.00 6.087e-01 3.403e-01 9.053e-03 2.471e-03 2.244e-02 -1.000 5.101e-02 0.095 -1.385 -1.894 -1.996 -2.054 -1.990 -2.009 -2.078 -2.496 -2.358 -2.229 -2.049 -1.983 -2.022 -2.307
0.05 0.59589 5.00000 4.2706608772 2.6095461845    4.267  1.899  3.6803  2.843    0  0.000  0.538     0.00     0.00 -1    -1e-30      0.00 6.087e-01 3.403e-01 9.053e-03 2.471e-03 2.244e-02 -1.000 5.101e-02 0.023 -1.453 -1.959 -2.060 -2.119 -2.055 -2.074 -2.143 -2.560 -2.422 -2.293 -2.114 -2.048 -2.086 -2.372
0.05 0.59589 5.00000 4.2781352997 2.6096017361    4.275  1.900  3.6803  2.842    0  0.000  0.538     0.00     0.00 -1    -1e-30      0.00 6.087e-01 3.403e-01 9.053e-03 2.471e-03 2.244e-02 -1.000 5.101e-02 0.020 -1.456 -1.962 -2.063 -2.121 -2.057 -2.076 -2.145 -2.563 -2.425 -2.296 -2.116 -2.050 -2.088 -2.374
0.05 0.59589 5.00000 4.4528279305 2.6108355522    4.449  1.930  3.6813  2.834    0  0.000  0.538     0.00     0.00 -1    -1e-30      0.00 6.087e-01 3.403e-01 9.053e-03 2.471e-03 2.244e-02 -1.000 5.101e-02 -0.055 -1.528 -2.031 -2.132 -2.190 -2.126 -2.145 -2.213 -2.631 -2.493 -2.364 -2.185 -2.119 -2.157 -2.442
0.05 0.59589 5.00000 4.4728021622 2.6109695435    4.469  1.934  3.6814  2.832    0  0.000  0.538     0.00     0.00 -1    -1e-30      0.00 6.087e-01 3.403e-01 9.053e-03 2.471e-03 2.244e-02 -1.000 5.101e-02 -0.064 -1.537 -2.040 -2.140 -2.198 -2.134 -2.153 -2.222 -2.640 -2.501 -2.372 -2.193 -2.127 -2.165 -2.451
0.05 0.59589 5.00000 4.5801310539 2.6116666794    4.576  1.951  3.6821  2.828    0  0.000  0.538     0.00     0.00 -1    -1e-30      0.00 6.087e-01 3.403e-01 9.053e-03 2.471e-03 2.244e-02 -1.000 5.101e-02 -0.108 -1.579 -2.079 -2.180 -2.237 -2.174 -2.193 -2.261 -2.679 -2.540 -2.411 -2.232 -2.167 -2.204 -2.490
0.05 0.59589 5.00000 4.6749429703 2.6122522354    4.672  1.969  3.6826  2.821    0  0.000  0.538     0.00     0.00 -1    -1e-30      0.00 6.087e-01 3.403e-01 9.053e-03 2.471e-03 2.244e-02 -1.000 5.101e-02 -0.152 -1.622 -2.121 -2.220 -2.278 -2.215 -2.234 -2.302 -2.719 -2.581 -2.452 -2.273 -2.208 -2.245 -2.531
0.05 0.59589 5.00000 4.7730836868 2.6128299236    4.770  1.985  3.6832  2.816    0  0.000  0.538     0.00     0.00 -1    -1e-30      0.00 6.087e-01 3.403e-01 9.053e-03 2.471e-03 2.244e-02 -1.000 5.101e-02 -0.193 -1.661 -2.158 -2.257 -2.315 -2.251 -2.270 -2.338 -2.756 -2.617 -2.488 -2.310 -2.245 -2.281 -2.567
0.05 0.59589 5.00000 4.8770847321 2.6134133339    4.875  2.006  3.6837  2.807    0  0.000  0.538     0.00     0.00 -1    -1e-30      0.00 6.087e-01 3.403e-01 9.053e-03 2.471e-03 2.244e-02 -1.000 5.101e-02 -0.245 -1.712 -2.207 -2.306 -2.364 -2.301 -2.319 -2.387 -2.805 -2.666 -2.537 -2.359 -2.294 -2.330 -2.616
0.05 0.59589 5.00000 5.0119786263 2.6141283512    5.010  2.030  3.6846  2.798    0  0.000  0.538     0.00     0.00 -1    -1e-30      0.00 6.087e-01 3.403e-01 9.053e-03 2.471e-03 2.244e-02 -1.000 5.101e-02 -0.306 -1.769 -2.262 -2.361 -2.418 -2.355 -2.374 -2.441 -2.859 -2.720 -2.591 -2.413 -2.348 -2.384 -2.670
0.05 0.59589 5.00000 5.0792264938 2.6144688129    5.078  2.045  3.6850  2.791    0  0.000  0.538     0.00     0.00 -1    -1e-30      0.00 6.087e-01 3.403e-01 9.053e-03 2.471e-03 2.244e-02 -1.000 5.101e-02 -0.341 -1.804 -2.296 -2.394 -2.451 -2.388 -2.407 -2.474 -2.892 -2.753 -2.624 -2.446 -2.382 -2.418 -2.703
0.05 0.59589 5.00000 5.2604088783 2.6153359413    5.260  2.081  3.6862  2.775    0  0.000  0.538     0.00     0.00 -1    -1e-30      0.00 6.087e-01 3.403e-01 9.053e-03 2.471e-03 2.244e-02 -1.000 5.101e-02 -0.432 -1.891 -2.379 -2.477 -2.534 -2.471 -2.490 -2.557 -2.974 -2.836 -2.706 -2.529 -2.465 -2.500 -2.785
0.05 0.59589 5.00000 5.2813673019 2.6154317856    5.281  2.085  3.6864  2.773    0  0.000  0.538     0.00     0.00 -1    -1e-30      0.00 6.087e-01 3.403e-01 9.053e-03 2.471e-03 2.244e-02 -1.000 5.101e-02 -0.443 -1.901 -2.389 -2.487 -2.543 -2.481 -2.499 -2.567 -2.984 -2.845 -2.716 -2.538 -2.474 -2.510 -2.795
0.05 0.59589 5.00000 5.3081574440 2.6155531406    5.307  2.090  3.6866  2.771    0  0.000  0.538     0.00     0.00 -1    -1e-30      0.00 6.087e-01 3.403e-01 9.053e-03 2.471e-03 2.244e-02 -1.000 5.101e-02 -0.455 -1.913 -2.400 -2.497 -2.554 -2.492 -2.510 -2.577 -2.995 -2.856 -2.727 -2.549 -2.485 -2.520 -2.806
0.05 0.59589 5.00000 5.4835081100 2.6163136959    5.483  2.133  3.6879  2.747    0  0.000  0.538     0.00     0.00 -1    -1e-30      0.00 6.087e-01 3.403e-01 9.053e-03 2.471e-03 2.244e-02 -1.000 5.101e-02 -0.564 -2.018 -2.501 -2.597 -2.654 -2.592 -2.610 -2.677 -3.094 -2.956 -2.826 -2.649 -2.585 -2.620 -2.905
0.05 0.59589 5.00000 5.6856498718 2.6171240807    5.686  2.179  3.6899  2.725    0  0.000  0.538     0.00     0.00 -1    -1e-30      0.00 6.087e-01 3.403e-01 9.053e-03 2.471e-03 2.244e-02 -1.000 5.101e-02 -0.677 -2.126 -2.603 -2.698 -2.754 -2.693 -2.711 -2.777 -3.194 -3.055 -2.926 -2.749 -2.686 -2.720 -3.005
0.05 0.59589 5.00000 5.7783412933 2.6174738407    5.778  2.202  3.6908  2.713    0  0.000  0.538     0.00     0.00 -1    -1e-30      0.00 6.087e-01 3.403e-01 9.053e-03 2.471e-03 2.244e-02 -1.000 5.101e-02 -0.736 -2.181 -2.655 -2.751 -2.806 -2.745 -2.763 -2.829 -3.246 -3.107 -2.978 -2.801 -2.739 -2.772 -3.057
0.05 0.59589 5.00000 5.8877906799 2.6178705692    5.888  2.241  3.6922  2.688    0  0.000  0.538     0.00     0.00 -1    -1e-30      0.00 6.087e-01 3.403e-01 9.053e-03 2.471e-03 2.244e-02 -1.000 5.101e-02 -0.831 -2.272 -2.742 -2.837 -2.892 -2.832 -2.849 -2.915 -3.332 -3.193 -3.064 -2.887 -2.825 -2.858 -3.143
0.05 0.59589 5.00000 6.0899319649 2.6185603142    6.089  2.318  3.6954  2.638    0  0.000  0.538     0.00     0.00 -1    -1e-30      0.00 6.087e-01 3.403e-01 9.053e-03 2.471e-03 2.244e-02 -1.000 5.101e-02 -1.025 -2.456 -2.916 -3.009 -3.063 -3.004 -3.021 -3.086 -3.503 -3.365 -3.236 -3.059 -2.998 -3.029 -3.315
0.05 0.59589 5.00000 6.2687525749 2.6191282272    6.267  2.397  3.6995  2.588    0  0.000  0.538     0.00     0.00 -1    -1e-30      0.00 6.087e-01 3.403e-01 9.053e-03 2.471e-03 2.244e-02 -1.000 5.101e-02 -1.223 -2.642 -3.090 -3.181 -3.234 -3.176 -3.193 -3.256 -3.673 -3.535 -3.406 -3.229 -3.170 -3.199 -3.485
0.05 0.59589 5.00000 6.2876834869 2.6191861629    6.286  2.406  3.7000  2.582    0  0.000  0.538     0.00     0.00 -1    -1e-30      0.00 6.087e-01 3.403e-01 9.053e-03 2.471e-03 2.244e-02 -1.000 5.101e-02 -1.246 -2.663 -3.110 -3.200 -3.253 -3.195 -3.212 -3.275 -3.692 -3.554 -3.425 -3.248 -3.189 -3.218 -3.504
0.05 0.59589 5.00000 6.3401679993 2.6193447113    6.338  2.431  3.7013  2.566    0  0.000  0.538     0.00     0.00 -1    -1e-30      0.00 6.087e-01 3.403e-01 9.053e-03 2.471e-03 2.244e-02 -1.000 5.101e-02 -1.307 -2.719 -3.163 -3.252 -3.304 -3.248 -3.264 -3.326 -3.744 -3.605 -3.476 -3.300 -3.242 -3.269 -3.555
0.05 0.59589 5.00000 6.4854354858 2.6197681427    6.481  2.496  3.7062  2.530    0  0.000  0.538     0.00     0.00 -1    -1e-30      0.00 6.087e-01 3.403e-01 9.053e-03 2.471e-03 2.244e-02 -1.000 5.101e-02 -1.470 -2.866 -3.296 -3.382 -3.433 -3.378 -3.394 -3.454 -3.872 -3.733 -3.604 -3.429 -3.372 -3.397 -3.683
0.05 0.59589 5.00000 6.6660780907 2.6202652454    6.660  2.567  3.7141  2.503    0  0.000  0.538     0.00     0.00 -1    -1e-30      0.00 6.087e-01 3.403e-01 9.053e-03 2.471e-03 2.244e-02 -1.000 5.101e-02 -1.647 -3.015 -3.424 -3.505 -3.552 -3.502 -3.517 -3.573 -3.990 -3.851 -3.722 -3.549 -3.496 -3.515 -3.801
0.05 0.59589 5.00000 6.8673563004 2.6207840443    6.859  2.633  3.7256  2.495    0  0.000  0.538     0.00     0.00 -1    -1e-30      0.00 6.087e-01 3.403e-01 9.053e-03 2.471e-03 2.244e-02 -1.000 5.101e-02 -1.813 -3.139 -3.517 -3.591 -3.633 -3.589 -3.603 -3.652 -4.068 -3.929 -3.800 -3.630 -3.584 -3.594 -3.879
0.05 0.59589 5.00000 7.0511612892 2.6212279797    7.042  2.687  3.7394  2.509    0  0.000  0.538     0.00     0.00 -1    -1e-30      0.00 6.087e-01 3.403e-01 9.053e-03 2.471e-03 2.244e-02 -1.000 5.101e-02 -1.946 -3.217 -3.559 -3.626 -3.663 -3.627 -3.641 -3.680 -4.095 -3.956 -3.826 -3.660 -3.624 -3.621 -3.906
0.05 0.59589 5.00000 7.0786905289 2.6212921143    7.070  2.694  3.7418  2.512    0  0.000  0.538     0.00     0.00 -1    -1e-30      0.00 6.087e-01 3.403e-01 9.053e-03 2.471e-03 2.244e-02 -1.000 5.101e-02 -1.966 -3.227 -3.562 -3.628 -3.663 -3.629 -3.642 -3.681 -4.097 -3.953 -3.825 -3.661 -3.626 -3.631 -3.908
0.05 0.59589 5.00000 7.0820851326 2.6212999821    7.073  2.695  3.7421  2.513    0  0.000  0.538     0.00     0.00 -1    -1e-30      0.00 6.087e-01 3.403e-01 9.053e-03 2.471e-03 2.244e-02 -1.000 5.101e-02 -1.968 -3.228 -3.562 -3.628 -3.663 -3.629 -3.642 -3.680 -4.097 -3.953 -3.824 -3.661 -3.626 -3.632 -3.908
0.05 0.59589 5.00000 7.1864409447 2.6215381622    7.178  2.724  3.7534  2.536    0  0.000  0.538     0.00     0.00 -1    -1e-30      0.00 6.087e-01 3.403e-01 9.053e-03 2.471e-03 2.244e-02 -1.000 5.101e-02 -2.039 -3.251 -3.553 -3.613 -3.643 -3.614 -3.627 -3.659 -4.086 -3.911 -3.793 -3.642 -3.611 -3.683 -3.899
0.05 0.59589 5.00000 7.2938652039 2.6217749119    7.286  2.753  3.7660  2.563    0  0.000  0.538     0.00     0.00 -1    -1e-30      0.00 6.087e-01 3.403e-01 9.053e-03 2.471e-03 2.244e-02 -1.000 5.101e-02 -2.113 -3.268 -3.536 -3.591 -3.617 -3.593 -3.605 -3.630 -4.070 -3.861 -3.755 -3.616 -3.591 -3.735 -3.884
0.05 0.59589 5.00000 7.4038372040 2.6220092773    7.397  2.784  3.7795  2.593    0  0.000  0.538     0.00     0.00 -1    -1e-30      0.00 6.087e-01 3.403e-01 9.053e-03 2.471e-03 2.244e-02 -1.000 5.101e-02 -2.189 -3.280 -3.512 -3.563 -3.583 -3.565 -3.576 -3.594 -4.048 -3.801 -3.708 -3.582 -3.564 -3.786 -3.862
0.05 0.59589 5.00000 7.5152378082 2.6222386360    7.509  2.816  3.7936  2.624    0  0.000  0.538     0.00     0.00 -1    -1e-30      0.00 6.087e-01 3.403e-01 9.053e-03 2.471e-03 2.244e-02 -1.000 5.101e-02 -2.270 -3.289 -3.487 -3.532 -3.550 -3.539 -3.547 -3.559 -4.027 -3.742 -3.662 -3.549 -3.538 -3.842 -3.843
0.05 0.59589 5.00000 7.6265645027 2.6224601269    7.621  2.850  3.8081  2.654    0  0.000  0.538     0.00     0.00 -1    -1e-30      0.00 6.087e-01 3.403e-01 9.053e-03 2.471e-03 2.244e-02 -1.000 5.101e-02 -2.355 -3.295 -3.461 -3.501 -3.515 -3.511 -3.517 -3.523 -4.007 -3.682 -3.617 -3.515 -3.511 -3.900 -3.824
0.05 0.59589 5.00000 7.7364554405 2.6226716042    7.731  2.886  3.8228  2.683    0  0.000  0.538     0.00     0.00 -1    -1e-30      0.00 6.087e-01 3.403e-01 9.053e-03 2.471e-03 2.244e-02 -1.000 5.101e-02 -2.445 -3.305 -3.441 -3.477 -3.490 -3.491 -3.494 -3.497 -3.985 -3.647 -3.586 -3.490 -3.491 -3.905 -3.803
0.05 0.59589 5.00000 7.8437280655 2.6228716373    7.839  2.923  3.8376  2.711    0  0.000  0.538     0.00     0.00 -1    -1e-30      0.00 6.087e-01 3.403e-01 9.053e-03 2.471e-03 2.244e-02 -1.000 5.101e-02 -2.539 -3.317 -3.426 -3.459 -3.472 -3.476 -3.478 -3.479 -3.966 -3.627 -3.565 -3.472 -3.476 -3.887 -3.784
0.05 0.59589 5.00000 7.9476194382 2.6230592728    7.944  2.962  3.8525  2.738    0  0.000  0.538     0.00     0.00 -1    -1e-30      0.00 6.087e-01 3.403e-01 9.053e-03 2.471e-03 2.244e-02 -1.000 5.101e-02 -2.636 -3.329 -3.412 -3.443 -3.455 -3.461 -3.462 -3.462 -3.949 -3.608 -3.546 -3.455 -3.461 -3.870 -3.766
0.05 0.59589 5.00000 8.0477485657 2.6232349873    8.044  3.002  3.8674  2.763    0  0.000  0.538     0.00     0.00 -1    -1e-30      0.00 6.087e-01 3.403e-01 9.053e-03 2.471e-03 2.244e-02 -1.000 5.101e-02 -2.736 -3.340 -3.400 -3.428 -3.440 -3.446 -3.447 -3.447 -3.933 -3.592 -3.529 -3.440 -3.446 -3.855 -3.751
0.05 0.59589 5.00000 8.0674486160 2.6232688427    8.064  3.011  3.8704  2.768    0  0.000  0.538     0.00     0.00 -1    -1e-30      0.00 6.087e-01 3.403e-01 9.053e-03 2.471e-03 2.244e-02 -1.000 5.101e-02 -2.756 -3.342 -3.398 -3.426 -3.437 -3.443 -3.444 -3.444 -3.930 -3.589 -3.526 -3.437 -3.443 -3.852 -3.748
0.05 0.59589 5.00000 8.1251955032 2.6233673096    8.121  3.034  3.8791  2.782    0  0.000  0.538     0.00     0.00 -1    -1e-30      0.00 6.087e-01 3.403e-01 9.053e-03 2.471e-03 2.244e-02 -1.000 5.101e-02 -2.816 -3.348 -3.393 -3.418 -3.429 -3.435 -3.436 -3.436 -3.921 -3.580 -3.517 -3.429 -3.435 -3.844 -3.739
0.05 0.59589 5.00000 8.2180461884 2.6235222816    8.214  3.075  3.8936  2.804    0  0.000  0.538     0.00     0.00 -1    -1e-30      0.00 6.087e-01 3.403e-01 9.053e-03 2.471e-03 2.244e-02 -1.000 5.101e-02 -2.917 -3.359 -3.386 -3.408 -3.418 -3.424 -3.424 -3.424 -3.909 -3.566 -3.503 -3.418 -3.424 -3.832 -3.727
0.05 0.59589 5.00000 8.3073959351 2.6236677170    8.303  3.116  3.9081  2.826    0  0.000  0.538     0.00     0.00 -1    -1e-30      0.00 6.087e-01 3.403e-01 9.053e-03 2.471e-03 2.244e-02 -1.000 5.101e-02 -3.019 -3.371 -3.383 -3.402 -3.409 -3.414 -3.414 -3.413 -3.898 -3.555 -3.491 -3.409 -3.414 -3.821 -3.716
0.05 0.59589 5.00000 8.3935089111 2.6238045692    8.388  3.157  3.9225  2.847    0  0.000  0.538     0.00     0.00 -1    -1e-30      0.00 6.087e-01 3.403e-01 9.053e-03 2.471e-03 2.244e-02 -1.000 5.101e-02 -3.122 -3.383 -3.382 -3.397 -3.401 -3.406 -3.405 -3.404 -3.888 -3.544 -3.479 -3.402 -3.406 -3.812 -3.706
0.05 0.59589 5.00000 8.4561738968 2.6239020824    8.451  3.188  3.9334  2.863    0  0.000  0.538     0.00     0.00 -1    -1e-30      0.00 6.087e-01 3.403e-01 9.053e-03 2.471e-03 2.244e-02 -1.000 5.101e-02 -3.199 -3.391 -3.382 -3.394 -3.396 -3.400 -3.399 -3.397 -3.880 -3.536 -3.471 -3.397 -3.400 -3.805 -3.698
0.05 0.59589 5.00000 8.5173425674 2.6239955425    8.511  3.219  3.9444  2.878    0  0.000  0.538     0.00     0.00 -1    -1e-30      0.00 6.087e-01 3.403e-01 9.053e-03 2.471e-03 2.244e-02 -1.000 5.101e-02 -3.277 -3.399 -3.383 -3.391 -3.392 -3.395 -3.394 -3.391 -3.874 -3.529 -3.463 -3.393 -3.395 -3.799 -3.692
0.05 0.59589 5.00000 8.5766563416 2.6240849495    8.570  3.250  3.9552  2.894    0  0.000  0.538     0.00     0.00 -1    -1e-30      0.00 6.087e-01 3.403e-01 9.053e-03 2.471e-03 2.244e-02 -1.000 5.101e-02 -3.355 -3.406 -3.384 -3.389 -3.388 -3.390 -3.388 -3.386 -3.868 -3.522 -3.456 -3.389 -3.390 -3.793 -3.685
0.05 0.59589 5.00000 8.6341934204 2.6241700649    8.627  3.281  3.9661  2.909    0  0.000  0.538     0.00     0.00 -1    -1e-30      0.00 6.087e-01 3.403e-01 9.053e-03 2.471e-03 2.244e-02 -1.000 5.101e-02 -3.432 -3.412 -3.385 -3.386 -3.383 -3.385 -3.382 -3.379 -3.860 -3.514 -3.448 -3.384 -3.384 -3.786 -3.678
0.05 0.59589 5.00000 8.6900348663 2.6242516041    8.683  3.312  3.9769  2.925    0  0.000  0.538     0.00     0.00 -1    -1e-30      0.00 6.087e-01 3.403e-01 9.053e-03 2.471e-03 2.244e-02 -1.000 5.101e-02 -3.509 -3.417 -3.386 -3.384 -3.377 -3.378 -3.375 -3.372 -3.852 -3.504 -3.438 -3.379 -3.378 -3.779 -3.670
0.05 0.59589 5.00000 8.7442636490 2.6243298054    8.737  3.342  3.9877  2.940    0  0.000  0.538     0.00     0.00 -1    -1e-30      0.00 6.087e-01 3.403e-01 9.053e-03 2.471e-03 2.244e-02 -1.000 5.101e-02 -3.585 -3.423 -3.387 -3.381 -3.371 -3.371 -3.368 -3.364 -3.842 -3.493 -3.426 -3.373 -3.371 -3.770 -3.660
0.05 0.59589 5.00000 8.7969789505 2.6244044304    8.789  3.372  3.9984  2.956    0  0.000  0.538     0.00     0.00 -1    -1e-30      0.00 6.087e-01 3.403e-01 9.053e-03 2.471e-03 2.244e-02 -1.000 5.101e-02 -3.659 -3.428 -3.388 -3.378 -3.366 -3.365 -3.360 -3.355 -3.832 -3.482 -3.414 -3.368 -3.364 -3.761 -3.650
0.05 0.59589 5.00000 8.8482732773 2.6244761944    8.840  3.401  4.0091  2.971    0  0.000  0.538     0.00     0.00 -1    -1e-30      0.00 6.087e-01 3.403e-01 9.053e-03 2.471e-03 2.244e-02 -1.000 5.101e-02 -3.734 -3.430 -3.386 -3.374 -3.358 -3.356 -3.350 -3.344 -3.819 -3.467 -3.399 -3.360 -3.355 -3.749 -3.637
0.05 0.59589 5.00000 8.8982238770 2.6245453358    8.890  3.431  4.0198  2.987    0  0.000  0.538     0.00     0.00 -1    -1e-30      0.00 6.087e-01 3.403e-01 9.053e-03 2.471e-03 2.244e-02 -1.000 5.101e-02 -3.807 -3.434 -3.386 -3.371 -3.352 -3.349 -3.343 -3.336 -3.808 -3.455 -3.386 -3.355 -3.348 -3.740 -3.626
0.05 0.59589 5.00000 8.9469032288 2.6246116161    8.938  3.460  4.0304  3.003    0  0.000  0.538     0.00     0.00 -1    -1e-30      0.00 6.087e-01 3.403e-01 9.053e-03 2.471e-03 2.244e-02 -1.000 5.101e-02 -3.879 -3.438 -3.386 -3.368 -3.347 -3.342 -3.335 -3.328 -3.798 -3.443 -3.373 -3.350 -3.341 -3.731 -3.616
0.05 0.59589 5.00000 8.9943904877 2.6246755123    8.986  3.488  4.0410  3.020    0  0.000  0.538     0.00     0.00 -1    -1e-30      0.00 6.087e-01 3.403e-01 9.053e-03 2.471e-03 2.244e-02 -1.000 5.101e-02 -3.950 -3.441 -3.386 -3.366 -3.342 -3.337 -3.329 -3.321 -3.789 -3.433 -3.362 -3.345 -3.336 -3.724 -3.607
0.05 0.59589 5.00000 9.0407676697 2.6247372627    9.032  3.516  4.0516  3.036    0  0.000  0.538     0.00     0.00 -1    -1e-30      0.00 6.087e-01 3.403e-01 9.053e-03 2.471e-03 2.244e-02 -1.000 5.101e-02 -4.020 -3.442 -3.384 -3.362 -3.335 -3.329 -3.321 -3.312 -3.778 -3.420 -3.349 -3.339 -3.328 -3.714 -3.596
0.05 0.59589 5.00000 9.0562076569 2.6247577667    9.048  3.525  4.0551  3.042    0  0.000  0.538     0.00     0.00 -1    -1e-30      0.00 6.087e-01 3.403e-01 9.053e-03 2.471e-03 2.244e-02 -1.000 5.101e-02 -4.043 -3.442 -3.383 -3.360 -3.333 -3.326 -3.318 -3.308 -3.774 -3.416 -3.345 -3.336 -3.325 -3.711 -3.592
0.05 0.59589 5.00000 9.0608167648 2.6247637272    9.053  3.528  4.0561  3.043    0  0.000  0.538     0.00     0.00 -1    -1e-30      0.00 6.087e-01 3.403e-01 9.053e-03 2.471e-03 2.244e-02 -1.000 5.101e-02 -4.050 -3.442 -3.382 -3.359 -3.332 -3.326 -3.317 -3.307 -3.773 -3.415 -3.343 -3.335 -3.324 -3.710 -3.591
0.05 0.59589 5.00000 9.1075649261 2.6248250008    9.100  3.555  4.0667  3.060    0  0.000  0.538     0.00     0.00 -1    -1e-30      0.00 6.087e-01 3.403e-01 9.053e-03 2.471e-03 2.244e-02 -1.000 5.101e-02 -4.118 -3.440 -3.378 -3.353 -3.323 -3.316 -3.307 -3.297 -3.761 -3.401 -3.329 -3.327 -3.315 -3.699 -3.579
0.05 0.59589 5.00000 9.1533031464 2.6248841286    9.146  3.582  4.0772  3.078    0  0.000  0.538     0.00     0.00 -1    -1e-30      0.00 6.087e-01 3.403e-01 9.053e-03 2.471e-03 2.244e-02 -1.000 5.101e-02 -4.186 -3.437 -3.372 -3.345 -3.313 -3.306 -3.296 -3.285 -3.748 -3.387 -3.314 -3.317 -3.304 -3.687 -3.566
0.05 0.59589 5.00000 9.1981439590 2.6249413490    9.191  3.609  4.0876  3.095    0  0.000  0.538     0.00     0.00 -1    -1e-30      0.00 6.087e-01 3.403e-01 9.053e-03 2.471e-03 2.244e-02 -1.000 5.101e-02 -4.251 -3.432 -3.364 -3.335 -3.302 -3.293 -3.283 -3.272 -3.733 -3.372 -3.299 -3.306 -3.292 -3.673 -3.551
0.05 0.59589 5.00000 9.2421522141 2.6249971390    9.235  3.634  4.0981  3.113    0  0.000  0.538     0.00     0.00 -1    -1e-30      0.00 6.087e-01 3.403e-01 9.053e-03 2.471e-03 2.244e-02 -1.000 5.101e-02 -4.316 -3.425 -3.354 -3.324 -3.289 -3.279 -3.269 -3.257 -3.717 -3.355 -3.281 -3.293 -3.278 -3.657 -3.535
0.05 0.59589 5.00000 9.2996072769 2.6250689030    9.292  3.668  4.1119  3.138    0  0.000  0.538     0.00     0.00 -1    -1e-30      0.00 6.087e-01 3.403e-01 9.053e-03 2.471e-03 2.244e-02 -1.000 5.101e-02 -4.399 -3.414 -3.339 -3.306 -3.269 -3.258 -3.247 -3.234 -3.693 -3.330 -3.256 -3.273 -3.257 -3.635 -3.511
0.05 0.59589 5.00000 9.3557996750 2.6251380444    9.349  3.700  4.1256  3.163    0  0.000  0.538     0.00     0.00 -1    -1e-30      0.00 6.087e-01 3.403e-01 9.053e-03 2.471e-03 2.244e-02 -1.000 5.101e-02 -4.479 -3.399 -3.321 -3.286 -3.246 -3.234 -3.223 -3.209 -3.666 -3.302 -3.228 -3.250 -3.233 -3.609 -3.484
0.05 0.59589 5.00000 9.4108333588 2.6252048016    9.404  3.731  4.1392  3.189    0  0.000  0.538     0.00     0.00 -1    -1e-30      0.00 6.087e-01 3.403e-01 9.053e-03 2.471e-03 2.244e-02 -1.000 5.101e-02 -4.557 -3.381 -3.300 -3.263 -3.220 -3.208 -3.196 -3.181 -3.636 -3.272 -3.198 -3.225 -3.207 -3.580 -3.454
0.05 0.59589 5.00000 9.4648180008 2.6252696514    9.458  3.761  4.1527  3.216    0  0.000  0.538     0.00     0.00 -1    -1e-30      0.00 6.087e-01 3.403e-01 9.053e-03 2.471e-03 2.244e-02 -1.000 5.101e-02 -4.632 -3.362 -3.277 -3.238 -3.193 -3.180 -3.166 -3.151 -3.605 -3.240 -3.166 -3.197 -3.178 -3.550 -3.423
0.05 0.59589 5.00000 9.5178451538 2.6253323555    9.512  3.790  4.1662  3.244    0  0.000  0.538     0.00     0.00 -1    -1e-30      0.00 6.087e-01 3.403e-01 9.053e-03 2.471e-03 2.244e-02 -1.000 5.101e-02 -4.704 -3.339 -3.252 -3.210 -3.162 -3.148 -3.134 -3.118 -3.570 -3.205 -3.130 -3.167 -3.147 -3.516 -3.389
0.05 0.59589 5.00000 9.5700149536 2.6253931522    9.564  3.817  4.1796  3.272    0  0.000  0.538     0.00     0.00 -1    -1e-30      0.00 6.087e-01 3.403e-01 9.053e-03 2.471e-03 2.244e-02 -1.000 5.101e-02 -4.773 -3.314 -3.223 -3.180 -3.130 -3.115 -3.100 -3.083 -3.534 -3.168 -3.093 -3.135 -3.113 -3.481 -3.352
0.05 0.59589 5.00000 9.6214323044 2.6254525185    9.616  3.843  4.1928  3.301    0  0.000  0.538     0.00     0.00 -1    -1e-30      0.00 6.087e-01 3.403e-01 9.053e-03 2.471e-03 2.244e-02 -1.000 5.101e-02 -4.838 -3.287 -3.193 -3.147 -3.094 -3.079 -3.063 -3.045 -3.495 -3.128 -3.054 -3.100 -3.077 -3.443 -3.313
0.05 0.59589 5.00000 9.6722002029 2.6255104542    9.667  3.868  4.2060  3.331    0  0.000  0.538     0.00     0.00 -1    -1e-30      0.00 6.087e-01 3.403e-01 9.053e-03 2.471e-03 2.244e-02 -1.000 5.101e-02 -4.901 -3.256 -3.159 -3.111 -3.056 -3.040 -3.024 -3.005 -3.453 -3.086 -3.013 -3.062 -3.038 -3.402 -3.271
0.05 0.59589 5.00000 9.7224416733 2.6255669594    9.717  3.892  4.2190  3.362    0  0.000  0.538     0.00     0.00 -1    -1e-30      0.00 6.087e-01 3.403e-01 9.053e-03 2.471e-03 2.244e-02 -1.000 5.101e-02 -4.960 -3.223 -3.124 -3.073 -3.016 -2.999 -2.982 -2.962 -3.408 -3.042 -2.971 -3.022 -2.997 -3.359 -3.227
0.05 0.59589 5.00000 9.7722749710 2.6256225109    9.767  3.914  4.2320  3.394    0  0.000  0.538     0.00     0.00 -1    -1e-30      0.00 6.087e-01 3.403e-01 9.053e-03 2.471e-03 2.244e-02 -1.000 5.101e-02 -5.015 -3.188 -3.085 -3.033 -2.973 -2.955 -2.937 -2.917 -3.361 -2.995 -2.927 -2.979 -2.952 -3.313 -3.180
0.05 0.59589 5.00000 9.8218584061 2.6256768703    9.817  3.935  4.2448  3.426    0  0.000  0.538     0.00     0.00 -1    -1e-30      0.00 6.087e-01 3.403e-01 9.053e-03 2.471e-03 2.244e-02 -1.000 5.101e-02 -5.068 -3.150 -3.044 -2.989 -2.927 -2.908 -2.890 -2.869 -3.312 -2.946 -2.880 -2.934 -2.906 -3.264 -3.130
0.05 0.59589 5.00000 9.8713617325 2.6257307529    9.867  3.954  4.2576  3.460    0  0.000  0.538     0.00     0.00 -1    -1e-30      0.00 6.087e-01 3.403e-01 9.053e-03 2.471e-03 2.244e-02 -1.000 5.101e-02 -5.116 -3.109 -3.000 -2.944 -2.879 -2.859 -2.839 -2.817 -3.259 -2.894 -2.831 -2.885 -2.856 -3.212 -3.077
0.05 0.59589 5.00000 9.9209833145 2.6257841587    9.917  3.973  4.2703  3.495    0  0.000  0.538     0.00     0.00 -1    -1e-30      0.00 6.087e-01 3.403e-01 9.053e-03 2.471e-03 2.244e-02 -1.000 5.101e-02 -5.162 -3.067 -2.954 -2.895 -2.828 -2.807 -2.787 -2.764 -3.203 -2.840 -2.778 -2.835 -2.804 -3.158 -3.021
0.05 0.59589 5.00000 9.9709806442 2.6258373260    9.967  3.989  4.2828  3.530    0  0.000  0.538     0.00     0.00 -1    -1e-30      0.00 6.087e-01 3.403e-01 9.053e-03 2.471e-03 2.244e-02 -1.000 5.101e-02 -5.204 -3.021 -2.906 -2.844 -2.774 -2.752 -2.731 -2.707 -3.145 -2.782 -2.721 -2.781 -2.749 -3.101 -2.963
0.05 0.59589 5.00000 10.0216741562 2.6258904934   10.018  4.005  4.2952  3.567    0  0.000  0.538     0.00     0.00 -1    -1e-30      0.00 6.087e-01 3.403e-01 9.053e-03 2.471e-03 2.244e-02 -1.000 5.101e-02 -5.242 -2.974 -2.855 -2.791 -2.718 -2.695 -2.673 -2.648 -3.084 -2.722 -2.660 -2.725 -2.692 -3.041 -2.902
0.05 0.59589 5.00000 10.0449657440 2.6259148121   10.041  4.011  4.3008  3.584    0  0.000  0.538     0.00     0.00 -1    -1e-30      0.00 6.087e-01 3.403e-01 9.053e-03 2.471e-03 2.244e-02 -1.000 5.101e-02 -5.257 -2.951 -2.831 -2.766 -2.692 -2.668 -2.646 -2.620 -3.055 -2.693 -2.631 -2.699 -2.665 -3.013 -2.874
0.05 0.59589 5.00000 10.0992927551 2.6259708405   10.096  4.024  4.3130  3.622    0  0.000  0.538     0.00     0.00 -1    -1e-30      0.00 6.087e-01 3.403e-01 9.053e-03 2.471e-03 2.244e-02 -1.000 5.101e-02 -5.290 -2.901 -2.779 -2.711 -2.633 -2.608 -2.585 -2.558 -2.992 -2.629 -2.567 -2.641 -2.605 -2.950 -2.810
0.05 0.59589 5.00000 10.1758060455 2.6260485649   10.173  4.039  4.3291  3.675    0  0.000  0.538     0.00     0.00 -1    -1e-30      0.00 6.087e-01 3.403e-01 9.053e-03 2.471e-03 2.244e-02 -1.000 5.101e-02 -5.327 -2.829 -2.702 -2.632 -2.549 -2.523 -2.498 -2.470 -2.901 -2.538 -2.474 -2.558 -2.520 -2.861 -2.719
0.05 0.59589 5.00000 10.1919460297 2.6260647774   10.189  4.041  4.3324  3.686    0  0.000  0.538     0.00     0.00 -1    -1e-30      0.00 6.087e-01 3.403e-01 9.053e-03 2.471e-03 2.244e-02 -1.000 5.101e-02 -5.334 -2.814 -2.686 -2.615 -2.532 -2.505 -2.480 -2.452 -2.882 -2.519 -2.454 -2.540 -2.502 -2.842 -2.700
0.05 0.59589 5.00000 10.2374391556 2.6261103153   10.234  4.046  4.3407  3.717    0  0.000  0.538     0.00     0.00 -1    -1e-30      0.00 6.087e-01 3.403e-01 9.053e-03 2.471e-03 2.244e-02 -1.000 5.101e-02 -5.344 -2.769 -2.640 -2.567 -2.482 -2.454 -2.428 -2.399 -2.828 -2.465 -2.400 -2.490 -2.450 -2.790 -2.647
0.05 0.59589 5.00000 10.3112106323 2.6261830330   10.309  4.046  4.3517  3.764    0  0.000  0.538     0.00     0.00 -1    -1e-30      0.00 6.087e-01 3.403e-01 9.053e-03 2.471e-03 2.244e-02 -1.000 5.101e-02 -5.345 -2.696 -2.564 -2.489 -2.401 -2.372 -2.346 -2.316 -2.744 -2.379 -2.313 -2.410 -2.369 -2.706 -2.562
0.05 0.59589 5.00000 10.4219160080 2.6262898445   10.420  4.029  4.3618  3.826    0  0.000  0.538     0.00     0.00 -1    -1e-30      0.00 6.087e-01 3.403e-01 9.053e-03 2.471e-03 2.244e-02 -1.000 5.101e-02 -5.303 -2.584 -2.451 -2.375 -2.284 -2.254 -2.227 -2.196 -2.623 -2.258 -2.190 -2.293 -2.251 -2.586 -2.442
0.05 0.59589 5.00000 10.5122013092 2.6263751984   10.510  4.005  4.3656  3.869    0  0.000  0.538     0.00     0.00 -1    -1e-30      0.00 6.087e-01 3.403e-01 9.053e-03 2.471e-03 2.244e-02 -1.000 5.101e-02 -5.243 -2.498 -2.363 -2.287 -2.195 -2.165 -2.138 -2.107 -2.534 -2.168 -2.101 -2.205 -2.162 -2.497 -2.352
0.05 0.59589 5.00000 10.5934658051 2.6264505386   10.592  3.979  4.3661  3.900    0  0.000  0.538     0.00     0.00 -1    -1e-30      0.00 6.087e-01 3.403e-01 9.053e-03 2.471e-03 2.244e-02 -1.000 5.101e-02 -5.178 -2.428 -2.294 -2.217 -2.125 -2.095 -2.068 -2.037 -2.464 -2.099 -2.031 -2.135 -2.092 -2.427 -2.283
0.05 0.59589 5.00000 10.6780748367 2.6265275478   10.677  3.953  4.3647  3.925    0  0.000  0.538     0.00     0.00 -1    -1e-30      0.00 6.087e-01 3.403e-01 9.053e-03 2.471e-03 2.244e-02 -1.000 5.101e-02 -5.111 -2.369 -2.234 -2.158 -2.067 -2.037 -2.010 -1.979 -2.407 -2.042 -1.974 -2.076 -2.034 -2.369 -2.225
0.05 0.59589 5.00000 10.7802362442 2.6266186237   10.780  3.929  4.3627  3.944    0  0.000  0.538     0.00     0.00 -1    -1e-30      0.00 6.087e-01 3.403e-01 9.053e-03 2.471e-03 2.244e-02 -1.000 5.101e-02 -5.053 -2.323 -2.189 -2.113 -2.022 -1.993 -1.966 -1.935 -2.363 -1.999 -1.931 -2.032 -1.989 -2.325 -2.181
0.05 0.59589 5.00000 11.0337247849 2.6268365383   11.034  3.929  4.3629  3.956    0  0.000  0.538     0.00     0.00 -1    -1e-30      0.00 6.087e-01 3.403e-01 9.053e-03 2.471e-03 2.244e-02 -1.000 5.101e-02 -5.051 -2.319 -2.185 -2.109 -2.018 -1.988 -1.962 -1.931 -2.359 -1.995 -1.928 -2.028 -1.985 -2.321 -2.177
0.05 0.59589 5.00000 11.2300653458 2.6269974709   11.230  3.935  4.3639  3.962    0  0.000  0.538     0.00     0.00 -1 -1.12e-30      0.00 6.087e-01 3.403e-01 9.053e-03 2.471e-03 2.244e-02 -1.000 5.101e-02 -5.066 -2.327 -2.193 -2.117 -2.026 -1.996 -1.969 -1.938 -2.366 -2.002 -1.934 -2.035 -1.993 -2.328 -2.185
0.05 0.59589 5.00000 11.7953929901 2.6274268627   11.795  4.011  4.3790  3.966    0  0.000  0.538     0.00     0.00 -1 -1.54e-30      0.00 6.087e-01 3.403e-01 9.054e-03 2.471e-03 2.244e-02 -1.000 5.101e-02 -5.258 -2.419 -2.283 -2.204 -2.110 -2.078 -2.051 -2.019 -2.445 -2.078 -2.009 -2.119 -2.075 -2.408 -2.263
0.05 0.59589 5.00000 12.0224828720 2.6275863647   12.021  4.041  4.3850  3.969    0  0.000  0.538     0.00     0.00 -1 -1.75e-30      0.00 6.087e-01 3.403e-01 9.054e-03 2.471e-03 2.244e-02 -1.000 5.101e-02 -5.333 -2.455 -2.317 -2.237 -2.142 -2.110 -2.082 -2.050 -2.475 -2.107 -2.038 -2.152 -2.107 -2.439 -2.294
0.05 0.59589 5.00000 12.1816511154 2.6276938915   12.180  4.061  4.3888  3.970    0  0.000  0.539     0.00     0.00 -1 -1.26e-28      0.00 6.087e-01 3.403e-01 9.064e-03 2.472e-03 2.244e-02 -1.000 5.101e-02 -5.382 -2.479 -2.341 -2.261 -2.164 -2.132 -2.104 -2.072 -2.497 -2.128 -2.058 -2.174 -2.129 -2.460 -2.315
0.05 0.59589 5.00000 13.5042772293 2.6284770966   13.496  4.217  4.4261  4.007    0  0.000  0.543     0.00     0.00 -1 -5.34e-14      0.00 6.087e-01 3.403e-01 9.144e-03 2.474e-03 2.244e-02 -1.000 5.101e-02 -5.774 -2.779 -2.671 -2.629 -2.641 -2.723 -2.733 -3.029 -4.163 -6.709 -6.943 -2.634 -2.704 -3.391 -4.094
0.05 0.59589 5.00000 14.0000000000 2.6287269592   13.990  4.279  4.4454  4.038    0  0.000  0.545     0.00     0.00 -1 -8.39e-09      0.00 6.087e-01 3.403e-01 9.173e-03 2.474e-03 2.244e-02 -1.000 5.101e-02 -5.928 -2.790 -2.672 -2.618 -2.612 -2.686 -2.684 -2.975 -4.151 -6.687 -6.912 -2.608 -2.663 -3.383 -4.083
0.05 0.59589 5.00000 14.1540794373 2.6288006306   14.145  4.298  4.4515  4.049    0  0.000  0.545     0.00     0.00 -1 -9.67e-09      0.00 6.087e-01 3.403e-01 9.173e-03 2.474e-03 2.244e-02 -1.000 5.101e-02 -5.975 -2.794 -2.674 -2.618 -2.609 -2.683 -2.679 -2.966 -4.146 -6.678 -6.900 -2.606 -2.658 -3.379 -4.077
0.05 0.59589 5.00000 14.5625715256 2.6289873123   14.555  4.341  4.4676  4.082    0  0.000  0.545     0.00     0.00 -1 -1.36e-08      0.00 6.087e-01 3.403e-01 9.173e-03 2.474e-03 2.244e-02 -1.000 5.101e-02 -6.083 -2.820 -2.704 -2.655 -2.662 -2.752 -2.752 -3.014 -4.128 -6.650 -6.858 -2.655 -2.725 -3.373 -4.060
0.05 0.59589 5.00000 15.1400270462 2.6292312145   15.135  4.380  4.4823  4.120    0  0.000  0.545     0.00     0.00 -1 -1.84e-08      0.00 6.087e-01 3.403e-01 9.173e-03 2.474e-03 2.244e-02 -1.000 5.101e-02 -6.179 -2.840 -2.728 -2.685 -2.706 -2.813 -2.816 -3.055 -4.108 -6.622 -6.816 -2.698 -2.782 -3.364 -4.040
0.05 0.59589 5.00000 15.9261932373 2.6295311451   15.925  4.428  4.4928  4.135    0  0.000  0.545     0.00     0.00 -1 -2.39e-08      0.00 6.087e-01 3.403e-01 9.173e-03 2.474e-03 2.244e-02 -1.000 5.101e-02 -6.300 -2.908 -2.799 -2.760 -2.792 -2.909 -2.915 -3.138 -4.149 -6.655 -6.841 -2.782 -2.877 -3.412 -4.080
0.05 0.59589 5.00000 16.0000000000 2.6295573711   15.998  4.434  4.4937  4.135    0  0.000  0.545     0.00     0.00 -1 -2.47e-08      0.00 6.087e-01 3.403e-01 9.173e-03 2.474e-03 2.244e-02 -1.000 5.101e-02 -6.315 -2.918 -2.809 -2.771 -2.803 -2.922 -2.928 -3.150 -4.156 -6.662 -6.847 -2.793 -2.889 -3.420 -4.088
0.05 0.59589 5.00000 18.0000000000 2.6301794052   17.983  4.579  4.5152  4.127    0  0.000  0.545     0.00     0.00 -1  -5.1e-08      0.00 6.087e-01 3.403e-01 9.173e-03 2.474e-03 2.244e-02 -1.000 5.101e-02 -6.677 -3.139 -3.032 -2.998 -3.036 -3.155 -3.167 -3.376 -4.345 -6.849 -7.031 -3.025 -3.125 -3.624 -4.278
0.05 0.59589 5.00000 20.0000000000 2.6306605339   19.985  4.704  4.5332  4.119    0  0.000  0.545     0.00     0.00 -1 -9.37e-08      0.00 6.087e-01 3.403e-01 9.173e-03 2.474e-03 2.244e-02 -1.000 5.101e-02 -6.991 -3.324 -3.218 -3.184 -3.221 -3.334 -3.351 -3.557 -4.513 -7.018 -7.204 -3.212 -3.308 -3.805 -4.447
0.05 0.59589 5.00000 24.0000000000 2.6313521862   23.710  4.895  4.5585  4.104    0  0.000  0.545     0.00     0.00 -1 -2.22e-07      0.00 6.087e-01 3.403e-01 9.173e-03 2.474e-03 2.244e-02 -1.000 5.101e-02 -7.467 -3.612 -3.505 -3.473 -3.511 -3.618 -3.642 -3.850 -4.816 -7.321 -7.490 -3.503 -3.599 -4.106 -4.749
0.05 0.59589 5.00000 30.0000000000 2.6320033073   29.915  5.145  4.5907  4.083    0  0.000  0.545     0.00     0.00 -1 -6.51e-07      0.00 6.087e-01 3.403e-01 9.173e-03 2.474e-03 2.244e-02 -1.000 5.101e-02 -8.094 -3.982 -3.873 -3.843 -3.887 -3.998 -4.029 -4.253 -5.303 -7.806 -7.894 -3.881 -3.984 -4.544 -5.234
0.05 0.59589 5.00000 35.0000000000 2.6323544979   34.855  5.297  4.6075  4.065    0  0.000  0.545     0.00     0.00 -1 -1.19e-06      0.00 6.087e-01 3.403e-01 9.173e-03 2.474e-03 2.244e-02 -1.000 5.101e-02 -8.472 -4.228 -4.118 -4.088 -4.133 -4.247 -4.279 -4.508 -5.571 -8.070 -8.138 -4.129 -4.234 -4.803 -5.501
0.05 0.59589 5.00000 40.0000000000 2.6326069832   39.786  5.422  4.6199  4.048    0  0.000  0.545     0.00     0.00 -1 -1.91e-06      0.00 6.087e-01 3.403e-01 9.173e-03 2.474e-03 2.244e-02 -1.000 5.101e-02 -8.784 -4.446 -4.335 -4.303 -4.348 -4.464 -4.495 -4.724 -5.768 -8.262 -8.336 -4.346 -4.451 -5.008 -5.699
0.05 0.59589 5.00000 45.0000000000 2.6327958107   44.687  5.527  4.6291  4.030    0  0.000  0.545     0.00     0.00 -1  -2.8e-06      0.00 6.087e-01 3.403e-01 9.173e-03 2.474e-03 2.244e-02 -1.000 5.101e-02 -9.046 -4.637 -4.525 -4.494 -4.538 -4.656 -4.685 -4.914 -5.945 -8.434 -8.514 -4.537 -4.643 -5.191 -5.876
0.05 0.59589 5.00000 50.0000000000 2.6329421997   49.527  5.617  4.6355  4.010    0  0.000  0.545     0.00     0.00 -1  -3.9e-06      0.00 6.087e-01 3.403e-01 9.173e-03 2.474e-03 2.244e-02 -1.000 5.101e-02 -9.272 -4.813 -4.701 -4.669 -4.713 -4.832 -4.861 -5.089 -6.110 -8.597 -8.680 -4.712 -4.819 -5.361 -6.042
0.05 0.59589 5.00000 55.0000038147 2.6330580711   54.313  5.695  4.6406  3.992    0  0.000  0.545     0.00     0.00 -1 -5.14e-06      0.00 6.087e-01 3.403e-01 9.173e-03 2.474e-03 2.244e-02 -1.000 5.101e-02 -9.468 -4.971 -4.858 -4.826 -4.870 -4.990 -5.018 -5.247 -6.260 -8.744 -8.830 -4.870 -4.977 -5.514 -6.192
0.05 0.59589 5.00000 60.0000000000 2.6331522465   59.096  5.765  4.6440  3.972    0  0.000  0.545     0.00     0.00 -1 -6.54e-06      0.00 6.087e-01 3.403e-01 9.173e-03 2.474e-03 2.244e-02 -1.000 5.101e-02 -9.644 -5.121 -5.008 -4.976 -5.020 -5.140 -5.168 -5.397 -6.405 -8.888 -8.976 -5.020 -5.127 -5.662 -6.338
0.05 0.59589 5.00000 65.0000000000 2.6332299709   63.883  5.828  4.6459  3.951    0  0.000  0.545     0.00     0.00 -1 -8.07e-06      0.00 6.087e-01 3.403e-01 9.173e-03 2.474e-03 2.244e-02 -1.000 5.101e-02 -9.801 -5.263 -5.150 -5.118 -5.162 -5.282 -5.310 -5.539 -6.545 -9.027 -9.116 -5.162 -5.270 -5.803 -6.478
0.05 0.59589 5.00000 70.0000000000 2.6332950592   68.548  5.884  4.6467  3.928    0  0.000  0.545     0.00     0.00 -1 -9.78e-06      0.00 6.087e-01 3.403e-01 9.173e-03 2.474e-03 2.244e-02 -1.000 5.101e-02 -9.941 -5.402 -5.290 -5.260 -5.309 -5.434 -5.463 -5.697 -6.713 -9.199 -9.291 -5.309 -5.421 -5.965 -6.646
0.05 0.59589 5.00000 75.0000000000 2.6333501339   73.212  5.936  4.6475  3.909    0  0.000  0.545     0.00     0.00 -1 -1.16e-05      0.00 6.087e-01 3.403e-01 9.173e-03 2.474e-03 2.244e-02 -1.000 5.101e-02 -10.069 -5.533 -5.426 -5.401 -5.462 -5.597 -5.627 -5.874 -6.915 -9.409 -9.508 -5.461 -5.583 -6.151 -6.847
0.05 0.59589 5.00000 80.0000000000 2.6333973408   77.881  5.982  4.6476  3.890    0  0.000  0.545     0.00     0.00 -1 -1.35e-05      0.00 6.087e-01 3.403e-01 9.173e-03 2.474e-03 2.244e-02 -1.000 5.101e-02 -10.186 -5.658 -5.554 -5.535 -5.607 -5.750 -5.783 -6.041 -7.108 -9.610 -9.714 -5.605 -5.736 -6.329 -7.039
0.05 0.59589 5.00000 90.0000000000 2.6334741116   87.142  6.066  4.6488  3.859    0  0.000  0.545     0.00     0.00 -1 -1.78e-05      0.00 6.087e-01 3.403e-01 9.173e-03 2.474e-03 2.244e-02 -1.000 5.101e-02 -10.395 -5.874 -5.777 -5.767 -5.857 -6.017 -6.053 -6.331 -7.442 -9.958 -10.071 -5.854 -6.002 -6.636 -7.371
0.05 0.59589 5.00000 95.0000000000 2.6335055828   91.745  6.104  4.6491  3.845    0  0.000  0.545     0.00     0.00 -1 -2.01e-05      0.00 6.087e-01 3.403e-01 9.173e-03 2.474e-03 2.244e-02 -1.000 5.101e-02 -10.490 -5.974 -5.879 -5.874 -5.971 -6.138 -6.175 -6.461 -7.588 -10.109 -10.226 -5.968 -6.122 -6.773 -7.517
0.05 0.59589 5.00000 100.0000000000 2.6335334778   96.327  6.139  4.6494  3.832    0  0.000  0.545     0.00     0.00 -1 -2.25e-05      0.00 6.087e-01 3.403e-01 9.173e-03 2.474e-03 2.244e-02 -1.000 5.101e-02 -10.578 -6.070 -5.978 -5.977 -6.082 -6.255 -6.294 -6.587 -7.729 -10.252 -10.373 -6.078 -6.239 -6.906 -7.658
0.05 0.59589 5.00000 120.0000000000 2.6336188316  114.619  6.263  4.6516  3.793    0  0.000  0.545     0.00     0.00 -1 -3.38e-05      0.00 6.087e-01 3.403e-01 9.173e-03 2.474e-03 2.244e-02 -1.000 5.101e-02 -10.886 -6.397 -6.316 -6.331 -6.465 -6.661 -6.703 -7.024 -8.219 -10.750 -10.886 -6.459 -6.642 -7.369 -8.148
0.05 0.59589 5.00000 150.0000000000 2.6336188316  141.559  6.405  4.6553  3.757    0  0.000  0.529     0.00     0.00 -1 -5.21e-05      0.00 6.083e-01 3.406e-01 8.873e-03 2.928e-03 2.233e-02 -1.000 5.104e-02 -11.242 -6.767 -6.697 -6.729 -6.891 -7.110 -7.154 -7.500 -8.722 -11.256 -11.420 -6.883 -7.087 -7.859 -8.651
0.05 0.59589 5.00000 200.0000152588 2.6336188316  186.170  6.591  4.6596  3.707    0  0.000  0.191     0.00     0.00 -1 -9.27e-05      0.00 5.833e-01 3.626e-01 3.089e-03 1.105e-02 2.191e-02 -1.000 5.407e-02 -11.708 -7.266 -7.211 -7.269 -7.470 -7.719 -7.765 -8.143 -9.382 -11.919 -12.124 -7.460 -7.691 -8.513 -9.311
0.05 0.59589 5.00000 250.0000000000 2.6336188316  230.725  6.726  4.6562  3.652    0  0.000  0.161     0.00     0.00 -1 -0.000138      0.00 5.667e-01 3.698e-01 3.381e-03 1.431e-02 2.466e-02 -1.000 6.344e-02 -12.044 -7.675 -7.629 -7.699 -7.916 -8.176 -8.222 -8.615 -9.871 -12.414 -12.635 -7.902 -8.145 -8.997 -9.800
0.05 0.59589 5.00000 300.0000305176 2.6336188316  276.148  6.819  4.6739  3.708    0  0.000  0.206     0.00     0.00 -1 -0.000173      0.00 5.950e-01 3.534e-01 3.039e-03 1.289e-02 1.881e-02 -1.000 5.159e-02 -12.277 -7.812 -7.772 -7.854 -8.090 -8.372 -8.415 -8.820 -10.084 -12.651 -12.885 -8.079 -8.339 -9.194 -10.011
0.05 0.59589 5.00000 350.0000000000 2.6336188316  319.797  6.909  4.6785  3.700    0  0.000  0.122     0.00     0.00 -1 -0.000222      0.00 5.792e-01 3.675e-01 1.736e-03 1.496e-02 1.888e-02 -1.000 5.327e-02 -12.503 -8.038 -8.004 -8.097 -8.349 -8.645 -8.687 -9.103 -10.380 -12.959 -13.199 -8.338 -8.610 -9.481 -10.306
0.05 0.59589 5.00000 350.0005493164 2.6336188316  316.797  6.905  4.6716  3.673    0  0.000  0.112     0.00     0.00 -1  -0.00016      0.00 5.771e-01 3.698e-01 1.591e-03 1.581e-02 1.809e-02 -1.000 5.315e-02 -12.491 -7.950 -7.892 -7.947 -8.145 -8.395 -8.440 -8.813 -10.043 -12.589 -12.798 -8.137 -8.368 -9.172 -9.971
0.05 0.59589 5.00000 350.0027770996 2.6336188316  299.383  6.878  4.6458  3.571    0  0.000  0.037     0.00     0.00 -1 -3.99e-05      0.00 5.569e-01 3.902e-01 4.755e-04 2.098e-02 1.407e-02 -1.000 5.282e-02 -12.426 -7.889 -7.776 -7.743 -7.787 -7.908 -7.935 -8.164 -9.169 -11.652 -11.740 -7.788 -7.895 -8.427 -9.102
0.05 0.59589 5.00000 350.0041809082 2.6336188316  283.180  6.854  4.6303  3.510    0  0.000  0.053     0.00     0.00 -1 -1.64e-05      0.00 5.358e-01 4.117e-01 6.269e-04 2.323e-02 1.127e-02 -1.000 5.244e-02 -12.365 -7.946 -7.834 -7.802 -7.847 -7.965 -7.994 -8.223 -9.251 -11.741 -11.821 -7.846 -7.952 -8.499 -9.183
0.05 0.59589 5.00000 350.0052490234 2.6336188316  267.582  6.830  4.6188  3.463    0  0.000  0.068     0.00     0.00 -1 -8.37e-06      0.00 5.153e-01 4.325e-01 7.379e-04 2.469e-02 9.447e-03 -1.000 5.219e-02 -12.305 -7.975 -7.864 -7.833 -7.878 -7.993 -8.024 -8.253 -9.299 -11.793 -11.867 -7.875 -7.980 -8.539 -9.230
0.05 0.59589 5.00000 350.0060424805 2.6336188316  253.279  6.807  4.6100  3.427    0  0.000  0.084     0.00     0.00 -1 -4.93e-06      0.00 4.958e-01 4.522e-01 8.216e-04 2.572e-02 8.152e-03 -1.000 5.204e-02 -12.248 -7.749 -7.640 -7.737 -7.678 -7.790 -7.839 -8.020 -9.243 -9.923 -10.843 -7.680 -7.791 -8.219 -8.973
0.05 0.59589 5.00000 350.0067138672 2.6336188316  239.816  6.785  4.6029  3.396    0  0.000  0.099     0.00     0.00 -1  -3.2e-06      0.00 4.767e-01 4.713e-01 8.897e-04 2.650e-02 7.170e-03 -1.000 5.192e-02 -12.192 -7.694 -7.584 -7.681 -7.622 -7.735 -7.783 -7.964 -9.188 -9.867 -10.788 -7.624 -7.735 -8.164 -8.917
0.05 0.59589 5.00000 350.0072631836 2.6336188316  226.777  6.762  4.5969  3.371    0  0.000  0.116     0.00     0.00 -1  -2.2e-06      0.00 4.573e-01 4.909e-01 9.484e-04 2.712e-02 6.373e-03 -1.000 5.181e-02 -12.135 -7.637 -7.527 -7.625 -7.565 -7.678 -7.726 -7.907 -9.131 -9.810 -10.731 -7.567 -7.679 -8.107 -8.860
0.05 0.59589 5.00000 350.0077514648 2.6336188316  214.777  6.740  4.5918  3.349    0  0.000  0.134     0.00     0.00 -1 -1.57e-06      0.00 4.389e-01 5.094e-01 9.973e-04 2.759e-02 5.772e-03 -1.000 5.167e-02 -12.080 -7.582 -7.472 -7.569 -7.510 -7.623 -7.671 -7.852 -9.076 -9.755 -10.676 -7.512 -7.623 -8.052 -8.805
0.05 0.59589 5.00000 350.0081787109 2.6336188316  203.432  6.718  4.5875  3.330    0  0.000  0.154     0.00     0.00 -1 -1.18e-06      0.00 4.207e-01 5.276e-01 1.040e-03 2.796e-02 5.291e-03 -1.000 5.163e-02 -12.025 -7.527 -7.417 -7.515 -7.455 -7.568 -7.616 -7.797 -9.021 -9.700 -10.621 -7.457 -7.569 -7.997 -8.750
0.05 0.59589 5.00000 350.0085449219 2.6336188316  192.670  6.696  4.5838  3.314    0  0.000  0.175     0.00     0.00 -1 -8.99e-07      0.00 4.025e-01 5.459e-01 1.078e-03 2.826e-02 4.900e-03 -1.000 5.158e-02 -11.971 -7.472 -7.363 -7.460 -7.400 -7.513 -7.561 -7.742 -8.966 -9.645 -10.566 -7.402 -7.514 -7.942 -8.695
0.05 0.59589 5.00000 350.0089111328 2.6336188316  182.438  6.674  4.5805  3.299    0  0.000  0.199     0.00     0.00 -1 -7.09e-07      0.00 3.848e-01 5.636e-01 1.112e-03 2.849e-02 4.593e-03 -1.000 5.154e-02 -11.916 -7.418 -7.308 -7.405 -7.346 -7.459 -7.507 -7.688 -8.912 -9.591 -10.512 -7.348 -7.459 -7.888 -8.641
0.05 0.59589 5.00000 350.0092163086 2.6336188316  172.756  6.653  4.5779  3.286    0  0.000  0.224     0.00     0.00 -1  -5.7e-07      0.00 3.673e-01 5.812e-01 1.143e-03 2.868e-02 4.341e-03 -1.000 5.149e-02 -11.862 -7.364 -7.254 -7.351 -7.292 -7.405 -7.453 -7.634 -8.857 -9.537 -10.458 -7.294 -7.405 -7.834 -8.587
0.05 0.59589 5.00000 350.0095214844 2.6336188316  162.033  6.627  4.5753  3.274    0  0.000  0.256     0.00     0.00 -1 -7.14e-07      0.00 3.472e-01 6.013e-01 1.174e-03 2.885e-02 4.101e-03 -1.000 5.149e-02 -11.798 -7.299 -7.190 -7.287 -7.227 -7.340 -7.388 -7.569 -8.793 -9.472 -10.393 -7.230 -7.341 -7.769 -8.523
0.05 0.59589 5.00000 350.0096130371 2.6336188316  155.137  6.606  4.5755  3.277    0  0.000  0.269     0.00     0.00 -1 -6.37e-07      0.00 3.382e-01 6.104e-01 1.184e-03 2.893e-02 3.998e-03 -1.000 5.144e-02 -11.745 -7.246 -7.137 -7.234 -7.174 -7.287 -7.335 -7.516 -8.740 -9.419 -10.340 -7.176 -7.288 -7.716 -8.469
0.05 0.59589 5.00000 350.0097351074 2.6336188316  147.469  6.580  4.5738  3.274    0  0.000  0.283     0.00     0.00 -1 -5.54e-07      0.00 3.303e-01 6.182e-01 1.195e-03 2.897e-02 3.931e-03 -1.000 5.148e-02 -11.681 -7.183 -7.073 -7.170 -7.111 -7.224 -7.272 -7.453 -8.676 -9.356 -10.277 -7.113 -7.224 -7.653 -8.406
0.05 0.59589 5.00000 350.0098571777 2.6336188316  140.166  6.555  4.5722  3.271    0  0.000  0.297     0.00     0.00 -1 -4.94e-07      0.00 3.223e-01 6.262e-01 1.206e-03 2.902e-02 3.866e-03 -1.000 5.143e-02 -11.617 -7.118 -7.009 -7.106 -7.047 -7.159 -7.208 -7.389 -8.612 -9.292 -10.213 -7.049 -7.160 -7.589 -8.342
0.05 0.59589 5.00000 350.0099792480 2.6336188316  132.867  6.528  4.5709  3.269    0  0.000  0.315     0.00     0.00 -1 -5.35e-07      0.00 3.133e-01 6.352e-01 1.218e-03 2.906e-02 3.806e-03 -1.000 5.143e-02 -11.550 -7.051 -6.942 -7.039 -6.979 -7.092 -7.140 -7.321 -8.545 -9.224 -10.145 -6.981 -7.093 -7.521 -8.274
0.05 0.59589 5.00000 350.0101013184 2.6336188316  126.078  6.501  4.5699  3.269    0  0.000  0.333     0.00     0.00 -1 -5.81e-07      0.00 3.044e-01 6.442e-01 1.229e-03 2.910e-02 3.749e-03 -1.000 5.143e-02 -11.483 -6.984 -6.875 -6.972 -6.912 -7.025 -7.073 -7.254 -8.478 -9.157 -10.078 -6.915 -7.026 -7.454 -8.208
0.05 0.59589 5.00000 350.0102233887 2.6336188316  117.079  6.462  4.5699  3.276    0  0.000  0.358     0.00     0.00 -1 -5.08e-07      0.00 2.925e-01 6.561e-01 1.239e-03 2.914e-02 3.686e-03 -1.000 5.142e-02 -11.384 -6.886 -6.776 -6.874 -6.814 -6.927 -6.975 -7.156 -8.380 -9.059 -9.980 -6.816 -6.928 -7.356 -8.109
0.05 0.59589 5.00000 350.0103454590 2.6336188316  108.418  6.420  4.5678  3.276    0  0.000  0.374     0.00     0.00 -1 -4.25e-07      0.00 2.845e-01 6.641e-01 1.250e-03 2.916e-02 3.648e-03 -1.000 5.140e-02 -11.281 -6.782 -6.673 -6.770 -6.710 -6.823 -6.871 -7.052 -8.276 -8.955 -9.876 -6.712 -6.824 -7.252 -8.005
0.05 0.59589 5.00000 350.0104675293 2.6336188316  100.578  6.379  4.5657  3.276    0  0.000  0.389     0.00     0.00 -1 -3.57e-07      0.00 2.765e-01 6.720e-01 1.260e-03 2.918e-02 3.615e-03 -1.000 5.143e-02 -11.178 -6.680 -6.570 -6.668 -6.608 -6.721 -6.769 -6.950 -8.174 -8.853 -9.774 -6.610 -6.722 -7.150 -7.903
0.05 0.59589 5.00000 350.0105895996 2.6336188316   93.290  6.338  4.5634  3.276    0  0.000  0.405     0.00     0.00 -1 -2.99e-07      0.00 2.687e-01 6.799e-01 1.270e-03 2.920e-02 3.587e-03 -1.000 5.143e-02 -11.075 -6.577 -6.467 -6.564 -6.505 -6.618 -6.666 -6.847 -8.071 -8.750 -9.671 -6.507 -6.618 -7.047 -7.800
0.05 0.59589 5.00000 350.0106811523 2.6336188316   86.684  6.298  4.5611  3.275    0  0.000  0.420     0.00     0.00 -1 -2.55e-07      0.00 2.608e-01 6.878e-01 1.280e-03 2.920e-02 3.563e-03 -1.000 5.143e-02 -10.974 -6.476 -6.366 -6.464 -6.404 -6.517 -6.565 -6.746 -7.970 -8.649 -9.570 -6.406 -6.517 -6.946 -7.699
0.05 0.59589 5.00000 350.0108032227 2.6336188316   80.264  6.255  4.5585  3.273    0  0.000  0.436     0.00     0.00 -1 -2.13e-07      0.00 2.524e-01 6.961e-01 1.290e-03 2.921e-02 3.540e-03 -1.000 5.143e-02 -10.868 -6.370 -6.260 -6.358 -6.298 -6.411 -6.459 -6.640 -7.864 -8.543 -9.464 -6.300 -6.412 -6.840 -7.593
0.05 0.59589 5.00000 350.0109252930 2.6336188316   74.461  6.214  4.5563  3.273    0  0.000  0.452     0.00     0.00 -1 -1.78e-07      0.00 2.443e-01 7.043e-01 1.301e-03 2.922e-02 3.520e-03 -1.000 5.140e-02 -10.764 -6.266 -6.156 -6.254 -6.194 -6.307 -6.355 -6.536 -7.760 -8.439 -9.360 -6.196 -6.308 -6.736 -7.489
0.05 0.59589 5.00000 350.0110473633 2.6336188316   69.074  6.172  4.5541  3.273    0  0.000  0.468     0.00     0.00 -1 -1.49e-07      0.00 2.360e-01 7.126e-01 1.311e-03 2.922e-02 3.504e-03 -1.000 5.137e-02 -10.660 -6.162 -6.052 -6.149 -6.090 -6.203 -6.251 -6.432 -7.656 -8.335 -9.256 -6.092 -6.203 -6.632 -7.385
0.05 0.59589 5.00000 350.0111694336 2.6336188316   64.216  6.131  4.5520  3.274    0  0.000  0.483     0.00     0.00 -1 -1.25e-07      0.00 2.279e-01 7.207e-01 1.321e-03 2.922e-02 3.491e-03 -1.000 5.143e-02 -10.558 -6.060 -5.950 -6.048 -5.988 -6.101 -6.149 -6.330 -7.554 -8.233 -9.154 -5.990 -6.102 -6.530 -7.283
0.05 0.59589 5.00000 350.0112915039 2.6336188316   59.588  6.089  4.5498  3.275    0  0.000  0.499     0.00     0.00 -1 -1.04e-07      0.00 2.198e-01 7.289e-01 1.332e-03 2.922e-02 3.481e-03 -1.000 5.134e-02 -10.454 -5.955 -5.846 -5.943 -5.884 -5.996 -6.044 -6.225 -7.449 -8.128 -9.049 -5.886 -5.997 -6.425 -7.179
0.05 0.59589 5.00000 350.0114135742 2.6336188316   55.402  6.049  4.5479  3.276    0  0.000  0.514     0.00     0.00 -1 -8.82e-08      0.00 2.114e-01 7.372e-01 1.342e-03 2.922e-02 3.471e-03 -1.000 5.138e-02 -10.351 -5.853 -5.743 -5.841 -5.781 -5.894 -5.942 -6.123 -7.347 -8.026 -8.947 -5.783 -5.895 -6.323 -7.076
0.05 0.59589 5.00000 350.0115356445 2.6336188316   51.534  6.008  4.5460  3.278    0  0.000  0.530     0.00     0.00 -1 -7.35e-08      0.00 2.030e-01 7.456e-01 1.353e-03 2.921e-02 3.465e-03 -1.000 5.143e-02 -10.249 -5.750 -5.641 -5.738 -5.679 -5.791 -5.840 -6.021 -7.244 -7.924 -8.845 -5.681 -5.792 -6.221 -6.974
0.05 0.59589 5.00000 350.0116577148 2.6336188316   47.926  5.966  4.5441  3.281    0  0.000  0.545     0.00     0.00 -1 -6.15e-08      0.00 1.945e-01 7.541e-01 1.364e-03 2.920e-02 3.461e-03 -1.000 5.138e-02 -10.146 -5.648 -5.538 -5.635 -5.576 -5.689 -5.737 -5.918 -7.142 -7.821 -8.742 -5.578 -5.689 -6.118 -6.871
0.05 0.59589 5.00000 350.0117492676 2.6336188316   44.580  5.925  4.5423  3.283    0  0.000  0.560     0.00     0.00 -1 -5.15e-08      0.00 1.859e-01 7.627e-01 1.375e-03 2.919e-02 3.459e-03 -1.000 5.140e-02 -10.043 -5.545 -5.435 -5.532 -5.473 -5.586 -5.634 -5.815 -7.038 -7.718 -8.639 -5.475 -5.586 -6.015 -6.768
0.05 0.59589 5.00000 350.0119018555 2.6336188316   41.326  5.883  4.5399  3.283    0  0.000  0.576     0.00     0.00 -1 -4.28e-08      0.00 1.770e-01 7.717e-01 1.386e-03 2.918e-02 3.459e-03 -1.000 5.134e-02 -9.937 -5.438 -5.329 -5.426 -5.367 -5.479 -5.527 -5.708 -6.932 -7.611 -8.532 -5.369 -5.480 -5.908 -6.662
0.05 0.59589 5.00000 350.0120239258 2.6336188316   38.394  5.842  4.5376  3.283    0  0.000  0.592     0.00     0.00 -1 -3.57e-08      0.00 1.682e-01 7.804e-01 1.398e-03 2.916e-02 3.460e-03 -1.000 5.134e-02 -9.834 -5.336 -5.226 -5.324 -5.264 -5.377 -5.425 -5.606 -6.830 -7.509 -8.430 -5.266 -5.378 -5.806 -6.559
0.05 0.59589 5.00000 350.0121459961 2.6336188316   35.628  5.800  4.5361  3.286    0  0.000  0.609     0.00     0.00 -1 -3.01e-08      0.00 1.589e-01 7.898e-01 1.410e-03 2.915e-02 3.463e-03 -1.000 5.138e-02 -9.731 -5.232 -5.123 -5.220 -5.161 -5.273 -5.322 -5.503 -6.726 -7.406 -8.326 -5.163 -5.274 -5.702 -6.456
0.05 0.59589 5.00000 350.0122680664 2.6336188316   33.115  5.760  4.5359  3.293    0  0.000  0.626     0.00     0.00 -1 -2.52e-08      0.00 1.498e-01 7.988e-01 1.423e-03 2.914e-02 3.467e-03 -1.000 5.137e-02 -9.631 -5.132 -5.023 -5.120 -5.061 -5.173 -5.222 -5.403 -6.626 -7.306 -8.226 -5.063 -5.174 -5.602 -6.356
0.05 0.59589 5.00000 350.0123901367 2.6336188316   30.736  5.720  4.5369  3.305    0  0.000  0.644     0.00     0.00 -1 -2.11e-08      0.00 1.404e-01 8.082e-01 1.436e-03 2.911e-02 3.472e-03 -1.000 5.136e-02 -9.530 -5.031 -4.922 -5.019 -4.960 -5.072 -5.121 -5.302 -6.525 -7.205 -8.125 -4.962 -5.073 -5.501 -6.255
0.05 0.59589 5.00000 350.0125122070 2.6336188316   28.809  5.686  4.5390  3.320    0  0.000  0.659     0.00     0.00 -1 -1.81e-08      0.00 1.332e-01 8.154e-01 1.447e-03 2.909e-02 3.481e-03 -1.000 5.138e-02 -9.444 -4.945 -4.836 -4.933 -4.874 -4.986 -5.035 -5.215 -6.439 -7.118 -8.039 -4.876 -4.987 -5.415 -6.169
0.05 0.59589 5.00000 350.0126037598 2.6336188316   27.360  5.659  4.5438  3.343    0  0.000  0.672     0.00     0.00 -1 -1.59e-08      0.00 1.273e-01 8.213e-01 1.457e-03 2.908e-02 3.488e-03 -1.000 5.139e-02 -9.378 -4.879 -4.770 -4.867 -4.808 -4.920 -4.968 -5.149 -6.373 -7.052 -7.973 -4.810 -4.921 -5.349 -6.103
0.05 0.59589 5.00000 350.0126342773 2.6336188316   26.444  5.643  4.5518  3.376    0  0.000  0.682     0.00     0.00 -1 -1.48e-08      0.00 1.232e-01 8.254e-01 1.463e-03 2.906e-02 3.493e-03 -1.000 5.138e-02 -9.338 -4.840 -4.730 -4.827 -4.768 -4.881 -4.929 -5.110 -6.334 -7.013 -7.934 -4.770 -4.881 -5.310 -6.063
0.05 0.59589 5.00000 350.0126647949 2.6336188316   26.081  5.638  4.5589  3.404    0  0.000  0.686     0.00     0.00 -1 -1.44e-08      0.00 1.217e-01 8.269e-01 1.466e-03 2.906e-02 3.495e-03 -1.000 5.139e-02 -9.326 -4.828 -4.718 -4.815 -4.756 -4.869 -4.917 -5.098 -6.321 -7.001 -7.922 -4.758 -4.869 -5.298 -6.051
0.05 0.59589 5.00000 350.0126953125 2.6336188316   25.018  5.778  4.5302  3.131    1  0.000  0.704     0.00     0.00 -1 -2.16e-08      0.00 1.139e-01 8.347e-01 1.472e-03 2.906e-02 3.483e-03 -1.000 5.138e-02 -9.676 -5.177 -5.068 -5.165 -5.105 -5.218 -5.266 -5.447 -6.671 -7.350 -8.271 -5.107 -5.219 -5.647 -6.400
0.05 0.59589 5.00000 350.0127258301 2.6336188316   24.320  5.667  4.7304  4.030    1  0.000  0.659     0.00     0.00 -1 -1.55e-08      0.00 1.109e-01 8.377e-01 1.439e-03 2.911e-02 3.483e-03 -1.000 5.140e-02 -9.399 -4.243 -4.133 -4.243 -4.168 -4.289 -4.342 -4.543 -5.870 -6.557 -7.408 -4.173 -4.291 -4.766 -5.599
0.05 0.59589 5.00000 350.0127563477 2.6336188316   24.036  5.655  4.7481  4.108    1  0.000  0.662     0.00     0.00 -1 -1.47e-08      0.00 1.088e-01 8.398e-01 1.440e-03 2.911e-02 3.483e-03 -1.000 5.138e-02 -9.367 -4.091 -3.983 -4.097 -4.032 -4.163 -4.218 -4.434 -5.813 -6.555 -7.411 -4.037 -4.164 -4.673 -5.543
0.05 0.59589 5.00000 350.0127868652 2.6336188316   23.596  5.728  4.7919  4.203    1  0.000  0.689     0.00     0.00 -1 -1.81e-08      0.00 1.019e-01 8.467e-01 1.453e-03 2.911e-02 3.471e-03 -1.000 5.142e-02 -9.550 -3.951 -3.839 -3.893 -3.876 -4.005 -4.061 -4.282 -5.679 -6.404 -7.326 -3.883 -4.007 -4.533 -5.410
0.05 0.59589 5.00000 350.0128479004 2.6336188316   22.144  5.636  4.8892  4.657    1  0.000  0.691     0.00     0.00 -1 -1.37e-08      0.00 8.464e-02 8.640e-01 1.468e-03 2.910e-02 3.447e-03 -1.000 5.137e-02 -9.319 -2.978 -2.855 -2.813 -2.853 -2.950 -3.019 -3.213 -4.647 -5.590 -6.553 -2.853 -2.953 -3.457 -4.374
0.05 0.59589 5.00000 350.0129394531 2.6336188316   20.884  5.603  4.8865  4.653    1  0.000  0.992     0.00     0.00 -1 -1.21e-08      0.00 7.901e-02 8.696e-01 1.583e-03 2.893e-02 3.454e-03 -1.000 5.135e-02 -9.237 -2.917 -2.794 -2.753 -2.793 -2.891 -2.960 -3.156 -4.591 -5.530 -6.488 -2.793 -2.894 -3.400 -4.317
0.05 0.59589 5.00000 350.0130004883 2.6336188316   19.623  5.569  4.8822  4.643    1  0.000  1.649     0.00     0.00 -1 -1.04e-08      0.00 7.916e-02 8.690e-01 1.930e-03 2.857e-02 3.478e-03 -1.000 5.186e-02 -9.152 -2.866 -2.743 -2.705 -2.744 -2.844 -2.912 -3.110 -4.547 -5.482 -6.431 -2.745 -2.846 -3.356 -4.274
0.05 0.59589 5.00000 350.0130615234 2.6336188316   18.746  5.545  4.8807  4.641    1  0.000 27.522     0.00     0.00 -1  -8.9e-09      0.00 7.953e-02 8.430e-01 1.795e-02 1.190e-02 3.705e-03 10.201 7.747e-02 -9.092 -2.818 -2.695 -2.657 -2.696 -2.797 -2.865 -3.063 -4.501 -5.435 -6.381 -2.697 -2.799 -3.310 -4.228
0.05 0.59589 5.00000 350.0130920410 2.6336188316   18.375  5.535  4.8751  4.620    1  0.000 36.668     0.00     0.00 -1 -8.03e-09      0.00 7.971e-02 8.128e-01 4.358e-02 5.380e-03 4.373e-03 10.625 1.075e-01 -9.068 -2.836 -2.714 -2.679 -2.717 -2.819 -2.887 -3.088 -4.529 -5.456 -6.392 -2.718 -2.822 -3.337 -4.256
0.05 0.59589 5.00000 350.0131225586 2.6336188316   18.083  5.528  4.8853  4.660    1  0.000 39.242     0.00     0.00 -1  -7.4e-09      0.00 7.986e-02 7.880e-01 6.618e-02 2.959e-03 5.018e-03 10.814 1.321e-01 -9.051 -2.741 -2.618 -2.578 -2.617 -2.716 -2.785 -2.981 -4.417 -5.355 -6.310 -2.618 -2.719 -3.226 -4.143
0.05 0.59589 5.00000 350.0132446289 2.6336188316   16.761  5.498  4.8840  4.652    1  0.000 25.401     0.00     0.00 -1 -4.75e-09      0.00 8.071e-02 6.720e-01 1.735e-01 4.675e-04 1.139e-02 11.231 2.473e-01 -8.974 -2.674 -2.551 -2.512 -2.551 -2.650 -2.719 -2.916 -4.352 -5.289 -6.242 -2.552 -2.653 -3.161 -4.079
0.05 0.59589 5.00000 350.0133972168 2.6336188316   15.879  5.482  4.8891  4.665    1  0.000 16.481     0.00     0.00 -1 -3.42e-09      0.00 8.150e-02 5.889e-01 2.463e-01 3.486e-04 2.079e-02 11.373 3.296e-01 -8.935 -2.595 -2.472 -2.430 -2.470 -2.567 -2.636 -2.831 -4.264 -5.207 -6.170 -2.470 -2.570 -3.074 -3.991
0.05 0.59589 5.00000 350.0134582520 2.6336188316   15.464  5.478  4.8977  4.693    1  0.000 13.486     0.00     0.00 -1 -2.85e-09      0.00 8.196e-02 5.461e-01 2.817e-01 3.390e-04 2.780e-02 11.424 3.720e-01 -8.924 -2.517 -2.393 -2.346 -2.388 -2.482 -2.552 -2.742 -4.171 -5.124 -6.103 -2.388 -2.485 -2.982 -3.898
0.05 0.59589 5.00000 350.0135192871 2.6336188316   15.120  5.484  4.9261  4.789    1  0.000 11.502     0.00     0.00 -1 -2.48e-09      0.00 8.239e-02 5.105e-01 3.096e-01 3.376e-04 3.499e-02 11.457 4.071e-01 -8.941 -2.302 -2.173 -2.118 -2.148 -2.225 -2.291 -2.447 -3.801 -4.737 -5.730 -2.147 -2.229 -2.646 -3.528
0.05 0.59589 5.00000 350.0135498047 2.6336188316   15.016  5.631  5.0252  5.036    1  0.000 11.078     0.00     0.00 -1 -3.68e-09      0.00 8.251e-02 5.018e-01 3.161e-01 3.377e-04 3.707e-02 11.464 4.157e-01 -9.308 -1.941 -1.817 -1.761 -1.791 -1.850 -1.915 -2.011 -3.218 -4.106 -5.070 -1.785 -1.854 -2.125 -2.946
#isochrone terminated
