# File generated by CMD 3.3 (http://stev.oapd.inaf.it/cmd) on Tue Apr 21 14:57:13 CEST 2020
# isochrones based on PARSEC release v1.2S +  COLIBRI S_35
# Basic references: Bressan et al. (2012), MNRAS, 427, 127 + Chen et al. (2014, 2015), MNRAS, 444, 2525 + MNRAS, 452, 1068 + Tang et al. (2014), MNRAS, 445, 4287 + Marigo et al. (2017), ApJ, 835, 77 + Pastorelli al. (2019), MNRAS in press
# Thermal pulse cycles included 
# On RGB, assumed Reimers mass loss with efficiency eta=0.2
# Photometric system:  2MASS + Spitzer (IRAC+MIPS) + WISE
# Using YBC version of bolometric corrections as in Chen et al. (2019)
# O-rich circumstellar dpmod60alox40 dust from Groenewegen (2006)
# C-rich circumstellar AMCSIC15 dust from Groenewegen (2006)
# IMF: Kroupa (2001, 2002) + Kroupa et al. (2013) canonical two-part-power law IMF corrected for unresolved binaries 
# Kind of output: isochrone tables
# Zini     MH   logAge Mini        int_IMF         Mass   logL    logTe  logg  label   McoreTP C_O  period0 period1 pmode  Mloss  tau1m   X   Y   Xc  Xn  Xo  Cexcess  Z 	 mbolmag  Jmag    Hmag    Ksmag   IRAC_3.6mag  IRAC_4.5mag  IRAC_5.8mag  IRAC_8.0mag  MIPS_24mag  MIPS_70mag  MIPS_160mag  W1mag   W2mag   W3mag   W4mag
0.006 -0.40400 10.00000 0.0900000036 1.0816895962    0.090 -3.344  3.3977  5.279    1  0.000  0.545     0.00     0.00 -1 -4.36e-17      0.00 7.336e-01 2.604e-01 1.079e-03 2.911e-04 2.640e-03 -1.000 6.000e-03 13.130 10.955 10.471 10.260 9.734 9.660 9.617 9.514 8.875 8.851 8.784 9.908 9.673 9.433 9.065
0.006 -0.40400 10.00000 0.0992424265 1.1647467613    0.099 -3.152  3.4258  5.242    1  0.000  0.545     0.00     0.00 -1 -6.74e-17      0.00 7.330e-01 2.610e-01 1.079e-03 2.911e-04 2.640e-03 -1.000 6.000e-03 12.650 10.503 10.008 9.786 9.287 9.204 9.162 9.066 8.437 8.414 8.360 9.452 9.216 8.993 8.626
0.006 -0.40400 10.00000 0.1177272722 1.3041497469    0.117 -2.903  3.4560  5.186    1  0.000  0.545     0.00     0.00 -1 -1.17e-16      0.00 7.320e-01 2.620e-01 1.079e-03 2.911e-04 2.640e-03 -1.000 6.000e-03 12.027 9.965 9.441 9.203 8.786 8.689 8.654 8.585 7.988 7.967 7.955 8.928 8.699 8.536 8.178
0.006 -0.40400 10.00000 0.1362121254 1.4176547527    0.136 -2.722  3.4755  5.147    1  0.000  0.545     0.00     0.00 -1 -1.73e-16      0.00 7.311e-01 2.629e-01 1.079e-03 2.911e-04 2.640e-03 -1.000 6.000e-03 11.576 9.569 9.033 8.793 8.418 8.315 8.281 8.226 7.648 7.631 7.653 8.546 8.322 8.193 7.838
0.006 -0.40400 10.00000 0.1376078129 1.4254045486    0.137 -2.711  3.4765  5.145    1  0.000  0.545     0.00     0.00 -1 -1.77e-16      0.00 7.310e-01 2.630e-01 1.079e-03 2.911e-04 2.640e-03 -1.000 6.000e-03 11.548 9.544 9.007 8.767 8.395 8.291 8.258 8.203 7.626 7.610 7.634 8.522 8.299 8.171 7.816
0.006 -0.40400 10.00000 0.1546969712 1.5127165318    0.154 -2.582  3.4889  5.116    1  0.000  0.545     0.00     0.00 -1 -2.32e-16      0.00 7.302e-01 2.638e-01 1.079e-03 2.911e-04 2.640e-03 -1.000 6.000e-03 11.225 9.259 8.715 8.477 8.129 8.021 7.986 7.936 7.369 7.361 7.411 8.245 8.027 7.915 7.559
0.006 -0.40400 10.00000 0.1916666627 1.6648172140    0.191 -2.369  3.5067  5.066    1  0.000  0.545     0.00     0.00 -1 -3.61e-16      0.00 7.290e-01 2.650e-01 1.079e-03 2.911e-04 2.640e-03 -1.000 6.000e-03 10.692 8.775 8.224 7.991 7.677 7.567 7.532 7.490 6.936 6.941 7.018 7.780 7.572 7.481 7.126
0.006 -0.40400 10.00000 0.2378787994 1.8085517883    0.237 -2.162  3.5216  5.012    1  0.000  0.545     0.00     0.00 -1 -5.54e-16      0.00 7.280e-01 2.660e-01 1.079e-03 2.911e-04 2.640e-03 -1.000 6.000e-03 10.174 8.300 7.743 7.515 7.227 7.119 7.081 7.041 6.497 6.518 6.617 7.318 7.122 7.042 6.687
0.006 -0.40400 10.00000 0.2840909064 1.9199090004    0.283 -1.998  3.5320  4.968    1  0.000  0.545     0.00     0.00 -1 -7.77e-16      0.00 7.277e-01 2.663e-01 1.079e-03 2.911e-04 2.640e-03 -1.000 6.000e-03 9.765 7.918 7.355 7.132 6.864 6.761 6.724 6.688 6.153 6.183 6.290 6.950 6.764 6.695 6.343
0.006 -0.40400 10.00000 0.3303030431 2.0099005699    0.329 -1.859  3.5402  4.928    1  0.000  0.545     0.00     0.00 -1 -8.93e-17      0.00 7.321e-01 2.619e-01 1.079e-03 2.911e-04 2.640e-03 -1.000 6.000e-03 9.417 7.593 7.023 6.805 6.552 6.456 6.418 6.385 5.858 5.896 6.008 6.633 6.458 6.396 6.048
0.006 -0.40400 10.00000 0.3765151799 2.0848522186    0.376 -1.721  3.5495  4.884    1  0.000  0.545     0.00     0.00 -1 -1.09e-15      0.00 7.348e-01 2.592e-01 1.079e-03 2.911e-04 2.640e-03 -1.000 6.000e-03 9.073 7.274 6.698 6.482 6.246 6.160 6.122 6.091 5.574 5.621 5.737 6.323 6.162 6.107 5.764
0.006 -0.40400 10.00000 0.4227272868 2.1487076283    0.422 -1.575  3.5614  4.835    1  0.000  0.545     0.00     0.00 -1 -1.97e-15      0.00 7.349e-01 2.591e-01 1.079e-03 2.911e-04 2.640e-03 -1.000 6.000e-03 8.707 6.943 6.356 6.145 5.929 5.856 5.816 5.784 5.282 5.343 5.463 5.996 5.858 5.808 5.471
0.006 -0.40400 10.00000 0.4689394236 2.2040774822    0.468 -1.416  3.5767  4.784    1  0.000  0.545     0.00     0.00 -1 -2.86e-15      0.00 7.349e-01 2.591e-01 1.079e-03 2.911e-04 2.640e-03 -1.000 6.000e-03 8.311 6.593 5.994 5.790 5.596 5.544 5.500 5.465 4.982 5.063 5.185 5.650 5.546 5.498 5.172
0.006 -0.40400 10.00000 0.5151515603 2.2525465488    0.515 -1.245  3.5964  4.732    1  0.000  0.545     0.00     0.00 -1 -4.29e-15      0.00 7.430e-01 2.512e-01 1.048e-03 2.829e-04 2.566e-03 -1.000 5.830e-03 7.882 6.219 5.601 5.417 5.255 5.231 5.185 5.142 4.684 4.787 4.909 5.293 5.232 5.186 4.873
0.006 -0.40400 10.00000 0.5613636374 2.2928481102    0.561 -1.063  3.6214  4.687    1  0.000  0.544     0.00     0.00 -1 -6.58e-15      0.00 7.615e-01 2.330e-01 9.784e-04 2.641e-04 2.396e-03 -1.000 5.482e-03 7.427 5.825 5.182 5.038 4.931 4.937 4.896 4.851 4.418 4.538 4.664 4.952 4.939 4.904 4.607
0.006 -0.40400 10.00000 0.6075757742 2.3261826038    0.607 -0.885  3.6505  4.660    1  0.000  0.544     0.00     0.00 -1 -9.81e-15      0.00 7.651e-01 2.295e-01 9.659e-04 2.608e-04 2.367e-03 -1.000 5.390e-03 6.983 5.455 4.835 4.729 4.673 4.705 4.676 4.637 4.223 4.355 4.484 4.682 4.708 4.698 4.412
0.006 -0.40400 10.00000 0.6494666934 2.3517343998    0.649 -0.725  3.6787  4.642    1  0.000  0.544     0.00     0.00 -1  -1.4e-14      0.00 7.683e-01 2.264e-01 9.552e-04 2.579e-04 2.342e-03 -1.000 5.305e-03 6.582 5.141 4.596 4.512 4.474 4.506 4.486 4.455 4.042 4.180 4.312 4.478 4.509 4.516 4.231
0.006 -0.40400 10.00000 0.6537879109 2.3541569710    0.654 -0.709  3.6815  4.640    1  0.000  0.544     0.00     0.00 -1 -1.45e-14      0.00 7.686e-01 2.261e-01 9.541e-04 2.576e-04 2.339e-03 -1.000 5.299e-03 6.542 5.110 4.574 4.492 4.454 4.486 4.466 4.435 4.023 4.162 4.293 4.458 4.489 4.496 4.212
0.006 -0.40400 10.00000 0.6750096083 2.3655374050    0.675 -0.630  3.6941  4.626    1  0.000  0.544     0.00     0.00 -1 -1.74e-14      0.00 7.706e-01 2.242e-01 9.470e-04 2.558e-04 2.322e-03 -1.000 5.266e-03 6.346 4.956 4.461 4.384 4.347 4.376 4.359 4.331 3.920 4.061 4.195 4.351 4.379 4.392 4.109
0.006 -0.40400 10.00000 0.6964677572 2.3762376308    0.696 -0.551  3.7066  4.611    1  0.000  0.544     0.00     0.00 -1 -2.09e-14      0.00 7.727e-01 2.221e-01 9.397e-04 2.539e-04 2.305e-03 -1.000 5.210e-03 6.149 4.804 4.345 4.274 4.240 4.267 4.252 4.226 3.816 3.958 4.092 4.243 4.269 4.288 4.005
0.006 -0.40400 10.00000 0.6999999881 2.3779268265    0.700 -0.539  3.7086  4.608    1  0.000  0.544     0.00     0.00 -1 -2.16e-14      0.00 7.730e-01 2.218e-01 9.384e-04 2.535e-04 2.302e-03 -1.000 5.200e-03 6.116 4.779 4.326 4.256 4.223 4.249 4.234 4.209 3.799 3.941 4.075 4.226 4.251 4.271 3.988
0.006 -0.40400 10.00000 0.7056885958 2.3806064129    0.706 -0.518  3.7118  4.603    1  0.000  0.543     0.00     0.00 -1 -2.26e-14      0.00 7.736e-01 2.211e-01 9.348e-04 2.529e-04 2.296e-03 -1.000 5.212e-03 6.064 4.739 4.295 4.226 4.194 4.219 4.205 4.181 3.771 3.913 4.047 4.197 4.221 4.242 3.959
0.006 -0.40400 10.00000 0.7199995518 2.3871326447    0.720 -0.465  3.7198  4.591    1  0.000  0.540     0.00     0.00 -1 -2.57e-14      0.00 7.751e-01 2.196e-01 9.256e-04 2.513e-04 2.284e-03 -1.000 5.220e-03 5.932 4.637 4.215 4.151 4.119 4.143 4.130 4.108 3.698 3.840 3.974 4.122 4.145 4.169 3.886
0.006 -0.40400 10.00000 0.7331864834 2.3928878307    0.733 -0.416  3.7269  4.579    1  0.000  0.539     0.00     0.00 -1 -2.88e-14      0.00 7.766e-01 2.183e-01 9.174e-04 2.499e-04 2.271e-03 -1.000 5.148e-03 5.811 4.544 4.142 4.080 4.050 4.072 4.060 4.039 3.629 3.772 3.907 4.052 4.074 4.101 3.818
0.006 -0.40400 10.00000 0.7458909154 2.3982114792    0.746 -0.369  3.7337  4.566    1  0.000  0.537     0.00     0.00 -1 -3.23e-14      0.00 7.780e-01 2.169e-01 9.095e-04 2.485e-04 2.260e-03 -1.000 5.110e-03 5.693 4.454 4.069 4.010 3.981 4.001 3.991 3.971 3.562 3.704 3.839 3.983 4.003 4.033 3.751
0.006 -0.40400 10.00000 0.7500000000 2.3998889923    0.750 -0.354  3.7358  4.562    1  0.000  0.536     0.00     0.00 -1 -3.36e-14      0.00 7.784e-01 2.164e-01 9.070e-04 2.481e-04 2.257e-03 -1.000 5.107e-03 5.655 4.425 4.045 3.987 3.959 3.978 3.968 3.949 3.539 3.682 3.817 3.961 3.980 4.011 3.728
0.006 -0.40400 10.00000 0.7556906343 2.4021775723    0.755 -0.333  3.7385  4.555    1  0.000  0.536     0.00     0.00 -1 -3.54e-14      0.00 7.793e-01 2.156e-01 9.041e-04 2.473e-04 2.250e-03 -1.000 5.112e-03 5.602 4.383 4.010 3.953 3.925 3.944 3.935 3.916 3.506 3.649 3.784 3.928 3.946 3.978 3.695
0.006 -0.40400 10.00000 0.7689007521 2.4073405266    0.769 -0.283  3.7445  4.537    1  0.000  0.536     0.00     0.00 -1 -4.01e-14      0.00 7.812e-01 2.137e-01 8.973e-04 2.455e-04 2.233e-03 -1.000 5.111e-03 5.479 4.286 3.927 3.873 3.847 3.864 3.855 3.838 3.423 3.576 3.706 3.849 3.866 3.873 3.611
0.006 -0.40400 10.00000 0.7816945910 2.4121499062    0.781 -0.235  3.7501  4.518    1  0.000  0.536     0.00     0.00 -1 -4.54e-14      0.00 7.831e-01 2.119e-01 8.906e-04 2.437e-04 2.217e-03 -1.000 5.006e-03 5.358 4.190 3.844 3.793 3.769 3.784 3.775 3.760 3.338 3.504 3.629 3.770 3.786 3.759 3.526
0.006 -0.40400 10.00000 0.7934088111 2.4163973331    0.793 -0.191  3.7550  4.500    1  0.000  0.536     0.00     0.00 -1  -5.1e-14      0.00 7.848e-01 2.102e-01 8.843e-04 2.420e-04 2.202e-03 -1.000 5.000e-03 5.247 4.101 3.767 3.717 3.694 3.708 3.699 3.685 3.257 3.435 3.554 3.696 3.709 3.652 3.444
0.006 -0.40400 10.00000 0.8000000119 2.4187245369    0.799 -0.165  3.7577  4.489    1  0.000  0.535     0.00     0.00 -1 -5.45e-14      0.00 7.859e-01 2.091e-01 8.807e-04 2.411e-04 2.193e-03 -1.000 5.000e-03 5.183 4.049 3.721 3.673 3.650 3.663 3.655 3.642 3.210 3.394 3.510 3.652 3.664 3.591 3.397
0.006 -0.40400 10.00000 0.8079380393 2.4214692116    0.807 -0.134  3.7606  4.474    1  0.000  0.535     0.00     0.00 -1 -5.93e-14      0.00 7.874e-01 2.076e-01 8.754e-04 2.396e-04 2.180e-03 -1.000 5.001e-03 5.106 3.985 3.664 3.617 3.595 3.606 3.599 3.586 3.151 3.343 3.455 3.597 3.608 3.517 3.338
0.006 -0.40400 10.00000 0.8208431005 2.4258015156    0.820 -0.083  3.7651  4.447    1  0.000  0.535     0.00     0.00 -1 -6.82e-14      0.00 7.900e-01 2.051e-01 8.664e-04 2.372e-04 2.159e-03 -1.000 4.909e-03 4.977 3.878 3.566 3.521 3.501 3.511 3.504 3.493 3.051 3.254 3.361 3.503 3.512 3.393 3.238
0.006 -0.40400 10.00000 0.8330031633 2.4297428131    0.832 -0.033  3.7692  4.420    1  0.000  0.535     0.00     0.00 -1 -7.84e-14      0.00 7.924e-01 2.027e-01 8.577e-04 2.349e-04 2.138e-03 -1.000 4.831e-03 4.852 3.772 3.468 3.426 3.407 3.415 3.409 3.399 2.952 3.165 3.268 3.408 3.416 3.273 3.138
0.006 -0.40400 10.00000 0.8440865874 2.4332213402    0.843  0.014  3.7726  4.392    1  0.000  0.535     0.00     0.00 -1 -8.96e-14      0.00 7.947e-01 2.005e-01 8.496e-04 2.327e-04 2.118e-03 -1.000 4.802e-03 4.734 3.672 3.375 3.334 3.317 3.324 3.318 3.309 2.857 3.079 3.178 3.318 3.325 3.161 3.043
0.006 -0.40400 10.00000 0.8500000238 2.4350347519    0.849  0.040  3.7743  4.376    1  0.000  0.535     0.00     0.00 -1 -9.66e-14      0.00 7.960e-01 1.993e-01 8.452e-04 2.315e-04 2.108e-03 -1.000 4.773e-03 4.669 3.615 3.322 3.282 3.265 3.272 3.266 3.257 2.803 3.029 3.127 3.267 3.273 3.098 2.989
0.006 -0.40400 10.00000 0.8583003879 2.4375317097    0.857  0.077  3.7765  4.352    1  0.000  0.534     0.00     0.00 -1 -1.08e-13      0.00 7.984e-01 1.969e-01 8.367e-04 2.292e-04 2.088e-03 -1.000 4.725e-03 4.576 3.534 3.245 3.207 3.190 3.196 3.190 3.182 2.725 2.956 3.052 3.191 3.197 3.008 2.911
0.006 -0.40400 10.00000 0.8710630536 2.4412646294    0.870  0.135  3.7792  4.311    1  0.000  0.534     0.00     0.00 -1 -1.28e-13      0.00 8.021e-01 1.932e-01 8.236e-04 2.257e-04 2.056e-03 -1.000 4.700e-03 4.432 3.403 3.121 3.083 3.068 3.072 3.067 3.059 2.599 2.836 2.930 3.069 3.073 2.868 2.784
0.006 -0.40400 10.00000 0.8812929392 2.4441668987    0.880  0.183  3.7807  4.275    1  0.000  0.534     0.00     0.00 -1 -1.48e-13      0.00 8.049e-01 1.905e-01 8.136e-04 2.230e-04 2.032e-03 -1.000 4.604e-03 4.313 3.292 3.014 2.977 2.961 2.965 2.960 2.952 2.490 2.731 2.824 2.963 2.966 2.751 2.675
0.006 -0.40400 10.00000 0.8898082972 2.4465243816    0.888  0.225  3.7818  4.240    1  0.000  0.534     0.00     0.00 -1 -1.69e-13      0.00 8.052e-01 1.902e-01 8.126e-04 2.228e-04 2.030e-03 -1.000 4.619e-03 4.207 3.191 2.916 2.879 2.863 2.867 2.862 2.854 2.390 2.635 2.727 2.865 2.868 2.646 2.576
0.006 -0.40400 10.00000 0.8913707137 2.4469513893    0.890  0.233  3.7819  4.234    1  0.000  0.534     0.00     0.00 -1 -1.74e-13      0.00 8.052e-01 1.901e-01 8.124e-04 2.227e-04 2.030e-03 -1.000 4.617e-03 4.186 3.172 2.897 2.860 2.845 2.848 2.843 2.835 2.371 2.616 2.708 2.846 2.849 2.626 2.556
0.006 -0.40400 10.00000 0.8957571387 2.4481408596    0.894  0.257  3.7820  4.212    1  0.000  0.534     0.00     0.00 -1 -1.88e-13      0.00 8.052e-01 1.901e-01 8.127e-04 2.228e-04 2.030e-03 -1.000 4.609e-03 4.127 3.113 2.838 2.801 2.786 2.790 2.784 2.777 2.312 2.557 2.649 2.787 2.790 2.567 2.497
0.006 -0.40400 10.00000 0.8999999762 2.4492788315    0.899  0.281  3.7818  4.190    1  0.000  0.534     0.00     0.00 -1 -2.02e-13      0.00 8.051e-01 1.903e-01 8.137e-04 2.231e-04 2.033e-03 -1.000 4.606e-03 4.069 3.054 2.778 2.742 2.726 2.730 2.725 2.717 2.253 2.497 2.589 2.728 2.731 2.509 2.438
0.006 -0.40400 10.00000 0.9034904838 2.4502055645    0.902  0.300  3.7816  4.172    1  0.000  0.534     0.00     0.00 -1 -2.15e-13      0.00 8.053e-01 1.901e-01 8.133e-04 2.230e-04 2.032e-03 -1.000 4.602e-03 4.020 3.005 2.729 2.692 2.677 2.680 2.675 2.667 2.203 2.447 2.539 2.678 2.681 2.460 2.389
0.006 -0.40400 10.00000 0.9101945162 2.4519629478    0.909  0.340  3.7804  4.130    1  0.000  0.534     0.00     0.00 -1 -2.46e-13      0.00 8.048e-01 1.906e-01 8.169e-04 2.240e-04 2.041e-03 -1.000 4.635e-03 3.921 2.899 2.620 2.583 2.568 2.572 2.567 2.559 2.097 2.337 2.430 2.569 2.573 2.360 2.282
0.006 -0.40400 10.00000 0.9151365161 2.4532394409    0.914  0.370  3.7789  4.097    1  0.000  0.533     0.00     0.00 -1 -2.75e-13      0.00 8.034e-01 1.919e-01 8.233e-04 2.258e-04 2.058e-03 -1.000 4.669e-03 3.845 2.816 2.534 2.497 2.481 2.486 2.480 2.472 2.012 2.249 2.343 2.483 2.487 2.283 2.197
0.006 -0.40400 10.00000 0.9178516865 2.4539339542    0.916  0.388  3.7772  4.073    1  0.000  0.533     0.00     0.00 -1 -2.93e-13      0.00 8.003e-01 1.949e-01 8.365e-04 2.294e-04 2.091e-03 -1.000 4.743e-03 3.801 2.763 2.477 2.439 2.423 2.429 2.423 2.414 1.957 2.189 2.285 2.425 2.429 2.236 2.142
0.006 -0.40400 10.00000 0.9240137935 2.4554929733    0.922  0.428  3.7711  4.012    2  0.000  0.534     0.00     0.00 -1 -3.43e-13      0.00 7.892e-01 2.058e-01 8.804e-04 2.413e-04 2.199e-03 -1.000 4.965e-03 3.701 2.634 2.333 2.292 2.276 2.284 2.278 2.268 1.818 2.035 2.136 2.278 2.285 2.130 2.004
0.006 -0.40400 10.00000 0.9286323190 2.4566459656    0.927  0.455  3.7626  3.952    2  0.000  0.534     0.00     0.00 -1  -3.9e-13      0.00 7.762e-01 2.186e-01 9.278e-04 2.542e-04 2.314e-03 -1.000 5.232e-03 3.633 2.526 2.208 2.163 2.144 2.155 2.148 2.135 1.697 1.893 2.003 2.146 2.156 2.052 1.883
0.006 -0.40400 10.00000 0.9316903353 2.4574019909    0.930  0.468  3.7526  3.901    2  0.000  0.535     0.00     0.00 -1 -4.27e-13      0.00 7.655e-01 2.290e-01 9.640e-04 2.638e-04 2.401e-03 -1.000 5.467e-03 3.600 2.449 2.108 2.058 2.036 2.051 2.043 2.027 1.601 1.773 1.894 2.038 2.053 2.009 1.789
0.006 -0.40400 10.00000 0.9337001443 2.4578957558    0.932  0.473  3.7424  3.856    2  0.000  0.536     0.00     0.00 -1 -4.55e-13      0.00 7.586e-01 2.359e-01 9.868e-04 2.699e-04 2.455e-03 -1.000 5.578e-03 3.587 2.393 2.027 1.972 1.947 1.967 1.957 1.938 1.525 1.672 1.804 1.949 1.968 1.986 1.714
0.006 -0.40400 10.00000 0.9352087379 2.4582648277    0.933  0.480  3.7329  3.812    2  0.000  0.536     0.00     0.00 -1 -4.86e-13      0.00 7.540e-01 2.404e-01 1.001e-03 2.738e-04 2.489e-03 -1.000 5.668e-03 3.570 2.337 1.946 1.888 1.861 1.883 1.872 1.850 1.440 1.582 1.715 1.863 1.885 1.912 1.629
0.006 -0.40400 10.00000 0.9366977215 2.4586279392    0.935  0.501  3.7240  3.756    2  0.000  0.537     0.00     0.00 -1 -5.42e-13      0.00 7.501e-01 2.442e-01 1.013e-03 2.769e-04 2.516e-03 -1.000 5.708e-03 3.518 2.249 1.834 1.772 1.744 1.768 1.757 1.732 1.321 1.463 1.596 1.746 1.771 1.793 1.510
0.006 -0.40400 10.00000 0.9381533265 2.4589812756    0.936  0.539  3.7170  3.691    2  0.000  0.537     0.00     0.00 -1 -6.35e-13      0.00 7.465e-01 2.477e-01 1.022e-03 2.794e-04 2.539e-03 -1.000 5.771e-03 3.424 2.128 1.694 1.629 1.599 1.626 1.613 1.586 1.175 1.316 1.449 1.602 1.629 1.647 1.364
0.006 -0.40400 10.00000 0.9387495518 2.4591257572    0.937  0.559  3.7147  3.662    2  0.000  0.537     0.00     0.00 -1  -6.9e-13      0.00 7.451e-01 2.491e-01 1.026e-03 2.803e-04 2.546e-03 -1.000 5.800e-03 3.373 2.070 1.628 1.563 1.532 1.559 1.546 1.519 1.107 1.248 1.381 1.535 1.562 1.580 1.296
0.006 -0.40400 10.00000 0.9392982721 2.4592585564    0.937  0.581  3.7131  3.633    2  0.000  0.537     0.00     0.00 -1 -7.51e-13      0.00 7.437e-01 2.504e-01 1.028e-03 2.810e-04 2.552e-03 -1.000 5.811e-03 3.316 2.007 1.560 1.494 1.463 1.491 1.478 1.449 1.038 1.179 1.312 1.466 1.494 1.510 1.227
0.006 -0.40400 10.00000 0.9403771162 2.4595191479    0.938  0.630  3.7102  3.573    3  0.000  0.537     0.00     0.00 -1 -8.96e-13      0.00 7.410e-01 2.532e-01 1.032e-03 2.822e-04 2.564e-03 -1.000 5.862e-03 3.195 1.874 1.420 1.352 1.321 1.349 1.336 1.306 0.894 1.036 1.168 1.323 1.352 1.367 1.083
0.006 -0.40400 10.00000 0.9413626790 2.4597563744    0.939  0.681  3.7081  3.514    3  0.000  0.536     0.00     0.00 -1 -1.08e-12      0.00 7.382e-01 2.560e-01 1.034e-03 2.837e-04 2.572e-03 -1.000 5.813e-03 3.067 1.740 1.279 1.211 1.178 1.208 1.194 1.163 0.751 0.892 1.024 1.181 1.211 1.224 0.940
0.006 -0.40400 10.00000 0.9420921206 2.4599316120    0.940  0.723  3.7067  3.467    3  0.000  0.533     0.00     0.00 -1 -1.25e-12      0.00 7.359e-01 2.583e-01 1.031e-03 2.863e-04 2.578e-03 -1.000 5.805e-03 2.963 1.631 1.166 1.097 1.064 1.094 1.080 1.049 0.637 0.777 0.910 1.067 1.097 1.110 0.826
0.006 -0.40400 10.00000 0.9427902699 2.4600992203    0.941  0.766  3.7054  3.419    3  0.000  0.528     0.00     0.00 -1 -1.46e-12      0.00 7.335e-01 2.606e-01 1.023e-03 2.931e-04 2.582e-03 -1.000 5.846e-03 2.856 1.519 1.050 0.981 0.947 0.978 0.964 0.932 0.519 0.660 0.792 0.950 0.981 0.992 0.708
0.006 -0.40400 10.00000 0.9436010122 2.4602932930    0.941  0.820  3.7038  3.360    3  0.000  0.518     0.00     0.00 -1 -1.77e-12      0.00 7.307e-01 2.634e-01 1.005e-03 3.112e-04 2.586e-03 -1.000 5.884e-03 2.721 1.378 0.904 0.835 0.801 0.832 0.818 0.785 0.372 0.512 0.644 0.804 0.835 0.845 0.561
0.006 -0.40400 10.00000 0.9442172647 2.4604406357    0.942  0.864  3.7026  3.310    3  0.000  0.508     0.00     0.00 -1 -2.08e-12      0.00 7.285e-01 2.656e-01 9.861e-04 3.324e-04 2.589e-03 -1.000 5.889e-03 2.609 1.262 0.785 0.714 0.680 0.712 0.697 0.664 0.251 0.391 0.523 0.683 0.715 0.724 0.440
0.006 -0.40400 10.00000 0.9447411895 2.4605658054    0.942  0.906  3.7014  3.264    3  0.000  0.499     0.00     0.00 -1  -2.4e-12      0.00 7.268e-01 2.673e-01 9.694e-04 3.531e-04 2.591e-03 -1.000 5.906e-03 2.506 1.155 0.674 0.603 0.569 0.601 0.586 0.552 0.139 0.279 0.410 0.572 0.604 0.612 0.328
0.006 -0.40400 10.00000 0.9453595877 2.4607131481    0.943  0.958  3.6998  3.206    3  0.000  0.489     0.00     0.00 -1  -2.9e-12      0.00 7.249e-01 2.691e-01 9.511e-04 3.763e-04 2.594e-03 -1.000 5.944e-03 2.375 1.019 0.533 0.461 0.426 0.459 0.444 0.409 -0.004 0.136 0.267 0.429 0.462 0.469 0.185
0.006 -0.40400 10.00000 0.9458106756 2.4608204365    0.943  1.000  3.6985  3.159    3  0.000  0.483     0.00     0.00 -1 -3.37e-12      0.00 7.237e-01 2.703e-01 9.407e-04 3.898e-04 2.595e-03 -1.000 5.936e-03 2.270 0.909 0.419 0.346 0.311 0.345 0.330 0.294 -0.120 0.020 0.151 0.315 0.348 0.354 0.069
0.006 -0.40400 10.00000 0.9462148547 2.4609167576    0.944  1.040  3.6971  3.113    3  0.000  0.479     0.00     0.00 -1  -3.9e-12      0.00 7.228e-01 2.712e-01 9.327e-04 4.001e-04 2.596e-03 -1.000 5.956e-03 2.169 0.803 0.308 0.236 0.200 0.234 0.219 0.182 -0.231 -0.092 0.039 0.203 0.238 0.242 -0.043
0.006 -0.40400 10.00000 0.9465963840 2.4610073566    0.944  1.081  3.6957  3.066    3  0.000  0.476     0.00     0.00 -1 -4.52e-12      0.00 7.220e-01 2.720e-01 9.260e-04 4.088e-04 2.596e-03 -1.000 5.981e-03 2.066 0.695 0.195 0.122 0.086 0.122 0.106 0.068 -0.346 -0.207 -0.076 0.090 0.125 0.128 -0.157
0.006 -0.40400 10.00000 0.9470403194 2.4611127377    0.944  1.134  3.6938  3.007    3  0.000  0.472     0.00     0.00 -1 -5.46e-12      0.00 7.213e-01 2.728e-01 9.200e-04 4.165e-04 2.597e-03 -1.000 5.953e-03 1.936 0.557 0.052 -0.023 -0.059 -0.022 -0.038 -0.078 -0.492 -0.353 -0.222 -0.055 -0.018 -0.018 -0.303
0.006 -0.40400 10.00000 0.9474397302 2.4612073898    0.945  1.186  3.6917  2.946    3  0.000  0.470     0.00     0.00 -1  -6.6e-12      0.00 7.208e-01 2.733e-01 9.164e-04 4.212e-04 2.598e-03 -1.000 5.912e-03 1.805 0.419 -0.093 -0.168 -0.205 -0.167 -0.184 -0.225 -0.639 -0.501 -0.371 -0.201 -0.163 -0.165 -0.450
0.006 -0.40400 10.00000 0.9477880001 2.4612898827    0.945  1.236  3.6897  2.888    3  0.000  0.469     0.00     0.00 -1 -7.91e-12      0.00 7.205e-01 2.736e-01 9.145e-04 4.238e-04 2.598e-03 -1.000 5.900e-03 1.680 0.286 -0.233 -0.308 -0.346 -0.307 -0.324 -0.367 -0.782 -0.643 -0.514 -0.342 -0.303 -0.307 -0.593
0.006 -0.40400 10.00000 0.9481000304 2.4613637924    0.945  1.285  3.6876  2.831    3  0.000  0.469     0.00     0.00 -1 -9.47e-12      0.00 7.204e-01 2.737e-01 9.133e-04 4.253e-04 2.599e-03 -1.000 5.900e-03 1.557 0.156 -0.369 -0.446 -0.484 -0.445 -0.462 -0.505 -0.921 -0.783 -0.654 -0.480 -0.440 -0.446 -0.732
0.006 -0.40400 10.00000 0.9483892322 2.4614322186    0.945  1.335  3.6853  2.772    3  0.000  0.468     0.00     0.00 -1 -1.14e-11      0.00 7.203e-01 2.738e-01 9.127e-04 4.261e-04 2.599e-03 -1.000 5.900e-03 1.432 0.024 -0.508 -0.586 -0.625 -0.585 -0.603 -0.647 -1.063 -0.926 -0.798 -0.621 -0.581 -0.588 -0.874
0.006 -0.40400 10.00000 0.9486536384 2.4614946842    0.946  1.385  3.6830  2.713    3  0.000  0.468     0.00     0.00 -1 -1.37e-11      0.00 7.203e-01 2.738e-01 9.124e-04 4.264e-04 2.599e-03 -1.000 5.900e-03 1.307 -0.108 -0.648 -0.727 -0.767 -0.726 -0.744 -0.790 -1.207 -1.070 -0.943 -0.763 -0.722 -0.731 -1.018
0.006 -0.40400 10.00000 0.9488793612 2.4615480900    0.946  1.432  3.6808  2.657    3  0.000  0.468     0.00     0.00 -1 -1.62e-11      0.00 7.203e-01 2.738e-01 9.123e-04 4.266e-04 2.599e-03 -1.000 5.900e-03 1.191 -0.231 -0.778 -0.859 -0.899 -0.858 -0.876 -0.923 -1.340 -1.204 -1.077 -0.895 -0.853 -0.864 -1.151
0.006 -0.40400 10.00000 0.9490942955 2.4615986347    0.946  1.479  3.6784  2.600    3  0.000  0.468     0.00     0.00 -1 -1.93e-11      0.00 7.202e-01 2.739e-01 9.122e-04 4.268e-04 2.599e-03 -1.000 5.900e-03 1.072 -0.358 -0.913 -0.994 -1.036 -0.994 -1.012 -1.060 -1.478 -1.342 -1.216 -1.031 -0.989 -1.002 -1.289
0.006 -0.40400 10.00000 0.9492878914 2.4616444111    0.946  1.526  3.6761  2.545    3  0.000  0.468     0.00     0.00 -1 -2.29e-11      0.00 7.202e-01 2.739e-01 9.121e-04 4.269e-04 2.599e-03 -1.000 5.900e-03 0.956 -0.481 -1.043 -1.126 -1.168 -1.125 -1.144 -1.193 -1.612 -1.476 -1.350 -1.164 -1.121 -1.135 -1.423
0.006 -0.40400 10.00000 0.9494680762 2.4616868496    0.946  1.571  3.6737  2.490    3  0.000  0.468     0.00     0.00 -1  -2.7e-11      0.00 7.202e-01 2.739e-01 9.120e-04 4.271e-04 2.599e-03 -1.000 5.900e-03 0.843 -0.601 -1.171 -1.255 -1.298 -1.254 -1.274 -1.324 -1.743 -1.608 -1.482 -1.294 -1.250 -1.266 -1.554
0.006 -0.40400 10.00000 0.9496393800 2.4617273808    0.946  1.612  3.6715  2.439    3  0.000  0.468     0.00     0.00 -1 -3.16e-11      0.00 7.202e-01 2.739e-01 9.119e-04 4.272e-04 2.599e-03 -1.000 5.900e-03 0.739 -0.713 -1.290 -1.376 -1.419 -1.374 -1.394 -1.446 -1.864 -1.730 -1.604 -1.414 -1.369 -1.388 -1.676
0.006 -0.40400 10.00000 0.9498469234 2.4617762566    0.946  1.654  3.6693  2.389    3  0.000  0.468     0.00     0.00 -1  -3.7e-11      0.00 7.202e-01 2.739e-01 9.118e-04 4.274e-04 2.599e-03 -1.000 5.900e-03 0.635 -0.825 -1.408 -1.495 -1.540 -1.492 -1.513 -1.567 -1.986 -1.852 -1.726 -1.535 -1.487 -1.509 -1.797
0.006 -0.40400 10.00000 0.9499217272 2.4617938995    0.946  1.666  3.6687  2.374    3  0.000  0.468     0.00     0.00 -1 -3.88e-11      0.00 7.202e-01 2.739e-01 9.117e-04 4.274e-04 2.599e-03 -1.000 5.900e-03 0.605 -0.856 -1.442 -1.529 -1.574 -1.526 -1.547 -1.601 -2.021 -1.886 -1.761 -1.569 -1.521 -1.544 -1.832
0.006 -0.40400 10.00000 0.9499999881 2.4618122578    0.946  1.653  3.6697  2.392    3  0.000  0.468     0.00     0.00 -1 -3.71e-11      0.00 7.202e-01 2.739e-01 9.117e-04 4.275e-04 2.599e-03 -1.000 5.900e-03 0.639 -0.819 -1.402 -1.489 -1.533 -1.486 -1.506 -1.560 -1.979 -1.845 -1.719 -1.528 -1.481 -1.502 -1.790
0.006 -0.40400 10.00000 0.9500238299 2.4618179798    0.946  1.648  3.6700  2.397    3  0.000  0.468     0.00     0.00 -1 -3.65e-11      0.00 7.202e-01 2.739e-01 9.117e-04 4.275e-04 2.599e-03 -1.000 5.900e-03 0.649 -0.808 -1.389 -1.476 -1.520 -1.473 -1.493 -1.547 -1.966 -1.832 -1.706 -1.515 -1.468 -1.489 -1.777
0.006 -0.40400 10.00000 0.9501248002 2.4618415833    0.946  1.619  3.6721  2.435    3  0.000  0.468     0.00     0.00 -1 -3.28e-11      0.00 7.202e-01 2.739e-01 9.116e-04 4.276e-04 2.599e-03 -1.000 5.900e-03 0.723 -0.727 -1.302 -1.387 -1.431 -1.385 -1.405 -1.457 -1.876 -1.741 -1.616 -1.426 -1.380 -1.399 -1.687
0.006 -0.40400 10.00000 0.9501515031 2.4618480206    0.946  1.609  3.6728  2.448    3  0.000  0.468     0.00     0.00 -1 -3.16e-11      0.00 7.202e-01 2.739e-01 9.116e-04 4.276e-04 2.599e-03 -1.000 5.900e-03 0.748 -0.700 -1.273 -1.358 -1.401 -1.356 -1.376 -1.427 -1.846 -1.711 -1.586 -1.396 -1.351 -1.369 -1.657
0.006 -0.40400 10.00000 0.9502040148 2.4618604183    0.946  1.627  3.6717  2.425    3  0.000  0.468     0.00     0.00 -1 -3.34e-11      0.00 7.202e-01 2.739e-01 9.116e-04 4.276e-04 2.599e-03 -1.000 5.900e-03 0.702 -0.749 -1.325 -1.411 -1.455 -1.409 -1.429 -1.481 -1.900 -1.765 -1.640 -1.450 -1.404 -1.423 -1.711
0.006 -0.40400 10.00000 0.9503397942 2.4618923664    0.946  1.674  3.6691  2.368    3  0.000  0.468     0.00     0.00 -1 -3.95e-11      0.00 7.202e-01 2.739e-01 9.115e-04 4.277e-04 2.599e-03 -1.000 5.901e-03 0.585 -0.875 -1.459 -1.546 -1.591 -1.543 -1.564 -1.618 -2.037 -1.903 -1.778 -1.586 -1.538 -1.561 -1.848
0.006 -0.40400 10.00000 0.9504699111 2.4619228840    0.946  1.720  3.6664  2.311    3  0.000  0.468     0.00     0.00 -1  -4.7e-11      0.00 7.202e-01 2.739e-01 9.115e-04 4.278e-04 2.599e-03 -1.000 5.901e-03 0.469 -0.999 -1.592 -1.681 -1.726 -1.677 -1.698 -1.755 -2.174 -2.040 -1.915 -1.721 -1.671 -1.697 -1.985
0.006 -0.40400 10.00000 0.9505878091 2.4619507790    0.945  1.765  3.6637  2.255    3  0.000  0.468     0.00     0.00 -1 -5.55e-11      0.00 7.202e-01 2.739e-01 9.114e-04 4.279e-04 2.599e-03 -1.000 5.901e-03 0.357 -1.120 -1.721 -1.812 -1.858 -1.807 -1.828 -1.887 -2.307 -2.173 -2.049 -1.853 -1.801 -1.830 -2.118
0.006 -0.40400 10.00000 0.9507007003 2.4619772434    0.945  1.812  3.6609  2.198    3  0.000  0.468     0.00     0.00 -1  -6.6e-11      0.00 7.202e-01 2.739e-01 9.113e-04 4.280e-04 2.599e-03 -1.000 5.901e-03 0.241 -1.245 -1.854 -1.947 -1.994 -1.940 -1.963 -2.024 -2.444 -2.311 -2.187 -1.989 -1.935 -1.967 -2.255
0.006 -0.40400 10.00000 0.9508001208 2.4620006084    0.945  1.856  3.6581  2.142    3  0.000  0.467     0.00     0.00 -1  -7.8e-11      0.00 7.202e-01 2.739e-01 9.113e-04 4.281e-04 2.599e-03 -1.000 5.902e-03 0.130 -1.364 -1.982 -2.077 -2.125 -2.069 -2.092 -2.156 -2.576 -2.443 -2.319 -2.119 -2.063 -2.099 -2.387
0.006 -0.40400 10.00000 0.9508944154 2.4620227814    0.945  1.901  3.6553  2.085    3  0.000  0.467     0.00     0.00 -1 -9.24e-11      0.00 7.202e-01 2.739e-01 9.112e-04 4.282e-04 2.599e-03 -1.000 5.902e-03 0.017 -1.485 -2.113 -2.210 -2.259 -2.201 -2.225 -2.291 -2.711 -2.578 -2.455 -2.253 -2.195 -2.234 -2.522
0.006 -0.40400 10.00000 0.9509779215 2.4620423317    0.945  1.945  3.6525  2.031    3  0.000  0.467     0.00     0.00 -1 -1.09e-10      0.00 7.202e-01 2.739e-01 9.112e-04 4.282e-04 2.599e-03 -1.000 5.902e-03 -0.092 -1.602 -2.239 -2.337 -2.388 -2.328 -2.352 -2.420 -2.841 -2.708 -2.585 -2.382 -2.321 -2.363 -2.652
0.006 -0.40400 10.00000 0.9510561228 2.4620606899    0.944  1.988  3.6497  1.976    3  0.000  0.467     0.00     0.00 -1 -1.28e-10      0.00 7.202e-01 2.739e-01 9.111e-04 4.283e-04 2.599e-03 -1.000 5.902e-03 -0.201 -1.719 -2.364 -2.465 -2.516 -2.453 -2.479 -2.550 -2.955 -3.047 -3.097 -2.510 -2.446 -2.497 -2.773
0.006 -0.40400 10.00000 0.9511287212 2.4620778561    0.944  2.032  3.6468  1.920    3  0.000  0.467     0.00     0.00 -1 -1.51e-10      0.00 7.202e-01 2.739e-01 9.111e-04 4.283e-04 2.599e-03 -1.000 5.902e-03 -0.310 -1.836 -2.486 -2.591 -2.645 -2.577 -2.605 -2.680 -3.051 -3.658 -4.103 -2.638 -2.570 -2.635 -2.884
0.006 -0.40400 10.00000 0.9511947632 2.4620933533    0.944  2.076  3.6439  1.865    3  0.000  0.467     0.00     0.00 -1 -1.78e-10      0.00 7.201e-01 2.739e-01 9.111e-04 4.284e-04 2.599e-03 -1.000 5.902e-03 -0.419 -1.952 -2.607 -2.717 -2.772 -2.700 -2.730 -2.809 -3.145 -4.262 -5.099 -2.765 -2.692 -2.772 -2.994
0.006 -0.40400 10.00000 0.9512557387 2.4621076584    0.943  2.119  3.6410  1.810    3  0.000  0.467     0.00     0.00 -1  -2.1e-10      0.00 7.201e-01 2.740e-01 9.110e-04 4.284e-04 2.599e-03 -1.000 5.903e-03 -0.527 -2.068 -2.728 -2.842 -2.899 -2.823 -2.856 -2.937 -3.240 -4.870 -6.100 -2.892 -2.815 -2.910 -3.105
0.006 -0.40400 10.00000 0.9513098598 2.4621202946    0.943  2.161  3.6381  1.756    3  0.000  0.467     0.00     0.00 -1 -2.45e-10      0.00 7.201e-01 2.740e-01 9.110e-04 4.285e-04 2.599e-03 -1.000 5.903e-03 -0.631 -2.180 -2.845 -2.963 -3.022 -2.941 -2.977 -3.061 -3.332 -5.457 -7.066 -3.015 -2.933 -3.041 -3.211
0.006 -0.40400 10.00000 0.9513608813 2.4621322155    0.942  2.203  3.6352  1.702    3  0.000  0.467     0.00     0.00 -1 -2.88e-10      0.00 7.201e-01 2.740e-01 9.110e-04 4.285e-04 2.599e-03 -1.000 5.903e-03 -0.737 -2.292 -2.962 -3.086 -3.146 -3.062 -3.100 -3.186 -3.424 -6.052 -8.047 -3.139 -3.053 -3.175 -3.319
0.006 -0.40400 10.00000 0.9514069557 2.4621431828    0.942  2.244  3.6323  1.649    3  0.000  0.467     0.00     0.00 -1 -3.37e-10      0.00 7.201e-01 2.740e-01 9.110e-04 4.285e-04 2.599e-03 -1.000 5.903e-03 -0.840 -2.402 -3.077 -3.205 -3.268 -3.180 -3.220 -3.307 -3.515 -6.634 -9.006 -3.261 -3.171 -3.305 -3.424
0.006 -0.40400 10.00000 0.9514503479 2.4621534348    0.941  2.286  3.6293  1.595    3  0.000  0.467     0.00     0.00 -1 -3.95e-10      0.00 7.201e-01 2.740e-01 9.109e-04 4.286e-04 2.599e-03 -1.000 5.903e-03 -0.945 -2.512 -3.193 -3.327 -3.391 -3.300 -3.342 -3.430 -3.607 -7.225 -9.979 -3.383 -3.290 -3.436 -3.531
0.006 -0.40400 10.00000 0.9514902234 2.4621627331    0.941  2.327  3.6263  1.541    3  0.000  0.467     0.00     0.00 -1 -4.62e-10      0.00 7.201e-01 2.740e-01 9.109e-04 4.286e-04 2.599e-03 -1.000 5.903e-03 -1.048 -2.622 -3.307 -3.447 -3.513 -3.419 -3.464 -3.551 -3.698 -7.814 -10.948 -3.506 -3.409 -3.567 -3.637
0.006 -0.40400 10.00000 0.9515263438 2.4621710777    0.940  2.367  3.6234  1.489    3  0.000  0.467     0.00     0.00 -1 -5.38e-10      0.00 7.201e-01 2.740e-01 9.109e-04 4.286e-04 2.599e-03 -1.000 5.903e-03 -1.149 -2.728 -3.420 -3.565 -3.633 -3.536 -3.583 -3.670 -3.794 -8.293 -11.721 -3.625 -3.526 -3.692 -3.745
0.006 -0.40400 10.00000 0.9515606761 2.4621791840    0.939  2.409  3.6204  1.435    3  0.000  0.467     0.00     0.00 -1 -6.31e-10      0.00 7.201e-01 2.740e-01 9.109e-04 4.286e-04 2.599e-03 -1.000 5.903e-03 -1.252 -2.839 -3.540 -3.689 -3.758 -3.659 -3.708 -3.794 -3.921 -8.420 -11.849 -3.750 -3.650 -3.817 -3.872
0.006 -0.40400 10.00000 0.9515912533 2.4621863365    0.939  2.448  3.6174  1.383    3  0.000  0.467     0.00     0.00 -1 -7.34e-10      0.00 7.201e-01 2.740e-01 9.109e-04 4.287e-04 2.599e-03 -1.000 5.903e-03 -1.351 -2.944 -3.655 -3.809 -3.879 -3.779 -3.828 -3.914 -4.044 -8.543 -11.972 -3.870 -3.769 -3.938 -3.995
0.006 -0.40400 10.00000 0.9516201019 2.4621932507    0.938  2.489  3.6143  1.331    3  0.000  0.467     0.00     0.00 -1 -8.56e-10      0.00 7.201e-01 2.740e-01 9.108e-04 4.287e-04 2.599e-03 -1.000 5.903e-03 -1.452 -3.052 -3.772 -3.930 -4.002 -3.900 -3.951 -4.036 -4.169 -8.668 -12.097 -3.993 -3.890 -4.061 -4.120
0.006 -0.40400 10.00000 0.9516468048 2.4621994495    0.937  2.529  3.6113  1.278    3  0.000  0.467     0.00     0.00 -1 -9.98e-10      0.00 7.201e-01 2.740e-01 9.108e-04 4.287e-04 2.599e-03 -1.000 5.903e-03 -1.552 -3.158 -3.888 -4.050 -4.124 -4.020 -4.072 -4.157 -4.293 -8.792 -12.221 -4.114 -4.010 -4.183 -4.244
0.006 -0.40400 10.00000 0.9516708255 2.4622051716    0.936  2.567  3.6083  1.227    3  0.000  0.467     0.00     0.00 -1 -1.16e-09      0.00 7.201e-01 2.740e-01 9.108e-04 4.287e-04 2.599e-03 -1.000 5.903e-03 -1.649 -3.261 -4.000 -4.166 -4.241 -4.136 -4.190 -4.274 -4.413 -8.912 -12.341 -4.231 -4.126 -4.300 -4.364
0.006 -0.40400 10.00000 0.9516935349 2.4622104168    0.935  2.606  3.6053  1.176    3  0.000  0.467     0.00     0.00 -1 -1.34e-09      0.00 7.201e-01 2.740e-01 9.108e-04 4.287e-04 2.599e-03 -1.000 5.903e-03 -1.746 -3.364 -4.113 -4.284 -4.360 -4.253 -4.308 -4.393 -4.534 -9.033 -12.462 -4.350 -4.244 -4.419 -4.485
0.006 -0.40400 10.00000 0.9517142773 2.4622151852    0.934  2.644  3.6023  1.125    3  0.000  0.467     0.00     0.00 -1 -1.56e-09      0.00 7.201e-01 2.740e-01 9.108e-04 4.287e-04 2.599e-03 -1.000 5.904e-03 -1.841 -3.465 -4.223 -4.399 -4.477 -4.369 -4.425 -4.509 -4.653 -9.152 -12.581 -4.466 -4.359 -4.536 -4.604
0.006 -0.40400 10.00000 0.9517332911 2.4622197151    0.933  2.681  3.5994  1.076    3  0.000  0.467     0.00     0.00 -1 -1.79e-09      0.00 7.201e-01 2.740e-01 9.108e-04 4.288e-04 2.599e-03 -1.000 5.903e-03 -1.933 -3.563 -4.330 -4.511 -4.590 -4.480 -4.538 -4.621 -4.769 -9.268 -12.696 -4.579 -4.471 -4.649 -4.719
0.006 -0.40400 10.00000 0.9517518282 2.4622240067    0.931  2.720  3.5963  1.024    3  0.000  0.467     0.00     0.00 -1 -2.08e-09      0.00 7.201e-01 2.740e-01 9.108e-04 4.288e-04 2.599e-03 -1.000 5.904e-03 -2.030 -3.665 -4.443 -4.628 -4.709 -4.597 -4.657 -4.739 -4.890 -9.389 -12.817 -4.697 -4.587 -4.768 -4.840
0.006 -0.40400 10.00000 0.9517722130 2.4622287750    0.930  2.765  3.5925  0.963    3  0.000  0.467     0.00     0.00 -1 -2.48e-09      0.00 7.201e-01 2.740e-01 9.108e-04 4.288e-04 2.599e-03 -1.000 5.904e-03 -2.143 -3.786 -4.575 -4.767 -4.849 -4.736 -4.799 -4.879 -5.034 -9.533 -12.961 -4.837 -4.726 -4.909 -4.984
0.006 -0.40400 10.00000 0.9517906904 2.4622330666    0.928  2.809  3.5888  0.904    3  0.000  0.467     0.00     0.00 -1 -2.94e-09      0.00 7.201e-01 2.740e-01 9.108e-04 4.288e-04 2.599e-03 -1.000 5.904e-03 -2.253 -3.903 -4.703 -4.901 -4.986 -4.870 -4.936 -5.016 -5.174 -9.673 -13.101 -4.973 -4.861 -5.046 -5.124
0.006 -0.40400 10.00000 0.9518048763 2.4622364044    0.926  2.845  3.5859  0.855    3  0.000  0.467     0.00     0.00 -1 -3.38e-09      0.00 7.201e-01 2.740e-01 9.107e-04 4.288e-04 2.599e-03 -1.000 5.904e-03 -2.343 -3.999 -4.808 -5.011 -5.098 -4.980 -5.049 -5.128 -5.289 -9.787 -13.216 -5.084 -4.971 -5.159 -5.239
0.006 -0.40400 10.00000 0.9518182278 2.4622397423    0.924  2.881  3.5828  0.806    3  0.000  0.467     0.00     0.00 -1 -3.88e-09      0.00 7.201e-01 2.740e-01 9.107e-04 4.288e-04 2.599e-03 -1.000 5.904e-03 -2.432 -4.095 -4.913 -5.121 -5.210 -5.090 -5.162 -5.240 -5.404 -9.903 -13.331 -5.195 -5.082 -5.272 -5.354
0.006 -0.40400 10.00000 0.9518327713 2.4622430801    0.922  2.923  3.5791  0.749    3  0.000  0.467     0.00     0.00 -1 -4.57e-09      0.00 7.201e-01 2.740e-01 9.107e-04 4.288e-04 2.599e-03 -1.000 5.904e-03 -2.536 -4.207 -5.034 -5.250 -5.340 -5.219 -5.293 -5.370 -5.538 -10.037 -13.465 -5.325 -5.210 -5.403 -5.489
0.006 -0.40400 10.00000 0.9518463612 2.4622461796    0.919  2.964  3.5753  0.691    3  0.000  0.467     0.00     0.00 -1 -5.39e-09      0.00 7.201e-01 2.740e-01 9.107e-04 4.288e-04 2.599e-03 -1.000 5.904e-03 -2.640 -4.319 -5.157 -5.378 -5.471 -5.347 -5.426 -5.502 -5.674 -10.172 -13.601 -5.455 -5.339 -5.536 -5.624
0.006 -0.40400 10.00000 0.9518589973 2.4622492790    0.917  3.005  3.5716  0.634    3  0.000  0.467     0.00     0.00 -1 -6.33e-09      0.00 7.201e-01 2.740e-01 9.107e-04 4.289e-04 2.599e-03 -1.000 5.904e-03 -2.742 -4.428 -5.277 -5.505 -5.601 -5.474 -5.557 -5.632 -5.808 -10.306 -13.735 -5.583 -5.467 -5.667 -5.758
0.006 -0.40400 10.00000 0.9518706799 2.4622519016    0.914  3.045  3.5678  0.577    3  0.000  0.467     0.00     0.00 -1 -7.42e-09      0.00 7.201e-01 2.740e-01 9.107e-04 4.289e-04 2.599e-03 -1.000 5.904e-03 -2.842 -4.537 -5.395 -5.630 -5.728 -5.599 -5.685 -5.760 -5.939 -10.438 -13.866 -5.709 -5.592 -5.796 -5.890
0.006 -0.40400 10.00000 0.9518814087 2.4622545242    0.910  3.084  3.5641  0.522    3  0.000  0.467     0.00     0.00 -1 -8.67e-09      0.00 7.201e-01 2.740e-01 9.107e-04 4.289e-04 2.599e-03 -1.000 5.904e-03 -2.940 -4.644 -5.512 -5.753 -5.853 -5.721 -5.812 -5.885 -6.069 -10.568 -13.996 -5.832 -5.715 -5.923 -6.019
0.006 -0.40400 10.00000 0.9518913031 2.4622566700    0.907  3.122  3.5604  0.467    3  0.000  0.467     0.00     0.00 -1 -1.01e-08      0.00 7.201e-01 2.740e-01 9.107e-04 4.289e-04 2.599e-03 -1.000 5.904e-03 -3.035 -4.747 -5.624 -5.872 -5.975 -5.842 -5.936 -6.009 -6.197 -10.695 -14.124 -5.953 -5.835 -6.048 -6.147
0.006 -0.40400 10.00000 0.9519005418 2.4622590542    0.903  3.159  3.5566  0.413    3  0.000  0.467     0.00     0.00 -1 -1.17e-08      0.00 7.201e-01 2.740e-01 9.107e-04 4.289e-04 2.599e-03 -1.000 5.904e-03 -3.128 -4.851 -5.736 -5.990 -6.096 -5.962 -6.060 -6.132 -6.324 -10.823 -14.251 -6.072 -5.956 -6.172 -6.274
0.006 -0.40400 10.00000 0.9519090652 2.4622609615    0.899  3.195  3.5528  0.360    3  0.000  0.467     0.00     0.00 -1 -1.36e-08      0.00 7.201e-01 2.740e-01 9.107e-04 4.289e-04 2.599e-03 -1.000 5.904e-03 -3.219 -4.953 -5.845 -6.106 -6.215 -6.080 -6.182 -6.253 -6.449 -10.948 -14.376 -6.189 -6.075 -6.295 -6.399
0.006 -0.40400 10.00000 0.9519169927 2.4622628689    0.895  3.231  3.5490  0.307    3  0.000  0.467     0.00     0.00 -1 -1.57e-08      0.00 7.201e-01 2.740e-01 9.107e-04 4.289e-04 2.599e-03 -1.000 5.904e-03 -3.307 -5.053 -5.953 -6.220 -6.332 -6.197 -6.301 -6.373 -6.573 -11.071 -14.500 -6.304 -6.192 -6.416 -6.523
0.006 -0.40400 10.00000 0.9519243240 2.4622645378    0.890  3.265  3.5452  0.255    3  0.000  0.467     0.00     0.00 -1 -1.81e-08      0.00 7.201e-01 2.740e-01 9.107e-04 4.289e-04 2.599e-03 -1.000 5.904e-03 -3.393 -5.149 -6.056 -6.330 -6.445 -6.309 -6.418 -6.489 -6.694 -11.192 -14.620 -6.416 -6.305 -6.534 -6.643
0.006 -0.40400 10.00000 0.9519311786 2.4622662067    0.885  3.298  3.5417  0.205    3  0.000  0.467     0.00     0.00 -1 -2.07e-08      0.00 7.201e-01 2.740e-01 9.107e-04 4.289e-04 2.599e-03 -1.000 5.904e-03 -3.476 -5.243 -6.156 -6.437 -6.555 -6.418 -6.530 -6.602 -6.810 -11.308 -14.737 -6.524 -6.414 -6.648 -6.759
0.006 -0.40400 10.00000 0.9519379139 2.4622676373    0.880  3.333  3.5379  0.153    3  0.000  0.467     0.00     0.00 -1 -2.39e-08      0.00 7.201e-01 2.740e-01 9.107e-04 4.289e-04 2.599e-03 -1.000 5.904e-03 -3.562 -5.340 -6.260 -6.547 -6.668 -6.532 -6.647 -6.719 -6.931 -11.429 -14.858 -6.635 -6.528 -6.767 -6.880
0.006 -0.40400 10.00000 0.9519442320 2.4622690678    0.874  3.364  3.5344  0.105    3  0.000  0.467     0.00     0.00 -1 -2.72e-08      0.00 7.201e-01 2.740e-01 9.107e-04 4.289e-04 2.599e-03 -1.000 5.904e-03 -3.639 -5.429 -6.353 -6.647 -6.771 -6.634 -6.752 -6.824 -7.040 -11.538 -14.967 -6.735 -6.631 -6.873 -6.989
0.006 -0.40400 10.00000 0.9519481659 2.4622700214    0.870  3.383  3.5323  0.076    3  0.000  0.467     0.00     0.00 -1 -2.95e-08      0.00 7.201e-01 2.740e-01 9.107e-04 4.289e-04 2.599e-03 -1.000 5.904e-03 -3.687 -5.483 -6.411 -6.708 -6.834 -6.698 -6.818 -6.889 -7.107 -11.606 -15.034 -6.797 -6.695 -6.940 -7.057
0.006 -0.40400 10.00000 0.9519481659 2.4622700214    0.869  1.714  3.6930  2.388    4  0.000  0.490     0.00     0.00 -1    -1e-30      0.00 7.238e-01 2.703e-01 9.507e-04 3.752e-04 2.588e-03 -1.000 5.900e-03 0.486 -0.898 -1.405 -1.479 -1.517 -1.476 -1.493 -1.539 -1.956 -1.820 -1.693 -1.513 -1.472 -1.481 -1.767
0.006 -0.40400 10.00000 0.9520276189 2.4622886181    0.869  1.724  3.6922  2.374    4  0.000  0.490     0.00     0.00 -1    -1e-30      0.00 7.238e-01 2.703e-01 9.506e-04 3.752e-04 2.588e-03 -1.000 5.900e-03 0.459 -0.928 -1.436 -1.511 -1.549 -1.508 -1.525 -1.572 -1.989 -1.853 -1.726 -1.545 -1.504 -1.513 -1.800
0.006 -0.40400 10.00000 0.9521039724 2.4623067379    0.870  1.728  3.6920  2.370    4  0.000  0.490     0.00     0.00 -1    -1e-30      0.00 7.238e-01 2.703e-01 9.506e-04 3.752e-04 2.588e-03 -1.000 5.900e-03 0.450 -0.937 -1.447 -1.521 -1.560 -1.518 -1.535 -1.582 -1.999 -1.863 -1.736 -1.556 -1.514 -1.524 -1.810
0.006 -0.40400 10.00000 0.9521802068 2.4623243809    0.870  1.729  3.6922  2.369    4  0.000  0.490     0.00     0.00 -1    -1e-30      0.00 7.238e-01 2.703e-01 9.506e-04 3.753e-04 2.588e-03 -1.000 5.900e-03 0.448 -0.939 -1.448 -1.523 -1.561 -1.520 -1.537 -1.583 -2.001 -1.865 -1.738 -1.557 -1.515 -1.525 -1.812
0.006 -0.40400 10.00000 0.9522600770 2.4623432159    0.870  1.728  3.6926  2.372    4  0.000  0.490     0.00     0.00 -1    -1e-30      0.00 7.238e-01 2.703e-01 9.506e-04 3.753e-04 2.588e-03 -1.000 5.900e-03 0.450 -0.936 -1.444 -1.518 -1.556 -1.515 -1.532 -1.579 -1.996 -1.860 -1.732 -1.552 -1.511 -1.520 -1.807
0.006 -0.40400 10.00000 0.9523382187 2.4623615742    0.870  1.726  3.6931  2.375    4  0.000  0.490     0.00     0.00 -1    -1e-30      0.00 7.238e-01 2.703e-01 9.506e-04 3.753e-04 2.588e-03 -1.000 5.900e-03 0.454 -0.930 -1.436 -1.510 -1.548 -1.507 -1.525 -1.571 -1.988 -1.852 -1.724 -1.545 -1.503 -1.512 -1.799
0.006 -0.40400 10.00000 0.9524165988 2.4623799324    0.870  1.724  3.6936  2.380    4  0.000  0.490     0.00     0.00 -1    -1e-30      0.00 7.238e-01 2.703e-01 9.506e-04 3.753e-04 2.588e-03 -1.000 5.900e-03 0.459 -0.923 -1.427 -1.501 -1.539 -1.498 -1.515 -1.561 -1.978 -1.842 -1.715 -1.535 -1.494 -1.502 -1.789
0.006 -0.40400 10.00000 0.9524957538 2.4623982906    0.870  1.722  3.6942  2.384    4  0.000  0.490     0.00     0.00 -1    -1e-30      0.00 7.238e-01 2.703e-01 9.505e-04 3.754e-04 2.588e-03 -1.000 5.900e-03 0.465 -0.915 -1.418 -1.491 -1.529 -1.489 -1.506 -1.551 -1.968 -1.832 -1.705 -1.525 -1.484 -1.493 -1.779
0.006 -0.40400 10.00000 0.9525738955 2.4624166489    0.870  1.720  3.6948  2.389    4  0.000  0.490     0.00     0.00 -1    -1e-30      0.00 7.238e-01 2.703e-01 9.505e-04 3.754e-04 2.588e-03 -1.000 5.900e-03 0.470 -0.908 -1.409 -1.482 -1.520 -1.480 -1.497 -1.542 -1.959 -1.822 -1.695 -1.516 -1.476 -1.483 -1.770
0.006 -0.40400 10.00000 0.9526548386 2.4624357224    0.870  1.718  3.6953  2.392    4  0.000  0.490     0.00     0.00 -1    -1e-30      0.00 7.238e-01 2.703e-01 9.505e-04 3.754e-04 2.588e-03 -1.000 5.900e-03 0.474 -0.902 -1.401 -1.474 -1.512 -1.472 -1.489 -1.533 -1.950 -1.814 -1.687 -1.508 -1.468 -1.475 -1.761
0.006 -0.40400 10.00000 0.9527285695 2.4624528885    0.870  1.717  3.6957  2.396    4  0.000  0.490     0.00     0.00 -1    -1e-30      0.00 7.238e-01 2.703e-01 9.505e-04 3.754e-04 2.588e-03 -1.000 5.900e-03 0.478 -0.897 -1.395 -1.468 -1.505 -1.465 -1.482 -1.526 -1.943 -1.807 -1.680 -1.501 -1.461 -1.468 -1.754
0.006 -0.40400 10.00000 0.9528033137 2.4624702930    0.870  1.716  3.6961  2.399    4  0.000  0.490     0.00     0.00 -1    -1e-30      0.00 7.238e-01 2.703e-01 9.505e-04 3.755e-04 2.588e-03 -1.000 5.900e-03 0.481 -0.892 -1.389 -1.462 -1.499 -1.459 -1.476 -1.520 -1.937 -1.801 -1.673 -1.495 -1.455 -1.462 -1.748
0.006 -0.40400 10.00000 0.9528787732 2.4624879360    0.870  1.715  3.6965  2.401    4  0.000  0.490     0.00     0.00 -1    -1e-30      0.00 7.238e-01 2.703e-01 9.505e-04 3.755e-04 2.588e-03 -1.000 5.900e-03 0.484 -0.888 -1.384 -1.456 -1.493 -1.454 -1.471 -1.515 -1.931 -1.795 -1.668 -1.490 -1.450 -1.456 -1.743
0.006 -0.40400 10.00000 0.9529570341 2.4625062943    0.870  1.714  3.6969  2.404    4  0.000  0.490     0.00     0.00 -1    -1e-30      0.00 7.238e-01 2.703e-01 9.504e-04 3.755e-04 2.588e-03 -1.000 5.900e-03 0.486 -0.885 -1.379 -1.451 -1.488 -1.449 -1.466 -1.510 -1.926 -1.790 -1.662 -1.485 -1.445 -1.451 -1.737
0.006 -0.40400 10.00000 0.9530354738 2.4625246525    0.871  1.713  3.6972  2.406    4  0.000  0.490     0.00     0.00 -1    -1e-30      0.00 7.238e-01 2.703e-01 9.504e-04 3.755e-04 2.588e-03 -1.000 5.900e-03 0.488 -0.882 -1.375 -1.447 -1.484 -1.445 -1.462 -1.505 -1.922 -1.786 -1.658 -1.480 -1.441 -1.447 -1.733
0.006 -0.40400 10.00000 0.9531160593 2.4625434875    0.871  1.712  3.6975  2.407    4  0.000  0.490     0.00     0.00 -1    -1e-30      0.00 7.238e-01 2.703e-01 9.504e-04 3.755e-04 2.588e-03 -1.000 5.900e-03 0.489 -0.879 -1.372 -1.444 -1.481 -1.442 -1.458 -1.502 -1.919 -1.782 -1.655 -1.477 -1.438 -1.443 -1.730
0.006 -0.40400 10.00000 0.9531914592 2.4625611305    0.871  1.712  3.6977  2.409    4  0.000  0.490     0.00     0.00 -1    -1e-30      0.00 7.238e-01 2.703e-01 9.504e-04 3.756e-04 2.588e-03 -1.000 5.900e-03 0.490 -0.878 -1.370 -1.442 -1.479 -1.440 -1.456 -1.500 -1.916 -1.780 -1.652 -1.475 -1.436 -1.441 -1.727
0.006 -0.40400 10.00000 0.9532684684 2.4625792503    0.871  1.712  3.6979  2.409    4  0.000  0.490     0.00     0.00 -1    -1e-30      0.00 7.238e-01 2.703e-01 9.504e-04 3.756e-04 2.588e-03 -1.000 5.900e-03 0.490 -0.877 -1.369 -1.441 -1.477 -1.439 -1.455 -1.498 -1.915 -1.778 -1.651 -1.474 -1.434 -1.440 -1.726
0.006 -0.40400 10.00000 0.9533471465 2.4625976086    0.871  1.712  3.6980  2.409    4  0.000  0.490     0.00     0.00 -1    -1e-30      0.00 7.238e-01 2.703e-01 9.504e-04 3.756e-04 2.588e-03 -1.000 5.900e-03 0.489 -0.878 -1.369 -1.441 -1.477 -1.439 -1.455 -1.498 -1.915 -1.778 -1.651 -1.474 -1.435 -1.440 -1.726
0.006 -0.40400 10.00000 0.9534286857 2.4626166821    0.871  1.713  3.6980  2.409    4  0.000  0.490     0.00     0.00 -1    -1e-30      0.00 7.238e-01 2.703e-01 9.504e-04 3.756e-04 2.588e-03 -1.000 5.900e-03 0.488 -0.879 -1.370 -1.442 -1.478 -1.440 -1.456 -1.499 -1.916 -1.779 -1.652 -1.475 -1.436 -1.441 -1.727
0.006 -0.40400 10.00000 0.9535082579 2.4626350403    0.871  1.714  3.6980  2.408    4  0.000  0.490     0.00     0.00 -1    -1e-30      0.00 7.238e-01 2.703e-01 9.503e-04 3.757e-04 2.588e-03 -1.000 5.900e-03 0.485 -0.882 -1.373 -1.444 -1.481 -1.442 -1.459 -1.502 -1.918 -1.782 -1.654 -1.477 -1.438 -1.443 -1.730
0.006 -0.40400 10.00000 0.9535889030 2.4626538754    0.871  1.715  3.6979  2.407    4  0.000  0.490     0.00     0.00 -1    -1e-30      0.00 7.238e-01 2.703e-01 9.503e-04 3.757e-04 2.588e-03 -1.000 5.900e-03 0.482 -0.885 -1.377 -1.448 -1.485 -1.446 -1.463 -1.506 -1.923 -1.786 -1.658 -1.481 -1.442 -1.447 -1.734
0.006 -0.40400 10.00000 0.9536043406 2.4626576900    0.871  1.716  3.6979  2.406    4  0.000  0.490     0.00     0.00 -1    -1e-30      0.00 7.238e-01 2.703e-01 9.503e-04 3.757e-04 2.588e-03 -1.000 5.900e-03 0.481 -0.886 -1.378 -1.449 -1.486 -1.447 -1.464 -1.507 -1.923 -1.787 -1.659 -1.482 -1.443 -1.448 -1.735
0.006 -0.40400 10.00000 0.9536224604 2.4626617432    0.871  1.716  3.6979  2.406    4  0.000  0.490     0.00     0.00 -1    -1e-30      0.00 7.238e-01 2.703e-01 9.503e-04 3.757e-04 2.588e-03 -1.000 5.900e-03 0.480 -0.887 -1.379 -1.451 -1.487 -1.448 -1.465 -1.508 -1.925 -1.788 -1.661 -1.484 -1.444 -1.449 -1.736
0.006 -0.40400 10.00000 0.9537009597 2.4626801014    0.871  1.718  3.6977  2.403    4  0.000  0.490     0.00     0.00 -1    -1e-30      0.00 7.238e-01 2.703e-01 9.503e-04 3.757e-04 2.588e-03 -1.000 5.900e-03 0.474 -0.893 -1.386 -1.457 -1.494 -1.455 -1.472 -1.515 -1.932 -1.795 -1.668 -1.490 -1.451 -1.456 -1.743
0.006 -0.40400 10.00000 0.9537826777 2.4626991749    0.871  1.721  3.6974  2.399    4  0.000  0.490     0.00     0.00 -1    -1e-30      0.00 7.238e-01 2.703e-01 9.503e-04 3.757e-04 2.588e-03 -1.000 5.900e-03 0.467 -0.902 -1.395 -1.467 -1.504 -1.465 -1.481 -1.525 -1.941 -1.805 -1.678 -1.500 -1.460 -1.466 -1.753
0.006 -0.40400 10.00000 0.9538605213 2.4627172947    0.871  1.725  3.6970  2.394    4  0.000  0.490     0.00     0.00 -1    -1e-30      0.00 7.238e-01 2.703e-01 9.503e-04 3.758e-04 2.588e-03 -1.000 5.900e-03 0.458 -0.912 -1.406 -1.478 -1.515 -1.476 -1.493 -1.536 -1.953 -1.817 -1.689 -1.512 -1.472 -1.478 -1.764
0.006 -0.40400 10.00000 0.9539393783 2.4627358913    0.872  1.729  3.6965  2.388    4  0.000  0.490     0.00     0.00 -1    -1e-30      0.00 7.238e-01 2.703e-01 9.503e-04 3.758e-04 2.588e-03 -1.000 5.900e-03 0.448 -0.924 -1.420 -1.492 -1.529 -1.490 -1.506 -1.550 -1.967 -1.831 -1.704 -1.525 -1.485 -1.492 -1.778
0.006 -0.40400 10.00000 0.9540179372 2.4627540112    0.872  1.733  3.6960  2.381    4  0.000  0.490     0.00     0.00 -1    -1e-30      0.00 7.237e-01 2.704e-01 9.502e-04 3.758e-04 2.588e-03 -1.000 5.900e-03 0.436 -0.938 -1.435 -1.508 -1.545 -1.505 -1.522 -1.566 -1.983 -1.847 -1.720 -1.541 -1.501 -1.508 -1.794
0.006 -0.40400 10.00000 0.9540959597 2.4627723694    0.872  1.739  3.6954  2.373    4  0.000  0.490     0.00     0.00 -1    -1e-30      0.00 7.237e-01 2.704e-01 9.502e-04 3.758e-04 2.588e-03 -1.000 5.900e-03 0.423 -0.953 -1.452 -1.525 -1.562 -1.522 -1.539 -1.584 -2.001 -1.865 -1.737 -1.558 -1.518 -1.525 -1.812
0.006 -0.40400 10.00000 0.9541736245 2.4627904892    0.872  1.745  3.6947  2.365    4  0.000  0.490     0.00     0.00 -1    -1e-30      0.00 7.237e-01 2.704e-01 9.502e-04 3.759e-04 2.588e-03 -1.000 5.900e-03 0.408 -0.970 -1.471 -1.544 -1.582 -1.542 -1.559 -1.604 -2.021 -1.885 -1.758 -1.578 -1.537 -1.545 -1.832
0.006 -0.40400 10.00000 0.9542526603 2.4628088474    0.872  1.752  3.6939  2.354    4  0.000  0.490     0.00     0.00 -1    -1e-30      0.00 7.237e-01 2.704e-01 9.502e-04 3.759e-04 2.588e-03 -1.000 5.900e-03 0.390 -0.992 -1.495 -1.568 -1.606 -1.565 -1.583 -1.628 -2.046 -1.910 -1.782 -1.603 -1.561 -1.570 -1.857
0.006 -0.40400 10.00000 0.9543324709 2.4628274441    0.872  1.757  3.6933  2.346    4  0.000  0.490     0.00     0.00 -1    -1e-30      0.00 7.237e-01 2.704e-01 9.502e-04 3.759e-04 2.588e-03 -1.000 5.900e-03 0.376 -1.007 -1.512 -1.586 -1.625 -1.583 -1.600 -1.647 -2.064 -1.928 -1.801 -1.621 -1.579 -1.588 -1.875
0.006 -0.40400 10.00000 0.9544106722 2.4628455639    0.872  1.758  3.6933  2.346    4  0.000  0.490     0.00     0.00 -1    -1e-30      0.00 7.237e-01 2.704e-01 9.502e-04 3.759e-04 2.588e-03 -1.000 5.900e-03 0.375 -1.009 -1.514 -1.588 -1.626 -1.585 -1.602 -1.648 -2.066 -1.930 -1.803 -1.622 -1.580 -1.590 -1.877
0.006 -0.40400 10.00000 0.9544915557 2.4628646374    0.872  1.780  3.6908  2.314    4  0.000  0.490     0.00     0.00 -1    -1e-30      0.00 7.237e-01 2.704e-01 9.501e-04 3.759e-04 2.588e-03 -1.000 5.900e-03 0.320 -1.073 -1.585 -1.660 -1.699 -1.656 -1.674 -1.722 -2.140 -2.004 -1.877 -1.695 -1.652 -1.664 -1.951
0.006 -0.40400 10.00000 0.9545705914 2.4628829956    0.872  1.818  3.6866  2.259    4  0.000  0.490     0.00     0.00 -1    -1e-30      0.00 7.237e-01 2.704e-01 9.501e-04 3.760e-04 2.588e-03 -1.000 5.900e-03 0.224 -1.183 -1.708 -1.786 -1.826 -1.781 -1.799 -1.850 -2.268 -2.134 -2.008 -1.822 -1.776 -1.792 -2.080
0.006 -0.40400 10.00000 0.9546080828 2.4628915787    0.872  1.855  3.6827  2.206    4  0.000  0.490     0.00     0.00 -1    -1e-30      0.00 7.237e-01 2.704e-01 9.501e-04 3.760e-04 2.588e-03 -1.000 5.900e-03 0.132 -1.289 -1.826 -1.905 -1.947 -1.899 -1.918 -1.972 -2.391 -2.257 -2.132 -1.942 -1.894 -1.914 -2.202
0.006 -0.40400 10.00000 0.9546269178 2.4628961086    0.872  1.891  3.6791  2.156    4  0.000  0.490     0.00     0.00 -1    -1e-30      0.00 7.237e-01 2.704e-01 9.501e-04 3.760e-04 2.588e-03 -1.000 5.900e-03 0.043 -1.390 -1.939 -2.020 -2.063 -2.014 -2.033 -2.089 -2.509 -2.375 -2.251 -2.058 -2.008 -2.031 -2.320
0.006 -0.40400 10.00000 0.9546362758 2.4628982544    0.872  1.925  3.6756  2.108    4  0.000  0.490     0.00     0.00 -1    -1e-30      0.00 7.237e-01 2.704e-01 9.501e-04 3.760e-04 2.588e-03 -1.000 5.900e-03 -0.043 -1.487 -2.047 -2.130 -2.174 -2.122 -2.143 -2.201 -2.621 -2.488 -2.364 -2.169 -2.117 -2.144 -2.432
0.006 -0.40400 10.00000 0.9546414614 2.4628994465    0.872  1.963  3.6718  2.055    4  0.000  0.490     0.00     0.00 -1    -1e-30      0.00 7.237e-01 2.704e-01 9.501e-04 3.760e-04 2.588e-03 -1.000 5.900e-03 -0.137 -1.594 -2.165 -2.251 -2.296 -2.242 -2.263 -2.324 -2.744 -2.611 -2.488 -2.291 -2.236 -2.267 -2.555
0.006 -0.40400 10.00000 0.9546440840 2.4629001617    0.872  1.997  3.6685  2.007    4  0.000  0.490     0.00     0.00 -1    -1e-30      0.00 7.237e-01 2.704e-01 9.501e-04 3.760e-04 2.588e-03 -1.000 5.900e-03 -0.223 -1.690 -2.272 -2.359 -2.406 -2.349 -2.371 -2.434 -2.855 -2.722 -2.599 -2.401 -2.343 -2.377 -2.666
0.006 -0.40400 10.00000 0.9546458721 2.4629004002    0.872  2.034  3.6649  1.956    4  0.000  0.490     0.00     0.00 -1    -1e-30      0.00 7.237e-01 2.704e-01 9.501e-04 3.760e-04 2.588e-03 -1.000 5.900e-03 -0.315 -1.794 -2.377 -2.471 -2.520 -2.457 -2.483 -2.552 -2.891 -3.948 -4.737 -2.514 -2.450 -2.514 -2.738
0.006 -0.40400 10.00000 0.9546467066 2.4629006386    0.872  2.057  3.6627  1.925    7  0.000  0.490     0.00     0.00 -1 -7.19e-10      0.00 7.237e-01 2.688e-01 9.501e-04 3.760e-04 2.588e-03 -1.000 7.454e-03 -0.371 -1.856 -2.443 -2.539 -2.590 -2.523 -2.551 -2.623 -2.932 -4.433 -5.562 -2.584 -2.516 -2.592 -2.792
0.006 -0.40400 10.00000 0.9546472430 2.4629008770    0.872  2.072  3.6613  1.904    7  0.000  0.490     0.00     0.00 -1 -7.84e-10      0.00 7.237e-01 2.688e-01 9.501e-04 3.760e-04 2.588e-03 -1.000 7.454e-03 -0.410 -1.899 -2.488 -2.586 -2.638 -2.569 -2.598 -2.672 -2.962 -4.737 -6.076 -2.632 -2.562 -2.645 -2.831
0.006 -0.40400 10.00000 0.9546483159 2.4629011154    0.872  2.107  3.6581  1.856    7  0.000  0.490     0.00     0.00 -1 -9.43e-10      0.00 7.237e-01 2.688e-01 9.501e-04 3.760e-04 2.588e-03 -1.000 7.454e-03 -0.497 -1.995 -2.590 -2.692 -2.745 -2.672 -2.704 -2.781 -3.033 -5.378 -7.156 -2.739 -2.665 -2.764 -2.919
0.006 -0.40400 10.00000 0.9546493888 2.4629013538    0.872  2.139  3.6552  1.812    7  0.000  0.490     0.00     0.00 -1 -1.12e-09      0.00 7.237e-01 2.688e-01 9.501e-04 3.760e-04 2.588e-03 -1.000 7.454e-03 -0.577 -2.085 -2.694 -2.797 -2.851 -2.778 -2.808 -2.886 -3.189 -4.796 -6.007 -2.845 -2.771 -2.857 -3.053
0.006 -0.40400 10.00000 0.9546504617 2.4629015923    0.872  2.158  3.6534  1.787    7  0.000  0.490     0.00     0.00 -1 -1.24e-09      0.00 7.237e-01 2.688e-01 9.501e-04 3.760e-04 2.588e-03 -1.000 7.454e-03 -0.624 -2.137 -2.750 -2.855 -2.909 -2.835 -2.866 -2.946 -3.232 -5.077 -6.471 -2.903 -2.827 -2.921 -3.103
0.006 -0.40400 10.00000 0.9546515942 2.4629018307    0.872  2.160  3.6533  1.784    7  0.000  0.490     0.00     0.00 -1 -1.26e-09      0.00 7.237e-01 2.688e-01 9.501e-04 3.760e-04 2.588e-03 -1.000 7.454e-03 -0.630 -2.143 -2.756 -2.861 -2.916 -2.841 -2.873 -2.952 -3.237 -5.109 -6.524 -2.910 -2.834 -2.928 -3.109
0.006 -0.40400 10.00000 0.9546547532 2.4629025459    0.872  2.145  3.6546  1.804    7  0.000  0.490     0.00     0.00 -1 -1.16e-09      0.00 7.237e-01 2.688e-01 9.501e-04 3.760e-04 2.588e-03 -1.000 7.454e-03 -0.592 -2.101 -2.712 -2.815 -2.869 -2.796 -2.827 -2.905 -3.203 -4.885 -6.155 -2.863 -2.789 -2.878 -3.069
0.006 -0.40400 10.00000 0.9546565413 2.4629030228    0.872  2.129  3.6561  1.826    7  0.000  0.490     0.00     0.00 -1 -1.07e-09      0.00 7.237e-01 2.688e-01 9.501e-04 3.760e-04 2.588e-03 -1.000 7.454e-03 -0.553 -2.058 -2.666 -2.767 -2.820 -2.749 -2.778 -2.855 -3.166 -4.650 -5.767 -2.814 -2.742 -2.825 -3.026
0.006 -0.40400 10.00000 0.9546609521 2.4629039764    0.872  2.121  3.6568  1.837    7  0.000  0.490     0.00     0.00 -1 -1.02e-09      0.00 7.237e-01 2.688e-01 9.501e-04 3.760e-04 2.588e-03 -1.000 7.454e-03 -0.532 -2.035 -2.641 -2.742 -2.794 -2.724 -2.753 -2.829 -3.147 -4.527 -5.564 -2.788 -2.717 -2.797 -3.004
0.006 -0.40400 10.00000 0.9546753764 2.4629073143    0.871  2.120  3.6569  1.838    7  0.000  0.490     0.00     0.00 -1 -1.02e-09      0.00 7.237e-01 2.688e-01 9.501e-04 3.760e-04 2.588e-03 -1.000 7.453e-03 -0.529 -2.031 -2.637 -2.738 -2.791 -2.720 -2.749 -2.825 -3.144 -4.511 -5.537 -2.785 -2.713 -2.793 -3.001
0.006 -0.40400 10.00000 0.9547165632 2.4629168510    0.870  2.145  3.6547  1.803    7  0.000  0.490     0.00     0.00 -1 -1.17e-09      0.00 7.237e-01 2.688e-01 9.501e-04 3.760e-04 2.588e-03 -1.000 7.453e-03 -0.591 -2.100 -2.711 -2.814 -2.868 -2.795 -2.826 -2.904 -3.201 -4.890 -6.163 -2.862 -2.787 -2.876 -3.067
0.006 -0.40400 10.00000 0.9547462463 2.4629237652    0.868  2.191  3.6503  1.739    7  0.000  0.490     0.00     0.00 -1 -1.51e-09      0.00 7.237e-01 2.688e-01 9.501e-04 3.760e-04 2.588e-03 -1.000 7.453e-03 -0.707 -2.228 -2.847 -2.956 -3.012 -2.934 -2.968 -3.050 -3.308 -5.590 -7.320 -3.006 -2.926 -3.032 -3.192
0.006 -0.40400 10.00000 0.9547743797 2.4629304409    0.867  2.245  3.6453  1.665    7  0.000  0.490     0.00     0.00 -1 -2.01e-09      0.00 7.237e-01 2.688e-01 9.501e-04 3.760e-04 2.588e-03 -1.000 7.453e-03 -0.842 -2.375 -3.005 -3.121 -3.180 -3.096 -3.133 -3.219 -3.431 -6.406 -8.666 -3.173 -3.088 -3.213 -3.336
0.006 -0.40400 10.00000 0.9547989964 2.4629361629    0.865  2.291  3.6412  1.601    7  0.000  0.490     0.00     0.00 -1 -2.58e-09      0.00 7.237e-01 2.688e-01 9.501e-04 3.760e-04 2.588e-03 -1.000 7.453e-03 -0.957 -2.501 -3.139 -3.262 -3.323 -3.234 -3.274 -3.363 -3.536 -7.102 -9.816 -3.316 -3.225 -3.367 -3.459
0.006 -0.40400 10.00000 0.9548200369 2.4629409313    0.863  2.335  3.6372  1.540    7  0.000  0.490     0.00     0.00 -1 -3.26e-09      0.00 7.237e-01 2.688e-01 9.501e-04 3.760e-04 2.588e-03 -1.000 7.453e-03 -1.067 -2.620 -3.266 -3.395 -3.458 -3.365 -3.408 -3.498 -3.636 -7.766 -10.912 -3.451 -3.356 -3.512 -3.576
0.006 -0.40400 10.00000 0.9548380971 2.4629452229    0.860  2.377  3.6334  1.482    7  0.000  0.490     0.00     0.00 -1 -4.07e-09      0.00 7.237e-01 2.688e-01 9.501e-04 3.760e-04 2.588e-03 -1.000 7.453e-03 -1.172 -2.734 -3.388 -3.523 -3.589 -3.492 -3.537 -3.627 -3.744 -8.243 -11.671 -3.581 -3.483 -3.648 -3.695
0.006 -0.40400 10.00000 0.9548539519 2.4629490376    0.858  2.418  3.6298  1.424    7  0.000  0.490     0.00     0.00 -1  -5.1e-09      0.00 7.237e-01 2.688e-01 9.501e-04 3.761e-04 2.588e-03 -1.000 7.429e-03 -1.275 -2.846 -3.511 -3.651 -3.718 -3.620 -3.666 -3.756 -3.875 -8.374 -11.803 -3.710 -3.610 -3.777 -3.827
0.006 -0.40400 10.00000 0.9548679590 2.4629521370    0.855  2.459  3.6262  1.368    7  0.000  0.489     0.00     0.00 -1 -6.34e-09      0.00 7.237e-01 2.689e-01 9.500e-04 3.761e-04 2.588e-03 -1.000 7.400e-03 -1.376 -2.955 -3.632 -3.777 -3.845 -3.745 -3.793 -3.883 -4.005 -8.504 -11.933 -3.837 -3.736 -3.905 -3.956
0.006 -0.40400 10.00000 0.9548804760 2.4629549980    0.852  2.499  3.6226  1.312    7  0.000  0.489     0.00     0.00 -1 -7.84e-09      0.00 7.237e-01 2.689e-01 9.497e-04 3.762e-04 2.588e-03 -1.000 7.400e-03 -1.477 -3.064 -3.752 -3.901 -3.971 -3.870 -3.918 -4.008 -4.133 -8.632 -12.061 -3.963 -3.860 -4.031 -4.084
0.006 -0.40400 10.00000 0.9548919797 2.4629578590    0.848  2.539  3.6189  1.255    7  0.000  0.489     0.00     0.00 -1 -9.75e-09      0.00 7.237e-01 2.689e-01 9.490e-04 3.764e-04 2.588e-03 -1.000 7.400e-03 -1.578 -3.173 -3.873 -4.027 -4.099 -3.996 -4.045 -4.134 -4.264 -8.763 -12.191 -4.090 -3.985 -4.158 -4.214
0.006 -0.40400 10.00000 0.9549027085 2.4629602432    0.844  2.580  3.6129  1.188    7  0.000  0.488     0.00     0.00 -1 -1.21e-08      0.00 7.237e-01 2.689e-01 9.473e-04 3.776e-04 2.588e-03 -1.000 7.400e-03 -1.679 -3.286 -4.006 -4.169 -4.243 -4.137 -4.189 -4.277 -4.411 -8.911 -12.339 -4.233 -4.127 -4.302 -4.362
0.006 -0.40400 10.00000 0.9549126625 2.4629626274    0.839  2.620  3.6063  1.119    7  0.000  0.486     0.00     0.00 -1  -1.5e-08      0.00 7.237e-01 2.689e-01 9.437e-04 3.809e-04 2.588e-03 -1.000 7.376e-03 -1.780 -3.399 -4.141 -4.312 -4.389 -4.281 -4.336 -4.422 -4.563 -9.062 -12.490 -4.379 -4.271 -4.448 -4.513
0.006 -0.40400 10.00000 0.9549199343 2.4629642963    0.835  2.651  3.6034  1.075    7  0.000  0.484     0.00     0.00 -1 -1.76e-08      0.00 7.237e-01 2.689e-01 9.397e-04 3.852e-04 2.588e-03 -1.000 7.357e-03 -1.856 -3.480 -4.232 -4.408 -4.486 -4.377 -4.433 -4.518 -4.662 -9.161 -12.589 -4.475 -4.367 -4.545 -4.612
0.006 -0.40400 10.00000 0.9549289346 2.4629664421    0.829  2.690  3.5998  1.018    7  0.000  0.481     0.00     0.00 -1 -2.19e-08      0.00 7.237e-01 2.689e-01 9.337e-04 3.923e-04 2.588e-03 -1.000 7.348e-03 -1.954 -3.585 -4.349 -4.530 -4.609 -4.498 -4.556 -4.641 -4.788 -9.287 -12.715 -4.598 -4.488 -4.669 -4.739
0.006 -0.40400 10.00000 0.9549378157 2.4629683495    0.821  2.730  3.5961  0.959    7  0.000  0.478     0.00     0.00 -1 -2.73e-08      0.00 7.237e-01 2.690e-01 9.278e-04 3.996e-04 2.588e-03 -1.000 7.300e-03 -2.054 -3.692 -4.467 -4.655 -4.737 -4.624 -4.684 -4.767 -4.918 -9.417 -12.846 -4.725 -4.614 -4.796 -4.869
0.006 -0.40400 10.00000 0.9549458027 2.4629702568    0.812  2.768  3.5922  0.900    7  0.000  0.475     0.00     0.00 -1  -3.4e-08      0.00 7.237e-01 2.690e-01 9.225e-04 4.060e-04 2.588e-03 -1.000 7.300e-03 -2.151 -3.796 -4.583 -4.777 -4.861 -4.746 -4.810 -4.892 -5.047 -9.545 -12.974 -4.849 -4.737 -4.922 -4.997
0.006 -0.40400 10.00000 0.9549533129 2.4629721642    0.802  2.807  3.5884  0.841    7  0.000  0.473     0.00     0.00 -1 -4.21e-08      0.00 7.237e-01 2.690e-01 9.183e-04 4.112e-04 2.588e-03 -1.000 7.300e-03 -2.247 -3.900 -4.698 -4.899 -4.985 -4.868 -4.934 -5.015 -5.174 -9.673 -13.101 -4.972 -4.859 -5.046 -5.125
0.006 -0.40400 10.00000 0.9549592733 2.4629733562    0.792  2.844  3.5846  0.783    7  0.000  0.471     0.00     0.00 -1  -5.2e-08      0.00 7.237e-01 2.690e-01 9.147e-04 4.156e-04 2.588e-03 -1.000 7.300e-03 -2.340 -4.001 -4.810 -5.018 -5.106 -4.987 -5.056 -5.136 -5.299 -9.797 -13.226 -5.091 -4.978 -5.168 -5.249
0.006 -0.40400 10.00000 0.9549634457 2.4629743099    0.783  2.878  3.5811  0.731    7  0.000  0.470     0.00     0.00 -1 -6.27e-08      0.00 7.237e-01 2.690e-01 9.117e-04 4.192e-04 2.588e-03 -1.000 7.298e-03 -2.425 -4.093 -4.912 -5.126 -5.216 -5.095 -5.167 -5.246 -5.412 -9.911 -13.340 -5.201 -5.086 -5.279 -5.363
0.006 -0.40400 10.00000 0.9549667835 2.4629752636    0.775  2.912  3.5776  0.678    7  0.000  0.468     0.00     0.00 -1 -7.57e-08      0.00 7.237e-01 2.690e-01 9.090e-04 4.225e-04 2.588e-03 -1.000 7.278e-03 -2.509 -4.184 -5.014 -5.233 -5.326 -5.202 -5.279 -5.356 -5.526 -10.025 -13.454 -5.310 -5.194 -5.390 -5.477
0.006 -0.40400 10.00000 0.9549697042 2.4629759789    0.766  2.947  3.5738  0.623    7  0.000  0.467     0.00     0.00 -1  -9.2e-08      0.00 7.237e-01 2.690e-01 9.065e-04 4.255e-04 2.588e-03 -1.000 7.239e-03 -2.597 -4.279 -5.120 -5.346 -5.440 -5.314 -5.395 -5.471 -5.646 -10.144 -13.573 -5.423 -5.306 -5.507 -5.596
0.006 -0.40400 10.00000 0.9549725056 2.4629764557    0.756  2.982  3.5699  0.566    7  0.000  0.466     0.00     0.00 -1 -1.12e-07      0.00 7.237e-01 2.691e-01 9.044e-04 4.281e-04 2.588e-03 -1.000 7.222e-03 -2.685 -4.375 -5.227 -5.460 -5.557 -5.429 -5.514 -5.590 -5.776 -10.272 -13.701 -5.539 -5.421 -5.633 -5.727
0.006 -0.40400 10.00000 0.9549748898 2.4629771709    0.746  3.014  3.5661  0.513    7  0.000  0.465     0.00     0.00 -1 -1.35e-07      0.00 7.236e-01 2.691e-01 9.028e-04 4.300e-04 2.588e-03 -1.000 7.288e-03 -2.765 -4.465 -5.326 -5.565 -5.665 -5.534 -5.624 -5.699 -5.897 -10.390 -13.821 -5.645 -5.527 -5.750 -5.848
0.006 -0.40400 10.00000 0.9549771547 2.4629776478    0.733  3.048  3.5621  0.455    7  0.000  0.465     0.00     0.00 -1 -1.65e-07      0.00 7.236e-01 2.691e-01 9.016e-04 4.316e-04 2.588e-03 -1.000 7.300e-03 -2.850 -4.560 -5.431 -5.677 -5.781 -5.649 -5.742 -5.817 -6.031 -10.520 -13.952 -5.759 -5.642 -5.879 -5.982
0.006 -0.40400 10.00000 0.9549797177 2.4629781246    0.715  3.085  3.5576  0.390    7  0.000  0.464     0.00     0.00 -1  -2.1e-07      0.00 7.236e-01 2.691e-01 9.007e-04 4.327e-04 2.588e-03 -1.000 7.300e-03 -2.943 -4.665 -5.546 -5.800 -5.907 -5.775 -5.872 -5.948 -6.183 -10.668 -14.102 -5.883 -5.768 -6.027 -6.135
0.006 -0.40400 10.00000 0.9549825191 2.4629788399    0.689  3.124  3.5532  0.317    7  0.000  0.464     0.00     0.00 -1 -2.81e-07      0.00 7.236e-01 2.691e-01 9.004e-04 4.331e-04 2.588e-03 -1.000 7.300e-03 -3.040 -4.775 -5.664 -5.926 -6.038 -5.906 -6.007 -6.086 -6.360 -10.835 -14.273 -6.012 -5.900 -6.197 -6.314
0.006 -0.40400 10.00000 0.9549842477 2.4629793167    0.670  3.140  3.5518  0.283    7  0.000  0.464     0.00     0.00 -1  -3.3e-07      0.00 7.236e-01 2.691e-01 9.004e-04 4.331e-04 2.588e-03 -1.000 7.300e-03 -3.081 -4.820 -5.712 -5.977 -6.090 -5.959 -6.062 -6.142 -6.441 -10.910 -14.349 -6.064 -5.953 -6.274 -6.396
0.006 -0.40400 10.00000 0.9549845457 2.4629793167    0.665  3.142  3.5518  0.278    7  0.000  0.464     0.00     0.00 -1 -3.39e-07      0.00 7.236e-01 2.691e-01 9.004e-04 4.331e-04 2.588e-03 -1.000 7.300e-03 -3.085 -4.824 -5.716 -5.982 -6.096 -5.965 -6.067 -6.148 -6.456 -10.922 -14.362 -6.069 -5.959 -6.288 -6.411
0.006 -0.40400 10.00000 0.9549851418 2.4629795551    0.658  3.145  3.5517  0.270    7  0.000  0.464     0.00     0.00 -1 -3.55e-07      0.00 7.236e-01 2.691e-01 9.004e-04 4.331e-04 2.588e-03 -1.000 7.300e-03 -3.093 -4.832 -5.724 -5.990 -6.105 -5.974 -6.077 -6.159 -6.480 -10.943 -14.384 -6.078 -5.968 -6.310 -6.436
0.006 -0.40400 10.00000 0.9549854398 2.4629795551    0.654  3.099  3.5571  0.335    7  0.000  0.464     0.00     0.00 -1 -2.95e-07      0.00 7.236e-01 2.691e-01 9.004e-04 4.331e-04 2.588e-03 -1.000 7.300e-03 -2.978 -4.702 -5.582 -5.839 -5.949 -5.818 -5.916 -5.997 -6.281 -10.752 -14.191 -5.925 -5.812 -6.119 -6.236
0.006 -0.40400 10.00000 0.9549854994 2.4629795551    0.654  3.099  3.5571  0.335    7  0.000  0.464     0.00     0.00 -1 -2.95e-07      0.00 7.236e-01 2.691e-01 9.004e-04 4.331e-04 2.588e-03 -1.000 7.300e-03 -2.978 -4.702 -5.582 -5.839 -5.949 -5.818 -5.916 -5.997 -6.281 -10.752 -14.191 -5.925 -5.812 -6.119 -6.236
0.006 -0.40400 10.00000 0.9549855590 2.4629795551    0.653  3.114  3.5555  0.313    7  0.000  0.464     0.00     0.00 -1 -3.16e-07      0.00 7.236e-01 2.691e-01 9.004e-04 4.331e-04 2.588e-03 -1.000 7.300e-03 -3.015 -4.744 -5.627 -5.887 -5.998 -5.867 -5.966 -6.047 -6.341 -10.810 -14.250 -5.973 -5.861 -6.177 -6.296
0.006 -0.40400 10.00000 0.9549856186 2.4629795551    0.652  3.128  3.5540  0.293    7  0.000  0.464     0.00     0.00 -1 -3.37e-07      0.00 7.236e-01 2.691e-01 9.004e-04 4.331e-04 2.588e-03 -1.000 7.300e-03 -3.049 -4.782 -5.668 -5.931 -6.043 -5.913 -6.014 -6.096 -6.404 -10.869 -14.310 -6.018 -5.906 -6.237 -6.360
0.006 -0.40400 10.00000 0.9549856782 2.4629795551    0.652  3.133  3.5534  0.284    7  0.000  0.464     0.00     0.00 -1 -3.47e-07      0.00 7.236e-01 2.691e-01 9.004e-04 4.331e-04 2.588e-03 -1.000 7.300e-03 -3.063 -4.798 -5.686 -5.950 -6.063 -5.933 -6.034 -6.116 -6.432 -10.896 -14.337 -6.037 -5.926 -6.264 -6.388
0.006 -0.40400 10.00000 0.9549857378 2.4629795551    0.651  3.150  3.5515  0.260    7  0.000  0.464     0.00     0.00 -1 -3.75e-07      0.00 7.236e-01 2.691e-01 9.004e-04 4.331e-04 2.588e-03 -1.000 7.300e-03 -3.104 -4.844 -5.736 -6.003 -6.118 -5.988 -6.092 -6.175 -6.512 -10.970 -14.413 -6.091 -5.982 -6.339 -6.468
0.006 -0.40400 10.00000 0.9549859762 2.4629795551    0.647  3.196  3.5463  0.191    7  0.000  0.464     0.00     0.00 -1 -4.63e-07      0.00 7.236e-01 2.691e-01 9.002e-04 4.333e-04 2.588e-03 -1.000 7.299e-03 -3.219 -4.972 -5.875 -6.152 -6.273 -6.143 -6.253 -6.339 -6.728 -11.173 -14.620 -6.244 -6.137 -6.545 -6.685
0.006 -0.40400 10.00000 0.9549861550 2.4629797935    0.644  3.225  3.5430  0.146    7  0.000  0.463     0.00     0.00 -1 -5.34e-07      0.00 7.236e-01 2.691e-01 8.993e-04 4.344e-04 2.588e-03 -1.000 7.292e-03 -3.294 -5.056 -5.965 -6.249 -6.373 -6.243 -6.358 -6.446 -6.867 -11.304 -14.754 -6.343 -6.237 -6.678 -6.826
0.006 -0.40400 10.00000 0.9549863338 2.4629797935    0.640  3.252  3.5401  0.105    7  0.000  0.463     0.00     0.00 -1 -6.08e-07      0.01 7.236e-01 2.691e-01 8.981e-04 4.358e-04 2.588e-03 -1.000 7.282e-03 -3.361 -5.130 -6.045 -6.335 -6.464 -6.335 -6.453 -6.544 -7.011 -11.437 -14.890 -6.433 -6.329 -6.814 -6.971
0.006 -0.40400 10.00000 0.9549864531 2.4629797935    0.636  3.271  3.5386  0.078    7  0.000  0.462     0.00     0.00 -1 -6.72e-07      0.01 7.236e-01 2.691e-01 8.973e-04 4.368e-04 2.588e-03 -1.000 7.271e-03 -3.406 -5.180 -6.097 -6.391 -6.523 -6.394 -6.515 -6.609 -7.117 -11.533 -14.990 -6.490 -6.389 -6.914 -7.078
0.006 -0.40400 10.00000 0.9549866319 2.4629797935    0.632  3.290  3.5370  0.049    7  0.000  0.462     0.00     0.00 -1 -7.47e-07      0.01 7.236e-01 2.691e-01 8.965e-04 4.379e-04 2.588e-03 -1.000 7.257e-03 -3.454 -5.233 -6.152 -6.449 -6.585 -6.458 -6.580 -6.678 -7.228 -11.634 -15.095 -6.551 -6.452 -7.018 -7.190
0.006 -0.40400 10.00000 0.9549868703 2.4629797935    0.623  3.312  3.5367  0.019    7  0.000  0.462     0.00     0.00 -1 -8.63e-07      0.01 7.236e-01 2.691e-01 8.958e-04 4.388e-04 2.588e-03 -1.000 7.253e-03 -3.511 -5.290 -6.210 -6.509 -6.648 -6.523 -6.647 -6.751 -7.367 -11.757 -15.224 -6.614 -6.517 -7.148 -7.332
0.006 -0.40400 10.00000 0.9549871683 2.4629800320    0.613  3.334  3.5375 -0.006    7  0.000  0.461     0.00     0.00 -1 -9.99e-07      0.01 7.236e-01 2.691e-01 8.951e-04 4.395e-04 2.588e-03 -1.000 7.247e-03 -3.564 -5.340 -6.258 -6.559 -6.703 -6.582 -6.708 -6.823 -7.533 -11.902 -15.377 -6.669 -6.575 -7.302 -7.500
0.006 -0.40400 10.00000 0.9549874663 2.4629800320    0.601  3.351  3.5443 -0.005    7  0.000  0.461     0.00     0.00 -1 -1.16e-06      0.02 7.236e-01 2.692e-01 8.949e-04 4.398e-04 2.588e-03 -1.000 7.200e-03 -3.608 -5.365 -6.268 -6.562 -6.707 -6.594 -6.718 -6.847 -7.675 -12.019 -15.502 -6.677 -6.585 -7.432 -7.646
0.006 -0.40400 10.00000 0.9549875259 2.4629800320    0.595  3.357  3.5495  0.006    7  0.000  0.461     0.00     0.00 -1 -1.23e-06      0.02 7.236e-01 2.692e-01 8.948e-04 4.399e-04 2.588e-03 -1.000 7.200e-03 -3.623 -5.366 -6.257 -6.545 -6.690 -6.581 -6.702 -6.838 -7.722 -12.054 -15.541 -6.662 -6.570 -7.474 -7.695
0.006 -0.40400 10.00000 0.9549876451 2.4629800320    0.588  3.362  3.5583  0.031    7  0.000  0.461     0.00     0.00 -1 -1.28e-06      0.02 7.236e-01 2.692e-01 8.948e-04 4.399e-04 2.588e-03 -1.000 7.200e-03 -3.634 -5.358 -6.225 -6.501 -6.644 -6.541 -6.656 -6.802 -7.749 -12.067 -15.559 -6.620 -6.529 -7.496 -7.724
0.006 -0.40400 10.00000 1.0227324963 2.4775528908    0.530 -3.484  3.8289  7.914    9  0.530  0.000     0.00     0.00 -1    -1e-30      0.00 7.200e-01 2.741e-01 9.172e-04 4.749e-04 2.610e-03 -1.000 5.890e-03 13.480 12.727 12.508 12.460 12.487 11.502 10.531 9.142 4.392 -0.398 -3.827 12.595 11.398 7.477 4.680
#isochrone terminated
