# File generated by CMD 3.3 (http://stev.oapd.inaf.it/cmd) on Tue Apr 21 14:56:57 CEST 2020
# isochrones based on PARSEC release v1.2S +  COLIBRI S_35
# Basic references: Bressan et al. (2012), MNRAS, 427, 127 + Chen et al. (2014, 2015), MNRAS, 444, 2525 + MNRAS, 452, 1068 + Tang et al. (2014), MNRAS, 445, 4287 + Marigo et al. (2017), ApJ, 835, 77 + Pastorelli al. (2019), MNRAS in press
# Thermal pulse cycles included 
# On RGB, assumed Reimers mass loss with efficiency eta=0.2
# Photometric system:  2MASS + Spitzer (IRAC+MIPS) + WISE
# Using YBC version of bolometric corrections as in Chen et al. (2019)
# O-rich circumstellar dpmod60alox40 dust from Groenewegen (2006)
# C-rich circumstellar AMCSIC15 dust from Groenewegen (2006)
# IMF: Kroupa (2001, 2002) + Kroupa et al. (2013) canonical two-part-power law IMF corrected for unresolved binaries 
# Kind of output: isochrone tables
# Zini     MH   logAge Mini        int_IMF         Mass   logL    logTe  logg  label   McoreTP C_O  period0 period1 pmode  Mloss  tau1m   X   Y   Xc  Xn  Xo  Cexcess  Z 	 mbolmag  Jmag    Hmag    Ksmag   IRAC_3.6mag  IRAC_4.5mag  IRAC_5.8mag  IRAC_8.0mag  MIPS_24mag  MIPS_70mag  MIPS_160mag  W1mag   W2mag   W3mag   W4mag
0.005 -0.48482 10.00000 0.0900000036 1.0816895962    0.090 -3.328  3.4046  5.290    1  0.000  0.545     0.00     0.00 -1 -4.46e-17      0.00 7.358e-01 2.591e-01 9.173e-04 2.474e-04 2.244e-03 -1.000 5.101e-03 13.089 10.908 10.452 10.253 9.704 9.624 9.581 9.476 8.837 8.813 8.745 9.876 9.637 9.395 9.026
0.005 -0.48482 10.00000 0.1000000015 1.1711064577    0.100 -3.119  3.4345  5.247    1  0.000  0.545     0.00     0.00 -1  -7.2e-17      0.00 7.351e-01 2.598e-01 9.173e-04 2.474e-04 2.244e-03 -1.000 5.101e-03 12.567 10.439 9.958 9.741 9.249 9.157 9.117 9.028 8.408 8.386 8.340 9.406 9.168 8.962 8.598
0.005 -0.48482 10.00000 0.1199999973 1.3193154335    0.120 -2.852  3.4667  5.187    1  0.000  0.545     0.00     0.00 -1  -1.3e-16      0.00 7.340e-01 2.609e-01 9.173e-04 2.474e-04 2.244e-03 -1.000 5.101e-03 11.899 9.864 9.346 9.116 8.712 8.609 8.577 8.515 7.927 7.909 7.911 8.846 8.618 8.474 8.117
0.005 -0.48482 10.00000 0.1230536923 1.3391145468    0.123 -2.821  3.4698  5.181    1  0.000  0.545     0.00     0.00 -1 -1.39e-16      0.00 7.338e-01 2.611e-01 9.173e-04 2.474e-04 2.244e-03 -1.000 5.101e-03 11.823 9.797 9.277 9.046 8.649 8.546 8.514 8.454 7.870 7.852 7.859 8.782 8.554 8.416 8.060
0.005 -0.48482 10.00000 0.1400000006 1.4384527206    0.140 -2.666  3.4861  5.146    1  0.000  0.545     0.00     0.00 -1 -1.94e-16      0.00 7.329e-01 2.620e-01 9.173e-04 2.474e-04 2.244e-03 -1.000 5.101e-03 11.435 9.457 8.925 8.693 8.332 8.224 8.193 8.142 7.572 7.561 7.599 8.452 8.231 8.117 7.762
0.005 -0.48482 10.00000 0.1599999964 1.5372931957    0.160 -2.523  3.4993  5.114    1  0.000  0.545     0.00     0.00 -1 -2.62e-16      0.00 7.320e-01 2.629e-01 9.173e-04 2.474e-04 2.244e-03 -1.000 5.101e-03 11.077 9.138 8.598 8.368 8.034 7.924 7.892 7.848 7.289 7.285 7.346 8.144 7.930 7.833 7.478
0.005 -0.48482 10.00000 0.1999999881 1.6938791275    0.200 -2.300  3.5172  5.060    1  0.000  0.545     0.00     0.00 -1 -4.15e-16      0.00 7.306e-01 2.643e-01 9.173e-04 2.475e-04 2.244e-03 -1.000 5.101e-03 10.521 8.634 8.086 7.860 7.559 7.449 7.415 7.375 6.827 6.841 6.931 7.656 7.453 7.372 7.017
0.005 -0.48482 10.00000 0.2500000000 1.8403258324    0.250 -2.090  3.5313  5.003    1  0.000  0.545     0.00     0.00 -1 -6.63e-17      0.00 7.298e-01 2.651e-01 9.172e-04 2.475e-04 2.244e-03 -1.000 5.101e-03 9.994 8.147 7.591 7.370 7.096 6.991 6.956 6.921 6.385 6.411 6.515 7.184 6.994 6.926 6.574
0.005 -0.48482 10.00000 0.3000000119 1.9529139996    0.300 -1.927  3.5409  4.957    1  0.000  0.545     0.00     0.00 -1 -2.72e-16      0.00 7.297e-01 2.652e-01 9.172e-04 2.475e-04 2.244e-03 -1.000 5.101e-03 9.587 7.765 7.203 6.986 6.731 6.632 6.596 6.564 6.038 6.073 6.184 6.813 6.635 6.575 6.227
0.005 -0.48482 10.00000 0.3499999642 2.0434174538    0.350 -1.784  3.5491  4.914    1  0.000  0.545     0.00     0.00 -1 -3.64e-16      0.00 7.370e-01 2.579e-01 9.173e-04 2.474e-04 2.244e-03 -1.000 5.101e-03 9.229 7.431 6.862 6.648 6.408 6.317 6.281 6.251 5.733 5.777 5.892 6.486 6.319 6.267 5.923
0.005 -0.48482 10.00000 0.3999999762 2.1185023785    0.400 -1.631  3.5606  4.865    1  0.000  0.545     0.00     0.00 -1 -1.72e-15      0.00 7.371e-01 2.578e-01 9.173e-04 2.474e-04 2.244e-03 -1.000 5.101e-03 8.846 7.082 6.504 6.293 6.073 5.994 5.956 5.926 5.421 5.479 5.598 6.141 5.996 5.949 5.611
0.005 -0.48482 10.00000 0.4499999881 2.1822810173    0.450 -1.463  3.5754  4.807    1  0.000  0.545     0.00     0.00 -1 -2.55e-15      0.00 7.371e-01 2.578e-01 9.173e-04 2.474e-04 2.244e-03 -1.000 5.101e-03 8.426 6.707 6.116 5.911 5.713 5.654 5.612 5.579 5.093 5.170 5.291 5.769 5.656 5.611 5.282
0.005 -0.48482 10.00000 0.4999999404 2.2374541759    0.500 -1.281  3.5954  4.751    1  0.000  0.545     0.00     0.00 -1 -3.92e-15      0.00 7.371e-01 2.578e-01 9.173e-04 2.474e-04 2.244e-03 -1.000 5.101e-03 7.972 6.308 5.700 5.513 5.346 5.315 5.269 5.230 4.769 4.869 4.990 5.385 5.316 5.272 4.958
0.005 -0.48482 10.00000 0.5500000119 2.2836582661    0.550 -1.077  3.6231  4.699    1  0.000  0.544     0.00     0.00 -1 -6.35e-15      0.00 7.636e-01 2.318e-01 8.319e-04 2.246e-04 2.038e-03 -1.000 4.643e-03 7.462 5.866 5.231 5.088 4.981 4.983 4.943 4.901 4.470 4.589 4.718 5.002 4.985 4.955 4.659
0.005 -0.48482 10.00000 0.5523632169 2.2856054306    0.552 -1.067  3.6247  4.698    1  0.000  0.544     0.00     0.00 -1 -6.48e-15      0.00 7.638e-01 2.316e-01 8.313e-04 2.244e-04 2.036e-03 -1.000 4.641e-03 7.438 5.846 5.211 5.070 4.966 4.970 4.930 4.888 4.458 4.578 4.707 4.986 4.972 4.942 4.647
0.005 -0.48482 10.00000 0.5999999642 2.3211214542    0.600 -0.883  3.6545  4.669    1  0.000  0.544     0.00     0.00 -1 -9.84e-15      0.00 7.677e-01 2.277e-01 8.196e-04 2.213e-04 2.008e-03 -1.000 4.584e-03 6.977 5.464 4.858 4.755 4.700 4.728 4.701 4.666 4.252 4.385 4.518 4.708 4.731 4.726 4.441
0.005 -0.48482 10.00000 0.6499999166 2.3520352840    0.650 -0.690  3.6879  4.644    1  0.000  0.544     0.00     0.00 -1 -1.52e-14      0.00 7.718e-01 2.237e-01 8.077e-04 2.181e-04 1.980e-03 -1.000 4.489e-03 6.494 5.088 4.575 4.495 4.455 4.482 4.464 4.436 4.025 4.166 4.303 4.459 4.485 4.497 4.214
0.005 -0.48482 10.00000 0.6659369469 2.3607740402    0.666 -0.630  3.6974  4.633    1  0.000  0.544     0.00     0.00 -1 -1.74e-14      0.00 7.734e-01 2.221e-01 8.027e-04 2.168e-04 1.968e-03 -1.000 4.475e-03 6.345 4.972 4.489 4.413 4.374 4.399 4.383 4.357 3.946 4.088 4.228 4.378 4.402 4.418 4.134
0.005 -0.48482 10.00000 0.6824458838 2.3693332672    0.682 -0.569  3.7070  4.621    1  0.000  0.544     0.00     0.00 -1 -2.01e-14      0.00 7.751e-01 2.205e-01 7.974e-04 2.154e-04 1.955e-03 -1.000 4.423e-03 6.192 4.854 4.399 4.327 4.291 4.314 4.299 4.275 3.864 4.008 4.148 4.294 4.316 4.336 4.053
0.005 -0.48482 10.00000 0.6979149580 2.3769321442    0.698 -0.511  3.7159  4.609    1  0.000  0.544     0.00     0.00 -1  -2.3e-14      0.00 7.767e-01 2.189e-01 7.923e-04 2.141e-04 1.944e-03 -1.000 4.403e-03 6.049 4.745 4.314 4.247 4.212 4.233 4.220 4.198 3.787 3.931 4.070 4.215 4.235 4.259 3.976
0.005 -0.48482 10.00000 0.6999999881 2.3779268265    0.700 -0.504  3.7171  4.607    1  0.000  0.544     0.00     0.00 -1 -2.34e-14      0.00 7.769e-01 2.186e-01 7.916e-04 2.139e-04 1.942e-03 -1.000 4.411e-03 6.029 4.730 4.303 4.236 4.201 4.222 4.209 4.187 3.776 3.920 4.060 4.204 4.224 4.249 3.965
0.005 -0.48482 10.00000 0.7107703686 2.3829584122    0.711 -0.464  3.7231  4.597    1  0.000  0.542     0.00     0.00 -1 -2.57e-14      0.00 7.782e-01 2.174e-01 7.854e-04 2.128e-04 1.933e-03 -1.000 4.425e-03 5.929 4.653 4.242 4.177 4.144 4.164 4.152 4.131 3.720 3.864 4.003 4.147 4.166 4.192 3.909
0.005 -0.48482 10.00000 0.7238460779 2.3888363838    0.724 -0.415  3.7302  4.585    1  0.000  0.540     0.00     0.00 -1 -2.89e-14      0.00 7.798e-01 2.158e-01 7.779e-04 2.114e-04 1.921e-03 -1.000 4.354e-03 5.806 4.559 4.167 4.105 4.073 4.091 4.080 4.061 3.650 3.794 3.933 4.076 4.093 4.123 3.839
0.005 -0.48482 10.00000 0.7364401221 2.3942713737    0.736 -0.367  3.7369  4.572    1  0.000  0.538     0.00     0.00 -1 -3.25e-14      0.00 7.814e-01 2.143e-01 7.708e-04 2.102e-04 1.911e-03 -1.000 4.322e-03 5.688 4.468 4.093 4.034 4.004 4.020 4.010 3.992 3.581 3.724 3.864 4.006 4.022 4.054 3.770
0.005 -0.48482 10.00000 0.7479790449 2.3990666866    0.748 -0.324  3.7429  4.559    1  0.000  0.536     0.00     0.00 -1 -3.62e-14      0.00 7.828e-01 2.129e-01 7.643e-04 2.090e-04 1.901e-03 -1.000 4.300e-03 5.579 4.385 4.024 3.968 3.939 3.954 3.944 3.928 3.514 3.663 3.799 3.941 3.956 3.973 3.703
0.005 -0.48482 10.00000 0.7489780188 2.3994736671    0.749 -0.320  3.7434  4.558    1  0.000  0.536     0.00     0.00 -1 -3.65e-14      0.00 7.829e-01 2.128e-01 7.638e-04 2.089e-04 1.900e-03 -1.000 4.305e-03 5.569 4.378 4.018 3.962 3.933 3.948 3.938 3.922 3.508 3.658 3.794 3.935 3.950 3.964 3.696
0.005 -0.48482 10.00000 0.7563392520 2.4024360180    0.756 -0.292  3.7467  4.547    1  0.000  0.536     0.00     0.00 -1 -3.92e-14      0.00 7.841e-01 2.116e-01 7.601e-04 2.080e-04 1.892e-03 -1.000 4.333e-03 5.500 4.322 3.970 3.916 3.888 3.902 3.893 3.878 3.459 3.617 3.749 3.890 3.904 3.898 3.647
0.005 -0.48482 10.00000 0.7674454451 2.4067816734    0.767 -0.249  3.7516  4.530    1  0.000  0.536     0.00     0.00 -1 -4.38e-14      0.00 7.860e-01 2.097e-01 7.546e-04 2.064e-04 1.878e-03 -1.000 4.286e-03 5.393 4.238 3.897 3.845 3.818 3.831 3.822 3.808 3.383 3.553 3.679 3.820 3.832 3.797 3.571
0.005 -0.48482 10.00000 0.7778817415 2.4107356071    0.777 -0.209  3.7560  4.514    1  0.000  0.536     0.00     0.00 -1 -4.86e-14      0.00 7.878e-01 2.080e-01 7.492e-04 2.050e-04 1.865e-03 -1.000 4.245e-03 5.293 4.157 3.825 3.776 3.750 3.762 3.753 3.741 3.310 3.490 3.611 3.753 3.763 3.700 3.497
0.005 -0.48482 10.00000 0.7881379128 2.4145042896    0.788 -0.169  3.7602  4.496    1  0.000  0.535     0.00     0.00 -1  -5.4e-14      0.00 7.896e-01 2.062e-01 7.439e-04 2.036e-04 1.853e-03 -1.000 4.231e-03 5.192 4.076 3.753 3.706 3.682 3.691 3.684 3.672 3.235 3.426 3.542 3.684 3.692 3.604 3.423
0.005 -0.48482 10.00000 0.7979561090 2.4180076122    0.797 -0.130  3.7640  4.478    1  0.000  0.535     0.00     0.00 -1 -5.99e-14      0.00 7.914e-01 2.044e-01 7.386e-04 2.022e-04 1.840e-03 -1.000 4.208e-03 5.095 3.997 3.682 3.637 3.614 3.622 3.615 3.605 3.163 3.363 3.475 3.616 3.624 3.512 3.350
0.005 -0.48482 10.00000 0.8063428998 2.4209227562    0.806 -0.096  3.7670  4.460    1  0.000  0.535     0.00     0.00 -1 -6.57e-14      0.00 7.934e-01 2.025e-01 7.329e-04 2.007e-04 1.826e-03 -1.000 4.159e-03 5.011 3.926 3.617 3.573 3.552 3.559 3.553 3.542 3.097 3.304 3.412 3.554 3.560 3.431 3.284
0.005 -0.48482 10.00000 0.8168173432 2.4244670868    0.816 -0.053  3.7705  4.436    1  0.000  0.535     0.00     0.00 -1 -7.42e-14      0.00 7.959e-01 2.000e-01 7.255e-04 1.987e-04 1.809e-03 -1.000 4.106e-03 4.902 3.834 3.532 3.490 3.470 3.477 3.470 3.461 3.011 3.227 3.331 3.472 3.478 3.327 3.197
0.005 -0.48482 10.00000 0.8261786103 2.4275472164    0.825 -0.013  3.7735  4.413    1  0.000  0.535     0.00     0.00 -1 -8.31e-14      0.00 7.982e-01 1.977e-01 7.188e-04 1.968e-04 1.792e-03 -1.000 4.072e-03 4.802 3.749 3.453 3.413 3.394 3.399 3.394 3.385 2.931 3.154 3.255 3.396 3.400 3.231 3.117
0.005 -0.48482 10.00000 0.8353314996 2.4304823875    0.834  0.028  3.7762  4.389    1  0.000  0.534     0.00     0.00 -1 -9.32e-14      0.00 8.005e-01 1.954e-01 7.119e-04 1.950e-04 1.776e-03 -1.000 4.036e-03 4.701 3.663 3.373 3.334 3.316 3.320 3.315 3.307 2.849 3.079 3.177 3.317 3.321 3.134 3.035
0.005 -0.48482 10.00000 0.8440676928 2.4332156181    0.843  0.067  3.7787  4.363    1  0.000  0.534     0.00     0.00 -1 -1.05e-13      0.00 8.029e-01 1.932e-01 7.052e-04 1.932e-04 1.760e-03 -1.000 3.988e-03 4.601 3.575 3.291 3.253 3.236 3.239 3.234 3.226 2.766 3.001 3.097 3.237 3.240 3.038 2.951
0.005 -0.48482 10.00000 0.8469341993 2.4340982437    0.846  0.080  3.7795  4.355    1  0.000  0.534     0.00     0.00 -1 -1.09e-13      0.00 8.036e-01 1.924e-01 7.030e-04 1.926e-04 1.755e-03 -1.000 3.970e-03 4.569 3.547 3.264 3.226 3.209 3.213 3.207 3.200 2.738 2.976 3.071 3.211 3.213 3.007 2.923
0.005 -0.48482 10.00000 0.8480412364 2.4344372749    0.847  0.086  3.7798  4.351    1  0.000  0.534     0.00     0.00 -1  -1.1e-13      0.00 8.040e-01 1.920e-01 7.019e-04 1.923e-04 1.752e-03 -1.000 3.963e-03 4.556 3.535 3.253 3.215 3.199 3.202 3.197 3.189 2.727 2.966 3.060 3.200 3.203 2.994 2.913
0.005 -0.48482 10.00000 0.8607199788 2.4382491112    0.860  0.145  3.7825  4.309    1  0.000  0.534     0.00     0.00 -1 -1.32e-13      0.00 8.084e-01 1.876e-01 6.891e-04 1.889e-04 1.721e-03 -1.000 3.924e-03 4.407 3.401 3.124 3.088 3.072 3.074 3.069 3.062 2.596 2.841 2.934 3.073 3.075 2.849 2.781
0.005 -0.48482 10.00000 0.8709338903 2.4412274361    0.870  0.195  3.7840  4.271    1  0.000  0.533     0.00     0.00 -1 -1.54e-13      0.00 8.116e-01 1.846e-01 6.799e-04 1.864e-04 1.699e-03 -1.000 3.841e-03 4.284 3.285 3.013 2.977 2.961 2.963 2.958 2.951 2.483 2.732 2.823 2.962 2.963 2.728 2.668
0.005 -0.48482 10.00000 0.8794686794 2.4436550140    0.878  0.239  3.7850  4.235    1  0.000  0.533     0.00     0.00 -1 -1.77e-13      0.00 8.124e-01 1.837e-01 6.779e-04 1.859e-04 1.695e-03 -1.000 3.854e-03 4.173 3.179 2.909 2.874 2.858 2.859 2.855 2.847 2.378 2.629 2.720 2.859 2.860 2.618 2.563
0.005 -0.48482 10.00000 0.8810377121 2.4440953732    0.880  0.247  3.7852  4.228    1  0.000  0.533     0.00     0.00 -1 -1.82e-13      0.00 8.125e-01 1.836e-01 6.777e-04 1.858e-04 1.694e-03 -1.000 3.854e-03 4.152 3.159 2.889 2.854 2.838 2.839 2.835 2.827 2.358 2.610 2.700 2.839 2.840 2.597 2.543
0.005 -0.48482 10.00000 0.8864971995 2.4456138611    0.885  0.278  3.7852  4.199    1  0.000  0.533     0.00     0.00 -1 -2.01e-13      0.00 8.128e-01 1.834e-01 6.774e-04 1.858e-04 1.693e-03 -1.000 3.847e-03 4.074 3.082 2.812 2.777 2.761 2.762 2.758 2.750 2.281 2.533 2.623 2.763 2.763 2.520 2.466
0.005 -0.48482 10.00000 0.8939713240 2.4476583004    0.892  0.322  3.7845  4.157    1  0.000  0.533     0.00     0.00 -1 -2.31e-13      0.00 8.128e-01 1.834e-01 6.785e-04 1.861e-04 1.696e-03 -1.000 3.841e-03 3.965 2.969 2.698 2.663 2.647 2.648 2.643 2.636 2.167 2.418 2.508 2.648 2.649 2.410 2.352
0.005 -0.48482 10.00000 0.8959121704 2.4481825829    0.894  0.334  3.7841  4.144    1  0.000  0.533     0.00     0.00 -1 -2.41e-13      0.00 8.127e-01 1.835e-01 6.794e-04 1.863e-04 1.699e-03 -1.000 3.841e-03 3.935 2.937 2.666 2.630 2.614 2.616 2.611 2.603 2.135 2.384 2.475 2.615 2.616 2.380 2.320
0.005 -0.48482 10.00000 0.8990980983 2.4490377903    0.897  0.354  3.7835  4.123    1  0.000  0.533     0.00     0.00 -1 -2.58e-13      0.00 8.124e-01 1.838e-01 6.810e-04 1.868e-04 1.703e-03 -1.000 3.844e-03 3.885 2.885 2.612 2.575 2.559 2.561 2.556 2.549 2.081 2.329 2.420 2.561 2.562 2.330 2.266
0.005 -0.48482 10.00000 0.9038200974 2.4502928257    0.902  0.384  3.7819  4.089    1  0.000  0.533     0.00     0.00 -1 -2.89e-13      0.00 8.109e-01 1.852e-01 6.867e-04 1.884e-04 1.717e-03 -1.000 3.894e-03 3.809 2.801 2.524 2.487 2.471 2.474 2.468 2.461 1.996 2.239 2.332 2.473 2.474 2.252 2.181
0.005 -0.48482 10.00000 0.9064099193 2.4509744644    0.905  0.403  3.7802  4.065    1  0.000  0.533     0.00     0.00 -1 -3.08e-13      0.00 8.081e-01 1.880e-01 6.974e-04 1.913e-04 1.744e-03 -1.000 3.958e-03 3.764 2.747 2.466 2.428 2.413 2.415 2.410 2.403 1.940 2.179 2.273 2.414 2.416 2.205 2.125
0.005 -0.48482 10.00000 0.9122766852 2.4525027275    0.910  0.444  3.7741  4.002    2  0.000  0.533     0.00     0.00 -1 -3.62e-13      0.00 7.968e-01 1.991e-01 7.354e-04 2.017e-04 1.838e-03 -1.000 4.157e-03 3.660 2.614 2.320 2.280 2.263 2.268 2.262 2.253 1.798 2.022 2.122 2.265 2.269 2.095 1.984
0.005 -0.48482 10.00000 0.9166644216 2.4536309242    0.915  0.473  3.7655  3.941    2  0.000  0.534     0.00     0.00 -1 -4.15e-13      0.00 7.818e-01 2.137e-01 7.804e-04 2.138e-04 1.948e-03 -1.000 4.413e-03 3.589 2.502 2.189 2.145 2.126 2.134 2.127 2.116 1.672 1.875 1.984 2.127 2.135 2.014 1.859
0.005 -0.48482 10.00000 0.9195653200 2.4543700218    0.918  0.487  3.7553  3.887    2  0.000  0.535     0.00     0.00 -1 -4.56e-13      0.00 7.695e-01 2.259e-01 8.152e-04 2.231e-04 2.031e-03 -1.000 4.615e-03 3.553 2.421 2.086 2.037 2.014 2.026 2.018 2.004 1.573 1.751 1.872 2.016 2.028 1.968 1.761
0.005 -0.48482 10.00000 0.9214701056 2.4548523426    0.919  0.493  3.7451  3.841    2  0.000  0.536     0.00     0.00 -1 -4.88e-13      0.00 7.617e-01 2.336e-01 8.363e-04 2.288e-04 2.081e-03 -1.000 4.726e-03 3.537 2.360 2.002 1.948 1.922 1.938 1.928 1.911 1.493 1.647 1.780 1.924 1.940 1.941 1.682
0.005 -0.48482 10.00000 0.9228988886 2.4552125931    0.921  0.502  3.7359  3.796    2  0.000  0.536     0.00     0.00 -1 -5.24e-13      0.00 7.568e-01 2.384e-01 8.492e-04 2.322e-04 2.111e-03 -1.000 4.807e-03 3.515 2.300 1.918 1.860 1.832 1.851 1.840 1.820 1.408 1.550 1.688 1.834 1.853 1.881 1.597
0.005 -0.48482 10.00000 0.9243083000 2.4555668831    0.922  0.524  3.7272  3.740    2  0.000  0.537     0.00     0.00 -1 -5.86e-13      0.00 7.528e-01 2.424e-01 8.596e-04 2.350e-04 2.136e-03 -1.000 4.857e-03 3.460 2.210 1.806 1.744 1.714 1.735 1.723 1.700 1.289 1.431 1.569 1.716 1.737 1.762 1.478
0.005 -0.48482 10.00000 0.9256854653 2.4559118748    0.924  0.562  3.7203  3.675    2  0.000  0.537     0.00     0.00 -1 -6.88e-13      0.00 7.492e-01 2.459e-01 8.677e-04 2.372e-04 2.155e-03 -1.000 4.897e-03 3.365 2.088 1.665 1.601 1.569 1.593 1.580 1.555 1.143 1.286 1.424 1.572 1.595 1.616 1.332
0.005 -0.48482 10.00000 0.9262492657 2.4560527802    0.924  0.582  3.7180  3.646    2  0.000  0.537     0.00     0.00 -1 -7.46e-13      0.00 7.477e-01 2.474e-01 8.709e-04 2.379e-04 2.162e-03 -1.000 4.901e-03 3.316 2.031 1.600 1.535 1.503 1.527 1.514 1.488 1.076 1.219 1.357 1.506 1.530 1.549 1.265
0.005 -0.48482 10.00000 0.9267764688 2.4561841488    0.925  0.605  3.7163  3.617    2  0.000  0.537     0.00     0.00 -1 -8.12e-13      0.00 7.464e-01 2.487e-01 8.729e-04 2.385e-04 2.167e-03 -1.000 4.917e-03 3.258 1.967 1.531 1.466 1.433 1.458 1.445 1.418 1.006 1.149 1.287 1.436 1.461 1.479 1.195
0.005 -0.48482 10.00000 0.9278132319 2.4564423561    0.926  0.654  3.7134  3.556    3  0.000  0.537     0.00     0.00 -1 -9.71e-13      0.00 7.436e-01 2.514e-01 8.766e-04 2.397e-04 2.177e-03 -1.000 4.967e-03 3.135 1.833 1.389 1.322 1.289 1.315 1.301 1.274 0.861 1.004 1.142 1.292 1.318 1.334 1.050
0.005 -0.48482 10.00000 0.9287606478 2.4566776752    0.927  0.705  3.7112  3.497    3  0.000  0.536     0.00     0.00 -1 -1.17e-12      0.00 7.409e-01 2.542e-01 8.780e-04 2.408e-04 2.184e-03 -1.000 4.950e-03 3.007 1.697 1.246 1.179 1.145 1.172 1.158 1.129 0.717 0.860 0.997 1.148 1.175 1.190 0.906
0.005 -0.48482 10.00000 0.9294620156 2.4568514824    0.927  0.747  3.7098  3.450    3  0.000  0.534     0.00     0.00 -1 -1.36e-12      0.00 7.386e-01 2.564e-01 8.763e-04 2.427e-04 2.189e-03 -1.000 4.946e-03 2.903 1.587 1.132 1.065 1.031 1.058 1.044 1.014 0.602 0.744 0.882 1.034 1.061 1.075 0.791
0.005 -0.48482 10.00000 0.9301334620 2.4570176601    0.928  0.790  3.7085  3.402    3  0.000  0.529     0.00     0.00 -1 -1.58e-12      0.00 7.363e-01 2.587e-01 8.708e-04 2.474e-04 2.193e-03 -1.000 4.966e-03 2.796 1.475 1.016 0.948 0.914 0.941 0.927 0.897 0.484 0.626 0.764 0.917 0.944 0.957 0.673
0.005 -0.48482 10.00000 0.9309132695 2.4572103024    0.929  0.844  3.7069  3.341    3  0.000  0.520     0.00     0.00 -1 -1.92e-12      0.00 7.335e-01 2.615e-01 8.571e-04 2.607e-04 2.197e-03 -1.000 4.986e-03 2.660 1.334 0.870 0.801 0.766 0.795 0.780 0.749 0.336 0.478 0.615 0.769 0.798 0.809 0.525
0.005 -0.48482 10.00000 0.9315062165 2.4573566914    0.929  0.889  3.7055  3.291    3  0.000  0.511     0.00     0.00 -1 -2.26e-12      0.00 7.315e-01 2.635e-01 8.419e-04 2.777e-04 2.199e-03 -1.000 4.995e-03 2.547 1.216 0.748 0.679 0.644 0.673 0.658 0.626 0.213 0.355 0.492 0.647 0.676 0.687 0.402
0.005 -0.48482 10.00000 0.9320104122 2.4574809074    0.930  0.930  3.7043  3.245    3  0.000  0.502     0.00     0.00 -1 -2.62e-12      0.00 7.298e-01 2.652e-01 8.282e-04 2.945e-04 2.201e-03 -1.000 5.019e-03 2.444 1.109 0.638 0.568 0.532 0.562 0.547 0.515 0.101 0.243 0.380 0.536 0.565 0.575 0.290
0.005 -0.48482 10.00000 0.9326055646 2.4576270580    0.930  0.983  3.7027  3.186    3  0.000  0.492     0.00     0.00 -1 -3.16e-12      0.00 7.279e-01 2.671e-01 8.126e-04 3.141e-04 2.203e-03 -1.000 5.030e-03 2.312 0.971 0.495 0.424 0.389 0.419 0.404 0.371 -0.043 0.098 0.235 0.392 0.422 0.431 0.146
0.005 -0.48482 10.00000 0.9330397248 2.4577338696    0.930  1.025  3.7013  3.139    3  0.000  0.486     0.00     0.00 -1 -3.68e-12      0.00 7.267e-01 2.683e-01 8.036e-04 3.257e-04 2.204e-03 -1.000 5.016e-03 2.207 0.861 0.381 0.310 0.273 0.304 0.289 0.255 -0.159 -0.017 0.119 0.277 0.308 0.315 0.030
0.005 -0.48482 10.00000 0.9334288836 2.4578292370    0.931  1.066  3.6999  3.093    3  0.000  0.482     0.00     0.00 -1 -4.27e-12      0.00 7.258e-01 2.692e-01 7.967e-04 3.346e-04 2.205e-03 -1.000 5.026e-03 2.105 0.754 0.270 0.198 0.161 0.193 0.177 0.143 -0.271 -0.130 0.006 0.165 0.196 0.203 -0.082
0.005 -0.48482 10.00000 0.9337962270 2.4579193592    0.931  1.107  3.6985  3.046    3  0.000  0.478     0.00     0.00 -1 -4.95e-12      0.00 7.250e-01 2.700e-01 7.909e-04 3.420e-04 2.206e-03 -1.000 5.049e-03 2.002 0.646 0.156 0.084 0.047 0.080 0.064 0.028 -0.386 -0.245 -0.109 0.051 0.083 0.088 -0.197
0.005 -0.48482 10.00000 0.9342236519 2.4580240250    0.931  1.160  3.6965  2.985    3  0.000  0.475     0.00     0.00 -1 -5.99e-12      0.00 7.243e-01 2.707e-01 7.861e-04 3.484e-04 2.206e-03 -1.000 5.049e-03 1.869 0.506 0.010 -0.063 -0.100 -0.067 -0.083 -0.120 -0.534 -0.393 -0.258 -0.096 -0.063 -0.060 -0.345
0.005 -0.48482 10.00000 0.9346083403 2.4581182003    0.932  1.213  3.6944  2.924    3  0.000  0.473     0.00     0.00 -1 -7.25e-12      0.00 7.238e-01 2.712e-01 7.829e-04 3.525e-04 2.207e-03 -1.000 5.011e-03 1.738 0.367 -0.136 -0.210 -0.248 -0.213 -0.230 -0.268 -0.683 -0.543 -0.408 -0.244 -0.209 -0.208 -0.494
0.005 -0.48482 10.00000 0.9349437356 2.4582002163    0.932  1.263  3.6924  2.865    3  0.000  0.472     0.00     0.00 -1 -8.71e-12      0.00 7.235e-01 2.715e-01 7.811e-04 3.548e-04 2.207e-03 -1.000 5.018e-03 1.611 0.233 -0.277 -0.352 -0.390 -0.354 -0.371 -0.411 -0.826 -0.687 -0.552 -0.386 -0.350 -0.352 -0.637
0.005 -0.48482 10.00000 0.9352442622 2.4582736492    0.932  1.313  3.6902  2.807    3  0.000  0.471     0.00     0.00 -1 -1.04e-11      0.00 7.234e-01 2.716e-01 7.803e-04 3.559e-04 2.208e-03 -1.000 5.039e-03 1.487 0.101 -0.416 -0.491 -0.530 -0.493 -0.511 -0.552 -0.968 -0.828 -0.694 -0.526 -0.489 -0.493 -0.779
0.005 -0.48482 10.00000 0.9355229139 2.4583415985    0.932  1.363  3.6880  2.748    3  0.000  0.471     0.00     0.00 -1 -1.26e-11      0.00 7.233e-01 2.716e-01 7.799e-04 3.565e-04 2.208e-03 -1.000 5.044e-03 1.361 -0.033 -0.557 -0.634 -0.673 -0.636 -0.653 -0.695 -1.112 -0.973 -0.841 -0.669 -0.632 -0.636 -0.923
0.005 -0.48482 10.00000 0.9357776642 2.4584038258    0.932  1.414  3.6856  2.688    3  0.000  0.471     0.00     0.00 -1 -1.51e-11      0.00 7.233e-01 2.717e-01 7.797e-04 3.567e-04 2.208e-03 -1.000 5.044e-03 1.235 -0.167 -0.699 -0.777 -0.817 -0.779 -0.797 -0.840 -1.256 -1.119 -0.989 -0.813 -0.775 -0.781 -1.068
0.005 -0.48482 10.00000 0.9359951615 2.4584567547    0.932  1.461  3.6833  2.632    3  0.000  0.471     0.00     0.00 -1  -1.8e-11      0.00 7.233e-01 2.717e-01 7.796e-04 3.568e-04 2.208e-03 -1.000 5.044e-03 1.117 -0.292 -0.832 -0.911 -0.951 -0.913 -0.931 -0.975 -1.392 -1.256 -1.127 -0.947 -0.909 -0.916 -1.203
0.005 -0.48482 10.00000 0.9362022281 2.4585072994    0.933  1.509  3.6809  2.574    3  0.000  0.471     0.00     0.00 -1 -2.15e-11      0.00 7.233e-01 2.717e-01 7.795e-04 3.570e-04 2.208e-03 -1.000 5.044e-03 0.996 -0.421 -0.969 -1.049 -1.090 -1.051 -1.070 -1.114 -1.532 -1.397 -1.270 -1.086 -1.047 -1.056 -1.343
0.005 -0.48482 10.00000 0.9363887310 2.4585525990    0.933  1.556  3.6785  2.517    3  0.000  0.471     0.00     0.00 -1 -2.55e-11      0.00 7.233e-01 2.717e-01 7.794e-04 3.571e-04 2.208e-03 -1.000 5.044e-03 0.879 -0.546 -1.102 -1.184 -1.226 -1.186 -1.204 -1.250 -1.668 -1.534 -1.407 -1.221 -1.182 -1.192 -1.480
0.005 -0.48482 10.00000 0.9365623593 2.4585947990    0.933  1.603  3.6761  2.461    3  0.000  0.471     0.00     0.00 -1 -3.03e-11      0.00 7.233e-01 2.717e-01 7.793e-04 3.572e-04 2.208e-03 -1.000 5.044e-03 0.762 -0.671 -1.234 -1.317 -1.360 -1.319 -1.338 -1.385 -1.804 -1.669 -1.543 -1.355 -1.314 -1.327 -1.615
0.005 -0.48482 10.00000 0.9367275238 2.4586350918    0.933  1.648  3.6737  2.407    3  0.000  0.471     0.00     0.00 -1 -3.58e-11      0.00 7.232e-01 2.717e-01 7.792e-04 3.573e-04 2.208e-03 -1.000 5.044e-03 0.651 -0.791 -1.362 -1.446 -1.489 -1.447 -1.466 -1.516 -1.935 -1.800 -1.674 -1.485 -1.442 -1.458 -1.746
0.005 -0.48482 10.00000 0.9369274378 2.4586837292    0.932  1.690  3.6714  2.356    3  0.000  0.471     0.00     0.00 -1 -4.19e-11      0.00 7.232e-01 2.717e-01 7.791e-04 3.575e-04 2.208e-03 -1.000 5.044e-03 0.546 -0.903 -1.481 -1.566 -1.611 -1.566 -1.586 -1.638 -2.057 -1.923 -1.797 -1.606 -1.561 -1.580 -1.868
0.005 -0.48482 10.00000 0.9369995594 2.4587013721    0.932  1.702  3.6708  2.341    3  0.000  0.471     0.00     0.00 -1 -4.39e-11      0.00 7.232e-01 2.717e-01 7.791e-04 3.575e-04 2.208e-03 -1.000 5.044e-03 0.516 -0.935 -1.514 -1.600 -1.645 -1.600 -1.620 -1.672 -2.091 -1.957 -1.831 -1.640 -1.595 -1.614 -1.902
0.005 -0.48482 10.00000 0.9371285439 2.4587326050    0.932  1.675  3.6728  2.376    3  0.000  0.471     0.00     0.00 -1 -4.01e-11      0.00 7.232e-01 2.717e-01 7.791e-04 3.576e-04 2.208e-03 -1.000 5.044e-03 0.584 -0.861 -1.434 -1.519 -1.563 -1.519 -1.539 -1.589 -2.008 -1.874 -1.748 -1.558 -1.514 -1.531 -1.819
0.005 -0.48482 10.00000 0.9372088909 2.4587521553    0.932  1.648  3.6747  2.410    3  0.000  0.470     0.00     0.00 -1 -3.64e-11      0.00 7.232e-01 2.717e-01 7.790e-04 3.577e-04 2.208e-03 -1.000 5.044e-03 0.649 -0.789 -1.357 -1.441 -1.484 -1.441 -1.461 -1.510 -1.929 -1.794 -1.668 -1.479 -1.437 -1.452 -1.740
0.005 -0.48482 10.00000 0.9372373819 2.4587590694    0.932  1.659  3.6741  2.397    3  0.000  0.470     0.00     0.00 -1 -3.75e-11      0.00 7.232e-01 2.717e-01 7.790e-04 3.577e-04 2.208e-03 -1.000 5.044e-03 0.623 -0.817 -1.386 -1.470 -1.514 -1.471 -1.490 -1.540 -1.959 -1.825 -1.699 -1.509 -1.466 -1.482 -1.770
0.005 -0.48482 10.00000 0.9373596907 2.4587888718    0.932  1.702  3.6716  2.343    3  0.000  0.470     0.00     0.00 -1 -4.37e-11      0.00 7.232e-01 2.717e-01 7.789e-04 3.578e-04 2.208e-03 -1.000 5.044e-03 0.514 -0.935 -1.512 -1.598 -1.642 -1.597 -1.617 -1.669 -2.088 -1.954 -1.828 -1.637 -1.592 -1.611 -1.899
0.005 -0.48482 10.00000 0.9374815226 2.4588184357    0.932  1.748  3.6690  2.287    3  0.000  0.470     0.00     0.00 -1 -5.18e-11      0.00 7.232e-01 2.718e-01 7.789e-04 3.578e-04 2.208e-03 -1.000 5.044e-03 0.400 -1.057 -1.643 -1.730 -1.775 -1.728 -1.749 -1.802 -2.222 -2.088 -1.962 -1.770 -1.723 -1.745 -2.033
0.005 -0.48482 10.00000 0.9375926256 2.4588453770    0.932  1.792  3.6663  2.232    3  0.000  0.470     0.00     0.00 -1 -6.11e-11      0.00 7.232e-01 2.718e-01 7.788e-04 3.579e-04 2.208e-03 -1.000 5.044e-03 0.290 -1.176 -1.770 -1.858 -1.904 -1.855 -1.877 -1.933 -2.353 -2.219 -2.093 -1.899 -1.850 -1.876 -2.164
0.005 -0.48482 10.00000 0.9376983643 2.4588708878    0.932  1.837  3.6636  2.176    3  0.000  0.470     0.00     0.00 -1 -7.23e-11      0.00 7.232e-01 2.718e-01 7.788e-04 3.580e-04 2.208e-03 -1.000 5.044e-03 0.176 -1.298 -1.900 -1.990 -2.037 -1.986 -2.008 -2.067 -2.487 -2.353 -2.226 -2.032 -1.980 -2.010 -2.298
0.005 -0.48482 10.00000 0.9377922416 2.4588937759    0.932  1.881  3.6609  2.122    3  0.000  0.470     0.00     0.00 -1 -8.51e-11      0.00 7.232e-01 2.718e-01 7.787e-04 3.581e-04 2.208e-03 -1.000 5.044e-03 0.068 -1.415 -2.025 -2.117 -2.165 -2.112 -2.135 -2.196 -2.616 -2.483 -2.356 -2.160 -2.106 -2.139 -2.427
0.005 -0.48482 10.00000 0.9378810525 2.4589152336    0.931  1.925  3.6581  2.067    3  0.000  0.470     0.00     0.00 -1    -1e-10      0.00 7.232e-01 2.718e-01 7.787e-04 3.581e-04 2.208e-03 -1.000 5.044e-03 -0.043 -1.534 -2.153 -2.247 -2.296 -2.240 -2.264 -2.327 -2.748 -2.614 -2.488 -2.290 -2.234 -2.270 -2.559
0.005 -0.48482 10.00000 0.9379601479 2.4589345455    0.931  1.968  3.6554  2.013    3  0.000  0.470     0.00     0.00 -1 -1.18e-10      0.00 7.232e-01 2.718e-01 7.787e-04 3.582e-04 2.208e-03 -1.000 5.044e-03 -0.149 -1.647 -2.276 -2.372 -2.422 -2.364 -2.389 -2.454 -2.874 -2.741 -2.616 -2.416 -2.358 -2.397 -2.686
0.005 -0.48482 10.00000 0.9380343556 2.4589524269    0.931  2.010  3.6526  1.959    3  0.000  0.470     0.00     0.00 -1 -1.38e-10      0.00 7.232e-01 2.718e-01 7.786e-04 3.582e-04 2.208e-03 -1.000 5.044e-03 -0.256 -1.763 -2.398 -2.496 -2.547 -2.486 -2.513 -2.581 -2.976 -3.222 -3.387 -2.541 -2.480 -2.531 -2.799
0.005 -0.48482 10.00000 0.9381033778 2.4589693546    0.931  2.053  3.6498  1.905    3  0.000  0.470     0.00     0.00 -1 -1.63e-10      0.00 7.232e-01 2.718e-01 7.786e-04 3.583e-04 2.208e-03 -1.000 5.045e-03 -0.363 -1.879 -2.519 -2.621 -2.674 -2.609 -2.637 -2.710 -3.071 -3.822 -4.376 -2.668 -2.602 -2.667 -2.908
0.005 -0.48482 10.00000 0.9381653070 2.4589843750    0.930  2.095  3.6470  1.851    3  0.000  0.470     0.00     0.00 -1 -1.91e-10      0.00 7.232e-01 2.718e-01 7.786e-04 3.583e-04 2.208e-03 -1.000 5.044e-03 -0.468 -1.991 -2.637 -2.742 -2.797 -2.728 -2.758 -2.834 -3.162 -4.406 -5.340 -2.790 -2.721 -2.800 -3.015
0.005 -0.48482 10.00000 0.9382238388 2.4589984417    0.930  2.138  3.6441  1.797    3  0.000  0.470     0.00     0.00 -1 -2.24e-10      0.00 7.232e-01 2.718e-01 7.785e-04 3.584e-04 2.208e-03 -1.000 5.044e-03 -0.575 -2.105 -2.757 -2.866 -2.922 -2.849 -2.882 -2.961 -3.255 -5.004 -6.324 -2.916 -2.842 -2.935 -3.123
0.005 -0.48482 10.00000 0.9382760525 2.4590110779    0.929  2.179  3.6413  1.744    3  0.000  0.470     0.00     0.00 -1 -2.62e-10      0.00 7.232e-01 2.718e-01 7.785e-04 3.584e-04 2.208e-03 -1.000 5.045e-03 -0.678 -2.216 -2.873 -2.986 -3.044 -2.967 -3.002 -3.084 -3.346 -5.584 -7.281 -3.037 -2.960 -3.066 -3.229
0.005 -0.48482 10.00000 0.9383252263 2.4590229988    0.929  2.221  3.6384  1.691    3  0.000  0.470     0.00     0.00 -1 -3.07e-10      0.00 7.232e-01 2.718e-01 7.785e-04 3.584e-04 2.208e-03 -1.000 5.045e-03 -0.782 -2.327 -2.990 -3.108 -3.167 -3.086 -3.124 -3.208 -3.438 -6.171 -8.247 -3.160 -3.078 -3.198 -3.335
0.005 -0.48482 10.00000 0.9383697510 2.4590337276    0.928  2.262  3.6355  1.638    3  0.000  0.470     0.00     0.00 -1 -3.58e-10      0.00 7.232e-01 2.718e-01 7.785e-04 3.585e-04 2.208e-03 -1.000 5.045e-03 -0.884 -2.436 -3.103 -3.226 -3.287 -3.203 -3.243 -3.328 -3.527 -6.746 -9.194 -3.280 -3.194 -3.327 -3.439
0.005 -0.48482 10.00000 0.9384114146 2.4590439796    0.928  2.303  3.6326  1.585    3  0.000  0.470     0.00     0.00 -1 -4.18e-10      0.00 7.232e-01 2.718e-01 7.784e-04 3.585e-04 2.208e-03 -1.000 5.045e-03 -0.986 -2.545 -3.218 -3.345 -3.408 -3.320 -3.362 -3.449 -3.617 -7.325 -10.148 -3.401 -3.311 -3.456 -3.544
0.005 -0.48482 10.00000 0.9384493828 2.4590530396    0.927  2.343  3.6297  1.533    3  0.000  0.470     0.00     0.00 -1 -4.87e-10      0.00 7.232e-01 2.718e-01 7.784e-04 3.585e-04 2.208e-03 -1.000 5.045e-03 -1.087 -2.652 -3.330 -3.463 -3.527 -3.436 -3.481 -3.568 -3.706 -7.898 -11.091 -3.520 -3.427 -3.583 -3.648
0.005 -0.48482 10.00000 0.9384846091 2.4590616226    0.927  2.383  3.6267  1.481    3  0.000  0.470     0.00     0.00 -1 -5.68e-10      0.00 7.232e-01 2.718e-01 7.784e-04 3.585e-04 2.208e-03 -1.000 5.045e-03 -1.187 -2.758 -3.444 -3.582 -3.647 -3.554 -3.600 -3.687 -3.808 -8.307 -11.735 -3.640 -3.545 -3.709 -3.759
0.005 -0.48482 10.00000 0.9385179877 2.4590697289    0.926  2.424  3.6238  1.428    3  0.000  0.470     0.00     0.00 -1 -6.64e-10      0.00 7.231e-01 2.718e-01 7.784e-04 3.586e-04 2.208e-03 -1.000 5.045e-03 -1.290 -2.868 -3.563 -3.705 -3.772 -3.677 -3.724 -3.811 -3.934 -8.433 -11.861 -3.764 -3.667 -3.833 -3.885
0.005 -0.48482 10.00000 0.9385475516 2.4590768814    0.925  2.463  3.6208  1.376    3  0.000  0.470     0.00     0.00 -1 -7.71e-10      0.00 7.231e-01 2.718e-01 7.784e-04 3.586e-04 2.208e-03 -1.000 5.045e-03 -1.388 -2.972 -3.677 -3.822 -3.891 -3.794 -3.842 -3.929 -4.055 -8.554 -11.983 -3.882 -3.785 -3.952 -4.006
0.005 -0.48482 10.00000 0.9385753274 2.4590835571    0.924  2.503  3.6179  1.325    3  0.000  0.470     0.00     0.00 -1 -8.96e-10      0.00 7.231e-01 2.718e-01 7.784e-04 3.586e-04 2.208e-03 -1.000 5.045e-03 -1.487 -3.078 -3.792 -3.941 -4.011 -3.913 -3.962 -4.049 -4.177 -8.676 -12.105 -4.002 -3.903 -4.072 -4.128
0.005 -0.48482 10.00000 0.9386012554 2.4590899944    0.923  2.542  3.6149  1.273    3  0.000  0.470     0.00     0.00 -1 -1.04e-09      0.00 7.231e-01 2.718e-01 7.783e-04 3.586e-04 2.208e-03 -1.000 5.045e-03 -1.585 -3.182 -3.906 -4.060 -4.130 -4.031 -4.081 -4.168 -4.299 -8.798 -12.226 -4.121 -4.021 -4.192 -4.250
0.005 -0.48482 10.00000 0.9386247993 2.4590957165    0.922  2.580  3.6119  1.222    3  0.000  0.470     0.00     0.00 -1 -1.21e-09      0.00 7.231e-01 2.718e-01 7.783e-04 3.586e-04 2.208e-03 -1.000 5.045e-03 -1.680 -3.284 -4.017 -4.175 -4.247 -4.146 -4.198 -4.284 -4.417 -8.917 -12.345 -4.238 -4.137 -4.308 -4.368
0.005 -0.48482 10.00000 0.9386472702 2.4591009617    0.921  2.619  3.6090  1.171    3  0.000  0.470     0.00     0.00 -1  -1.4e-09      0.00 7.231e-01 2.718e-01 7.783e-04 3.586e-04 2.208e-03 -1.000 5.045e-03 -1.778 -3.388 -4.131 -4.293 -4.366 -4.264 -4.316 -4.402 -4.539 -9.038 -12.466 -4.357 -4.254 -4.428 -4.489
0.005 -0.48482 10.00000 0.9386675358 2.4591059685    0.920  2.657  3.6060  1.121    3  0.000  0.470     0.00     0.00 -1 -1.62e-09      0.00 7.231e-01 2.718e-01 7.783e-04 3.587e-04 2.208e-03 -1.000 5.045e-03 -1.872 -3.487 -4.240 -4.406 -4.481 -4.377 -4.431 -4.516 -4.656 -9.155 -12.584 -4.471 -4.368 -4.543 -4.607
0.005 -0.48482 10.00000 0.9386866689 2.4591104984    0.919  2.695  3.6030  1.071    3  0.000  0.470     0.00     0.00 -1 -1.87e-09      0.00 7.231e-01 2.718e-01 7.783e-04 3.587e-04 2.208e-03 -1.000 5.045e-03 -1.967 -3.587 -4.350 -4.521 -4.597 -4.492 -4.547 -4.632 -4.774 -9.273 -12.702 -4.587 -4.482 -4.659 -4.725
0.005 -0.48482 10.00000 0.9387049675 2.4591150284    0.917  2.733  3.6000  1.019    3  0.000  0.470     0.00     0.00 -1 -2.17e-09      0.00 7.231e-01 2.718e-01 7.783e-04 3.587e-04 2.208e-03 -1.000 5.045e-03 -2.063 -3.689 -4.462 -4.637 -4.715 -4.608 -4.665 -4.749 -4.894 -9.393 -12.822 -4.704 -4.598 -4.776 -4.845
0.005 -0.48482 10.00000 0.9387251139 2.4591197968    0.916  2.779  3.5962  0.958    3  0.000  0.470     0.00     0.00 -1 -2.59e-09      0.00 7.231e-01 2.718e-01 7.783e-04 3.587e-04 2.208e-03 -1.000 5.045e-03 -2.176 -3.810 -4.594 -4.776 -4.855 -4.747 -4.806 -4.889 -5.038 -9.537 -12.965 -4.844 -4.737 -4.917 -4.988
0.005 -0.48482 10.00000 0.9387438297 2.4591243267    0.914  2.824  3.5925  0.897    3  0.000  0.470     0.00     0.00 -1 -3.08e-09      0.00 7.231e-01 2.718e-01 7.783e-04 3.587e-04 2.208e-03 -1.000 5.045e-03 -2.289 -3.930 -4.726 -4.914 -4.996 -4.885 -4.947 -5.028 -5.181 -9.680 -13.109 -4.983 -4.876 -5.058 -5.132
0.005 -0.48482 10.00000 0.9387580752 2.4591279030    0.912  2.860  3.5895  0.847    3  0.000  0.470     0.00     0.00 -1 -3.56e-09      0.00 7.231e-01 2.718e-01 7.783e-04 3.587e-04 2.208e-03 -1.000 5.045e-03 -2.381 -4.028 -4.833 -5.026 -5.109 -4.998 -5.062 -5.142 -5.298 -9.797 -13.226 -5.096 -4.988 -5.172 -5.249
0.005 -0.48482 10.00000 0.9387741089 2.4591317177    0.910  2.905  3.5857  0.787    3  0.000  0.470     0.00     0.00 -1 -4.22e-09      0.00 7.231e-01 2.718e-01 7.783e-04 3.587e-04 2.208e-03 -1.000 5.045e-03 -2.491 -4.145 -4.962 -5.162 -5.247 -5.133 -5.200 -5.280 -5.440 -9.938 -13.367 -5.233 -5.124 -5.311 -5.390
0.005 -0.48482 10.00000 0.9387888908 2.4591352940    0.907  2.948  3.5820  0.727    3  0.000  0.470     0.00     0.00 -1 -5.01e-09      0.00 7.231e-01 2.718e-01 7.783e-04 3.587e-04 2.208e-03 -1.000 5.045e-03 -2.600 -4.261 -5.089 -5.295 -5.383 -5.267 -5.337 -5.415 -5.579 -10.078 -13.506 -5.368 -5.258 -5.448 -5.530
0.005 -0.48482 10.00000 0.9388024807 2.4591386318    0.904  2.991  3.5782  0.668    3  0.000  0.470     0.00     0.00 -1 -5.92e-09      0.00 7.231e-01 2.718e-01 7.782e-04 3.587e-04 2.208e-03 -1.000 5.045e-03 -2.707 -4.375 -5.214 -5.427 -5.517 -5.399 -5.472 -5.549 -5.717 -10.216 -13.644 -5.501 -5.390 -5.583 -5.668
0.005 -0.48482 10.00000 0.9388149977 2.4591417313    0.901  3.033  3.5744  0.610    3  0.000  0.470     0.00     0.00 -1 -6.99e-09      0.00 7.231e-01 2.718e-01 7.782e-04 3.588e-04 2.208e-03 -1.000 5.045e-03 -2.812 -4.488 -5.337 -5.557 -5.649 -5.529 -5.606 -5.682 -5.854 -10.353 -13.781 -5.633 -5.521 -5.717 -5.804
0.005 -0.48482 10.00000 0.9388266802 2.4591445923    0.898  3.074  3.5706  0.551    3  0.000  0.470     0.00     0.00 -1 -8.25e-09      0.00 7.231e-01 2.718e-01 7.782e-04 3.588e-04 2.208e-03 -1.000 5.045e-03 -2.916 -4.599 -5.460 -5.686 -5.781 -5.658 -5.739 -5.814 -5.990 -10.488 -13.917 -5.763 -5.650 -5.850 -5.940
0.005 -0.48482 10.00000 0.9388373494 2.4591469765    0.894  3.115  3.5668  0.494    3  0.000  0.470     0.00     0.00 -1 -9.69e-09      0.00 7.231e-01 2.718e-01 7.782e-04 3.588e-04 2.208e-03 -1.000 5.045e-03 -3.016 -4.709 -5.579 -5.812 -5.909 -5.784 -5.869 -5.943 -6.123 -10.622 -14.050 -5.890 -5.777 -5.980 -6.073
0.005 -0.48482 10.00000 0.9388473630 2.4591495991    0.890  3.154  3.5629  0.437    3  0.000  0.470     0.00     0.00 -1 -1.14e-08      0.00 7.231e-01 2.718e-01 7.782e-04 3.588e-04 2.208e-03 -1.000 5.045e-03 -3.116 -4.818 -5.698 -5.937 -6.037 -5.911 -6.000 -6.073 -6.257 -10.756 -14.184 -6.016 -5.904 -6.111 -6.207
0.005 -0.48482 10.00000 0.9388564825 2.4591517448    0.886  3.193  3.5590  0.381    3  0.000  0.470     0.00     0.00 -1 -1.33e-08      0.00 7.231e-01 2.718e-01 7.782e-04 3.588e-04 2.208e-03 -1.000 5.045e-03 -3.212 -4.924 -5.813 -6.059 -6.162 -6.034 -6.127 -6.200 -6.388 -10.887 -14.315 -6.139 -6.028 -6.240 -6.338
0.005 -0.48482 10.00000 0.9388649464 2.4591536522    0.882  3.231  3.5551  0.325    3  0.000  0.470     0.00     0.00 -1 -1.55e-08      0.00 7.231e-01 2.718e-01 7.782e-04 3.588e-04 2.208e-03 -1.000 5.045e-03 -3.306 -5.029 -5.926 -6.179 -6.285 -6.157 -6.253 -6.325 -6.518 -11.016 -14.445 -6.260 -6.151 -6.366 -6.468
0.005 -0.48482 10.00000 0.9388727546 2.4591555595    0.877  3.267  3.5512  0.271    3  0.000  0.470     0.00     0.00 -1  -1.8e-08      0.00 7.231e-01 2.718e-01 7.782e-04 3.588e-04 2.208e-03 -1.000 5.045e-03 -3.398 -5.131 -6.036 -6.296 -6.405 -6.276 -6.376 -6.448 -6.644 -11.143 -14.571 -6.378 -6.271 -6.490 -6.594
0.005 -0.48482 10.00000 0.9388804436 2.4591574669    0.871  3.305  3.5473  0.215    3  0.000  0.470     0.00     0.00 -1  -2.1e-08      0.00 7.231e-01 2.718e-01 7.782e-04 3.588e-04 2.208e-03 -1.000 5.045e-03 -3.491 -5.236 -6.149 -6.416 -6.527 -6.398 -6.502 -6.573 -6.774 -11.273 -14.701 -6.499 -6.393 -6.617 -6.724
0.005 -0.48482 10.00000 0.9388874769 2.4591591358    0.865  3.340  3.5435  0.161    3  0.000  0.470     0.00     0.00 -1 -2.43e-08      0.00 7.231e-01 2.718e-01 7.782e-04 3.588e-04 2.208e-03 -1.000 5.045e-03 -3.579 -5.335 -6.255 -6.529 -6.643 -6.514 -6.621 -6.693 -6.897 -11.396 -14.824 -6.613 -6.509 -6.738 -6.847
0.005 -0.48482 10.00000 0.9388952255 2.4591610432    0.858  3.377  3.5395  0.104    3  0.000  0.470     0.00     0.00 -1 -2.84e-08      0.00 7.231e-01 2.718e-01 7.782e-04 3.588e-04 2.208e-03 -1.000 5.045e-03 -3.673 -5.439 -6.367 -6.648 -6.766 -6.636 -6.747 -6.819 -7.028 -11.526 -14.955 -6.734 -6.632 -6.866 -6.977
0.005 -0.48482 10.00000 0.9388952255 2.4591610432    0.858  1.721  3.6980  2.394    4  0.000  0.493     0.00     0.00 -1    -1e-30      0.00 7.268e-01 2.682e-01 8.130e-04 3.126e-04 2.199e-03 -1.000 5.046e-03 0.468 -0.894 -1.386 -1.458 -1.495 -1.458 -1.475 -1.517 -1.934 -1.797 -1.665 -1.492 -1.454 -1.459 -1.745
0.005 -0.48482 10.00000 0.9389707446 2.4591794014    0.858  1.732  3.6972  2.380    4  0.000  0.493     0.00     0.00 -1    -1e-30      0.00 7.268e-01 2.682e-01 8.129e-04 3.127e-04 2.199e-03 -1.000 5.046e-03 0.440 -0.925 -1.419 -1.491 -1.529 -1.491 -1.508 -1.551 -1.968 -1.830 -1.698 -1.525 -1.487 -1.492 -1.779
0.005 -0.48482 10.00000 0.9390518665 2.4591989517    0.858  1.736  3.6970  2.376    4  0.000  0.493     0.00     0.00 -1    -1e-30      0.00 7.267e-01 2.682e-01 8.129e-04 3.127e-04 2.199e-03 -1.000 5.046e-03 0.431 -0.935 -1.430 -1.502 -1.540 -1.502 -1.520 -1.562 -1.979 -1.842 -1.710 -1.536 -1.498 -1.504 -1.790
0.005 -0.48482 10.00000 0.9391266704 2.4592170715    0.858  1.737  3.6972  2.375    4  0.000  0.493     0.00     0.00 -1    -1e-30      0.00 7.267e-01 2.682e-01 8.129e-04 3.127e-04 2.199e-03 -1.000 5.046e-03 0.428 -0.938 -1.432 -1.504 -1.541 -1.504 -1.521 -1.564 -1.981 -1.843 -1.712 -1.538 -1.500 -1.505 -1.792
0.005 -0.48482 10.00000 0.9392022491 2.4592354298    0.858  1.736  3.6975  2.377    4  0.000  0.493     0.00     0.00 -1    -1e-30      0.00 7.267e-01 2.682e-01 8.129e-04 3.128e-04 2.199e-03 -1.000 5.046e-03 0.429 -0.935 -1.427 -1.499 -1.537 -1.500 -1.517 -1.559 -1.976 -1.839 -1.707 -1.533 -1.496 -1.500 -1.787
0.005 -0.48482 10.00000 0.9392769933 2.4592533112    0.858  1.735  3.6980  2.381    4  0.000  0.493     0.00     0.00 -1    -1e-30      0.00 7.267e-01 2.682e-01 8.128e-04 3.128e-04 2.199e-03 -1.000 5.046e-03 0.433 -0.929 -1.420 -1.492 -1.530 -1.492 -1.510 -1.552 -1.969 -1.831 -1.699 -1.526 -1.489 -1.493 -1.780
0.005 -0.48482 10.00000 0.9393517375 2.4592714310    0.858  1.733  3.6986  2.385    4  0.000  0.493     0.00     0.00 -1    -1e-30      0.00 7.267e-01 2.682e-01 8.128e-04 3.128e-04 2.199e-03 -1.000 5.046e-03 0.438 -0.923 -1.412 -1.484 -1.521 -1.484 -1.501 -1.543 -1.960 -1.822 -1.690 -1.517 -1.480 -1.484 -1.771
0.005 -0.48482 10.00000 0.9394276738 2.4592897892    0.858  1.731  3.6992  2.389    4  0.000  0.493     0.00     0.00 -1    -1e-30      0.00 7.267e-01 2.682e-01 8.128e-04 3.129e-04 2.199e-03 -1.000 5.046e-03 0.443 -0.916 -1.403 -1.475 -1.512 -1.475 -1.492 -1.534 -1.950 -1.813 -1.681 -1.508 -1.471 -1.475 -1.762
0.005 -0.48482 10.00000 0.9395039678 2.4593083858    0.858  1.729  3.6997  2.394    4  0.000  0.493     0.00     0.00 -1    -1e-30      0.00 7.267e-01 2.682e-01 8.128e-04 3.129e-04 2.199e-03 -1.000 5.046e-03 0.448 -0.909 -1.395 -1.466 -1.503 -1.466 -1.483 -1.525 -1.941 -1.804 -1.672 -1.499 -1.463 -1.466 -1.752
0.005 -0.48482 10.00000 0.9395794868 2.4593265057    0.858  1.727  3.7002  2.397    4  0.000  0.493     0.00     0.00 -1    -1e-30      0.00 7.267e-01 2.682e-01 8.128e-04 3.129e-04 2.199e-03 -1.000 5.046e-03 0.452 -0.903 -1.387 -1.458 -1.495 -1.459 -1.476 -1.517 -1.933 -1.796 -1.664 -1.491 -1.455 -1.458 -1.744
0.005 -0.48482 10.00000 0.9396569729 2.4593453407    0.858  1.726  3.7007  2.401    4  0.000  0.493     0.00     0.00 -1    -1e-30      0.00 7.267e-01 2.682e-01 8.127e-04 3.130e-04 2.199e-03 -1.000 5.046e-03 0.455 -0.897 -1.381 -1.451 -1.488 -1.452 -1.469 -1.509 -1.926 -1.788 -1.656 -1.484 -1.448 -1.451 -1.737
0.005 -0.48482 10.00000 0.9397372007 2.4593646526    0.858  1.725  3.7012  2.404    4  0.000  0.493     0.00     0.00 -1    -1e-30      0.00 7.267e-01 2.682e-01 8.127e-04 3.130e-04 2.199e-03 -1.000 5.046e-03 0.458 -0.893 -1.374 -1.445 -1.481 -1.446 -1.462 -1.503 -1.919 -1.782 -1.649 -1.478 -1.442 -1.444 -1.731
0.005 -0.48482 10.00000 0.9398168921 2.4593839645    0.859  1.724  3.7016  2.407    4  0.000  0.493     0.00     0.00 -1    -1e-30      0.00 7.267e-01 2.682e-01 8.127e-04 3.130e-04 2.199e-03 -1.000 5.046e-03 0.461 -0.888 -1.369 -1.439 -1.476 -1.440 -1.457 -1.497 -1.914 -1.776 -1.644 -1.472 -1.436 -1.438 -1.725
0.005 -0.48482 10.00000 0.9398939013 2.4594025612    0.859  1.723  3.7020  2.409    4  0.000  0.493     0.00     0.00 -1    -1e-30      0.00 7.267e-01 2.683e-01 8.127e-04 3.131e-04 2.199e-03 -1.000 5.046e-03 0.463 -0.885 -1.364 -1.434 -1.471 -1.436 -1.452 -1.492 -1.909 -1.771 -1.639 -1.467 -1.432 -1.433 -1.720
0.005 -0.48482 10.00000 0.9399546385 2.4594171047    0.859  1.722  3.7023  2.411    4  0.000  0.493     0.00     0.00 -1    -1e-30      0.00 7.267e-01 2.683e-01 8.127e-04 3.131e-04 2.199e-03 -1.000 5.046e-03 0.464 -0.883 -1.361 -1.431 -1.468 -1.432 -1.449 -1.489 -1.905 -1.768 -1.635 -1.464 -1.429 -1.430 -1.717
0.005 -0.48482 10.00000 0.9399704337 2.4594209194    0.859  1.722  3.7023  2.411    4  0.000  0.493     0.00     0.00 -1    -1e-30      0.00 7.267e-01 2.683e-01 8.127e-04 3.131e-04 2.199e-03 -1.000 5.046e-03 0.465 -0.882 -1.361 -1.430 -1.467 -1.432 -1.448 -1.488 -1.905 -1.767 -1.635 -1.463 -1.428 -1.429 -1.716
0.005 -0.48482 10.00000 0.9400445223 2.4594388008    0.859  1.722  3.7026  2.412    4  0.000  0.493     0.00     0.00 -1    -1e-30      0.00 7.267e-01 2.683e-01 8.126e-04 3.131e-04 2.199e-03 -1.000 5.046e-03 0.465 -0.880 -1.358 -1.428 -1.464 -1.429 -1.446 -1.485 -1.902 -1.764 -1.632 -1.460 -1.425 -1.426 -1.713
0.005 -0.48482 10.00000 0.9401247501 2.4594581127    0.859  1.722  3.7028  2.414    4  0.000  0.493     0.00     0.00 -1    -1e-30      0.00 7.267e-01 2.683e-01 8.126e-04 3.132e-04 2.199e-03 -1.000 5.046e-03 0.466 -0.879 -1.356 -1.426 -1.462 -1.427 -1.443 -1.483 -1.900 -1.762 -1.630 -1.458 -1.423 -1.424 -1.711
0.005 -0.48482 10.00000 0.9402002096 2.4594764709    0.859  1.722  3.7030  2.414    4  0.000  0.493     0.00     0.00 -1    -1e-30      0.00 7.267e-01 2.683e-01 8.126e-04 3.132e-04 2.199e-03 -1.000 5.046e-03 0.465 -0.879 -1.355 -1.425 -1.461 -1.426 -1.443 -1.482 -1.899 -1.761 -1.629 -1.458 -1.423 -1.423 -1.710
0.005 -0.48482 10.00000 0.9402784705 2.4594953060    0.859  1.722  3.7031  2.414    4  0.000  0.493     0.00     0.00 -1    -1e-30      0.00 7.267e-01 2.683e-01 8.126e-04 3.132e-04 2.199e-03 -1.000 5.046e-03 0.464 -0.880 -1.356 -1.425 -1.462 -1.427 -1.443 -1.483 -1.899 -1.761 -1.629 -1.458 -1.423 -1.424 -1.710
0.005 -0.48482 10.00000 0.9403577447 2.4595143795    0.859  1.723  3.7031  2.414    4  0.000  0.493     0.00     0.00 -1    -1e-30      0.00 7.267e-01 2.683e-01 8.126e-04 3.133e-04 2.199e-03 -1.000 5.046e-03 0.462 -0.881 -1.357 -1.427 -1.463 -1.428 -1.445 -1.484 -1.901 -1.763 -1.631 -1.459 -1.425 -1.425 -1.712
0.005 -0.48482 10.00000 0.9404380918 2.4595336914    0.859  1.724  3.7031  2.412    4  0.000  0.493     0.00     0.00 -1    -1e-30      0.00 7.267e-01 2.683e-01 8.125e-04 3.133e-04 2.199e-03 -1.000 5.046e-03 0.459 -0.885 -1.361 -1.430 -1.466 -1.432 -1.448 -1.487 -1.904 -1.766 -1.634 -1.463 -1.428 -1.429 -1.715
0.005 -0.48482 10.00000 0.9405087233 2.4595508575    0.859  1.726  3.7030  2.410    4  0.000  0.493     0.00     0.00 -1    -1e-30      0.00 7.267e-01 2.683e-01 8.125e-04 3.133e-04 2.199e-03 -1.000 5.046e-03 0.456 -0.888 -1.365 -1.434 -1.471 -1.436 -1.452 -1.492 -1.908 -1.771 -1.638 -1.467 -1.432 -1.433 -1.719
0.005 -0.48482 10.00000 0.9405152202 2.4595522881    0.859  1.726  3.7030  2.410    4  0.000  0.493     0.00     0.00 -1    -1e-30      0.00 7.267e-01 2.683e-01 8.125e-04 3.133e-04 2.199e-03 -1.000 5.046e-03 0.455 -0.889 -1.365 -1.435 -1.471 -1.436 -1.453 -1.492 -1.909 -1.771 -1.639 -1.468 -1.433 -1.433 -1.720
0.005 -0.48482 10.00000 0.9405919313 2.4595708847    0.859  1.728  3.7028  2.407    4  0.000  0.493     0.00     0.00 -1    -1e-30      0.00 7.267e-01 2.683e-01 8.125e-04 3.134e-04 2.199e-03 -1.000 5.046e-03 0.450 -0.895 -1.372 -1.442 -1.478 -1.443 -1.459 -1.499 -1.916 -1.778 -1.646 -1.474 -1.439 -1.440 -1.727
0.005 -0.48482 10.00000 0.9406660199 2.4595887661    0.860  1.731  3.7025  2.404    4  0.000  0.493     0.00     0.00 -1    -1e-30      0.00 7.267e-01 2.683e-01 8.125e-04 3.134e-04 2.199e-03 -1.000 5.046e-03 0.444 -0.903 -1.381 -1.450 -1.487 -1.452 -1.468 -1.508 -1.925 -1.787 -1.655 -1.483 -1.448 -1.449 -1.736
0.005 -0.48482 10.00000 0.9407411218 2.4596066475    0.860  1.734  3.7021  2.399    4  0.000  0.493     0.00     0.00 -1    -1e-30      0.00 7.267e-01 2.683e-01 8.125e-04 3.134e-04 2.199e-03 -1.000 5.046e-03 0.435 -0.912 -1.391 -1.461 -1.498 -1.462 -1.479 -1.519 -1.936 -1.798 -1.666 -1.494 -1.459 -1.460 -1.747
0.005 -0.48482 10.00000 0.9408144355 2.4596245289    0.860  1.738  3.7017  2.393    4  0.000  0.493     0.00     0.00 -1    -1e-30      0.00 7.266e-01 2.683e-01 8.124e-04 3.135e-04 2.199e-03 -1.000 5.046e-03 0.426 -0.924 -1.404 -1.474 -1.511 -1.475 -1.492 -1.532 -1.949 -1.811 -1.679 -1.507 -1.471 -1.473 -1.760
0.005 -0.48482 10.00000 0.9408900738 2.4596426487    0.860  1.742  3.7012  2.387    4  0.000  0.493     0.00     0.00 -1    -1e-30      0.00 7.266e-01 2.683e-01 8.124e-04 3.135e-04 2.199e-03 -1.000 5.046e-03 0.415 -0.936 -1.418 -1.488 -1.525 -1.489 -1.506 -1.547 -1.963 -1.826 -1.694 -1.522 -1.485 -1.488 -1.774
0.005 -0.48482 10.00000 0.9409657121 2.4596607685    0.860  1.747  3.7006  2.380    4  0.000  0.493     0.00     0.00 -1    -1e-30      0.00 7.266e-01 2.683e-01 8.124e-04 3.135e-04 2.199e-03 -1.000 5.046e-03 0.403 -0.951 -1.434 -1.505 -1.542 -1.505 -1.522 -1.563 -1.980 -1.843 -1.711 -1.538 -1.502 -1.505 -1.791
0.005 -0.48482 10.00000 0.9410395622 2.4596786499    0.860  1.753  3.6999  2.371    4  0.000  0.493     0.00     0.00 -1    -1e-30      0.00 7.266e-01 2.683e-01 8.124e-04 3.136e-04 2.199e-03 -1.000 5.046e-03 0.388 -0.968 -1.453 -1.524 -1.561 -1.524 -1.541 -1.583 -2.000 -1.862 -1.730 -1.557 -1.520 -1.524 -1.811
0.005 -0.48482 10.00000 0.9411132932 2.4596962929    0.860  1.759  3.6992  2.362    4  0.000  0.493     0.00     0.00 -1    -1e-30      0.00 7.266e-01 2.683e-01 8.124e-04 3.136e-04 2.199e-03 -1.000 5.046e-03 0.373 -0.986 -1.473 -1.545 -1.582 -1.545 -1.562 -1.604 -2.021 -1.883 -1.752 -1.578 -1.541 -1.545 -1.832
0.005 -0.48482 10.00000 0.9411881566 2.4597144127    0.860  1.767  3.6982  2.350    4  0.000  0.493     0.00     0.00 -1    -1e-30      0.00 7.266e-01 2.683e-01 8.123e-04 3.136e-04 2.199e-03 -1.000 5.046e-03 0.352 -1.010 -1.501 -1.572 -1.610 -1.572 -1.590 -1.632 -2.049 -1.912 -1.780 -1.606 -1.568 -1.573 -1.860
0.005 -0.48482 10.00000 0.9412629604 2.4597322941    0.860  1.767  3.6982  2.350    4  0.000  0.493     0.00     0.00 -1    -1e-30      0.00 7.266e-01 2.683e-01 8.123e-04 3.137e-04 2.199e-03 -1.000 5.046e-03 0.351 -1.011 -1.501 -1.573 -1.610 -1.573 -1.590 -1.632 -2.049 -1.912 -1.780 -1.607 -1.569 -1.574 -1.861
0.005 -0.48482 10.00000 0.9413365722 2.4597501755    0.860  1.782  3.6964  2.328    4  0.000  0.493     0.00     0.00 -1    -1e-30      0.00 7.266e-01 2.683e-01 8.123e-04 3.137e-04 2.199e-03 -1.000 5.046e-03 0.314 -1.055 -1.550 -1.623 -1.661 -1.622 -1.640 -1.684 -2.101 -1.964 -1.832 -1.657 -1.618 -1.625 -1.912
0.005 -0.48482 10.00000 0.9414122105 2.4597682953    0.860  1.811  3.6932  2.286    4  0.000  0.493     0.00     0.00 -1    -1e-30      0.00 7.266e-01 2.683e-01 8.123e-04 3.137e-04 2.199e-03 -1.000 5.046e-03 0.241 -1.139 -1.644 -1.718 -1.758 -1.717 -1.735 -1.781 -2.199 -2.062 -1.931 -1.754 -1.713 -1.722 -2.010
0.005 -0.48482 10.00000 0.9414607286 2.4597799778    0.860  1.848  3.6892  2.233    4  0.000  0.493     0.00     0.00 -1    -1e-30      0.00 7.266e-01 2.683e-01 8.123e-04 3.138e-04 2.199e-03 -1.000 5.046e-03 0.150 -1.245 -1.762 -1.838 -1.879 -1.836 -1.854 -1.903 -2.321 -2.185 -2.055 -1.875 -1.831 -1.845 -2.132
0.005 -0.48482 10.00000 0.9414865375 2.4597861767    0.860  1.889  3.6849  2.176    4  0.000  0.493     0.00     0.00 -1    -1e-30      0.00 7.266e-01 2.683e-01 8.123e-04 3.138e-04 2.199e-03 -1.000 5.046e-03 0.049 -1.361 -1.892 -1.970 -2.012 -1.967 -1.986 -2.037 -2.456 -2.321 -2.194 -2.008 -1.962 -1.979 -2.267
0.005 -0.48482 10.00000 0.9414981604 2.4597890377    0.860  1.928  3.6807  2.120    4  0.000  0.493     0.00     0.00 -1    -1e-30      0.00 7.266e-01 2.683e-01 8.122e-04 3.138e-04 2.199e-03 -1.000 5.046e-03 -0.050 -1.474 -2.019 -2.099 -2.142 -2.095 -2.114 -2.167 -2.587 -2.454 -2.330 -2.137 -2.090 -2.110 -2.398
0.005 -0.48482 10.00000 0.9415035844 2.4597902298    0.860  1.966  3.6768  2.066    4  0.000  0.493     0.00     0.00 -1    -1e-30      0.00 7.266e-01 2.683e-01 8.122e-04 3.138e-04 2.199e-03 -1.000 5.046e-03 -0.146 -1.583 -2.140 -2.222 -2.266 -2.217 -2.237 -2.293 -2.713 -2.580 -2.456 -2.261 -2.212 -2.235 -2.524
0.005 -0.48482 10.00000 0.9415065050 2.4597909451    0.860  2.004  3.6731  2.014    4  0.000  0.493     0.00     0.00 -1    -1e-30      0.00 7.266e-01 2.683e-01 8.122e-04 3.138e-04 2.199e-03 -1.000 5.046e-03 -0.239 -1.688 -2.257 -2.341 -2.386 -2.335 -2.356 -2.414 -2.834 -2.702 -2.578 -2.381 -2.329 -2.357 -2.645
0.005 -0.48482 10.00000 0.9415082335 2.4597914219    0.860  2.041  3.6695  1.962    4  0.000  0.493     0.00     0.00 -1    -1e-30      0.00 7.266e-01 2.683e-01 8.122e-04 3.138e-04 2.199e-03 -1.000 5.046e-03 -0.332 -1.793 -2.366 -2.454 -2.501 -2.444 -2.468 -2.532 -2.886 -3.727 -4.349 -2.496 -2.438 -2.490 -2.726
0.005 -0.48482 10.00000 0.9415089488 2.4597916603    0.860  2.059  3.6678  1.937    4  0.000  0.493     0.00     0.00 -1    -1e-30      0.00 7.266e-01 2.683e-01 8.122e-04 3.138e-04 2.199e-03 -1.000 5.046e-03 -0.377 -1.844 -2.419 -2.510 -2.558 -2.498 -2.524 -2.590 -2.920 -4.109 -4.998 -2.553 -2.492 -2.554 -2.771
0.005 -0.48482 10.00000 0.9415090084 2.4597916603    0.860  2.059  3.6677  1.936    7  0.000  0.493     0.00     0.00 -1 -7.58e-10      0.00 7.266e-01 2.668e-01 8.122e-04 3.138e-04 2.199e-03 -1.000 6.578e-03 -0.378 -1.845 -2.421 -2.512 -2.560 -2.500 -2.526 -2.592 -2.921 -4.121 -5.019 -2.555 -2.494 -2.556 -2.773
0.005 -0.48482 10.00000 0.9415100813 2.4597918987    0.860  2.094  3.6645  1.888    7  0.000  0.493     0.00     0.00 -1  -9.2e-10      0.00 7.266e-01 2.668e-01 8.122e-04 3.138e-04 2.199e-03 -1.000 6.578e-03 -0.466 -1.943 -2.525 -2.619 -2.669 -2.604 -2.633 -2.703 -2.992 -4.778 -6.124 -2.663 -2.598 -2.676 -2.862
0.005 -0.48482 10.00000 0.9415113330 2.4597921371    0.860  2.136  3.6606  1.831    7  0.000  0.493     0.00     0.00 -1 -1.15e-09      0.00 7.266e-01 2.668e-01 8.122e-04 3.138e-04 2.199e-03 -1.000 6.578e-03 -0.570 -2.060 -2.648 -2.747 -2.799 -2.729 -2.761 -2.836 -3.081 -5.515 -7.360 -2.794 -2.722 -2.820 -2.970
0.005 -0.48482 10.00000 0.9415132403 2.4597926140    0.860  2.178  3.6567  1.774    7  0.000  0.493     0.00     0.00 -1 -1.45e-09      0.00 7.266e-01 2.668e-01 8.122e-04 3.138e-04 2.199e-03 -1.000 6.578e-03 -0.674 -2.175 -2.779 -2.880 -2.933 -2.862 -2.894 -2.970 -3.249 -5.212 -6.696 -2.928 -2.855 -2.947 -3.123
0.005 -0.48482 10.00000 0.9415167570 2.4597933292    0.860  2.177  3.6568  1.774    7  0.000  0.493     0.00     0.00 -1 -1.44e-09      0.00 7.266e-01 2.668e-01 8.122e-04 3.138e-04 2.199e-03 -1.000 6.578e-03 -0.673 -2.174 -2.778 -2.879 -2.932 -2.861 -2.892 -2.969 -3.248 -5.206 -6.686 -2.926 -2.854 -2.946 -3.122
0.005 -0.48482 10.00000 0.9415271878 2.4597959518    0.860  2.133  3.6609  1.835    7  0.000  0.493     0.00     0.00 -1 -1.14e-09      0.00 7.266e-01 2.668e-01 8.122e-04 3.138e-04 2.199e-03 -1.000 6.578e-03 -0.563 -2.051 -2.639 -2.738 -2.790 -2.720 -2.752 -2.826 -3.075 -5.464 -7.275 -2.784 -2.713 -2.809 -2.962
0.005 -0.48482 10.00000 0.9415811896 2.4598088264    0.857  2.160  3.6583  1.796    7  0.000  0.493     0.00     0.00 -1 -1.33e-09      0.00 7.266e-01 2.668e-01 8.122e-04 3.138e-04 2.199e-03 -1.000 6.578e-03 -0.631 -2.127 -2.720 -2.821 -2.875 -2.802 -2.835 -2.913 -3.133 -5.942 -8.074 -2.869 -2.795 -2.903 -3.033
0.005 -0.48482 10.00000 0.9416086674 2.4598155022    0.856  2.204  3.6542  1.736    7  0.000  0.493     0.00     0.00 -1 -1.69e-09      0.00 7.266e-01 2.668e-01 8.122e-04 3.138e-04 2.199e-03 -1.000 6.578e-03 -0.739 -2.247 -2.857 -2.961 -3.015 -2.941 -2.974 -3.053 -3.308 -5.625 -7.380 -3.009 -2.934 -3.036 -3.193
0.005 -0.48482 10.00000 0.9416268468 2.4598197937    0.855  2.237  3.6511  1.689    7  0.000  0.493     0.00     0.00 -1 -2.03e-09      0.00 7.266e-01 2.668e-01 8.122e-04 3.138e-04 2.199e-03 -1.000 6.578e-03 -0.823 -2.339 -2.956 -3.063 -3.119 -3.042 -3.077 -3.158 -3.385 -6.130 -8.214 -3.113 -3.034 -3.148 -3.283
0.005 -0.48482 10.00000 0.9416477084 2.4598250389    0.853  2.275  3.6477  1.637    7  0.000  0.493     0.00     0.00 -1 -2.49e-09      0.00 7.266e-01 2.668e-01 8.122e-04 3.138e-04 2.199e-03 -1.000 6.578e-03 -0.918 -2.444 -3.068 -3.180 -3.237 -3.156 -3.194 -3.278 -3.472 -6.706 -9.166 -3.231 -3.148 -3.276 -3.385
0.005 -0.48482 10.00000 0.9416677356 2.4598298073    0.851  2.315  3.6441  1.582    7  0.000  0.493     0.00     0.00 -1 -3.09e-09      0.00 7.266e-01 2.668e-01 8.122e-04 3.138e-04 2.199e-03 -1.000 6.578e-03 -1.017 -2.552 -3.183 -3.301 -3.360 -3.275 -3.315 -3.402 -3.562 -7.306 -10.156 -3.354 -3.267 -3.408 -3.490
0.005 -0.48482 10.00000 0.9416859150 2.4598340988    0.849  2.355  3.6404  1.526    7  0.000  0.493     0.00     0.00 -1 -3.83e-09      0.00 7.266e-01 2.668e-01 8.122e-04 3.138e-04 2.199e-03 -1.000 6.578e-03 -1.117 -2.661 -3.300 -3.423 -3.484 -3.395 -3.437 -3.526 -3.653 -7.912 -11.157 -3.477 -3.386 -3.541 -3.597
0.005 -0.48482 10.00000 0.9417023063 2.4598381519    0.846  2.395  3.6368  1.470    7  0.000  0.493     0.00     0.00 -1 -4.79e-09      0.00 7.266e-01 2.668e-01 8.122e-04 3.139e-04 2.199e-03 -1.000 6.578e-03 -1.218 -2.770 -3.419 -3.547 -3.610 -3.518 -3.562 -3.651 -3.765 -8.264 -11.692 -3.603 -3.509 -3.671 -3.716
0.005 -0.48482 10.00000 0.9417170286 2.4598414898    0.844  2.436  3.6332  1.413    7  0.000  0.493     0.00     0.00 -1 -5.99e-09      0.00 7.266e-01 2.669e-01 8.122e-04 3.139e-04 2.199e-03 -1.000 6.544e-03 -1.319 -2.881 -3.541 -3.673 -3.738 -3.644 -3.689 -3.779 -3.895 -8.394 -11.822 -3.730 -3.634 -3.799 -3.846
0.005 -0.48482 10.00000 0.9417303205 2.4598448277    0.840  2.477  3.6295  1.356    7  0.000  0.493     0.00     0.00 -1 -7.41e-09      0.00 7.266e-01 2.669e-01 8.121e-04 3.139e-04 2.199e-03 -1.000 6.535e-03 -1.422 -2.992 -3.664 -3.800 -3.867 -3.770 -3.817 -3.907 -4.026 -8.525 -11.953 -3.859 -3.761 -3.928 -3.977
0.005 -0.48482 10.00000 0.9417423010 2.4598476887    0.837  2.517  3.6259  1.299    7  0.000  0.493     0.00     0.00 -1 -9.27e-09      0.00 7.266e-01 2.669e-01 8.117e-04 3.140e-04 2.199e-03 -1.000 6.535e-03 -1.523 -3.102 -3.785 -3.927 -3.995 -3.897 -3.944 -4.034 -4.156 -8.655 -12.084 -3.986 -3.887 -4.056 -4.107
0.005 -0.48482 10.00000 0.9417530894 2.4598503113    0.833  2.557  3.6221  1.242    7  0.000  0.492     0.00     0.00 -1 -1.15e-08      0.00 7.266e-01 2.669e-01 8.107e-04 3.145e-04 2.199e-03 -1.000 6.533e-03 -1.623 -3.211 -3.906 -4.052 -4.122 -4.022 -4.070 -4.160 -4.286 -8.785 -12.213 -4.113 -4.012 -4.183 -4.237
0.005 -0.48482 10.00000 0.9417607784 2.4598519802    0.829  2.588  3.6162  1.186    7  0.000  0.491     0.00     0.00 -1 -1.36e-08      0.00 7.266e-01 2.669e-01 8.090e-04 3.157e-04 2.199e-03 -1.000 6.503e-03 -1.699 -3.297 -4.013 -4.167 -4.238 -4.137 -4.187 -4.275 -4.406 -8.905 -12.334 -4.229 -4.127 -4.300 -4.357
0.005 -0.48482 10.00000 0.9417702556 2.4598543644    0.824  2.627  3.6104  1.120    7  0.000  0.489     0.00     0.00 -1 -1.68e-08      0.00 7.266e-01 2.669e-01 8.053e-04 3.194e-04 2.199e-03 -1.000 6.484e-03 -1.798 -3.407 -4.143 -4.304 -4.378 -4.274 -4.326 -4.414 -4.549 -9.049 -12.477 -4.368 -4.264 -4.439 -4.500
0.005 -0.48482 10.00000 0.9417794347 2.4598565102    0.818  2.667  3.6067  1.063    7  0.000  0.485     0.00     0.00 -1 -2.09e-08      0.00 7.266e-01 2.669e-01 8.000e-04 3.253e-04 2.199e-03 -1.000 6.478e-03 -1.897 -3.513 -4.261 -4.428 -4.503 -4.398 -4.452 -4.538 -4.678 -9.177 -12.605 -4.493 -4.388 -4.565 -4.628
0.005 -0.48482 10.00000 0.9417883158 2.4598586559    0.810  2.707  3.6030  1.004    7  0.000  0.482     0.00     0.00 -1 -2.61e-08      0.00 7.266e-01 2.669e-01 7.944e-04 3.322e-04 2.199e-03 -1.000 6.461e-03 -1.997 -3.620 -4.380 -4.553 -4.630 -4.523 -4.578 -4.664 -4.807 -9.306 -12.734 -4.619 -4.513 -4.691 -4.757
0.005 -0.48482 10.00000 0.9417966604 2.4598608017    0.801  2.746  3.5992  0.945    7  0.000  0.478     0.00     0.00 -1 -3.27e-08      0.00 7.266e-01 2.670e-01 7.891e-04 3.386e-04 2.199e-03 -1.000 6.435e-03 -2.095 -3.725 -4.497 -4.676 -4.755 -4.646 -4.704 -4.789 -4.935 -9.434 -12.863 -4.744 -4.637 -4.817 -4.886
0.005 -0.48482 10.00000 0.9418047667 2.4598627090    0.791  2.787  3.5952  0.882    7  0.000  0.476     0.00     0.00 -1 -4.13e-08      0.00 7.266e-01 2.670e-01 7.843e-04 3.445e-04 2.199e-03 -1.000 6.412e-03 -2.197 -3.835 -4.620 -4.805 -4.886 -4.776 -4.836 -4.920 -5.070 -9.569 -12.998 -4.874 -4.766 -4.949 -5.021
0.005 -0.48482 10.00000 0.9418125749 2.4598646164    0.777  2.831  3.5909  0.814    7  0.000  0.473     0.00     0.00 -1 -5.35e-08      0.00 7.266e-01 2.670e-01 7.801e-04 3.497e-04 2.199e-03 -1.000 6.392e-03 -2.306 -3.952 -4.750 -4.943 -5.026 -4.914 -4.977 -5.059 -5.214 -9.713 -13.142 -5.014 -4.905 -5.090 -5.165
0.005 -0.48482 10.00000 0.9418190122 2.4598660469    0.763  2.877  3.5861  0.740    7  0.000  0.471     0.00     0.00 -1 -7.02e-08      0.00 7.266e-01 2.670e-01 7.762e-04 3.545e-04 2.199e-03 -1.000 6.391e-03 -2.423 -4.078 -4.891 -5.092 -5.178 -5.063 -5.130 -5.210 -5.370 -9.869 -13.298 -5.164 -5.054 -5.242 -5.321
0.005 -0.48482 10.00000 0.9418234229 2.4598672390    0.751  2.921  3.5816  0.671    7  0.000  0.469     0.00     0.00 -1 -9.07e-08      0.00 7.265e-01 2.671e-01 7.729e-04 3.585e-04 2.199e-03 -1.000 6.388e-03 -2.534 -4.197 -5.023 -5.232 -5.321 -5.204 -5.274 -5.353 -5.518 -10.017 -13.445 -5.306 -5.195 -5.386 -5.468
0.005 -0.48482 10.00000 0.9418268800 2.4598679543    0.738  2.963  3.5772  0.604    7  0.000  0.467     0.00     0.00 -1 -1.15e-07      0.00 7.265e-01 2.671e-01 7.703e-04 3.616e-04 2.199e-03 -1.000 6.369e-03 -2.637 -4.309 -5.148 -5.364 -5.456 -5.336 -5.411 -5.489 -5.665 -10.162 -13.591 -5.440 -5.328 -5.529 -5.616
0.005 -0.48482 10.00000 0.9418301582 2.4598686695    0.722  3.005  3.5724  0.533    7  0.000  0.466     0.00     0.00 -1 -1.49e-07      0.00 7.265e-01 2.671e-01 7.682e-04 3.643e-04 2.199e-03 -1.000 6.399e-03 -2.744 -4.425 -5.278 -5.503 -5.597 -5.475 -5.555 -5.633 -5.823 -10.317 -13.747 -5.580 -5.467 -5.683 -5.774
0.005 -0.48482 10.00000 0.9418330789 2.4598693848    0.704  3.047  3.5677  0.461    7  0.000  0.465     0.00     0.00 -1 -1.94e-07      0.00 7.264e-01 2.672e-01 7.666e-04 3.663e-04 2.199e-03 -1.000 6.399e-03 -2.849 -4.541 -5.406 -5.639 -5.737 -5.613 -5.699 -5.776 -5.989 -10.477 -13.909 -5.718 -5.606 -5.842 -5.941
0.005 -0.48482 10.00000 0.9418358207 2.4598701000    0.682  3.088  3.5633  0.389    7  0.000  0.464     0.00     0.00 -1 -2.57e-07      0.00 7.264e-01 2.672e-01 7.657e-04 3.675e-04 2.199e-03 -1.000 6.399e-03 -2.950 -4.653 -5.529 -5.771 -5.873 -5.748 -5.838 -5.916 -6.162 -10.641 -14.077 -5.852 -5.742 -6.008 -6.115
0.005 -0.48482 10.00000 0.9418382645 2.4598708153    0.654  3.122  3.5602  0.324    7  0.000  0.464     0.00     0.00 -1 -3.44e-07      0.00 7.264e-01 2.672e-01 7.653e-04 3.679e-04 2.199e-03 -1.000 6.391e-03 -3.036 -4.746 -5.630 -5.878 -5.984 -5.859 -5.952 -6.034 -6.324 -10.792 -14.232 -5.961 -5.853 -6.164 -6.280
0.005 -0.48482 10.00000 0.9418394566 2.4598710537    0.638  3.133  3.5600  0.301    7  0.000  0.464     0.00     0.00 -1  -3.9e-07      0.00 7.264e-01 2.672e-01 7.652e-04 3.679e-04 2.199e-03 -1.000 6.390e-03 -3.063 -4.774 -5.658 -5.907 -6.015 -5.891 -5.985 -6.069 -6.394 -10.852 -14.295 -5.992 -5.884 -6.228 -6.350
0.005 -0.48482 10.00000 0.9418399930 2.4598710537    0.630  3.140  3.5598  0.288    7  0.000  0.464     0.00     0.00 -1 -4.17e-07      0.00 7.264e-01 2.672e-01 7.652e-04 3.680e-04 2.199e-03 -1.000 6.390e-03 -3.080 -4.792 -5.675 -5.926 -6.034 -5.911 -6.006 -6.092 -6.437 -10.890 -14.334 -6.011 -5.904 -6.269 -6.394
0.005 -0.48482 10.00000 0.9418408275 2.4598712921    0.616  3.116  3.5643  0.320    7  0.000  0.464     0.00     0.00 -1 -4.03e-07      0.00 7.264e-01 2.672e-01 7.649e-04 3.683e-04 2.199e-03 -1.000 6.390e-03 -3.021 -4.724 -5.594 -5.838 -5.944 -5.822 -5.913 -5.999 -6.340 -10.793 -14.237 -5.923 -5.815 -6.175 -6.297
0.005 -0.48482 10.00000 0.9418409467 2.4598712921    0.615  3.108  3.5655  0.332    7  0.000  0.463     0.00     0.00 -1 -3.91e-07      0.00 7.264e-01 2.672e-01 7.647e-04 3.686e-04 2.199e-03 -1.000 6.390e-03 -3.000 -4.701 -5.568 -5.809 -5.914 -5.792 -5.882 -5.968 -6.300 -10.755 -14.199 -5.894 -5.785 -6.137 -6.257
0.005 -0.48482 10.00000 0.9418410063 2.4598712921    0.613  3.124  3.5640  0.309    7  0.000  0.463     0.00     0.00 -1 -4.24e-07      0.00 7.264e-01 2.672e-01 7.646e-04 3.687e-04 2.199e-03 -1.000 6.390e-03 -3.041 -4.745 -5.616 -5.860 -5.967 -5.846 -5.937 -6.025 -6.382 -10.830 -14.276 -5.946 -5.838 -6.214 -6.339
0.005 -0.48482 10.00000 0.9418413639 2.4598715305    0.607  3.160  3.5608  0.257    7  0.000  0.463     0.00     0.00 -1 -5.08e-07      0.00 7.264e-01 2.672e-01 7.646e-04 3.687e-04 2.199e-03 -1.000 6.390e-03 -3.130 -4.841 -5.720 -5.971 -6.082 -5.961 -6.056 -6.147 -6.553 -10.990 -14.439 -6.059 -5.953 -6.377 -6.512
0.005 -0.48482 10.00000 0.9418415427 2.4598715305    0.603  3.188  3.5583  0.215    7  0.000  0.463     0.00     0.00 -1 -5.88e-07      0.00 7.264e-01 2.672e-01 7.641e-04 3.693e-04 2.199e-03 -1.000 6.389e-03 -3.201 -4.918 -5.802 -6.058 -6.172 -6.052 -6.150 -6.244 -6.688 -11.115 -14.568 -6.149 -6.044 -6.506 -6.648
0.005 -0.48482 10.00000 0.9418417215 2.4598715305    0.598  3.211  3.5566  0.183    7  0.000  0.463     0.00     0.00 -1 -6.62e-07      0.01 7.264e-01 2.672e-01 7.634e-04 3.702e-04 2.199e-03 -1.000 6.386e-03 -3.257 -4.978 -5.866 -6.126 -6.243 -6.124 -6.225 -6.323 -6.819 -11.234 -14.691 -6.218 -6.116 -6.628 -6.780
0.005 -0.48482 10.00000 0.9418419600 2.4598715305    0.593  3.232  3.5555  0.153    7  0.000  0.462     0.00     0.00 -1 -7.52e-07      0.01 7.264e-01 2.672e-01 7.627e-04 3.711e-04 2.199e-03 -1.000 6.380e-03 -3.310 -5.035 -5.925 -6.188 -6.308 -6.192 -6.295 -6.397 -6.953 -11.354 -14.816 -6.283 -6.183 -6.754 -6.917
0.005 -0.48482 10.00000 0.9418422580 2.4598717690    0.585  3.247  3.5566  0.137    7  0.000  0.462     0.00     0.00 -1 -8.38e-07      0.01 7.264e-01 2.672e-01 7.622e-04 3.717e-04 2.199e-03 -1.000 6.378e-03 -3.347 -5.069 -5.955 -6.218 -6.340 -6.226 -6.330 -6.438 -7.049 -11.437 -14.904 -6.316 -6.217 -6.843 -7.015
0.005 -0.48482 10.00000 0.9418427944 2.4598717690    0.565  3.275  3.5667  0.134    7  0.000  0.462     0.00     0.00 -1 -1.06e-06      0.01 7.264e-01 2.672e-01 7.615e-04 3.725e-04 2.199e-03 -1.000 6.335e-03 -3.417 -5.119 -5.975 -6.228 -6.354 -6.251 -6.352 -6.482 -7.275 -11.623 -15.102 -6.334 -6.240 -7.053 -7.246
0.005 -0.48482 10.00000 0.9418430328 2.4598717690    0.551  3.296  3.5881  0.187    7  0.000  0.462     0.00     0.00 -1 -1.24e-06      0.01 7.264e-01 2.672e-01 7.615e-04 3.726e-04 2.199e-03 -1.000 6.335e-03 -3.470 -5.142 -5.924 -6.149 -6.278 -6.194 -6.281 -6.445 -7.439 -11.749 -15.242 -6.261 -6.178 -7.198 -7.416
0.005 -0.48482 10.00000 1.0205606222 2.4771199226    0.531 -3.599  3.8010  7.917    9  0.531  0.000     0.00     0.00 -1    -1e-30      0.00 7.204e-01 2.745e-01 7.757e-04 4.142e-04 2.226e-03 -1.000 5.068e-03 13.766 12.867 12.624 12.561 12.574 11.589 10.618 9.229 4.479 -0.312 -3.740 12.682 11.485 7.564 4.767
#isochrone terminated
