# File generated by CMD 3.3 (http://stev.oapd.inaf.it/cmd) on Wed Apr 22 15:17:51 CEST 2020
# isochrones based on PARSEC release v1.2S +  COLIBRI S_35
# Basic references: Bressan et al. (2012), MNRAS, 427, 127 + Chen et al. (2014, 2015), MNRAS, 444, 2525 + MNRAS, 452, 1068 + Tang et al. (2014), MNRAS, 445, 4287 + Marigo et al. (2017), ApJ, 835, 77 + Pastorelli al. (2019), MNRAS in press
# Thermal pulse cycles included 
# On RGB, assumed Reimers mass loss with efficiency eta=0.2
# Photometric system:  2MASS + Spitzer (IRAC+MIPS) + WISE
# Using YBC version of bolometric corrections as in Chen et al. (2019)
# O-rich circumstellar dpmod60alox40 dust from Groenewegen (2006)
# C-rich circumstellar AMCSIC15 dust from Groenewegen (2006)
# IMF: Kroupa (2001, 2002) + Kroupa et al. (2013) canonical two-part-power law IMF corrected for unresolved binaries 
# Kind of output: isochrone tables
# Zini     MH   logAge Mini        int_IMF         Mass   logL    logTe  logg  label   McoreTP C_O  period0 period1 pmode  Mloss  tau1m   X   Y   Xc  Xn  Xo  Cexcess  Z 	 mbolmag  Jmag    Hmag    Ksmag   IRAC_3.6mag  IRAC_4.5mag  IRAC_5.8mag  IRAC_8.0mag  MIPS_24mag  MIPS_70mag  MIPS_160mag  W1mag   W2mag   W3mag   W4mag
0.003 -0.70993 5.00000 0.0900000036 1.0816895962    0.090 -0.660  3.5103  3.045    0  0.000  0.545     0.00     0.00 -1 -2.78e-13      0.00 7.425e-01 2.543e-01 5.700e-04 1.537e-04 1.395e-03 -1.000 3.170e-03 6.420 4.523 3.921 3.693 3.424 3.285 3.260 3.220 2.649 2.662 2.763 3.529 3.290 3.214 2.839
0.003 -0.70993 5.00000 0.0996598005 1.1682583094    0.100 -0.592  3.5145  3.038    0  0.000  0.545     0.00     0.00 -1 -3.12e-13      0.00 7.425e-01 2.543e-01 5.700e-04 1.537e-04 1.395e-03 -1.000 3.170e-03 6.250 4.368 3.749 3.526 3.270 3.138 3.112 3.073 2.508 2.528 2.633 3.372 3.142 3.070 2.697
0.003 -0.70993 5.00000 0.1032055244 1.1973387003    0.103 -0.569  3.5161  3.037    0  0.000  0.545     0.00     0.00 -1 -3.24e-13      0.00 7.425e-01 2.543e-01 5.700e-04 1.537e-04 1.395e-03 -1.000 3.170e-03 6.193 4.318 3.692 3.471 3.220 3.091 3.064 3.026 2.462 2.485 2.592 3.320 3.095 3.024 2.652
0.003 -0.70993 5.00000 0.1216794252 1.3302842379    0.122 -0.458  3.5241  3.029    0  0.000  0.545     0.00     0.00 -1 -3.89e-13      0.00 7.425e-01 2.543e-01 5.700e-04 1.537e-04 1.395e-03 -1.000 3.170e-03 5.915 4.071 3.410 3.198 2.975 2.860 2.834 2.798 2.246 2.281 2.394 3.069 2.864 2.802 2.436
0.003 -0.70993 5.00000 0.1342773139 1.4067391157    0.134 -0.391  3.5296  3.027    0  0.000  0.545     0.00     0.00 -1 -4.33e-13      0.00 7.425e-01 2.543e-01 5.700e-04 1.537e-04 1.395e-03 -1.000 3.170e-03 5.747 3.926 3.239 3.033 2.830 2.728 2.703 2.670 2.126 2.168 2.284 2.920 2.733 2.678 2.316
0.003 -0.70993 5.00000 0.1406832635 1.4421263933    0.140 -0.360  3.5323  3.027    0  0.000  0.545     0.00     0.00 -1 -4.55e-13      0.00 7.425e-01 2.543e-01 5.700e-04 1.537e-04 1.395e-03 -1.000 3.170e-03 5.669 3.855 3.158 2.956 2.762 2.664 2.639 2.607 2.066 2.111 2.227 2.850 2.669 2.616 2.256
0.003 -0.70993 5.00000 0.1534758359 1.5069017410    0.153 -0.301  3.5377  3.027    0  0.000  0.545     0.00     0.00 -1 -4.97e-13      0.00 7.425e-01 2.543e-01 5.700e-04 1.537e-04 1.395e-03 -1.000 3.170e-03 5.523 3.723 3.007 2.812 2.634 2.544 2.520 2.490 1.956 2.004 2.122 2.720 2.549 2.502 2.145
0.003 -0.70993 5.00000 0.1615685821 1.5443605185    0.161 -0.267  3.5410  3.029    0  0.000  0.545     0.00     0.00 -1 -5.23e-13      0.00 7.425e-01 2.543e-01 5.700e-04 1.537e-04 1.395e-03 -1.000 3.170e-03 5.438 3.646 2.919 2.729 2.560 2.476 2.453 2.424 1.893 1.944 2.063 2.644 2.481 2.437 2.083
0.003 -0.70993 5.00000 0.1755216569 1.6035398245    0.175 -0.212  3.5468  3.033    0  0.000  0.545     0.00     0.00 -1 -5.67e-13      0.00 7.425e-01 2.543e-01 5.700e-04 1.537e-04 1.395e-03 -1.000 3.170e-03 5.300 3.527 2.778 2.596 2.444 2.371 2.349 2.321 1.798 1.854 1.975 2.525 2.377 2.338 1.988
0.003 -0.70993 5.00000 0.1908606887 1.6619194746    0.190 -0.154  3.5532  3.037    0  0.000  0.545     0.00     0.00 -1 -6.19e-13      0.00 7.425e-01 2.543e-01 5.700e-04 1.537e-04 1.395e-03 -1.000 3.170e-03 5.156 3.405 2.633 2.459 2.326 2.266 2.243 2.216 1.703 1.767 1.889 2.400 2.272 2.237 1.893
0.003 -0.70993 5.00000 0.2062908709 1.7147948742    0.206 -0.093  3.5595  3.034    0  0.000  0.545     0.00     0.00 -1 -6.88e-13      0.00 7.425e-01 2.543e-01 5.700e-04 1.537e-04 1.395e-03 -1.000 3.170e-03 5.002 3.277 2.482 2.315 2.200 2.156 2.131 2.103 1.601 1.675 1.798 2.265 2.161 2.129 1.791
0.003 -0.70993 5.00000 0.2256120443 1.7741781473    0.225 -0.034  3.5668  3.044    0  0.000  0.545     0.00     0.00 -1 -7.44e-13      0.00 7.425e-01 2.543e-01 5.700e-04 1.537e-04 1.395e-03 -1.000 3.170e-03 4.856 3.166 2.354 2.192 2.090 2.064 2.035 2.001 1.516 1.603 1.727 2.143 2.068 2.033 1.705
0.003 -0.70993 5.00000 0.2445568740 1.8263108730    0.244  0.024  3.5739  3.049    0  0.000  0.545     0.00     0.00 -1 -8.14e-13      0.00 7.425e-01 2.543e-01 5.700e-04 1.537e-04 1.395e-03 -1.000 3.170e-03 4.709 3.045 2.228 2.070 1.978 1.967 1.934 1.896 1.424 1.522 1.647 2.020 1.971 1.934 1.614
0.003 -0.70993 5.00000 0.2669087350 1.8814506531    0.266  0.100  3.5825  3.045    0  0.000  0.545     0.00     0.00 -1 -9.32e-13      0.00 7.425e-01 2.543e-01 5.700e-04 1.537e-04 1.395e-03 -1.000 3.170e-03 4.519 2.879 2.068 1.916 1.830 1.831 1.796 1.752 1.294 1.403 1.528 1.863 1.834 1.795 1.483
0.003 -0.70993 5.00000 0.2928559184 1.9383814335    0.292  0.165  3.5913  3.056    0  0.000  0.545     0.00     0.00 -1 -1.02e-12      0.00 7.425e-01 2.543e-01 5.700e-04 1.537e-04 1.395e-03 -1.000 3.170e-03 4.358 2.738 1.948 1.801 1.714 1.720 1.681 1.632 1.184 1.302 1.425 1.738 1.723 1.678 1.373
0.003 -0.70993 5.00000 0.3039107025 1.9606800079    0.303  0.193  3.5950  3.059    0  0.000  0.545     0.00     0.00 -1 -1.06e-12      0.00 7.425e-01 2.543e-01 5.700e-04 1.537e-04 1.395e-03 -1.000 3.170e-03 4.288 2.674 1.892 1.748 1.664 1.673 1.635 1.585 1.142 1.262 1.385 1.686 1.676 1.634 1.331
0.003 -0.70993 5.00000 0.3411549032 2.0286779404    0.341  0.290  3.6070  3.061    0  0.000  0.545     0.00     0.00 -1 -1.25e-12      0.00 7.425e-01 2.543e-01 5.700e-04 1.537e-04 1.395e-03 -1.000 3.170e-03 4.046 2.454 1.703 1.567 1.488 1.505 1.468 1.417 0.986 1.111 1.242 1.505 1.508 1.470 1.175
0.003 -0.70993 5.00000 0.3645935953 2.0667078495    0.364  0.349  3.6138  3.057    0  0.000  0.545     0.00     0.00 -1 -1.39e-12      0.00 7.425e-01 2.543e-01 5.700e-04 1.537e-04 1.395e-03 -1.000 3.170e-03 3.896 2.316 1.583 1.453 1.377 1.398 1.362 1.312 0.885 1.013 1.149 1.392 1.401 1.366 1.074
0.003 -0.70993 5.00000 0.3894539475 2.1037180424    0.389  0.409  3.6205  3.052    0  0.000  0.545     0.00     0.00 -1 -1.56e-12      0.00 7.425e-01 2.543e-01 5.700e-04 1.537e-04 1.395e-03 -1.000 3.170e-03 3.746 2.180 1.462 1.337 1.266 1.292 1.258 1.208 0.786 0.916 1.054 1.278 1.295 1.264 0.975
0.003 -0.70993 5.00000 0.4377529919 2.1675412655    0.437  0.529  3.6319  3.028    0  0.000  0.545     0.00     0.00 -1 -1.99e-12      0.00 7.425e-01 2.543e-01 5.700e-04 1.537e-04 1.395e-03 -1.000 3.172e-03 3.446 1.904 1.206 1.092 1.031 1.062 1.033 0.987 0.570 0.704 0.832 1.040 1.065 1.046 0.759
0.003 -0.70993 5.00000 0.4860519767 2.2228093147    0.485  0.619  3.6408  3.020    0  0.000  0.545     0.00     0.00 -1 -2.34e-12      0.00 7.425e-01 2.543e-01 5.700e-04 1.537e-04 1.395e-03 -1.000 3.171e-03 3.222 1.701 1.025 0.918 0.863 0.896 0.871 0.828 0.413 0.548 0.674 0.871 0.900 0.887 0.602
0.003 -0.70993 5.00000 0.5343510509 2.2702643871    0.534  0.697  3.6481  3.013    0  0.000  0.545     0.00     0.00 -1  -2.7e-12      0.00 7.425e-01 2.543e-01 5.700e-04 1.537e-04 1.395e-03 -1.000 3.170e-03 3.028 1.528 0.877 0.775 0.723 0.757 0.732 0.689 0.274 0.411 0.545 0.730 0.761 0.749 0.463
0.003 -0.70993 5.00000 0.5404750705 2.2756123543    0.540  0.705  3.6488  3.013    0  0.000  0.545     0.00     0.00 -1 -2.73e-12      0.00 7.425e-01 2.543e-01 5.700e-04 1.537e-04 1.395e-03 -1.000 3.171e-03 3.008 1.509 0.862 0.761 0.709 0.743 0.718 0.675 0.260 0.397 0.532 0.715 0.747 0.735 0.449
0.003 -0.70993 5.00000 0.5826500058 2.3089582920    0.582  0.783  3.6540  2.988    0  0.000  0.545     0.00     0.00 -1 -3.24e-12      0.00 7.425e-01 2.543e-01 5.700e-04 1.537e-04 1.395e-03 -1.000 3.183e-03 2.812 1.328 0.698 0.601 0.550 0.584 0.560 0.517 0.102 0.240 0.379 0.556 0.588 0.577 0.291
0.003 -0.70993 5.00000 0.6309490204 2.3409202099    0.630  0.846  3.6592  2.981    0  0.000  0.545     0.00     0.00 -1 -3.62e-12      0.00 7.425e-01 2.543e-01 5.700e-04 1.537e-04 1.395e-03 -1.000 3.180e-03 2.656 1.187 0.575 0.481 0.432 0.466 0.442 0.400 -0.016 0.124 0.266 0.437 0.469 0.459 0.173
0.003 -0.70993 5.00000 0.6679890752 2.3618645668    0.668  0.891  3.6627  2.974    0  0.000  0.545     0.00     0.00 -1 -3.94e-12      0.00 7.425e-01 2.543e-01 5.700e-04 1.537e-04 1.395e-03 -1.000 3.178e-03 2.543 1.083 0.481 0.390 0.341 0.375 0.353 0.311 -0.104 0.035 0.174 0.347 0.379 0.371 0.085
0.003 -0.70993 5.00000 0.6792480946 2.3677127361    0.679  0.906  3.6637  2.970    0  0.000  0.545     0.00     0.00 -1 -4.07e-12      0.00 7.425e-01 2.543e-01 5.700e-04 1.537e-04 1.395e-03 -1.000 3.188e-03 2.504 1.048 0.449 0.357 0.310 0.343 0.321 0.280 -0.135 0.003 0.142 0.315 0.347 0.340 0.054
0.003 -0.70993 5.00000 0.6968879104 2.3764395714    0.696  0.929  3.6658  2.967    0  0.000  0.543     0.00     0.00 -1 -4.25e-12      0.00 7.425e-01 2.543e-01 5.680e-04 1.537e-04 1.395e-03 -1.000 3.187e-03 2.447 0.996 0.402 0.312 0.266 0.298 0.277 0.237 -0.178 -0.040 0.096 0.271 0.302 0.297 0.011
0.003 -0.70993 5.00000 0.7282599211 2.3907656670    0.728  0.970  3.6693  2.959    0  0.000  0.541     0.00     0.00 -1 -4.61e-12      0.00 7.425e-01 2.543e-01 5.645e-04 1.536e-04 1.395e-03 -1.000 3.188e-03 2.346 0.905 0.320 0.232 0.187 0.219 0.199 0.161 -0.255 -0.118 0.014 0.192 0.222 0.221 -0.066
0.003 -0.70993 5.00000 0.7772717476 2.4105079174    0.777  1.023  3.6737  2.952    0  0.000  0.538     0.00     0.00 -1 -5.08e-12      0.00 7.425e-01 2.543e-01 5.627e-04 1.536e-04 1.395e-03 -1.000 3.189e-03 2.214 0.786 0.215 0.130 0.085 0.116 0.098 0.061 -0.355 -0.218 -0.088 0.090 0.120 0.121 -0.166
0.003 -0.70993 5.00000 0.7806339264 2.4117581844    0.780  1.026  3.6739  2.951    0  0.000  0.538     0.00     0.00 -1 -5.12e-12      0.00 7.425e-01 2.543e-01 5.627e-04 1.536e-04 1.395e-03 -1.000 3.189e-03 2.204 0.777 0.207 0.122 0.077 0.108 0.090 0.053 -0.362 -0.226 -0.096 0.082 0.112 0.113 -0.174
0.003 -0.70993 5.00000 0.8262835741 2.4275813103    0.825  1.076  3.6766  2.937    0  0.000  0.538     0.00     0.00 -1 -5.68e-12      0.00 7.425e-01 2.543e-01 5.625e-04 1.536e-04 1.395e-03 -1.000 3.204e-03 2.080 0.661 0.099 0.015 -0.029 0.002 -0.016 -0.052 -0.467 -0.331 -0.203 -0.024 0.005 0.008 -0.279
0.003 -0.70993 5.00000 0.8653535247 2.4396102428    0.864  1.109  3.6787  2.933    0  0.000  0.538     0.00     0.00 -1    -6e-12      0.00 7.424e-01 2.543e-01 5.625e-04 1.536e-04 1.395e-03 -1.000 3.215e-03 1.998 0.587 0.032 -0.051 -0.095 -0.064 -0.082 -0.117 -0.533 -0.397 -0.269 -0.090 -0.061 -0.057 -0.344
0.003 -0.70993 5.00000 0.8752954006 2.4424748421    0.874  1.118  3.6793  2.931    0  0.000  0.538     0.00     0.00 -1  -6.1e-12      0.00 7.424e-01 2.543e-01 5.625e-04 1.536e-04 1.395e-03 -1.000 3.218e-03 1.976 0.566 0.012 -0.070 -0.114 -0.083 -0.101 -0.136 -0.552 -0.416 -0.288 -0.109 -0.080 -0.076 -0.363
0.003 -0.70993 5.00000 0.9243072271 2.4555666447    0.923  1.161  3.6816  2.921    0  0.000  0.538     0.00     0.00 -1 -6.64e-12      0.00 7.425e-01 2.543e-01 5.625e-04 1.536e-04 1.395e-03 -1.000 3.198e-03 1.868 0.465 -0.080 -0.161 -0.204 -0.174 -0.192 -0.227 -0.642 -0.505 -0.375 -0.200 -0.171 -0.167 -0.454
0.003 -0.70993 5.00000 0.9733190536 2.4671540260    0.973  1.202  3.6837  2.911    0  0.000  0.538     0.00     0.00 -1  -7.2e-12      0.00 7.425e-01 2.543e-01 5.625e-04 1.536e-04 1.395e-03 -1.000 3.202e-03 1.765 0.370 -0.168 -0.248 -0.291 -0.261 -0.279 -0.314 -0.730 -0.591 -0.457 -0.287 -0.258 -0.254 -0.541
0.003 -0.70993 5.00000 1.0223307610 2.4774727821    1.021  1.240  3.6856  2.902    0  0.000  0.538     0.00     0.00 -1  -7.4e-12      0.00 7.424e-01 2.543e-01 5.625e-04 1.536e-04 1.395e-03 -1.000 3.221e-03 1.671 0.283 -0.247 -0.327 -0.369 -0.339 -0.357 -0.393 -0.809 -0.669 -0.530 -0.365 -0.336 -0.333 -0.620
0.003 -0.70993 5.00000 1.0713428259 2.4867136478    1.070  1.273  3.6875  2.896    0  0.000  0.538     0.00     0.00 -1 -7.38e-12      0.00 7.424e-01 2.543e-01 5.625e-04 1.536e-04 1.395e-03 -1.000 3.255e-03 1.587 0.205 -0.318 -0.397 -0.439 -0.409 -0.428 -0.463 -0.879 -0.738 -0.596 -0.435 -0.406 -0.404 -0.690
0.003 -0.70993 5.00000 1.0818443298 2.4885687828    1.081  1.280  3.6879  2.895    0  0.000  0.538     0.00     0.00 -1 -7.34e-12      0.00 7.424e-01 2.543e-01 5.625e-04 1.536e-04 1.395e-03 -1.000 3.249e-03 1.569 0.188 -0.334 -0.412 -0.454 -0.424 -0.442 -0.478 -0.894 -0.753 -0.610 -0.450 -0.421 -0.419 -0.705
0.003 -0.70993 5.00000 1.1203544140 2.4950308800    1.119  1.305  3.6892  2.890    0  0.000  0.538     0.00     0.00 -1  -7.2e-12      0.00 7.424e-01 2.543e-01 5.625e-04 1.536e-04 1.395e-03 -1.000 3.218e-03 1.507 0.131 -0.386 -0.463 -0.506 -0.475 -0.494 -0.530 -0.946 -0.804 -0.658 -0.501 -0.472 -0.471 -0.757
0.003 -0.70993 5.00000 1.1329402924 2.4970335960    1.132  1.313  3.6896  2.889    0  0.000  0.538     0.00     0.00 -1 -7.14e-12      0.00 7.424e-01 2.543e-01 5.625e-04 1.536e-04 1.395e-03 -1.000 3.213e-03 1.486 0.112 -0.403 -0.481 -0.523 -0.493 -0.512 -0.547 -0.963 -0.821 -0.675 -0.519 -0.490 -0.488 -0.774
0.003 -0.70993 5.00000 1.1693663597 2.5025515556    1.168  1.337  3.6908  2.884    0  0.000  0.538     0.00     0.00 -1 -6.98e-12      0.00 7.424e-01 2.543e-01 5.625e-04 1.536e-04 1.395e-03 -1.000 3.204e-03 1.428 0.058 -0.454 -0.531 -0.573 -0.543 -0.561 -0.597 -1.013 -0.870 -0.723 -0.569 -0.540 -0.538 -0.824
0.003 -0.70993 5.00000 1.2183780670 2.5093805790    1.217  1.365  3.6922  2.879    0  0.000  0.538     0.00     0.00 -1 -6.65e-12      0.00 7.424e-01 2.543e-01 5.625e-04 1.536e-04 1.395e-03 -1.000 3.213e-03 1.358 -0.007 -0.515 -0.591 -0.632 -0.603 -0.621 -0.657 -1.072 -0.929 -0.782 -0.628 -0.600 -0.597 -0.884
0.003 -0.70993 5.00000 1.2673897743 2.5156056881    1.267  1.393  3.6936  2.874    0  0.000  0.538     0.00     0.00 -1 -6.27e-12      0.00 7.424e-01 2.544e-01 5.625e-04 1.536e-04 1.395e-03 -1.000 3.216e-03 1.288 -0.072 -0.575 -0.650 -0.692 -0.662 -0.680 -0.716 -1.131 -0.988 -0.841 -0.687 -0.659 -0.656 -0.942
0.003 -0.70993 5.00000 1.3164018393 2.5213010311    1.316  1.421  3.6948  2.867    0  0.000  0.538     0.00     0.00 -1 -5.87e-12      0.00 7.424e-01 2.544e-01 5.625e-04 1.536e-04 1.395e-03 -1.000 3.233e-03 1.217 -0.139 -0.638 -0.713 -0.754 -0.725 -0.743 -0.778 -1.194 -1.051 -0.903 -0.750 -0.722 -0.719 -1.005
0.003 -0.70993 5.00000 1.3622543812 2.5262045860    1.362  1.446  3.6959  2.861    0  0.000  0.538     0.00     0.00 -1 -5.41e-12      0.00 7.424e-01 2.544e-01 5.625e-04 1.536e-04 1.395e-03 -1.000 3.246e-03 1.154 -0.198 -0.694 -0.768 -0.809 -0.780 -0.798 -0.833 -1.248 -1.105 -0.957 -0.805 -0.777 -0.773 -1.059
0.003 -0.70993 5.00000 1.3654136658 2.5265283585    1.365  1.448  3.6960  2.861    0  0.000  0.538     0.00     0.00 -1 -5.37e-12      0.00 7.424e-01 2.544e-01 5.625e-04 1.536e-04 1.395e-03 -1.000 3.245e-03 1.150 -0.201 -0.697 -0.771 -0.812 -0.783 -0.801 -0.836 -1.251 -1.108 -0.960 -0.808 -0.780 -0.776 -1.062
0.003 -0.70993 5.00000 1.4144253731 2.5313415527    1.414  1.471  3.6971  2.858    0  0.000  0.538     0.00     0.00 -1 -4.76e-12      0.00 7.424e-01 2.544e-01 5.625e-04 1.536e-04 1.395e-03 -1.000 3.233e-03 1.091 -0.256 -0.748 -0.822 -0.862 -0.834 -0.852 -0.886 -1.302 -1.158 -1.010 -0.858 -0.831 -0.827 -1.113
0.003 -0.70993 5.00000 1.4634373188 2.5357859135    1.463  1.495  3.6982  2.853    0  0.000  0.538     0.00     0.00 -1 -4.09e-12      0.00 7.424e-01 2.544e-01 5.625e-04 1.536e-04 1.395e-03 -1.000 3.230e-03 1.032 -0.312 -0.801 -0.874 -0.914 -0.886 -0.904 -0.938 -1.353 -1.210 -1.062 -0.910 -0.883 -0.878 -1.164
0.003 -0.70993 5.00000 1.5124490261 2.5399005413    1.512  1.515  3.6993  2.852    0  0.000  0.538     0.00     0.00 -1 -3.31e-12      0.00 7.424e-01 2.544e-01 5.625e-04 1.536e-04 1.395e-03 -1.000 3.217e-03 0.982 -0.358 -0.843 -0.916 -0.956 -0.928 -0.946 -0.979 -1.395 -1.251 -1.103 -0.952 -0.925 -0.920 -1.206
0.003 -0.70993 5.00000 1.5614608526 2.5437195301    1.561  1.538  3.7002  2.846    0  0.000  0.538     0.00     0.00 -1 -2.49e-12      0.00 7.424e-01 2.544e-01 5.625e-04 1.536e-04 1.395e-03 -1.000 3.191e-03 0.924 -0.413 -0.895 -0.968 -1.008 -0.980 -0.997 -1.031 -1.446 -1.303 -1.154 -1.004 -0.977 -0.971 -1.257
0.003 -0.70993 5.00000 1.6026780605 2.5467240810    1.602  1.555  3.7011  2.844    0  0.000  0.538     0.00     0.00 -1 -1.64e-12      0.00 7.424e-01 2.544e-01 5.625e-04 1.536e-04 1.395e-03 -1.000 3.189e-03 0.884 -0.450 -0.930 -1.002 -1.042 -1.014 -1.031 -1.064 -1.480 -1.336 -1.188 -1.038 -1.011 -1.005 -1.291
0.003 -0.70993 5.00000 1.6104726791 2.5472724438    1.609  1.557  3.7012  2.844    0  0.000  0.538     0.00     0.00 -1 -1.52e-12      0.00 7.424e-01 2.544e-01 5.625e-04 1.536e-04 1.395e-03 -1.000 3.188e-03 0.877 -0.456 -0.935 -1.007 -1.047 -1.019 -1.037 -1.070 -1.485 -1.342 -1.193 -1.043 -1.017 -1.010 -1.297
0.003 -0.70993 5.00000 1.6594843864 2.5505850315    1.658  1.578  3.7020  2.840    0  0.000  0.538     0.00     0.00 -1 -1.76e-23      0.00 7.424e-01 2.544e-01 5.625e-04 1.536e-04 1.395e-03 -1.000 3.202e-03 0.824 -0.506 -0.983 -1.054 -1.094 -1.067 -1.084 -1.117 -1.532 -1.389 -1.240 -1.090 -1.064 -1.057 -1.343
0.003 -0.70993 5.00000 1.7084963322 2.5536799431    1.707  1.595  3.7030  2.839    0  0.000  0.538     0.00     0.00 -1    -1e-30      0.00 7.424e-01 2.544e-01 5.625e-04 1.536e-04 1.395e-03 -1.000 3.227e-03 0.783 -0.544 -1.018 -1.089 -1.129 -1.102 -1.119 -1.151 -1.567 -1.423 -1.275 -1.125 -1.099 -1.092 -1.378
0.003 -0.70993 5.00000 1.7567906380 2.5565364361    1.755  1.615  3.7037  2.834    0  0.000  0.538     0.00     0.00 -1    -1e-30      0.00 7.424e-01 2.544e-01 5.625e-04 1.536e-04 1.395e-03 -1.000 3.187e-03 0.732 -0.592 -1.065 -1.135 -1.175 -1.148 -1.165 -1.197 -1.613 -1.469 -1.320 -1.171 -1.145 -1.138 -1.424
0.003 -0.70993 5.00000 1.7589820623 2.5566616058    1.757  1.616  3.7037  2.834    0  0.000  0.538     0.00     0.00 -1    -1e-30      0.00 7.424e-01 2.544e-01 5.625e-04 1.536e-04 1.395e-03 -1.000 3.188e-03 0.730 -0.594 -1.066 -1.137 -1.176 -1.149 -1.166 -1.199 -1.614 -1.471 -1.322 -1.172 -1.147 -1.139 -1.425
0.003 -0.70993 5.00000 1.8050849438 2.5592174530    1.803  1.633  3.7045  2.831    0  0.000  0.538     0.00     0.00 -1    -1e-30      0.00 7.424e-01 2.544e-01 5.625e-04 1.536e-04 1.395e-03 -1.000 3.235e-03 0.688 -0.633 -1.103 -1.174 -1.213 -1.186 -1.203 -1.235 -1.651 -1.507 -1.359 -1.209 -1.183 -1.176 -1.462
0.003 -0.70993 5.00000 1.8103125095 2.5594978333    1.808  1.634  3.7046  2.831    0  0.000  0.538     0.00     0.00 -1    -1e-30      0.00 7.424e-01 2.544e-01 5.625e-04 1.536e-04 1.395e-03 -1.000 3.231e-03 0.684 -0.637 -1.107 -1.177 -1.216 -1.190 -1.207 -1.238 -1.654 -1.510 -1.362 -1.213 -1.187 -1.179 -1.465
0.003 -0.70993 5.00000 1.8533792496 2.5617387295    1.852  1.647  3.7053  2.832    0  0.000  0.538     0.00     0.00 -1    -1e-30      0.00 7.424e-01 2.544e-01 5.625e-04 1.536e-04 1.395e-03 -1.000 3.182e-03 0.652 -0.666 -1.134 -1.204 -1.243 -1.216 -1.233 -1.265 -1.681 -1.537 -1.388 -1.239 -1.214 -1.206 -1.492
0.003 -0.70993 5.00000 1.8600885868 2.5620770454    1.858  1.649  3.7055  2.831    0  0.000  0.538     0.00     0.00 -1    -1e-30      0.00 7.424e-01 2.544e-01 5.625e-04 1.536e-04 1.395e-03 -1.000 3.185e-03 0.646 -0.671 -1.139 -1.209 -1.247 -1.221 -1.238 -1.269 -1.685 -1.541 -1.393 -1.244 -1.218 -1.210 -1.496
0.003 -0.70993 5.00000 1.9016737938 2.5641131401    1.900  1.661  3.7062  2.833    0  0.000  0.538     0.00     0.00 -1    -1e-30      0.00 7.424e-01 2.544e-01 5.625e-04 1.536e-04 1.395e-03 -1.000 3.193e-03 0.618 -0.697 -1.162 -1.232 -1.271 -1.244 -1.261 -1.292 -1.708 -1.564 -1.416 -1.267 -1.242 -1.233 -1.519
0.003 -0.70993 5.00000 1.9412748814 2.5659592152    1.940  1.677  3.7066  2.827    0  0.000  0.538     0.00     0.00 -1    -1e-30      0.00 7.424e-01 2.544e-01 5.625e-04 1.536e-04 1.395e-03 -1.000 3.184e-03 0.578 -0.735 -1.199 -1.269 -1.307 -1.281 -1.298 -1.329 -1.745 -1.601 -1.453 -1.304 -1.279 -1.270 -1.556
0.003 -0.70993 5.00000 1.9499680996 2.5663528442    1.949  1.679  3.7068  2.827    0  0.000  0.538     0.00     0.00 -1    -1e-30      0.00 7.424e-01 2.544e-01 5.625e-04 1.536e-04 1.395e-03 -1.000 3.183e-03 0.572 -0.741 -1.205 -1.274 -1.313 -1.287 -1.303 -1.334 -1.750 -1.606 -1.458 -1.309 -1.284 -1.275 -1.561
0.003 -0.70993 5.00000 1.9982624054 2.5684685707    1.997  1.690  3.7077  2.831    0  0.000  0.538     0.00     0.00 -1    -1e-30      0.00 7.424e-01 2.544e-01 5.625e-04 1.536e-04 1.395e-03 -1.000 3.191e-03 0.544 -0.765 -1.227 -1.295 -1.334 -1.308 -1.325 -1.355 -1.771 -1.627 -1.479 -1.330 -1.305 -1.296 -1.582
0.003 -0.70993 5.00000 2.0465567112 2.5704698563    2.045  1.705  3.7083  2.829    0  0.000  0.538     0.00     0.00 -1    -1e-30      0.00 7.424e-01 2.544e-01 5.625e-04 1.536e-04 1.395e-03 -1.000 3.182e-03 0.509 -0.798 -1.257 -1.326 -1.364 -1.339 -1.355 -1.386 -1.801 -1.658 -1.509 -1.360 -1.336 -1.326 -1.613
0.003 -0.70993 5.00000 2.0476861000 2.5705153942    2.046  1.705  3.7083  2.829    0  0.000  0.538     0.00     0.00 -1    -1e-30      0.00 7.424e-01 2.544e-01 5.625e-04 1.536e-04 1.395e-03 -1.000 3.181e-03 0.508 -0.799 -1.258 -1.327 -1.365 -1.339 -1.356 -1.386 -1.802 -1.658 -1.510 -1.361 -1.337 -1.327 -1.613
0.003 -0.70993 5.00000 2.0948514938 2.5723655224    2.093  1.718  3.7091  2.830    0  0.000  0.538     0.00     0.00 -1    -1e-30      0.00 7.424e-01 2.544e-01 5.625e-04 1.536e-04 1.395e-03 -1.000 3.179e-03 0.476 -0.828 -1.285 -1.353 -1.391 -1.366 -1.382 -1.413 -1.828 -1.685 -1.536 -1.388 -1.363 -1.353 -1.640
0.003 -0.70993 5.00000 2.1172966957 2.5732126236    2.115  1.725  3.7093  2.827    0  0.000  0.538     0.00     0.00 -1    -1e-30      0.00 7.424e-01 2.544e-01 5.625e-04 1.536e-04 1.395e-03 -1.000 3.172e-03 0.457 -0.846 -1.302 -1.371 -1.408 -1.383 -1.400 -1.430 -1.846 -1.702 -1.553 -1.405 -1.381 -1.370 -1.657
0.003 -0.70993 5.00000 2.1431455612 2.5741629601    2.141  1.731  3.7097  2.828    0  0.000  0.538     0.00     0.00 -1    -1e-30      0.00 7.424e-01 2.544e-01 5.625e-04 1.536e-04 1.395e-03 -1.000 3.173e-03 0.443 -0.859 -1.315 -1.383 -1.421 -1.395 -1.412 -1.442 -1.858 -1.714 -1.565 -1.417 -1.393 -1.382 -1.669
0.003 -0.70993 5.00000 2.1914398670 2.5758697987    2.189  1.742  3.7104  2.830    0  0.000  0.538     0.00     0.00 -1    -1e-30      0.00 7.424e-01 2.544e-01 5.625e-04 1.536e-04 1.395e-03 -1.000 3.177e-03 0.415 -0.884 -1.337 -1.405 -1.442 -1.417 -1.434 -1.463 -1.879 -1.735 -1.587 -1.439 -1.415 -1.404 -1.690
0.003 -0.70993 5.00000 2.2125546932 2.5765893459    2.210  1.748  3.7107  2.829    0  0.000  0.538     0.00     0.00 -1    -1e-30      0.00 7.424e-01 2.544e-01 5.625e-04 1.536e-04 1.395e-03 -1.000 3.171e-03 0.400 -0.898 -1.350 -1.418 -1.455 -1.431 -1.447 -1.477 -1.892 -1.749 -1.600 -1.452 -1.428 -1.417 -1.703
0.003 -0.70993 5.00000 2.2397341728 2.5774922371    2.237  1.754  3.7111  2.830    0  0.000  0.538     0.00     0.00 -1    -1e-30      0.00 7.424e-01 2.544e-01 5.625e-04 1.536e-04 1.395e-03 -1.000 3.171e-03 0.384 -0.912 -1.364 -1.431 -1.469 -1.444 -1.460 -1.490 -1.905 -1.762 -1.614 -1.465 -1.441 -1.430 -1.716
0.003 -0.70993 5.00000 2.2880284786 2.5790362358    2.286  1.764  3.7118  2.832    0  0.000  0.538     0.00     0.00 -1    -1e-30      0.00 7.424e-01 2.544e-01 5.625e-04 1.536e-04 1.395e-03 -1.000 3.177e-03 0.360 -0.933 -1.382 -1.450 -1.487 -1.463 -1.479 -1.508 -1.924 -1.780 -1.632 -1.483 -1.460 -1.448 -1.735
0.003 -0.70993 5.00000 2.3069148064 2.5796198845    2.304  1.769  3.7120  2.832    0  0.000  0.538     0.00     0.00 -1    -1e-30      0.00 7.424e-01 2.544e-01 5.625e-04 1.536e-04 1.395e-03 -1.000 3.176e-03 0.349 -0.944 -1.393 -1.460 -1.497 -1.473 -1.489 -1.518 -1.934 -1.790 -1.642 -1.494 -1.470 -1.459 -1.745
0.003 -0.70993 5.00000 2.3363230228 2.5805070400    2.334  1.775  3.7124  2.833    0  0.000  0.538     0.00     0.00 -1    -1e-30      0.00 7.424e-01 2.544e-01 5.625e-04 1.536e-04 1.395e-03 -1.000 3.177e-03 0.333 -0.959 -1.406 -1.473 -1.510 -1.486 -1.502 -1.531 -1.947 -1.803 -1.656 -1.507 -1.484 -1.472 -1.758
0.003 -0.70993 5.00000 2.4287357330 2.5831346512    2.426  1.737  3.7166  2.904    0  0.000  0.538     0.00     0.00 -1    -1e-30      0.00 7.424e-01 2.544e-01 5.625e-04 1.536e-04 1.395e-03 -1.000 3.172e-03 0.428 -0.846 -1.281 -1.346 -1.383 -1.360 -1.376 -1.403 -1.818 -1.675 -1.527 -1.379 -1.358 -1.343 -1.629
0.003 -0.70993 5.00000 2.5295004845 2.5857498646    2.527  1.714  3.7200  2.959    0  0.000  0.538     0.00     0.00 -1    -1e-30      0.00 7.424e-01 2.544e-01 5.626e-04 1.536e-04 1.395e-03 -1.000 3.171e-03 0.485 -0.775 -1.200 -1.264 -1.299 -1.278 -1.293 -1.319 -1.734 -1.591 -1.444 -1.296 -1.276 -1.259 -1.545
0.003 -0.70993 5.00000 2.5772840977 2.5869078636    2.575  1.725  3.7206  2.958    0  0.000  0.538     0.00     0.00 -1    -1e-30      0.00 7.424e-01 2.544e-01 5.626e-04 1.536e-04 1.395e-03 -1.000 3.170e-03 0.458 -0.800 -1.223 -1.287 -1.322 -1.301 -1.316 -1.341 -1.756 -1.614 -1.467 -1.319 -1.299 -1.281 -1.567
0.003 -0.70993 5.00000 2.7226777077 2.5901463032    2.721  1.758  3.7220  2.955    0  0.000  0.538     0.00     0.00 -1    -1e-30      0.00 7.424e-01 2.544e-01 5.626e-04 1.536e-04 1.395e-03 -1.000 3.170e-03 0.376 -0.877 -1.296 -1.360 -1.395 -1.374 -1.389 -1.413 -1.829 -1.687 -1.540 -1.391 -1.372 -1.354 -1.640
0.003 -0.70993 5.00000 2.7439751625 2.5905876160    2.742  1.762  3.7222  2.955    0  0.000  0.538     0.00     0.00 -1    -1e-30      0.00 7.424e-01 2.544e-01 5.626e-04 1.536e-04 1.395e-03 -1.000 3.170e-03 0.365 -0.887 -1.306 -1.369 -1.404 -1.384 -1.398 -1.423 -1.838 -1.696 -1.550 -1.401 -1.382 -1.363 -1.649
0.003 -0.70993 5.00000 2.9158554077 2.5938799381    2.914  1.797  3.7239  2.953    0  0.000  0.538     0.00     0.00 -1    -1e-30      0.00 7.424e-01 2.544e-01 5.626e-04 1.536e-04 1.395e-03 -1.000 3.170e-03 0.277 -0.968 -1.384 -1.446 -1.480 -1.461 -1.475 -1.499 -1.914 -1.773 -1.627 -1.477 -1.459 -1.439 -1.726
0.003 -0.70993 5.00000 2.9280459881 2.5940966606    2.927  1.799  3.7240  2.953    0  0.000  0.538     0.00     0.00 -1    -1e-30      0.00 7.424e-01 2.544e-01 5.626e-04 1.536e-04 1.395e-03 -1.000 3.170e-03 0.272 -0.973 -1.388 -1.450 -1.484 -1.465 -1.479 -1.503 -1.918 -1.777 -1.631 -1.481 -1.463 -1.443 -1.729
0.003 -0.70993 5.00000 3.0294504166 2.5958213806    3.027  1.818  3.7250  2.953    0  0.000  0.538     0.00     0.00 -1    -1e-30      0.00 7.424e-01 2.544e-01 5.626e-04 1.536e-04 1.395e-03 -1.000 3.170e-03 0.225 -1.016 -1.429 -1.491 -1.525 -1.505 -1.519 -1.543 -1.959 -1.818 -1.672 -1.522 -1.503 -1.483 -1.770
0.003 -0.70993 5.00000 3.1090328693 2.5970849991    3.107  1.833  3.7257  2.952    0  0.000  0.538     0.00     0.00 -1    -1e-30      0.00 7.424e-01 2.544e-01 5.626e-04 1.536e-04 1.395e-03 -1.000 3.170e-03 0.187 -1.052 -1.463 -1.525 -1.558 -1.539 -1.553 -1.577 -1.992 -1.851 -1.706 -1.555 -1.537 -1.517 -1.803
0.003 -0.70993 5.00000 3.1410365105 2.5975723267    3.138  1.839  3.7260  2.952    0  0.000  0.538     0.00     0.00 -1    -1e-30      0.00 7.424e-01 2.544e-01 5.626e-04 1.536e-04 1.395e-03 -1.000 3.170e-03 0.172 -1.065 -1.476 -1.537 -1.571 -1.552 -1.566 -1.589 -2.004 -1.864 -1.718 -1.568 -1.550 -1.529 -1.816
0.003 -0.70993 5.00000 3.2638657093 2.5993413925    3.260  1.863  3.7270  2.948    0  0.000  0.538     0.00     0.00 -1    -1e-30      0.00 7.424e-01 2.544e-01 5.626e-04 1.536e-04 1.395e-03 -1.000 3.170e-03 0.112 -1.122 -1.530 -1.591 -1.624 -1.605 -1.619 -1.642 -2.058 -1.917 -1.772 -1.621 -1.603 -1.582 -1.869
0.003 -0.70993 5.00000 3.3022103310 2.5998625755    3.299  1.871  3.7273  2.946    0  0.000  0.538     0.00     0.00 -1    -1e-30      0.00 7.424e-01 2.544e-01 5.626e-04 1.536e-04 1.395e-03 -1.000 3.170e-03 0.092 -1.141 -1.548 -1.609 -1.642 -1.623 -1.637 -1.660 -2.076 -1.935 -1.790 -1.639 -1.621 -1.600 -1.887
0.003 -0.70993 5.00000 3.4092500210 2.6012468338    3.405  1.891  3.7282  2.944    0  0.000  0.538     0.00     0.00 -1    -1e-30      0.00 7.424e-01 2.544e-01 5.626e-04 1.536e-04 1.395e-03 -1.000 3.170e-03 0.043 -1.186 -1.591 -1.652 -1.685 -1.666 -1.680 -1.702 -2.118 -1.978 -1.833 -1.682 -1.664 -1.643 -1.929
0.003 -0.70993 5.00000 3.4953877926 2.6022903919    3.491  1.907  3.7289  2.941    0  0.000  0.538     0.00     0.00 -1    -1e-30      0.00 7.424e-01 2.544e-01 5.626e-04 1.536e-04 1.395e-03 -1.000 3.170e-03 0.002 -1.225 -1.628 -1.689 -1.721 -1.703 -1.717 -1.739 -2.155 -2.015 -1.870 -1.718 -1.701 -1.679 -1.966
0.003 -0.70993 5.00000 3.5757510662 2.6032118797    3.571  1.921  3.7296  2.940    0  0.000  0.538     0.00     0.00 -1    -1e-30      0.00 7.424e-01 2.544e-01 5.626e-04 1.536e-04 1.395e-03 -1.000 3.170e-03 -0.032 -1.257 -1.659 -1.719 -1.751 -1.733 -1.746 -1.768 -2.184 -2.045 -1.900 -1.748 -1.731 -1.709 -1.995
0.003 -0.70993 5.00000 3.6885652542 2.6044278145    3.684  1.945  3.7304  2.933    0  0.000  0.538     0.00     0.00 -1    -1e-30      0.00 7.424e-01 2.544e-01 5.626e-04 1.536e-04 1.395e-03 -1.000 3.170e-03 -0.093 -1.314 -1.714 -1.773 -1.805 -1.788 -1.801 -1.823 -2.239 -2.099 -1.955 -1.802 -1.786 -1.763 -2.050
0.003 -0.70993 5.00000 3.8786735535 2.6062941551    3.875  1.981  3.7320  2.925    0  0.000  0.538     0.00     0.00 -1    -1e-30      0.00 7.424e-01 2.544e-01 5.626e-04 1.536e-04 1.395e-03 -1.000 3.170e-03 -0.182 -1.396 -1.792 -1.851 -1.882 -1.866 -1.879 -1.900 -2.316 -2.177 -2.033 -1.879 -1.864 -1.840 -2.127
0.003 -0.70993 5.00000 3.8817424774 2.6063225269    3.878  1.982  3.7320  2.925    0  0.000  0.538     0.00     0.00 -1    -1e-30      0.00 7.424e-01 2.544e-01 5.626e-04 1.536e-04 1.395e-03 -1.000 3.170e-03 -0.184 -1.398 -1.793 -1.853 -1.884 -1.867 -1.880 -1.901 -2.317 -2.178 -2.034 -1.881 -1.866 -1.842 -2.128
0.003 -0.70993 5.00000 4.0749201775 2.6080121994    4.070  2.030  3.7333  2.903    0  0.000  0.538     0.00     0.00 -1    -1e-30      0.00 7.424e-01 2.544e-01 5.626e-04 1.536e-04 1.395e-03 -1.000 3.170e-03 -0.306 -1.514 -1.906 -1.965 -1.996 -1.980 -1.993 -2.013 -2.429 -2.291 -2.147 -1.993 -1.978 -1.954 -2.241
0.003 -0.70993 5.00000 4.2680978775 2.6095271111    4.263  2.074  3.7350  2.886    0  0.000  0.538     0.00     0.00 -1    -1e-30      0.00 7.424e-01 2.544e-01 5.626e-04 1.536e-04 1.395e-03 -1.000 3.170e-03 -0.415 -1.616 -2.003 -2.062 -2.092 -2.077 -2.090 -2.110 -2.526 -2.388 -2.244 -2.090 -2.075 -2.050 -2.337
0.003 -0.70993 5.00000 4.3091077805 2.6098287106    4.304  2.084  3.7354  2.881    0  0.000  0.538     0.00     0.00 -1    -1e-30      0.00 7.424e-01 2.544e-01 5.626e-04 1.536e-04 1.395e-03 -1.000 3.170e-03 -0.440 -1.640 -2.026 -2.084 -2.115 -2.099 -2.112 -2.132 -2.548 -2.410 -2.267 -2.112 -2.098 -2.072 -2.359
0.003 -0.70993 5.00000 4.4612751007 2.6108922958    4.455  2.128  3.7368  2.858    0  0.000  0.538     0.00     0.00 -1    -1e-30      0.00 7.424e-01 2.544e-01 5.626e-04 1.536e-04 1.395e-03 -1.000 3.170e-03 -0.550 -1.745 -2.127 -2.184 -2.215 -2.200 -2.213 -2.232 -2.648 -2.510 -2.368 -2.212 -2.199 -2.172 -2.459
0.003 -0.70993 5.00000 4.6231775284 2.6119358540    4.617  2.175  3.7385  2.834    0  0.000  0.538     0.00     0.00 -1    -1e-30      0.00 7.424e-01 2.544e-01 5.626e-04 1.536e-04 1.395e-03 -1.000 3.170e-03 -0.667 -1.854 -2.231 -2.288 -2.318 -2.304 -2.316 -2.335 -2.751 -2.614 -2.472 -2.315 -2.303 -2.275 -2.562
0.003 -0.70993 5.00000 4.6544528008 2.6121280193    4.649  2.188  3.7389  2.825    0  0.000  0.538     0.00     0.00 -1    -1e-30      0.00 7.424e-01 2.544e-01 5.626e-04 1.536e-04 1.395e-03 -1.000 3.170e-03 -0.700 -1.886 -2.262 -2.319 -2.349 -2.335 -2.347 -2.366 -2.782 -2.645 -2.503 -2.346 -2.334 -2.306 -2.593
0.003 -0.70993 5.00000 4.8476305008 2.6132509708    4.842  2.278  3.7418  2.764    0  0.000  0.538     0.00     0.00 -1    -1e-30      0.00 7.425e-01 2.544e-01 5.626e-04 1.536e-04 1.395e-03 -1.000 3.170e-03 -0.926 -2.099 -2.467 -2.523 -2.552 -2.540 -2.552 -2.569 -2.988 -2.848 -2.708 -2.550 -2.539 -2.519 -2.799
0.003 -0.70993 5.00000 4.8755240440 2.6134047508    4.870  2.295  3.7425  2.752    0  0.000  0.538     0.00     0.00 -1    -1e-30      0.00 7.425e-01 2.544e-01 5.626e-04 1.536e-04 1.395e-03 -1.000 3.170e-03 -0.969 -2.139 -2.505 -2.560 -2.590 -2.578 -2.590 -2.607 -3.026 -2.884 -2.746 -2.587 -2.576 -2.561 -2.837
0.003 -0.70993 5.00000 4.9799299240 2.6139626503    4.975  2.374  3.7458  2.696    0  0.000  0.538     0.00     0.00 -1    -1e-30      0.00 7.425e-01 2.544e-01 5.626e-04 1.536e-04 1.395e-03 -1.000 3.170e-03 -1.165 -2.322 -2.679 -2.733 -2.762 -2.751 -2.763 -2.779 -3.202 -3.053 -2.919 -2.759 -2.750 -2.755 -3.014
0.003 -0.70993 5.00000 5.0408072472 2.6142756939    5.036  2.419  3.7482  2.665    0  0.000  0.538     0.00     0.00 -1    -1e-30      0.00 7.425e-01 2.543e-01 5.626e-04 1.536e-04 1.395e-03 -1.000 3.170e-03 -1.278 -2.426 -2.777 -2.830 -2.858 -2.849 -2.860 -2.875 -3.301 -3.146 -3.015 -2.855 -2.848 -2.866 -3.113
0.003 -0.70993 5.00000 5.1414804459 2.6147747040    5.137  2.481  3.7515  2.626    0  0.000  0.538     0.00     0.00 -1    -1e-30      0.00 7.425e-01 2.543e-01 5.626e-04 1.536e-04 1.395e-03 -1.000 3.170e-03 -1.433 -2.567 -2.909 -2.960 -2.988 -2.980 -2.990 -3.004 -3.435 -3.272 -3.146 -2.985 -2.979 -3.017 -3.247
0.003 -0.70993 5.00000 5.2339849472 2.6152138710    5.230  2.529  3.7558  2.603    0  0.000  0.538     0.00     0.00 -1    -1e-30      0.00 7.425e-01 2.543e-01 5.626e-04 1.536e-04 1.395e-03 -1.000 3.170e-03 -1.551 -2.669 -3.000 -3.049 -3.075 -3.070 -3.079 -3.092 -3.528 -3.355 -3.234 -3.073 -3.069 -3.132 -3.341
0.003 -0.70993 5.00000 5.2922940254 2.6154816151    5.289  2.557  3.7585  2.591    0  0.000  0.538     0.00     0.00 -1    -1e-30      0.00 7.425e-01 2.543e-01 5.626e-04 1.536e-04 1.395e-03 -1.000 3.170e-03 -1.622 -2.728 -3.052 -3.101 -3.126 -3.122 -3.131 -3.142 -3.582 -3.403 -3.285 -3.124 -3.122 -3.201 -3.395
0.003 -0.70993 5.00000 5.3895277977 2.6159131527    5.387  2.600  3.7644  2.579    0  0.000  0.538     0.00     0.00 -1    -1e-30      0.00 7.425e-01 2.543e-01 5.626e-04 1.536e-04 1.395e-03 -1.000 3.170e-03 -1.730 -2.811 -3.121 -3.167 -3.191 -3.191 -3.198 -3.208 -3.655 -3.461 -3.351 -3.189 -3.190 -3.304 -3.469
0.003 -0.70993 5.00000 5.4861416817 2.6163246632    5.485  2.640  3.7723  2.579    0  0.000  0.538     0.00     0.00 -1    -1e-30      0.00 7.425e-01 2.543e-01 5.626e-04 1.536e-04 1.395e-03 -1.000 3.170e-03 -1.829 -2.875 -3.164 -3.208 -3.230 -3.233 -3.239 -3.247 -3.704 -3.490 -3.389 -3.228 -3.233 -3.395 -3.518
0.003 -0.70993 5.00000 5.5450706482 2.6165676117    5.544  2.663  3.7787  2.586    0  0.000  0.538     0.00     0.00 -1    -1e-30      0.00 7.425e-01 2.543e-01 5.626e-04 1.536e-04 1.395e-03 -1.000 3.170e-03 -1.887 -2.903 -3.175 -3.217 -3.239 -3.243 -3.248 -3.255 -3.720 -3.490 -3.396 -3.237 -3.243 -3.444 -3.535
0.003 -0.70993 5.00000 5.5981969833 2.6167817116    5.597  2.683  3.7855  2.597    0  0.000  0.538     0.00     0.00 -1    -1e-30      0.00 7.425e-01 2.543e-01 5.626e-04 1.536e-04 1.395e-03 -1.000 3.170e-03 -1.936 -2.921 -3.178 -3.218 -3.238 -3.244 -3.248 -3.254 -3.727 -3.479 -3.394 -3.236 -3.243 -3.487 -3.543
0.003 -0.70993 5.00000 5.6822052002 2.6171107292    5.682  2.714  3.7981  2.623    0  0.000  0.538     0.00     0.00 -1    -1e-30      0.00 7.425e-01 2.543e-01 5.626e-04 1.536e-04 1.395e-03 -1.000 3.170e-03 -2.014 -2.939 -3.167 -3.203 -3.221 -3.228 -3.231 -3.236 -3.725 -3.444 -3.373 -3.220 -3.228 -3.552 -3.541
0.003 -0.70993 5.00000 5.7006134987 2.6171813011    5.700  2.720  3.8010  2.630    0  0.000  0.538     0.00     0.00 -1    -1e-30      0.00 7.425e-01 2.543e-01 5.626e-04 1.536e-04 1.395e-03 -1.000 3.170e-03 -2.031 -2.942 -3.163 -3.198 -3.217 -3.223 -3.226 -3.232 -3.724 -3.435 -3.368 -3.215 -3.223 -3.566 -3.540
0.003 -0.70993 5.00000 5.7231612206 2.6172671318    5.723  2.729  3.8046  2.637    0  0.000  0.538     0.00     0.00 -1    -1e-30      0.00 7.425e-01 2.543e-01 5.626e-04 1.536e-04 1.395e-03 -1.000 3.170e-03 -2.052 -2.946 -3.159 -3.193 -3.211 -3.218 -3.221 -3.226 -3.722 -3.424 -3.362 -3.209 -3.218 -3.583 -3.539
0.003 -0.70993 5.00000 5.8036050797 2.6175668240    5.804  2.759  3.8174  2.665    0  0.000  0.538     0.00     0.00 -1    -1e-30      0.00 7.425e-01 2.543e-01 5.626e-04 1.536e-04 1.395e-03 -1.000 3.170e-03 -2.127 -2.957 -3.141 -3.172 -3.189 -3.196 -3.199 -3.204 -3.709 -3.390 -3.338 -3.187 -3.196 -3.615 -3.527
0.003 -0.70993 5.00000 5.8561563492 2.6177575588    5.856  2.779  3.8260  2.683    0  0.000  0.538     0.00     0.00 -1    -1e-30      0.00 7.425e-01 2.543e-01 5.626e-04 1.536e-04 1.395e-03 -1.000 3.170e-03 -2.177 -2.962 -3.127 -3.157 -3.174 -3.181 -3.184 -3.188 -3.693 -3.373 -3.319 -3.172 -3.181 -3.600 -3.511
0.003 -0.70993 5.00000 5.8588957787 2.6177673340    5.859  2.780  3.8265  2.684    0  0.000  0.538     0.00     0.00 -1    -1e-30      0.00 7.425e-01 2.543e-01 5.626e-04 1.536e-04 1.395e-03 -1.000 3.170e-03 -2.179 -2.962 -3.126 -3.156 -3.173 -3.180 -3.183 -3.187 -3.692 -3.371 -3.318 -3.171 -3.180 -3.599 -3.510
0.003 -0.70993 5.00000 5.9491057396 2.6180853844    5.949  2.814  3.8418  2.717    0  0.000  0.538     0.00     0.00 -1    -1e-30      0.00 7.425e-01 2.543e-01 5.626e-04 1.536e-04 1.395e-03 -1.000 3.170e-03 -2.266 -2.968 -3.100 -3.128 -3.143 -3.151 -3.153 -3.158 -3.661 -3.338 -3.284 -3.142 -3.151 -3.569 -3.478
0.003 -0.70993 5.00000 6.0116987228 2.6182997227    6.012  2.839  3.8525  2.740    0  0.000  0.538     0.00     0.00 -1    -1e-30      0.00 7.425e-01 2.543e-01 5.626e-04 1.536e-04 1.395e-03 -1.000 3.170e-03 -2.328 -2.971 -3.081 -3.108 -3.123 -3.131 -3.133 -3.137 -3.639 -3.316 -3.260 -3.122 -3.131 -3.549 -3.457
0.003 -0.70993 5.00000 6.0454192162 2.6184129715    6.045  2.853  3.8583  2.752    0  0.000  0.538     0.00     0.00 -1    -1e-30      0.00 7.425e-01 2.543e-01 5.626e-04 1.536e-04 1.395e-03 -1.000 3.170e-03 -2.362 -2.973 -3.072 -3.098 -3.113 -3.120 -3.123 -3.127 -3.628 -3.304 -3.248 -3.112 -3.120 -3.538 -3.446
0.003 -0.70993 5.00000 6.1234736443 2.6186697483    6.123  2.885  3.8717  2.779    0  0.000  0.538     0.00     0.00 -1    -1e-30      0.00 7.425e-01 2.543e-01 5.626e-04 1.536e-04 1.395e-03 -1.000 3.170e-03 -2.442 -2.975 -3.050 -3.075 -3.089 -3.096 -3.099 -3.103 -3.603 -3.277 -3.220 -3.089 -3.097 -3.514 -3.421
0.003 -0.70993 5.00000 6.1672420502 2.6188104153    6.167  2.903  3.8794  2.795    0  0.000  0.538     0.00     0.00 -1    -1e-30      0.00 7.425e-01 2.543e-01 5.626e-04 1.536e-04 1.395e-03 -1.000 3.170e-03 -2.488 -2.976 -3.038 -3.062 -3.076 -3.083 -3.086 -3.090 -3.589 -3.262 -3.205 -3.076 -3.083 -3.500 -3.407
0.003 -0.70993 5.00000 6.1820783615 2.6188576221    6.181  2.909  3.8820  2.800    0  0.000  0.538     0.00     0.00 -1    -1e-30      0.00 7.425e-01 2.543e-01 5.626e-04 1.536e-04 1.395e-03 -1.000 3.170e-03 -2.503 -2.976 -3.034 -3.057 -3.071 -3.079 -3.081 -3.085 -3.584 -3.256 -3.199 -3.071 -3.079 -3.495 -3.401
0.003 -0.70993 5.00000 6.2616696358 2.6191062927    6.260  2.944  3.8963  2.828    0  0.000  0.538     0.00     0.00 -1    -1e-30      0.00 7.425e-01 2.543e-01 5.626e-04 1.536e-04 1.395e-03 -1.000 3.170e-03 -2.589 -2.975 -3.013 -3.034 -3.048 -3.055 -3.057 -3.060 -3.558 -3.229 -3.171 -3.047 -3.055 -3.471 -3.375
0.003 -0.70993 5.00000 6.3227844238 2.6192924976    6.321  2.970  3.9075  2.850    0  0.000  0.538     0.00     0.00 -1    -1e-30      0.00 7.425e-01 2.543e-01 5.626e-04 1.536e-04 1.395e-03 -1.000 3.170e-03 -2.656 -2.974 -2.998 -3.017 -3.030 -3.037 -3.039 -3.042 -3.538 -3.208 -3.150 -3.029 -3.037 -3.452 -3.356
0.003 -0.70993 5.00000 6.3267593384 2.6193044186    6.325  2.972  3.9082  2.852    0  0.000  0.538     0.00     0.00 -1    -1e-30      0.00 7.425e-01 2.543e-01 5.626e-04 1.536e-04 1.395e-03 -1.000 3.170e-03 -2.660 -2.974 -2.997 -3.016 -3.029 -3.036 -3.038 -3.041 -3.537 -3.207 -3.148 -3.028 -3.036 -3.451 -3.355
0.003 -0.70993 5.00000 6.4072580338 2.6195430756    6.404  3.007  3.9226  2.880    0  0.000  0.538     0.00     0.00 -1    -1e-30      0.00 7.425e-01 2.543e-01 5.626e-04 1.536e-04 1.395e-03 -1.000 3.170e-03 -2.748 -2.972 -2.979 -2.996 -3.006 -3.013 -3.015 -3.017 -3.512 -3.181 -3.122 -3.006 -3.013 -3.428 -3.330
0.003 -0.70993 5.00000 6.4866995811 2.6197717190    6.482  3.042  3.9370  2.907    0  0.000  0.538     0.00     0.00 -1    -1e-30      0.00 7.425e-01 2.543e-01 5.626e-04 1.536e-04 1.395e-03 -1.000 3.170e-03 -2.836 -2.967 -2.963 -2.976 -2.984 -2.990 -2.991 -2.993 -3.487 -3.155 -3.096 -2.984 -2.990 -3.403 -3.305
0.003 -0.70993 5.00000 6.5651407242 2.6199913025    6.559  3.077  3.9515  2.935    0  0.000  0.538     0.00     0.00 -1    -1e-30      0.00 7.425e-01 2.543e-01 5.626e-04 1.536e-04 1.395e-03 -1.000 3.170e-03 -2.923 -2.960 -2.947 -2.956 -2.961 -2.966 -2.966 -2.967 -3.460 -3.127 -3.069 -2.961 -2.966 -3.377 -3.278
0.003 -0.70993 5.00000 6.6426734924 2.6202025414    6.635  3.112  3.9660  2.964    0  0.000  0.538     0.00     0.00 -1    -1e-30      0.00 7.425e-01 2.543e-01 5.626e-04 1.536e-04 1.395e-03 -1.000 3.170e-03 -3.011 -2.952 -2.931 -2.936 -2.937 -2.941 -2.940 -2.941 -3.432 -3.099 -3.040 -2.938 -2.941 -3.350 -3.250
0.003 -0.70993 5.00000 6.7194604874 2.6204063892    6.711  3.147  3.9805  2.992    0  0.000  0.538     0.00     0.00 -1    -1e-30      0.00 7.425e-01 2.543e-01 5.626e-04 1.536e-04 1.395e-03 -1.000 3.170e-03 -3.097 -2.942 -2.914 -2.915 -2.913 -2.916 -2.914 -2.914 -3.404 -3.070 -3.012 -2.914 -2.915 -3.322 -3.221
0.003 -0.70993 5.00000 6.7894134521 2.6205873489    6.780  3.178  3.9939  3.019    0  0.000  0.538     0.00     0.00 -1    -1e-30      0.00 7.425e-01 2.543e-01 5.626e-04 1.536e-04 1.395e-03 -1.000 3.170e-03 -3.175 -2.930 -2.898 -2.895 -2.890 -2.892 -2.890 -2.888 -3.377 -3.043 -2.984 -2.891 -2.891 -3.296 -3.195
0.003 -0.70993 5.00000 6.8484115601 2.6207365990    6.839  3.204  4.0051  3.041    0  0.000  0.538     0.00     0.00 -1    -1e-30      0.00 7.425e-01 2.543e-01 5.626e-04 1.536e-04 1.395e-03 -1.000 3.170e-03 -3.240 -2.920 -2.884 -2.878 -2.871 -2.872 -2.869 -2.867 -3.355 -3.021 -2.961 -2.872 -2.871 -3.275 -3.173
0.003 -0.70993 5.00000 6.9181594849 2.6209094524    6.907  3.235  4.0184  3.068    0  0.000  0.538     0.00     0.00 -1    -1e-30      0.00 7.425e-01 2.543e-01 5.626e-04 1.536e-04 1.395e-03 -1.000 3.170e-03 -3.316 -2.907 -2.866 -2.857 -2.847 -2.847 -2.844 -2.841 -3.328 -2.993 -2.932 -2.848 -2.846 -3.249 -3.146
0.003 -0.70993 5.00000 6.9883027077 2.6210792065    6.977  3.265  4.0318  3.096    0  0.000  0.538     0.00     0.00 -1    -1e-30      0.00 7.425e-01 2.543e-01 5.626e-04 1.536e-04 1.395e-03 -1.000 3.170e-03 -3.392 -2.891 -2.846 -2.834 -2.821 -2.820 -2.817 -2.813 -3.299 -2.963 -2.901 -2.823 -2.819 -3.220 -3.117
0.003 -0.70993 5.00000 7.0589718819 2.6212463379    7.046  3.295  4.0455  3.125    0  0.000  0.538     0.00     0.00 -1    -1e-30      0.00 7.425e-01 2.543e-01 5.626e-04 1.536e-04 1.395e-03 -1.000 3.170e-03 -3.467 -2.873 -2.824 -2.809 -2.793 -2.791 -2.787 -2.783 -3.267 -2.929 -2.867 -2.795 -2.791 -3.190 -3.085
0.003 -0.70993 5.00000 7.1304302216 2.6214113235    7.117  3.324  4.0593  3.155    0  0.000  0.538     0.00     0.00 -1    -1e-30      0.00 7.425e-01 2.543e-01 5.626e-04 1.536e-04 1.395e-03 -1.000 3.170e-03 -3.541 -2.852 -2.799 -2.782 -2.763 -2.760 -2.756 -2.751 -3.233 -2.894 -2.830 -2.765 -2.760 -3.157 -3.051
0.003 -0.70993 5.00000 7.2026324272 2.6215744019    7.188  3.353  4.0732  3.186    0  0.000  0.538     0.00     0.00 -1    -1e-30      0.00 7.425e-01 2.543e-01 5.626e-04 1.536e-04 1.395e-03 -1.000 3.170e-03 -3.613 -2.828 -2.772 -2.752 -2.731 -2.727 -2.721 -2.716 -3.197 -2.855 -2.791 -2.733 -2.726 -3.122 -3.015
0.003 -0.70993 5.00000 7.2757000923 2.6217355728    7.260  3.382  4.0873  3.218    0  0.000  0.538     0.00     0.00 -1    -1e-30      0.00 7.425e-01 2.543e-01 5.626e-04 1.536e-04 1.395e-03 -1.000 3.170e-03 -3.685 -2.801 -2.741 -2.719 -2.695 -2.691 -2.685 -2.679 -3.157 -2.814 -2.750 -2.698 -2.690 -3.084 -2.975
0.003 -0.70993 5.00000 7.3497929573 2.6218950748    7.333  3.410  4.1015  3.251    0  0.000  0.538     0.00     0.00 -1    -1e-30      0.00 7.425e-01 2.543e-01 5.626e-04 1.536e-04 1.395e-03 -1.000 3.170e-03 -3.755 -2.772 -2.708 -2.683 -2.657 -2.652 -2.645 -2.638 -3.115 -2.771 -2.705 -2.660 -2.651 -3.043 -2.933
0.003 -0.70993 5.00000 7.4250545502 2.6220536232    7.407  3.438  4.1158  3.285    0  0.000  0.538     0.00     0.00 -1    -1e-30      0.00 7.425e-01 2.543e-01 5.626e-04 1.536e-04 1.395e-03 -1.000 3.170e-03 -3.824 -2.739 -2.671 -2.645 -2.616 -2.610 -2.602 -2.595 -3.070 -2.724 -2.659 -2.619 -2.608 -2.999 -2.888
0.003 -0.70993 5.00000 7.5016384125 2.6222112179    7.483  3.464  4.1302  3.320    0  0.000  0.538     0.00     0.00 -1    -1e-30      0.00 7.425e-01 2.543e-01 5.626e-04 1.536e-04 1.395e-03 -1.000 3.170e-03 -3.891 -2.703 -2.632 -2.603 -2.572 -2.565 -2.557 -2.548 -3.022 -2.675 -2.611 -2.575 -2.563 -2.952 -2.840
0.003 -0.70993 5.00000 7.5671277046 2.6223428249    7.548  3.487  4.1424  3.351    0  0.000  0.538     0.00     0.00 -1    -1e-30      0.00 7.425e-01 2.543e-01 5.626e-04 1.536e-04 1.395e-03 -1.000 3.170e-03 -3.946 -2.671 -2.597 -2.566 -2.533 -2.525 -2.516 -2.507 -2.979 -2.632 -2.570 -2.536 -2.524 -2.910 -2.797
0.003 -0.70993 5.00000 7.6162824631 2.6224400997    7.597  3.503  4.1516  3.374    0  0.000  0.538     0.00     0.00 -1    -1e-30      0.00 7.425e-01 2.543e-01 5.626e-04 1.536e-04 1.395e-03 -1.000 3.170e-03 -3.987 -2.646 -2.570 -2.537 -2.502 -2.494 -2.484 -2.475 -2.946 -2.599 -2.538 -2.506 -2.492 -2.878 -2.764
0.003 -0.70993 5.00000 7.7218637466 2.6226439476    7.702  3.536  4.1708  3.424    0  0.000  0.538     0.00     0.00 -1    -1e-30      0.00 7.425e-01 2.543e-01 5.626e-04 1.536e-04 1.395e-03 -1.000 3.170e-03 -4.069 -2.589 -2.509 -2.473 -2.435 -2.425 -2.415 -2.404 -2.874 -2.528 -2.469 -2.438 -2.424 -2.806 -2.692
0.003 -0.70993 5.00000 7.8084459305 2.6228065491    7.788  3.561  4.1863  3.465    0  0.000  0.538     0.00     0.00 -1    -1e-30      0.00 7.425e-01 2.543e-01 5.626e-04 1.536e-04 1.395e-03 -1.000 3.170e-03 -4.132 -2.542 -2.457 -2.419 -2.378 -2.368 -2.357 -2.346 -2.814 -2.469 -2.412 -2.382 -2.366 -2.747 -2.632
0.003 -0.70993 5.00000 7.8970713615 2.6229686737    7.876  3.586  4.2017  3.507    0  0.000  0.538     0.00     0.00 -1    -1e-30      0.00 7.425e-01 2.543e-01 5.626e-04 1.536e-04 1.395e-03 -1.000 3.170e-03 -4.194 -2.492 -2.404 -2.364 -2.320 -2.309 -2.297 -2.285 -2.752 -2.409 -2.353 -2.324 -2.307 -2.686 -2.570
0.003 -0.70993 5.00000 7.9878921509 2.6231305599    7.966  3.610  4.2172  3.550    0  0.000  0.538     0.00     0.00 -1    -1e-30      0.00 7.425e-01 2.543e-01 5.626e-04 1.536e-04 1.395e-03 -1.000 3.170e-03 -4.255 -2.441 -2.350 -2.307 -2.260 -2.248 -2.236 -2.223 -2.689 -2.346 -2.292 -2.265 -2.246 -2.624 -2.507
0.003 -0.70993 5.00000 8.0810747147 2.6232922077    8.058  3.633  4.2326  3.593    0  0.000  0.538     0.00     0.00 -1    -1e-30      0.00 7.425e-01 2.543e-01 5.626e-04 1.536e-04 1.395e-03 -1.000 3.170e-03 -4.313 -2.389 -2.294 -2.249 -2.199 -2.186 -2.173 -2.160 -2.625 -2.281 -2.227 -2.204 -2.184 -2.560 -2.443
0.003 -0.70993 5.00000 8.1767787933 2.6234538555    8.153  3.656  4.2480  3.637    0  0.000  0.538     0.00     0.00 -1    -1e-30      0.00 7.425e-01 2.543e-01 5.626e-04 1.536e-04 1.395e-03 -1.000 3.170e-03 -4.370 -2.336 -2.238 -2.190 -2.138 -2.124 -2.110 -2.096 -2.559 -2.214 -2.161 -2.143 -2.122 -2.496 -2.377
0.003 -0.70993 5.00000 8.2751760483 2.6236157417    8.250  3.679  4.2634  3.682    0  0.000  0.538     0.00     0.00 -1    -1e-30      0.00 7.425e-01 2.543e-01 5.626e-04 1.536e-04 1.395e-03 -1.000 3.170e-03 -4.426 -2.283 -2.181 -2.131 -2.076 -2.061 -2.046 -2.031 -2.492 -2.145 -2.092 -2.081 -2.059 -2.430 -2.310
0.003 -0.70993 5.00000 8.3448429108 2.6237275600    8.320  3.694  4.2739  3.712    0  0.000  0.538     0.00     0.00 -1    -1e-30      0.00 7.425e-01 2.543e-01 5.626e-04 1.536e-04 1.395e-03 -1.000 3.170e-03 -4.464 -2.246 -2.142 -2.090 -2.033 -2.017 -2.002 -1.986 -2.445 -2.097 -2.045 -2.039 -2.015 -2.385 -2.263
0.003 -0.70993 5.00000 8.3838500977 2.6237893105    8.358  3.701  4.2794  3.728    0  0.000  0.538     0.00     0.00 -1    -1e-30      0.00 7.425e-01 2.543e-01 5.626e-04 1.536e-04 1.395e-03 -1.000 3.170e-03 -4.484 -2.227 -2.122 -2.069 -2.011 -1.995 -1.979 -1.963 -2.420 -2.072 -2.020 -2.017 -1.993 -2.362 -2.239
0.003 -0.70993 5.00000 8.5310497284 2.6240162849    8.502  3.730  4.2993  3.787    0  0.000  0.538     0.00     0.00 -1    -1e-30      0.00 7.425e-01 2.543e-01 5.626e-04 1.536e-04 1.395e-03 -1.000 3.170e-03 -4.555 -2.158 -2.049 -1.993 -1.931 -1.913 -1.896 -1.878 -2.331 -1.982 -1.929 -1.937 -1.911 -2.276 -2.149
0.003 -0.70993 5.00000 8.6845932007 2.6242437363    8.652  3.758  4.3191  3.846    0  0.000  0.538     0.00     0.00 -1    -1e-30      0.00 7.425e-01 2.543e-01 5.626e-04 1.536e-04 1.395e-03 -1.000 3.170e-03 -4.624 -2.089 -1.976 -1.917 -1.851 -1.831 -1.813 -1.793 -2.241 -1.892 -1.839 -1.857 -1.829 -2.189 -2.059
0.003 -0.70993 5.00000 8.8126811981 2.6244266033    8.777  3.780  4.3348  3.893    0  0.000  0.538     0.00     0.00 -1    -1e-30      0.00 7.425e-01 2.543e-01 5.626e-04 1.536e-04 1.395e-03 -1.000 3.170e-03 -4.679 -2.035 -1.918 -1.856 -1.787 -1.766 -1.746 -1.724 -2.169 -1.820 -1.767 -1.794 -1.763 -2.119 -1.987
0.003 -0.70993 5.00000 8.9463634491 2.6246109009    8.907  3.801  4.3505  3.941    0  0.000  0.538     0.00     0.00 -1    -1e-30      0.00 7.425e-01 2.543e-01 5.626e-04 1.536e-04 1.395e-03 -1.000 3.170e-03 -4.733 -1.981 -1.861 -1.796 -1.723 -1.700 -1.679 -1.655 -2.098 -1.749 -1.695 -1.730 -1.697 -2.049 -1.916
0.003 -0.70993 5.00000 9.0868186951 2.6247978210    9.044  3.822  4.3660  3.988    0  0.000  0.538     0.00     0.00 -1    -1e-30      0.00 7.425e-01 2.543e-01 5.626e-04 1.536e-04 1.395e-03 -1.000 3.170e-03 -4.785 -1.927 -1.804 -1.736 -1.659 -1.634 -1.612 -1.587 -2.028 -1.679 -1.623 -1.667 -1.632 -1.980 -1.846
0.003 -0.70993 5.00000 9.1225566864 2.6248445511    9.080  3.827  4.3696  4.000    0  0.000  0.538     0.00     0.00 -1    -1e-30      0.00 7.425e-01 2.543e-01 5.626e-04 1.536e-04 1.395e-03 -1.000 3.170e-03 -4.797 -1.914 -1.790 -1.722 -1.643 -1.619 -1.596 -1.570 -2.011 -1.662 -1.606 -1.651 -1.616 -1.963 -1.829
0.003 -0.70993 5.00000 9.2375049591 2.6249911785    9.194  3.842  4.3818  4.039    0  0.000  0.538     0.00     0.00 -1    -1e-30      0.00 7.425e-01 2.543e-01 5.626e-04 1.536e-04 1.395e-03 -1.000 3.170e-03 -4.835 -1.870 -1.743 -1.673 -1.591 -1.565 -1.542 -1.515 -1.954 -1.606 -1.548 -1.600 -1.562 -1.907 -1.773
0.003 -0.70993 5.00000 9.3682136536 2.6251533031    9.324  3.857  4.3944  4.080    0  0.000  0.538     0.00     0.00 -1    -1e-30      0.00 7.425e-01 2.544e-01 5.626e-04 1.536e-04 1.395e-03 -1.000 3.170e-03 -4.873 -1.824 -1.694 -1.622 -1.537 -1.509 -1.485 -1.457 -1.896 -1.547 -1.488 -1.545 -1.506 -1.849 -1.715
0.003 -0.70993 5.00000 9.5119266510 2.6253254414    9.466  3.873  4.4074  4.123    0  0.000  0.538     0.00     0.00 -1    -1e-30      0.00 7.425e-01 2.544e-01 5.626e-04 1.536e-04 1.395e-03 -1.000 3.170e-03 -4.912 -1.861 -1.751 -1.675 -1.575 -1.545 -1.932 -2.841 -2.426 -2.107 -3.562 -1.586 -1.550 -2.790 -2.627
0.003 -0.70993 5.00000 9.6702175140 2.6255080700    9.623  3.889  4.4206  4.167    0  0.000  0.538     0.00     0.00 -1    -1e-30      0.00 7.425e-01 2.544e-01 5.626e-04 1.536e-04 1.395e-03 -1.000 3.170e-03 -4.952 -1.819 -1.704 -1.613 -1.503 -1.464 -1.847 -2.755 -2.349 -2.044 -3.499 -1.516 -1.468 -2.706 -2.549
0.003 -0.70993 5.00000 9.8426609039 2.6256997585    9.794  3.906  4.4340  4.211    0  0.000  0.538     0.00     0.00 -1    -1e-30      0.00 7.425e-01 2.544e-01 5.626e-04 1.536e-04 1.395e-03 -1.000 3.170e-03 -4.994 -1.762 -1.651 -1.565 -1.462 -1.424 -1.806 -2.714 -2.302 -1.995 -3.454 -1.473 -1.429 -2.665 -2.503
0.003 -0.70993 5.00000 9.9002704620 2.6257619858    9.852  3.911  4.4382  4.225    0  0.000  0.538     0.00     0.00 -1    -1e-30      0.00 7.424e-01 2.544e-01 5.626e-04 1.536e-04 1.395e-03 -1.000 3.170e-03 -5.008 -1.743 -1.633 -1.552 -1.453 -1.418 -1.800 -2.708 -2.294 -1.982 -3.443 -1.463 -1.423 -2.658 -2.495
0.003 -0.70993 5.00000 10.0742712021 2.6259450912   10.022  3.927  4.4494  4.261    0  0.000  0.538     0.00     0.00 -1    -1e-30      0.00 7.424e-01 2.544e-01 5.626e-04 1.536e-04 1.395e-03 -1.000 3.170e-03 -5.048 -1.700 -1.594 -1.522 -1.432 -1.406 -1.789 -2.697 -2.276 -1.950 -3.420 -1.440 -1.411 -2.646 -2.479
0.003 -0.70993 5.00000 10.3008565903 2.6261727810   10.244  3.947  4.4621  4.302    0  0.000  0.538     0.00     0.00 -1    -1e-30      0.00 7.424e-01 2.544e-01 5.626e-04 1.536e-04 1.395e-03 -1.000 3.170e-03 -5.098 -1.662 -1.542 -1.458 -1.380 -1.358 -1.744 -2.652 -2.239 -1.888 -3.391 -1.386 -1.364 -2.603 -2.441
0.003 -0.70993 5.00000 10.5760936737 2.6264345646   10.514  3.966  4.4738  4.341    0  0.000  0.538     0.00     0.00 -1    -1e-30      0.00 7.424e-01 2.544e-01 5.626e-04 1.536e-04 1.395e-03 -1.000 3.170e-03 -5.145 -1.627 -1.494 -1.401 -1.332 -1.312 -1.700 -2.609 -2.207 -1.830 -3.368 -1.338 -1.318 -2.561 -2.408
0.003 -0.70993 5.00000 10.6779851913 2.6265275478   10.613  3.971  4.4771  4.353    0  0.000  0.538     0.00     0.00 -1    -1e-30      0.00 7.424e-01 2.544e-01 5.626e-04 1.536e-04 1.395e-03 -1.000 3.170e-03 -5.158 -1.616 -1.482 -1.390 -1.321 -1.300 -1.688 -2.597 -2.195 -1.818 -3.353 -1.327 -1.306 -2.549 -2.396
0.003 -0.70993 5.00000 10.8190565109 2.6266527176   10.752  3.979  4.4820  4.371    0  0.000  0.538     0.00     0.00 -1 -7.05e-30      0.00 7.424e-01 2.544e-01 5.627e-04 1.536e-04 1.395e-03 -1.000 3.170e-03 -5.177 -1.598 -1.465 -1.378 -1.306 -1.281 -1.670 -2.578 -2.173 -1.803 -3.320 -1.313 -1.287 -2.529 -2.374
0.003 -0.70993 5.00000 11.2973289490 2.6270511150   11.223  3.992  4.4910  4.412    0  0.000  0.539     0.00     0.00 -1 -4.26e-27      0.00 7.424e-01 2.544e-01 5.634e-04 1.536e-04 1.395e-03 -1.000 3.170e-03 -5.209 -1.568 -1.433 -1.352 -1.277 -1.247 -1.635 -2.543 -2.131 -1.776 -3.260 -1.286 -1.253 -2.493 -2.331
0.003 -0.70993 5.00000 11.8188161850 2.6274435520   11.736  4.007  4.4951  4.433    0  0.000  0.540     0.00     0.00 -1 -3.18e-24      0.00 7.424e-01 2.544e-01 5.640e-04 1.536e-04 1.395e-03 -1.000 3.170e-03 -5.248 -1.579 -1.443 -1.363 -1.289 -1.256 -1.643 -2.551 -2.135 -1.788 -3.258 -1.298 -1.262 -2.500 -2.335
0.003 -0.70993 5.00000 11.9835147858 2.6275594234   11.898  4.020  4.4968  4.433    0  0.000  0.540     0.00     0.00 -1 -2.42e-23      0.00 7.424e-01 2.544e-01 5.642e-04 1.536e-04 1.395e-03 -1.000 3.170e-03 -5.279 -1.599 -1.463 -1.384 -1.309 -1.276 -1.662 -2.570 -2.152 -1.810 -3.273 -1.318 -1.281 -2.519 -2.353
0.003 -0.70993 5.00000 12.2334136963 2.6277282238   12.143  4.039  4.4994  4.433    0  0.000  0.541     0.00     0.00 -1 -4.96e-22      0.00 7.424e-01 2.544e-01 5.645e-04 1.536e-04 1.395e-03 -1.000 3.170e-03 -5.327 -1.630 -1.493 -1.415 -1.340 -1.305 -1.691 -2.599 -2.179 -1.843 -3.295 -1.350 -1.311 -2.548 -2.379
0.003 -0.70993 5.00000 12.9578180313 2.6281757355   12.847  4.100  4.5076  4.429    0  0.000  0.541     0.00     0.00 -1 -2.47e-21      0.00 7.424e-01 2.544e-01 5.648e-04 1.536e-04 1.395e-03 -1.000 3.170e-03 -5.479 -1.732 -1.593 -1.513 -1.433 -1.398 -1.784 -2.692 -2.272 -1.926 -3.372 -1.443 -1.403 -2.641 -2.473
0.003 -0.70993 5.00000 13.7888422012 2.6286230087   13.655  4.176  4.5184  4.423    0  0.000  0.541     0.00     0.00 -1 -1.48e-20      0.00 7.424e-01 2.544e-01 5.651e-04 1.536e-04 1.395e-03 -1.000 3.170e-03 -5.669 -1.856 -1.715 -1.630 -1.543 -1.509 -1.895 -2.803 -2.384 -2.022 -3.464 -1.554 -1.514 -2.752 -2.586
0.003 -0.70993 5.00000 15.3442707062 2.6293125153   15.158  4.304  4.5368  4.414    0  0.000  0.544     0.00     0.00 -1 -8.74e-13      0.00 7.424e-01 2.544e-01 5.685e-04 1.537e-04 1.395e-03 -1.000 3.170e-03 -5.990 -2.167 -2.019 -1.913 -1.798 -1.772 -2.163 -3.071 -2.640 -2.279 -3.722 -1.809 -1.778 -3.018 -2.842
0.003 -0.70993 5.00000 16.8997001648 2.6298582554   16.677  4.419  4.5530  4.405    0  0.000  0.545     0.00     0.00 -1 -2.77e-09      0.00 7.424e-01 2.544e-01 5.700e-04 1.537e-04 1.395e-03 -1.000 3.170e-03 -6.277 -2.440 -2.282 -2.157 -2.026 -2.011 -2.408 -3.315 -2.868 -2.516 -3.958 -2.036 -2.019 -3.259 -3.070
0.003 -0.70993 5.00000 18.8849372864 2.6304066181   18.614  4.546  4.5700  4.394    0  0.000  0.545     0.00     0.00 -1 -4.89e-09      0.00 7.424e-01 2.544e-01 5.700e-04 1.537e-04 1.395e-03 -1.000 3.170e-03 -6.595 -2.519 -2.347 -2.219 -2.148 -2.143 -2.534 -3.441 -2.987 -2.623 -4.033 -2.149 -2.150 -3.384 -3.188
0.003 -0.70993 5.00000 20.0105571747 2.6306626797   19.712  4.612  4.5786  4.387    0  0.000  0.545     0.00     0.00 -1 -6.56e-09      0.00 7.424e-01 2.544e-01 5.700e-04 1.537e-04 1.395e-03 -1.000 3.170e-03 -6.761 -2.590 -2.418 -2.291 -2.230 -2.225 -2.613 -3.521 -3.070 -2.701 -4.111 -2.230 -2.231 -3.464 -3.271
0.003 -0.70993 5.00000 20.3379287720 2.6307311058   20.032  4.631  4.5812  4.386    0  0.000  0.545     0.00     0.00 -1 -7.09e-09      0.00 7.424e-01 2.544e-01 5.700e-04 1.537e-04 1.395e-03 -1.000 3.170e-03 -6.806 -2.617 -2.449 -2.323 -2.256 -2.249 -2.637 -3.545 -3.097 -2.728 -4.143 -2.257 -2.255 -3.489 -3.299
0.003 -0.70993 5.00000 23.1214141846 2.6312236786   22.751  4.775  4.6022  4.381    0  0.000  0.545     0.00     0.00 -1 -1.33e-08      0.00 7.424e-01 2.544e-01 5.700e-04 1.537e-04 1.395e-03 -1.000 3.170e-03 -7.167 -2.826 -2.683 -2.567 -2.461 -2.440 -2.825 -3.733 -3.314 -2.940 -4.388 -2.468 -2.446 -3.683 -3.517
0.003 -0.70993 5.00000 24.6768417358 2.6314439774   24.234  4.843  4.6114  4.377    0  0.000  0.545     0.00     0.00 -1 -1.76e-08      0.00 7.424e-01 2.544e-01 5.700e-04 1.537e-04 1.395e-03 -1.000 3.170e-03 -7.338 -2.910 -2.773 -2.671 -2.565 -2.544 -2.931 -3.839 -3.425 -3.065 -4.494 -2.573 -2.550 -3.789 -3.626
0.003 -0.70993 5.00000 28.5654144287 2.6318759918   28.057  5.000  4.6314  4.364    0  0.000  0.545     0.00     0.00 -1 -3.31e-08      0.00 7.424e-01 2.544e-01 5.700e-04 1.537e-04 1.395e-03 -1.000 3.170e-03 -7.729 -3.119 -2.989 -2.906 -2.806 -2.787 -3.176 -4.084 -3.676 -3.344 -4.761 -2.813 -2.793 -4.034 -3.875
0.003 -0.70993 5.00000 32.5093994141 2.6321949959   32.046  5.134  4.6476  4.352    0  0.000  0.545     0.00     0.00 -1 -5.49e-08      0.00 7.424e-01 2.544e-01 5.700e-04 1.537e-04 1.395e-03 -1.000 3.170e-03 -8.066 -3.320 -3.189 -3.100 -3.012 -2.999 -3.389 -4.297 -3.888 -3.575 -5.031 -3.018 -3.005 -4.247 -4.087
0.003 -0.70993 5.00000 34.4813842773 2.6323235035   34.048  5.196  4.6558  4.350    0  0.000  0.545     0.00     0.00 -1 -6.93e-08      0.00 7.424e-01 2.544e-01 5.700e-04 1.537e-04 1.395e-03 -1.000 3.170e-03 -8.219 -3.426 -3.290 -3.199 -3.110 -3.095 -3.484 -4.392 -3.986 -3.680 -5.147 -3.116 -3.101 -4.342 -4.184
0.003 -0.70993 5.00000 39.4113655090 2.6325809956   39.040  5.327  4.6718  4.341    0  0.000  0.545     0.00     0.00 -1 -1.11e-07      0.00 7.424e-01 2.544e-01 5.700e-04 1.537e-04 1.395e-03 -1.000 3.170e-03 -8.549 -3.683 -3.530 -3.430 -3.344 -3.320 -3.704 -4.613 -4.247 -4.057 -5.661 -3.351 -3.325 -4.570 -4.443
0.003 -0.70993 5.00000 44.3413429260 2.6327738762   44.021  5.439  4.6845  4.333    0  0.000  0.545     0.00     0.00 -1 -1.62e-07      0.00 7.424e-01 2.544e-01 5.700e-04 1.537e-04 1.395e-03 -1.000 3.170e-03 -8.827 -3.870 -3.715 -3.615 -3.533 -3.510 -3.896 -4.805 -4.428 -4.244 -5.850 -3.539 -3.515 -4.759 -4.623
0.003 -0.70993 5.00000 49.2713203430 2.6329228878   48.984  5.535  4.6951  4.326    0  0.000  0.545     0.00     0.00 -1 -2.24e-07      0.00 7.424e-01 2.544e-01 5.700e-04 1.537e-04 1.395e-03 -1.000 3.170e-03 -9.067 -4.029 -3.873 -3.774 -3.699 -3.678 -4.066 -4.975 -4.590 -4.412 -6.022 -3.705 -3.684 -4.927 -4.784
0.003 -0.70993 5.00000 54.2013015747 2.6330411434   53.927  5.619  4.7039  4.319    0  0.000  0.545     0.00     0.00 -1 -2.94e-07      0.00 7.424e-01 2.544e-01 5.700e-04 1.537e-04 1.395e-03 -1.000 3.170e-03 -9.277 -4.179 -4.026 -3.930 -3.854 -3.833 -4.222 -5.130 -4.752 -4.590 -6.209 -3.860 -3.839 -5.084 -4.946
0.003 -0.70993 5.00000 59.1312789917 2.6331372261   58.869  5.693  4.7108  4.310    0  0.000  0.545     0.00     0.00 -1 -3.69e-07      0.00 7.424e-01 2.544e-01 5.700e-04 1.537e-04 1.395e-03 -1.000 3.170e-03 -9.462 -4.325 -4.177 -4.084 -4.001 -3.979 -4.369 -5.277 -4.916 -4.780 -6.413 -4.008 -3.985 -5.234 -5.108
0.003 -0.70993 5.00000 60.8104476929 2.6331658363   60.551  5.716  4.7134  4.309    0  0.000  0.545     0.00     0.00 -1 -3.98e-07      0.00 7.424e-01 2.544e-01 5.700e-04 1.537e-04 1.395e-03 -1.000 3.170e-03 -9.521 -4.368 -4.222 -4.129 -4.044 -4.022 -4.412 -5.321 -4.966 -4.839 -6.476 -4.051 -4.028 -5.278 -5.157
0.003 -0.70993 5.00000 64.0612564087 2.6332163811   63.808  5.760  4.7185  4.309    0  0.000  0.545     0.00     0.00 -1 -4.58e-07      0.00 7.424e-01 2.544e-01 5.700e-04 1.537e-04 1.395e-03 -1.000 3.170e-03 -9.630 -4.449 -4.305 -4.213 -4.124 -4.102 -4.493 -5.402 -5.057 -4.950 -6.596 -4.132 -4.108 -5.360 -5.247
0.003 -0.70993 5.00000 68.9912338257 2.6332826614   68.746  5.820  4.7233  4.300    0  0.000  0.545     0.00     0.00 -1 -5.47e-07      0.00 7.424e-01 2.544e-01 5.700e-04 1.537e-04 1.395e-03 -1.000 3.170e-03 -9.781 -4.578 -4.434 -4.343 -4.251 -4.230 -4.621 -5.530 -5.199 -5.121 -6.780 -4.259 -4.236 -5.491 -5.387
0.003 -0.70993 5.00000 73.9212112427 2.6333389282   73.669  5.876  4.7289  4.297    0  0.000  0.545     0.00     0.00 -1  -6.5e-07      0.00 7.424e-01 2.544e-01 5.700e-04 1.537e-04 1.395e-03 -1.000 3.170e-03 -9.919 -4.689 -4.546 -4.458 -4.370 -4.351 -4.744 -5.654 -5.348 -5.316 -6.993 -4.378 -4.358 -5.618 -5.533
0.003 -0.70993 5.00000 83.7811737061 2.6334288120   83.548  5.973  4.7382  4.292    0  0.000  0.545     0.00     0.00 -1  -8.6e-07      0.00 7.424e-01 2.544e-01 5.700e-04 1.537e-04 1.395e-03 -1.000 3.170e-03 -10.162 -4.892 -4.751 -4.671 -4.596 -4.583 -4.979 -5.890 -5.642 -5.706 -7.423 -4.602 -4.590 -5.863 -5.820
0.003 -0.70993 5.00000 93.6411285400 2.6334974766   93.426  6.056  4.7438  4.279    0  0.000  0.545     0.00     0.00 -1  -1.1e-06      0.00 7.424e-01 2.544e-01 5.700e-04 1.537e-04 1.395e-03 -1.000 3.170e-03 -10.371 -4.988 -4.849 -4.772 -4.731 -4.742 -5.152 -6.067 -6.015 -6.420 -8.309 -4.731 -4.751 -6.072 -6.168
0.003 -0.70993 5.00000 98.5711059570 2.6335258484   98.246  6.093  4.7465  4.275    0  0.000  0.545     0.00     0.00 -1 -1.23e-06      0.00 7.424e-01 2.544e-01 5.700e-04 1.537e-04 1.395e-03 -1.000 3.170e-03 -10.463 -5.065 -4.926 -4.851 -4.812 -4.824 -5.236 -6.150 -6.113 -6.534 -8.425 -4.812 -4.834 -6.158 -6.265
0.003 -0.70993 5.00000 103.5010833740 2.6335511208  103.082  6.128  4.7495  4.273    0  0.000  0.545     0.00     0.00 -1 -1.35e-06      0.00 7.424e-01 2.544e-01 5.700e-04 1.537e-04 1.395e-03 -1.000 3.170e-03 -10.551 -5.135 -4.997 -4.923 -4.885 -4.900 -5.312 -6.227 -6.203 -6.639 -8.533 -4.886 -4.910 -6.237 -6.353
0.003 -0.70993 5.00000 123.2210083008 2.6336188316  122.657  6.252  4.7579  4.259    0  0.000  0.545     0.00     0.00 -1 -1.93e-06      0.00 7.424e-01 2.544e-01 5.700e-04 1.537e-04 1.395e-03 -1.000 3.170e-03 -10.859 -5.407 -5.279 -5.214 -5.192 -5.216 -5.632 -6.548 -6.570 -7.057 -8.970 -5.189 -5.226 -6.568 -6.715
0.003 -0.70993 5.00000 152.8008728027 2.6336188316  152.066  6.397  4.7653  4.237    0  0.000  0.545     0.00     0.00 -1 -2.88e-06      0.00 7.424e-01 2.544e-01 5.700e-04 1.537e-04 1.395e-03 -1.000 3.170e-03 -11.221 -5.756 -5.636 -5.580 -5.579 -5.616 -6.039 -6.957 -7.041 -7.600 -9.534 -5.573 -5.628 -6.989 -7.180
0.003 -0.70993 5.00000 202.1006469727 2.6336188316  201.359  6.576  4.7725  4.208    0  0.000  0.545     0.00     0.00 -1 -4.73e-06      0.00 7.424e-01 2.544e-01 5.700e-04 1.537e-04 1.395e-03 -1.000 3.170e-03 -11.671 -6.220 -6.105 -6.059 -6.089 -6.144 -6.576 -7.496 -7.675 -8.334 -10.294 -6.079 -6.157 -7.548 -7.804
0.003 -0.70993 5.00000 251.4004211426 2.6336188316  250.498  6.710  4.7750  4.179    0  0.000  0.545     0.00     0.00 -1 -6.82e-06      0.00 7.424e-01 2.544e-01 5.700e-04 1.537e-04 1.395e-03 -1.000 3.170e-03 -12.004 -6.585 -6.474 -6.432 -6.484 -6.551 -6.991 -7.912 -8.158 -8.895 -10.873 -6.471 -6.566 -7.978 -8.281
0.003 -0.70993 5.00000 300.7001953125 2.6336188316  299.535  6.815  4.7755  4.153    0  0.000  0.545     0.00     0.00 -1 -9.19e-06      0.00 7.424e-01 2.544e-01 5.700e-04 1.537e-04 1.395e-03 -1.000 3.170e-03 -12.268 -6.873 -6.762 -6.723 -6.784 -6.856 -7.299 -8.221 -8.493 -9.264 -11.251 -6.768 -6.872 -8.292 -8.614
0.003 -0.70993 5.00000 350.0000000000 2.6336188316  348.809  6.902  4.7759  4.134    0  0.000  0.545     0.00     0.00 -1 -1.17e-05      0.00 7.424e-01 2.544e-01 5.700e-04 1.537e-04 1.395e-03 -1.000 3.170e-03 -12.486 -6.993 -6.895 -6.869 -6.934 -7.011 -7.457 -8.381 -8.751 -9.702 -11.791 -6.919 -7.027 -8.464 -8.855
0.003 -0.70993 5.00000 350.0001220703 2.6336188316  348.777  6.902  4.7743  4.127    0  0.000  0.545     0.00     0.00 -1 -1.09e-05      0.00 7.424e-01 2.544e-01 5.700e-04 1.537e-04 1.395e-03 -1.000 3.170e-03 -12.486 -7.013 -6.916 -6.892 -6.964 -7.044 -7.492 -8.416 -8.812 -9.792 -11.888 -6.947 -7.060 -8.504 -8.912
0.003 -0.70993 5.00000 350.0027160645 2.6336188316  347.676  6.906  4.7417  3.992    0  0.000  0.545     0.00     0.00 -1 -2.54e-06      0.00 7.424e-01 2.544e-01 5.700e-04 1.537e-04 1.395e-03 -1.000 3.170e-03 -12.496 -7.173 -7.048 -6.986 -6.979 -7.009 -7.430 -8.347 -8.466 -9.217 -11.244 -6.974 -7.020 -8.377 -8.594
0.003 -0.70993 5.00000 350.0041198730 2.6336188316  346.707  6.910  4.7228  3.911    0  0.000  0.545     0.00     0.00 -1 -1.21e-06      0.00 7.424e-01 2.544e-01 5.700e-04 1.537e-04 1.395e-03 -1.000 3.170e-03 -12.504 -7.268 -7.132 -7.059 -7.030 -7.045 -7.459 -8.373 -8.376 -9.000 -11.009 -7.029 -7.055 -8.384 -8.519
0.003 -0.70993 5.00000 350.0051574707 2.6336188316  345.680  6.913  4.7068  3.843    0  0.000  0.545     0.00     0.00 -1  -6.9e-07      0.00 7.424e-01 2.544e-01 5.700e-04 1.537e-04 1.395e-03 -1.000 3.170e-03 -12.513 -7.502 -7.359 -7.269 -7.178 -7.158 -7.551 -8.461 -8.171 -8.265 -10.062 -7.186 -7.165 -8.426 -8.352
0.003 -0.70993 5.00000 350.0059814453 2.6336188316  344.621  6.917  4.6930  3.783    0  0.000  0.503     0.00     0.00 -1 -4.51e-07      0.00 7.421e-01 2.547e-01 5.126e-04 2.838e-04 1.323e-03 -1.000 3.170e-03 -12.522 -7.570 -7.426 -7.333 -7.240 -7.219 -7.611 -8.521 -8.195 -8.191 -9.939 -7.248 -7.226 -8.482 -8.383
0.003 -0.70993 5.00000 350.0066528320 2.6336188316  343.551  6.920  4.6809  3.730    0  0.000  0.270     0.00     0.00 -1 -3.21e-07      0.00 7.406e-01 2.563e-01 1.951e-04 1.003e-03 9.290e-04 -1.000 3.170e-03 -12.530 -7.644 -7.503 -7.410 -7.316 -7.297 -7.689 -8.598 -8.264 -8.211 -9.930 -7.324 -7.303 -8.558 -8.453
0.003 -0.70993 5.00000 350.0072021484 2.6336188316  342.484  6.923  4.6706  3.684    0  0.000  0.293     0.00     0.00 -1 -2.46e-07      0.00 7.379e-01 2.590e-01 1.936e-04 1.204e-03 7.001e-04 -1.000 3.126e-03 -12.538 -7.728 -7.591 -7.502 -7.420 -7.409 -7.805 -8.715 -8.428 -8.422 -10.152 -7.426 -7.416 -8.684 -8.613
0.003 -0.70993 5.00000 350.0076599121 2.6336188316  341.414  6.927  4.6606  3.639    0  0.000  0.343     0.00     0.00 -1 -1.97e-07      0.00 7.349e-01 2.620e-01 1.968e-04 1.306e-03 5.796e-04 -1.000 3.116e-03 -12.546 -7.845 -7.717 -7.643 -7.599 -7.611 -8.021 -8.935 -8.820 -9.047 -10.857 -7.600 -7.621 -8.934 -8.984
0.003 -0.70993 5.00000 350.0080566406 2.6336188316  340.352  6.930  4.6512  3.597    0  0.000  0.411     0.00     0.00 -1 -1.63e-07      0.00 7.321e-01 2.647e-01 1.989e-04 1.350e-03 5.257e-04 -1.000 3.116e-03 -12.554 -7.976 -7.863 -7.808 -7.815 -7.858 -8.287 -9.205 -9.331 -9.884 -11.812 -7.808 -7.871 -9.246 -9.467
0.003 -0.70993 5.00000 350.0083923340 2.6336188316  339.273  6.933  4.6418  3.555    0  0.000  0.506     0.00     0.00 -1 -1.39e-07      0.00 7.293e-01 2.676e-01 2.006e-04 1.371e-03 4.997e-04 -1.000 3.116e-03 -12.561 -8.076 -7.965 -7.912 -7.922 -7.964 -8.392 -9.311 -9.457 -10.128 -12.124 -7.915 -7.977 -9.352 -9.588
0.003 -0.70993 5.00000 350.0088806152 2.6336188316  337.637  6.937  4.6284  3.495    0  0.000  0.546     0.00     0.00 -1 -1.14e-07      0.00 7.240e-01 2.729e-01 8.851e-05 1.623e-03 3.627e-04 -1.000 3.154e-03 -12.572 -8.182 -8.069 -8.008 -7.990 -8.011 -8.426 -9.341 -9.367 -10.039 -12.077 -7.988 -8.021 -9.355 -9.507
0.003 -0.70993 5.00000 350.0091552734 2.6336188316  336.496  6.940  4.6195  3.455    0  0.000  0.652     0.00     0.00 -1 -1.02e-07      0.00 7.193e-01 2.776e-01 7.355e-05 1.758e-03 2.279e-04 -1.000 3.117e-03 -12.580 -8.227 -8.109 -8.042 -8.007 -8.016 -8.424 -9.337 -9.278 -9.859 -11.871 -8.007 -8.025 -9.336 -9.427
0.003 -0.70993 5.00000 350.0094909668 2.6336188316  334.930  6.944  4.6070  3.399    0  0.000  0.818     0.00     0.00 -1 -8.84e-08      0.00 7.130e-01 2.838e-01 7.595e-05 1.799e-03 1.787e-04 -1.000 3.117e-03 -12.590 -8.398 -8.287 -8.220 -8.165 -8.163 -8.566 -9.478 -9.322 -9.667 -11.536 -8.169 -8.172 -9.463 -9.486
0.003 -0.70993 5.00000 350.0097656250 2.6336188316  333.328  6.948  4.5938  3.340    0  0.000  0.988     0.00     0.00 -1 -7.85e-08      0.00 7.066e-01 2.903e-01 7.779e-05 1.808e-03 1.657e-04 -1.000 3.117e-03 -12.600 -8.479 -8.359 -8.283 -8.211 -8.198 -8.595 -9.505 -9.256 -9.426 -11.215 -8.217 -8.206 -9.477 -9.432
0.003 -0.70993 5.00000 350.0100402832 2.6336188316  331.797  6.952  4.5816  3.286    0  0.000  1.173     0.00     0.00 -1    -7e-08      0.00 6.999e-01 2.970e-01 7.926e-05 1.808e-03 1.630e-04 -1.000 3.080e-03 -12.609 -8.563 -8.433 -8.347 -8.260 -8.239 -8.631 -9.540 -9.239 -9.259 -10.982 -8.268 -8.245 -9.505 -9.424
0.003 -0.70993 5.00000 350.0102539062 2.6336188316  330.305  6.955  4.5685  3.228    0  0.000  1.288     0.00     0.00 -1 -6.43e-08      0.00 6.935e-01 3.034e-01 8.053e-05 1.806e-03 1.643e-04 -1.000 3.117e-03 -12.618 -8.638 -8.503 -8.413 -8.320 -8.294 -8.684 -9.593 -9.248 -9.142 -10.804 -8.329 -8.300 -9.551 -9.439
0.003 -0.70993 5.00000 350.0103759766 2.6336188316  329.332  6.957  4.5596  3.189    0  0.000  1.333     0.00     0.00 -1 -6.09e-08      0.00 6.890e-01 3.079e-01 8.128e-05 1.804e-03 1.656e-04 -1.000 3.080e-03 -12.624 -8.678 -8.543 -8.456 -8.365 -8.341 -8.730 -9.639 -9.272 -9.107 -10.732 -8.373 -8.347 -9.594 -9.465
0.003 -0.70993 5.00000 350.0104980469 2.6336188316  328.504  6.959  4.5515  3.153    0  0.000  1.350     0.00     0.00 -1 -5.83e-08      0.00 6.853e-01 3.116e-01 8.189e-05 1.802e-03 1.669e-04 -1.000 3.118e-03 -12.629 -8.714 -8.579 -8.495 -8.406 -8.383 -8.772 -9.680 -9.295 -9.075 -10.667 -8.414 -8.389 -9.633 -9.490
0.003 -0.70993 5.00000 350.0105895996 2.6336188316  327.664  6.961  4.5431  3.117    0  0.000  1.363     0.00     0.00 -1 -5.53e-08      0.00 6.813e-01 3.155e-01 8.249e-05 1.800e-03 1.682e-04 -1.000 3.118e-03 -12.633 -8.759 -8.621 -8.535 -8.450 -8.427 -8.815 -9.723 -9.335 -9.087 -10.653 -8.458 -8.432 -9.676 -9.530
0.003 -0.70993 5.00000 350.0107421875 2.6336188316  326.473  6.964  4.5303  3.061    0  0.000  1.372     0.00     0.00 -1 -5.17e-08      0.00 6.758e-01 3.211e-01 8.329e-05 1.798e-03 1.701e-04 -1.000 3.085e-03 -12.640 -8.831 -8.684 -8.594 -8.517 -8.492 -8.880 -9.788 -9.401 -9.121 -10.651 -8.524 -8.497 -9.741 -9.597
0.003 -0.70993 5.00000 350.0108337402 2.6336188316  325.773  6.966  4.5223  3.026    0  0.000  1.375     0.00     0.00 -1 -4.96e-08      0.00 6.722e-01 3.247e-01 8.375e-05 1.797e-03 1.712e-04 -1.000 3.108e-03 -12.644 -8.887 -8.739 -8.647 -8.572 -8.547 -8.935 -9.843 -9.455 -9.165 -10.680 -8.580 -8.553 -9.796 -9.652
0.003 -0.70993 5.00000 350.0108947754 2.6336188316  325.145  6.967  4.5147  2.994    0  0.000  1.377     0.00     0.00 -1 -4.74e-08      0.00 6.691e-01 3.277e-01 8.414e-05 1.795e-03 1.721e-04 -1.000 3.166e-03 -12.648 -8.961 -8.818 -8.728 -8.651 -8.628 -9.016 -9.924 -9.533 -9.252 -10.772 -8.658 -8.634 -9.877 -9.730
0.003 -0.70993 5.00000 350.0109558105 2.6336188316  324.520  6.969  4.5064  2.958    0  0.000  1.379     0.00     0.00 -1 -4.52e-08      0.00 6.661e-01 3.308e-01 8.453e-05 1.794e-03 1.730e-04 -1.000 3.112e-03 -12.652 -9.040 -8.904 -8.816 -8.737 -8.716 -9.103 -10.011 -9.616 -9.344 -10.869 -8.743 -8.722 -9.963 -9.814
0.003 -0.70993 5.00000 350.0110168457 2.6336188316  323.914  6.970  4.4979  2.922    0  0.000  1.379     0.00     0.00 -1 -4.31e-08      0.00 6.630e-01 3.339e-01 8.491e-05 1.793e-03 1.739e-04 -1.000 3.088e-03 -12.655 -9.132 -9.002 -8.917 -8.837 -8.818 -9.206 -10.114 -9.725 -9.487 -11.037 -8.843 -8.824 -10.067 -9.921
0.003 -0.70993 5.00000 350.0110778809 2.6336188316  323.445  6.971  4.4905  2.890    0  0.000  1.381     0.00     0.00 -1 -4.15e-08      0.00 6.607e-01 3.362e-01 8.520e-05 1.792e-03 1.746e-04 -1.000 3.118e-03 -12.658 -9.239 -9.115 -9.033 -8.957 -8.940 -9.331 -10.239 -9.880 -9.739 -11.361 -8.963 -8.946 -10.196 -10.072
0.003 -0.70993 5.00000 350.0111389160 2.6336188316  322.984  6.973  4.4827  2.857    0  0.000  1.382     0.00     0.00 -1 -3.96e-08      0.00 6.582e-01 3.387e-01 8.549e-05 1.791e-03 1.753e-04 -1.000 3.118e-03 -12.661 -9.352 -9.234 -9.155 -9.084 -9.069 -9.462 -10.371 -10.045 -10.005 -11.704 -9.090 -9.076 -10.332 -10.232
0.003 -0.70993 5.00000 350.0111694336 2.6336188316  322.535  6.974  4.4743  2.822    0  0.000  1.382     0.00     0.00 -1 -3.79e-08      0.00 6.557e-01 3.411e-01 8.576e-05 1.791e-03 1.759e-04 -1.000 3.118e-03 -12.664 -9.465 -9.353 -9.277 -9.210 -9.197 -9.592 -10.502 -10.206 -10.262 -12.032 -9.216 -9.204 -10.467 -10.389
0.003 -0.70993 5.00000 350.0112304688 2.6336188316  322.156  6.975  4.4666  2.790    0  0.000  1.383     0.00     0.00 -1 -3.69e-08      0.00 6.538e-01 3.431e-01 8.600e-05 1.790e-03 1.765e-04 -1.000 3.118e-03 -12.667 -9.496 -9.381 -9.303 -9.232 -9.217 -9.611 -10.521 -10.212 -10.225 -11.960 -9.238 -9.224 -10.484 -10.397
0.003 -0.70993 5.00000 350.0112609863 2.6336188316  321.781  6.976  4.4588  2.757    0  0.000  1.384     0.00     0.00 -1 -3.61e-08      0.00 6.517e-01 3.452e-01 8.623e-05 1.789e-03 1.770e-04 -1.000 3.081e-03 -12.669 -9.528 -9.409 -9.329 -9.254 -9.237 -9.630 -10.539 -10.218 -10.187 -11.887 -9.261 -9.244 -10.501 -10.406
0.003 -0.70993 5.00000 350.0112915039 2.6336188316  321.477  6.977  4.4516  2.727    0  0.000  1.385     0.00     0.00 -1 -3.52e-08      0.00 6.501e-01 3.468e-01 8.642e-05 1.788e-03 1.775e-04 -1.000 3.081e-03 -12.672 -9.556 -9.434 -9.352 -9.274 -9.255 -9.647 -10.556 -10.224 -10.152 -11.820 -9.282 -9.261 -10.517 -10.413
0.003 -0.70993 5.00000 350.0113220215 2.6336188316  321.168  6.977  4.4440  2.695    0  0.000  1.385     0.00     0.00 -1 -3.46e-08      0.00 6.486e-01 3.483e-01 8.660e-05 1.788e-03 1.779e-04 -1.000 3.081e-03 -12.674 -9.080 -9.026 -9.081 -9.245 -9.449 -9.512 -9.832 -10.990 -13.577 -13.813 -9.223 -9.429 -10.128 -10.914
0.003 -0.70993 5.00000 350.0113525391 2.6336188316  320.871  6.978  4.4358  2.661    0  0.000  1.386     0.00     0.00 -1 -3.38e-08      0.00 6.472e-01 3.497e-01 8.679e-05 1.787e-03 1.784e-04 -1.000 3.081e-03 -12.676 -9.082 -9.028 -9.083 -9.247 -9.451 -9.514 -9.834 -10.993 -13.579 -13.815 -9.226 -9.431 -10.131 -10.916
0.003 -0.70993 5.00000 350.0113830566 2.6336188316  320.586  6.979  4.4273  2.626    0  0.000  1.386     0.00     0.00 -1  -3.3e-08      0.00 6.458e-01 3.511e-01 8.697e-05 1.787e-03 1.788e-04 -1.000 3.081e-03 -12.678 -9.084 -9.030 -9.085 -9.249 -9.453 -9.516 -9.836 -10.995 -13.581 -13.817 -9.228 -9.433 -10.133 -10.918
0.003 -0.70993 5.00000 350.0114135742 2.6336188316  320.289  6.980  4.4187  2.590    0  0.000  1.387     0.00     0.00 -1 -3.19e-08      0.00 6.442e-01 3.527e-01 8.715e-05 1.786e-03 1.792e-04 -1.000 3.081e-03 -12.680 -9.086 -9.032 -9.087 -9.251 -9.455 -9.518 -9.838 -10.997 -13.583 -13.819 -9.230 -9.435 -10.135 -10.920
0.003 -0.70993 5.00000 350.0114440918 2.6336188316  320.055  6.981  4.4112  2.560    0  0.000  1.387     0.00     0.00 -1 -3.13e-08      0.00 6.431e-01 3.538e-01 8.729e-05 1.786e-03 1.795e-04 -1.000 3.081e-03 -12.682 -9.088 -9.034 -9.089 -9.253 -9.457 -9.520 -9.840 -10.998 -13.585 -13.821 -9.231 -9.437 -10.136 -10.921
0.003 -0.70993 5.00000 350.0114746094 2.6336188316  319.793  6.981  4.4016  2.520    0  0.000  1.388     0.00     0.00 -1 -3.06e-08      0.00 6.415e-01 3.553e-01 8.746e-05 1.785e-03 1.800e-04 -1.000 3.118e-03 -12.684 -9.090 -9.036 -9.091 -9.255 -9.459 -9.522 -9.842 -11.000 -13.587 -13.823 -9.233 -9.439 -10.139 -10.924
0.003 -0.70993 5.00000 350.0115051270 2.6336188316  319.574  6.982  4.3939  2.488    0  0.000  1.388     0.00     0.00 -1 -2.97e-08      0.00 6.403e-01 3.566e-01 8.760e-05 1.785e-03 1.803e-04 -1.000 3.118e-03 -12.685 -9.091 -9.037 -9.093 -9.256 -9.461 -9.523 -9.843 -11.002 -13.589 -13.824 -9.235 -9.441 -10.140 -10.925
0.003 -0.70993 5.00000 350.0115356445 2.6336188316  318.941  6.983  4.3838  2.446    0  0.000  1.389     0.00     0.00 -1  -4.8e-08      0.00 6.370e-01 3.599e-01 8.781e-05 1.784e-03 1.808e-04 -1.000 3.118e-03 -12.688 -9.094 -9.040 -9.095 -9.259 -9.463 -9.526 -9.846 -11.005 -13.591 -13.827 -9.238 -9.443 -10.143 -10.928
0.003 -0.70993 5.00000 350.0115661621 2.6336188316  318.531  6.984  4.3759  2.413    0  0.000  1.390     0.00     0.00 -1 -4.64e-08      0.00 6.351e-01 3.617e-01 8.795e-05 1.784e-03 1.811e-04 -1.000 3.118e-03 -12.689 -9.095 -9.041 -9.097 -9.260 -9.464 -9.527 -9.847 -11.006 -13.593 -13.828 -9.239 -9.445 -10.144 -10.929
0.003 -0.70993 5.00000 350.0115966797 2.6336188316  318.129  6.984  4.3670  2.376    0  0.000  1.391     0.00     0.00 -1 -4.41e-08      0.00 6.334e-01 3.635e-01 8.808e-05 1.783e-03 1.814e-04 -1.000 3.118e-03 -12.691 -9.097 -9.043 -9.098 -9.262 -9.466 -9.529 -9.849 -11.008 -13.594 -13.830 -9.241 -9.446 -10.146 -10.931
0.003 -0.70993 5.00000 350.0116271973 2.6336188316  317.285  6.986  4.3497  2.305    0  0.000  1.393     0.00     0.00 -1 -4.18e-08      0.00 6.286e-01 3.683e-01 8.838e-05 1.782e-03 1.821e-04 -1.000 3.118e-03 -12.694 -9.100 -9.047 -9.102 -9.266 -9.470 -9.532 -9.853 -11.011 -13.598 -13.833 -9.244 -9.450 -10.149 -10.934
0.003 -0.70993 5.00000 350.0116577148 2.6336188316  316.918  6.986  4.3413  2.270    0  0.000  1.394     0.00     0.00 -1 -4.11e-08      0.00 6.265e-01 3.703e-01 8.851e-05 1.782e-03 1.824e-04 -1.000 3.118e-03 -12.696 -9.102 -9.048 -9.103 -9.267 -9.471 -9.534 -9.854 -11.013 -13.600 -13.835 -9.246 -9.451 -10.151 -10.936
0.003 -0.70993 5.00000 350.0116882324 2.6336188316  316.281  6.988  4.3241  2.199    0  0.000  1.396     0.00     0.00 -1 -4.01e-08      0.00 6.231e-01 3.739e-01 8.874e-05 1.781e-03 1.829e-04 -1.000 3.082e-03 -12.699 -9.105 -9.051 -9.106 -9.270 -9.474 -9.537 -9.857 -11.016 -13.602 -13.838 -9.249 -9.454 -10.154 -10.939
0.003 -0.70993 5.00000 350.0117187500 2.6336188316  316.012  6.988  4.3147  2.160    0  0.000  1.396     0.00     0.00 -1 -3.95e-08      0.00 6.218e-01 3.752e-01 8.884e-05 1.781e-03 1.832e-04 -1.000 3.082e-03 -12.700 -9.106 -9.052 -9.107 -9.271 -9.475 -9.538 -9.858 -11.017 -13.604 -13.839 -9.250 -9.456 -10.155 -10.940
0.003 -0.70993 5.00000 350.0117492676 2.6336188316  314.742  6.989  4.3114  2.145    0  0.000  1.400     0.00     0.00 -1 -3.93e-08      0.00 6.153e-01 3.817e-01 8.900e-05 1.780e-03 1.835e-04 -1.000 3.091e-03 -12.702 -9.108 -9.054 -9.109 -9.273 -9.477 -9.540 -9.860 -11.019 -13.606 -13.841 -9.252 -9.458 -10.157 -10.942
0.003 -0.70993 5.00000 350.0117797852 2.6336188316  312.355  6.990  4.3107  2.137    0  0.000  1.407     0.00     0.00 -1  -3.9e-08      0.00 6.018e-01 3.951e-01 8.930e-05 1.779e-03 1.841e-04 -1.000 3.131e-03 -12.705 -9.111 -9.058 -9.113 -9.277 -9.481 -9.543 -9.864 -11.022 -13.609 -13.844 -9.255 -9.461 -10.160 -10.945
0.003 -0.70993 5.00000 350.0118103027 2.6336188316  310.773  6.991  4.3153  2.153    0  0.000  1.411     0.00     0.00 -1 -3.92e-08      0.00 5.933e-01 4.035e-01 8.946e-05 1.779e-03 1.843e-04 -1.000 3.155e-03 -12.707 -8.354 -8.242 -8.277 -8.254 -8.355 -8.395 -8.565 -9.802 -10.502 -11.391 -8.257 -8.355 -8.766 -9.532
0.003 -0.70993 5.00000 350.0118408203 2.6336188316  308.297  6.992  4.3167  2.154    0  0.000  1.419     0.00     0.00 -1 -3.88e-08      0.00 5.795e-01 4.174e-01 8.976e-05 1.779e-03 1.849e-04 -1.000 3.132e-03 -12.710 -8.357 -8.245 -8.280 -8.257 -8.358 -8.398 -8.569 -9.806 -10.505 -11.394 -8.260 -8.358 -8.769 -9.535
0.003 -0.70993 5.00000 350.0118713379 2.6336188316  307.027  6.993  4.3124  2.134    0  0.000  1.423     0.00     0.00 -1 -4.31e-08      0.00 5.715e-01 4.254e-01 8.997e-05 1.778e-03 1.853e-04 -1.000 3.118e-03 -12.713 -8.360 -8.248 -8.283 -8.260 -8.361 -8.401 -8.571 -9.808 -10.508 -11.397 -8.263 -8.361 -8.772 -9.538
0.003 -0.70993 5.00000 350.0119018555 2.6336188316  305.285  6.994  4.3242  2.177    0  0.000  1.430     0.00     0.00 -1 -6.98e-08      0.00 5.608e-01 4.361e-01 9.015e-05 1.778e-03 1.855e-04 -1.000 3.082e-03 -12.715 -8.362 -8.250 -8.285 -8.262 -8.363 -8.403 -8.573 -9.810 -10.510 -11.399 -8.265 -8.363 -8.774 -9.540
0.003 -0.70993 5.00000 350.0119323730 2.6336188316  304.074  6.995  4.3216  2.165    0  0.000  1.434     0.00     0.00 -1 -9.99e-08      0.00 5.532e-01 4.437e-01 9.035e-05 1.777e-03 1.859e-04 -1.000 3.127e-03 -12.717 -8.364 -8.252 -8.287 -8.264 -8.365 -8.405 -8.576 -9.813 -10.512 -11.401 -8.267 -8.365 -8.776 -9.542
0.003 -0.70993 5.00000 350.0119628906 2.6336188316  301.910  6.996  4.3237  2.169    0  0.000  1.441     0.00     0.00 -1 -1.01e-07      0.00 5.420e-01 4.548e-01 9.058e-05 1.777e-03 1.863e-04 -1.000 3.156e-03 -12.720 -8.367 -8.255 -8.290 -8.267 -8.368 -8.408 -8.578 -9.815 -10.515 -11.404 -8.270 -8.368 -8.779 -9.545
0.003 -0.70993 5.00000 350.0119934082 2.6336188316  300.914  6.997  4.3274  2.181    0  0.000  1.445     0.00     0.00 -1    -1e-07      0.00 5.349e-01 4.619e-01 9.074e-05 1.777e-03 1.866e-04 -1.000 3.160e-03 -12.722 -8.369 -8.257 -8.292 -8.269 -8.370 -8.410 -8.580 -9.817 -10.517 -11.406 -8.272 -8.370 -8.781 -9.547
0.003 -0.70993 5.00000 350.0120239258 2.6336188316  298.469  6.998  4.3356  2.209    0  0.000  1.454     0.00     0.00 -1 -1.02e-07      0.00 5.206e-01 4.763e-01 9.103e-05 1.776e-03 1.871e-04 -1.000 3.118e-03 -12.725 -8.373 -8.260 -8.296 -8.273 -8.373 -8.413 -8.584 -9.821 -10.520 -11.409 -8.276 -8.373 -8.784 -9.550
0.003 -0.70993 5.00000 350.0120544434 2.6336188316  297.305  6.999  4.3301  2.185    0  0.000  1.458     0.00     0.00 -1    -8e-08      0.00 5.142e-01 4.827e-01 9.122e-05 1.776e-03 1.875e-04 -1.000 3.119e-03 -12.728 -8.375 -8.263 -8.298 -8.275 -8.376 -8.416 -8.586 -9.823 -10.523 -11.412 -8.278 -8.376 -8.787 -9.553
0.003 -0.70993 5.00000 350.0120849609 2.6336188316  296.543  7.000  4.3295  2.180    0  0.000  1.461     0.00     0.00 -1 -5.12e-08      0.00 5.094e-01 4.876e-01 9.134e-05 1.775e-03 1.877e-04 -1.000 3.082e-03 -12.729 -8.377 -8.264 -8.300 -8.277 -8.377 -8.417 -8.588 -9.825 -10.524 -11.413 -8.280 -8.377 -8.788 -9.554
0.003 -0.70993 5.00000 350.0121154785 2.6336188316  294.785  7.001  4.3228  2.149    0  0.000  1.467     0.00     0.00 -1 -3.64e-08      0.00 4.992e-01 4.977e-01 9.163e-05 1.775e-03 1.882e-04 -1.000 3.133e-03 -12.733 -8.380 -8.268 -8.303 -8.280 -8.381 -8.421 -8.591 -9.828 -10.528 -11.417 -8.283 -8.381 -8.792 -9.558
0.003 -0.70993 5.00000 350.0121459961 2.6336188316  292.730  7.002  4.3405  2.216    0  0.000  1.476     0.00     0.00 -1  -3.7e-08      0.00 4.868e-01 5.101e-01 9.183e-05 1.774e-03 1.886e-04 -1.000 3.119e-03 -12.736 -8.383 -8.271 -8.306 -8.283 -8.384 -8.424 -8.594 -9.831 -10.531 -11.420 -8.286 -8.384 -8.795 -9.561
0.003 -0.70993 5.00000 350.0121765137 2.6336188316  291.047  7.004  4.3436  2.225    0  0.000  1.483     0.00     0.00 -1 -4.58e-08      0.00 4.761e-01 5.208e-01 9.209e-05 1.774e-03 1.890e-04 -1.000 3.093e-03 -12.739 -8.386 -8.274 -8.309 -8.286 -8.387 -8.427 -8.598 -9.835 -10.534 -11.423 -8.289 -8.387 -8.798 -9.564
0.003 -0.70993 5.00000 350.0122070312 2.6336188316  289.293  7.005  4.3397  2.205    0  0.000  1.489     0.00     0.00 -1 -8.83e-08      0.00 4.670e-01 5.299e-01 9.230e-05 1.774e-03 1.893e-04 -1.000 3.127e-03 -12.742 -8.389 -8.277 -8.312 -8.289 -8.390 -8.430 -8.601 -9.838 -10.537 -11.426 -8.292 -8.390 -8.801 -9.567
0.003 -0.70993 5.00000 350.0122375488 2.6336188316  288.000  7.006  4.3395  2.201    0  0.000  1.496     0.00     0.00 -1    -1e-07      0.00 4.585e-01 5.384e-01 9.250e-05 1.773e-03 1.897e-04 -1.000 3.119e-03 -12.745 -8.392 -8.280 -8.315 -8.292 -8.393 -8.433 -8.604 -9.841 -10.540 -11.429 -8.295 -8.393 -8.804 -9.570
0.003 -0.70993 5.00000 350.0122680664 2.6336188316  287.531  7.007  4.3394  2.199    0  0.000  1.498     0.00     0.00 -1  -9.9e-08      0.00 4.551e-01 5.418e-01 9.258e-05 1.773e-03 1.898e-04 -1.000 3.119e-03 -12.747 -8.394 -8.281 -8.317 -8.294 -8.395 -8.434 -8.605 -9.842 -10.542 -11.431 -8.297 -8.395 -8.806 -9.572
0.003 -0.70993 5.00000 350.0122985840 2.6336188316  284.449  7.009  4.3444  2.213    0  0.000  1.512     0.00     0.00 -1 -1.01e-07      0.00 4.376e-01 5.593e-01 9.295e-05 1.772e-03 1.904e-04 -1.000 3.082e-03 -12.752 -8.399 -8.287 -8.322 -8.299 -8.400 -8.440 -8.610 -9.847 -10.547 -11.436 -8.302 -8.400 -8.811 -9.577
0.003 -0.70993 5.00000 350.0123291016 2.6336188316  282.559  7.010  4.3483  2.224    0  0.000  1.521     0.00     0.00 -1    -1e-07      0.00 4.253e-01 5.715e-01 9.320e-05 1.771e-03 1.908e-04 -1.000 3.143e-03 -12.756 -8.403 -8.291 -8.326 -8.303 -8.404 -8.444 -8.614 -9.851 -10.551 -11.440 -8.306 -8.404 -8.815 -9.581
0.003 -0.70993 5.00000 350.0123596191 2.6336188316  281.250  7.012  4.3449  2.207    0  0.000  1.528     0.00     0.00 -1 -1.01e-07      0.00 4.173e-01 5.795e-01 9.341e-05 1.771e-03 1.911e-04 -1.000 3.161e-03 -12.759 -8.406 -8.294 -8.329 -8.306 -8.407 -8.447 -8.618 -9.855 -10.554 -11.443 -8.309 -8.407 -8.818 -9.584
0.003 -0.70993 5.00000 350.0123901367 2.6336188316  279.984  7.013  4.3435  2.198    0  0.000  1.535     0.00     0.00 -1 -6.57e-08      0.00 4.092e-01 5.877e-01 9.361e-05 1.770e-03 1.914e-04 -1.000 3.119e-03 -12.763 -8.410 -8.297 -8.333 -8.310 -8.411 -8.450 -8.621 -9.858 -10.558 -11.447 -8.313 -8.411 -8.822 -9.588
0.003 -0.70993 5.00000 350.0124206543 2.6336188316  277.895  7.015  4.3506  2.221    0  0.000  1.546     0.00     0.00 -1 -4.88e-08      0.00 3.966e-01 6.003e-01 9.389e-05 1.770e-03 1.918e-04 -1.000 3.119e-03 -12.767 -8.414 -8.302 -8.337 -8.314 -8.415 -8.455 -8.625 -9.862 -10.562 -11.451 -8.317 -8.415 -8.826 -9.592
0.003 -0.70993 5.00000 350.0124511719 2.6336188316  276.316  7.016  4.3452  2.196    0  0.000  1.553     0.00     0.00 -1 -3.53e-08      0.00 3.880e-01 6.089e-01 9.411e-05 1.770e-03 1.922e-04 -1.000 3.132e-03 -12.771 -8.418 -8.306 -8.341 -8.318 -8.419 -8.459 -8.629 -9.866 -10.566 -11.455 -8.321 -8.419 -8.830 -9.596
0.003 -0.70993 5.00000 350.0124816895 2.6336188316  274.707  7.018  4.3603  2.252    0  0.000  1.564     0.00     0.00 -1 -3.63e-08      0.00 3.771e-01 6.198e-01 9.431e-05 1.769e-03 1.925e-04 -1.000 3.119e-03 -12.775 -8.422 -8.310 -8.345 -8.322 -8.423 -8.463 -8.633 -9.870 -10.570 -11.459 -8.325 -8.423 -8.834 -9.600
0.003 -0.70993 5.00000 350.0125122070 2.6336188316  272.617  7.020  4.3678  2.277    0  0.000  1.575     0.00     0.00 -1 -8.87e-08      0.00 3.658e-01 6.310e-01 9.460e-05 1.769e-03 1.929e-04 -1.000 3.119e-03 -12.780 -8.427 -8.315 -8.350 -8.327 -8.428 -8.468 -8.638 -9.875 -10.575 -11.464 -8.330 -8.428 -8.839 -9.605
0.003 -0.70993 5.00000 350.0125427246 2.6336188316  269.730  7.023  4.4047  2.417    0  0.000  1.595     0.00     0.00 -1 -1.44e-07      0.00 3.478e-01 6.490e-01 9.487e-05 1.768e-03 1.931e-04 -1.000 3.167e-03 -12.786 -8.433 -8.321 -8.356 -8.333 -8.434 -8.474 -8.645 -9.882 -10.581 -11.470 -8.336 -8.434 -8.845 -9.611
0.003 -0.70993 5.00000 350.0125732422 2.6336188316  262.793  7.045  4.4737  2.659    0  0.000  1.641     0.00     0.00 -1 -1.02e-07      0.00 3.119e-01 6.849e-01 9.548e-05 1.768e-03 1.932e-04 -1.000 3.168e-03 -12.843 -8.490 -8.378 -8.413 -8.390 -8.491 -8.531 -8.702 -9.939 -10.638 -11.527 -8.393 -8.491 -8.902 -9.668
0.003 -0.70993 5.00000 350.0126037598 2.6336188316  251.629  7.058  4.3897  2.291    0  0.000  1.454     0.00     0.00 -1 -2.95e-07      0.00 2.252e-01 7.716e-01 9.063e-05 1.777e-03 1.925e-04 -1.000 3.137e-03 -12.876 -8.523 -8.411 -8.446 -8.423 -8.524 -8.564 -8.734 -9.971 -10.671 -11.560 -8.426 -8.524 -8.935 -9.701
0.003 -0.70993 5.00000 350.0126342773 2.6336188316  236.426  7.053  4.7956  3.894    0  0.000  1.836     0.00     0.00 -1 -3.04e-07      0.00 1.514e-01 8.454e-01 9.515e-05 1.773e-03 1.909e-04 -1.000 3.128e-03 -12.861 -7.205 -7.087 -7.093 -7.093 -7.204 -7.245 -7.435 -8.795 -9.611 -10.576 -7.100 -7.205 -7.655 -8.525
0.003 -0.70993 5.00000 350.0126647949 2.6336188316  228.693  7.041  4.9117  4.355    0  0.000  6.963     0.00     0.00 -1 -2.39e-07      0.00 1.290e-01 7.479e-01 1.073e-01 4.809e-04 1.208e-02 10.803 1.231e-01 -12.833 -6.312 -6.186 -6.135 -6.171 -6.257 -6.326 -6.500 -7.894 -8.841 -9.829 -6.171 -6.260 -6.721 -7.621
0.003 -0.70993 5.00000 350.0126953125 2.6336188316  218.533  7.029  4.9660  4.564    0  0.000  5.113     0.00     0.00 -1 -2.16e-07      0.00 9.815e-02 7.377e-01 1.372e-01 4.796e-04 2.327e-02 11.007 1.642e-01 -12.803 -5.846 -5.714 -5.652 -5.670 -5.731 -5.792 -5.914 -7.189 -8.103 -9.100 -5.668 -5.734 -6.072 -6.917
0.003 -0.70993 5.00000 350.0127258301 2.6336188316  212.730  7.017  4.9660  4.565    0  0.000  5.589     0.00     0.00 -1 -1.42e-07      0.00 9.455e-02 5.726e-01 2.690e-01 1.958e-05 5.980e-02 11.296 3.329e-01 -12.773 -5.816 -5.683 -5.621 -5.639 -5.700 -5.761 -5.884 -7.159 -8.072 -9.069 -5.637 -5.703 -6.042 -6.886
0.003 -0.70993 5.00000 350.0128173828 2.6336188316  201.188  6.996  4.9577  4.529    0  0.000  3.140     0.00     0.00 -1 -1.19e-07      0.00 9.511e-02 4.479e-01 3.249e-01 1.970e-05 1.279e-01 11.302 4.570e-01 -12.719 -5.824 -5.692 -5.630 -5.649 -5.711 -5.772 -5.896 -7.176 -8.093 -9.092 -5.647 -5.714 -6.057 -6.904
0.003 -0.70993 5.00000 350.0128784180 2.6336188316  188.309  6.969  4.9525  4.506    0  0.000  1.456     0.00     0.00 -1 -1.56e-07      0.00 9.564e-02 2.864e-01 3.287e-01 1.980e-05 2.847e-01 11.002 6.180e-01 -12.652 -5.797 -5.665 -5.603 -5.622 -5.685 -5.746 -5.871 -7.155 -8.073 -9.074 -5.621 -5.687 -6.033 -6.882
0.003 -0.70993 5.00000 350.0129394531 2.6336188316  174.621  6.937  4.9541  4.511    0  0.000  0.781     0.00     0.00 -1  -1.8e-07      0.00 9.604e-02 1.856e-01 2.670e-01 1.989e-05 4.457e-01 -1.000 7.183e-01 -12.573 -5.705 -5.573 -5.512 -5.530 -5.593 -5.654 -5.779 -7.061 -7.979 -8.979 -5.529 -5.596 -5.940 -6.789
0.003 -0.70993 5.00000 350.0129699707 2.6336188316  164.064  6.911  4.9596  4.532    0  0.000  0.485     0.00     0.00 -1 -1.88e-07      0.00 9.631e-02 1.290e-01 2.005e-01 1.994e-05 5.661e-01 -1.000 7.747e-01 -12.507 -5.598 -5.466 -5.404 -5.422 -5.484 -5.545 -5.669 -6.948 -7.864 -8.863 -5.421 -5.487 -5.829 -6.676
0.003 -0.70993 5.00000 350.0130004883 2.6336188316  155.424  6.888  4.9666  4.560    0  0.000  0.319     0.00     0.00 -1 -1.93e-07      0.00 9.652e-02 9.191e-02 1.402e-01 1.999e-05 6.560e-01 -1.000 8.116e-01 -12.450 -5.488 -5.355 -5.293 -5.311 -5.372 -5.433 -5.555 -6.830 -7.743 -8.740 -5.309 -5.375 -5.713 -6.558
0.003 -0.70993 5.00000 350.0130310059 2.6336188316  143.180  6.906  4.3617  2.086    0  0.000  0.181     0.00     0.00 -1 -3.62e-07      0.00 9.678e-02 4.913e-02 6.809e-02 2.004e-05 7.203e-01 -1.000 8.541e-01 -12.496 -7.998 -7.888 -7.985 -7.926 -8.039 -8.087 -8.268 -9.491 -10.171 -11.092 -7.928 -8.039 -8.468 -9.221
#isochrone terminated
