# File generated by CMD 3.3 (http://stev.oapd.inaf.it/cmd) on Wed Apr 22 16:18:45 CEST 2020
# isochrones based on PARSEC release v1.2S +  COLIBRI S_35
# Basic references: Bressan et al. (2012), MNRAS, 427, 127 + Chen et al. (2014, 2015), MNRAS, 444, 2525 + MNRAS, 452, 1068 + Tang et al. (2014), MNRAS, 445, 4287 + Marigo et al. (2017), ApJ, 835, 77 + Pastorelli al. (2019), MNRAS in press
# Thermal pulse cycles included 
# On RGB, assumed Reimers mass loss with efficiency eta=0.2
# Photometric system:  2MASS + Spitzer (IRAC+MIPS) + WISE
# Using YBC version of bolometric corrections as in Chen et al. (2019)
# O-rich circumstellar dpmod60alox40 dust from Groenewegen (2006)
# C-rich circumstellar AMCSIC15 dust from Groenewegen (2006)
# IMF: Kroupa (2001, 2002) + Kroupa et al. (2013) canonical two-part-power law IMF corrected for unresolved binaries 
# Kind of output: isochrone tables
# Zini     MH   logAge Mini        int_IMF         Mass   logL    logTe  logg  label   McoreTP C_O  period0 period1 pmode  Mloss  tau1m   X   Y   Xc  Xn  Xo  Cexcess  Z 	 mbolmag  Jmag    Hmag    Ksmag   IRAC_3.6mag  IRAC_4.5mag  IRAC_5.8mag  IRAC_8.0mag  MIPS_24mag  MIPS_70mag  MIPS_160mag  W1mag   W2mag   W3mag   W4mag
0.02 0.14251 6.00000 0.0900000036 1.0816895962    0.090 -1.336  3.4330  3.412    0  0.000  0.545     0.00     0.00 -1 -3.85e-14      0.00 6.960e-01 2.840e-01 3.596e-03 9.702e-04 8.799e-03 -1.000 2.000e-02 8.109 6.026 5.482 5.133 4.688 4.535 4.477 4.391 3.752 3.715 3.763 4.825 4.539 4.340 3.942
0.02 0.14251 6.00000 0.1000000015 1.1711064577    0.100 -1.247  3.4398  3.396    0  0.000  0.545     0.00     0.00 -1 -4.56e-14      0.00 6.960e-01 2.840e-01 3.596e-03 9.702e-04 8.799e-03 -1.000 2.000e-02 7.887 5.810 5.262 4.926 4.498 4.348 4.293 4.212 3.578 3.544 3.598 4.632 4.352 4.164 3.768
0.02 0.14251 6.00000 0.1031653136 1.1970162392    0.103 -1.219  3.4419  3.390    0  0.000  0.545     0.00     0.00 -1 -4.82e-14      0.00 6.960e-01 2.840e-01 3.596e-03 9.702e-04 8.799e-03 -1.000 2.000e-02 7.817 5.742 5.192 4.860 4.438 4.289 4.235 4.155 3.524 3.490 3.546 4.571 4.293 4.109 3.713
0.02 0.14251 6.00000 0.1200000048 1.3193155527    0.120 -1.078  3.4523  3.356    0  0.000  0.545     0.00     0.00 -1 -6.43e-14      0.00 6.960e-01 2.840e-01 3.596e-03 9.702e-04 8.799e-03 -1.000 2.000e-02 7.465 5.402 4.837 4.528 4.135 3.991 3.942 3.870 3.247 3.219 3.285 4.265 3.996 3.829 3.437
0.02 0.14251 6.00000 0.1400000006 1.4384527206    0.140 -0.945  3.4623  3.330    0  0.000  0.545     0.00     0.00 -1 -8.33e-14      0.00 6.960e-01 2.840e-01 3.596e-03 9.702e-04 8.799e-03 -1.000 2.000e-02 7.132 5.084 4.495 4.210 3.850 3.713 3.669 3.604 2.991 2.970 3.044 3.977 3.719 3.570 3.181
0.02 0.14251 6.00000 0.1524243802 1.5018465519    0.152 -0.872  3.4680  3.317    0  0.000  0.545     0.00     0.00 -1 -9.57e-14      0.00 6.960e-01 2.840e-01 3.596e-03 9.702e-04 8.799e-03 -1.000 2.000e-02 6.951 4.912 4.304 4.033 3.695 3.564 3.524 3.462 2.855 2.838 2.916 3.821 3.570 3.432 3.045
0.02 0.14251 6.00000 0.1614644378 1.5438940525    0.161 -0.828  3.4716  3.313    0  0.000  0.545     0.00     0.00 -1 -1.03e-13      0.00 6.960e-01 2.840e-01 3.596e-03 9.702e-04 8.799e-03 -1.000 2.000e-02 6.841 4.809 4.189 3.925 3.601 3.475 3.436 3.376 2.774 2.759 2.840 3.726 3.481 3.348 2.964
0.02 0.14251 6.00000 0.1669242382 1.5678344965    0.167 -0.821  3.4731  3.326    0  0.000  0.545     0.00     0.00 -1 -1.02e-13      0.00 6.960e-01 2.840e-01 3.596e-03 9.702e-04 8.799e-03 -1.000 2.000e-02 6.822 4.793 4.169 3.908 3.589 3.464 3.425 3.367 2.766 2.753 2.835 3.713 3.470 3.340 2.956
0.02 0.14251 6.00000 0.1713812500 1.5866353512    0.171 -0.806  3.4749  3.330    0  0.000  0.545     0.00     0.00 -1 -1.04e-13      0.00 6.960e-01 2.840e-01 3.596e-03 9.702e-04 8.799e-03 -1.000 2.000e-02 6.786 4.761 4.132 3.873 3.561 3.437 3.399 3.342 2.743 2.732 2.815 3.684 3.444 3.316 2.933
0.02 0.14251 6.00000 0.1765743494 1.6077553034    0.177 -0.781  3.4773  3.327    0  0.000  0.545     0.00     0.00 -1 -1.08e-13      0.00 6.960e-01 2.840e-01 3.596e-03 9.702e-04 8.799e-03 -1.000 2.000e-02 6.723 4.703 4.065 3.812 3.509 3.388 3.352 3.296 2.700 2.690 2.776 3.632 3.395 3.272 2.889
0.02 0.14251 6.00000 0.1840992719 1.6369662285    0.184 -0.738  3.4811  3.318    0  0.000  0.545     0.00     0.00 -1 -1.19e-13      0.00 6.960e-01 2.840e-01 3.596e-03 9.702e-04 8.799e-03 -1.000 2.000e-02 6.615 4.603 3.950 3.705 3.417 3.301 3.265 3.211 2.619 2.614 2.703 3.538 3.308 3.190 2.809
0.02 0.14251 6.00000 0.1981275231 1.6874878407    0.198 -0.655  3.4880  3.293    0  0.000  0.545     0.00     0.00 -1 -1.43e-13      0.00 6.960e-01 2.840e-01 3.596e-03 9.702e-04 8.799e-03 -1.000 2.000e-02 6.406 4.410 3.728 3.494 3.234 3.127 3.092 3.039 2.456 2.461 2.557 3.350 3.134 3.025 2.646
0.02 0.14251 6.00000 0.2032556087 1.7048083544    0.203 -0.646  3.4893  3.302    0  0.000  0.545     0.00     0.00 -1 -1.42e-13      0.00 6.960e-01 2.840e-01 3.596e-03 9.702e-04 8.799e-03 -1.000 2.000e-02 6.385 4.393 3.708 3.475 3.218 3.113 3.078 3.025 2.444 2.451 2.549 3.334 3.120 3.012 2.634
0.02 0.14251 6.00000 0.2126400620 1.7350802422    0.213 -0.648  3.4912  3.331    0  0.000  0.545     0.00     0.00 -1 -1.34e-13      0.00 6.960e-01 2.840e-01 3.596e-03 9.702e-04 8.799e-03 -1.000 2.000e-02 6.391 4.404 3.717 3.485 3.231 3.127 3.092 3.040 2.461 2.471 2.571 3.345 3.134 3.028 2.651
0.02 0.14251 6.00000 0.2219859809 1.7635490894    0.222 -0.637  3.4940  3.350    0  0.000  0.545     0.00     0.00 -1 -1.31e-13      0.00 6.960e-01 2.840e-01 3.596e-03 9.702e-04 8.799e-03 -1.000 2.000e-02 6.363 4.384 3.691 3.461 3.214 3.114 3.080 3.028 2.453 2.466 2.568 3.326 3.121 3.019 2.643
0.02 0.14251 6.00000 0.2312120199 1.7901642323    0.231 -0.614  3.4974  3.358    0  0.000  0.545     0.00     0.00 -1 -1.35e-13      0.00 6.960e-01 2.840e-01 3.596e-03 9.702e-04 8.799e-03 -1.000 2.000e-02 6.305 4.335 3.632 3.405 3.169 3.075 3.041 2.991 2.421 2.437 2.542 3.278 3.082 2.984 2.611
0.02 0.14251 6.00000 0.2403172851 1.8151108027    0.240 -0.578  3.5015  3.354    0  0.000  0.545     0.00     0.00 -1 -1.44e-13      0.00 6.960e-01 2.840e-01 3.596e-03 9.702e-04 8.799e-03 -1.000 2.000e-02 6.214 4.254 3.536 3.314 3.092 3.006 2.974 2.925 2.361 2.382 2.489 3.199 3.014 2.921 2.551
0.02 0.14251 6.00000 0.2478764355 1.8349057436    0.248 -0.538  3.5053  3.343    0  0.000  0.545     0.00     0.00 -1 -1.58e-13      0.00 6.960e-01 2.840e-01 3.596e-03 9.702e-04 8.799e-03 -1.000 2.000e-02 6.114 4.165 3.430 3.213 3.006 2.928 2.897 2.849 2.290 2.317 2.426 3.110 2.936 2.848 2.480
0.02 0.14251 6.00000 0.2552109063 1.8533761501    0.255 -0.517  3.5078  3.346    0  0.000  0.545     0.00     0.00 -1 -1.62e-13      0.00 6.960e-01 2.840e-01 3.596e-03 9.702e-04 8.799e-03 -1.000 2.000e-02 6.064 4.122 3.379 3.163 2.964 2.892 2.860 2.814 2.258 2.288 2.399 3.067 2.900 2.814 2.448
0.02 0.14251 6.00000 0.2707603276 1.8903464079    0.271 -0.506  3.5112  3.373    0  0.000  0.545     0.00     0.00 -1 -1.57e-13      0.00 6.960e-01 2.840e-01 3.596e-03 9.702e-04 8.799e-03 -1.000 2.000e-02 6.035 4.103 3.355 3.141 2.949 2.882 2.850 2.804 2.254 2.288 2.402 3.048 2.890 2.807 2.443
0.02 0.14251 6.00000 0.2864114344 1.9248709679    0.286 -0.497  3.5148  3.403    0  0.000  0.545     0.00     0.00 -1  -1.5e-13      0.00 6.960e-01 2.840e-01 3.596e-03 9.702e-04 8.799e-03 -1.000 2.000e-02 6.012 4.092 3.338 3.126 2.940 2.880 2.847 2.801 2.256 2.297 2.412 3.036 2.888 2.807 2.446
0.02 0.14251 6.00000 0.3087045550 1.9700244665    0.309 -0.465  3.5211  3.429    0  0.000  0.545     0.00     0.00 -1 -1.51e-13      0.00 6.960e-01 2.840e-01 3.596e-03 9.702e-04 8.799e-03 -1.000 2.000e-02 5.933 4.032 3.264 3.056 2.885 2.836 2.803 2.757 2.222 2.272 2.392 2.975 2.844 2.768 2.412
0.02 0.14251 6.00000 0.3328746259 2.0144219398    0.333 -0.432  3.5272  3.453    0  0.000  0.545     0.00     0.00 -1 -1.53e-13      0.00 6.960e-01 2.840e-01 3.596e-03 9.702e-04 8.799e-03 -1.000 2.000e-02 5.851 3.969 3.189 2.984 2.826 2.790 2.756 2.709 2.185 2.242 2.365 2.909 2.798 2.725 2.374
0.02 0.14251 6.00000 0.3593549728 2.0584890842    0.359 -0.401  3.5337  3.481    0  0.000  0.545     0.00     0.00 -1 -1.53e-13      0.00 6.960e-01 2.840e-01 3.596e-03 9.702e-04 8.799e-03 -1.000 2.000e-02 5.772 3.909 3.119 2.919 2.773 2.749 2.715 2.668 2.154 2.219 2.344 2.849 2.757 2.687 2.343
0.02 0.14251 6.00000 0.3925658464 2.1081342697    0.392 -0.353  3.5420  3.505    0  0.000  0.545     0.00     0.00 -1 -1.59e-13      0.00 6.960e-01 2.840e-01 3.596e-03 9.702e-04 8.799e-03 -1.000 2.000e-02 5.653 3.813 3.012 2.818 2.687 2.680 2.645 2.597 2.097 2.172 2.299 2.756 2.688 2.622 2.286
0.02 0.14251 6.00000 0.4000000358 2.1185026169    0.400 -0.344  3.5437  3.511    0  0.000  0.545     0.00     0.00 -1  -1.6e-13      0.00 6.960e-01 2.840e-01 3.596e-03 9.702e-04 8.799e-03 -1.000 2.000e-02 5.630 3.795 2.993 2.800 2.671 2.668 2.632 2.583 2.086 2.163 2.290 2.738 2.676 2.610 2.275
0.02 0.14251 6.00000 0.4237251282 2.1499850750    0.424 -0.309  3.5498  3.525    0  0.000  0.545     0.00     0.00 -1 -1.65e-13      0.00 6.960e-01 2.840e-01 3.596e-03 9.702e-04 8.799e-03 -1.000 2.000e-02 5.543 3.725 2.917 2.728 2.609 2.616 2.580 2.530 2.042 2.126 2.255 2.669 2.625 2.560 2.231
0.02 0.14251 6.00000 0.4621567726 2.1964051723    0.462 -0.254  3.5592  3.546    0  0.000  0.545     0.00     0.00 -1 -1.75e-13      0.00 6.960e-01 2.840e-01 3.596e-03 9.702e-04 8.799e-03 -1.000 2.000e-02 5.406 3.615 2.806 2.624 2.515 2.537 2.500 2.445 1.972 2.066 2.196 2.566 2.545 2.481 2.161
0.02 0.14251 6.00000 0.4879982173 2.2248854637    0.488 -0.218  3.5654  3.558    0  0.000  0.545     0.00     0.00 -1 -1.83e-13      0.00 6.960e-01 2.840e-01 3.596e-03 9.702e-04 8.799e-03 -1.000 2.000e-02 5.314 3.541 2.735 2.557 2.454 2.485 2.447 2.389 1.925 2.026 2.155 2.499 2.493 2.429 2.114
0.02 0.14251 6.00000 0.5000000000 2.2374541759    0.500 -0.203  3.5681  3.564    0  0.000  0.545     0.00     0.00 -1 -1.86e-13      0.00 6.960e-01 2.840e-01 3.596e-03 9.702e-04 8.799e-03 -1.000 2.000e-02 5.277 3.511 2.706 2.530 2.430 2.465 2.426 2.367 1.906 2.010 2.139 2.472 2.473 2.408 2.096
0.02 0.14251 6.00000 0.5026745200 2.2401945591    0.503 -0.199  3.5686  3.565    0  0.000  0.545     0.00     0.00 -1 -1.87e-13      0.00 6.960e-01 2.840e-01 3.596e-03 9.702e-04 8.799e-03 -1.000 2.000e-02 5.269 3.504 2.700 2.524 2.425 2.460 2.421 2.362 1.902 2.007 2.135 2.466 2.468 2.404 2.091
0.02 0.14251 6.00000 0.5175974965 2.2548878193    0.517 -0.179  3.5719  3.570    0  0.000  0.545     0.00     0.00 -1 -1.92e-13      0.00 6.960e-01 2.840e-01 3.596e-03 9.702e-04 8.799e-03 -1.000 2.000e-02 5.217 3.462 2.660 2.487 2.391 2.430 2.391 2.330 1.875 1.982 2.110 2.429 2.438 2.374 2.064
0.02 0.14251 6.00000 0.5332933068 2.2693264484    0.533 -0.158  3.5754  3.576    0  0.000  0.545     0.00     0.00 -1 -1.97e-13      0.00 6.960e-01 2.840e-01 3.596e-03 9.702e-04 8.799e-03 -1.000 2.000e-02 5.165 3.420 2.623 2.452 2.358 2.401 2.362 2.300 1.849 1.960 2.088 2.394 2.409 2.345 2.038
0.02 0.14251 6.00000 0.5497626662 2.2834618092    0.549 -0.137  3.5793  3.584    0  0.000  0.545     0.00     0.00 -1 -2.02e-13      0.00 6.960e-01 2.840e-01 3.596e-03 9.702e-04 8.799e-03 -1.000 2.000e-02 5.112 3.378 2.585 2.417 2.326 2.374 2.334 2.270 1.824 1.939 2.067 2.358 2.381 2.318 2.013
0.02 0.14251 6.00000 0.5500000119 2.2836582661    0.550 -0.136  3.5793  3.584    0  0.000  0.545     0.00     0.00 -1 -2.02e-13      0.00 6.960e-01 2.840e-01 3.596e-03 9.702e-04 8.799e-03 -1.000 2.000e-02 5.111 3.377 2.584 2.417 2.326 2.373 2.334 2.270 1.824 1.938 2.066 2.358 2.381 2.317 2.013
0.02 0.14251 6.00000 0.5689064264 2.2987153530    0.569 -0.111  3.5833  3.590    0  0.000  0.545     0.00     0.00 -1 -2.09e-13      0.00 6.960e-01 2.840e-01 3.596e-03 9.702e-04 8.799e-03 -1.000 2.000e-02 5.049 3.326 2.537 2.374 2.286 2.337 2.298 2.233 1.791 1.908 2.035 2.316 2.345 2.282 1.980
0.02 0.14251 6.00000 0.5890488625 2.3135399818    0.589 -0.086  3.5877  3.597    0  0.000  0.545     0.00     0.00 -1 -2.16e-13      0.00 6.960e-01 2.840e-01 3.596e-03 9.702e-04 8.799e-03 -1.000 2.000e-02 4.984 3.273 2.489 2.330 2.247 2.302 2.263 2.197 1.760 1.879 2.005 2.274 2.310 2.248 1.949
0.02 0.14251 6.00000 0.6000000238 2.3211214542    0.600 -0.072  3.5902  3.601    0  0.000  0.545     0.00     0.00 -1  -2.2e-13      0.00 6.960e-01 2.840e-01 3.596e-03 9.702e-04 8.799e-03 -1.000 2.000e-02 4.950 3.246 2.464 2.308 2.227 2.284 2.245 2.178 1.744 1.865 1.990 2.252 2.292 2.230 1.933
0.02 0.14251 6.00000 0.6055800319 2.3248634338    0.605 -0.066  3.5912  3.602    0  0.000  0.545     0.00     0.00 -1 -2.22e-13      0.00 6.960e-01 2.840e-01 3.596e-03 9.702e-04 8.799e-03 -1.000 2.000e-02 4.934 3.233 2.453 2.297 2.218 2.275 2.237 2.169 1.736 1.858 1.982 2.242 2.283 2.222 1.925
0.02 0.14251 6.00000 0.6302814484 2.3405168056    0.630 -0.035  3.5960  3.609    0  0.000  0.545     0.00     0.00 -1 -2.31e-13      0.00 6.960e-01 2.840e-01 3.596e-03 9.702e-04 8.799e-03 -1.000 2.000e-02 4.858 3.171 2.399 2.248 2.173 2.233 2.195 2.127 1.697 1.822 1.946 2.194 2.240 2.180 1.886
0.02 0.14251 6.00000 0.6499999762 2.3520355225    0.650 -0.012  3.6001  3.615    0  0.000  0.545     0.00     0.00 -1 -2.39e-13      0.00 6.960e-01 2.840e-01 3.596e-03 9.702e-04 8.799e-03 -1.000 2.000e-02 4.800 3.124 2.360 2.212 2.140 2.202 2.165 2.096 1.670 1.797 1.921 2.158 2.210 2.151 1.859
0.02 0.14251 6.00000 0.6500022411 2.3520367146    0.650 -0.012  3.6001  3.615    0  0.000  0.545     0.00     0.00 -1 -2.39e-13      0.00 6.960e-01 2.840e-01 3.596e-03 9.702e-04 8.799e-03 -1.000 2.000e-02 4.800 3.124 2.360 2.212 2.140 2.202 2.165 2.096 1.670 1.797 1.921 2.158 2.210 2.151 1.859
0.02 0.14251 6.00000 0.6709224582 2.3634099960    0.671  0.013  3.6037  3.619    0  0.000  0.545     0.00     0.00 -1 -2.48e-13      0.00 6.960e-01 2.840e-01 3.596e-03 9.702e-04 8.799e-03 -1.000 2.000e-02 4.739 3.072 2.314 2.170 2.101 2.165 2.128 2.059 1.635 1.764 1.888 2.118 2.173 2.115 1.824
0.02 0.14251 6.00000 0.6927295327 2.3744282722    0.693  0.038  3.6078  3.624    0  0.000  0.545     0.00     0.00 -1 -2.57e-13      0.00 6.960e-01 2.840e-01 3.596e-03 9.702e-04 8.799e-03 -1.000 2.000e-02 4.676 3.020 2.268 2.129 2.064 2.130 2.094 2.024 1.603 1.733 1.857 2.079 2.137 2.081 1.792
0.02 0.14251 6.00000 0.7000000477 2.3779268265    0.700  0.045  3.6093  3.627    0  0.000  0.545     0.00     0.00 -1 -2.59e-13      0.00 6.960e-01 2.840e-01 3.596e-03 9.702e-04 8.799e-03 -1.000 2.000e-02 4.657 3.005 2.256 2.118 2.054 2.121 2.085 2.015 1.595 1.725 1.850 2.069 2.128 2.073 1.784
0.02 0.14251 6.00000 0.7500000000 2.3998889923    0.750  0.128  3.6299  3.657    0  0.000  0.538     0.00     0.00 -1 -2.93e-13      0.00 6.960e-01 2.840e-01 3.549e-03 9.690e-04 8.801e-03 -1.000 2.000e-02 4.450 2.854 2.157 2.036 1.984 2.053 2.021 1.954 1.542 1.678 1.804 1.992 2.060 2.014 1.730
0.02 0.14251 6.00000 0.7684953809 2.4071850777    0.768  0.144  3.6320  3.660    0  0.000  0.538     0.00     0.00 -1 -2.99e-13      0.00 6.960e-01 2.840e-01 3.549e-03 9.690e-04 8.801e-03 -1.000 2.000e-02 4.411 2.820 2.130 2.011 1.959 2.028 1.997 1.930 1.517 1.654 1.780 1.967 2.034 1.990 1.706
0.02 0.14251 6.00000 0.8000000119 2.4187245369    0.800  0.171  3.6355  3.664    0  0.000  0.538     0.00     0.00 -1  -3.1e-13      0.00 6.960e-01 2.840e-01 3.549e-03 9.690e-04 8.801e-03 -1.000 2.000e-02 4.343 2.762 2.083 1.966 1.916 1.983 1.953 1.887 1.475 1.613 1.739 1.923 1.990 1.947 1.664
0.02 0.14251 6.00000 0.8136671185 2.4234120846    0.813  0.182  3.6369  3.666    0  0.000  0.538     0.00     0.00 -1 -3.15e-13      0.00 6.960e-01 2.840e-01 3.549e-03 9.690e-04 8.801e-03 -1.000 2.000e-02 4.315 2.738 2.063 1.948 1.898 1.965 1.935 1.869 1.458 1.595 1.722 1.904 1.972 1.930 1.647
0.02 0.14251 6.00000 0.8500000238 2.4350347519    0.850  0.213  3.6407  3.669    0  0.000  0.538     0.00     0.00 -1  -3.3e-13      0.00 6.960e-01 2.840e-01 3.549e-03 9.690e-04 8.801e-03 -1.000 2.000e-02 4.238 2.671 2.008 1.895 1.846 1.912 1.884 1.819 1.407 1.546 1.673 1.852 1.919 1.879 1.596
0.02 0.14251 6.00000 0.8525435925 2.4358057976    0.852  0.215  3.6409  3.669    0  0.000  0.538     0.00     0.00 -1 -3.31e-13      0.00 6.960e-01 2.840e-01 3.549e-03 9.690e-04 8.801e-03 -1.000 2.000e-02 4.233 2.667 2.005 1.892 1.843 1.909 1.881 1.816 1.405 1.543 1.670 1.849 1.916 1.876 1.593
0.02 0.14251 6.00000 0.8999999762 2.4492788315    0.899  0.252  3.6454  3.673    0  0.000  0.538     0.00     0.00 -1  -3.5e-13      0.00 6.960e-01 2.840e-01 3.549e-03 9.690e-04 8.801e-03 -1.000 2.000e-02 4.139 2.585 1.938 1.828 1.780 1.845 1.818 1.755 1.343 1.482 1.609 1.786 1.852 1.815 1.532
0.02 0.14251 6.00000 0.9499999881 2.4618122578    0.950  0.290  3.6498  3.676    0  0.000  0.538     0.00     0.00 -1  -3.7e-13      0.00 6.960e-01 2.840e-01 3.549e-03 9.690e-04 8.801e-03 -1.000 2.000e-02 4.044 2.502 1.870 1.763 1.717 1.780 1.754 1.692 1.280 1.419 1.547 1.722 1.786 1.753 1.469
0.02 0.14251 6.00000 0.9660434127 2.4655191898    0.966  0.302  3.6511  3.678    0  0.000  0.538     0.00     0.00 -1 -3.76e-13      0.00 6.960e-01 2.840e-01 3.549e-03 9.690e-04 8.801e-03 -1.000 2.000e-02 4.016 2.477 1.849 1.744 1.697 1.760 1.734 1.673 1.261 1.400 1.528 1.702 1.767 1.734 1.450
0.02 0.14251 6.00000 1.0000000000 2.4729156494    1.000  0.328  3.6539  3.677    0  0.000  0.538     0.00     0.00 -1 -3.93e-13      0.00 6.960e-01 2.840e-01 3.549e-03 9.690e-04 8.801e-03 -1.000 2.000e-02 3.950 2.419 1.800 1.696 1.651 1.713 1.687 1.627 1.215 1.354 1.482 1.655 1.719 1.687 1.404
0.02 0.14251 6.00000 1.0203754902 2.4770829678    1.020  0.341  3.6554  3.679    0  0.000  0.538     0.00     0.00 -1 -3.88e-13      0.00 6.960e-01 2.840e-01 3.549e-03 9.690e-04 8.801e-03 -1.000 2.000e-02 3.917 2.390 1.777 1.674 1.629 1.690 1.665 1.606 1.194 1.332 1.460 1.634 1.696 1.666 1.382
0.02 0.14251 6.00000 1.0499999523 2.4828116894    1.050  0.360  3.6577  3.681    0  0.000  0.538     0.00     0.00 -1 -3.82e-13      0.00 6.960e-01 2.840e-01 3.549e-03 9.690e-04 8.801e-03 -1.000 2.000e-02 3.869 2.348 1.743 1.642 1.597 1.657 1.633 1.574 1.162 1.300 1.429 1.601 1.663 1.634 1.351
0.02 0.14251 6.00000 1.1000000238 2.4916803837    1.099  0.392  3.6612  3.684    0  0.000  0.538     0.00     0.00 -1  -3.7e-13      0.00 6.960e-01 2.840e-01 3.549e-03 9.690e-04 8.801e-03 -1.000 2.000e-02 3.789 2.279 1.685 1.586 1.542 1.601 1.577 1.520 1.108 1.246 1.375 1.546 1.607 1.580 1.296
0.02 0.14251 6.00000 1.1012103558 2.4918835163    1.101  0.393  3.6613  3.684    0  0.000  0.538     0.00     0.00 -1  -3.7e-13      0.00 6.960e-01 2.840e-01 3.549e-03 9.690e-04 8.801e-03 -1.000 2.000e-02 3.787 2.277 1.684 1.585 1.541 1.600 1.576 1.519 1.106 1.245 1.374 1.545 1.606 1.579 1.295
0.02 0.14251 6.00000 1.1499999762 2.4996678829    1.149  0.423  3.6645  3.685    0  0.000  0.538     0.00     0.00 -1 -3.55e-13      0.00 6.960e-01 2.840e-01 3.549e-03 9.690e-04 8.801e-03 -1.000 2.000e-02 3.712 2.211 1.629 1.532 1.488 1.546 1.523 1.467 1.054 1.193 1.322 1.492 1.552 1.527 1.243
0.02 0.14251 6.00000 1.2000000477 2.5068950653    1.200  0.453  3.6676  3.687    0  0.000  0.538     0.00     0.00 -1 -3.37e-13      0.00 6.960e-01 2.840e-01 3.549e-03 9.690e-04 8.801e-03 -1.000 2.000e-02 3.639 2.146 1.575 1.479 1.436 1.493 1.471 1.416 1.003 1.143 1.272 1.440 1.499 1.476 1.192
0.02 0.14251 6.00000 1.2453033924 2.5128703117    1.245  0.476  3.6702  3.690    0  0.000  0.538     0.00     0.00 -1 -3.17e-13      0.00 6.960e-01 2.840e-01 3.549e-03 9.690e-04 8.801e-03 -1.000 2.000e-02 3.580 2.096 1.533 1.439 1.397 1.453 1.431 1.377 0.964 1.104 1.233 1.401 1.458 1.437 1.153
0.02 0.14251 6.00000 1.2500000000 2.5134611130    1.250  0.479  3.6705  3.690    0  0.000  0.538     0.00     0.00 -1 -3.15e-13      0.00 6.960e-01 2.840e-01 3.549e-03 9.690e-04 8.801e-03 -1.000 2.000e-02 3.574 2.090 1.528 1.434 1.392 1.448 1.426 1.372 0.960 1.099 1.229 1.396 1.453 1.432 1.149
0.02 0.14251 6.00000 1.2999999523 2.5194499493    1.300  0.507  3.6732  3.690    0  0.000  0.538     0.00     0.00 -1 -2.93e-13      0.00 6.960e-01 2.840e-01 3.549e-03 9.690e-04 8.801e-03 -1.000 2.000e-02 3.502 2.027 1.474 1.382 1.340 1.395 1.374 1.320 0.908 1.047 1.177 1.343 1.400 1.380 1.097
0.02 0.14251 6.00000 1.3370689154 2.5235590935    1.337  0.525  3.6751  3.692    0  0.000  0.538     0.00     0.00 -1 -2.72e-13      0.00 6.960e-01 2.840e-01 3.549e-03 9.690e-04 8.801e-03 -1.000 2.000e-02 3.457 1.987 1.441 1.350 1.309 1.363 1.342 1.290 0.877 1.016 1.146 1.312 1.368 1.350 1.066
0.02 0.14251 6.00000 1.3500000238 2.5249314308    1.350  0.532  3.6758  3.691    0  0.000  0.538     0.00     0.00 -1 -2.66e-13      0.00 6.960e-01 2.840e-01 3.549e-03 9.690e-04 8.801e-03 -1.000 2.000e-02 3.440 1.972 1.427 1.337 1.296 1.349 1.329 1.277 0.864 1.003 1.134 1.299 1.355 1.337 1.053
0.02 0.14251 6.00000 1.3999999762 2.5299651623    1.400  0.557  3.6782  3.692    0  0.000  0.538     0.00     0.00 -1 -2.37e-13      0.00 6.960e-01 2.840e-01 3.549e-03 9.690e-04 8.801e-03 -1.000 2.000e-02 3.377 1.917 1.380 1.291 1.251 1.304 1.284 1.232 0.819 0.959 1.089 1.254 1.309 1.292 1.008
0.02 0.14251 6.00000 1.4305435419 2.5328416824    1.431  0.572  3.6797  3.693    0  0.000  0.538     0.00     0.00 -1 -2.17e-13      0.00 6.960e-01 2.840e-01 3.549e-03 9.690e-04 8.801e-03 -1.000 2.000e-02 3.341 1.885 1.353 1.265 1.224 1.277 1.257 1.206 0.793 0.932 1.063 1.228 1.282 1.266 0.982
0.02 0.14251 6.00000 1.4500000477 2.5346016884    1.450  0.582  3.6806  3.692    0  0.000  0.538     0.00     0.00 -1 -2.05e-13      0.00 6.960e-01 2.840e-01 3.549e-03 9.690e-04 8.801e-03 -1.000 2.000e-02 3.316 1.863 1.334 1.246 1.206 1.258 1.238 1.188 0.775 0.914 1.045 1.209 1.263 1.248 0.964
0.02 0.14251 6.00000 1.5000000000 2.5388846397    1.500  0.606  3.6828  3.691    0  0.000  0.538     0.00     0.00 -1 -1.71e-13      0.00 6.960e-01 2.840e-01 3.549e-03 9.690e-04 8.801e-03 -1.000 2.000e-02 3.256 1.809 1.287 1.201 1.161 1.213 1.194 1.144 0.731 0.871 1.002 1.165 1.218 1.204 0.920
0.02 0.14251 6.00000 1.5314933062 2.5414178371    1.532  0.618  3.6841  3.693    0  0.000  0.538     0.00     0.00 -1 -1.45e-13      0.00 6.960e-01 2.840e-01 3.549e-03 9.690e-04 8.801e-03 -1.000 2.000e-02 3.224 1.782 1.264 1.179 1.139 1.190 1.172 1.122 0.710 0.850 0.980 1.142 1.195 1.182 0.898
0.02 0.14251 6.00000 1.5499999523 2.5428512096    1.550  0.627  3.6849  3.693    0  0.000  0.538     0.00     0.00 -1 -1.32e-13      0.00 6.960e-01 2.840e-01 3.549e-03 9.690e-04 8.801e-03 -1.000 2.000e-02 3.203 1.764 1.248 1.163 1.124 1.175 1.156 1.107 0.694 0.835 0.965 1.127 1.180 1.167 0.883
0.02 0.14251 6.00000 1.6000000238 2.5465342999    1.600  0.649  3.6869  3.692    0  0.000  0.538     0.00     0.00 -1 -9.14e-14      0.00 6.960e-01 2.840e-01 3.549e-03 9.690e-04 8.801e-03 -1.000 2.000e-02 3.147 1.713 1.204 1.120 1.081 1.132 1.114 1.065 0.653 0.793 0.924 1.085 1.137 1.125 0.842
0.02 0.14251 6.00000 1.6499999762 2.5499615669    1.649  0.670  3.6888  3.692    0  0.000  0.538     0.00     0.00 -1 -4.73e-14      0.00 6.960e-01 2.840e-01 3.549e-03 9.690e-04 8.801e-03 -1.000 2.000e-02 3.094 1.667 1.164 1.080 1.042 1.092 1.074 1.026 0.614 0.755 0.886 1.045 1.097 1.086 0.803
0.02 0.14251 6.00000 1.6749999523 2.5515873432    1.674  0.680  3.6898  3.693    0  0.000  0.538     0.00     0.00 -1 -2.39e-14      0.00 6.960e-01 2.840e-01 3.549e-03 9.690e-04 8.801e-03 -1.000 2.000e-02 3.071 1.646 1.146 1.063 1.026 1.075 1.057 1.010 0.598 0.739 0.870 1.029 1.080 1.070 0.787
0.02 0.14251 6.00000 1.6945242882 2.5528187752    1.694  0.687  3.6905  3.694    0  0.000  0.538     0.00     0.00 -1 -3.66e-27      0.00 6.960e-01 2.840e-01 3.549e-03 9.690e-04 8.801e-03 -1.000 2.000e-02 3.052 1.630 1.132 1.050 1.012 1.061 1.044 0.996 0.585 0.726 0.857 1.015 1.066 1.057 0.774
0.02 0.14251 6.00000 1.7000000477 2.5531582832    1.699  0.690  3.6907  3.693    0  0.000  0.538     0.00     0.00 -1    -1e-30      0.00 6.960e-01 2.840e-01 3.549e-03 9.690e-04 8.801e-03 -1.000 2.000e-02 3.046 1.625 1.127 1.045 1.008 1.057 1.039 0.992 0.580 0.721 0.852 1.010 1.062 1.052 0.769
0.02 0.14251 6.00000 1.7250000238 2.5546767712    1.724  0.701  3.6916  3.692    0  0.000  0.538     0.00     0.00 -1    -1e-30      0.00 6.960e-01 2.840e-01 3.549e-03 9.690e-04 8.801e-03 -1.000 2.000e-02 3.017 1.599 1.104 1.022 0.985 1.034 1.017 0.969 0.558 0.699 0.830 0.988 1.039 1.030 0.747
0.02 0.14251 6.00000 1.7500000000 2.5561456680    1.749  0.711  3.6925  3.692    0  0.000  0.538     0.00     0.00 -1    -1e-30      0.00 6.960e-01 2.840e-01 3.549e-03 9.690e-04 8.801e-03 -1.000 2.000e-02 2.993 1.578 1.086 1.005 0.968 1.016 0.999 0.952 0.541 0.682 0.813 0.971 1.021 1.013 0.730
0.02 0.14251 6.00000 1.7710598707 2.5573461056    1.770  0.720  3.6932  3.691    0  0.000  0.538     0.00     0.00 -1    -1e-30      0.00 6.960e-01 2.840e-01 3.549e-03 9.690e-04 8.801e-03 -1.000 2.000e-02 2.971 1.558 1.068 0.987 0.950 0.998 0.981 0.935 0.523 0.664 0.795 0.953 1.003 0.995 0.712
0.02 0.14251 6.00000 1.7750000954 2.5575671196    1.774  0.721  3.6934  3.691    0  0.000  0.538     0.00     0.00 -1    -1e-30      0.00 6.960e-01 2.840e-01 3.549e-03 9.690e-04 8.801e-03 -1.000 2.000e-02 2.966 1.554 1.065 0.984 0.947 0.995 0.978 0.931 0.520 0.661 0.792 0.950 1.000 0.992 0.709
0.02 0.14251 6.00000 1.7970613241 2.5587835312    1.796  0.729  3.6941  3.692    0  0.000  0.538     0.00     0.00 -1    -1e-30      0.00 6.960e-01 2.840e-01 3.549e-03 9.690e-04 8.801e-03 -1.000 2.000e-02 2.948 1.538 1.051 0.971 0.934 0.982 0.965 0.919 0.507 0.648 0.779 0.937 0.987 0.979 0.696
0.02 0.14251 6.00000 1.7999998331 2.5589430332    1.799  0.730  3.6942  3.692    0  0.000  0.538     0.00     0.00 -1    -1e-30      0.00 6.960e-01 2.840e-01 3.549e-03 9.690e-04 8.801e-03 -1.000 2.000e-02 2.945 1.535 1.049 0.968 0.932 0.980 0.963 0.917 0.505 0.646 0.777 0.935 0.984 0.977 0.694
0.02 0.14251 6.00000 1.8250000477 2.5602757931    1.824  0.742  3.6951  3.690    0  0.000  0.538     0.00     0.00 -1    -1e-30      0.00 6.960e-01 2.840e-01 3.549e-03 9.690e-04 8.801e-03 -1.000 2.000e-02 2.916 1.509 1.025 0.945 0.908 0.956 0.939 0.893 0.482 0.623 0.754 0.911 0.961 0.954 0.671
0.02 0.14251 6.00000 1.8500000238 2.5615673065    1.849  0.750  3.6959  3.690    0  0.000  0.538     0.00     0.00 -1    -1e-30      0.00 6.960e-01 2.840e-01 3.549e-03 9.690e-04 8.801e-03 -1.000 2.000e-02 2.894 1.490 1.009 0.929 0.893 0.940 0.924 0.878 0.467 0.608 0.739 0.896 0.945 0.938 0.655
0.02 0.14251 6.00000 1.8750000000 2.5628192425    1.874  0.759  3.6968  3.691    0  0.000  0.538     0.00     0.00 -1    -1e-30      0.00 6.960e-01 2.840e-01 3.549e-03 9.690e-04 8.801e-03 -1.000 2.000e-02 2.873 1.472 0.993 0.914 0.878 0.925 0.908 0.863 0.451 0.593 0.724 0.881 0.930 0.923 0.640
0.02 0.14251 6.00000 1.8999999762 2.5640332699    1.899  0.768  3.6976  3.691    0  0.000  0.538     0.00     0.00 -1    -1e-30      0.00 6.960e-01 2.840e-01 3.549e-03 9.690e-04 8.801e-03 -1.000 2.000e-02 2.849 1.451 0.975 0.896 0.860 0.907 0.890 0.845 0.434 0.575 0.706 0.863 0.911 0.906 0.623
0.02 0.14251 6.00000 1.9249999523 2.5652110577    1.924  0.778  3.6984  3.690    0  0.000  0.538     0.00     0.00 -1    -1e-30      0.00 6.960e-01 2.840e-01 3.549e-03 9.690e-04 8.801e-03 -1.000 2.000e-02 2.825 1.429 0.955 0.877 0.841 0.888 0.872 0.827 0.415 0.556 0.688 0.844 0.892 0.887 0.604
0.02 0.14251 6.00000 1.9477653503 2.5662536621    1.947  0.788  3.6991  3.688    0  0.000  0.538     0.00     0.00 -1    -1e-30      0.00 6.960e-01 2.840e-01 3.549e-03 9.690e-04 8.801e-03 -1.000 2.000e-02 2.801 1.408 0.936 0.858 0.822 0.868 0.852 0.808 0.396 0.537 0.669 0.825 0.873 0.868 0.585
0.02 0.14251 6.00000 1.9705420732 2.5672688484    1.970  0.795  3.6998  3.688    0  0.000  0.538     0.00     0.00 -1    -1e-30      0.00 6.960e-01 2.840e-01 3.549e-03 9.690e-04 8.801e-03 -1.000 2.000e-02 2.782 1.391 0.921 0.843 0.808 0.854 0.838 0.794 0.382 0.524 0.655 0.811 0.859 0.854 0.571
0.02 0.14251 6.00000 1.9932960272 2.5682566166    1.993  0.805  3.7005  3.687    0  0.000  0.538     0.00     0.00 -1    -1e-30      0.00 6.960e-01 2.840e-01 3.549e-03 9.690e-04 8.801e-03 -1.000 2.000e-02 2.758 1.370 0.902 0.825 0.790 0.835 0.819 0.775 0.364 0.505 0.636 0.792 0.840 0.836 0.553
0.02 0.14251 6.00000 2.0388267040 2.5701568127    2.038  0.821  3.7019  3.686    0  0.000  0.538     0.00     0.00 -1    -1e-30      0.00 6.960e-01 2.840e-01 3.549e-03 9.690e-04 8.801e-03 -1.000 2.000e-02 2.717 1.333 0.870 0.793 0.759 0.804 0.788 0.745 0.333 0.474 0.606 0.761 0.808 0.805 0.522
0.02 0.14251 6.00000 2.0843575001 2.5719621181    2.083  0.840  3.7032  3.682    0  0.000  0.538     0.00     0.00 -1    -1e-30      0.00 6.960e-01 2.840e-01 3.549e-03 9.690e-04 8.801e-03 -1.000 2.000e-02 2.671 1.292 0.832 0.757 0.722 0.767 0.752 0.708 0.297 0.438 0.570 0.725 0.772 0.769 0.486
0.02 0.14251 6.00000 2.1298882961 2.5736789703    2.129  0.854  3.7046  3.682    0  0.000  0.538     0.00     0.00 -1    -1e-30      0.00 6.960e-01 2.840e-01 3.549e-03 9.690e-04 8.801e-03 -1.000 2.000e-02 2.635 1.261 0.805 0.730 0.696 0.740 0.725 0.682 0.271 0.413 0.544 0.699 0.745 0.743 0.460
0.02 0.14251 6.00000 2.1340389252 2.5738313198    2.133  0.856  3.7047  3.682    0  0.000  0.538     0.00     0.00 -1    -1e-30      0.00 6.960e-01 2.840e-01 3.549e-03 9.690e-04 8.801e-03 -1.000 2.000e-02 2.631 1.258 0.802 0.727 0.693 0.738 0.722 0.680 0.268 0.410 0.541 0.696 0.742 0.740 0.457
0.02 0.14251 6.00000 2.1754190922 2.5753133297    2.174  0.872  3.7059  3.678    0  0.000  0.538     0.00     0.00 -1    -1e-30      0.00 6.960e-01 2.840e-01 3.549e-03 9.690e-04 8.801e-03 -1.000 2.000e-02 2.589 1.220 0.767 0.693 0.660 0.704 0.689 0.646 0.235 0.376 0.508 0.662 0.708 0.707 0.424
0.02 0.14251 6.00000 2.2209496498 2.5768709183    2.219  0.889  3.7072  3.676    0  0.000  0.538     0.00     0.00 -1    -1e-30      0.00 6.960e-01 2.840e-01 3.549e-03 9.690e-04 8.801e-03 -1.000 2.000e-02 2.548 1.183 0.735 0.661 0.628 0.672 0.657 0.615 0.204 0.345 0.477 0.631 0.676 0.675 0.393
0.02 0.14251 6.00000 2.2664804459 2.5783567429    2.265  0.905  3.7085  3.674    0  0.000  0.538     0.00     0.00 -1    -1e-30      0.00 6.960e-01 2.840e-01 3.549e-03 9.690e-04 8.801e-03 -1.000 2.000e-02 2.507 1.147 0.702 0.629 0.597 0.640 0.625 0.584 0.173 0.314 0.446 0.599 0.644 0.644 0.361
0.02 0.14251 6.00000 2.3558290005 2.5810813904    2.354  0.934  3.7111  3.673    0  0.000  0.538     0.00     0.00 -1    -1e-30      0.00 6.960e-01 2.840e-01 3.549e-03 9.691e-04 8.802e-03 -1.000 2.000e-02 2.436 1.085 0.648 0.576 0.544 0.586 0.572 0.531 0.120 0.262 0.394 0.546 0.591 0.592 0.309
0.02 0.14251 6.00000 2.3575420380 2.5811312199    2.356  0.934  3.7112  3.673    0  0.000  0.538     0.00     0.00 -1    -1e-30      0.00 6.960e-01 2.840e-01 3.549e-03 9.691e-04 8.802e-03 -1.000 2.000e-02 2.434 1.084 0.646 0.575 0.543 0.585 0.571 0.530 0.119 0.261 0.393 0.545 0.589 0.591 0.308
0.02 0.14251 6.00000 2.4313828945 2.5832066536    2.430  0.958  3.7132  3.670    0  0.000  0.538     0.00     0.00 -1    -1e-30      0.00 6.960e-01 2.840e-01 3.549e-03 9.691e-04 8.802e-03 -1.000 2.000e-02 2.375 1.032 0.600 0.529 0.498 0.540 0.526 0.486 0.075 0.217 0.348 0.500 0.544 0.546 0.264
0.02 0.14251 6.00000 2.5396647453 2.5860002041    2.538  1.000  3.7163  3.660    0  0.000  0.538     0.00     0.00 -1    -1e-30      0.00 6.960e-01 2.840e-01 3.549e-03 9.691e-04 8.802e-03 -1.000 2.000e-02 2.270 0.938 0.515 0.446 0.416 0.456 0.443 0.403 -0.008 0.134 0.266 0.418 0.460 0.464 0.181
0.02 0.14251 6.00000 2.6764838696 2.5891613960    2.675  1.051  3.7202  3.647    0  0.000  0.538     0.00     0.00 -1    -1e-30      0.00 6.960e-01 2.840e-01 3.549e-03 9.691e-04 8.802e-03 -1.000 2.000e-02 2.142 0.825 0.413 0.346 0.316 0.356 0.343 0.305 -0.106 0.036 0.168 0.318 0.360 0.365 0.083
0.02 0.14251 6.00000 2.7217876911 2.5901277065    2.720  1.069  3.7215  3.641    0  0.000  0.538     0.00     0.00 -1    -1e-30      0.00 6.960e-01 2.840e-01 3.549e-03 9.691e-04 8.802e-03 -1.000 2.000e-02 2.097 0.784 0.376 0.310 0.281 0.320 0.307 0.269 -0.142 0.000 0.132 0.282 0.323 0.330 0.047
0.02 0.14251 6.00000 2.8318047523 2.5923273563    2.830  1.113  3.7248  3.628    0  0.000  0.538     0.00     0.00 -1    -1e-30      0.00 6.960e-01 2.840e-01 3.549e-03 9.691e-04 8.802e-03 -1.000 2.000e-02 1.987 0.687 0.288 0.222 0.194 0.232 0.220 0.183 -0.228 -0.085 0.047 0.196 0.236 0.244 -0.039
0.02 0.14251 6.00000 2.9039103985 2.5936655998    2.902  1.144  3.7271  3.617    0  0.000  0.538     0.00     0.00 -1    -1e-30      0.00 6.960e-01 2.840e-01 3.549e-03 9.691e-04 8.802e-03 -1.000 2.000e-02 1.910 0.618 0.226 0.162 0.134 0.171 0.159 0.123 -0.287 -0.145 -0.013 0.136 0.175 0.184 -0.099
0.02 0.14251 6.00000 2.9461121559 2.5944139957    2.945  1.161  3.7284  3.612    0  0.000  0.538     0.00     0.00 -1    -1e-30      0.00 6.960e-01 2.840e-01 3.549e-03 9.691e-04 8.802e-03 -1.000 2.000e-02 1.868 0.582 0.193 0.129 0.102 0.139 0.126 0.091 -0.319 -0.177 -0.045 0.104 0.142 0.152 -0.131
0.02 0.14251 6.00000 3.0860338211 2.5967276096    3.084  1.239  3.7338  3.575    0  0.000  0.538     0.00     0.00 -1    -1e-30      0.00 6.960e-01 2.840e-01 3.549e-03 9.691e-04 8.802e-03 -1.000 2.000e-02 1.672 0.406 0.031 -0.030 -0.055 -0.020 -0.032 -0.066 -0.476 -0.334 -0.201 -0.054 -0.017 -0.005 -0.287
0.02 0.14251 6.00000 3.1606879234 2.5978660583    3.159  1.285  3.7370  3.552    0  0.000  0.538     0.00     0.00 -1    -1e-30      0.00 6.960e-01 2.840e-01 3.549e-03 9.691e-04 8.802e-03 -1.000 2.000e-02 1.557 0.304 -0.063 -0.122 -0.147 -0.113 -0.125 -0.157 -0.567 -0.425 -0.292 -0.145 -0.110 -0.096 -0.378
0.02 0.14251 6.00000 3.2681567669 2.5994002819    3.266  1.368  3.7427  3.507    0  0.000  0.538     0.00     0.00 -1    -1e-30      0.00 6.960e-01 2.840e-01 3.549e-03 9.691e-04 8.802e-03 -1.000 2.000e-02 1.350 0.121 -0.230 -0.287 -0.310 -0.278 -0.290 -0.320 -0.733 -0.585 -0.454 -0.309 -0.275 -0.274 -0.544
0.02 0.14251 6.00000 3.3301680088 2.6002340317    3.328  1.423  3.7466  3.475    0  0.000  0.538     0.00     0.00 -1    -1e-30      0.00 6.960e-01 2.840e-01 3.549e-03 9.691e-04 8.802e-03 -1.000 2.000e-02 1.213 0.000 -0.340 -0.396 -0.418 -0.388 -0.399 -0.428 -0.845 -0.687 -0.561 -0.417 -0.385 -0.407 -0.657
0.02 0.14251 6.00000 3.4037239552 2.6011779308    3.401  1.502  3.7523  3.429    0  0.000  0.538     0.00     0.00 -1    -1e-30      0.00 6.960e-01 2.840e-01 3.549e-03 9.691e-04 8.802e-03 -1.000 2.000e-02 1.015 -0.173 -0.498 -0.551 -0.572 -0.545 -0.556 -0.581 -1.006 -0.833 -0.712 -0.571 -0.542 -0.598 -0.818
0.02 0.14251 6.00000 3.4502787590 2.6017513275    3.447  1.555  3.7565  3.398    0  0.000  0.538     0.00     0.00 -1    -1e-30      0.00 6.960e-01 2.840e-01 3.549e-03 9.691e-04 8.802e-03 -1.000 2.000e-02 0.882 -0.288 -0.602 -0.654 -0.673 -0.648 -0.659 -0.683 -1.112 -0.928 -0.812 -0.672 -0.646 -0.726 -0.925
0.02 0.14251 6.00000 3.5061581135 2.6024165154    3.503  1.619  3.7621  3.364    0  0.000  0.538     0.00     0.00 -1    -1e-30      0.00 6.960e-01 2.840e-01 3.549e-03 9.691e-04 8.802e-03 -1.000 2.000e-02 0.724 -0.421 -0.721 -0.770 -0.788 -0.766 -0.777 -0.797 -1.234 -1.035 -0.925 -0.787 -0.764 -0.877 -1.047
0.02 0.14251 6.00000 3.5696461201 2.6031434536    3.566  1.688  3.7694  3.332    0  0.000  0.538     0.00     0.00 -1    -1e-30      0.00 6.960e-01 2.840e-01 3.549e-03 9.691e-04 8.802e-03 -1.000 2.000e-02 0.551 -0.560 -0.842 -0.888 -0.905 -0.887 -0.896 -0.914 -1.358 -1.141 -1.038 -0.904 -0.885 -1.041 -1.172
0.02 0.14251 6.00000 3.6313631535 2.6038222313    3.628  1.755  3.7777  3.306    0  0.000  0.538     0.00     0.00 -1    -1e-30      0.00 6.960e-01 2.840e-01 3.549e-03 9.691e-04 8.802e-03 -1.000 2.000e-02 0.383 -0.688 -0.949 -0.992 -1.007 -0.993 -1.002 -1.015 -1.469 -1.231 -1.137 -1.006 -0.992 -1.196 -1.284
0.02 0.14251 6.00000 3.6324019432 2.6038331985    3.629  1.756  3.7778  3.305    0  0.000  0.538     0.00     0.00 -1    -1e-30      0.00 6.960e-01 2.840e-01 3.549e-03 9.691e-04 8.802e-03 -1.000 2.000e-02 0.380 -0.690 -0.951 -0.994 -1.009 -0.995 -1.003 -1.017 -1.471 -1.232 -1.138 -1.008 -0.994 -1.198 -1.286
0.02 0.14251 6.00000 3.6721177101 2.6042559147    3.669  1.801  3.7844  3.291    0  0.000  0.538     0.00     0.00 -1    -1e-30      0.00 6.960e-01 2.840e-01 3.549e-03 9.691e-04 8.802e-03 -1.000 2.000e-02 0.268 -0.770 -1.015 -1.056 -1.070 -1.060 -1.067 -1.078 -1.540 -1.284 -1.197 -1.069 -1.059 -1.302 -1.355
0.02 0.14251 6.00000 3.7149143219 2.6046996117    3.712  1.851  3.7930  3.281    0  0.000  0.538     0.00     0.00 -1    -1e-30      0.00 6.960e-01 2.840e-01 3.549e-03 9.691e-04 8.802e-03 -1.000 2.000e-02 0.143 -0.851 -1.076 -1.115 -1.127 -1.122 -1.127 -1.135 -1.608 -1.330 -1.252 -1.127 -1.121 -1.415 -1.424
0.02 0.14251 6.00000 3.7541041374 2.6050958633    3.752  1.898  3.8033  3.279    0  0.000  0.538     0.00     0.00 -1    -1e-30      0.00 6.960e-01 2.840e-01 3.549e-03 9.691e-04 8.802e-03 -1.000 2.000e-02 0.025 -0.916 -1.119 -1.154 -1.165 -1.164 -1.168 -1.173 -1.657 -1.353 -1.286 -1.164 -1.163 -1.520 -1.474
0.02 0.14251 6.00000 3.7862865925 2.6054141521    3.784  1.938  3.8141  3.286    0  0.000  0.538     0.00     0.00 -1    -1e-30      0.00 6.960e-01 2.840e-01 3.549e-03 9.691e-04 8.802e-03 -1.000 2.000e-02 -0.075 -0.959 -1.139 -1.171 -1.182 -1.183 -1.186 -1.189 -1.684 -1.355 -1.297 -1.181 -1.183 -1.598 -1.502
0.02 0.14251 6.00000 3.8143210411 2.6056864262    3.812  1.974  3.8250  3.297    0  0.000  0.538     0.00     0.00 -1    -1e-30      0.00 6.960e-01 2.840e-01 3.549e-03 9.691e-04 8.802e-03 -1.000 2.000e-02 -0.165 -0.992 -1.150 -1.180 -1.190 -1.193 -1.195 -1.197 -1.691 -1.360 -1.302 -1.189 -1.193 -1.606 -1.509
0.02 0.14251 6.00000 3.8145248890 2.6056883335    3.812  1.974  3.8250  3.297    0  0.000  0.538     0.00     0.00 -1    -1e-30      0.00 6.960e-01 2.840e-01 3.549e-03 9.691e-04 8.802e-03 -1.000 2.000e-02 -0.166 -0.992 -1.150 -1.180 -1.190 -1.193 -1.195 -1.197 -1.691 -1.360 -1.302 -1.189 -1.193 -1.606 -1.509
0.02 0.14251 6.00000 3.8251101971 2.6057898998    3.823  1.988  3.8295  3.302    0  0.000  0.538     0.00     0.00 -1    -1e-30      0.00 6.960e-01 2.840e-01 3.549e-03 9.691e-04 8.802e-03 -1.000 2.000e-02 -0.200 -1.004 -1.152 -1.182 -1.191 -1.195 -1.197 -1.198 -1.692 -1.361 -1.303 -1.191 -1.195 -1.607 -1.510
0.02 0.14251 6.00000 3.8477544785 2.6060049534    3.846  2.019  3.8394  3.314    0  0.000  0.538     0.00     0.00 -1    -1e-30      0.00 6.960e-01 2.840e-01 3.549e-03 9.691e-04 8.802e-03 -1.000 2.000e-02 -0.276 -1.026 -1.155 -1.183 -1.192 -1.196 -1.197 -1.199 -1.692 -1.360 -1.301 -1.192 -1.196 -1.608 -1.510
0.02 0.14251 6.00000 3.8695716858 2.6062095165    3.868  2.048  3.8494  3.327    0  0.000  0.538     0.00     0.00 -1    -1e-30      0.00 6.960e-01 2.840e-01 3.549e-03 9.691e-04 8.802e-03 -1.000 2.000e-02 -0.351 -1.046 -1.156 -1.183 -1.191 -1.196 -1.197 -1.197 -1.690 -1.357 -1.297 -1.191 -1.196 -1.606 -1.508
0.02 0.14251 6.00000 3.8906579018 2.6064047813    3.890  2.078  3.8594  3.340    0  0.000  0.538     0.00     0.00 -1    -1e-30      0.00 6.960e-01 2.840e-01 3.549e-03 9.691e-04 8.802e-03 -1.000 2.000e-02 -0.425 -1.064 -1.155 -1.181 -1.189 -1.193 -1.194 -1.195 -1.686 -1.352 -1.292 -1.189 -1.193 -1.604 -1.504
0.02 0.14251 6.00000 3.9110715389 2.6065914631    3.910  2.107  3.8693  3.353    0  0.000  0.538     0.00     0.00 -1    -1e-30      0.00 6.960e-01 2.840e-01 3.549e-03 9.691e-04 8.802e-03 -1.000 2.000e-02 -0.497 -1.079 -1.153 -1.177 -1.185 -1.189 -1.190 -1.191 -1.682 -1.346 -1.286 -1.185 -1.189 -1.599 -1.499
0.02 0.14251 6.00000 3.9308664799 2.6067702770    3.930  2.135  3.8793  3.366    0  0.000  0.538     0.00     0.00 -1    -1e-30      0.00 6.960e-01 2.840e-01 3.549e-03 9.691e-04 8.802e-03 -1.000 2.000e-02 -0.569 -1.092 -1.149 -1.173 -1.180 -1.184 -1.185 -1.185 -1.676 -1.339 -1.279 -1.180 -1.184 -1.594 -1.493
0.02 0.14251 6.00000 3.9500863552 2.6069421768    3.950  2.164  3.8892  3.380    0  0.000  0.538     0.00     0.00 -1    -1e-30      0.00 6.960e-01 2.840e-01 3.549e-03 9.691e-04 8.802e-03 -1.000 2.000e-02 -0.639 -1.102 -1.145 -1.167 -1.173 -1.178 -1.178 -1.179 -1.668 -1.331 -1.270 -1.173 -1.178 -1.587 -1.486
0.02 0.14251 6.00000 3.9687640667 2.6071071625    3.969  2.191  3.8991  3.394    0  0.000  0.538     0.00     0.00 -1    -1e-30      0.00 6.960e-01 2.840e-01 3.549e-03 9.691e-04 8.802e-03 -1.000 2.000e-02 -0.708 -1.110 -1.139 -1.160 -1.166 -1.170 -1.171 -1.171 -1.660 -1.322 -1.260 -1.166 -1.170 -1.580 -1.478
0.02 0.14251 6.00000 3.9869346619 2.6072659492    3.987  2.219  3.9090  3.408    0  0.000  0.538     0.00     0.00 -1    -1e-30      0.00 6.960e-01 2.840e-01 3.549e-03 9.691e-04 8.802e-03 -1.000 2.000e-02 -0.776 -1.116 -1.134 -1.154 -1.158 -1.162 -1.163 -1.162 -1.651 -1.312 -1.250 -1.159 -1.162 -1.571 -1.469
0.02 0.14251 6.00000 3.9966478348 2.6073503494    3.997  2.233  3.9144  3.416    0  0.000  0.538     0.00     0.00 -1    -1e-30      0.00 6.960e-01 2.840e-01 3.549e-03 9.691e-04 8.802e-03 -1.000 2.000e-02 -0.813 -1.119 -1.131 -1.150 -1.154 -1.158 -1.158 -1.157 -1.645 -1.306 -1.244 -1.154 -1.158 -1.566 -1.463
0.02 0.14251 6.00000 3.9998683929 2.6073780060    4.000  2.238  3.9162  3.419    0  0.000  0.538     0.00     0.00 -1    -1e-30      0.00 6.960e-01 2.840e-01 3.549e-03 9.691e-04 8.802e-03 -1.000 2.000e-02 -0.825 -1.120 -1.130 -1.148 -1.152 -1.156 -1.156 -1.156 -1.643 -1.304 -1.242 -1.153 -1.156 -1.564 -1.461
0.02 0.14251 6.00000 4.0170421600 2.6075255871    4.017  2.264  3.9260  3.434    0  0.000  0.538     0.00     0.00 -1    -1e-30      0.00 6.960e-01 2.840e-01 3.549e-03 9.691e-04 8.802e-03 -1.000 2.000e-02 -0.891 -1.124 -1.124 -1.140 -1.143 -1.147 -1.147 -1.146 -1.633 -1.293 -1.230 -1.144 -1.147 -1.554 -1.451
0.02 0.14251 6.00000 4.0337896347 2.6076681614    4.034  2.290  3.9358  3.449    0  0.000  0.538     0.00     0.00 -1    -1e-30      0.00 6.960e-01 2.840e-01 3.549e-03 9.691e-04 8.802e-03 -1.000 2.000e-02 -0.956 -1.126 -1.117 -1.131 -1.134 -1.137 -1.136 -1.135 -1.622 -1.281 -1.218 -1.134 -1.137 -1.544 -1.440
0.02 0.14251 6.00000 4.0501427650 2.6078059673    4.050  2.316  3.9456  3.464    0  0.000  0.538     0.00     0.00 -1    -1e-30      0.00 6.960e-01 2.840e-01 3.549e-03 9.691e-04 8.802e-03 -1.000 2.000e-02 -1.019 -1.125 -1.109 -1.121 -1.122 -1.125 -1.125 -1.123 -1.610 -1.268 -1.205 -1.123 -1.125 -1.532 -1.427
0.02 0.14251 6.00000 4.0661244392 2.6079392433    4.065  2.340  3.9554  3.480    0  0.000  0.538     0.00     0.00 -1    -1e-30      0.00 6.960e-01 2.840e-01 3.549e-03 9.691e-04 8.802e-03 -1.000 2.000e-02 -1.081 -1.122 -1.100 -1.110 -1.110 -1.112 -1.111 -1.110 -1.596 -1.254 -1.190 -1.111 -1.112 -1.518 -1.414
0.02 0.14251 6.00000 4.0817551613 2.6080687046    4.081  2.365  3.9651  3.497    0  0.000  0.538     0.00     0.00 -1    -1e-30      0.00 6.960e-01 2.840e-01 3.549e-03 9.691e-04 8.802e-03 -1.000 2.000e-02 -1.141 -1.117 -1.090 -1.097 -1.095 -1.097 -1.096 -1.095 -1.580 -1.238 -1.174 -1.096 -1.097 -1.503 -1.398
0.02 0.14251 6.00000 4.0970573425 2.6081941128    4.096  2.388  3.9749  3.514    0  0.000  0.538     0.00     0.00 -1    -1e-30      0.00 6.960e-01 2.840e-01 3.549e-03 9.691e-04 8.802e-03 -1.000 2.000e-02 -1.200 -1.111 -1.079 -1.083 -1.079 -1.081 -1.079 -1.077 -1.562 -1.219 -1.154 -1.081 -1.080 -1.485 -1.380
0.02 0.14251 6.00000 4.1120648384 2.6083161831    4.111  2.411  3.9846  3.531    0  0.000  0.538     0.00     0.00 -1    -1e-30      0.00 6.960e-01 2.840e-01 3.549e-03 9.691e-04 8.802e-03 -1.000 2.000e-02 -1.258 -1.103 -1.067 -1.068 -1.062 -1.063 -1.060 -1.058 -1.542 -1.198 -1.133 -1.063 -1.062 -1.466 -1.360
0.02 0.14251 6.00000 4.1267657280 2.6084349155    4.125  2.434  3.9942  3.548    0  0.000  0.538     0.00     0.00 -1    -1e-30      0.00 6.960e-01 2.840e-01 3.549e-03 9.691e-04 8.802e-03 -1.000 2.000e-02 -1.315 -1.093 -1.054 -1.053 -1.044 -1.044 -1.041 -1.038 -1.520 -1.176 -1.111 -1.045 -1.043 -1.445 -1.338
0.02 0.14251 6.00000 4.1411690712 2.6085500717    4.139  2.456  4.0038  3.566    0  0.000  0.538     0.00     0.00 -1    -1e-30      0.00 6.960e-01 2.840e-01 3.549e-03 9.691e-04 8.802e-03 -1.000 2.000e-02 -1.370 -1.083 -1.040 -1.036 -1.025 -1.024 -1.020 -1.017 -1.498 -1.153 -1.088 -1.026 -1.023 -1.424 -1.316
0.02 0.14251 6.00000 4.1553030014 2.6086623669    4.153  2.477  4.0134  3.585    0  0.000  0.538     0.00     0.00 -1    -1e-30      0.00 6.960e-01 2.840e-01 3.549e-03 9.691e-04 8.802e-03 -1.000 2.000e-02 -1.423 -1.072 -1.025 -1.018 -1.005 -1.003 -0.999 -0.995 -1.475 -1.129 -1.064 -1.007 -1.003 -1.401 -1.293
0.02 0.14251 6.00000 4.1691884995 2.6087718010    4.167  2.498  4.0230  3.604    0  0.000  0.538     0.00     0.00 -1    -1e-30      0.00 6.960e-01 2.840e-01 3.549e-03 9.691e-04 8.802e-03 -1.000 2.000e-02 -1.475 -1.059 -1.010 -1.000 -0.984 -0.982 -0.977 -0.972 -1.451 -1.104 -1.039 -0.986 -0.981 -1.378 -1.269
0.02 0.14251 6.00000 4.1787710190 2.6088466644    4.177  2.512  4.0296  3.617    0  0.000  0.538     0.00     0.00 -1    -1e-30      0.00 6.960e-01 2.840e-01 3.549e-03 9.691e-04 8.802e-03 -1.000 2.000e-02 -1.510 -1.050 -0.998 -0.987 -0.969 -0.966 -0.961 -0.956 -1.434 -1.087 -1.021 -0.972 -0.966 -1.362 -1.252
0.02 0.14251 6.00000 4.1806159019 2.6088612080    4.178  2.515  4.0309  3.620    0  0.000  0.538     0.00     0.00 -1    -1e-30      0.00 6.960e-01 2.840e-01 3.549e-03 9.691e-04 8.802e-03 -1.000 2.000e-02 -1.517 -1.048 -0.996 -0.984 -0.967 -0.963 -0.958 -0.953 -1.431 -1.083 -1.018 -0.969 -0.963 -1.359 -1.249
0.02 0.14251 6.00000 4.1983451843 2.6089987755    4.196  2.541  4.0435  3.646    0  0.000  0.538     0.00     0.00 -1    -1e-30      0.00 6.960e-01 2.840e-01 3.549e-03 9.691e-04 8.802e-03 -1.000 2.000e-02 -1.582 -1.028 -0.972 -0.958 -0.937 -0.933 -0.927 -0.921 -1.396 -1.048 -0.982 -0.939 -0.932 -1.326 -1.214
0.02 0.14251 6.00000 4.2157764435 2.6091327667    4.213  2.566  4.0560  3.673    0  0.000  0.538     0.00     0.00 -1    -1e-30      0.00 6.960e-01 2.840e-01 3.549e-03 9.691e-04 8.802e-03 -1.000 2.000e-02 -1.645 -1.007 -0.947 -0.929 -0.906 -0.900 -0.894 -0.887 -1.361 -1.011 -0.944 -0.908 -0.900 -1.292 -1.179
0.02 0.14251 6.00000 4.2329654694 2.6092634201    4.230  2.590  4.0684  3.700    0  0.000  0.538     0.00     0.00 -1    -1e-30      0.00 6.960e-01 2.840e-01 3.549e-03 9.691e-04 8.802e-03 -1.000 2.000e-02 -1.704 -0.982 -0.919 -0.899 -0.873 -0.867 -0.860 -0.852 -1.324 -0.972 -0.905 -0.876 -0.866 -1.256 -1.142
0.02 0.14251 6.00000 4.2499756813 2.6093919277    4.247  2.613  4.0807  3.729    0  0.000  0.538     0.00     0.00 -1    -1e-30      0.00 6.960e-01 2.840e-01 3.549e-03 9.691e-04 8.802e-03 -1.000 2.000e-02 -1.761 -0.955 -0.889 -0.866 -0.838 -0.831 -0.823 -0.815 -1.285 -0.932 -0.863 -0.841 -0.830 -1.218 -1.103
0.02 0.14251 6.00000 4.2668790817 2.6095180511    4.264  2.634  4.0930  3.758    0  0.000  0.538     0.00     0.00 -1    -1e-30      0.00 6.960e-01 2.840e-01 3.549e-03 9.691e-04 8.802e-03 -1.000 2.000e-02 -1.815 -0.925 -0.855 -0.831 -0.800 -0.792 -0.784 -0.775 -1.243 -0.889 -0.820 -0.803 -0.791 -1.178 -1.061
0.02 0.14251 6.00000 4.2837681770 2.6096432209    4.281  2.654  4.1052  3.788    0  0.000  0.538     0.00     0.00 -1    -1e-30      0.00 6.960e-01 2.840e-01 3.549e-03 9.691e-04 8.802e-03 -1.000 2.000e-02 -1.866 -0.892 -0.819 -0.792 -0.759 -0.751 -0.742 -0.732 -1.199 -0.844 -0.774 -0.763 -0.750 -1.135 -1.017
0.02 0.14251 6.00000 4.3007774353 2.6097681522    4.297  2.673  4.1173  3.819    0  0.000  0.538     0.00     0.00 -1    -1e-30      0.00 6.960e-01 2.840e-01 3.549e-03 9.691e-04 8.802e-03 -1.000 2.000e-02 -1.913 -0.855 -0.779 -0.750 -0.715 -0.706 -0.697 -0.686 -1.151 -0.795 -0.725 -0.719 -0.705 -1.088 -0.970
0.02 0.14251 6.00000 4.3181262016 2.6098942757    4.315  2.690  4.1292  3.852    0  0.000  0.538     0.00     0.00 -1    -1e-30      0.00 6.960e-01 2.840e-01 3.549e-03 9.691e-04 8.802e-03 -1.000 2.000e-02 -1.956 -0.813 -0.735 -0.704 -0.667 -0.657 -0.647 -0.636 -1.100 -0.743 -0.672 -0.671 -0.656 -1.038 -0.918
0.02 0.14251 6.00000 4.3362979889 2.6100251675    4.333  2.704  4.1410  3.886    0  0.000  0.538     0.00     0.00 -1    -1e-30      0.00 6.960e-01 2.840e-01 3.549e-03 9.691e-04 8.802e-03 -1.000 2.000e-02 -1.991 -0.766 -0.685 -0.652 -0.613 -0.603 -0.592 -0.580 -1.043 -0.685 -0.613 -0.617 -0.601 -0.981 -0.861
0.02 0.14251 6.00000 4.3512430191 2.6101319790    4.347  2.713  4.1500  3.915    0  0.000  0.538     0.00     0.00 -1    -1e-30      0.00 6.960e-01 2.840e-01 3.549e-03 9.691e-04 8.802e-03 -1.000 2.000e-02 -2.014 -0.725 -0.642 -0.608 -0.567 -0.556 -0.545 -0.532 -0.994 -0.635 -0.563 -0.571 -0.554 -0.933 -0.812
0.02 0.14251 6.00000 4.3524880409 2.6101408005    4.349  2.714  4.1506  3.917    0  0.000  0.538     0.00     0.00 -1    -1e-30      0.00 6.960e-01 2.840e-01 3.549e-03 9.691e-04 8.802e-03 -1.000 2.000e-02 -2.014 -0.721 -0.638 -0.604 -0.563 -0.552 -0.541 -0.528 -0.989 -0.631 -0.559 -0.567 -0.550 -0.929 -0.808
0.02 0.14251 6.00000 4.3593783379 2.6101896763    4.356  2.714  4.1537  3.930    0  0.000  0.538     0.00     0.00 -1    -1e-30      0.00 6.960e-01 2.840e-01 3.549e-03 9.691e-04 8.802e-03 -1.000 2.000e-02 -2.015 -0.699 -0.616 -0.581 -0.539 -0.528 -0.517 -0.504 -0.965 -0.606 -0.535 -0.544 -0.527 -0.905 -0.783
0.02 0.14251 6.00000 4.3608937263 2.6102004051    4.358  2.714  4.1544  3.933    0  0.000  0.538     0.00     0.00 -1    -1e-30      0.00 6.960e-01 2.840e-01 3.549e-03 9.691e-04 8.802e-03 -1.000 2.000e-02 -2.015 -0.695 -0.611 -0.576 -0.534 -0.523 -0.512 -0.499 -0.960 -0.601 -0.529 -0.539 -0.522 -0.900 -0.778
0.02 0.14251 6.00000 4.3650727272 2.6102299690    4.362  2.714  4.1563  3.941    0  0.000  0.538     0.00     0.00 -1    -1e-30      0.00 6.960e-01 2.840e-01 3.549e-03 9.691e-04 8.802e-03 -1.000 2.000e-02 -2.016 -0.682 -0.597 -0.562 -0.520 -0.509 -0.497 -0.484 -0.945 -0.586 -0.514 -0.524 -0.507 -0.885 -0.763
0.02 0.14251 6.00000 4.3691554070 2.6102585793    4.366  2.715  4.1582  3.948    0  0.000  0.538     0.00     0.00 -1    -1e-30      0.00 6.960e-01 2.840e-01 3.549e-03 9.691e-04 8.802e-03 -1.000 2.000e-02 -2.016 -0.669 -0.584 -0.548 -0.506 -0.495 -0.483 -0.470 -0.931 -0.571 -0.500 -0.510 -0.493 -0.871 -0.749
0.02 0.14251 6.00000 4.3729300499 2.6102852821    4.370  2.712  4.1592  3.955    0  0.000  0.538     0.00     0.00 -1    -1e-30      0.00 6.960e-01 2.840e-01 3.549e-03 9.691e-04 8.802e-03 -1.000 2.000e-02 -2.011 -0.656 -0.570 -0.535 -0.493 -0.481 -0.469 -0.456 -0.917 -0.558 -0.486 -0.497 -0.479 -0.857 -0.735
0.02 0.14251 6.00000 4.3767967224 2.6103124619    4.373  2.709  4.1600  3.962    0  0.000  0.538     0.00     0.00 -1    -1e-30      0.00 6.960e-01 2.840e-01 3.549e-03 9.691e-04 8.802e-03 -1.000 2.000e-02 -2.002 -0.642 -0.557 -0.521 -0.478 -0.467 -0.455 -0.442 -0.903 -0.543 -0.471 -0.483 -0.465 -0.843 -0.721
0.02 0.14251 6.00000 4.3811759949 2.6103429794    4.378  2.705  4.1609  3.969    0  0.000  0.538     0.00     0.00 -1    -1e-30      0.00 6.960e-01 2.840e-01 3.549e-03 9.691e-04 8.802e-03 -1.000 2.000e-02 -1.993 -0.626 -0.541 -0.505 -0.463 -0.451 -0.439 -0.426 -0.886 -0.527 -0.455 -0.467 -0.449 -0.826 -0.704
0.02 0.14251 6.00000 4.3870568275 2.6103842258    4.384  2.700  4.1620  3.980    0  0.000  0.538     0.00     0.00 -1    -1e-30      0.00 6.960e-01 2.840e-01 3.549e-03 9.691e-04 8.802e-03 -1.000 2.000e-02 -1.980 -0.606 -0.520 -0.484 -0.441 -0.429 -0.418 -0.404 -0.865 -0.505 -0.433 -0.445 -0.428 -0.805 -0.683
0.02 0.14251 6.00000 4.4179444313 2.6105980873    4.414  2.665  4.1652  4.030    0  0.000  0.538     0.00     0.00 -1    -1e-30      0.00 6.960e-01 2.840e-01 3.549e-03 9.691e-04 8.802e-03 -1.000 2.000e-02 -1.893 -0.495 -0.409 -0.372 -0.329 -0.317 -0.305 -0.292 -0.752 -0.392 -0.320 -0.333 -0.315 -0.692 -0.570
0.02 0.14251 6.00000 4.4429397583 2.6107685566    4.439  2.625  4.1630  4.065    0  0.000  0.538     0.00     0.00 -1    -1e-30      0.00 6.960e-01 2.840e-01 3.549e-03 9.691e-04 8.802e-03 -1.000 2.000e-02 -1.792 -0.409 -0.323 -0.287 -0.244 -0.232 -0.220 -0.207 -0.667 -0.308 -0.236 -0.248 -0.230 -0.608 -0.485
0.02 0.14251 6.00000 4.4634146690 2.6109066010    4.460  2.591  4.1597  4.087    0  0.000  0.538     0.00     0.00 -1    -1e-30      0.00 6.960e-01 2.840e-01 3.549e-03 9.691e-04 8.802e-03 -1.000 2.000e-02 -1.708 -0.348 -0.263 -0.227 -0.185 -0.173 -0.162 -0.149 -0.609 -0.250 -0.179 -0.189 -0.172 -0.549 -0.428
0.02 0.14251 6.00000 4.4774627686 2.6110005379    4.474  2.572  4.1574  4.099    0  0.000  0.538     0.00     0.00 -1    -1e-30      0.00 6.960e-01 2.840e-01 3.549e-03 9.691e-04 8.802e-03 -1.000 2.000e-02 -1.659 -0.316 -0.231 -0.196 -0.154 -0.142 -0.131 -0.118 -0.579 -0.220 -0.148 -0.158 -0.141 -0.519 -0.397
0.02 0.14251 6.00000 4.4872550964 2.6110656261    4.483  2.559  4.1559  4.106    0  0.000  0.538     0.00     0.00 -1    -1e-30      0.00 6.960e-01 2.840e-01 3.549e-03 9.691e-04 8.802e-03 -1.000 2.000e-02 -1.628 -0.296 -0.211 -0.176 -0.134 -0.123 -0.112 -0.099 -0.560 -0.201 -0.130 -0.139 -0.121 -0.500 -0.378
0.02 0.14251 6.00000 4.4948182106 2.6111156940    4.491  2.554  4.1552  4.109    0  0.000  0.538     0.00     0.00 -1    -1e-30      0.00 6.960e-01 2.840e-01 3.549e-03 9.691e-04 8.802e-03 -1.000 2.000e-02 -1.615 -0.287 -0.202 -0.168 -0.126 -0.114 -0.103 -0.090 -0.552 -0.193 -0.121 -0.130 -0.113 -0.491 -0.370
0.02 0.14251 6.00000 4.5039610863 2.6111757755    4.500  2.550  4.1548  4.112    0  0.000  0.538     0.00     0.00 -1    -1e-30      0.00 6.960e-01 2.840e-01 3.549e-03 9.691e-04 8.802e-03 -1.000 2.000e-02 -1.605 -0.280 -0.195 -0.161 -0.119 -0.108 -0.096 -0.084 -0.545 -0.186 -0.115 -0.123 -0.106 -0.484 -0.363
0.02 0.14251 6.00000 4.5234870911 2.6113035679    4.520  2.543  4.1540  4.118    0  0.000  0.538     0.00     0.00 -1    -1e-30      0.00 6.960e-01 2.840e-01 3.549e-03 9.691e-04 8.802e-03 -1.000 2.000e-02 -1.587 -0.267 -0.183 -0.148 -0.107 -0.095 -0.084 -0.072 -0.533 -0.174 -0.103 -0.111 -0.094 -0.472 -0.351
0.02 0.14251 6.00000 4.5338225365 2.6113705635    4.530  2.539  4.1536  4.122    0  0.000  0.538     0.00     0.00 -1    -1e-30      0.00 6.960e-01 2.840e-01 3.549e-03 9.691e-04 8.802e-03 -1.000 2.000e-02 -1.578 -0.261 -0.176 -0.142 -0.101 -0.089 -0.078 -0.065 -0.527 -0.168 -0.097 -0.105 -0.088 -0.466 -0.345
0.02 0.14251 6.00000 4.5377001762 2.6113955975    4.534  2.538  4.1535  4.123    0  0.000  0.538     0.00     0.00 -1    -1e-30      0.00 6.960e-01 2.840e-01 3.549e-03 9.691e-04 8.802e-03 -1.000 2.000e-02 -1.574 -0.258 -0.174 -0.140 -0.098 -0.087 -0.076 -0.063 -0.525 -0.166 -0.094 -0.102 -0.085 -0.464 -0.343
0.02 0.14251 6.00000 4.5391006470 2.6114046574    4.535  2.537  4.1534  4.123    0  0.000  0.538     0.00     0.00 -1    -1e-30      0.00 6.960e-01 2.840e-01 3.549e-03 9.691e-04 8.802e-03 -1.000 2.000e-02 -1.573 -0.257 -0.173 -0.139 -0.097 -0.086 -0.075 -0.062 -0.524 -0.165 -0.094 -0.101 -0.084 -0.463 -0.342
0.02 0.14251 6.00000 4.5401468277 2.6114113331    4.536  2.537  4.1534  4.123    0  0.000  0.538     0.00     0.00 -1    -1e-30      0.00 6.960e-01 2.840e-01 3.549e-03 9.691e-04 8.802e-03 -1.000 2.000e-02 -1.572 -0.257 -0.172 -0.138 -0.097 -0.085 -0.074 -0.062 -0.523 -0.165 -0.093 -0.101 -0.084 -0.462 -0.341
0.02 0.14251 6.00000 4.5412364006 2.6114184856    4.537  2.536  4.1533  4.124    0  0.000  0.538     0.00     0.00 -1    -1e-30      0.00 6.960e-01 2.840e-01 3.549e-03 9.691e-04 8.802e-03 -1.000 2.000e-02 -1.571 -0.256 -0.172 -0.137 -0.096 -0.085 -0.074 -0.061 -0.522 -0.164 -0.092 -0.100 -0.083 -0.462 -0.341
0.02 0.14251 6.00000 4.5425648689 2.6114270687    4.539  2.536  4.1533  4.124    0  0.000  0.538     0.00     0.00 -1    -1e-30      0.00 6.960e-01 2.840e-01 3.549e-03 9.691e-04 8.802e-03 -1.000 2.000e-02 -1.570 -0.255 -0.171 -0.137 -0.095 -0.084 -0.073 -0.060 -0.522 -0.163 -0.092 -0.099 -0.082 -0.461 -0.340
0.02 0.14251 6.00000 4.5430164337 2.6114299297    4.539  2.536  4.1533  4.124    0  0.000  0.538     0.00     0.00 -1    -1e-30      0.00 6.960e-01 2.840e-01 3.549e-03 9.691e-04 8.802e-03 -1.000 2.000e-02 -1.569 -0.255 -0.170 -0.136 -0.095 -0.084 -0.073 -0.060 -0.521 -0.163 -0.091 -0.099 -0.082 -0.461 -0.340
0.02 0.14251 6.00000 4.5444188118 2.6114389896    4.541  2.535  4.1532  4.125    0  0.000  0.538     0.00     0.00 -1    -1e-30      0.00 6.960e-01 2.840e-01 3.549e-03 9.691e-04 8.802e-03 -1.000 2.000e-02 -1.568 -0.254 -0.170 -0.135 -0.094 -0.083 -0.072 -0.059 -0.521 -0.162 -0.090 -0.098 -0.081 -0.460 -0.339
0.02 0.14251 6.00000 4.5472950935 2.6114573479    4.544  2.534  4.1531  4.126    0  0.000  0.538     0.00     0.00 -1    -1e-30      0.00 6.960e-01 2.840e-01 3.549e-03 9.691e-04 8.802e-03 -1.000 2.000e-02 -1.566 -0.252 -0.168 -0.134 -0.092 -0.081 -0.070 -0.057 -0.519 -0.160 -0.089 -0.096 -0.079 -0.458 -0.337
0.02 0.14251 6.00000 4.5510659218 2.6114816666    4.548  2.533  4.1530  4.127    0  0.000  0.538     0.00     0.00 -1    -1e-30      0.00 6.960e-01 2.840e-01 3.549e-03 9.691e-04 8.802e-03 -1.000 2.000e-02 -1.562 -0.250 -0.165 -0.131 -0.090 -0.079 -0.068 -0.055 -0.517 -0.158 -0.086 -0.094 -0.077 -0.456 -0.335
0.02 0.14251 6.00000 4.5775771141 2.6116504669    4.574  2.549  4.1570  4.129    0  0.000  0.538     0.00     0.00 -1    -1e-30      0.00 6.960e-01 2.840e-01 3.549e-03 9.691e-04 8.802e-03 -1.000 2.000e-02 -1.603 -0.262 -0.177 -0.142 -0.100 -0.088 -0.077 -0.064 -0.525 -0.167 -0.095 -0.104 -0.087 -0.465 -0.343
0.02 0.14251 6.00000 4.6110382080 2.6118605137    4.607  2.570  4.1621  4.132    0  0.000  0.538     0.00     0.00 -1    -1e-30      0.00 6.960e-01 2.840e-01 3.549e-03 9.691e-04 8.802e-03 -1.000 2.000e-02 -1.654 -0.277 -0.191 -0.155 -0.112 -0.100 -0.089 -0.076 -0.536 -0.177 -0.105 -0.116 -0.099 -0.476 -0.354
0.02 0.14251 6.00000 4.6367344856 2.6120195389    4.633  2.586  4.1662  4.135    0  0.000  0.538     0.00     0.00 -1    -1e-30      0.00 6.960e-01 2.840e-01 3.549e-03 9.691e-04 8.802e-03 -1.000 2.000e-02 -1.695 -0.288 -0.201 -0.165 -0.121 -0.109 -0.097 -0.084 -0.544 -0.185 -0.113 -0.126 -0.108 -0.484 -0.362
0.02 0.14251 6.00000 4.6606564522 2.6121656895    4.657  2.604  4.1712  4.139    0  0.000  0.538     0.00     0.00 -1    -1e-30      0.00 6.960e-01 2.840e-01 3.549e-03 9.691e-04 8.802e-03 -1.000 2.000e-02 -1.740 -0.298 -0.209 -0.172 -0.128 -0.116 -0.104 -0.090 -0.549 -0.190 -0.118 -0.132 -0.114 -0.490 -0.367
0.02 0.14251 6.00000 4.6859822273 2.6123185158    4.682  2.624  4.1769  4.144    0  0.000  0.538     0.00     0.00 -1    -1e-30      0.00 6.960e-01 2.840e-01 3.549e-03 9.691e-04 8.802e-03 -1.000 2.000e-02 -1.789 -0.307 -0.217 -0.179 -0.134 -0.121 -0.109 -0.095 -0.554 -0.194 -0.122 -0.139 -0.120 -0.495 -0.372
0.02 0.14251 6.00000 4.7148704529 2.6124906540    4.711  2.649  4.1846  4.153    0  0.000  0.538     0.00     0.00 -1    -1e-30      0.00 6.960e-01 2.840e-01 3.549e-03 9.691e-04 8.802e-03 -1.000 2.000e-02 -1.852 -0.315 -0.224 -0.184 -0.138 -0.125 -0.112 -0.097 -0.555 -0.195 -0.124 -0.142 -0.123 -0.497 -0.373
0.02 0.14251 6.00000 4.7251396179 2.6125512123    4.722  2.658  4.1876  4.156    0  0.000  0.538     0.00     0.00 -1    -1e-30      0.00 6.960e-01 2.840e-01 3.549e-03 9.691e-04 8.802e-03 -1.000 2.000e-02 -1.876 -0.317 -0.225 -0.186 -0.138 -0.125 -0.112 -0.098 -0.555 -0.195 -0.124 -0.143 -0.123 -0.497 -0.373
0.02 0.14251 6.00000 4.7359995842 2.6126148701    4.733  2.668  4.1907  4.160    0  0.000  0.538     0.00     0.00 -1    -1e-30      0.00 6.960e-01 2.840e-01 3.549e-03 9.691e-04 8.802e-03 -1.000 2.000e-02 -1.900 -0.319 -0.227 -0.187 -0.139 -0.126 -0.113 -0.098 -0.555 -0.194 -0.124 -0.144 -0.124 -0.497 -0.373
0.02 0.14251 6.00000 4.7645826340 2.6127810478    4.762  2.697  4.2006  4.173    0  0.000  0.538     0.00     0.00 -1    -1e-30      0.00 6.960e-01 2.840e-01 3.549e-03 9.691e-04 8.802e-03 -1.000 2.000e-02 -1.974 -0.322 -0.228 -0.186 -0.136 -0.122 -0.109 -0.093 -0.549 -0.189 -0.120 -0.141 -0.120 -0.493 -0.368
0.02 0.14251 6.00000 4.7855892181 2.6129016876    4.783  2.720  4.2086  4.184    0  0.000  0.538     0.00     0.00 -1    -1e-30      0.00 6.960e-01 2.840e-01 3.549e-03 9.691e-04 8.802e-03 -1.000 2.000e-02 -2.031 -0.321 -0.225 -0.182 -0.131 -0.117 -0.103 -0.087 -0.542 -0.182 -0.114 -0.136 -0.115 -0.486 -0.360
0.02 0.14251 6.00000 4.8032889366 2.6130023003    4.800  2.739  4.2157  4.195    0  0.000  0.538     0.00     0.00 -1    -1e-30      0.00 6.960e-01 2.840e-01 3.549e-03 9.691e-04 8.802e-03 -1.000 2.000e-02 -2.078 -0.318 -0.221 -0.176 -0.124 -0.109 -0.095 -0.079 -0.533 -0.173 -0.107 -0.129 -0.107 -0.478 -0.351
0.02 0.14251 6.00000 4.8396449089 2.6132066250    4.837  2.768  4.2283  4.220    0  0.000  0.538     0.00     0.00 -1    -1e-30      0.00 6.960e-01 2.840e-01 3.549e-03 9.691e-04 8.802e-03 -1.000 2.000e-02 -2.150 -0.299 -0.199 -0.153 -0.098 -0.083 -0.068 -0.051 -0.504 -0.144 -0.082 -0.104 -0.081 -0.449 -0.323
0.02 0.14251 6.00000 4.8841171265 2.6134517193    4.881  2.772  4.2356  4.249    0  0.000  0.538     0.00     0.00 -1    -1e-30      0.00 6.960e-01 2.840e-01 3.549e-03 9.691e-04 8.802e-03 -1.000 2.000e-02 -2.159 -0.256 -0.154 -0.107 -0.051 -0.035 -0.020 -0.003 -0.455 -0.096 -0.035 -0.057 -0.033 -0.401 -0.273
0.02 0.14251 6.00000 4.9044861794 2.6135621071    4.902  2.771  4.2384  4.263    0  0.000  0.538     0.00     0.00 -1    -1e-30      0.00 6.960e-01 2.840e-01 3.549e-03 9.691e-04 8.802e-03 -1.000 2.000e-02 -2.158 -0.234 -0.132 -0.084 -0.029 -0.012 0.003 0.021 -0.432 -0.073 -0.013 -0.034 -0.010 -0.377 -0.250
0.02 0.14251 6.00000 4.9072623253 2.6135771275    4.905  2.770  4.2384  4.264    0  0.000  0.538     0.00     0.00 -1    -1e-30      0.00 6.960e-01 2.840e-01 3.549e-03 9.691e-04 8.802e-03 -1.000 2.000e-02 -2.156 -0.232 -0.130 -0.082 -0.026 -0.010 0.006 0.023 -0.429 -0.070 -0.010 -0.031 -0.008 -0.375 -0.247
0.02 0.14251 6.00000 4.9590940475 2.6138534546    4.957  2.756  4.2395  4.287    0  0.000  0.538     0.00     0.00 -1    -1e-30      0.00 6.960e-01 2.840e-01 3.549e-03 9.691e-04 8.802e-03 -1.000 2.000e-02 -2.119 -0.187 -0.085 -0.037 0.019 0.035 0.051 0.068 -0.384 -0.025 0.035 0.013 0.037 -0.330 -0.202
0.02 0.14251 6.00000 5.0893855095 2.6145193577    5.088  2.755  4.2410  4.305    0  0.000  0.538     0.00     0.00 -1    -1e-30      0.00 6.960e-01 2.840e-01 3.549e-03 9.691e-04 8.802e-03 -1.000 2.000e-02 -2.119 -0.176 -0.074 -0.025 0.031 0.048 0.063 0.081 -0.371 -0.013 0.047 0.026 0.050 -0.317 -0.190
0.02 0.14251 6.00000 5.1067981720 2.6146051884    5.105  2.757  4.2412  4.306    0  0.000  0.538     0.00     0.00 -1    -1e-30      0.00 6.960e-01 2.840e-01 3.549e-03 9.691e-04 8.802e-03 -1.000 2.000e-02 -2.122 -0.177 -0.074 -0.026 0.030 0.047 0.062 0.080 -0.372 -0.014 0.046 0.025 0.049 -0.318 -0.190
0.02 0.14251 6.00000 5.2715082169 2.6153869629    5.271  2.806  4.2497  4.304    0  0.000  0.538     0.00     0.00 -1    -1e-30      0.00 6.960e-01 2.840e-01 3.549e-03 9.691e-04 8.802e-03 -1.000 2.000e-02 -2.245 -0.241 -0.137 -0.087 -0.029 -0.012 0.004 0.022 -0.429 -0.071 -0.014 -0.035 -0.010 -0.375 -0.247
0.02 0.14251 6.00000 5.4536314011 2.6161880493    5.453  2.860  4.2587  4.302    0  0.000  0.538     0.00     0.00 -1    -1e-30      0.00 6.960e-01 2.840e-01 3.549e-03 9.691e-04 8.802e-03 -1.000 2.000e-02 -2.379 -0.310 -0.204 -0.152 -0.093 -0.075 -0.059 -0.040 -0.490 -0.134 -0.077 -0.099 -0.073 -0.437 -0.309
0.02 0.14251 6.00000 5.6357536316 2.6169302464    5.636  2.911  4.2673  4.300    0  0.000  0.538     0.00     0.00 -1    -1e-30      0.00 6.960e-01 2.840e-01 3.549e-03 9.691e-04 8.802e-03 -1.000 2.000e-02 -2.506 -0.376 -0.269 -0.216 -0.155 -0.137 -0.120 -0.101 -0.550 -0.194 -0.138 -0.161 -0.134 -0.497 -0.368
0.02 0.14251 6.00000 5.8178768158 2.6176190376    5.818  2.960  4.2757  4.297    0  0.000  0.538     0.00     0.00 -1    -1e-30      0.00 6.960e-01 2.840e-01 3.549e-03 9.691e-04 8.802e-03 -1.000 2.000e-02 -2.631 -0.441 -0.332 -0.277 -0.215 -0.196 -0.179 -0.159 -0.607 -0.252 -0.197 -0.221 -0.194 -0.556 -0.425
0.02 0.14251 6.00000 6.0000000000 2.6182601452    6.000  3.008  4.2836  4.295    0  0.000  0.538     0.00     0.00 -1    -1e-30      0.00 6.960e-01 2.840e-01 3.549e-03 9.691e-04 8.802e-03 -1.000 2.000e-02 -2.749 -0.504 -0.393 -0.337 -0.273 -0.254 -0.236 -0.216 -0.663 -0.308 -0.254 -0.279 -0.251 -0.612 -0.481
0.02 0.14251 6.00000 6.1999998093 2.6189143658    6.200  3.057  4.2917  4.292    0  0.000  0.538     0.00     0.00 -1    -1e-30      0.00 6.960e-01 2.840e-01 3.549e-03 9.691e-04 8.802e-03 -1.000 2.000e-02 -2.872 -0.570 -0.457 -0.400 -0.334 -0.314 -0.296 -0.275 -0.721 -0.367 -0.312 -0.341 -0.312 -0.671 -0.539
0.02 0.14251 6.00000 6.4000000954 2.6195218563    6.399  3.106  4.2998  4.290    0  0.000  0.538     0.00     0.00 -1    -1e-30      0.00 6.960e-01 2.840e-01 3.549e-03 9.691e-04 8.802e-03 -1.000 2.000e-02 -2.995 -0.635 -0.521 -0.462 -0.395 -0.374 -0.355 -0.334 -0.779 -0.425 -0.370 -0.402 -0.372 -0.729 -0.597
0.02 0.14251 6.00000 7.0000000000 2.6211071014    6.996  3.241  4.3219  4.282    0  0.000  0.538     0.00     0.00 -1    -1e-30      0.00 6.960e-01 2.840e-01 3.549e-03 9.691e-04 8.802e-03 -1.000 2.000e-02 -3.332 -0.819 -0.700 -0.637 -0.565 -0.543 -0.522 -0.499 -0.940 -0.587 -0.529 -0.572 -0.540 -0.893 -0.758
0.02 0.14251 6.00000 8.0000000000 2.6231517792    8.001  3.440  4.3541  4.270    0  0.000  0.538     0.00     0.00 -1    -1e-30      0.00 6.960e-01 2.840e-01 3.549e-03 9.691e-04 8.802e-03 -1.000 2.000e-02 -3.829 -1.097 -0.971 -0.902 -0.821 -0.795 -0.772 -0.746 -1.183 -0.828 -0.767 -0.829 -0.792 -1.138 -1.001
0.02 0.14251 6.00000 9.0000000000 2.6246831417    8.995  3.611  4.3812  4.258    1  0.000  0.538     0.00     0.00 -1    -1e-30      0.00 6.960e-01 2.840e-01 3.549e-03 9.691e-04 8.802e-03 -1.000 2.000e-02 -4.256 -1.344 -1.211 -1.137 -1.050 -1.021 -0.996 -0.967 -1.401 -1.043 -0.979 -1.058 -1.018 -1.358 -1.219
0.02 0.14251 6.00000 10.0000000000 2.6258678436    9.998  3.761  4.4046  4.248    1  0.000  0.538     0.00     0.00 -1    -1e-30      0.00 6.960e-01 2.840e-01 3.549e-03 9.691e-04 8.802e-03 -1.000 2.000e-02 -4.631 -1.519 -1.401 -1.328 -1.263 -1.240 -1.630 -2.538 -2.138 -1.861 -3.360 -1.270 -1.246 -2.489 -2.336
0.02 0.14251 6.00000 11.0000000000 2.6268081665   11.001  3.894  4.4249  4.237    1  0.000  0.538     0.00     0.00 -1    -1e-30      0.00 6.960e-01 2.840e-01 3.549e-03 9.691e-04 8.802e-03 -1.000 2.000e-02 -4.964 -1.698 -1.592 -1.525 -1.443 -1.419 -1.805 -2.713 -2.300 -2.063 -3.546 -1.451 -1.425 -2.661 -2.495
0.02 0.14251 6.00000 12.0000000000 2.6275708675   12.001  4.013  4.4428  4.227    1  0.000  0.538     0.00     0.00 -1    -1e-30      0.00 6.960e-01 2.840e-01 3.549e-03 9.691e-04 8.802e-03 -1.000 2.000e-02 -5.262 -1.934 -1.813 -1.735 -1.652 -1.636 -2.026 -2.935 -2.528 -2.261 -3.750 -1.659 -1.642 -2.884 -2.725
0.02 0.14251 6.00000 14.0000000000 2.6287269592   13.988  4.219  4.4731  4.210    0  0.000  0.545     0.00     0.00 -1 -3.79e-09      0.00 6.960e-01 2.840e-01 3.596e-03 9.702e-04 8.799e-03 -1.000 2.000e-02 -5.776 -2.206 -2.079 -2.015 -1.964 -1.947 -2.337 -3.245 -2.849 -2.523 -4.042 -1.968 -1.953 -3.198 -3.048
0.02 0.14251 6.00000 16.0000000000 2.6295573711   15.993  4.391  4.4980  4.195    0  0.000  0.545     0.00     0.00 -1 -9.36e-09      0.00 6.960e-01 2.840e-01 3.596e-03 9.702e-04 8.799e-03 -1.000 2.000e-02 -6.208 -2.528 -2.396 -2.313 -2.215 -2.214 -2.618 -3.527 -3.120 -2.803 -4.292 -2.222 -2.223 -3.479 -3.324
0.02 0.14251 6.00000 17.3696804047 2.6300010681   17.346  4.494  4.5124  4.185    0  0.000  0.545     0.00     0.00 -1 -1.56e-08      0.00 6.960e-01 2.840e-01 3.596e-03 9.702e-04 8.799e-03 -1.000 2.000e-02 -6.465 -2.716 -2.573 -2.478 -2.387 -2.376 -2.771 -3.679 -3.272 -2.971 -4.455 -2.393 -2.383 -3.631 -3.474
0.02 0.14251 6.00000 18.0000000000 2.6301794052   17.970  4.539  4.5187  4.181    0  0.000  0.545     0.00     0.00 -1 -1.95e-08      0.00 6.960e-01 2.840e-01 3.596e-03 9.702e-04 8.799e-03 -1.000 2.000e-02 -6.577 -2.797 -2.649 -2.548 -2.463 -2.446 -2.836 -3.744 -3.337 -3.043 -4.527 -2.469 -2.453 -3.695 -3.538
0.02 0.14251 6.00000 19.8211536407 2.6306219101   19.782  4.655  4.5346  4.169    0  0.000  0.545     0.00     0.00 -1 -3.37e-08      0.00 6.960e-01 2.840e-01 3.596e-03 9.702e-04 8.799e-03 -1.000 2.000e-02 -6.869 -2.982 -2.830 -2.725 -2.643 -2.617 -3.002 -3.910 -3.503 -3.238 -4.721 -2.650 -2.622 -3.859 -3.700
0.02 0.14251 6.00000 20.0000000000 2.6306605339   19.961  4.666  4.5361  4.168    0  0.000  0.545     0.00     0.00 -1 -3.55e-08      0.00 6.960e-01 2.840e-01 3.596e-03 9.702e-04 8.799e-03 -1.000 2.000e-02 -6.896 -2.998 -2.846 -2.741 -2.659 -2.632 -3.017 -3.925 -3.518 -3.256 -4.740 -2.666 -2.637 -3.874 -3.715
0.02 0.14251 6.00000 23.4446773529 2.6312723160   23.366  4.851  4.5602  4.149    0  0.000  0.545     0.00     0.00 -1 -8.21e-08      0.00 6.960e-01 2.840e-01 3.596e-03 9.702e-04 8.799e-03 -1.000 2.000e-02 -7.357 -3.303 -3.150 -3.053 -2.971 -2.941 -3.327 -4.236 -3.837 -3.614 -5.136 -2.980 -2.946 -4.185 -4.031
0.02 0.14251 6.00000 24.0000000000 2.6313521862   23.914  4.878  4.5638  4.146    0  0.000  0.545     0.00     0.00 -1  -9.3e-08      0.00 6.960e-01 2.840e-01 3.596e-03 9.702e-04 8.799e-03 -1.000 2.000e-02 -7.425 -3.354 -3.200 -3.106 -3.025 -2.995 -3.382 -4.290 -3.894 -3.676 -5.210 -3.034 -3.001 -4.241 -4.088
0.02 0.14251 6.00000 27.7799949646 2.6317999363   27.592  5.036  4.5829  4.126    0  0.000  0.545     0.00     0.00 -1 -1.84e-07      0.00 6.960e-01 2.840e-01 3.596e-03 9.702e-04 8.799e-03 -1.000 2.000e-02 -7.821 -3.626 -3.471 -3.377 -3.291 -3.268 -3.659 -4.568 -4.222 -4.097 -5.717 -3.300 -3.275 -4.526 -4.411
0.02 0.14251 6.00000 30.0000000000 2.6320033073   29.741  5.120  4.5929  4.115    0  0.000  0.545     0.00     0.00 -1 -2.64e-07      0.00 6.960e-01 2.840e-01 3.596e-03 9.702e-04 8.799e-03 -1.000 2.000e-02 -8.030 -3.780 -3.627 -3.533 -3.450 -3.426 -3.814 -4.723 -4.383 -4.283 -5.929 -3.458 -3.432 -4.682 -4.571
0.02 0.14251 6.00000 34.3879890442 2.6323177814   33.945  5.258  4.6079  4.094    0  0.000  0.545     0.00     0.00 -1 -4.63e-07      0.00 6.960e-01 2.840e-01 3.596e-03 9.702e-04 8.799e-03 -1.000 2.000e-02 -8.375 -4.040 -3.891 -3.793 -3.708 -3.684 -4.071 -4.980 -4.650 -4.593 -6.276 -3.715 -3.690 -4.940 -4.836
0.02 0.14251 6.00000 35.0000000000 2.6323544979   34.531  5.276  4.6098  4.092    0  0.000  0.545     0.00     0.00 -1 -4.97e-07      0.00 6.960e-01 2.840e-01 3.596e-03 9.702e-04 8.799e-03 -1.000 2.000e-02 -8.419 -4.073 -3.925 -3.827 -3.740 -3.717 -4.105 -5.014 -4.685 -4.635 -6.323 -3.747 -3.723 -4.973 -4.871
0.02 0.14251 6.00000 36.1945343018 2.6324222088   35.667  5.308  4.6130  4.086    0  0.000  0.545     0.00     0.00 -1 -5.61e-07      0.00 6.960e-01 2.840e-01 3.596e-03 9.702e-04 8.799e-03 -1.000 2.000e-02 -8.500 -4.135 -3.987 -3.890 -3.802 -3.779 -4.167 -5.076 -4.750 -4.714 -6.410 -3.809 -3.785 -5.036 -4.935
0.02 0.14251 6.00000 40.0000000000 2.6326069832   39.259  5.404  4.6223  4.069    0  0.000  0.545     0.00     0.00 -1 -8.06e-07      0.00 6.960e-01 2.840e-01 3.596e-03 9.702e-04 8.799e-03 -1.000 2.000e-02 -8.740 -4.320 -4.173 -4.079 -3.987 -3.965 -4.356 -5.266 -4.949 -4.963 -6.688 -3.994 -3.972 -5.226 -5.130
0.02 0.14251 6.00000 45.0000000000 2.6327958107   43.652  5.504  4.6307  4.049    0  0.000  0.545     0.00     0.00 -1 -1.17e-06      0.00 6.960e-01 2.840e-01 3.596e-03 9.702e-04 8.799e-03 -1.000 2.000e-02 -8.990 -4.488 -4.343 -4.258 -4.209 -4.217 -4.625 -5.539 -5.460 -5.913 -7.850 -4.210 -4.227 -5.536 -5.616
0.02 0.14251 6.00000 49.1317443848 2.6329190731   47.642  5.588  4.6373  4.030    0  0.000  0.545     0.00     0.00 -1 -1.61e-06      0.00 6.960e-01 2.840e-01 3.596e-03 9.702e-04 8.799e-03 -1.000 2.000e-02 -9.199 -4.674 -4.531 -4.448 -4.402 -4.412 -4.821 -5.735 -5.657 -6.115 -8.056 -4.402 -4.422 -5.733 -5.813
0.02 0.14251 6.00000 50.0000000000 2.6329421997   48.475  5.604  4.6386  4.026    0  0.000  0.545     0.00     0.00 -1 -1.72e-06      0.00 6.960e-01 2.840e-01 3.596e-03 9.702e-04 8.799e-03 -1.000 2.000e-02 -9.241 -4.710 -4.568 -4.485 -4.440 -4.451 -4.860 -5.773 -5.694 -6.152 -8.094 -4.440 -4.460 -5.772 -5.851
0.02 0.14251 6.00000 55.0000038147 2.6330580711   52.952  5.685  4.6437  4.004    0  0.000  0.545     0.00     0.00 -1 -2.28e-06      0.00 6.960e-01 2.840e-01 3.596e-03 9.702e-04 8.799e-03 -1.000 2.000e-02 -9.442 -4.891 -4.752 -4.669 -4.625 -4.636 -5.046 -5.959 -5.875 -6.331 -8.277 -4.625 -4.646 -5.957 -6.032
0.02 0.14251 6.00000 57.8825531006 2.6331145763   55.498  5.726  4.6458  3.991    0  0.000  0.545     0.00     0.00 -1 -2.66e-06      0.00 6.960e-01 2.840e-01 3.596e-03 9.702e-04 8.799e-03 -1.000 2.000e-02 -9.546 -4.989 -4.853 -4.772 -4.730 -4.742 -5.152 -6.065 -5.980 -6.430 -8.375 -4.730 -4.752 -6.064 -6.138
0.02 0.14251 6.00000 60.0000000000 2.6331522465   57.361  5.756  4.6473  3.982    0  0.000  0.545     0.00     0.00 -1 -2.98e-06      0.00 6.960e-01 2.840e-01 3.596e-03 9.702e-04 8.799e-03 -1.000 2.000e-02 -9.620 -5.058 -4.923 -4.844 -4.803 -4.816 -5.226 -6.140 -6.053 -6.495 -8.438 -4.803 -4.826 -6.138 -6.211
0.02 0.14251 6.00000 63.1650390625 2.6332030296   60.132  5.797  4.6489  3.968    0  0.000  0.545     0.00     0.00 -1 -3.41e-06      0.00 6.960e-01 2.840e-01 3.596e-03 9.702e-04 8.799e-03 -1.000 2.000e-02 -9.722 -5.154 -5.022 -4.943 -4.905 -4.918 -5.328 -6.241 -6.151 -6.580 -8.520 -4.904 -4.927 -6.240 -6.310
0.02 0.14251 6.00000 65.0000000000 2.6332299709   61.730  5.819  4.6497  3.960    0  0.000  0.545     0.00     0.00 -1 -3.69e-06      0.00 6.960e-01 2.840e-01 3.596e-03 9.702e-04 8.799e-03 -1.000 2.000e-02 -9.778 -5.207 -5.076 -4.998 -4.959 -4.972 -5.382 -6.295 -6.200 -6.621 -8.557 -4.959 -4.982 -6.293 -6.360
0.02 0.14251 6.00000 70.0000000000 2.6332950592   66.025  5.876  4.6511  3.938    0  0.000  0.545     0.00     0.00 -1 -4.52e-06      0.00 6.960e-01 2.840e-01 3.596e-03 9.702e-04 8.799e-03 -1.000 2.000e-02 -9.921 -5.343 -5.212 -5.133 -5.091 -5.102 -5.511 -6.424 -6.315 -6.708 -8.634 -5.091 -5.111 -6.420 -6.476
0.02 0.14251 6.00000 75.0000000000 2.6333501339   70.098  5.926  4.6514  3.915    0  0.000  0.545     0.00     0.00 -1 -5.36e-06      0.00 6.960e-01 2.840e-01 3.596e-03 9.702e-04 8.799e-03 -1.000 2.000e-02 -10.046 -5.464 -5.334 -5.254 -5.209 -5.217 -5.625 -6.538 -6.411 -6.771 -8.687 -5.209 -5.226 -6.531 -6.574
0.02 0.14251 6.00000 80.0000000000 2.6333973408   74.404  5.976  4.6513  3.891    0  0.000  0.545     0.00     0.00 -1 -6.33e-06      0.00 6.960e-01 2.840e-01 3.596e-03 9.702e-04 8.799e-03 -1.000 2.000e-02 -10.170 -5.585 -5.454 -5.373 -5.323 -5.328 -5.734 -6.646 -6.496 -6.818 -8.721 -5.324 -5.337 -6.636 -6.661
0.02 0.14251 6.00000 81.1784133911 2.6334075928   75.382  5.986  4.6511  3.885    0  0.000  0.545     0.00     0.00 -1 -6.57e-06      0.00 6.960e-01 2.840e-01 3.596e-03 9.702e-04 8.799e-03 -1.000 2.000e-02 -10.196 -5.612 -5.481 -5.399 -5.348 -5.352 -5.758 -6.670 -6.513 -6.824 -8.724 -5.349 -5.361 -6.658 -6.679
0.02 0.14251 6.00000 90.0000000000 2.6334741116   82.602  6.060  4.6488  3.842    0  0.000  0.545     0.00     0.00 -1 -8.55e-06      0.00 6.960e-01 2.840e-01 3.596e-03 9.702e-04 8.799e-03 -1.000 2.000e-02 -10.380 -5.802 -5.669 -5.584 -5.524 -5.522 -5.925 -6.836 -6.635 -6.877 -8.752 -5.527 -5.531 -6.817 -6.806
0.02 0.14251 6.00000 95.0000000000 2.6335055828   86.605  6.098  4.6466  3.816    0  0.000  0.545     0.00     0.00 -1 -9.62e-06      0.00 6.960e-01 2.840e-01 3.596e-03 9.702e-04 8.799e-03 -1.000 2.000e-02 -10.474 -5.915 -5.781 -5.695 -5.634 -5.633 -6.035 -6.946 -6.744 -6.976 -8.845 -5.637 -5.641 -6.927 -6.916
0.02 0.14251 6.00000 100.0000000000 2.6335334778   90.546  6.133  4.6437  3.789    0  0.000  0.545     0.00     0.00 -1 -1.08e-05      0.00 6.960e-01 2.840e-01 3.596e-03 9.702e-04 8.799e-03 -1.000 2.000e-02 -10.562 -6.190 -6.104 -6.088 -6.183 -6.273 -6.726 -7.650 -8.013 -8.928 -10.996 -6.163 -6.290 -7.741 -8.126
0.02 0.14251 6.00000 123.8028335571 2.6336188316  108.084  6.273  4.6376  3.701    0  0.000  0.049     0.00     0.00 -1 -1.76e-05      0.00 6.753e-01 3.043e-01 7.252e-05 6.976e-03 6.685e-03 -1.000 2.038e-02 -10.912 -6.646 -6.579 -6.586 -6.726 -6.840 -7.306 -8.234 -8.718 -9.733 -11.821 -6.700 -6.860 -8.351 -8.819
0.02 0.14251 6.00000 135.6609954834 2.6336188316  115.870  6.330  4.6478  3.715    0  0.000  0.350     0.00     0.00 -1 -2.13e-05      0.00 6.423e-01 3.379e-01 1.686e-03 6.937e-03 4.555e-03 -1.000 1.981e-02 -11.055 -6.508 -6.397 -6.368 -6.418 -6.544 -6.573 -6.809 -7.826 -10.313 -10.406 -6.418 -6.531 -7.077 -7.759
0.02 0.14251 6.00000 141.1332855225 2.6336188316  119.822  6.355  4.6500  3.714    0  0.000  0.258     0.00     0.00 -1 -2.31e-05      0.00 6.343e-01 3.459e-01 1.069e-03 8.703e-03 3.368e-03 -1.000 1.978e-02 -11.116 -6.559 -6.450 -6.424 -6.481 -6.613 -6.643 -6.886 -7.917 -10.409 -10.506 -6.481 -6.600 -7.159 -7.850
0.02 0.14251 6.00000 146.2509155273 2.6336188316  123.816  6.377  4.6508  3.709    0  0.000  0.166     0.00     0.00 -1 -2.49e-05      0.00 6.320e-01 3.482e-01 5.108e-04 1.010e-02 2.520e-03 -1.000 1.977e-02 -11.172 -6.613 -6.505 -6.481 -6.543 -6.680 -6.710 -6.958 -8.000 -10.495 -10.595 -6.543 -6.666 -7.235 -7.932
0.02 0.14251 6.00000 150.0000000000 2.6336188316  127.044  6.393  4.6507  3.704    0  0.000  0.092     0.00     0.00 -1 -2.61e-05      0.00 6.344e-01 3.458e-01 1.128e-04 1.095e-02 2.090e-03 -1.000 1.977e-02 -11.212 -6.655 -6.548 -6.526 -6.590 -6.729 -6.760 -7.010 -8.058 -10.555 -10.656 -6.589 -6.715 -7.290 -7.990
0.02 0.14251 6.00000 151.9947967529 2.6336188316  128.465  6.401  4.6515  3.704    0  0.000  0.098     0.00     0.00 -1 -2.67e-05      0.00 6.316e-01 3.486e-01 1.140e-04 1.106e-02 1.957e-03 -1.000 1.976e-02 -11.232 -6.670 -6.564 -6.543 -6.609 -6.749 -6.780 -7.033 -8.085 -10.583 -10.686 -6.608 -6.735 -7.313 -8.016
0.02 0.14251 6.00000 174.9368743896 2.6336188316  144.250  6.484  4.6633  3.718    0  0.000  0.207     0.00     0.00 -1 -3.46e-05      0.00 5.975e-01 3.828e-01 1.235e-04 1.183e-02 1.066e-03 -1.000 1.968e-02 -11.440 -6.809 -6.709 -6.698 -6.784 -6.943 -6.979 -7.252 -8.346 -10.858 -10.985 -6.782 -6.928 -7.548 -8.276
0.02 0.14251 6.00000 200.0000152588 2.6336188316  160.695  6.562  4.6778  3.746    0  0.000  0.370     0.00     0.00 -1 -4.38e-05      0.00 5.604e-01 4.199e-01 1.296e-04 1.223e-02 6.026e-04 -1.000 1.963e-02 -11.634 -6.920 -6.827 -6.828 -6.938 -7.116 -7.155 -7.449 -8.571 -11.091 -11.252 -6.935 -7.099 -7.757 -8.502
0.02 0.14251 6.00000 208.8538513184 2.6336188316  166.541  6.586  4.6814  3.751    0  0.000  0.421     0.00     0.00 -1 -4.69e-05      0.00 5.499e-01 4.305e-01 1.311e-04 1.232e-02 5.029e-04 -1.000 1.962e-02 -11.695 -6.962 -6.871 -6.875 -6.991 -7.175 -7.214 -7.514 -8.642 -11.164 -11.334 -6.988 -7.157 -7.823 -8.573
0.02 0.14251 6.00000 228.5666809082 2.6336188316  179.512  6.637  4.6894  3.765    0  0.000  0.538     0.00     0.00 -1 -5.39e-05      0.00 5.285e-01 4.519e-01 1.337e-04 1.245e-02 3.549e-04 -1.000 1.960e-02 -11.822 -7.042 -6.954 -6.965 -7.092 -7.288 -7.328 -7.638 -8.777 -11.305 -11.494 -7.090 -7.270 -7.950 -8.707
0.02 0.14251 6.00000 250.0000000000 2.6336188316  193.328  6.687  4.6983  3.783    0  0.000  0.669     0.00     0.00 -1 -6.12e-05      0.00 5.070e-01 4.734e-01 1.358e-04 1.251e-02 2.846e-04 -1.000 1.960e-02 -11.947 -7.111 -7.027 -7.043 -7.182 -7.389 -7.430 -7.750 -8.896 -11.430 -11.641 -7.180 -7.370 -8.062 -8.826
0.02 0.14251 6.00000 294.2586975098 2.6336188316  220.762  6.772  4.7041  3.778    0  0.000  0.792     0.00     0.00 -1 -7.84e-05      0.00 4.893e-01 4.911e-01 1.381e-04 1.255e-02 2.372e-04 -1.000 1.957e-02 -12.161 -7.336 -7.258 -7.473 -7.416 -7.579 -7.649 -7.884 -9.216 -9.985 -10.948 -7.415 -7.581 -8.125 -8.944
0.02 0.14251 6.00000 300.0000305176 2.6336188316  224.258  6.782  4.7048  3.778    0  0.000  0.806     0.00     0.00 -1 -8.07e-05      0.00 4.872e-01 4.932e-01 1.384e-04 1.255e-02 2.328e-04 -1.000 1.957e-02 -12.186 -7.360 -7.283 -7.501 -7.444 -7.608 -7.679 -7.915 -9.249 -10.022 -10.986 -7.443 -7.610 -8.157 -8.978
0.02 0.14251 6.00000 347.3542480469 2.6336188316  255.512  6.865  4.7242  3.829    0  0.000  1.020     0.00     0.00 -1 -9.68e-05      0.00 4.430e-01 5.374e-01 1.414e-04 1.259e-02 1.854e-04  5.650 1.958e-02 -12.393 -7.444 -7.374 -7.634 -7.569 -7.754 -7.829 -8.090 -9.469 -10.245 -11.217 -7.570 -7.756 -8.351 -9.198
0.02 0.14251 6.00000 350.0000000000 2.6336188316  257.230  6.869  4.7252  3.832    0  0.000  1.030     0.00     0.00 -1 -9.77e-05      0.00 4.408e-01 5.397e-01 1.416e-04 1.259e-02 1.834e-04  5.883 1.957e-02 -12.403 -7.447 -7.378 -7.641 -7.575 -7.762 -7.836 -8.099 -9.479 -10.255 -11.228 -7.576 -7.764 -8.361 -9.208
0.02 0.14251 6.00000 350.0002746582 2.6336188316  252.008  6.866  4.7240  3.821    0  0.000  1.081     0.00     0.00 -1 -8.25e-05      0.00 4.235e-01 5.570e-01 1.520e-04 1.257e-02 1.996e-04  5.651 1.950e-02 -12.396 -7.400 -7.321 -7.551 -7.482 -7.655 -7.726 -7.978 -9.352 -10.101 -11.045 -7.484 -7.657 -8.235 -9.081
0.02 0.14251 6.00000 350.0006103516 2.6336188316  245.334  6.863  4.7231  3.809    0  0.000  1.127     0.00     0.00 -1 -6.88e-05      0.00 4.001e-01 5.804e-01 1.643e-04 1.254e-02 2.219e-04 -1.000 1.958e-02 -12.387 -7.359 -7.270 -7.465 -7.394 -7.552 -7.618 -7.856 -9.216 -9.940 -10.860 -7.396 -7.554 -8.105 -8.945
0.02 0.14251 6.00000 350.0009155273 2.6336188316  238.773  6.859  4.7225  3.799    0  0.000  1.163     0.00     0.00 -1 -5.75e-05      0.00 3.772e-01 6.032e-01 1.757e-04 1.251e-02 2.439e-04 -1.000 1.960e-02 -12.378 -7.278 -7.162 -7.136 -7.188 -7.341 -7.351 -7.603 -9.064 -9.991 -10.922 -7.206 -7.335 -7.862 -8.796
0.02 0.14251 6.00000 350.0013427734 2.6336188316  228.975  6.854  4.7221  3.785    0  0.000  1.201     0.00     0.00 -1 -4.54e-05      0.00 3.434e-01 6.370e-01 1.917e-04 1.246e-02 2.767e-04 -1.000 1.961e-02 -12.364 -7.257 -7.135 -7.095 -7.120 -7.243 -7.250 -7.460 -8.843 -9.735 -10.660 -7.136 -7.238 -7.685 -8.575
0.02 0.14251 6.00000 350.0016174316 2.6336188316  222.773  6.850  4.7221  3.776    0  0.000  1.220     0.00     0.00 -1 -3.91e-05      0.00 3.227e-01 6.577e-01 2.012e-04 1.243e-02 2.967e-04 -1.000 1.961e-02 -12.355 -7.243 -7.119 -7.073 -7.083 -7.186 -7.192 -7.373 -8.705 -9.569 -10.487 -7.097 -7.182 -7.575 -8.437
0.02 0.14251 6.00000 350.0017089844 2.6336188316  217.271  6.843  4.7233  3.778    0  0.000  1.230     0.00     0.00 -1 -5.73e-05      0.00 3.094e-01 6.710e-01 2.056e-04 1.242e-02 3.057e-04 -1.000 1.961e-02 -12.337 -7.235 -7.122 -7.101 -7.164 -7.326 -7.338 -7.600 -9.083 -10.014 -10.945 -7.183 -7.321 -7.868 -8.815
0.02 0.14251 6.00000 350.0018310547 2.6336188316  209.082  6.829  4.7260  3.785    0  0.000  1.242     0.00     0.00 -1  -0.00014      0.00 2.922e-01 6.882e-01 2.099e-04 1.241e-02 3.143e-04 -1.000 1.961e-02 -12.302 -7.383 -7.327 -7.405 -7.623 -7.933 -7.942 -8.337 -9.982 -10.925 -11.827 -7.657 -7.922 -8.681 -9.715
0.02 0.14251 6.00000 350.0019531250 2.6336188316  195.354  6.797  4.7254  3.785    0  0.000  1.245     0.00     0.00 -1 -0.000156      0.00 2.809e-01 6.995e-01 2.136e-04 1.240e-02 3.232e-04 -1.000 1.961e-02 -12.223 -7.384 -7.339 -7.438 -7.683 -8.021 -8.022 -8.435 -10.085 -11.026 -11.923 -7.720 -8.009 -8.781 -9.816
0.02 0.14251 6.00000 350.0020446777 2.6336188316  180.215  6.758  4.7238  3.783    0  0.000  1.245     0.00     0.00 -1 -0.000134      0.00 2.713e-01 7.091e-01 2.173e-04 1.239e-02 3.325e-04 -1.000 1.961e-02 -12.126 -7.266 -7.216 -7.307 -7.540 -7.866 -7.870 -8.275 -9.923 -10.861 -11.758 -7.575 -7.855 -8.620 -9.654
0.02 0.14251 6.00000 350.0021667480 2.6336188316  166.430  6.720  4.7224  3.781    0  0.000  1.245     0.00     0.00 -1 -0.000114      0.00 2.618e-01 7.186e-01 2.209e-04 1.238e-02 3.416e-04 -1.000 1.961e-02 -12.029 -7.143 -7.088 -7.169 -7.389 -7.701 -7.709 -8.104 -9.749 -10.686 -11.583 -7.422 -7.690 -8.448 -9.482
0.02 0.14251 6.00000 350.0022583008 2.6336188316  153.594  6.681  4.7210  3.780    0  0.000  1.244     0.00     0.00 -1 -9.68e-05      0.00 2.522e-01 7.281e-01 2.245e-04 1.237e-02 3.509e-04 -1.000 1.961e-02 -11.931 -7.024 -6.964 -7.035 -7.242 -7.540 -7.552 -7.937 -9.577 -10.510 -11.407 -7.273 -7.531 -8.277 -9.309
0.02 0.14251 6.00000 350.0023803711 2.6336188316  141.994  6.642  4.7196  3.779    0  0.000  1.243     0.00     0.00 -1 -8.33e-05      0.00 2.428e-01 7.375e-01 2.280e-04 1.235e-02 3.600e-04 -1.000 1.961e-02 -11.835 -6.916 -6.851 -6.914 -7.110 -7.397 -7.410 -7.785 -9.415 -10.344 -11.241 -7.139 -7.387 -8.119 -9.147
0.02 0.14251 6.00000 350.0024719238 2.6336188316  131.004  6.602  4.7182  3.778    0  0.000  1.241     0.00     0.00 -1 -7.07e-05      0.00 2.331e-01 7.473e-01 2.317e-04 1.234e-02 3.693e-04 -1.000 1.961e-02 -11.735 -6.802 -6.731 -6.784 -6.967 -7.241 -7.256 -7.619 -9.238 -10.162 -11.061 -6.995 -7.232 -7.946 -8.969
0.02 0.14251 6.00000 350.0025939941 2.6336188316  120.738  6.561  4.7168  3.778    0  0.000  1.239     0.00     0.00 -1 -5.98e-05      0.00 2.232e-01 7.572e-01 2.353e-04 1.233e-02 3.788e-04 -1.000 1.961e-02 -11.633 -6.685 -6.608 -6.652 -6.820 -7.081 -7.098 -7.449 -9.057 -9.977 -10.877 -6.847 -7.073 -7.769 -8.788
0.02 0.14251 6.00000 350.0027160645 2.6336188316  111.283  6.521  4.7154  3.777    0  0.000  1.237     0.00     0.00 -1 -5.06e-05      0.00 2.132e-01 7.672e-01 2.390e-04 1.232e-02 3.882e-04 -1.000 1.961e-02 -11.532 -6.570 -6.488 -6.522 -6.677 -6.925 -6.944 -7.283 -8.879 -9.798 -10.699 -6.702 -6.918 -7.596 -8.610
0.02 0.14251 6.00000 350.0028076172 2.6336188316  102.748  6.481  4.7140  3.777    0  0.000  1.235     0.00     0.00 -1 -4.29e-05      0.00 2.035e-01 7.769e-01 2.426e-04 1.231e-02 3.975e-04 -1.000 1.961e-02 -11.433 -6.465 -6.377 -6.403 -6.544 -6.778 -6.797 -7.125 -8.708 -9.630 -10.535 -6.567 -6.771 -7.432 -8.439
0.02 0.14251 6.00000 350.0029296875 2.6336188316   94.807  6.441  4.7128  3.777    0  0.000  1.234     0.00     0.00 -1 -3.68e-05      0.00 1.937e-01 7.867e-01 2.463e-04 1.230e-02 4.068e-04 -1.000 1.961e-02 -11.333 -6.360 -6.268 -6.285 -6.415 -6.638 -6.656 -6.975 -8.548 -9.474 -10.381 -6.437 -6.631 -7.277 -8.279
0.02 0.14251 6.00000 350.0030212402 2.6336188316   87.413  6.401  4.7117  3.778    0  0.000  1.233     0.00     0.00 -1 -3.13e-05      0.00 1.837e-01 7.966e-01 2.500e-04 1.229e-02 4.161e-04 -1.000 1.961e-02 -11.232 -6.252 -6.155 -6.164 -6.280 -6.490 -6.509 -6.816 -8.380 -9.309 -10.219 -6.301 -6.483 -7.114 -8.111
0.02 0.14251 6.00000 350.0031433105 2.6336188316   80.552  6.360  4.7107  3.779    0  0.000  1.233     0.00     0.00 -1 -2.65e-05      0.00 1.738e-01 8.066e-01 2.538e-04 1.227e-02 4.254e-04 -1.000 1.961e-02 -11.129 -6.141 -6.039 -6.039 -6.140 -6.336 -6.356 -6.652 -8.204 -9.138 -10.052 -6.160 -6.330 -6.945 -7.936
0.02 0.14251 6.00000 350.0032348633 2.6336188316   74.217  6.318  4.7096  3.780    0  0.000  1.234     0.00     0.00 -1 -2.24e-05      0.00 1.637e-01 8.167e-01 2.577e-04 1.226e-02 4.348e-04 -1.000 1.961e-02 -11.026 -6.039 -5.933 -5.925 -6.014 -6.198 -6.216 -6.500 -8.026 -8.957 -9.874 -6.033 -6.192 -6.782 -7.758
0.02 0.14251 6.00000 350.0033569336 2.6336188316   68.534  6.278  4.7087  3.783    0  0.000  1.235     0.00     0.00 -1  -1.9e-05      0.00 1.536e-01 8.268e-01 2.615e-04 1.225e-02 4.438e-04 -1.000 1.961e-02 -10.925 -5.938 -5.828 -5.813 -5.889 -6.060 -6.077 -6.347 -7.847 -8.775 -9.695 -5.907 -6.055 -6.619 -7.578
0.02 0.14251 6.00000 350.0034484863 2.6336188316   63.108  6.236  4.7079  3.785    0  0.000  1.237     0.00     0.00 -1  -1.6e-05      0.00 1.431e-01 8.373e-01 2.655e-04 1.224e-02 4.531e-04 -1.000 1.961e-02 -10.820 -5.833 -5.720 -5.698 -5.760 -5.919 -5.933 -6.191 -7.664 -8.590 -9.513 -5.778 -5.914 -6.453 -7.395
0.02 0.14251 6.00000 350.0035705566 2.6336188316   58.004  6.193  4.7070  3.788    0  0.000  1.241     0.00     0.00 -1 -1.35e-05      0.00 1.322e-01 8.482e-01 2.698e-04 1.222e-02 4.627e-04 -1.000 1.961e-02 -10.713 -5.726 -5.608 -5.579 -5.628 -5.774 -5.787 -6.032 -7.476 -8.401 -9.327 -5.645 -5.769 -6.282 -7.208
0.02 0.14251 6.00000 350.0036621094 2.6336188316   53.431  6.152  4.7063  3.791    0  0.000  1.247     0.00     0.00 -1 -1.14e-05      0.00 1.214e-01 8.589e-01 2.741e-04 1.221e-02 4.719e-04 -1.000 1.964e-02 -10.610 -5.624 -5.505 -5.470 -5.509 -5.643 -5.655 -5.883 -7.298 -8.211 -9.133 -5.525 -5.638 -6.121 -7.030
0.02 0.14251 6.00000 350.0037841797 2.6336188316   49.097  6.110  4.7063  3.796    0  0.000  1.255     0.00     0.00 -1  -9.6e-06      0.00 1.102e-01 8.701e-01 2.786e-04 1.220e-02 4.812e-04 -1.000 1.961e-02 -10.505 -5.515 -5.394 -5.356 -5.385 -5.507 -5.518 -5.730 -7.118 -8.016 -8.934 -5.400 -5.503 -5.956 -6.850
0.02 0.14251 6.00000 350.0039062500 2.6336188316   45.087  6.068  4.7071  3.804    0  0.000  1.267     0.00     0.00 -1 -8.05e-06      0.00 9.904e-02 8.813e-01 2.834e-04 1.219e-02 4.904e-04 -1.000 1.962e-02 -10.400 -5.401 -5.278 -5.235 -5.254 -5.364 -5.374 -5.569 -6.928 -7.812 -8.725 -5.268 -5.360 -5.782 -6.659
0.02 0.14251 6.00000 350.0039978027 2.6336188316   41.390  6.026  4.7090  3.817    0  0.000  1.283     0.00     0.00 -1 -6.81e-06      0.00 8.758e-02 8.928e-01 2.886e-04 1.217e-02 4.994e-04 -1.000 1.967e-02 -10.295 -5.278 -5.153 -5.106 -5.117 -5.217 -5.226 -5.406 -6.739 -7.609 -8.519 -5.130 -5.213 -5.608 -6.470
0.02 0.14251 6.00000 350.0041198730 2.6336188316   38.382  5.989  4.7121  3.834    0  0.000  1.303     0.00     0.00 -1 -5.85e-06      0.00 7.736e-02 9.030e-01 2.935e-04 1.216e-02 5.071e-04 -1.000 1.963e-02 -10.202 -5.160 -5.035 -4.986 -4.990 -5.084 -5.092 -5.262 -6.577 -7.436 -8.346 -5.003 -5.080 -5.456 -6.308
0.02 0.14251 6.00000 350.0041809082 2.6336188316   36.109  5.959  4.7166  3.855    0  0.000  1.325     0.00     0.00 -1  -5.2e-06      0.00 6.899e-02 9.114e-01 2.979e-04 1.215e-02 5.132e-04 -1.000 1.964e-02 -10.127 -5.052 -4.927 -4.877 -4.881 -4.975 -4.981 -5.149 -6.459 -7.314 -8.226 -4.894 -4.971 -5.341 -6.191
0.02 0.14251 6.00000 350.0042419434 2.6336188316   34.848  5.942  4.7208  3.873    0  0.000  1.338     0.00     0.00 -1 -4.84e-06      0.00 6.476e-02 9.156e-01 3.005e-04 1.215e-02 5.166e-04 -1.000 1.962e-02 -10.085 -4.980 -4.854 -4.804 -4.807 -4.900 -4.906 -5.072 -6.378 -7.228 -8.142 -4.820 -4.896 -5.262 -6.109
0.02 0.14251 6.00000 350.0042724609 2.6336188316   33.526  5.924  4.7277  3.902    0  0.000  1.352     0.00     0.00 -1 -4.47e-06      0.00 6.095e-02 9.194e-01 3.033e-04 1.214e-02 5.204e-04 -1.000 1.961e-02 -10.040 -4.885 -4.759 -4.709 -4.710 -4.802 -4.806 -4.969 -6.268 -7.111 -8.029 -4.723 -4.798 -5.156 -5.999
0.02 0.14251 6.00000 350.0043029785 2.6336188316   32.733  5.913  4.7350  3.932    0  0.000  1.360     0.00     0.00 -1 -4.27e-06      0.00 5.921e-02 9.211e-01 3.050e-04 1.214e-02 5.228e-04 -1.000 1.966e-02 -10.014 -4.805 -4.679 -4.629 -4.628 -4.720 -4.722 -4.882 -6.173 -7.008 -7.930 -4.641 -4.715 -5.065 -5.904
0.02 0.14251 6.00000 350.0043334961 2.6336188316   31.959  5.905  4.7544  4.007    0  0.000  1.368     0.00     0.00 -1 -4.08e-06      0.00 5.778e-02 9.226e-01 3.067e-04 1.213e-02 5.253e-04 -1.000 1.962e-02 -9.993 -4.639 -4.513 -4.461 -4.457 -4.548 -4.547 -4.703 -5.980 -6.807 -7.738 -4.470 -4.543 -4.880 -5.712
0.02 0.14251 6.00000 350.0044250488 2.6336188316   29.990  5.933  5.0531  5.146    0  0.000  1.214     0.00     0.00 -1 -4.44e-06      0.00 4.010e-02 9.402e-01 2.885e-04 1.216e-02 5.280e-04 -1.000 1.967e-02 -10.062 -2.801 -2.728 -2.755 -2.942 -3.126 -3.269 -3.574 -5.289 -6.454 -7.560 -2.929 -3.137 -3.925 -5.013
0.02 0.14251 6.00000 350.0045166016 2.6336188316   27.674  5.889  5.0530  5.155    0  0.000  1.883     0.00     0.00 -1 -3.74e-06      0.00 3.133e-02 9.490e-01 3.557e-04 1.206e-02 5.290e-04 -1.000 1.962e-02 -9.952 -2.691 -2.618 -2.645 -2.831 -3.015 -3.158 -3.463 -5.178 -6.342 -7.448 -2.819 -3.026 -3.814 -4.902
0.02 0.14251 6.00000 350.0045776367 2.6336188316   25.890  5.855  5.0526  5.158    0  0.000 37.557     0.00     0.00 -1 -2.88e-06      0.00 3.186e-02 8.874e-01 5.617e-02 4.677e-03 1.641e-03 11.157 8.073e-02 -9.868 -2.568 -2.484 -2.488 -2.665 -2.828 -2.959 -3.247 -4.824 -5.897 -6.988 -2.653 -2.836 -3.558 -4.549
0.02 0.14251 6.00000 350.0046997070 2.6336188316   23.682  5.817  5.0507  5.150    0  0.000 32.589     0.00     0.00 -1 -1.78e-06      0.00 3.281e-02 7.518e-01 1.807e-01 4.574e-05 9.085e-03 11.645 2.154e-01 -9.773 -2.384 -2.282 -2.257 -2.366 -2.484 -2.590 -2.818 -4.321 -5.297 -6.340 -2.356 -2.491 -3.092 -4.047
0.02 0.14251 6.00000 350.0048828125 2.6336188316   21.703  5.787  5.0509  5.144    0  0.000 15.479     0.00     0.00 -1 -1.11e-06      0.00 3.397e-02 6.327e-01 2.834e-01 4.735e-05 2.422e-02 11.813 3.333e-01 -9.696 -2.232 -2.121 -2.079 -2.143 -2.226 -2.307 -2.467 -3.860 -4.751 -5.699 -2.136 -2.231 -2.676 -3.587
0.02 0.14251 6.00000 350.0050048828 2.6336188316   20.642  5.775  5.0578  5.161    0  0.000 10.237     0.00     0.00 -1  -7.5e-07      0.00 3.487e-02 5.387e-01 3.553e-01 4.860e-05 4.547e-02 11.885 4.265e-01 -9.667 -2.149 -2.039 -1.999 -2.063 -2.141 -2.223 -2.349 -3.637 -4.546 -5.499 -2.053 -2.147 -2.496 -3.364
0.02 0.14251 6.00000 350.0050964355 2.6336188316   20.070  5.772  5.0701  5.201    0  0.000  7.735     0.00     0.00 -1 -5.76e-07      0.00 3.549e-02 4.726e-01 4.000e-01 4.948e-05 6.613e-02 11.915 4.919e-01 -9.660 -2.113 -2.011 -1.982 -2.072 -2.169 -2.267 -2.427 -3.795 -4.758 -5.738 -2.060 -2.176 -2.612 -3.521
0.02 0.14251 6.00000 350.0051269531 2.6336188316   19.888  5.774  5.0811  5.239    0  0.000  7.144     0.00     0.00 -1  -5.2e-07      0.00 3.573e-02 4.532e-01 4.117e-01 4.981e-05 7.360e-02 11.920 5.111e-01 -9.666 -2.101 -2.006 -1.987 -2.104 -2.221 -2.335 -2.540 -4.019 -5.032 -6.033 -2.090 -2.229 -2.781 -3.745
0.02 0.14251 6.00000 350.0051574707 2.6336188316   19.699  5.891  5.2453  5.775    0  0.000  6.711     0.00     0.00 -1 -8.42e-07      0.00 3.598e-02 4.382e-01 4.201e-01 5.016e-05 7.990e-02 11.921 5.258e-01 -9.956 -3.706 -3.742 -3.978 -4.499 -4.867 -5.033 -5.473 -7.306 -8.581 -9.725 -4.493 -4.875 -5.864 -7.030
#isochrone terminated
