# File generated by CMD 3.3 (http://stev.oapd.inaf.it/cmd) on Wed Apr 22 16:19:33 CEST 2020
# isochrones based on PARSEC release v1.2S +  COLIBRI S_35
# Basic references: Bressan et al. (2012), MNRAS, 427, 127 + Chen et al. (2014, 2015), MNRAS, 444, 2525 + MNRAS, 452, 1068 + Tang et al. (2014), MNRAS, 445, 4287 + Marigo et al. (2017), ApJ, 835, 77 + Pastorelli al. (2019), MNRAS in press
# Thermal pulse cycles included 
# On RGB, assumed Reimers mass loss with efficiency eta=0.2
# Photometric system:  2MASS + Spitzer (IRAC+MIPS) + WISE
# Using YBC version of bolometric corrections as in Chen et al. (2019)
# O-rich circumstellar dpmod60alox40 dust from Groenewegen (2006)
# C-rich circumstellar AMCSIC15 dust from Groenewegen (2006)
# IMF: Kroupa (2001, 2002) + Kroupa et al. (2013) canonical two-part-power law IMF corrected for unresolved binaries 
# Kind of output: isochrone tables
# Zini     MH   logAge Mini        int_IMF         Mass   logL    logTe  logg  label   McoreTP C_O  period0 period1 pmode  Mloss  tau1m   X   Y   Xc  Xn  Xo  Cexcess  Z 	 mbolmag  Jmag    Hmag    Ksmag   IRAC_3.6mag  IRAC_4.5mag  IRAC_5.8mag  IRAC_8.0mag  MIPS_24mag  MIPS_70mag  MIPS_160mag  W1mag   W2mag   W3mag   W4mag
0.05 0.59589 6.00000 0.1000000015 1.1711064577    0.100 -1.272  3.4166  3.328    0  0.000  0.545     0.00     0.00 -1 -4.65e-14      0.00 6.087e-01 3.403e-01 9.173e-03 2.474e-03 2.244e-02 -1.000 5.101e-02 7.950 5.827 5.306 4.932 4.459 4.308 4.237 4.143 3.484 3.432 3.468 4.605 4.311 4.082 3.674
0.05 0.59589 6.00000 0.1199999973 1.3193154335    0.120 -1.114  3.4266  3.289    0  0.000  0.545     0.00     0.00 -1 -6.39e-14      0.00 6.087e-01 3.403e-01 9.173e-03 2.474e-03 2.244e-02 -1.000 5.101e-02 7.555 5.435 4.910 4.555 4.104 3.956 3.891 3.803 3.151 3.101 3.145 4.247 3.960 3.746 3.341
0.05 0.59589 6.00000 0.1400000006 1.4384527206    0.140 -0.984  3.4364  3.266    0  0.000  0.545     0.00     0.00 -1 -8.21e-14      0.00 6.087e-01 3.403e-01 9.173e-03 2.474e-03 2.244e-02 -1.000 5.101e-02 7.230 5.114 4.575 4.246 3.825 3.682 3.624 3.543 2.899 2.854 2.905 3.966 3.687 3.491 3.089
0.05 0.59589 6.00000 0.1641744524 1.5559064150    0.164 -0.860  3.4499  3.265    0  0.000  0.545     0.00     0.00 -1 -1.01e-13      0.00 6.087e-01 3.403e-01 9.173e-03 2.474e-03 2.244e-02 -1.000 5.101e-02 6.919 4.813 4.242 3.950 3.575 3.442 3.392 3.321 2.690 2.651 2.711 3.714 3.448 3.276 2.880
0.05 0.59589 6.00000 0.1696429402 1.5793790817    0.170 -0.846  3.4530  3.277    0  0.000  0.545     0.00     0.00 -1 -1.01e-13      0.00 6.087e-01 3.403e-01 9.173e-03 2.474e-03 2.244e-02 -1.000 5.101e-02 6.885 4.784 4.203 3.918 3.555 3.423 3.374 3.306 2.677 2.641 2.704 3.692 3.429 3.263 2.867
0.05 0.59589 6.00000 0.1740697622 1.5976716280    0.174 -0.826  3.4560  3.281    0  0.000  0.545     0.00     0.00 -1 -1.04e-13      0.00 6.087e-01 3.403e-01 9.173e-03 2.474e-03 2.244e-02 -1.000 5.101e-02 6.835 4.739 4.148 3.871 3.518 3.389 3.342 3.275 2.650 2.616 2.682 3.655 3.395 3.234 2.840
0.05 0.59589 6.00000 0.1790882945 1.6176913977    0.179 -0.797  3.4598  3.279    0  0.000  0.545     0.00     0.00 -1  -1.1e-13      0.00 6.087e-01 3.403e-01 9.173e-03 2.474e-03 2.244e-02 -1.000 5.101e-02 6.764 4.673 4.068 3.801 3.462 3.335 3.290 3.226 2.605 2.574 2.642 3.598 3.342 3.188 2.795
0.05 0.59589 6.00000 0.1859008074 1.6437299252    0.186 -0.751  3.4652  3.271    0  0.000  0.545     0.00     0.00 -1 -1.21e-13      0.00 6.087e-01 3.403e-01 9.173e-03 2.474e-03 2.244e-02 -1.000 5.101e-02 6.647 4.564 3.934 3.681 3.368 3.248 3.207 3.146 2.530 2.502 2.575 3.503 3.255 3.111 2.720
0.05 0.59589 6.00000 0.1972821653 1.6845765114    0.197 -0.672  3.4739  3.253    0  0.000  0.545     0.00     0.00 -1 -1.44e-13      0.00 6.087e-01 3.403e-01 9.173e-03 2.474e-03 2.244e-02 -1.000 5.101e-02 6.451 4.382 3.709 3.478 3.207 3.100 3.065 3.009 2.403 2.382 2.460 3.342 3.109 2.980 2.593
0.05 0.59589 6.00000 0.2022419572 1.7014300823    0.202 -0.657  3.4765  3.259    0  0.000  0.545     0.00     0.00 -1 -1.46e-13      0.00 6.087e-01 3.403e-01 9.173e-03 2.474e-03 2.244e-02 -1.000 5.101e-02 6.412 4.348 3.664 3.438 3.179 3.075 3.041 2.987 2.384 2.365 2.446 3.312 3.084 2.960 2.574
0.05 0.59589 6.00000 0.2103418112 1.7278294563    0.210 -0.665  3.4788  3.293    0  0.000  0.545     0.00     0.00 -1 -1.35e-13      0.00 6.087e-01 3.403e-01 9.173e-03 2.474e-03 2.244e-02 -1.000 5.101e-02 6.432 4.374 3.687 3.462 3.208 3.106 3.073 3.020 2.420 2.404 2.486 3.340 3.115 2.995 2.610
0.05 0.59589 6.00000 0.2184324414 1.7529113293    0.218 -0.663  3.4818  3.320    0  0.000  0.545     0.00     0.00 -1 -1.29e-13      0.00 6.087e-01 3.403e-01 9.173e-03 2.474e-03 2.244e-02 -1.000 5.101e-02 6.428 4.378 3.684 3.462 3.217 3.118 3.084 3.032 2.437 2.426 2.512 3.346 3.126 3.010 2.627
0.05 0.59589 6.00000 0.2265014052 1.7767511606    0.226 -0.653  3.4853  3.340    0  0.000  0.545     0.00     0.00 -1 -1.27e-13      0.00 6.087e-01 3.403e-01 9.173e-03 2.474e-03 2.244e-02 -1.000 5.101e-02 6.403 4.362 3.658 3.439 3.205 3.110 3.076 3.025 2.435 2.431 2.522 3.330 3.119 3.007 2.625
0.05 0.59589 6.00000 0.2344945669 1.7993026972    0.235 -0.632  3.4896  3.350    0  0.000  0.545     0.00     0.00 -1 -1.29e-13      0.00 6.087e-01 3.403e-01 9.173e-03 2.474e-03 2.244e-02 -1.000 5.101e-02 6.350 4.319 3.599 3.386 3.167 3.078 3.044 2.993 2.410 2.413 2.510 3.289 3.087 2.980 2.600
0.05 0.59589 6.00000 0.2423607409 1.8205410242    0.242 -0.597  3.4945  3.349    0  0.000  0.545     0.00     0.00 -1 -1.38e-13      0.00 6.087e-01 3.403e-01 9.173e-03 2.474e-03 2.244e-02 -1.000 5.101e-02 6.262 4.243 3.504 3.295 3.094 3.015 2.983 2.933 2.357 2.366 2.467 3.212 3.024 2.924 2.547
0.05 0.59589 6.00000 0.2568209171 1.8573384285    0.257 -0.536  3.5023  3.345    0  0.000  0.545     0.00     0.00 -1 -1.55e-13      0.00 6.087e-01 3.403e-01 9.173e-03 2.474e-03 2.244e-02 -1.000 5.101e-02 6.111 4.113 3.343 3.140 2.966 2.904 2.875 2.827 2.263 2.283 2.389 3.079 2.914 2.824 2.453
0.05 0.59589 6.00000 0.2695713043 1.8876178265    0.270 -0.517  3.5065  3.364    0  0.000  0.545     0.00     0.00 -1 -1.55e-13      0.00 6.087e-01 3.403e-01 9.173e-03 2.474e-03 2.244e-02 -1.000 5.101e-02 6.063 4.077 3.297 3.096 2.932 2.878 2.849 2.802 2.245 2.271 2.380 3.041 2.888 2.803 2.435
0.05 0.59589 6.00000 0.2824302018 1.9163254499    0.282 -0.509  3.5101  3.390    0  0.000  0.545     0.00     0.00 -1 -1.49e-13      0.00 6.087e-01 3.403e-01 9.173e-03 2.474e-03 2.244e-02 -1.000 5.101e-02 6.043 4.067 3.279 3.080 2.925 2.877 2.848 2.802 2.250 2.281 2.393 3.030 2.887 2.805 2.440
0.05 0.59589 6.00000 0.2952168286 1.9432345629    0.295 -0.498  3.5140  3.414    0  0.000  0.545     0.00     0.00 -1 -1.46e-13      0.00 6.087e-01 3.403e-01 9.173e-03 2.474e-03 2.244e-02 -1.000 5.101e-02 6.014 4.050 3.254 3.057 2.910 2.871 2.841 2.794 2.249 2.288 2.403 3.011 2.881 2.801 2.439
0.05 0.59589 6.00000 0.3157223463 1.9833688736    0.316 -0.462  3.5205  3.433    0  0.000  0.545     0.00     0.00 -1  -1.5e-13      0.00 6.087e-01 3.403e-01 9.173e-03 2.474e-03 2.244e-02 -1.000 5.101e-02 5.924 3.979 3.167 2.974 2.843 2.818 2.788 2.740 2.207 2.257 2.378 2.936 2.828 2.753 2.397
0.05 0.59589 6.00000 0.3343299031 2.0169606209    0.334 -0.433  3.5259  3.451    0  0.000  0.545     0.00     0.00 -1 -1.53e-13      0.00 6.087e-01 3.403e-01 9.173e-03 2.474e-03 2.244e-02 -1.000 5.101e-02 5.853 3.924 3.105 2.912 2.788 2.775 2.744 2.695 2.172 2.230 2.352 2.874 2.785 2.712 2.362
0.05 0.59589 6.00000 0.3604219854 2.0601756573    0.360 -0.397  3.5331  3.476    0  0.000  0.545     0.00     0.00 -1 -1.55e-13      0.00 6.087e-01 3.403e-01 9.173e-03 2.474e-03 2.244e-02 -1.000 5.101e-02 5.763 3.854 3.030 2.837 2.721 2.723 2.691 2.640 2.131 2.198 2.322 2.799 2.733 2.663 2.320
0.05 0.59589 6.00000 0.3882970214 2.1020646095    0.388 -0.353  3.5406  3.495    0  0.000  0.545     0.00     0.00 -1 -1.62e-13      0.00 6.087e-01 3.403e-01 9.173e-03 2.474e-03 2.244e-02 -1.000 5.101e-02 5.654 3.766 2.939 2.747 2.638 2.654 2.621 2.567 2.071 2.148 2.275 2.706 2.664 2.595 2.261
0.05 0.59589 6.00000 0.4100737870 2.1321592331    0.410 -0.322  3.5461  3.509    0  0.000  0.545     0.00     0.00 -1 -1.66e-13      0.00 6.087e-01 3.403e-01 9.173e-03 2.474e-03 2.244e-02 -1.000 5.101e-02 5.575 3.703 2.879 2.688 2.581 2.607 2.572 2.515 2.029 2.113 2.242 2.643 2.617 2.547 2.218
0.05 0.59589 6.00000 0.4493839741 2.1815521717    0.449 -0.264  3.5555  3.529    0  0.000  0.545     0.00     0.00 -1 -1.77e-13      0.00 6.087e-01 3.403e-01 9.173e-03 2.474e-03 2.244e-02 -1.000 5.101e-02 5.431 3.586 2.770 2.581 2.479 2.519 2.482 2.419 1.948 2.044 2.175 2.529 2.528 2.456 2.138
0.05 0.59589 6.00000 0.4500000179 2.1822810173    0.450 -0.264  3.5557  3.529    0  0.000  0.545     0.00     0.00 -1 -1.78e-13      0.00 6.087e-01 3.403e-01 9.173e-03 2.474e-03 2.244e-02 -1.000 5.101e-02 5.429 3.584 2.769 2.580 2.477 2.518 2.480 2.417 1.947 2.043 2.174 2.528 2.527 2.455 2.136
0.05 0.59589 6.00000 0.4766400158 2.2126147747    0.477 -0.225  3.5619  3.541    0  0.000  0.545     0.00     0.00 -1 -1.86e-13      0.00 6.087e-01 3.403e-01 9.173e-03 2.474e-03 2.244e-02 -1.000 5.101e-02 5.333 3.507 2.698 2.512 2.412 2.460 2.422 2.355 1.894 1.998 2.128 2.455 2.470 2.396 2.083
0.05 0.59589 6.00000 0.5000000596 2.2374544144    0.500 -0.193  3.5671  3.551    0  0.000  0.545     0.00     0.00 -1 -1.93e-13      0.00 6.087e-01 3.403e-01 9.173e-03 2.474e-03 2.244e-02 -1.000 5.101e-02 5.253 3.443 2.641 2.458 2.361 2.414 2.375 2.305 1.851 1.960 2.088 2.399 2.423 2.349 2.040
0.05 0.59589 6.00000 0.5244221091 2.2612879276    0.524 -0.160  3.5726  3.560    0  0.000  0.545     0.00     0.00 -1 -2.02e-13      0.00 6.087e-01 3.403e-01 9.173e-03 2.474e-03 2.244e-02 -1.000 5.101e-02 5.169 3.376 2.578 2.400 2.307 2.367 2.327 2.254 1.807 1.921 2.048 2.341 2.375 2.301 1.996
0.05 0.59589 6.00000 0.5500000119 2.2836582661    0.550 -0.127  3.5779  3.569    0  0.000  0.545     0.00     0.00 -1  -2.1e-13      0.00 6.087e-01 3.403e-01 9.173e-03 2.474e-03 2.244e-02 -1.000 5.101e-02 5.087 3.309 2.514 2.342 2.256 2.320 2.281 2.206 1.764 1.882 2.010 2.285 2.329 2.255 1.953
0.05 0.59589 6.00000 0.5652242303 2.2958736420    0.565 -0.108  3.5807  3.573    0  0.000  0.545     0.00     0.00 -1 -2.16e-13      0.00 6.087e-01 3.403e-01 9.173e-03 2.474e-03 2.244e-02 -1.000 5.101e-02 5.039 3.270 2.477 2.308 2.225 2.291 2.252 2.176 1.737 1.857 1.985 2.252 2.300 2.226 1.926
0.05 0.59589 6.00000 0.5850834846 2.3107142448    0.585 -0.082  3.5847  3.578    0  0.000  0.545     0.00     0.00 -1 -2.23e-13      0.00 6.087e-01 3.403e-01 9.173e-03 2.474e-03 2.244e-02 -1.000 5.101e-02 4.976 3.219 2.434 2.267 2.187 2.255 2.216 2.138 1.703 1.825 1.951 2.211 2.264 2.190 1.892
0.05 0.59589 6.00000 0.6000000238 2.3211214542    0.600 -0.064  3.5878  3.583    0  0.000  0.545     0.00     0.00 -1 -2.29e-13      0.00 6.087e-01 3.403e-01 9.173e-03 2.474e-03 2.244e-02 -1.000 5.101e-02 4.929 3.181 2.403 2.238 2.159 2.229 2.190 2.112 1.679 1.802 1.928 2.181 2.238 2.164 1.868
0.05 0.59589 6.00000 0.6123859286 2.3293213844    0.612 -0.050  3.5900  3.586    0  0.000  0.545     0.00     0.00 -1 -2.33e-13      0.00 6.087e-01 3.403e-01 9.173e-03 2.474e-03 2.244e-02 -1.000 5.101e-02 4.894 3.153 2.378 2.215 2.137 2.208 2.169 2.090 1.659 1.784 1.908 2.158 2.217 2.144 1.848
0.05 0.59589 6.00000 0.6374908686 2.3448233604    0.637 -0.020  3.5946  3.593    0  0.000  0.545     0.00     0.00 -1 -2.43e-13      0.00 6.087e-01 3.403e-01 9.173e-03 2.474e-03 2.244e-02 -1.000 5.101e-02 4.819 3.092 2.328 2.169 2.093 2.166 2.127 2.048 1.620 1.746 1.871 2.112 2.174 2.102 1.809
0.05 0.59589 6.00000 0.6499999762 2.3520355225    0.650 -0.005  3.5970  3.596    0  0.000  0.545     0.00     0.00 -1 -2.48e-13      0.00 6.087e-01 3.403e-01 9.173e-03 2.474e-03 2.244e-02 -1.000 5.101e-02 4.783 3.064 2.304 2.147 2.073 2.146 2.108 2.029 1.602 1.730 1.854 2.090 2.154 2.083 1.791
0.05 0.59589 6.00000 0.6549162865 2.3547832966    0.655 -0.000  3.5978  3.597    0  0.000  0.545     0.00     0.00 -1  -2.5e-13      0.00 6.087e-01 3.403e-01 9.173e-03 2.474e-03 2.244e-02 -1.000 5.101e-02 4.770 3.053 2.295 2.139 2.065 2.139 2.101 2.021 1.594 1.723 1.847 2.082 2.147 2.076 1.783
0.05 0.59589 6.00000 0.6790971756 2.3676357269    0.679  0.027  3.6016  3.601    0  0.000  0.545     0.00     0.00 -1  -2.6e-13      0.00 6.087e-01 3.403e-01 9.173e-03 2.474e-03 2.244e-02 -1.000 5.101e-02 4.702 2.997 2.247 2.094 2.022 2.097 2.060 1.980 1.555 1.685 1.810 2.038 2.105 2.036 1.744
0.05 0.59589 6.00000 0.6999999881 2.3779268265    0.700  0.050  3.6053  3.606    0  0.000  0.545     0.00     0.00 -1 -2.68e-13      0.00 6.087e-01 3.403e-01 9.173e-03 2.474e-03 2.244e-02 -1.000 5.101e-02 4.645 2.951 2.209 2.059 1.989 2.065 2.028 1.948 1.525 1.656 1.781 2.004 2.073 2.004 1.714
0.05 0.59589 6.00000 0.7005622387 2.3781938553    0.701  0.051  3.6055  3.607    0  0.000  0.545     0.00     0.00 -1 -2.69e-13      0.00 6.087e-01 3.403e-01 9.171e-03 2.474e-03 2.244e-02 -1.000 5.101e-02 4.643 2.950 2.208 2.058 1.989 2.064 2.027 1.948 1.525 1.656 1.780 2.003 2.072 2.004 1.714
0.05 0.59589 6.00000 0.7500000000 2.3998889923    0.750  0.126  3.6240  3.635    0  0.000  0.538     0.00     0.00 -1 -2.99e-13      0.00 6.087e-01 3.403e-01 9.053e-03 2.471e-03 2.244e-02 -1.000 5.101e-02 4.455 2.819 2.127 1.992 1.930 2.005 1.972 1.895 1.478 1.614 1.739 1.939 2.013 1.953 1.667
0.05 0.59589 6.00000 0.7518996000 2.4006574154    0.752  0.128  3.6242  3.636    0  0.000  0.538     0.00     0.00 -1    -3e-13      0.00 6.087e-01 3.403e-01 9.053e-03 2.471e-03 2.244e-02 -1.000 5.101e-02 4.451 2.816 2.124 1.989 1.928 2.003 1.970 1.892 1.476 1.611 1.737 1.937 2.010 1.950 1.664
0.05 0.59589 6.00000 0.7926847339 2.4161391258    0.792  0.163  3.6286  3.640    0  0.000  0.538     0.00     0.00 -1 -3.15e-13      0.00 6.087e-01 3.403e-01 9.053e-03 2.471e-03 2.244e-02 -1.000 5.101e-02 4.361 2.740 2.061 1.929 1.869 1.943 1.911 1.835 1.419 1.556 1.682 1.877 1.951 1.893 1.608
0.05 0.59589 6.00000 0.7976072431 2.4178848267    0.797  0.168  3.6291  3.640    0  0.000  0.538     0.00     0.00 -1 -3.17e-13      0.00 6.087e-01 3.403e-01 9.053e-03 2.471e-03 2.244e-02 -1.000 5.101e-02 4.350 2.730 2.053 1.921 1.861 1.936 1.904 1.827 1.412 1.549 1.675 1.869 1.943 1.886 1.601
0.05 0.59589 6.00000 0.8409875035 2.4322593212    0.840  0.204  3.6333  3.644    0  0.000  0.538     0.00     0.00 -1 -3.35e-13      0.00 6.087e-01 3.403e-01 9.053e-03 2.471e-03 2.244e-02 -1.000 5.101e-02 4.260 2.653 1.989 1.860 1.801 1.875 1.844 1.769 1.354 1.491 1.618 1.809 1.882 1.828 1.543
0.05 0.59589 6.00000 0.8452144861 2.4335694313    0.845  0.208  3.6337  3.644    0  0.000  0.538     0.00     0.00 -1 -3.37e-13      0.00 6.087e-01 3.403e-01 9.053e-03 2.471e-03 2.244e-02 -1.000 5.101e-02 4.251 2.645 1.982 1.854 1.795 1.868 1.837 1.763 1.348 1.485 1.612 1.802 1.876 1.821 1.537
0.05 0.59589 6.00000 0.8904677629 2.4467048645    0.890  0.244  3.6377  3.646    0  0.000  0.538     0.00     0.00 -1 -3.56e-13      0.00 6.087e-01 3.403e-01 9.053e-03 2.471e-03 2.244e-02 -1.000 5.101e-02 4.159 2.565 1.915 1.790 1.732 1.804 1.775 1.701 1.287 1.425 1.551 1.739 1.812 1.760 1.475
0.05 0.59589 6.00000 0.8928216696 2.4473464489    0.892  0.246  3.6379  3.646    0  0.000  0.538     0.00     0.00 -1 -3.57e-13      0.00 6.087e-01 3.403e-01 9.053e-03 2.471e-03 2.244e-02 -1.000 5.101e-02 4.155 2.561 1.912 1.787 1.729 1.801 1.772 1.698 1.284 1.422 1.548 1.736 1.809 1.757 1.473
0.05 0.59589 6.00000 0.9072279334 2.4511890411    0.906  0.256  3.6391  3.648    0  0.000  0.538     0.00     0.00 -1 -3.61e-13      0.00 6.087e-01 3.403e-01 9.053e-03 2.471e-03 2.244e-02 -1.000 5.101e-02 4.130 2.540 1.894 1.770 1.712 1.784 1.755 1.682 1.268 1.406 1.533 1.719 1.792 1.741 1.456
0.05 0.59589 6.00000 0.9404288530 2.4595315456    0.940  0.281  3.6419  3.649    0  0.000  0.538     0.00     0.00 -1 -3.76e-13      0.00 6.087e-01 3.403e-01 9.053e-03 2.471e-03 2.244e-02 -1.000 5.101e-02 4.067 2.485 1.847 1.725 1.668 1.740 1.711 1.639 1.225 1.363 1.490 1.675 1.747 1.698 1.414
0.05 0.59589 6.00000 0.9660057425 2.4655106068    0.966  0.299  3.6438  3.651    0  0.000  0.538     0.00     0.00 -1 -3.86e-13      0.00 6.087e-01 3.403e-01 9.053e-03 2.471e-03 2.244e-02 -1.000 5.101e-02 4.021 2.445 1.814 1.694 1.637 1.708 1.680 1.608 1.194 1.332 1.460 1.643 1.715 1.667 1.383
0.05 0.59589 6.00000 0.9880360961 2.4703762531    0.988  0.316  3.6455  3.650    0  0.000  0.538     0.00     0.00 -1 -3.97e-13      0.00 6.087e-01 3.403e-01 9.053e-03 2.471e-03 2.244e-02 -1.000 5.101e-02 3.980 2.408 1.783 1.663 1.607 1.678 1.650 1.579 1.165 1.303 1.431 1.613 1.685 1.638 1.354
0.05 0.59589 6.00000 1.0273956060 2.4784748554    1.027  0.341  3.6483  3.653    0  0.000  0.538     0.00     0.00 -1 -3.94e-13      0.00 6.087e-01 3.403e-01 9.053e-03 2.471e-03 2.244e-02 -1.000 5.101e-02 3.916 2.353 1.737 1.619 1.564 1.633 1.606 1.536 1.122 1.260 1.388 1.569 1.640 1.595 1.311
0.05 0.59589 6.00000 1.0356432199 2.4800825119    1.035  0.347  3.6489  3.653    0  0.000  0.538     0.00     0.00 -1 -3.94e-13      0.00 6.087e-01 3.403e-01 9.053e-03 2.471e-03 2.244e-02 -1.000 5.101e-02 3.902 2.340 1.726 1.608 1.553 1.622 1.595 1.526 1.112 1.250 1.378 1.559 1.629 1.585 1.300
0.05 0.59589 6.00000 1.0832505226 2.4888141155    1.082  0.378  3.6520  3.655    0  0.000  0.538     0.00     0.00 -1 -3.83e-13      0.00 6.087e-01 3.403e-01 9.053e-03 2.471e-03 2.244e-02 -1.000 5.101e-02 3.826 2.274 1.670 1.554 1.500 1.568 1.542 1.473 1.059 1.197 1.326 1.505 1.575 1.532 1.248
0.05 0.59589 6.00000 1.0947227478 2.4907882214    1.094  0.384  3.6527  3.656    0  0.000  0.538     0.00     0.00 -1 -3.78e-13      0.00 6.087e-01 3.403e-01 9.053e-03 2.471e-03 2.244e-02 -1.000 5.101e-02 3.810 2.259 1.658 1.543 1.489 1.557 1.530 1.462 1.048 1.187 1.315 1.494 1.564 1.521 1.237
0.05 0.59589 6.00000 1.1308577061 2.4967057705    1.130  0.406  3.6549  3.657    0  0.000  0.538     0.00     0.00 -1 -3.68e-13      0.00 6.087e-01 3.403e-01 9.053e-03 2.471e-03 2.244e-02 -1.000 5.101e-02 3.754 2.210 1.616 1.502 1.448 1.516 1.490 1.423 1.008 1.147 1.275 1.454 1.522 1.482 1.197
0.05 0.59589 6.00000 1.1784650087 2.5038688183    1.178  0.433  3.6577  3.658    0  0.000  0.538     0.00     0.00 -1 -3.51e-13      0.00 6.087e-01 3.403e-01 9.053e-03 2.471e-03 2.244e-02 -1.000 5.101e-02 3.686 2.150 1.565 1.453 1.400 1.466 1.441 1.375 0.960 1.099 1.228 1.405 1.473 1.434 1.149
0.05 0.59589 6.00000 1.1864547729 2.5050063133    1.186  0.438  3.6581  3.659    0  0.000  0.538     0.00     0.00 -1 -3.47e-13      0.00 6.087e-01 3.403e-01 9.053e-03 2.471e-03 2.244e-02 -1.000 5.101e-02 3.676 2.140 1.557 1.446 1.392 1.458 1.433 1.367 0.953 1.092 1.220 1.397 1.465 1.426 1.142
0.05 0.59589 6.00000 1.2260721922 2.5103957653    1.225  0.462  3.6603  3.658    0  0.000  0.538     0.00     0.00 -1 -3.34e-13      0.00 6.087e-01 3.403e-01 9.053e-03 2.471e-03 2.244e-02 -1.000 5.101e-02 3.616 2.087 1.510 1.401 1.348 1.413 1.388 1.323 0.909 1.047 1.176 1.353 1.419 1.382 1.098
0.05 0.59589 6.00000 1.2651518583 2.5153336525    1.265  0.482  3.6622  3.659    0  0.000  0.538     0.00     0.00 -1 -3.15e-13      0.00 6.087e-01 3.403e-01 9.053e-03 2.471e-03 2.244e-02 -1.000 5.101e-02 3.565 2.041 1.471 1.363 1.310 1.375 1.351 1.286 0.872 1.011 1.140 1.315 1.381 1.345 1.061
0.05 0.59589 6.00000 1.2736792564 2.5163648129    1.273  0.486  3.6627  3.659    0  0.000  0.538     0.00     0.00 -1 -3.11e-13      0.00 6.087e-01 3.403e-01 9.053e-03 2.471e-03 2.244e-02 -1.000 5.101e-02 3.554 2.031 1.462 1.355 1.302 1.366 1.343 1.278 0.864 1.003 1.132 1.307 1.373 1.337 1.053
0.05 0.59589 6.00000 1.2967779636 2.5190801620    1.296  0.498  3.6638  3.660    0  0.000  0.538     0.00     0.00 -1 -2.98e-13      0.00 6.087e-01 3.403e-01 9.053e-03 2.471e-03 2.244e-02 -1.000 5.101e-02 3.525 2.006 1.441 1.334 1.282 1.346 1.322 1.258 0.844 0.982 1.112 1.286 1.352 1.317 1.033
0.05 0.59589 6.00000 1.3212866783 2.5218420029    1.321  0.511  3.6650  3.659    0  0.000  0.538     0.00     0.00 -1 -2.87e-13      0.00 6.087e-01 3.403e-01 9.053e-03 2.471e-03 2.244e-02 -1.000 5.101e-02 3.492 1.976 1.414 1.308 1.256 1.319 1.296 1.233 0.818 0.957 1.087 1.261 1.326 1.292 1.007
0.05 0.59589 6.00000 1.3688938618 2.5268833637    1.369  0.534  3.6671  3.660    0  0.000  0.538     0.00     0.00 -1 -2.59e-13      0.00 6.087e-01 3.403e-01 9.053e-03 2.471e-03 2.244e-02 -1.000 5.101e-02 3.434 1.924 1.370 1.265 1.213 1.276 1.253 1.190 0.776 0.915 1.045 1.218 1.282 1.249 0.965
0.05 0.59589 6.00000 1.4165010452 2.5315370560    1.416  0.559  3.6691  3.659    0  0.000  0.538     0.00     0.00 -1 -2.31e-13      0.00 6.087e-01 3.403e-01 9.053e-03 2.471e-03 2.244e-02 -1.000 5.101e-02 3.374 1.870 1.321 1.218 1.167 1.229 1.206 1.145 0.730 0.869 0.999 1.171 1.235 1.203 0.919
0.05 0.59589 6.00000 1.4641082287 2.5358443260    1.464  0.580  3.6711  3.659    0  0.000  0.538     0.00     0.00 -1 -1.97e-13      0.00 6.087e-01 3.403e-01 9.053e-03 2.471e-03 2.244e-02 -1.000 5.101e-02 3.319 1.820 1.279 1.176 1.126 1.187 1.165 1.104 0.689 0.828 0.959 1.130 1.193 1.163 0.878
0.05 0.59589 6.00000 1.4893271923 2.5379981995    1.489  0.591  3.6721  3.661    0  0.000  0.538     0.00     0.00 -1 -1.77e-13      0.00 6.087e-01 3.403e-01 9.053e-03 2.471e-03 2.244e-02 -1.000 5.101e-02 3.293 1.798 1.259 1.158 1.107 1.168 1.146 1.085 0.671 0.810 0.940 1.111 1.174 1.144 0.860
0.05 0.59589 6.00000 1.5117155313 2.5398411751    1.511  0.601  3.6730  3.660    0  0.000  0.538     0.00     0.00 -1 -1.61e-13      0.00 6.087e-01 3.403e-01 9.053e-03 2.471e-03 2.244e-02 -1.000 5.101e-02 3.267 1.774 1.238 1.137 1.087 1.147 1.125 1.065 0.650 0.790 0.920 1.091 1.153 1.124 0.839
0.05 0.59589 6.00000 1.5593228340 2.5435585976    1.559  0.622  3.6747  3.659    0  0.000  0.538     0.00     0.00 -1 -1.22e-13      0.00 6.087e-01 3.403e-01 9.053e-03 2.471e-03 2.244e-02 -1.000 5.101e-02 3.215 1.727 1.196 1.097 1.047 1.106 1.085 1.025 0.611 0.750 0.880 1.051 1.112 1.084 0.800
0.05 0.59589 6.00000 1.6069297791 2.5470237732    1.606  0.642  3.6764  3.659    0  0.000  0.538     0.00     0.00 -1 -7.74e-14      0.00 6.087e-01 3.403e-01 9.053e-03 2.471e-03 2.244e-02 -1.000 5.101e-02 3.164 1.682 1.157 1.058 1.008 1.067 1.046 0.987 0.572 0.712 0.842 1.012 1.073 1.046 0.761
0.05 0.59589 6.00000 1.6545372009 2.5502607822    1.653  0.660  3.6781  3.660    0  0.000  0.538     0.00     0.00 -1 -1.86e-21      0.00 6.087e-01 3.403e-01 9.053e-03 2.471e-03 2.244e-02 -1.000 5.101e-02 3.119 1.641 1.122 1.024 0.975 1.033 1.012 0.954 0.539 0.679 0.809 0.979 1.039 1.012 0.728
0.05 0.59589 6.00000 1.6706262827 2.5513069630    1.669  0.667  3.6786  3.660    0  0.000  0.538     0.00     0.00 -1 -2.61e-22      0.00 6.087e-01 3.403e-01 9.053e-03 2.471e-03 2.244e-02 -1.000 5.101e-02 3.103 1.626 1.108 1.011 0.962 1.020 0.999 0.941 0.526 0.666 0.797 0.966 1.026 1.000 0.715
0.05 0.59589 6.00000 1.7021443844 2.5532903671    1.701  0.680  3.6796  3.659    0  0.000  0.538     0.00     0.00 -1  -5.9e-24      0.00 6.087e-01 3.403e-01 9.053e-03 2.471e-03 2.244e-02 -1.000 5.101e-02 3.070 1.596 1.082 0.985 0.936 0.994 0.973 0.915 0.501 0.640 0.771 0.940 1.000 0.974 0.690
0.05 0.59589 6.00000 1.7143499851 2.5540361404    1.713  0.684  3.6800  3.660    0  0.000  0.538     0.00     0.00 -1 -1.03e-25      0.00 6.087e-01 3.403e-01 9.053e-03 2.471e-03 2.244e-02 -1.000 5.101e-02 3.060 1.587 1.074 0.977 0.929 0.986 0.966 0.908 0.493 0.633 0.764 0.932 0.992 0.967 0.682
0.05 0.59589 6.00000 1.7497515678 2.5561313629    1.748  0.698  3.6811  3.659    0  0.000  0.538     0.00     0.00 -1    -1e-30      0.00 6.087e-01 3.403e-01 9.053e-03 2.471e-03 2.244e-02 -1.000 5.101e-02 3.025 1.556 1.046 0.950 0.902 0.959 0.939 0.881 0.467 0.607 0.738 0.906 0.965 0.940 0.656
0.05 0.59589 6.00000 1.7973587513 2.5587997437    1.796  0.717  3.6825  3.657    0  0.000  0.538     0.00     0.00 -1    -1e-30      0.00 6.087e-01 3.403e-01 9.053e-03 2.471e-03 2.244e-02 -1.000 5.101e-02 2.977 1.512 1.007 0.911 0.863 0.920 0.900 0.843 0.429 0.569 0.700 0.867 0.926 0.902 0.618
0.05 0.59589 6.00000 1.8426128626 2.5611898899    1.841  0.733  3.6839  3.657    0  0.000  0.538     0.00     0.00 -1    -1e-30      0.00 6.087e-01 3.403e-01 9.053e-03 2.471e-03 2.244e-02 -1.000 5.101e-02 2.937 1.476 0.975 0.880 0.833 0.889 0.869 0.812 0.398 0.538 0.669 0.836 0.894 0.871 0.587
0.05 0.59589 6.00000 1.8449659348 2.5613105297    1.843  0.735  3.6839  3.656    0  0.000  0.538     0.00     0.00 -1    -1e-30      0.00 6.087e-01 3.403e-01 9.053e-03 2.471e-03 2.244e-02 -1.000 5.101e-02 2.932 1.472 0.971 0.876 0.829 0.885 0.865 0.808 0.394 0.534 0.665 0.832 0.890 0.867 0.583
0.05 0.59589 6.00000 1.8955013752 2.5638175011    1.894  0.753  3.6854  3.655    0  0.000  0.538     0.00     0.00 -1    -1e-30      0.00 6.087e-01 3.403e-01 9.053e-03 2.471e-03 2.244e-02 -1.000 5.101e-02 2.886 1.431 0.933 0.840 0.792 0.848 0.829 0.773 0.359 0.499 0.630 0.796 0.854 0.832 0.547
0.05 0.59589 6.00000 1.9460365772 2.5661754608    1.945  0.772  3.6868  3.655    0  0.000  0.538     0.00     0.00 -1    -1e-30      0.00 6.087e-01 3.403e-01 9.053e-03 2.471e-03 2.244e-02 -1.000 5.101e-02 2.841 1.390 0.897 0.804 0.757 0.812 0.793 0.737 0.324 0.464 0.595 0.761 0.818 0.796 0.512
0.05 0.59589 6.00000 1.9965720177 2.5683965683    1.996  0.790  3.6881  3.653    0  0.000  0.538     0.00     0.00 -1    -1e-30      0.00 6.087e-01 3.403e-01 9.053e-03 2.471e-03 2.244e-02 -1.000 5.101e-02 2.795 1.348 0.859 0.767 0.721 0.775 0.756 0.701 0.287 0.428 0.559 0.724 0.781 0.760 0.476
0.05 0.59589 6.00000 2.0471072197 2.5704920292    2.046  0.806  3.6895  3.653    0  0.000  0.538     0.00     0.00 -1    -1e-30      0.00 6.087e-01 3.403e-01 9.053e-03 2.471e-03 2.244e-02 -1.000 5.101e-02 2.756 1.313 0.828 0.737 0.691 0.745 0.726 0.671 0.258 0.399 0.530 0.694 0.750 0.730 0.447
0.05 0.59589 6.00000 2.0484619141 2.5705466270    2.047  0.806  3.6895  3.653    0  0.000  0.538     0.00     0.00 -1    -1e-30      0.00 6.087e-01 3.403e-01 9.053e-03 2.471e-03 2.244e-02 -1.000 5.101e-02 2.755 1.312 0.827 0.736 0.690 0.744 0.725 0.670 0.257 0.398 0.529 0.693 0.749 0.730 0.446
0.05 0.59589 6.00000 2.0976424217 2.5724718571    2.096  0.824  3.6907  3.651    0  0.000  0.538     0.00     0.00 -1    -1e-30      0.00 6.087e-01 3.403e-01 9.053e-03 2.471e-03 2.244e-02 -1.000 5.101e-02 2.711 1.272 0.791 0.700 0.654 0.708 0.690 0.635 0.222 0.362 0.494 0.657 0.713 0.694 0.410
0.05 0.59589 6.00000 2.1053853035 2.5727655888    2.104  0.826  3.6909  3.651    0  0.000  0.538     0.00     0.00 -1    -1e-30      0.00 6.087e-01 3.403e-01 9.053e-03 2.471e-03 2.244e-02 -1.000 5.101e-02 2.705 1.267 0.786 0.696 0.650 0.704 0.685 0.631 0.217 0.358 0.490 0.653 0.709 0.690 0.406
0.05 0.59589 6.00000 2.1481778622 2.5743451118    2.146  0.842  3.6920  3.648    0  0.000  0.538     0.00     0.00 -1    -1e-30      0.00 6.087e-01 3.403e-01 9.053e-03 2.471e-03 2.244e-02 -1.000 5.101e-02 2.666 1.231 0.753 0.664 0.618 0.671 0.653 0.599 0.186 0.327 0.458 0.621 0.677 0.658 0.375
0.05 0.59589 6.00000 2.1987133026 2.5761194229    2.197  0.859  3.6932  3.646    0  0.000  0.538     0.00     0.00 -1    -1e-30      0.00 6.087e-01 3.403e-01 9.053e-03 2.471e-03 2.244e-02 -1.000 5.101e-02 2.623 1.192 0.718 0.629 0.584 0.637 0.619 0.565 0.152 0.293 0.424 0.587 0.642 0.624 0.340
0.05 0.59589 6.00000 2.2492485046 2.5778024197    2.247  0.875  3.6944  3.644    0  0.000  0.538     0.00     0.00 -1    -1e-30      0.00 6.087e-01 3.403e-01 9.053e-03 2.471e-03 2.244e-02 -1.000 5.101e-02 2.582 1.155 0.684 0.596 0.551 0.603 0.586 0.532 0.119 0.260 0.391 0.554 0.609 0.591 0.308
0.05 0.59589 6.00000 2.2997837067 2.5794007778    2.298  0.892  3.6956  3.641    0  0.000  0.538     0.00     0.00 -1    -1e-30      0.00 6.087e-01 3.403e-01 9.053e-03 2.471e-03 2.244e-02 -1.000 5.101e-02 2.539 1.116 0.649 0.562 0.517 0.569 0.551 0.499 0.085 0.226 0.358 0.520 0.574 0.558 0.274
0.05 0.59589 6.00000 2.3169109821 2.5799243450    2.315  0.897  3.6960  3.641    0  0.000  0.538     0.00     0.00 -1    -1e-30      0.00 6.087e-01 3.403e-01 9.053e-03 2.471e-03 2.244e-02 -1.000 5.101e-02 2.527 1.105 0.639 0.552 0.508 0.559 0.542 0.489 0.076 0.217 0.348 0.511 0.565 0.548 0.265
0.05 0.59589 6.00000 2.3503189087 2.5809202194    2.348  0.909  3.6968  3.639    0  0.000  0.538     0.00     0.00 -1    -1e-30      0.00 6.087e-01 3.403e-01 9.053e-03 2.471e-03 2.244e-02 -1.000 5.101e-02 2.499 1.079 0.616 0.529 0.485 0.536 0.519 0.466 0.053 0.194 0.325 0.488 0.541 0.525 0.242
0.05 0.59589 6.00000 2.4008543491 2.5823664665    2.399  0.923  3.6979  3.638    0  0.000  0.538     0.00     0.00 -1    -1e-30      0.00 6.087e-01 3.403e-01 9.053e-03 2.471e-03 2.244e-02 -1.000 5.101e-02 2.462 1.046 0.585 0.499 0.455 0.507 0.489 0.437 0.024 0.165 0.296 0.459 0.512 0.496 0.213
0.05 0.59589 6.00000 2.4513897896 2.5837442875    2.449  0.934  3.6988  3.641    0  0.000  0.538     0.00     0.00 -1    -1e-30      0.00 6.087e-01 3.403e-01 9.053e-03 2.471e-03 2.244e-02 -1.000 5.101e-02 2.436 1.023 0.566 0.480 0.437 0.487 0.470 0.418 0.005 0.146 0.278 0.440 0.492 0.478 0.194
0.05 0.59589 6.00000 2.6535310745 2.5886571407    2.652  0.999  3.7035  3.628    0  0.000  0.538     0.00     0.00 -1    -1e-30      0.00 6.087e-01 3.403e-01 9.053e-03 2.471e-03 2.244e-02 -1.000 5.101e-02 2.272 0.875 0.430 0.347 0.305 0.354 0.338 0.287 -0.126 0.016 0.147 0.308 0.359 0.347 0.063
0.05 0.59589 6.00000 2.8556723595 2.5927789211    2.855  1.071  3.7083  3.608    0  0.000  0.538     0.00     0.00 -1    -1e-30      0.00 6.087e-01 3.403e-01 9.053e-03 2.471e-03 2.244e-02 -1.000 5.101e-02 2.093 0.712 0.281 0.200 0.160 0.207 0.192 0.143 -0.271 -0.129 0.003 0.163 0.212 0.202 -0.082
0.05 0.59589 6.00000 3.0578136444 2.5962805748    3.056  1.152  3.7134  3.577    0  0.000  0.538     0.00     0.00 -1    -1e-30      0.00 6.087e-01 3.403e-01 9.053e-03 2.471e-03 2.244e-02 -1.000 5.101e-02 1.890 0.527 0.110 0.033 -0.006 0.040 0.025 -0.023 -0.436 -0.294 -0.162 -0.004 0.044 0.036 -0.247
0.05 0.59589 6.00000 3.1465837955 2.5976557732    3.145  1.186  3.7159  3.565    0  0.000  0.538     0.00     0.00 -1    -1e-30      0.00 6.087e-01 3.403e-01 9.053e-03 2.471e-03 2.244e-02 -1.000 5.101e-02 1.806 0.452 0.041 -0.035 -0.073 -0.028 -0.043 -0.089 -0.503 -0.361 -0.229 -0.071 -0.024 -0.030 -0.314
0.05 0.59589 6.00000 3.2599549294 2.5992872715    3.258  1.247  3.7198  3.535    0  0.000  0.538     0.00     0.00 -1    -1e-30      0.00 6.087e-01 3.403e-01 9.053e-03 2.471e-03 2.244e-02 -1.000 5.101e-02 1.653 0.313 -0.087 -0.161 -0.198 -0.154 -0.169 -0.214 -0.627 -0.485 -0.353 -0.196 -0.150 -0.155 -0.438
0.05 0.59589 6.00000 3.2872612476 2.5996611118    3.285  1.262  3.7208  3.528    0  0.000  0.538     0.00     0.00 -1    -1e-30      0.00 6.087e-01 3.403e-01 9.053e-03 2.471e-03 2.244e-02 -1.000 5.101e-02 1.615 0.278 -0.119 -0.193 -0.229 -0.186 -0.200 -0.245 -0.658 -0.516 -0.384 -0.227 -0.181 -0.186 -0.469
0.05 0.59589 6.00000 3.4600532055 2.6018695831    3.457  1.383  3.7289  3.461    0  0.000  0.538     0.00     0.00 -1    -1e-30      0.00 6.087e-01 3.403e-01 9.053e-03 2.471e-03 2.244e-02 -1.000 5.101e-02 1.312 0.005 -0.370 -0.440 -0.473 -0.432 -0.446 -0.488 -0.901 -0.759 -0.627 -0.472 -0.428 -0.429 -0.712
0.05 0.59589 6.00000 3.4620962143 2.6018941402    3.459  1.385  3.7290  3.460    0  0.000  0.538     0.00     0.00 -1    -1e-30      0.00 6.087e-01 3.403e-01 9.053e-03 2.471e-03 2.244e-02 -1.000 5.101e-02 1.308 0.001 -0.374 -0.443 -0.477 -0.436 -0.449 -0.492 -0.905 -0.762 -0.630 -0.475 -0.432 -0.432 -0.716
0.05 0.59589 6.00000 3.5228872299 2.6026110649    3.520  1.439  3.7328  3.428    0  0.000  0.538     0.00     0.00 -1    -1e-30      0.00 6.087e-01 3.403e-01 9.053e-03 2.471e-03 2.244e-02 -1.000 5.101e-02 1.172 -0.121 -0.486 -0.553 -0.586 -0.546 -0.560 -0.601 -1.013 -0.871 -0.739 -0.584 -0.542 -0.541 -0.825
0.05 0.59589 6.00000 3.5945379734 2.6034204960    3.591  1.516  3.7386  3.384    0  0.000  0.538     0.00     0.00 -1    -1e-30      0.00 6.087e-01 3.403e-01 9.053e-03 2.471e-03 2.244e-02 -1.000 5.101e-02 0.981 -0.289 -0.639 -0.704 -0.735 -0.698 -0.711 -0.749 -1.162 -1.020 -0.887 -0.733 -0.694 -0.689 -0.973
0.05 0.59589 6.00000 3.6583991051 2.6041111946    3.655  1.586  3.7448  3.346    0  0.000  0.538     0.00     0.00 -1    -1e-30      0.00 6.087e-01 3.403e-01 9.053e-03 2.471e-03 2.244e-02 -1.000 5.101e-02 0.805 -0.440 -0.773 -0.835 -0.863 -0.828 -0.841 -0.877 -1.294 -1.140 -1.011 -0.862 -0.824 -0.845 -1.105
0.05 0.59589 6.00000 3.6642372608 2.6041729450    3.661  1.592  3.7454  3.343    0  0.000  0.538     0.00     0.00 -1    -1e-30      0.00 6.087e-01 3.403e-01 9.053e-03 2.471e-03 2.244e-02 -1.000 5.101e-02 0.789 -0.453 -0.784 -0.846 -0.874 -0.839 -0.852 -0.887 -1.305 -1.150 -1.022 -0.873 -0.836 -0.860 -1.117
0.05 0.59589 6.00000 3.6972448826 2.6045179367    3.694  1.628  3.7490  3.325    0  0.000  0.538     0.00     0.00 -1    -1e-30      0.00 6.087e-01 3.403e-01 9.053e-03 2.471e-03 2.244e-02 -1.000 5.101e-02 0.699 -0.528 -0.850 -0.910 -0.936 -0.902 -0.915 -0.949 -1.371 -1.205 -1.081 -0.935 -0.899 -0.945 -1.182
0.05 0.59589 6.00000 3.7621312141 2.6051757336    3.759  1.698  3.7570  3.295    0  0.000  0.538     0.00     0.00 -1    -1e-30      0.00 6.087e-01 3.403e-01 9.053e-03 2.471e-03 2.244e-02 -1.000 5.101e-02 0.525 -0.668 -0.967 -1.024 -1.047 -1.016 -1.028 -1.059 -1.488 -1.302 -1.185 -1.046 -1.013 -1.106 -1.301
0.05 0.59589 6.00000 3.8234863281 2.6057744026    3.821  1.765  3.7661  3.272    0  0.000  0.538     0.00     0.00 -1    -1e-30      0.00 6.087e-01 3.403e-01 9.053e-03 2.471e-03 2.244e-02 -1.000 5.101e-02 0.358 -0.794 -1.070 -1.122 -1.142 -1.115 -1.127 -1.153 -1.592 -1.381 -1.273 -1.142 -1.113 -1.258 -1.405
0.05 0.59589 6.00000 3.8663783073 2.6061799526    3.864  1.813  3.7738  3.259    0  0.000  0.538     0.00     0.00 -1    -1e-30      0.00 6.087e-01 3.403e-01 9.053e-03 2.471e-03 2.244e-02 -1.000 5.101e-02 0.238 -0.878 -1.135 -1.184 -1.201 -1.178 -1.189 -1.210 -1.657 -1.426 -1.326 -1.201 -1.176 -1.365 -1.472
0.05 0.59589 6.00000 3.8979601860 2.6064717770    3.896  1.850  3.7805  3.252    0  0.000  0.538     0.00     0.00 -1    -1e-30      0.00 6.087e-01 3.403e-01 9.053e-03 2.471e-03 2.244e-02 -1.000 5.101e-02 0.144 -0.939 -1.178 -1.225 -1.240 -1.219 -1.229 -1.247 -1.701 -1.451 -1.358 -1.239 -1.218 -1.446 -1.516
0.05 0.59589 6.00000 3.9351482391 2.6068089008    3.933  1.896  3.7903  3.250    0  0.000  0.538     0.00     0.00 -1    -1e-30      0.00 6.087e-01 3.403e-01 9.053e-03 2.471e-03 2.244e-02 -1.000 5.101e-02 0.030 -1.004 -1.220 -1.264 -1.277 -1.261 -1.269 -1.283 -1.747 -1.471 -1.387 -1.277 -1.260 -1.544 -1.563
0.05 0.59589 6.00000 3.9663505554 2.6070859432    3.964  1.936  3.8004  3.254    0  0.000  0.538     0.00     0.00 -1    -1e-30      0.00 6.087e-01 3.403e-01 9.053e-03 2.471e-03 2.244e-02 -1.000 5.101e-02 -0.069 -1.052 -1.244 -1.284 -1.295 -1.284 -1.290 -1.300 -1.775 -1.471 -1.398 -1.295 -1.283 -1.627 -1.591
0.05 0.59589 6.00000 3.9930632114 2.6073191166    3.991  1.971  3.8106  3.262    0  0.000  0.538     0.00     0.00 -1    -1e-30      0.00 6.087e-01 3.403e-01 9.053e-03 2.471e-03 2.244e-02 -1.000 5.101e-02 -0.158 -1.085 -1.254 -1.290 -1.299 -1.293 -1.297 -1.304 -1.789 -1.458 -1.396 -1.299 -1.292 -1.696 -1.607
0.05 0.59589 6.00000 4.0172128677 2.6075270176    4.016  2.004  3.8207  3.272    0  0.000  0.538     0.00     0.00 -1    -1e-30      0.00 6.087e-01 3.403e-01 9.053e-03 2.471e-03 2.244e-02 -1.000 5.101e-02 -0.241 -1.114 -1.263 -1.296 -1.304 -1.302 -1.305 -1.308 -1.796 -1.458 -1.398 -1.304 -1.301 -1.716 -1.614
0.05 0.59589 6.00000 4.0399365425 2.6077198982    4.038  2.036  3.8308  3.283    0  0.000  0.538     0.00     0.00 -1    -1e-30      0.00 6.087e-01 3.403e-01 9.053e-03 2.471e-03 2.244e-02 -1.000 5.101e-02 -0.321 -1.141 -1.270 -1.302 -1.309 -1.310 -1.311 -1.313 -1.800 -1.461 -1.400 -1.309 -1.309 -1.720 -1.617
0.05 0.59589 6.00000 4.0617046356 2.6079025269    4.060  2.068  3.8409  3.294    0  0.000  0.538     0.00     0.00 -1    -1e-30      0.00 6.087e-01 3.403e-01 9.053e-03 2.471e-03 2.244e-02 -1.000 5.101e-02 -0.400 -1.164 -1.275 -1.305 -1.312 -1.314 -1.315 -1.315 -1.802 -1.462 -1.401 -1.312 -1.314 -1.723 -1.620
0.05 0.59589 6.00000 4.0685195923 2.6079592705    4.067  2.078  3.8442  3.298    0  0.000  0.538     0.00     0.00 -1    -1e-30      0.00 6.087e-01 3.403e-01 9.053e-03 2.471e-03 2.244e-02 -1.000 5.101e-02 -0.425 -1.172 -1.276 -1.306 -1.313 -1.315 -1.316 -1.316 -1.802 -1.463 -1.401 -1.313 -1.315 -1.723 -1.620
0.05 0.59589 6.00000 4.0804858208 2.6080582142    4.079  2.096  3.8501  3.305    0  0.000  0.538     0.00     0.00 -1    -1e-30      0.00 6.087e-01 3.403e-01 9.053e-03 2.471e-03 2.244e-02 -1.000 5.101e-02 -0.470 -1.184 -1.278 -1.307 -1.313 -1.317 -1.317 -1.317 -1.802 -1.463 -1.401 -1.314 -1.317 -1.724 -1.620
0.05 0.59589 6.00000 4.0999369621 2.6082177162    4.098  2.126  3.8599  3.316    0  0.000  0.538     0.00     0.00 -1    -1e-30      0.00 6.087e-01 3.403e-01 9.053e-03 2.471e-03 2.244e-02 -1.000 5.101e-02 -0.545 -1.203 -1.280 -1.308 -1.314 -1.318 -1.318 -1.317 -1.802 -1.462 -1.399 -1.314 -1.318 -1.724 -1.620
0.05 0.59589 6.00000 4.1187520027 2.6083703041    4.117  2.156  3.8698  3.328    0  0.000  0.538     0.00     0.00 -1    -1e-30      0.00 6.087e-01 3.403e-01 9.053e-03 2.471e-03 2.244e-02 -1.000 5.101e-02 -0.619 -1.219 -1.281 -1.307 -1.312 -1.316 -1.317 -1.315 -1.800 -1.459 -1.397 -1.313 -1.316 -1.723 -1.618
0.05 0.59589 6.00000 4.1369767189 2.6085166931    4.135  2.185  3.8796  3.340    0  0.000  0.538     0.00     0.00 -1    -1e-30      0.00 6.087e-01 3.403e-01 9.053e-03 2.471e-03 2.244e-02 -1.000 5.101e-02 -0.693 -1.233 -1.280 -1.305 -1.310 -1.314 -1.314 -1.313 -1.797 -1.455 -1.392 -1.310 -1.314 -1.720 -1.615
0.05 0.59589 6.00000 4.1546440125 2.6086571217    4.152  2.214  3.8895  3.352    0  0.000  0.538     0.00     0.00 -1    -1e-30      0.00 6.087e-01 3.403e-01 9.053e-03 2.471e-03 2.244e-02 -1.000 5.101e-02 -0.765 -1.244 -1.278 -1.302 -1.306 -1.310 -1.310 -1.309 -1.793 -1.450 -1.387 -1.307 -1.310 -1.716 -1.611
0.05 0.59589 6.00000 4.1717820168 2.6087920666    4.169  2.243  3.8993  3.365    0  0.000  0.538     0.00     0.00 -1    -1e-30      0.00 6.087e-01 3.403e-01 9.053e-03 2.471e-03 2.244e-02 -1.000 5.101e-02 -0.837 -1.254 -1.276 -1.298 -1.302 -1.306 -1.306 -1.304 -1.788 -1.445 -1.381 -1.303 -1.306 -1.712 -1.606
0.05 0.59589 6.00000 4.1884284019 2.6089220047    4.186  2.271  3.9092  3.378    0  0.000  0.538     0.00     0.00 -1    -1e-30      0.00 6.087e-01 3.403e-01 9.053e-03 2.471e-03 2.244e-02 -1.000 5.101e-02 -0.907 -1.262 -1.274 -1.294 -1.297 -1.300 -1.300 -1.298 -1.782 -1.438 -1.374 -1.298 -1.300 -1.706 -1.600
0.05 0.59589 6.00000 4.2046031952 2.6090469360    4.202  2.299  3.9190  3.391    0  0.000  0.538     0.00     0.00 -1    -1e-30      0.00 6.087e-01 3.403e-01 9.053e-03 2.471e-03 2.244e-02 -1.000 5.101e-02 -0.977 -1.270 -1.272 -1.289 -1.291 -1.294 -1.293 -1.291 -1.774 -1.430 -1.366 -1.292 -1.294 -1.699 -1.592
0.05 0.59589 6.00000 4.2202992439 2.6091670990    4.217  2.326  3.9289  3.404    0  0.000  0.538     0.00     0.00 -1    -1e-30      0.00 6.087e-01 3.403e-01 9.053e-03 2.471e-03 2.244e-02 -1.000 5.101e-02 -1.046 -1.276 -1.269 -1.284 -1.285 -1.287 -1.286 -1.284 -1.766 -1.422 -1.357 -1.286 -1.287 -1.691 -1.584
0.05 0.59589 6.00000 4.2355546951 2.6092832088    4.232  2.353  3.9387  3.418    0  0.000  0.538     0.00     0.00 -1    -1e-30      0.00 6.087e-01 3.403e-01 9.053e-03 2.471e-03 2.244e-02 -1.000 5.101e-02 -1.113 -1.281 -1.266 -1.279 -1.278 -1.280 -1.278 -1.275 -1.757 -1.412 -1.347 -1.279 -1.280 -1.683 -1.575
0.05 0.59589 6.00000 4.2504000664 2.6093950272    4.247  2.380  3.9485  3.432    0  0.000  0.538     0.00     0.00 -1    -1e-30      0.00 6.087e-01 3.403e-01 9.053e-03 2.471e-03 2.244e-02 -1.000 5.101e-02 -1.180 -1.283 -1.262 -1.272 -1.270 -1.271 -1.270 -1.266 -1.748 -1.402 -1.337 -1.271 -1.271 -1.674 -1.566
0.05 0.59589 6.00000 4.2648530006 2.6095030308    4.261  2.406  3.9584  3.447    0  0.000  0.538     0.00     0.00 -1    -1e-30      0.00 6.087e-01 3.403e-01 9.053e-03 2.471e-03 2.244e-02 -1.000 5.101e-02 -1.246 -1.284 -1.257 -1.265 -1.261 -1.262 -1.260 -1.257 -1.738 -1.391 -1.326 -1.262 -1.262 -1.664 -1.556
0.05 0.59589 6.00000 4.2706608772 2.6095461845    4.267  2.417  3.9624  3.453    0  0.000  0.538     0.00     0.00 -1    -1e-30      0.00 6.087e-01 3.403e-01 9.053e-03 2.471e-03 2.244e-02 -1.000 5.101e-02 -1.272 -1.283 -1.255 -1.262 -1.257 -1.258 -1.256 -1.252 -1.733 -1.387 -1.321 -1.258 -1.258 -1.660 -1.551
0.05 0.59589 6.00000 4.2831363678 2.6096386909    4.280  2.440  3.9713  3.466    0  0.000  0.538     0.00     0.00 -1    -1e-30      0.00 6.087e-01 3.403e-01 9.053e-03 2.471e-03 2.244e-02 -1.000 5.101e-02 -1.330 -1.282 -1.249 -1.253 -1.247 -1.248 -1.245 -1.242 -1.722 -1.375 -1.309 -1.249 -1.247 -1.649 -1.540
0.05 0.59589 6.00000 4.2963428497 2.6097357273    4.293  2.465  3.9809  3.482    0  0.000  0.538     0.00     0.00 -1    -1e-30      0.00 6.087e-01 3.403e-01 9.053e-03 2.471e-03 2.244e-02 -1.000 5.101e-02 -1.392 -1.278 -1.242 -1.243 -1.235 -1.235 -1.232 -1.228 -1.708 -1.360 -1.293 -1.236 -1.234 -1.635 -1.526
0.05 0.59589 6.00000 4.3092350960 2.6098296642    4.306  2.489  3.9905  3.497    0  0.000  0.538     0.00     0.00 -1    -1e-30      0.00 6.087e-01 3.403e-01 9.053e-03 2.471e-03 2.244e-02 -1.000 5.101e-02 -1.452 -1.274 -1.233 -1.231 -1.221 -1.220 -1.216 -1.212 -1.691 -1.343 -1.275 -1.223 -1.220 -1.619 -1.509
0.05 0.59589 6.00000 4.3218307495 2.6099209785    4.318  2.512  4.0001  3.513    0  0.000  0.538     0.00     0.00 -1    -1e-30      0.00 6.087e-01 3.403e-01 9.053e-03 2.471e-03 2.244e-02 -1.000 5.101e-02 -1.511 -1.268 -1.224 -1.219 -1.206 -1.204 -1.200 -1.195 -1.673 -1.323 -1.256 -1.208 -1.204 -1.601 -1.491
0.05 0.59589 6.00000 4.3341479301 2.6100096703    4.331  2.535  4.0097  3.530    0  0.000  0.538     0.00     0.00 -1    -1e-30      0.00 6.087e-01 3.403e-01 9.053e-03 2.471e-03 2.244e-02 -1.000 5.101e-02 -1.569 -1.259 -1.211 -1.203 -1.187 -1.185 -1.180 -1.174 -1.650 -1.300 -1.232 -1.189 -1.184 -1.580 -1.468
0.05 0.59589 6.00000 4.3462080956 2.6100959778    4.343  2.558  4.0193  3.547    0  0.000  0.538     0.00     0.00 -1    -1e-30      0.00 6.087e-01 3.403e-01 9.053e-03 2.471e-03 2.244e-02 -1.000 5.101e-02 -1.625 -1.251 -1.200 -1.189 -1.171 -1.167 -1.162 -1.155 -1.630 -1.278 -1.210 -1.173 -1.166 -1.561 -1.448
0.05 0.59589 6.00000 4.3580341339 2.6101801395    4.354  2.580  4.0289  3.565    0  0.000  0.538     0.00     0.00 -1    -1e-30      0.00 6.087e-01 3.403e-01 9.053e-03 2.471e-03 2.244e-02 -1.000 5.101e-02 -1.679 -1.242 -1.188 -1.174 -1.153 -1.149 -1.143 -1.136 -1.609 -1.256 -1.187 -1.156 -1.148 -1.541 -1.427
0.05 0.59589 6.00000 4.3696498871 2.6102621555    4.366  2.601  4.0384  3.583    0  0.000  0.538     0.00     0.00 -1    -1e-30      0.00 6.087e-01 3.403e-01 9.053e-03 2.471e-03 2.244e-02 -1.000 5.101e-02 -1.732 -1.234 -1.176 -1.160 -1.137 -1.132 -1.125 -1.118 -1.589 -1.235 -1.165 -1.140 -1.131 -1.522 -1.407
0.05 0.59589 6.00000 4.3810825348 2.6103425026    4.377  2.622  4.0479  3.601    0  0.000  0.538     0.00     0.00 -1    -1e-30      0.00 6.087e-01 3.403e-01 9.053e-03 2.471e-03 2.244e-02 -1.000 5.101e-02 -1.784 -1.222 -1.162 -1.144 -1.118 -1.112 -1.105 -1.097 -1.566 -1.210 -1.141 -1.121 -1.111 -1.500 -1.384
0.05 0.59589 6.00000 4.3960886002 2.6104471684    4.392  2.648  4.0606  3.627    0  0.000  0.538     0.00     0.00 -1    -1e-30      0.00 6.087e-01 3.403e-01 9.053e-03 2.471e-03 2.244e-02 -1.000 5.101e-02 -1.850 -1.204 -1.140 -1.119 -1.090 -1.083 -1.075 -1.066 -1.533 -1.176 -1.105 -1.094 -1.082 -1.469 -1.351
0.05 0.59589 6.00000 4.4109044075 2.6105496883    4.407  2.673  4.0732  3.654    0  0.000  0.538     0.00     0.00 -1    -1e-30      0.00 6.087e-01 3.403e-01 9.053e-03 2.471e-03 2.244e-02 -1.000 5.101e-02 -1.912 -1.182 -1.114 -1.091 -1.060 -1.052 -1.043 -1.033 -1.498 -1.139 -1.068 -1.063 -1.051 -1.435 -1.316
0.05 0.59589 6.00000 4.4256134033 2.6106505394    4.422  2.696  4.0857  3.682    0  0.000  0.538     0.00     0.00 -1    -1e-30      0.00 6.087e-01 3.403e-01 9.053e-03 2.471e-03 2.244e-02 -1.000 5.101e-02 -1.971 -1.157 -1.085 -1.059 -1.026 -1.017 -1.008 -0.996 -1.459 -1.100 -1.028 -1.030 -1.016 -1.398 -1.278
0.05 0.59589 6.00000 4.4403653145 2.6107511520    4.436  2.718  4.0981  3.712    0  0.000  0.538     0.00     0.00 -1    -1e-30      0.00 6.087e-01 3.403e-01 9.053e-03 2.471e-03 2.244e-02 -1.000 5.101e-02 -2.024 -1.126 -1.052 -1.024 -0.988 -0.978 -0.968 -0.956 -1.417 -1.056 -0.984 -0.992 -0.977 -1.357 -1.235
0.05 0.59589 6.00000 4.4554214478 2.6108529568    4.451  2.737  4.1103  3.743    0  0.000  0.538     0.00     0.00 -1    -1e-30      0.00 6.087e-01 3.403e-01 9.053e-03 2.471e-03 2.244e-02 -1.000 5.101e-02 -2.071 -1.090 -1.012 -0.982 -0.944 -0.933 -0.922 -0.910 -1.370 -1.007 -0.934 -0.948 -0.932 -1.311 -1.188
0.05 0.59589 6.00000 4.4713978767 2.6109600067    4.467  2.751  4.1222  3.778    0  0.000  0.538     0.00     0.00 -1    -1e-30      0.00 6.087e-01 3.403e-01 9.053e-03 2.471e-03 2.244e-02 -1.000 5.101e-02 -2.108 -1.044 -0.963 -0.931 -0.890 -0.879 -0.868 -0.855 -1.313 -0.950 -0.877 -0.895 -0.878 -1.255 -1.131
0.05 0.59589 6.00000 4.4728021622 2.6109695435    4.469  2.752  4.1232  3.781    0  0.000  0.538     0.00     0.00 -1    -1e-30      0.00 6.087e-01 3.403e-01 9.053e-03 2.471e-03 2.244e-02 -1.000 5.101e-02 -2.111 -1.040 -0.959 -0.926 -0.886 -0.874 -0.863 -0.850 -1.308 -0.945 -0.872 -0.890 -0.873 -1.250 -1.126
0.05 0.59589 6.00000 4.4753341675 2.6109864712    4.472  2.755  4.1251  3.786    0  0.000  0.538     0.00     0.00 -1    -1e-30      0.00 6.087e-01 3.403e-01 9.053e-03 2.471e-03 2.244e-02 -1.000 5.101e-02 -2.116 -1.032 -0.951 -0.918 -0.877 -0.865 -0.854 -0.840 -1.299 -0.936 -0.862 -0.881 -0.864 -1.241 -1.117
0.05 0.59589 6.00000 4.4803233147 2.6110196114    4.477  2.757  4.1284  3.797    0  0.000  0.538     0.00     0.00 -1    -1e-30      0.00 6.087e-01 3.403e-01 9.053e-03 2.471e-03 2.244e-02 -1.000 5.101e-02 -2.123 -1.015 -0.933 -0.900 -0.858 -0.847 -0.835 -0.821 -1.279 -0.916 -0.842 -0.863 -0.845 -1.221 -1.097
0.05 0.59589 6.00000 4.4986386299 2.6111407280    4.495  2.750  4.1363  3.838    0  0.000  0.538     0.00     0.00 -1    -1e-30      0.00 6.087e-01 3.403e-01 9.053e-03 2.471e-03 2.244e-02 -1.000 5.101e-02 -2.105 -0.942 -0.858 -0.823 -0.780 -0.768 -0.756 -0.742 -1.199 -0.835 -0.762 -0.785 -0.766 -1.142 -1.017
0.05 0.59589 6.00000 4.5180611610 2.6112680435    4.514  2.725  4.1400  3.880    0  0.000  0.538     0.00     0.00 -1    -1e-30      0.00 6.087e-01 3.403e-01 9.053e-03 2.471e-03 2.244e-02 -1.000 5.101e-02 -2.043 -0.854 -0.769 -0.734 -0.690 -0.677 -0.665 -0.651 -1.107 -0.743 -0.670 -0.694 -0.676 -1.051 -0.925
0.05 0.59589 6.00000 4.5314831734 2.6113553047    4.528  2.700  4.1401  3.906    0  0.000  0.538     0.00     0.00 -1    -1e-30      0.00 6.087e-01 3.403e-01 9.053e-03 2.471e-03 2.244e-02 -1.000 5.101e-02 -1.979 -0.790 -0.705 -0.670 -0.626 -0.613 -0.601 -0.587 -1.043 -0.679 -0.606 -0.630 -0.612 -0.986 -0.861
0.05 0.59589 6.00000 4.5435996056 2.6114337444    4.540  2.671  4.1380  3.928    0  0.000  0.538     0.00     0.00 -1    -1e-30      0.00 6.087e-01 3.403e-01 9.053e-03 2.471e-03 2.244e-02 -1.000 5.101e-02 -1.908 -0.732 -0.648 -0.613 -0.569 -0.557 -0.545 -0.531 -0.988 -0.624 -0.550 -0.574 -0.555 -0.931 -0.806
0.05 0.59589 6.00000 4.5555868149 2.6115105152    4.552  2.642  4.1352  3.947    0  0.000  0.538     0.00     0.00 -1    -1e-30      0.00 6.087e-01 3.403e-01 9.053e-03 2.471e-03 2.244e-02 -1.000 5.101e-02 -1.835 -0.679 -0.595 -0.561 -0.518 -0.506 -0.494 -0.480 -0.937 -0.574 -0.500 -0.522 -0.504 -0.880 -0.755
0.05 0.59589 6.00000 4.5684113503 2.6115925312    4.565  2.612  4.1315  3.964    0  0.000  0.538     0.00     0.00 -1    -1e-30      0.00 6.087e-01 3.403e-01 9.053e-03 2.471e-03 2.244e-02 -1.000 5.101e-02 -1.760 -0.629 -0.545 -0.512 -0.470 -0.457 -0.446 -0.432 -0.890 -0.527 -0.453 -0.474 -0.456 -0.832 -0.708
0.05 0.59589 6.00000 4.5835442543 2.6116883755    4.580  2.581  4.1271  3.979    0  0.000  0.538     0.00     0.00 -1    -1e-30      0.00 6.087e-01 3.403e-01 9.053e-03 2.471e-03 2.244e-02 -1.000 5.101e-02 -1.682 -0.581 -0.498 -0.466 -0.424 -0.412 -0.401 -0.388 -0.846 -0.483 -0.410 -0.429 -0.411 -0.788 -0.664
0.05 0.59589 6.00000 4.6053409576 2.6118249893    4.602  2.548  4.1220  3.992    0  0.000  0.538     0.00     0.00 -1    -1e-30      0.00 6.087e-01 3.403e-01 9.053e-03 2.471e-03 2.244e-02 -1.000 5.101e-02 -1.601 -0.536 -0.454 -0.423 -0.382 -0.371 -0.360 -0.347 -0.805 -0.443 -0.370 -0.386 -0.369 -0.747 -0.624
0.05 0.59589 6.00000 4.6749429703 2.6122522354    4.672  2.559  4.1229  3.992    0  0.000  0.538     0.00     0.00 -1    -1e-30      0.00 6.087e-01 3.403e-01 9.053e-03 2.471e-03 2.244e-02 -1.000 5.101e-02 -1.627 -0.555 -0.474 -0.442 -0.401 -0.389 -0.378 -0.365 -0.824 -0.461 -0.388 -0.405 -0.388 -0.766 -0.642
0.05 0.59589 6.00000 4.7272839546 2.6125638485    4.724  2.567  4.1240  3.993    0  0.000  0.538     0.00     0.00 -1    -1e-30      0.00 6.087e-01 3.403e-01 9.053e-03 2.471e-03 2.244e-02 -1.000 5.101e-02 -1.648 -0.569 -0.487 -0.455 -0.414 -0.402 -0.391 -0.378 -0.836 -0.474 -0.401 -0.418 -0.401 -0.778 -0.654
0.05 0.59589 6.00000 4.8770847321 2.6134133339    4.875  2.632  4.1373  3.996    0  0.000  0.538     0.00     0.00 -1    -1e-30      0.00 6.087e-01 3.403e-01 9.053e-03 2.471e-03 2.244e-02 -1.000 5.101e-02 -1.809 -0.637 -0.552 -0.518 -0.474 -0.462 -0.450 -0.436 -0.893 -0.529 -0.456 -0.479 -0.460 -0.836 -0.711
0.05 0.59589 6.00000 5.0792264938 2.6144688129    5.078  2.723  4.1599  4.012    0  0.000  0.538     0.00     0.00 -1    -1e-30      0.00 6.087e-01 3.403e-01 9.053e-03 2.471e-03 2.244e-02 -1.000 5.101e-02 -2.037 -0.708 -0.619 -0.580 -0.533 -0.519 -0.506 -0.490 -0.944 -0.580 -0.505 -0.538 -0.517 -0.889 -0.762
0.05 0.59589 6.00000 5.0863609314 2.6145043373    5.085  2.726  4.1607  4.013    0  0.000  0.538     0.00     0.00 -1    -1e-30      0.00 6.087e-01 3.403e-01 9.053e-03 2.471e-03 2.244e-02 -1.000 5.101e-02 -2.045 -0.711 -0.621 -0.582 -0.535 -0.521 -0.508 -0.492 -0.946 -0.581 -0.507 -0.540 -0.519 -0.891 -0.764
0.05 0.59589 6.00000 5.2190909386 2.6151442528    5.218  2.793  4.1811  4.039    0  0.000  0.538     0.00     0.00 -1    -1e-30      0.00 6.087e-01 3.403e-01 9.053e-03 2.471e-03 2.244e-02 -1.000 5.101e-02 -2.213 -0.735 -0.641 -0.599 -0.548 -0.533 -0.518 -0.501 -0.953 -0.587 -0.513 -0.553 -0.531 -0.900 -0.771
0.05 0.59589 6.00000 5.2813673019 2.6154317856    5.281  2.833  4.1949  4.059    0  0.000  0.538     0.00     0.00 -1    -1e-30      0.00 6.087e-01 3.403e-01 9.053e-03 2.471e-03 2.244e-02 -1.000 5.101e-02 -2.313 -0.738 -0.641 -0.597 -0.543 -0.527 -0.512 -0.495 -0.944 -0.578 -0.504 -0.549 -0.525 -0.892 -0.763
0.05 0.59589 6.00000 5.2954525948 2.6154959202    5.295  2.842  4.1980  4.063    0  0.000  0.538     0.00     0.00 -1    -1e-30      0.00 6.087e-01 3.403e-01 9.053e-03 2.471e-03 2.244e-02 -1.000 5.101e-02 -2.336 -0.739 -0.641 -0.596 -0.542 -0.526 -0.511 -0.493 -0.943 -0.576 -0.502 -0.548 -0.524 -0.891 -0.761
0.05 0.59589 6.00000 5.3445439339 2.6157157421    5.344  2.879  4.2117  4.086    0  0.000  0.538     0.00     0.00 -1    -1e-30      0.00 6.087e-01 3.403e-01 9.053e-03 2.471e-03 2.244e-02 -1.000 5.101e-02 -2.427 -0.733 -0.633 -0.585 -0.529 -0.512 -0.496 -0.477 -0.925 -0.558 -0.485 -0.534 -0.510 -0.874 -0.744
0.05 0.59589 6.00000 5.3799428940 2.6158714294    5.380  2.903  4.2218  4.105    0  0.000  0.538     0.00     0.00 -1    -1e-30      0.00 6.087e-01 3.403e-01 9.053e-03 2.471e-03 2.244e-02 -1.000 5.101e-02 -2.487 -0.722 -0.619 -0.570 -0.512 -0.494 -0.477 -0.458 -0.905 -0.538 -0.467 -0.517 -0.492 -0.855 -0.723
0.05 0.59589 6.00000 5.4205436707 2.6160471439    5.420  2.915  4.2300  4.129    0  0.000  0.538     0.00     0.00 -1    -1e-30      0.00 6.087e-01 3.403e-01 9.053e-03 2.471e-03 2.244e-02 -1.000 5.101e-02 -2.518 -0.696 -0.591 -0.540 -0.480 -0.462 -0.445 -0.426 -0.872 -0.504 -0.435 -0.486 -0.460 -0.822 -0.690
0.05 0.59589 6.00000 5.4835081100 2.6163136959    5.483  2.895  4.2309  4.157    0  0.000  0.538     0.00     0.00 -1    -1e-30      0.00 6.087e-01 3.403e-01 9.053e-03 2.471e-03 2.244e-02 -1.000 5.101e-02 -2.469 -0.639 -0.534 -0.484 -0.424 -0.406 -0.389 -0.369 -0.815 -0.448 -0.378 -0.430 -0.403 -0.765 -0.633
0.05 0.59589 6.00000 5.5046133995 2.6164016724    5.504  2.887  4.2307  4.166    0  0.000  0.538     0.00     0.00 -1    -1e-30      0.00 6.087e-01 3.403e-01 9.053e-03 2.471e-03 2.244e-02 -1.000 5.101e-02 -2.448 -0.621 -0.515 -0.465 -0.405 -0.387 -0.370 -0.350 -0.796 -0.429 -0.359 -0.411 -0.385 -0.747 -0.615
0.05 0.59589 6.00000 5.5202803612 2.6164662838    5.520  2.835  4.2165  4.163    0  0.000  0.538     0.00     0.00 -1    -1e-30      0.00 6.087e-01 3.403e-01 9.053e-03 2.471e-03 2.244e-02 -1.000 5.101e-02 -2.317 -0.590 -0.487 -0.439 -0.382 -0.365 -0.349 -0.330 -0.777 -0.410 -0.338 -0.388 -0.363 -0.727 -0.596
0.05 0.59589 6.00000 5.5244741440 2.6164834499    5.524  2.806  4.2085  4.160    0  0.000  0.538     0.00     0.00 -1    -1e-30      0.00 6.087e-01 3.403e-01 9.053e-03 2.471e-03 2.244e-02 -1.000 5.101e-02 -2.245 -0.574 -0.473 -0.427 -0.371 -0.354 -0.339 -0.320 -0.769 -0.402 -0.328 -0.377 -0.352 -0.717 -0.587
0.05 0.59589 6.00000 5.5278482437 2.6164972782    5.528  2.784  4.2024  4.158    0  0.000  0.538     0.00     0.00 -1    -1e-30      0.00 6.087e-01 3.403e-01 9.053e-03 2.471e-03 2.244e-02 -1.000 5.101e-02 -2.190 -0.561 -0.462 -0.417 -0.362 -0.346 -0.330 -0.312 -0.761 -0.395 -0.321 -0.368 -0.344 -0.710 -0.580
0.05 0.59589 6.00000 5.5317397118 2.6165132523    5.532  2.762  4.1963  4.156    0  0.000  0.538     0.00     0.00 -1    -1e-30      0.00 6.087e-01 3.403e-01 9.053e-03 2.471e-03 2.244e-02 -1.000 5.101e-02 -2.135 -0.549 -0.451 -0.407 -0.353 -0.337 -0.322 -0.304 -0.754 -0.388 -0.314 -0.359 -0.335 -0.702 -0.572
0.05 0.59589 6.00000 5.5365376472 2.6165328026    5.536  2.740  4.1902  4.154    0  0.000  0.538     0.00     0.00 -1    -1e-30      0.00 6.087e-01 3.403e-01 9.053e-03 2.471e-03 2.244e-02 -1.000 5.101e-02 -2.081 -0.538 -0.441 -0.398 -0.345 -0.330 -0.315 -0.298 -0.748 -0.382 -0.308 -0.351 -0.328 -0.695 -0.566
0.05 0.59589 6.00000 5.5427522659 2.6165583134    5.543  2.721  4.1843  4.150    0  0.000  0.538     0.00     0.00 -1    -1e-30      0.00 6.087e-01 3.403e-01 9.053e-03 2.471e-03 2.244e-02 -1.000 5.101e-02 -2.031 -0.530 -0.435 -0.392 -0.341 -0.326 -0.311 -0.294 -0.745 -0.380 -0.305 -0.346 -0.324 -0.692 -0.564
0.05 0.59589 6.00000 5.5561246872 2.6166126728    5.556  2.702  4.1767  4.140    0  0.000  0.538     0.00     0.00 -1    -1e-30      0.00 6.087e-01 3.403e-01 9.053e-03 2.471e-03 2.244e-02 -1.000 5.101e-02 -1.985 -0.537 -0.443 -0.402 -0.352 -0.337 -0.323 -0.307 -0.759 -0.394 -0.319 -0.357 -0.335 -0.705 -0.577
0.05 0.59589 6.00000 5.5615038872 2.6166343689    5.561  2.699  4.1747  4.134    0  0.000  0.538     0.00     0.00 -1    -1e-30      0.00 6.087e-01 3.403e-01 9.053e-03 2.471e-03 2.244e-02 -1.000 5.101e-02 -1.979 -0.545 -0.452 -0.411 -0.361 -0.346 -0.332 -0.316 -0.768 -0.403 -0.329 -0.366 -0.345 -0.715 -0.587
0.05 0.59589 6.00000 5.5808644295 2.6167123318    5.581  2.738  4.1777  4.110    0  0.000  0.538     0.00     0.00 -1    -1e-30      0.00 6.087e-01 3.403e-01 9.053e-03 2.471e-03 2.244e-02 -1.000 5.101e-02 -2.074 -0.619 -0.526 -0.484 -0.434 -0.419 -0.405 -0.388 -0.840 -0.475 -0.400 -0.439 -0.417 -0.786 -0.658
0.05 0.59589 6.00000 5.5956373215 2.6167714596    5.596  2.774  4.1820  4.092    0  0.000  0.538     0.00     0.00 -1    -1e-30      0.00 6.087e-01 3.403e-01 9.053e-03 2.471e-03 2.244e-02 -1.000 5.101e-02 -2.165 -0.680 -0.585 -0.543 -0.492 -0.477 -0.463 -0.446 -0.897 -0.532 -0.457 -0.497 -0.475 -0.844 -0.715
0.05 0.59589 6.00000 5.6098957062 2.6168282032    5.610  2.813  4.1877  4.077    0  0.000  0.538     0.00     0.00 -1    -1e-30      0.00 6.087e-01 3.403e-01 9.053e-03 2.471e-03 2.244e-02 -1.000 5.101e-02 -2.261 -0.737 -0.641 -0.598 -0.546 -0.530 -0.515 -0.498 -0.949 -0.583 -0.508 -0.551 -0.528 -0.896 -0.767
0.05 0.59589 6.00000 5.6268639565 2.6168951988    5.627  2.854  4.1947  4.065    0  0.000  0.538     0.00     0.00 -1    -1e-30      0.00 6.087e-01 3.403e-01 9.053e-03 2.471e-03 2.244e-02 -1.000 5.101e-02 -2.365 -0.791 -0.694 -0.650 -0.596 -0.580 -0.565 -0.548 -0.997 -0.631 -0.557 -0.602 -0.578 -0.945 -0.816
0.05 0.59589 6.00000 5.6510815620 2.6169900894    5.651  2.900  4.2040  4.058    0  0.000  0.538     0.00     0.00 -1    -1e-30      0.00 6.087e-01 3.403e-01 9.053e-03 2.471e-03 2.244e-02 -1.000 5.101e-02 -2.481 -0.842 -0.743 -0.697 -0.642 -0.626 -0.610 -0.592 -1.041 -0.674 -0.600 -0.648 -0.624 -0.989 -0.859
0.05 0.59589 6.00000 5.6856498718 2.6171240807    5.686  2.947  4.2159  4.062    0  0.000  0.538     0.00     0.00 -1    -1e-30      0.00 6.087e-01 3.403e-01 9.053e-03 2.471e-03 2.244e-02 -1.000 5.101e-02 -2.597 -0.874 -0.772 -0.724 -0.667 -0.650 -0.633 -0.615 -1.062 -0.695 -0.623 -0.673 -0.648 -1.012 -0.880
0.05 0.59589 6.00000 5.6896710396 2.6171393394    5.690  2.952  4.2174  4.062    0  0.000  0.538     0.00     0.00 -1    -1e-30      0.00 6.087e-01 3.403e-01 9.053e-03 2.471e-03 2.244e-02 -1.000 5.101e-02 -2.611 -0.878 -0.776 -0.727 -0.670 -0.653 -0.636 -0.617 -1.065 -0.698 -0.626 -0.676 -0.651 -1.014 -0.883
0.05 0.59589 6.00000 5.7278761864 2.6172850132    5.728  2.991  4.2308  4.080    0  0.000  0.538     0.00     0.00 -1    -1e-30      0.00 6.087e-01 3.403e-01 9.053e-03 2.471e-03 2.244e-02 -1.000 5.101e-02 -2.708 -0.881 -0.776 -0.725 -0.665 -0.647 -0.630 -0.610 -1.056 -0.689 -0.619 -0.671 -0.645 -1.007 -0.874
0.05 0.59589 6.00000 5.7609252930 2.6174089909    5.761  3.015  4.2415  4.102    0  0.000  0.538     0.00     0.00 -1    -1e-30      0.00 6.087e-01 3.403e-01 9.053e-03 2.471e-03 2.244e-02 -1.000 5.101e-02 -2.767 -0.865 -0.757 -0.705 -0.643 -0.624 -0.606 -0.586 -1.031 -0.664 -0.597 -0.649 -0.622 -0.982 -0.849
0.05 0.59589 6.00000 5.8000798225 2.6175539494    5.800  3.030  4.2515  4.129    0  0.000  0.538     0.00     0.00 -1    -1e-30      0.00 6.087e-01 3.403e-01 9.053e-03 2.471e-03 2.244e-02 -1.000 5.101e-02 -2.806 -0.833 -0.724 -0.669 -0.606 -0.586 -0.568 -0.547 -0.990 -0.625 -0.560 -0.612 -0.584 -0.942 -0.808
0.05 0.59589 6.00000 5.8613138199 2.6177761555    5.861  3.018  4.2557  4.163    0  0.000  0.538     0.00     0.00 -1    -1e-30      0.00 6.087e-01 3.403e-01 9.053e-03 2.471e-03 2.244e-02 -1.000 5.101e-02 -2.775 -0.773 -0.662 -0.607 -0.543 -0.523 -0.504 -0.483 -0.926 -0.561 -0.497 -0.549 -0.520 -0.878 -0.744
0.05 0.59589 6.00000 5.8877906799 2.6178705692    5.888  3.019  4.2562  4.166    0  0.000  0.538     0.00     0.00 -1    -1e-30      0.00 6.087e-01 3.403e-01 9.053e-03 2.471e-03 2.244e-02 -1.000 5.101e-02 -2.777 -0.771 -0.660 -0.605 -0.540 -0.520 -0.502 -0.481 -0.923 -0.558 -0.495 -0.547 -0.518 -0.876 -0.742
0.05 0.59589 6.00000 5.9642710686 2.6181378365    5.964  3.014  4.2565  4.178    0  0.000  0.538     0.00     0.00 -1    -1e-30      0.00 6.087e-01 3.403e-01 9.053e-03 2.471e-03 2.244e-02 -1.000 5.101e-02 -2.765 -0.757 -0.646 -0.590 -0.526 -0.506 -0.488 -0.466 -0.909 -0.544 -0.481 -0.532 -0.504 -0.861 -0.727
0.05 0.59589 6.00000 6.0899319649 2.6185603142    6.089  3.047  4.2622  4.176    0  0.000  0.538     0.00     0.00 -1    -1e-30      0.00 6.087e-01 3.403e-01 9.053e-03 2.471e-03 2.244e-02 -1.000 5.101e-02 -2.848 -0.800 -0.688 -0.632 -0.566 -0.546 -0.527 -0.505 -0.947 -0.583 -0.521 -0.572 -0.543 -0.900 -0.765
0.05 0.59589 6.00000 6.2876834869 2.6191861629    6.286  3.100  4.2711  4.173    0  0.000  0.538     0.00     0.00 -1    -1e-30      0.00 6.087e-01 3.403e-01 9.053e-03 2.471e-03 2.244e-02 -1.000 5.101e-02 -2.979 -0.869 -0.755 -0.697 -0.629 -0.608 -0.589 -0.566 -1.007 -0.644 -0.583 -0.636 -0.606 -0.961 -0.825
0.05 0.59589 6.00000 6.4854354858 2.6197681427    6.481  3.150  4.2795  4.170    0  0.000  0.538     0.00     0.00 -1    -1e-30      0.00 6.087e-01 3.403e-01 9.053e-03 2.471e-03 2.244e-02 -1.000 5.101e-02 -3.104 -0.936 -0.820 -0.761 -0.691 -0.670 -0.650 -0.627 -1.067 -0.705 -0.645 -0.698 -0.667 -1.021 -0.885
0.05 0.59589 6.00000 7.0786905289 2.6212921143    7.070  3.287  4.3027  4.163    0  0.000  0.538     0.00     0.00 -1    -1e-30      0.00 6.087e-01 3.403e-01 9.053e-03 2.471e-03 2.244e-02 -1.000 5.101e-02 -3.448 -1.119 -0.998 -0.933 -0.859 -0.835 -0.813 -0.789 -1.225 -0.865 -0.805 -0.866 -0.832 -1.182 -1.044
0.05 0.59589 6.00000 7.9435253143 2.6230518818    7.939  3.466  4.3329  4.156    0  0.000  0.538     0.00     0.00 -1    -1e-30      0.00 6.087e-01 3.403e-01 9.053e-03 2.471e-03 2.244e-02 -1.000 5.101e-02 -3.894 -1.359 -1.231 -1.161 -1.078 -1.051 -1.027 -1.000 -1.432 -1.072 -1.009 -1.086 -1.048 -1.391 -1.251
0.05 0.59589 6.00000 8.0674486160 2.6232688427    8.064  3.490  4.3369  4.155    0  0.000  0.538     0.00     0.00 -1    -1e-30      0.00 6.087e-01 3.403e-01 9.053e-03 2.471e-03 2.244e-02 -1.000 5.101e-02 -3.954 -1.392 -1.263 -1.192 -1.108 -1.081 -1.056 -1.028 -1.461 -1.100 -1.037 -1.116 -1.078 -1.420 -1.279
0.05 0.59589 6.00000 9.0562076569 2.6247577667    9.048  3.664  4.3656  4.145    1  0.000  0.538     0.00     0.00 -1    -1e-30      0.00 6.087e-01 3.403e-01 9.053e-03 2.471e-03 2.244e-02 -1.000 5.101e-02 -4.390 -1.635 -1.500 -1.424 -1.333 -1.303 -1.276 -1.246 -1.674 -1.311 -1.244 -1.342 -1.300 -1.635 -1.493
0.05 0.59589 6.00000 9.1492309570 2.6248788834    9.142  3.679  4.3680  4.144    1  0.000  0.538     0.00     0.00 -1    -1e-30      0.00 6.087e-01 3.403e-01 9.053e-03 2.471e-03 2.244e-02 -1.000 5.101e-02 -4.428 -1.656 -1.521 -1.445 -1.353 -1.323 -1.296 -1.265 -1.693 -1.330 -1.263 -1.362 -1.320 -1.655 -1.512
0.05 0.59589 6.00000 10.0449657440 2.6259148121   10.041  3.817  4.3902  4.135    1  0.000  0.538     0.00     0.00 -1    -1e-30      0.00 6.087e-01 3.403e-01 9.053e-03 2.471e-03 2.244e-02 -1.000 5.101e-02 -4.773 -1.854 -1.716 -1.635 -1.539 -1.507 -1.479 -1.447 -1.872 -1.505 -1.435 -1.549 -1.504 -1.835 -1.690
0.05 0.59589 6.00000 10.1877355576 2.6260604858   10.185  3.837  4.3934  4.134    1  0.000  0.538     0.00     0.00 -1    -1e-30      0.00 6.087e-01 3.403e-01 9.053e-03 2.471e-03 2.244e-02 -1.000 5.101e-02 -4.823 -1.884 -1.745 -1.664 -1.567 -1.535 -1.506 -1.474 -1.899 -1.531 -1.461 -1.577 -1.531 -1.863 -1.717
0.05 0.59589 6.00000 11.0337247849 2.6268365383   11.034  3.953  4.4116  4.127    1  0.000  0.538     0.00     0.00 -1    -1e-30      0.00 6.087e-01 3.403e-01 9.053e-03 2.471e-03 2.244e-02 -1.000 5.101e-02 -5.111 -2.226 -2.125 -2.092 -2.116 -2.205 -2.223 -2.524 -3.626 -6.181 -6.420 -2.107 -2.189 -2.851 -3.557
0.05 0.59589 6.00000 11.9150724411 2.6275117397   11.914  4.061  4.4284  4.119    1  0.000  0.538     0.00     0.00 -1 -1.66e-30      0.00 6.087e-01 3.403e-01 9.054e-03 2.471e-03 2.244e-02 -1.000 5.101e-02 -5.382 -2.371 -2.262 -2.218 -2.228 -2.309 -2.317 -2.613 -3.752 -6.297 -6.530 -2.221 -2.289 -2.980 -3.683
0.05 0.59589 6.00000 12.0224828720 2.6275863647   12.021  4.074  4.4303  4.118    1  0.000  0.538     0.00     0.00 -1 -1.76e-30      0.00 6.087e-01 3.403e-01 9.054e-03 2.471e-03 2.244e-02 -1.000 5.101e-02 -5.414 -2.388 -2.278 -2.233 -2.241 -2.321 -2.328 -2.624 -3.767 -6.311 -6.542 -2.235 -2.301 -2.996 -3.698
0.05 0.59589 6.00000 14.0000000000 2.6287269592   13.981  4.281  4.4615  4.100    0  0.000  0.545     0.00     0.00 -1 -1.03e-08      0.00 6.087e-01 3.403e-01 9.173e-03 2.474e-03 2.244e-02 -1.000 5.101e-02 -5.934 -2.701 -2.584 -2.532 -2.533 -2.617 -2.616 -2.887 -4.026 -6.552 -6.766 -2.528 -2.591 -3.267 -3.958
0.05 0.59589 6.00000 15.4980707169 2.6293721199   15.475  4.415  4.4806  4.087    0  0.000  0.545     0.00     0.00 -1 -2.07e-08      0.00 6.087e-01 3.403e-01 9.173e-03 2.474e-03 2.244e-02 -1.000 5.101e-02 -6.266 -2.936 -2.824 -2.780 -2.800 -2.904 -2.907 -3.149 -4.210 -6.724 -6.920 -2.792 -2.874 -3.464 -4.141
0.05 0.59589 6.00000 16.0000000000 2.6295573711   15.975  4.456  4.4866  4.083    0  0.000  0.545     0.00     0.00 -1 -2.59e-08      0.00 6.087e-01 3.403e-01 9.173e-03 2.474e-03 2.244e-02 -1.000 5.101e-02 -6.371 -3.010 -2.900 -2.858 -2.884 -2.995 -2.999 -3.232 -4.267 -6.778 -6.969 -2.875 -2.963 -3.526 -4.199
0.05 0.59589 6.00000 18.0000000000 2.6301794052   17.935  4.605  4.5068  4.066    0  0.000  0.545     0.00     0.00 -1 -5.47e-08      0.00 6.087e-01 3.403e-01 9.173e-03 2.474e-03 2.244e-02 -1.000 5.101e-02 -6.742 -3.264 -3.157 -3.122 -3.160 -3.282 -3.292 -3.503 -4.478 -6.981 -7.161 -3.149 -3.250 -3.751 -4.410
0.05 0.59589 6.00000 19.2400436401 2.6304912567   19.152  4.685  4.5173  4.056    0  0.000  0.545     0.00     0.00 -1 -8.07e-08      0.00 6.087e-01 3.403e-01 9.173e-03 2.474e-03 2.244e-02 -1.000 5.101e-02 -6.944 -3.391 -3.284 -3.249 -3.287 -3.406 -3.418 -3.627 -4.595 -7.098 -7.281 -3.276 -3.376 -3.875 -4.527
0.05 0.59589 6.00000 20.0000000000 2.6306605339   19.896  4.732  4.5234  4.050    0  0.000  0.545     0.00     0.00 -1 -1.01e-07      0.00 6.087e-01 3.403e-01 9.173e-03 2.474e-03 2.244e-02 -1.000 5.101e-02 -7.061 -3.465 -3.358 -3.324 -3.361 -3.478 -3.492 -3.700 -4.663 -7.167 -7.351 -3.351 -3.450 -3.948 -4.596
0.05 0.59589 6.00000 20.4998245239 2.6307640076   20.350  4.758  4.5265  4.046    0  0.000  0.545     0.00     0.00 -1 -1.14e-07      0.00 6.087e-01 3.403e-01 9.173e-03 2.474e-03 2.244e-02 -1.000 5.101e-02 -7.126 -3.507 -3.400 -3.367 -3.404 -3.519 -3.534 -3.742 -4.703 -7.207 -7.392 -3.394 -3.492 -3.990 -4.636
0.05 0.59589 6.00000 24.0000000000 2.6313521862   23.482  4.923  4.5458  4.021    0  0.000  0.545     0.00     0.00 -1  -2.4e-07      0.00 6.087e-01 3.403e-01 9.173e-03 2.474e-03 2.244e-02 -1.000 5.101e-02 -7.538 -3.782 -3.675 -3.643 -3.680 -3.787 -3.808 -4.012 -4.959 -7.465 -7.654 -3.671 -3.765 -4.259 -4.893
0.05 0.59589 6.00000 29.7116851807 2.6319787502   29.012  5.164  4.5714  3.974    0  0.000  0.545     0.00     0.00 -1 -6.92e-07      0.00 6.087e-01 3.403e-01 9.173e-03 2.474e-03 2.244e-02 -1.000 5.101e-02 -8.139 -4.182 -4.074 -4.043 -4.083 -4.192 -4.219 -4.433 -5.433 -7.937 -8.073 -4.076 -4.175 -4.703 -5.365
0.05 0.59589 6.00000 30.0000000000 2.6320033073   29.291  5.175  4.5725  3.972    0  0.000  0.545     0.00     0.00 -1 -7.26e-07      0.00 6.087e-01 3.403e-01 9.173e-03 2.474e-03 2.244e-02 -1.000 5.101e-02 -8.167 -4.200 -4.092 -4.061 -4.102 -4.211 -4.238 -4.452 -5.455 -7.960 -8.093 -4.095 -4.193 -4.724 -5.387
0.05 0.59589 6.00000 35.0000000000 2.6323544979   33.722  5.322  4.5845  3.934    0  0.000  0.545     0.00     0.00 -1 -1.33e-06      0.00 6.087e-01 3.403e-01 9.173e-03 2.474e-03 2.244e-02 -1.000 5.101e-02 -8.536 -4.473 -4.365 -4.334 -4.377 -4.487 -4.517 -4.738 -5.772 -8.276 -8.379 -4.371 -4.472 -5.022 -5.703
0.05 0.59589 6.00000 40.0000000000 2.6326069832   37.951  5.442  4.5917  3.894    0  0.000  0.545     0.00     0.00 -1 -2.12e-06      0.00 6.087e-01 3.403e-01 9.173e-03 2.474e-03 2.244e-02 -1.000 5.101e-02 -8.835 -4.715 -4.606 -4.576 -4.620 -4.731 -4.763 -4.987 -6.040 -8.543 -8.628 -4.615 -4.717 -5.280 -5.971
0.05 0.59589 6.00000 45.0000000000 2.6327958107   42.001  5.541  4.5954  3.854    0  0.000  0.545     0.00     0.00 -1 -3.07e-06      0.00 6.087e-01 3.403e-01 9.173e-03 2.474e-03 2.244e-02 -1.000 5.101e-02 -9.082 -4.932 -4.823 -4.793 -4.837 -4.949 -4.981 -5.208 -6.270 -8.773 -8.849 -4.832 -4.936 -5.504 -6.200
0.05 0.59589 6.00000 49.2948493958 2.6329236031   45.327  5.613  4.5965  3.820    0  0.000  0.545     0.00     0.00 -1 -4.03e-06      0.00 6.087e-01 3.403e-01 9.173e-03 2.474e-03 2.244e-02 -1.000 5.101e-02 -9.262 -5.104 -4.995 -4.965 -5.009 -5.121 -5.154 -5.381 -6.446 -8.949 -9.022 -5.005 -5.108 -5.678 -6.376
0.05 0.59589 6.00000 50.0000000000 2.6329421997   45.862  5.624  4.5966  3.814    0  0.000  0.545     0.00     0.00 -1  -4.2e-06      0.00 6.087e-01 3.403e-01 9.173e-03 2.474e-03 2.244e-02 -1.000 5.101e-02 -9.290 -5.131 -5.022 -4.992 -5.037 -5.148 -5.181 -5.408 -6.473 -8.976 -9.049 -5.032 -5.135 -5.706 -6.404
0.05 0.59589 6.00000 55.0000038147 2.6330580711   49.531  5.696  4.5953  3.770    0  0.000  0.545     0.00     0.00 -1 -5.43e-06      0.00 6.087e-01 3.403e-01 9.173e-03 2.474e-03 2.244e-02 -1.000 5.101e-02 -9.471 -5.322 -5.213 -5.182 -5.227 -5.339 -5.371 -5.597 -6.660 -9.163 -9.238 -5.222 -5.325 -5.894 -6.590
0.05 0.59589 6.00000 60.0000000000 2.6331522465   53.047  5.760  4.5923  3.724    0  0.000  0.545     0.00     0.00 -1 -6.73e-06      0.00 6.087e-01 3.403e-01 9.173e-03 2.474e-03 2.244e-02 -1.000 5.101e-02 -9.630 -5.505 -5.396 -5.366 -5.410 -5.521 -5.553 -5.778 -6.832 -9.335 -9.419 -5.405 -5.507 -6.071 -6.763
0.05 0.59589 6.00000 64.3620147705 2.6332206726   55.989  5.809  4.5880  3.681    0  0.000  0.542     0.00     0.00 -1 -7.95e-06      0.00 6.087e-01 3.403e-01 9.115e-03 2.538e-03 2.244e-02 -1.000 5.102e-02 -9.753 -5.663 -5.554 -5.524 -5.567 -5.678 -5.709 -5.931 -6.975 -9.478 -9.572 -5.562 -5.663 -6.220 -6.906
0.05 0.59589 6.00000 65.0000000000 2.6332299709   56.417  5.816  4.5874  3.675    0  0.000  0.540     0.00     0.00 -1 -8.13e-06      0.00 6.087e-01 3.403e-01 9.075e-03 2.584e-03 2.244e-02 -1.000 5.102e-02 -9.771 -5.686 -5.577 -5.547 -5.590 -5.701 -5.731 -5.954 -6.995 -9.498 -9.594 -5.584 -5.686 -6.241 -6.926
0.05 0.59589 6.00000 70.0000000000 2.6332950592   59.666  5.867  4.5816  3.625    0  0.000  0.392     0.00     0.00 -1 -9.61e-06      0.00 6.074e-01 3.411e-01 6.148e-03 6.078e-03 2.218e-02 -1.000 5.148e-02 -9.897 -5.858 -5.750 -5.719 -5.761 -5.871 -5.900 -6.120 -7.146 -9.650 -9.761 -5.755 -5.856 -6.401 -7.078
0.05 0.59589 6.00000 75.0000000000 2.6333501339   62.799  5.912  4.5796  3.594    0  0.000  0.261     0.00     0.00 -1 -1.12e-05      0.00 6.011e-01 3.472e-01 3.528e-03 1.076e-02 2.050e-02 -1.000 5.173e-02 -10.010 -5.987 -5.879 -5.848 -5.890 -6.000 -6.029 -6.247 -7.269 -9.773 -9.889 -5.884 -5.984 -6.527 -7.201
0.05 0.59589 6.00000 80.0000000000 2.6333973408   65.767  5.953  4.5794  3.573    0  0.000  0.236     0.00     0.00 -1 -1.31e-05      0.00 5.936e-01 3.548e-01 3.124e-03 1.280e-02 1.877e-02 -1.000 5.157e-02 -10.113 -6.091 -5.983 -5.952 -5.994 -6.104 -6.133 -6.352 -7.372 -9.877 -9.993 -5.988 -6.088 -6.631 -7.304
0.05 0.59589 6.00000 90.0000000000 2.6334741116   71.144  6.023  4.5843  3.556    0  0.000  0.032     0.00     0.00 -1  -1.7e-05      0.00 5.701e-01 3.784e-01 3.802e-04 1.937e-02 1.491e-02 -1.000 5.152e-02 -10.288 -6.243 -6.140 -6.118 -6.177 -6.300 -6.334 -6.572 -7.626 -10.129 -10.254 -6.168 -6.283 -6.868 -7.557
0.05 0.59589 6.00000 95.0000000000 2.6335055828   73.729  6.054  4.5892  3.560    0  0.000  0.022     0.00     0.00 -1 -1.95e-05      0.00 5.568e-01 3.920e-01 2.049e-04 2.156e-02 1.273e-02 -1.000 5.127e-02 -10.366 -6.296 -6.198 -6.183 -6.256 -6.391 -6.429 -6.684 -7.763 -10.261 -10.396 -6.246 -6.374 -6.996 -7.695
0.05 0.59589 6.00000 100.0000000000 2.6335334778   76.195  6.083  4.5942  3.566    0  0.000  0.027     0.00     0.00 -1 -2.16e-05      0.00 5.436e-01 4.053e-01 2.190e-04 2.300e-02 1.106e-02 -1.000 5.111e-02 -10.437 -6.337 -6.243 -6.233 -6.317 -6.461 -6.502 -6.771 -7.867 -10.357 -10.497 -6.307 -6.444 -7.095 -7.800
0.05 0.59589 6.00000 108.3375167847 2.6335735321   80.073  6.125  4.6028  3.580    0  0.000  0.036     0.00     0.00 -1 -2.55e-05      0.00 5.230e-01 4.261e-01 2.351e-04 2.452e-02 9.299e-03 -1.000 5.090e-02 -10.542 -6.398 -6.311 -6.312 -6.416 -6.576 -6.621 -6.911 -8.040 -10.533 -10.687 -6.404 -6.557 -7.252 -7.972
0.05 0.59589 6.00000 120.0000000000 2.6336188316   85.208  6.178  4.6139  3.598    0  0.000  0.048     0.00     0.00 -1 -3.16e-05      0.00 4.961e-01 4.533e-01 2.548e-04 2.639e-02 7.145e-03 -1.000 5.066e-02 -10.675 -6.224 -6.123 -6.244 -6.208 -6.339 -6.396 -6.596 -7.873 -8.622 -9.572 -6.207 -6.339 -6.815 -7.602
0.05 0.59589 6.00000 150.0000000000 2.6336188316   96.954  6.282  4.6339  3.631    0  0.000  0.082     0.00     0.00 -1 -4.62e-05      0.00 4.475e-01 5.021e-01 2.793e-04 2.840e-02 4.828e-03 -1.000 5.039e-02 -10.934 -6.554 -6.464 -6.612 -6.604 -6.753 -6.818 -7.034 -8.363 -9.196 -10.169 -6.600 -6.753 -7.268 -8.091
0.05 0.59589 6.00000 156.8972778320 2.6336188316   99.196  6.302  4.6364  3.630    0  0.000  0.088     0.00     0.00 -1 -4.95e-05      0.00 4.368e-01 5.125e-01 2.845e-04 2.880e-02 4.611e-03 -1.000 5.069e-02 -10.984 -6.616 -6.529 -6.681 -6.677 -6.829 -6.895 -7.114 -8.450 -9.297 -10.273 -6.673 -6.829 -7.350 -8.179
0.05 0.59589 6.00000 200.0000152588 2.6336188316  111.012  6.404  4.6499  3.631    0  0.000  0.121     0.00     0.00 -1 -7.12e-05      0.00 3.784e-01 5.693e-01 3.109e-04 3.083e-02 3.624e-03 -1.000 5.237e-02 -11.239 -6.951 -6.872 -7.042 -7.066 -7.233 -7.306 -7.537 -8.916 -9.823 -10.825 -7.060 -7.233 -7.787 -8.644
0.05 0.59589 6.00000 249.4554595947 2.6336188316  123.862  6.490  4.6485  3.587    0  0.000  0.116     0.00     0.00 -1 -9.55e-05      0.00 3.400e-01 5.988e-01 3.659e-04 3.590e-02 4.350e-03 -1.000 6.118e-02 -11.454 -7.211 -7.137 -7.314 -7.354 -7.529 -7.604 -7.843 -9.244 -10.179 -11.197 -7.346 -7.528 -8.101 -8.971
0.05 0.59589 6.00000 250.0000000000 2.6336188316  123.997  6.490  4.6485  3.587    0  0.000  0.116     0.00     0.00 -1 -9.58e-05      0.00 3.396e-01 5.991e-01 3.664e-04 3.595e-02 4.357e-03 -1.000 6.127e-02 -11.456 -7.214 -7.139 -7.316 -7.356 -7.532 -7.607 -7.846 -9.247 -10.182 -11.201 -7.349 -7.531 -8.104 -8.975
0.05 0.59589 6.00000 300.0000305176 2.6336188316  143.959  6.570  4.6672  3.647    0  0.000  0.200     0.00     0.00 -1 -0.000116      0.00 3.599e-01 5.900e-01 3.148e-04 3.039e-02 2.512e-03 -1.000 5.013e-02 -11.656 -7.343 -7.280 -7.498 -7.532 -7.721 -7.801 -8.053 -9.467 -10.423 -11.455 -7.524 -7.720 -8.319 -9.195
0.05 0.59589 6.00000 310.1649780273 2.6336188316  146.107  6.583  4.6684  3.645    0  0.000  0.203     0.00     0.00 -1 -0.000122      0.00 3.530e-01 5.965e-01 3.182e-04 3.064e-02 2.461e-03 -1.000 5.044e-02 -11.687 -7.379 -7.317 -7.538 -7.574 -7.765 -7.846 -8.100 -9.517 -10.480 -11.515 -7.566 -7.764 -8.367 -9.245
0.05 0.59589 6.00000 350.0000000000 2.6336188316  153.031  6.624  4.6727  3.641    0  0.000  0.214     0.00     0.00 -1 -0.000199      0.00 3.272e-01 6.213e-01 3.306e-04 3.153e-02 2.279e-03 -1.000 5.154e-02 -11.791 -7.668 -7.617 -7.848 -7.941 -8.152 -8.245 -8.516 -9.998 -11.072 -12.130 -7.928 -8.151 -8.802 -9.726
0.05 0.59589 6.00000 350.0000915527 2.6336188316  149.533  6.615  4.6720  3.638    0  0.000  0.226     0.00     0.00 -1 -0.000218      0.00 3.199e-01 6.285e-01 3.407e-04 3.159e-02 2.191e-03 -1.000 5.154e-02 -11.767 -7.706 -7.656 -7.883 -7.993 -8.208 -8.303 -8.576 -10.075 -11.177 -12.238 -7.979 -8.207 -8.867 -9.803
0.05 0.59589 6.00000 350.0002136230 2.6336188316  142.508  6.592  4.6722  3.641    0  0.000  0.241     0.00     0.00 -1 -0.000193      0.00 3.099e-01 6.386e-01 3.510e-04 3.169e-02 2.075e-03 -1.000 5.148e-02 -11.709 -7.610 -7.559 -7.789 -7.888 -8.101 -8.194 -8.466 -9.954 -11.039 -12.098 -7.875 -8.100 -8.754 -9.682
0.05 0.59589 6.00000 350.0003356934 2.6336188316  134.736  6.563  4.6705  3.638    0  0.000  0.256     0.00     0.00 -1 -0.000167      0.00 3.013e-01 6.472e-01 3.622e-04 3.174e-02 1.998e-03 -1.000 5.153e-02 -11.639 -7.500 -7.448 -7.675 -7.763 -7.971 -8.062 -8.331 -9.806 -10.868 -11.925 -7.751 -7.970 -8.615 -9.534
0.05 0.59589 6.00000 350.0004577637 2.6336188316  127.375  6.535  4.6689  3.635    0  0.000  0.272     0.00     0.00 -1 -0.000148      0.00 2.924e-01 6.561e-01 3.735e-04 3.180e-02 1.924e-03 -1.000 5.148e-02 -11.568 -7.404 -7.350 -7.575 -7.655 -7.860 -7.949 -8.216 -9.681 -10.727 -11.783 -7.644 -7.859 -8.498 -9.409
0.05 0.59589 6.00000 350.0005798340 2.6336188316  120.047  6.505  4.6676  3.634    0  0.000  0.291     0.00     0.00 -1 -0.000163      0.00 2.824e-01 6.661e-01 3.847e-04 3.185e-02 1.854e-03 -1.000 5.148e-02 -11.493 -7.419 -7.365 -7.584 -7.689 -7.899 -7.993 -8.262 -9.751 -10.837 -11.896 -7.676 -7.898 -8.550 -9.479
0.05 0.59589 6.00000 350.0007019043 2.6336188316  113.271  6.476  4.6666  3.635    0  0.000  0.310     0.00     0.00 -1  -0.00018      0.00 2.725e-01 6.760e-01 3.958e-04 3.189e-02 1.789e-03 -1.000 5.148e-02 -11.419 -7.423 -7.370 -7.583 -7.710 -7.925 -8.022 -8.294 -9.804 -10.925 -11.987 -7.695 -7.923 -8.587 -9.532
0.05 0.59589 6.00000 350.0007934570 2.6336188316  104.362  6.432  4.6667  3.643    0  0.000  0.339     0.00     0.00 -1 -0.000156      0.00 2.593e-01 6.892e-01 4.066e-04 3.194e-02 1.716e-03 -1.000 5.147e-02 -11.311 -7.297 -7.244 -7.459 -7.581 -7.796 -7.892 -8.164 -9.669 -10.783 -11.844 -7.567 -7.794 -8.456 -9.397
0.05 0.59589 6.00000 350.0009155273 2.6336188316   95.851  6.386  4.6645  3.643    0  0.000  0.356     0.00     0.00 -1  -0.00013      0.00 2.504e-01 6.982e-01 4.169e-04 3.197e-02 1.672e-03 -1.000 5.144e-02 -11.196 -7.141 -7.086 -7.298 -7.408 -7.617 -7.711 -7.979 -9.470 -10.559 -11.617 -7.394 -7.616 -8.267 -9.198
0.05 0.59589 6.00000 350.0010375977 2.6336188316   88.204  6.341  4.6623  3.644    0  0.000  0.373     0.00     0.00 -1 -0.000107      0.00 2.416e-01 7.069e-01 4.269e-04 3.199e-02 1.634e-03 -1.000 5.148e-02 -11.083 -6.988 -6.930 -7.140 -7.237 -7.441 -7.532 -7.797 -9.273 -10.336 -11.393 -7.224 -7.440 -8.081 -9.000
0.05 0.59589 6.00000 350.0011596680 2.6336188316   81.151  6.295  4.6599  3.644    0  0.000  0.390     0.00     0.00 -1 -8.91e-05      0.00 2.328e-01 7.157e-01 4.371e-04 3.201e-02 1.600e-03 -1.000 5.148e-02 -10.969 -6.834 -6.775 -6.981 -7.065 -7.265 -7.352 -7.613 -9.074 -10.111 -11.167 -7.054 -7.263 -7.893 -8.802
0.05 0.59589 6.00000 350.0012817383 2.6336188316   74.807  6.251  4.6575  3.643    0  0.000  0.407     0.00     0.00 -1 -7.51e-05      0.00 2.241e-01 7.245e-01 4.470e-04 3.202e-02 1.570e-03 -1.000 5.147e-02 -10.857 -6.698 -6.635 -6.835 -6.910 -7.104 -7.189 -7.445 -8.893 -9.908 -10.957 -6.899 -7.103 -7.721 -8.621
0.05 0.59589 6.00000 350.0014038086 2.6336188316   68.692  6.204  4.6547  3.642    0  0.000  0.425     0.00     0.00 -1 -6.21e-05      0.00 2.148e-01 7.337e-01 4.574e-04 3.204e-02 1.542e-03 -1.000 5.147e-02 -10.740 -6.553 -6.486 -6.678 -6.742 -6.930 -7.012 -7.263 -8.695 -9.683 -10.723 -6.732 -6.929 -7.533 -8.423
0.05 0.59589 6.00000 350.0014953613 2.6336188316   63.212  6.158  4.6525  3.643    0  0.000  0.442     0.00     0.00 -1 -5.13e-05      0.00 2.057e-01 7.429e-01 4.678e-04 3.205e-02 1.518e-03 -1.000 5.144e-02 -10.624 -6.408 -6.338 -6.524 -6.575 -6.757 -6.836 -7.082 -8.499 -9.459 -10.490 -6.566 -6.757 -7.346 -8.227
0.05 0.59589 6.00000 350.0016174316 2.6336188316   58.160  6.112  4.6501  3.643    0  0.000  0.460     0.00     0.00 -1 -4.25e-05      0.00 1.966e-01 7.520e-01 4.781e-04 3.206e-02 1.498e-03 -1.000 5.141e-02 -10.509 -6.268 -6.193 -6.371 -6.411 -6.587 -6.663 -6.902 -8.303 -9.239 -10.259 -6.404 -6.586 -7.160 -8.031
0.05 0.59589 6.00000 350.0017395020 2.6336188316   53.639  6.066  4.6480  3.645    0  0.000  0.477     0.00     0.00 -1 -3.52e-05      0.00 1.875e-01 7.610e-01 4.884e-04 3.206e-02 1.480e-03 -1.000 5.147e-02 -10.396 -6.120 -6.042 -6.213 -6.241 -6.411 -6.484 -6.717 -8.101 -9.016 -10.022 -6.235 -6.410 -6.969 -7.829
0.05 0.59589 6.00000 350.0018615723 2.6336188316   49.372  6.020  4.6457  3.646    0  0.000  0.494     0.00     0.00 -1 -2.91e-05      0.00 1.785e-01 7.702e-01 4.990e-04 3.206e-02 1.466e-03 -1.000 5.138e-02 -10.280 -5.967 -5.886 -6.052 -6.067 -6.230 -6.300 -6.528 -7.895 -8.788 -9.780 -6.061 -6.230 -6.774 -7.623
0.05 0.59589 6.00000 350.0019836426 2.6336188316   45.537  5.975  4.6436  3.648    0  0.000  0.511     0.00     0.00 -1 -2.43e-05      0.00 1.691e-01 7.795e-01 5.094e-04 3.206e-02 1.453e-03 -1.000 5.142e-02 -10.167 -5.821 -5.737 -5.897 -5.901 -6.058 -6.126 -6.348 -7.699 -8.571 -9.552 -5.896 -6.058 -6.589 -7.427
0.05 0.59589 6.00000 350.0021057129 2.6336188316   42.021  5.929  4.6417  3.651    0  0.000  0.528     0.00     0.00 -1    -2e-05      0.00 1.597e-01 7.888e-01 5.201e-04 3.206e-02 1.444e-03 -1.000 5.147e-02 -10.053 -5.678 -5.589 -5.739 -5.732 -5.882 -5.948 -6.165 -7.497 -8.336 -9.309 -5.728 -5.883 -6.400 -7.225
0.05 0.59589 6.00000 350.0022277832 2.6336188316   38.766  5.884  4.6397  3.654    0  0.000  0.545     0.00     0.00 -1 -1.66e-05      0.00 1.503e-01 7.982e-01 5.309e-04 3.205e-02 1.437e-03 -1.000 5.142e-02 -9.939 -5.536 -5.442 -5.582 -5.565 -5.709 -5.772 -5.984 -7.298 -8.106 -9.073 -5.562 -5.710 -6.215 -7.027
0.05 0.59589 6.00000 350.0023498535 2.6336188316   35.770  5.838  4.6379  3.657    0  0.000  0.562     0.00     0.00 -1 -1.37e-05      0.00 1.408e-01 8.078e-01 5.419e-04 3.205e-02 1.431e-03 -1.000 5.144e-02 -9.825 -5.393 -5.295 -5.426 -5.398 -5.535 -5.596 -5.803 -7.099 -7.875 -8.835 -5.396 -5.536 -6.029 -6.828
0.05 0.59589 6.00000 350.0024719238 2.6336188316   32.882  5.791  4.6354  3.658    0  0.000  0.580     0.00     0.00 -1 -1.13e-05      0.00 1.308e-01 8.178e-01 5.536e-04 3.204e-02 1.428e-03 -1.000 5.137e-02 -9.707 -5.253 -5.152 -5.272 -5.234 -5.363 -5.420 -5.620 -6.893 -7.638 -8.586 -5.234 -5.364 -5.837 -6.622
0.05 0.59589 6.00000 350.0025939941 2.6336188316   30.300  5.745  4.6329  3.658    0  0.000  0.597     0.00     0.00 -1  -9.3e-06      0.00 1.211e-01 8.276e-01 5.653e-04 3.202e-02 1.427e-03 -1.000 5.137e-02 -9.593 -5.119 -5.014 -5.123 -5.076 -5.198 -5.251 -5.441 -6.692 -7.407 -8.343 -5.077 -5.198 -5.651 -6.421
0.05 0.59589 6.00000 350.0027160645 2.6336188316   27.883  5.699  4.6314  3.662    0  0.000  0.616     0.00     0.00 -1 -7.76e-06      0.00 1.106e-01 8.380e-01 5.777e-04 3.201e-02 1.427e-03 -1.000 5.142e-02 -9.478 -4.987 -4.878 -4.979 -4.923 -5.038 -5.088 -5.271 -6.503 -7.192 -8.117 -4.925 -5.039 -5.474 -6.232
0.05 0.59589 6.00000 350.0028381348 2.6336188316   25.705  5.655  4.6313  3.670    0  0.000  0.635     0.00     0.00 -1 -6.42e-06      0.00 1.005e-01 8.481e-01 5.901e-04 3.200e-02 1.428e-03 -1.000 5.141e-02 -9.367 -4.869 -4.759 -4.856 -4.797 -4.910 -4.958 -5.139 -6.362 -7.042 -7.963 -4.799 -4.910 -5.339 -6.092
0.05 0.59589 6.00000 350.0029602051 2.6336188316   23.659  5.610  4.6326  3.684    0  0.000  0.655     0.00     0.00 -1 -5.31e-06      0.00 9.006e-02 8.585e-01 6.034e-04 3.198e-02 1.431e-03 -1.000 5.139e-02 -9.255 -4.756 -4.647 -4.744 -4.685 -4.797 -4.845 -5.026 -6.250 -6.929 -7.850 -4.687 -4.798 -5.226 -5.980
0.05 0.59589 6.00000 350.0030822754 2.6336188316   22.015  5.572  4.6350  3.701    0  0.000  0.671     0.00     0.00 -1 -4.52e-06      0.00 8.200e-02 8.666e-01 6.150e-04 3.196e-02 1.439e-03 -1.000 5.142e-02 -9.159 -4.661 -4.551 -4.648 -4.589 -4.702 -4.750 -4.931 -6.154 -6.834 -7.755 -4.591 -4.702 -5.131 -5.884
0.05 0.59589 6.00000 350.0031738281 2.6336188316   20.786  5.542  4.6404  3.727    0  0.000  0.686     0.00     0.00 -1 -3.93e-06      0.00 7.542e-02 8.732e-01 6.247e-04 3.195e-02 1.445e-03 -1.000 5.143e-02 -9.086 -4.587 -4.478 -4.575 -4.515 -4.628 -4.676 -4.857 -6.081 -6.760 -7.681 -4.518 -4.629 -5.057 -5.811
0.05 0.59589 6.00000 350.0032348633 2.6336188316   19.707  5.519  4.6572  3.794    0  0.000  0.701     0.00     0.00 -1 -3.54e-06      0.00 6.917e-02 8.794e-01 6.340e-04 3.193e-02 1.450e-03 -1.000 5.143e-02 -9.028 -4.466 -4.357 -4.457 -4.393 -4.506 -4.554 -4.736 -5.963 -6.632 -7.545 -4.396 -4.507 -4.936 -5.693
0.05 0.59589 6.00000 350.0032653809 2.6336188316   19.203  5.667  4.5752  3.307    1  0.000  0.709     0.00     0.00 -1 -5.39e-06      0.00 6.588e-02 8.827e-01 6.384e-04 3.192e-02 1.451e-03 -1.000 5.141e-02 -9.398 -4.900 -4.790 -4.888 -4.828 -4.941 -4.989 -5.170 -6.394 -7.073 -7.994 -4.830 -4.942 -5.370 -6.123
0.05 0.59589 6.00000 350.0032958984 2.6336188316   18.379  5.581  4.8336  4.408    1  0.000  0.701     0.00     0.00 -1 -4.25e-06      0.00 5.815e-02 8.904e-01 6.252e-04 3.196e-02 1.436e-03 -1.000 5.142e-02 -9.183 -3.426 -3.359 -3.554 -3.597 -3.824 -3.903 -4.232 -5.795 -6.683 -7.648 -3.606 -3.825 -4.551 -5.524
0.05 0.59589 6.00000 350.0033264160 2.6336188316   17.996  5.537  4.8669  4.576    1  0.000  0.675     0.00     0.00 -1 -3.65e-06      0.00 5.478e-02 8.938e-01 6.048e-04 3.198e-02 1.435e-03 -1.000 5.142e-02 -9.073 -3.078 -3.012 -3.143 -3.256 -3.486 -3.572 -3.907 -5.515 -6.459 -7.436 -3.263 -3.487 -4.240 -5.243
0.05 0.59589 6.00000 350.0033569336 2.6336188316   17.630  5.618  4.9155  4.680    1  0.000  0.704     0.00     0.00 -1 -4.59e-06      0.00 4.712e-02 9.014e-01 6.193e-04 3.198e-02 1.421e-03 -1.000 5.146e-02 -9.276 -3.035 -2.992 -3.105 -3.326 -3.597 -3.693 -4.066 -5.740 -6.748 -7.725 -3.332 -3.597 -4.422 -5.468
0.05 0.59589 6.00000 350.0034179688 2.6336188316   16.428  5.516  5.0235  5.184    1  0.000  0.706     0.00     0.00 -1 -3.39e-06      0.00 2.797e-02 9.206e-01 6.353e-04 3.198e-02 1.393e-03 -1.000 5.140e-02 -9.020 -2.142 -2.114 -2.187 -2.494 -2.754 -2.884 -3.252 -4.952 -6.159 -7.273 -2.487 -2.758 -3.602 -4.677
0.05 0.59589 6.00000 350.0035095215 2.6336188316   15.392  5.479  5.0205  5.180    1  0.000  1.041     0.00     0.00 -1 -2.97e-06      0.00 2.168e-02 9.269e-01 7.614e-04 3.180e-02 1.398e-03 -1.000 5.139e-02 -8.928 -2.028 -1.994 -2.058 -2.354 -2.607 -2.735 -3.098 -4.790 -5.997 -7.113 -2.347 -2.612 -3.446 -4.515
0.05 0.59589 6.00000 350.0035705566 2.6336188316   14.361  5.442  5.0159  5.169    1  0.000  1.768     0.00     0.00 -1 -2.52e-06      0.00 2.180e-02 9.263e-01 1.146e-03 3.140e-02 1.423e-03  8.476 5.195e-02 -8.835 -1.909 -1.867 -1.918 -2.197 -2.440 -2.564 -2.918 -4.599 -5.803 -6.921 -2.190 -2.444 -3.262 -4.324
0.05 0.59589 6.00000 350.0036315918 2.6336188316   13.649  5.415  5.0143  5.167    1  0.000 30.446     0.00     0.00 -1 -2.13e-06      0.00 2.216e-02 8.975e-01 1.890e-02 1.292e-02 1.674e-03 10.822 8.034e-02 -8.768 -1.802 -1.750 -1.787 -2.044 -2.272 -2.392 -2.734 -4.396 -5.586 -6.703 -2.037 -2.276 -3.072 -4.122
0.05 0.59589 6.00000 350.0036621094 2.6336188316   13.348  5.404  5.0082  5.144    1  0.000 40.585     0.00     0.00 -1 -1.91e-06      0.00 2.234e-02 8.641e-01 4.731e-02 5.695e-03 2.414e-03 11.230 1.136e-01 -8.740 -1.759 -1.698 -1.722 -1.959 -2.175 -2.289 -2.620 -4.270 -5.452 -6.571 -1.952 -2.179 -2.953 -3.995
0.05 0.59589 6.00000 350.0036926270 2.6336188316   13.112  5.397  5.0195  5.189    1  0.000 43.440     0.00     0.00 -1 -1.74e-06      0.00 2.250e-02 8.366e-01 7.237e-02 3.011e-03 3.128e-03 11.414 1.409e-01 -8.722 -1.671 -1.606 -1.629 -1.858 -2.065 -2.186 -2.510 -4.143 -5.305 -6.419 -1.850 -2.070 -2.839 -3.868
0.05 0.59589 6.00000 350.0038452148 2.6336188316   12.048  5.362  5.0183  5.182    1  0.000 28.102     0.00     0.00 -1 -1.08e-06      0.00 2.335e-02 7.081e-01 1.914e-01 2.495e-04 1.019e-02 11.817 2.686e-01 -8.636 -1.473 -1.379 -1.364 -1.514 -1.668 -1.775 -2.048 -3.617 -4.709 -5.812 -1.506 -1.673 -2.350 -3.343
0.05 0.59589 6.00000 350.0039672852 2.6336188316   11.341  5.345  5.0242  5.196    1  0.000 18.215     0.00     0.00 -1 -7.54e-07      0.00 2.413e-02 6.160e-01 2.721e-01 1.173e-04 2.061e-02 11.948 3.599e-01 -8.593 -1.338 -1.232 -1.200 -1.301 -1.418 -1.513 -1.738 -3.242 -4.258 -5.321 -1.294 -1.424 -2.009 -2.969
0.05 0.59589 6.00000 350.0040283203 2.6336188316   11.010  5.340  5.0339  5.227    1  0.000 14.895     0.00     0.00 -1 -6.18e-07      0.00 2.459e-02 5.685e-01 3.114e-01 1.064e-04 2.838e-02 11.993 4.069e-01 -8.580 -1.245 -1.136 -1.099 -1.182 -1.283 -1.372 -1.569 -3.027 -3.990 -5.012 -1.174 -1.288 -1.816 -2.754
0.05 0.59589 6.00000 350.0040893555 2.6336188316   10.766  5.343  5.0558  5.302    1  0.000 12.915     0.00     0.00 -1 -5.37e-07      0.00 2.497e-02 5.334e-01 3.391e-01 1.047e-04 3.540e-02 12.018 4.416e-01 -8.587 -1.135 -1.030 -0.997 -1.085 -1.186 -1.282 -1.479 -2.943 -3.882 -4.877 -1.076 -1.193 -1.727 -2.670
0.05 0.59589 6.00000 350.0041198730 2.6336188316   10.653  5.510  5.1754  5.609    1  0.000 12.226     0.00     0.00 -1 -8.27e-07      0.00 2.514e-02 5.194e-01 3.496e-01 1.048e-04 3.867e-02 12.026 4.554e-01 -9.005 -0.968 -0.909 -0.934 -1.151 -1.328 -1.497 -1.806 -3.519 -4.709 -5.814 -1.126 -1.342 -2.162 -3.243
#isochrone terminated
