# File generated by CMD 3.3 (http://stev.oapd.inaf.it/cmd) on Tue Apr 21 14:56:43 CEST 2020
# isochrones based on PARSEC release v1.2S +  COLIBRI S_35
# Basic references: Bressan et al. (2012), MNRAS, 427, 127 + Chen et al. (2014, 2015), MNRAS, 444, 2525 + MNRAS, 452, 1068 + Tang et al. (2014), MNRAS, 445, 4287 + Marigo et al. (2017), ApJ, 835, 77 + Pastorelli al. (2019), MNRAS in press
# Thermal pulse cycles included 
# On RGB, assumed Reimers mass loss with efficiency eta=0.2
# Photometric system:  2MASS + Spitzer (IRAC+MIPS) + WISE
# Using YBC version of bolometric corrections as in Chen et al. (2019)
# O-rich circumstellar dpmod60alox40 dust from Groenewegen (2006)
# C-rich circumstellar AMCSIC15 dust from Groenewegen (2006)
# IMF: Kroupa (2001, 2002) + Kroupa et al. (2013) canonical two-part-power law IMF corrected for unresolved binaries 
# Kind of output: isochrone tables
# Zini     MH   logAge Mini        int_IMF         Mass   logL    logTe  logg  label   McoreTP C_O  period0 period1 pmode  Mloss  tau1m   X   Y   Xc  Xn  Xo  Cexcess  Z 	 mbolmag  Jmag    Hmag    Ksmag   IRAC_3.6mag  IRAC_4.5mag  IRAC_5.8mag  IRAC_8.0mag  MIPS_24mag  MIPS_70mag  MIPS_160mag  W1mag   W2mag   W3mag   W4mag
0.004 -0.58336 10.00000 0.0900000036 1.0816895962    0.090 -3.308  3.4130  5.304    1  0.000  0.545     0.00     0.00 -1  -4.6e-17      0.00 7.385e-01 2.575e-01 7.193e-04 1.940e-04 1.760e-03 -1.000 4.000e-03 13.039 10.849 10.430 10.246 9.668 9.580 9.537 9.430 8.790 8.766 8.697 9.837 9.591 9.348 8.980
0.004 -0.58336 10.00000 0.1000000015 1.1711064577    0.100 -3.097  3.4424  5.257    1  0.000  0.545     0.00     0.00 -1 -7.48e-17      0.00 7.378e-01 2.582e-01 7.193e-04 1.940e-04 1.760e-03 -1.000 4.000e-03 12.513 10.400 9.935 9.729 9.239 9.142 9.106 9.023 8.410 8.389 8.347 9.391 9.151 8.961 8.600
0.004 -0.58336 10.00000 0.1191951632 1.3139878511    0.119 -2.836  3.4742  5.198    1  0.000  0.545     0.00     0.00 -1 -1.34e-16      0.00 7.365e-01 2.595e-01 7.193e-04 1.940e-04 1.760e-03 -1.000 4.000e-03 11.859 9.842 9.334 9.113 8.714 8.608 8.579 8.522 7.941 7.923 7.932 8.844 8.615 8.485 8.130
0.004 -0.58336 10.00000 0.1199999973 1.3193154335    0.120 -2.826  3.4754  5.196    1  0.000  0.545     0.00     0.00 -1 -1.37e-16      0.00 7.365e-01 2.595e-01 7.193e-04 1.940e-04 1.760e-03 -1.000 4.000e-03 11.834 9.820 9.311 9.090 8.694 8.587 8.559 8.503 7.923 7.906 7.916 8.824 8.595 8.467 8.112
0.004 -0.58336 10.00000 0.1400000006 1.4384527206    0.140 -2.640  3.4946  5.154    1  0.000  0.545     0.00     0.00 -1 -2.04e-16      0.00 7.354e-01 2.606e-01 7.193e-04 1.940e-04 1.760e-03 -1.000 4.000e-03 11.370 9.415 8.889 8.666 8.314 8.203 8.173 8.128 7.564 7.556 7.603 8.428 8.209 8.108 7.754
0.004 -0.58336 10.00000 0.1599999964 1.5372931957    0.160 -2.496  3.5078  5.122    1  0.000  0.545     0.00     0.00 -1 -2.76e-16      0.00 7.344e-01 2.616e-01 7.193e-04 1.940e-04 1.760e-03 -1.000 4.000e-03 11.011 9.095 8.561 8.339 8.014 7.902 7.872 7.832 7.279 7.279 7.348 8.119 7.907 7.821 7.468
0.004 -0.58336 10.00000 0.1999999881 1.6938791275    0.200 -2.274  3.5254  5.066    1  0.000  0.545     0.00     0.00 -1 -4.39e-16      0.00 7.330e-01 2.630e-01 7.193e-04 1.940e-04 1.760e-03 -1.000 4.000e-03 10.454 8.590 8.046 7.827 7.536 7.427 7.394 7.358 6.817 6.835 6.930 7.629 7.430 7.359 7.007
0.004 -0.58336 10.00000 0.2500000000 1.8403258324    0.250 -2.064  3.5387  5.007    1  0.000  0.545     0.00     0.00 -1  -2.5e-17      0.00 7.323e-01 2.637e-01 7.192e-04 1.941e-04 1.760e-03 -1.000 4.000e-03 9.931 8.105 7.553 7.338 7.074 6.970 6.937 6.906 6.377 6.407 6.513 7.159 6.973 6.915 6.567
0.004 -0.58336 10.00000 0.3000000119 1.9529139996    0.300 -1.902  3.5480  4.961    1  0.000  0.545     0.00     0.00 -1 -9.49e-16      0.00 7.321e-01 2.639e-01 7.192e-04 1.941e-04 1.760e-03 -1.000 4.000e-03 9.525 7.726 7.167 6.954 6.708 6.611 6.577 6.549 6.029 6.068 6.181 6.787 6.614 6.564 6.219
0.004 -0.58336 10.00000 0.3499999642 2.0434174538    0.350 -1.762  3.5559  4.919    1  0.000  0.545     0.00     0.00 -1 -1.28e-15      0.00 7.397e-01 2.563e-01 7.193e-04 1.940e-04 1.760e-03 -1.000 4.000e-03 9.174 7.398 6.833 6.623 6.391 6.301 6.266 6.239 5.727 5.776 5.892 6.464 6.303 6.258 5.917
0.004 -0.58336 10.00000 0.3999999762 2.1185023785    0.400 -1.606  3.5678  4.869    1  0.000  0.545     0.00     0.00 -1 -1.81e-15      0.00 7.399e-01 2.561e-01 7.193e-04 1.940e-04 1.760e-03 -1.000 4.000e-03 8.786 7.047 6.472 6.264 6.051 5.975 5.936 5.907 5.409 5.473 5.592 6.114 5.976 5.934 5.598
0.004 -0.58336 10.00000 0.4499999881 2.1822810173    0.450 -1.436  3.5827  4.810    1  0.000  0.545     0.00     0.00 -1  -2.7e-15      0.00 7.399e-01 2.561e-01 7.193e-04 1.940e-04 1.760e-03 -1.000 4.000e-03 8.361 6.665 6.078 5.878 5.687 5.631 5.589 5.558 5.079 5.162 5.283 5.738 5.632 5.593 5.268
0.004 -0.58336 10.00000 0.4999999702 2.2374541759    0.500 -1.250  3.6039  4.754    1  0.000  0.545     0.00     0.00 -1 -4.19e-15      0.00 7.399e-01 2.561e-01 7.193e-04 1.940e-04 1.760e-03 -1.000 4.000e-03 7.895 6.256 5.649 5.472 5.318 5.291 5.247 5.209 4.757 4.862 4.987 5.352 5.292 5.255 4.947
0.004 -0.58336 10.00000 0.5500000119 2.2836582661    0.550 -1.040  3.6338  4.706    1  0.000  0.544     0.00     0.00 -1 -6.85e-15      0.00 7.672e-01 2.292e-01 6.493e-04 1.753e-04 1.591e-03 -1.000 3.613e-03 7.371 5.806 5.179 5.050 4.959 4.965 4.929 4.890 4.464 4.589 4.718 4.975 4.966 4.946 4.654
0.004 -0.58336 10.00000 0.5999999642 2.3211214542    0.600 -0.844  3.6658  4.675    1  0.000  0.544     0.00     0.00 -1 -1.07e-14      0.00 7.715e-01 2.249e-01 6.389e-04 1.725e-04 1.565e-03 -1.000 3.600e-03 6.879 5.406 4.831 4.736 4.687 4.711 4.689 4.659 4.247 4.382 4.519 4.693 4.714 4.720 4.436
0.004 -0.58336 10.00000 0.6302006245 2.3404679298    0.630 -0.725  3.6858  4.657    1  0.000  0.544     0.00     0.00 -1  -1.4e-14      0.00 7.743e-01 2.221e-01 6.323e-04 1.707e-04 1.550e-03 -1.000 3.539e-03 6.582 5.174 4.657 4.574 4.532 4.556 4.538 4.511 4.099 4.240 4.380 4.536 4.558 4.572 4.288
0.004 -0.58336 10.00000 0.6499999166 2.3520352840    0.650 -0.649  3.6985  4.646    1  0.000  0.544     0.00     0.00 -1 -1.66e-14      0.00 7.762e-01 2.203e-01 6.280e-04 1.696e-04 1.540e-03 -1.000 3.500e-03 6.393 5.030 4.554 4.477 4.435 4.456 4.440 4.415 4.003 4.148 4.295 4.439 4.458 4.476 4.192
0.004 -0.58336 10.00000 0.6592228413 2.3571517467    0.659 -0.614  3.7040  4.639    1  0.000  0.544     0.00     0.00 -1  -1.8e-14      0.00 7.772e-01 2.193e-01 6.254e-04 1.689e-04 1.533e-03 -1.000 3.500e-03 6.305 4.963 4.502 4.428 4.387 4.407 4.391 4.368 3.956 4.102 4.249 4.391 4.409 4.429 4.145
0.004 -0.58336 10.00000 0.6731725335 2.3645849228    0.673 -0.561  3.7122  4.628    1  0.000  0.544     0.00     0.00 -1 -2.04e-14      0.00 7.788e-01 2.177e-01 6.214e-04 1.679e-04 1.524e-03 -1.000 3.473e-03 6.173 4.862 4.424 4.353 4.314 4.333 4.319 4.297 3.885 4.031 4.178 4.318 4.335 4.358 4.074
0.004 -0.58336 10.00000 0.6861817837 2.3712046146    0.686 -0.512  3.7197  4.617    1  0.000  0.544     0.00     0.00 -1 -2.29e-14      0.00 7.804e-01 2.162e-01 6.178e-04 1.669e-04 1.516e-03 -1.000 3.433e-03 6.050 4.768 4.351 4.283 4.246 4.263 4.250 4.230 3.819 3.964 4.110 4.249 4.265 4.291 4.007
0.004 -0.58336 10.00000 0.6982077360 2.3770720959    0.698 -0.466  3.7265  4.606    1  0.000  0.543     0.00     0.00 -1 -2.55e-14      0.00 7.818e-01 2.148e-01 6.144e-04 1.660e-04 1.507e-03 -1.000 3.468e-03 5.936 4.681 4.282 4.218 4.181 4.197 4.185 4.166 3.755 3.899 4.044 4.184 4.199 4.227 3.943
0.004 -0.58336 10.00000 0.6999999881 2.3779268265    0.700 -0.460  3.7275  4.605    1  0.000  0.543     0.00     0.00 -1 -2.59e-14      0.00 7.820e-01 2.145e-01 6.138e-04 1.659e-04 1.506e-03 -1.000 3.456e-03 5.919 4.668 4.272 4.208 4.171 4.187 4.175 4.157 3.745 3.889 4.034 4.174 4.189 4.218 3.934
0.004 -0.58336 10.00000 0.7118741274 2.3834643364    0.712 -0.414  3.7340  4.593    1  0.000  0.542     0.00     0.00 -1 -2.89e-14      0.00 7.836e-01 2.130e-01 6.079e-04 1.648e-04 1.497e-03 -1.000 3.399e-03 5.806 4.582 4.202 4.140 4.105 4.119 4.108 4.091 3.679 3.823 3.968 4.108 4.121 4.152 3.868
0.004 -0.58336 10.00000 0.7243711352 2.3890671730    0.724 -0.367  3.7407  4.579    1  0.000  0.540     0.00     0.00 -1 -3.25e-14      0.00 7.854e-01 2.113e-01 6.017e-04 1.636e-04 1.487e-03 -1.000 3.362e-03 5.686 4.490 4.127 4.068 4.034 4.047 4.036 4.021 3.608 3.752 3.897 4.037 4.048 4.080 3.797
0.004 -0.58336 10.00000 0.7358178496 2.3940076828    0.736 -0.322  3.7467  4.566    1  0.000  0.538     0.00     0.00 -1 -3.63e-14      0.00 7.870e-01 2.097e-01 5.961e-04 1.625e-04 1.478e-03 -1.000 3.319e-03 5.576 4.406 4.056 4.000 3.968 3.979 3.970 3.956 3.536 3.694 3.831 3.971 3.981 3.976 3.724
0.004 -0.58336 10.00000 0.7467201948 2.3985517025    0.746 -0.280  3.7522  4.552    1  0.000  0.536     0.00     0.00 -1 -4.04e-14      0.00 7.885e-01 2.081e-01 5.907e-04 1.615e-04 1.469e-03 -1.000 3.366e-03 5.470 4.324 3.986 3.933 3.904 3.913 3.905 3.892 3.465 3.636 3.766 3.906 3.915 3.876 3.652
0.004 -0.58336 10.00000 0.7477272749 2.3989636898    0.747 -0.276  3.7527  4.550    1  0.000  0.536     0.00     0.00 -1 -4.08e-14      0.00 7.887e-01 2.080e-01 5.902e-04 1.614e-04 1.468e-03 -1.000 3.363e-03 5.460 4.317 3.979 3.927 3.898 3.907 3.898 3.886 3.458 3.630 3.760 3.900 3.908 3.867 3.646
0.004 -0.58336 10.00000 0.7550667524 2.4019286633    0.755 -0.247  3.7559  4.539    1  0.000  0.536     0.00     0.00 -1 -4.39e-14      0.00 7.901e-01 2.066e-01 5.867e-04 1.605e-04 1.460e-03 -1.000 3.336e-03 5.389 4.259 3.928 3.878 3.849 3.858 3.850 3.838 3.406 3.586 3.711 3.852 3.859 3.798 3.593
0.004 -0.58336 10.00000 0.7654126287 2.4059972763    0.765 -0.207  3.7602  4.521    1  0.000  0.536     0.00     0.00 -1 -4.89e-14      0.00 7.922e-01 2.046e-01 5.817e-04 1.591e-04 1.448e-03 -1.000 3.294e-03 5.286 4.177 3.855 3.806 3.780 3.787 3.779 3.769 3.331 3.521 3.641 3.782 3.788 3.701 3.518
0.004 -0.58336 10.00000 0.7755789161 2.4098737240    0.775 -0.166  3.7643  4.502    1  0.000  0.535     0.00     0.00 -1 -5.44e-14      0.00 7.943e-01 2.025e-01 5.766e-04 1.578e-04 1.436e-03 -1.000 3.269e-03 5.185 4.094 3.780 3.734 3.709 3.715 3.708 3.698 3.255 3.455 3.570 3.711 3.716 3.604 3.442
0.004 -0.58336 10.00000 0.7893859744 2.4149551392    0.789 -0.110  3.7696  4.475    1  0.000  0.535     0.00     0.00 -1 -5.11e-14      0.00 7.972e-01 1.996e-01 5.694e-04 1.559e-04 1.419e-03 -1.000 3.225e-03 5.044 3.979 3.675 3.632 3.609 3.614 3.608 3.599 3.149 3.361 3.469 3.611 3.615 3.470 3.335
0.004 -0.58336 10.00000 0.7954545617 2.4171245098    0.795 -0.085  3.7718  4.462    1  0.000  0.535     0.00     0.00 -1 -6.79e-14      0.00 7.985e-01 1.983e-01 5.662e-04 1.550e-04 1.412e-03 -1.000 3.199e-03 4.982 3.927 3.628 3.585 3.564 3.568 3.562 3.554 3.101 3.318 3.424 3.566 3.569 3.410 3.287
0.004 -0.58336 10.00000 0.8041982055 2.4201838970    0.803 -0.047  3.7746  4.441    1  0.000  0.535     0.00     0.00 -1 -7.54e-14      0.00 8.011e-01 1.958e-01 5.601e-04 1.534e-04 1.397e-03 -1.000 3.186e-03 4.888 3.848 3.554 3.513 3.493 3.497 3.491 3.483 3.026 3.251 3.353 3.495 3.497 3.321 3.212
0.004 -0.58336 10.00000 0.8134912848 2.4233529568    0.813 -0.006  3.7775  4.416    1  0.000  0.534     0.00     0.00 -1 -8.47e-14      0.00 8.038e-01 1.930e-01 5.534e-04 1.516e-04 1.381e-03 -1.000 3.172e-03 4.786 3.760 3.472 3.432 3.414 3.416 3.411 3.404 2.943 3.175 3.274 3.416 3.417 3.223 3.129
0.004 -0.58336 10.00000 0.8225791454 2.4263722897    0.822  0.035  3.7803  4.391    1  0.000  0.534     0.00     0.00 -1 -9.54e-14      0.00 8.067e-01 1.902e-01 5.465e-04 1.497e-04 1.364e-03 -1.000 3.115e-03 4.682 3.670 3.387 3.350 3.332 3.334 3.329 3.322 2.858 3.096 3.192 3.334 3.334 3.123 3.043
0.004 -0.58336 10.00000 0.8312547803 2.4291841984    0.830  0.076  3.7827  4.364    1  0.000  0.534     0.00     0.00 -1 -1.07e-13      0.00 8.095e-01 1.874e-01 5.397e-04 1.479e-04 1.348e-03 -1.000 3.061e-03 4.580 3.580 3.302 3.266 3.249 3.250 3.245 3.238 2.771 3.016 3.108 3.250 3.250 3.024 2.956
0.004 -0.58336 10.00000 0.8393830061 2.4317579269    0.838  0.115  3.7847  4.337    1  0.000  0.534     0.00     0.00 -1 -9.18e-14      0.00 8.122e-01 1.847e-01 5.332e-04 1.462e-04 1.332e-03 -1.000 3.016e-03 4.482 3.493 3.219 3.183 3.167 3.167 3.163 3.156 2.686 2.936 3.026 3.168 3.168 2.928 2.871
0.004 -0.58336 10.00000 0.8431818485 2.4329414368    0.842  0.134  3.7856  4.324    1  0.000  0.534     0.00     0.00 -1 -1.28e-13      0.00 8.135e-01 1.835e-01 5.301e-04 1.453e-04 1.325e-03 -1.000 2.998e-03 4.436 3.450 3.179 3.143 3.127 3.127 3.123 3.116 2.645 2.897 2.986 3.129 3.128 2.883 2.830
0.004 -0.58336 10.00000 0.8478860855 2.4343898296    0.847  0.157  3.7865  4.307    1  0.000  0.533     0.00     0.00 -1 -1.37e-13      0.00 8.155e-01 1.815e-01 5.254e-04 1.441e-04 1.313e-03 -1.000 2.977e-03 4.378 3.398 3.128 3.093 3.077 3.077 3.073 3.066 2.594 2.848 2.936 3.079 3.078 2.827 2.779
0.004 -0.58336 10.00000 0.8580500484 2.4374573231    0.857  0.208  3.7881  4.267    1  0.000  0.533     0.00     0.00 -1  -1.6e-13      0.00 8.192e-01 1.779e-01 5.170e-04 1.419e-04 1.293e-03 -1.000 2.906e-03 4.249 3.277 3.011 2.976 2.961 2.960 2.956 2.950 2.475 2.733 2.820 2.962 2.961 2.700 2.660
0.004 -0.58336 10.00000 0.8665890098 2.4399702549    0.865  0.255  3.7890  4.228    1  0.000  0.533     0.00     0.00 -1 -1.86e-13      0.00 8.207e-01 1.764e-01 5.139e-04 1.410e-04 1.286e-03 -1.000 2.905e-03 4.133 3.165 2.901 2.867 2.851 2.851 2.846 2.840 2.364 2.624 2.710 2.853 2.851 2.584 2.549
0.004 -0.58336 10.00000 0.8681632876 2.4404275417    0.867  0.264  3.7892  4.221    1  0.000  0.533     0.00     0.00 -1 -1.91e-13      0.00 8.208e-01 1.762e-01 5.135e-04 1.409e-04 1.285e-03 -1.000 2.906e-03 4.111 3.144 2.880 2.846 2.830 2.830 2.825 2.819 2.343 2.604 2.689 2.832 2.830 2.562 2.528
0.004 -0.58336 10.00000 0.8732818961 2.4419007301    0.872  0.294  3.7891  4.192    1  0.000  0.533     0.00     0.00 -1 -2.11e-13      0.00 8.214e-01 1.757e-01 5.126e-04 1.407e-04 1.283e-03 -1.000 2.905e-03 4.034 3.067 2.803 2.770 2.754 2.753 2.749 2.742 2.267 2.527 2.612 2.755 2.753 2.486 2.451
0.004 -0.58336 10.00000 0.8803030849 2.4438893795    0.879  0.338  3.7884  4.149    1  0.000  0.533     0.00     0.00 -1 -2.44e-13      0.00 8.220e-01 1.752e-01 5.117e-04 1.404e-04 1.281e-03 -1.000 2.889e-03 3.925 2.954 2.689 2.655 2.639 2.638 2.634 2.628 2.153 2.411 2.497 2.641 2.639 2.376 2.337
0.004 -0.58336 10.00000 0.8883311749 2.4461193085    0.886  0.392  3.7860  4.090    1  0.000  0.532     0.00     0.00 -1 -2.95e-13      0.00 8.216e-01 1.755e-01 5.136e-04 1.410e-04 1.286e-03 -1.000 2.902e-03 3.790 2.808 2.539 2.503 2.487 2.487 2.482 2.476 2.004 2.256 2.345 2.489 2.487 2.239 2.188
0.004 -0.58336 10.00000 0.8896911740 2.4464924335    0.888  0.401  3.7855  4.079    1  0.000  0.532     0.00     0.00 -1 -3.06e-13      0.00 8.213e-01 1.757e-01 5.144e-04 1.412e-04 1.288e-03 -1.000 2.920e-03 3.767 2.782 2.512 2.476 2.460 2.460 2.455 2.448 1.977 2.228 2.318 2.461 2.460 2.215 2.162
0.004 -0.58336 10.00000 0.8909090757 2.4468255043    0.889  0.411  3.7846  4.067    1  0.000  0.532     0.00     0.00 -1 -3.16e-13      0.00 8.200e-01 1.771e-01 5.184e-04 1.423e-04 1.298e-03 -1.000 2.944e-03 3.744 2.755 2.483 2.447 2.430 2.431 2.426 2.419 1.949 2.198 2.289 2.432 2.431 2.192 2.134
0.004 -0.58336 10.00000 0.8921597600 2.4471664429    0.890  0.420  3.7838  4.055    2  0.000  0.533     0.00     0.00 -1 -3.27e-13      0.00 8.184e-01 1.786e-01 5.231e-04 1.436e-04 1.310e-03 -1.000 2.971e-03 3.720 2.727 2.453 2.417 2.400 2.401 2.396 2.389 1.920 2.167 2.258 2.402 2.401 2.167 2.105
0.004 -0.58336 10.00000 0.8976964355 2.4486625195    0.896  0.463  3.7777  3.990    2  0.000  0.533     0.00     0.00 -1 -3.87e-13      0.00 8.056e-01 1.912e-01 5.581e-04 1.532e-04 1.396e-03 -1.000 3.164e-03 3.613 2.591 2.304 2.265 2.247 2.250 2.244 2.236 1.775 2.007 2.105 2.249 2.250 2.055 1.961
0.004 -0.58336 10.00000 0.9018249512 2.4497642517    0.900  0.493  3.7689  3.926    2  0.000  0.534     0.00     0.00 -1 -4.46e-13      0.00 7.880e-01 2.086e-01 6.016e-04 1.649e-04 1.502e-03 -1.000 3.421e-03 3.537 2.473 2.167 2.125 2.104 2.109 2.102 2.093 1.643 1.853 1.961 2.106 2.110 1.968 1.829
0.004 -0.58336 10.00000 0.9045488238 2.4504849911    0.902  0.509  3.7587  3.871    2  0.000  0.535     0.00     0.00 -1 -4.93e-13      0.00 7.738e-01 2.226e-01 6.343e-04 1.737e-04 1.581e-03 -1.000 3.578e-03 3.497 2.387 2.060 2.012 1.988 1.997 1.988 1.976 1.540 1.726 1.846 1.990 1.998 1.918 1.727
0.004 -0.58336 10.00000 0.9063349366 2.4509549141    0.904  0.517  3.7483  3.822    2  0.000  0.536     0.00     0.00 -1 -5.31e-13      0.00 7.653e-01 2.310e-01 6.530e-04 1.787e-04 1.625e-03 -1.000 3.687e-03 3.477 2.322 1.971 1.918 1.891 1.903 1.893 1.878 1.455 1.616 1.750 1.893 1.904 1.888 1.643
0.004 -0.58336 10.00000 0.9076735973 2.4513056278    0.906  0.529  3.7393  3.775    2  0.000  0.536     0.00     0.00 -1 -5.75e-13      0.00 7.601e-01 2.361e-01 6.641e-04 1.816e-04 1.651e-03 -1.000 3.765e-03 3.447 2.255 1.884 1.826 1.796 1.811 1.800 1.782 1.369 1.511 1.654 1.798 1.812 1.843 1.558
0.004 -0.58336 10.00000 0.9089930654 2.4516501427    0.907  0.553  3.7310  3.719    2  0.000  0.537     0.00     0.00 -1 -6.47e-13      0.00 7.559e-01 2.403e-01 6.729e-04 1.839e-04 1.672e-03 -1.000 3.810e-03 3.388 2.161 1.768 1.708 1.675 1.693 1.681 1.661 1.248 1.390 1.533 1.678 1.695 1.721 1.437
0.004 -0.58336 10.00000 0.9102813005 2.4519855976    0.908  0.592  3.7243  3.653    2  0.000  0.537     0.00     0.00 -1 -7.61e-13      0.00 7.522e-01 2.439e-01 6.795e-04 1.857e-04 1.688e-03 -1.000 3.848e-03 3.291 2.037 1.626 1.563 1.529 1.549 1.536 1.513 1.101 1.244 1.387 1.532 1.551 1.574 1.290
0.004 -0.58336 10.00000 0.9108084440 2.4521224499    0.909  0.611  3.7219  3.625    2  0.000  0.537     0.00     0.00 -1 -8.25e-13      0.00 7.508e-01 2.454e-01 6.818e-04 1.863e-04 1.693e-03 -1.000 3.800e-03 3.242 1.980 1.562 1.498 1.464 1.484 1.471 1.447 1.035 1.178 1.322 1.467 1.486 1.508 1.224
0.004 -0.58336 10.00000 0.9113078713 2.4522519112    0.909  0.634  3.7202  3.595    3  0.000  0.537     0.00     0.00 -1 -8.99e-13      0.00 7.495e-01 2.467e-01 6.836e-04 1.868e-04 1.698e-03 -1.000 3.817e-03 3.184 1.915 1.492 1.427 1.393 1.414 1.401 1.377 0.964 1.107 1.251 1.396 1.416 1.437 1.153
0.004 -0.58336 10.00000 0.9122903347 2.4525063038    0.910  0.684  3.7173  3.534    3  0.000  0.537     0.00     0.00 -1 -1.08e-12      0.00 7.468e-01 2.493e-01 6.865e-04 1.877e-04 1.705e-03 -1.000 3.884e-03 3.059 1.779 1.347 1.282 1.247 1.269 1.255 1.230 0.817 0.961 1.105 1.250 1.271 1.291 1.006
0.004 -0.58336 10.00000 0.9131885767 2.4527382851    0.911  0.736  3.7151  3.474    3  0.000  0.536     0.00     0.00 -1  -1.3e-12      0.00 7.441e-01 2.520e-01 6.879e-04 1.886e-04 1.711e-03 -1.000 3.896e-03 2.930 1.641 1.203 1.137 1.102 1.124 1.110 1.084 0.671 0.815 0.959 1.105 1.127 1.145 0.860
0.004 -0.58336 10.00000 0.9138537645 2.4529097080    0.911  0.778  3.7136  3.426    3  0.000  0.534     0.00     0.00 -1 -1.51e-12      0.00 7.419e-01 2.542e-01 6.871e-04 1.898e-04 1.715e-03 -1.000 3.893e-03 2.825 1.531 1.089 1.022 0.986 1.010 0.996 0.969 0.555 0.699 0.843 0.990 1.012 1.029 0.744
0.004 -0.58336 10.00000 0.9144906998 2.4530735016    0.912  0.821  3.7122  3.378    3  0.000  0.531     0.00     0.00 -1 -1.76e-12      0.00 7.397e-01 2.564e-01 6.835e-04 1.929e-04 1.718e-03 -1.000 3.900e-03 2.718 1.418 0.972 0.904 0.868 0.893 0.878 0.851 0.437 0.581 0.725 0.872 0.895 0.911 0.626
0.004 -0.58336 10.00000 0.9152307510 2.4532635212    0.913  0.875  3.7105  3.317    3  0.000  0.522     0.00     0.00 -1 -2.14e-12      0.00 7.370e-01 2.591e-01 6.743e-04 2.016e-04 1.721e-03 -1.000 3.902e-03 2.582 1.276 0.824 0.756 0.720 0.745 0.730 0.702 0.288 0.432 0.576 0.723 0.748 0.762 0.477
0.004 -0.58336 10.00000 0.9157935381 2.4534080029    0.913  0.921  3.7092  3.266    3  0.000  0.514     0.00     0.00 -1 -2.52e-12      0.00 7.350e-01 2.611e-01 6.637e-04 2.132e-04 1.723e-03 -1.000 3.928e-03 2.468 1.157 0.701 0.633 0.596 0.622 0.607 0.578 0.164 0.308 0.451 0.600 0.625 0.638 0.353
0.004 -0.58336 10.00000 0.9162722230 2.4535305500    0.914  0.962  3.7079  3.220    3  0.000  0.506     0.00     0.00 -1 -2.92e-12      0.00 7.333e-01 2.627e-01 6.537e-04 2.252e-04 1.724e-03 -1.000 3.950e-03 2.365 1.049 0.590 0.521 0.484 0.511 0.496 0.465 0.051 0.195 0.338 0.488 0.514 0.525 0.240
0.004 -0.58336 10.00000 0.9168374538 2.4536750317    0.914  1.015  3.7062  3.161    3  0.000  0.496     0.00     0.00 -1 -3.54e-12      0.00 7.315e-01 2.646e-01 6.418e-04 2.399e-04 1.726e-03 -1.000 3.923e-03 2.232 0.910 0.446 0.376 0.339 0.366 0.351 0.320 -0.094 0.049 0.192 0.343 0.369 0.380 0.095
0.004 -0.58336 10.00000 0.9172498584 2.4537804127    0.915  1.058  3.7048  3.113    3  0.000  0.490     0.00     0.00 -1 -4.12e-12      0.00 7.303e-01 2.657e-01 6.346e-04 2.492e-04 1.727e-03 -1.000 3.902e-03 2.126 0.799 0.330 0.260 0.223 0.251 0.235 0.203 -0.211 -0.068 0.075 0.226 0.254 0.263 -0.022
0.004 -0.58336 10.00000 0.9176195860 2.4538748264    0.915  1.099  3.7034  3.066    3  0.000  0.485     0.00     0.00 -1 -4.78e-12      0.00 7.294e-01 2.667e-01 6.290e-04 2.564e-04 1.728e-03 -1.000 3.901e-03 2.023 0.691 0.218 0.147 0.110 0.138 0.122 0.090 -0.324 -0.181 -0.039 0.113 0.141 0.150 -0.135
0.004 -0.58336 10.00000 0.9179686308 2.4539637566    0.915  1.140  3.7019  3.019    3  0.000  0.482     0.00     0.00 -1 -5.56e-12      0.00 7.286e-01 2.675e-01 6.244e-04 2.623e-04 1.728e-03 -1.000 3.922e-03 1.919 0.582 0.104 0.033 -0.005 0.025 0.009 -0.025 -0.439 -0.296 -0.154 -0.001 0.028 0.035 -0.250
0.004 -0.58336 10.00000 0.9183748364 2.4540672302    0.915  1.194  3.6999  2.957    3  0.000  0.479     0.00     0.00 -1 -6.74e-12      0.00 7.279e-01 2.681e-01 6.206e-04 2.672e-04 1.729e-03 -1.000 3.954e-03 1.785 0.441 -0.043 -0.115 -0.154 -0.123 -0.140 -0.174 -0.589 -0.446 -0.304 -0.150 -0.120 -0.114 -0.400
0.004 -0.58336 10.00000 0.9187404513 2.4541604519    0.916  1.247  3.6977  2.896    3  0.000  0.477     0.00     0.00 -1 -8.17e-12      0.00 7.275e-01 2.686e-01 6.180e-04 2.705e-04 1.729e-03 -1.000 3.909e-03 1.653 0.300 -0.191 -0.264 -0.303 -0.272 -0.288 -0.324 -0.739 -0.597 -0.456 -0.299 -0.268 -0.265 -0.550
0.004 -0.58336 10.00000 0.9190593362 2.4542415142    0.916  1.298  3.6956  2.836    3  0.000  0.475     0.00     0.00 -1 -9.84e-12      0.00 7.272e-01 2.689e-01 6.165e-04 2.724e-04 1.730e-03 -1.000 3.934e-03 1.525 0.164 -0.334 -0.408 -0.447 -0.414 -0.432 -0.469 -0.884 -0.743 -0.602 -0.443 -0.411 -0.409 -0.695
0.004 -0.58336 10.00000 0.9193450809 2.4543139935    0.916  1.348  3.6934  2.778    3  0.000  0.475     0.00     0.00 -1 -1.18e-11      0.00 7.270e-01 2.690e-01 6.160e-04 2.732e-04 1.730e-03 -1.000 3.984e-03 1.400 0.031 -0.475 -0.549 -0.589 -0.555 -0.573 -0.611 -1.027 -0.886 -0.746 -0.585 -0.552 -0.552 -0.838
0.004 -0.58336 10.00000 0.9196100235 2.4543812275    0.916  1.399  3.6911  2.718    3  0.000  0.475     0.00     0.00 -1 -1.42e-11      0.00 7.270e-01 2.690e-01 6.158e-04 2.734e-04 1.730e-03 -1.000 3.993e-03 1.273 -0.105 -0.618 -0.694 -0.733 -0.699 -0.717 -0.757 -1.173 -1.033 -0.894 -0.729 -0.696 -0.698 -0.984
0.004 -0.58336 10.00000 0.9198522568 2.4544427395    0.916  1.450  3.6887  2.657    3  0.000  0.475     0.00     0.00 -1 -1.72e-11      0.00 7.270e-01 2.690e-01 6.157e-04 2.736e-04 1.730e-03 -1.000 3.993e-03 1.145 -0.241 -0.763 -0.839 -0.879 -0.845 -0.863 -0.903 -1.320 -1.181 -1.044 -0.875 -0.841 -0.844 -1.131
0.004 -0.58336 10.00000 0.9200590849 2.4544951916    0.916  1.498  3.6864  2.600    3  0.000  0.475     0.00     0.00 -1 -2.05e-11      0.00 7.270e-01 2.690e-01 6.156e-04 2.737e-04 1.730e-03 -1.000 3.993e-03 1.026 -0.368 -0.898 -0.975 -1.016 -0.981 -0.999 -1.040 -1.457 -1.319 -1.185 -1.012 -0.977 -0.981 -1.268
0.004 -0.58336 10.00000 0.9202560186 2.4545452595    0.916  1.547  3.6840  2.541    3  0.000  0.474     0.00     0.00 -1 -2.45e-11      0.00 7.270e-01 2.690e-01 6.155e-04 2.738e-04 1.730e-03 -1.000 3.993e-03 0.903 -0.499 -1.038 -1.116 -1.157 -1.122 -1.140 -1.182 -1.599 -1.463 -1.332 -1.153 -1.118 -1.123 -1.410
0.004 -0.58336 10.00000 0.9204334617 2.4545900822    0.916  1.594  3.6815  2.484    3  0.000  0.474     0.00     0.00 -1 -2.92e-11      0.00 7.270e-01 2.690e-01 6.154e-04 2.739e-04 1.730e-03 -1.000 3.993e-03 0.784 -0.627 -1.174 -1.254 -1.296 -1.260 -1.278 -1.320 -1.738 -1.603 -1.476 -1.291 -1.256 -1.262 -1.549
0.004 -0.58336 10.00000 0.9205986261 2.4546320438    0.916  1.642  3.6790  2.426    3  0.000  0.474     0.00     0.00 -1 -3.49e-11      0.00 7.270e-01 2.690e-01 6.154e-04 2.740e-04 1.730e-03 -1.000 3.993e-03 0.665 -0.755 -1.310 -1.391 -1.434 -1.396 -1.414 -1.458 -1.877 -1.743 -1.618 -1.429 -1.392 -1.400 -1.688
0.004 -0.58336 10.00000 0.9207557440 2.4546716213    0.916  1.688  3.6764  2.370    3  0.000  0.474     0.00     0.00 -1 -4.14e-11      0.00 7.270e-01 2.691e-01 6.153e-04 2.741e-04 1.730e-03 -1.000 3.993e-03 0.550 -0.879 -1.442 -1.525 -1.568 -1.528 -1.547 -1.593 -2.012 -1.878 -1.753 -1.563 -1.524 -1.535 -1.823
0.004 -0.58336 10.00000 0.9209460020 2.4547197819    0.916  1.731  3.6742  2.318    3  0.000  0.474     0.00     0.00 -1 -4.86e-11      0.00 7.269e-01 2.691e-01 6.152e-04 2.742e-04 1.730e-03 -1.000 3.993e-03 0.442 -0.994 -1.564 -1.648 -1.691 -1.650 -1.670 -1.718 -2.137 -2.003 -1.878 -1.687 -1.646 -1.660 -1.948
0.004 -0.58336 10.00000 0.9210146070 2.4547371864    0.916  1.744  3.6735  2.302    3  0.000  0.474     0.00     0.00 -1  -5.1e-11      0.00 7.269e-01 2.691e-01 6.152e-04 2.742e-04 1.730e-03 -1.000 3.993e-03 0.410 -1.028 -1.601 -1.685 -1.729 -1.687 -1.707 -1.756 -2.175 -2.041 -1.916 -1.724 -1.683 -1.698 -1.986
0.004 -0.58336 10.00000 0.9211275578 2.4547657967    0.916  1.720  3.6753  2.333    3  0.000  0.474     0.00     0.00 -1 -4.73e-11      0.00 7.269e-01 2.691e-01 6.152e-04 2.743e-04 1.730e-03 -1.000 3.993e-03 0.469 -0.963 -1.530 -1.613 -1.656 -1.616 -1.636 -1.683 -2.102 -1.968 -1.842 -1.652 -1.612 -1.625 -1.913
0.004 -0.58336 10.00000 0.9211978316 2.4547834396    0.916  1.695  3.6771  2.365    3  0.000  0.474     0.00     0.00 -1 -4.31e-11      0.00 7.269e-01 2.691e-01 6.151e-04 2.743e-04 1.730e-03 -1.000 3.993e-03 0.532 -0.895 -1.456 -1.538 -1.581 -1.542 -1.561 -1.607 -2.026 -1.892 -1.766 -1.577 -1.538 -1.549 -1.837
0.004 -0.58336 10.00000 0.9212238789 2.4547901154    0.916  1.705  3.6765  2.353    3  0.000  0.474     0.00     0.00 -1 -4.45e-11      0.00 7.269e-01 2.691e-01 6.151e-04 2.743e-04 1.730e-03 -1.000 3.994e-03 0.507 -0.921 -1.484 -1.567 -1.610 -1.570 -1.589 -1.635 -2.054 -1.921 -1.795 -1.605 -1.566 -1.577 -1.865
0.004 -0.58336 10.00000 0.9213355780 2.4548184872    0.916  1.748  3.6740  2.299    3  0.000  0.474     0.00     0.00 -1 -5.16e-11      0.00 7.269e-01 2.691e-01 6.151e-04 2.744e-04 1.730e-03 -1.000 3.993e-03 0.399 -1.038 -1.608 -1.692 -1.736 -1.695 -1.715 -1.763 -2.182 -2.048 -1.923 -1.732 -1.690 -1.705 -1.993
0.004 -0.58336 10.00000 0.9214468598 2.4548463821    0.916  1.794  3.6714  2.244    3  0.000  0.474     0.00     0.00 -1 -6.11e-11      0.00 7.269e-01 2.691e-01 6.151e-04 2.744e-04 1.730e-03 -1.000 3.994e-03 0.286 -1.160 -1.739 -1.824 -1.869 -1.825 -1.846 -1.896 -2.316 -2.182 -2.057 -1.864 -1.821 -1.839 -2.127
0.004 -0.58336 10.00000 0.9215483069 2.4548721313    0.915  1.838  3.6687  2.189    3  0.000  0.474     0.00     0.00 -1  -7.2e-11      0.00 7.269e-01 2.691e-01 6.150e-04 2.745e-04 1.730e-03 -1.000 3.994e-03 0.175 -1.279 -1.866 -1.953 -1.998 -1.953 -1.974 -2.027 -2.446 -2.313 -2.187 -1.993 -1.948 -1.969 -2.257
0.004 -0.58336 10.00000 0.9216448665 2.4548964500    0.915  1.883  3.6660  2.133    3  0.000  0.474     0.00     0.00 -1 -8.53e-11      0.00 7.269e-01 2.691e-01 6.150e-04 2.746e-04 1.730e-03 -1.000 3.994e-03 0.062 -1.400 -1.996 -2.084 -2.131 -2.083 -2.105 -2.161 -2.580 -2.447 -2.319 -2.126 -2.078 -2.103 -2.391
0.004 -0.58336 10.00000 0.9217306376 2.4549181461    0.915  1.926  3.6633  2.078    3  0.000  0.474     0.00     0.00 -1    -1e-10      0.00 7.269e-01 2.691e-01 6.149e-04 2.746e-04 1.730e-03 -1.000 3.994e-03 -0.046 -1.517 -2.121 -2.210 -2.258 -2.208 -2.231 -2.289 -2.709 -2.575 -2.447 -2.253 -2.202 -2.232 -2.520
0.004 -0.58336 10.00000 0.9218117595 2.4549386501    0.915  1.970  3.6606  2.023    3  0.000  0.474     0.00     0.00 -1 -1.18e-10      0.00 7.269e-01 2.691e-01 6.149e-04 2.746e-04 1.730e-03 -1.000 3.994e-03 -0.156 -1.635 -2.247 -2.339 -2.388 -2.335 -2.359 -2.420 -2.840 -2.706 -2.576 -2.382 -2.329 -2.363 -2.651
0.004 -0.58336 10.00000 0.9218839407 2.4549567699    0.915  2.012  3.6579  1.970    3  0.000  0.474     0.00     0.00 -1 -1.38e-10      0.00 7.269e-01 2.691e-01 6.149e-04 2.747e-04 1.730e-03 -1.000 3.994e-03 -0.260 -1.749 -2.368 -2.462 -2.512 -2.455 -2.481 -2.545 -2.947 -3.087 -3.168 -2.506 -2.450 -2.493 -2.766
0.004 -0.58336 10.00000 0.9219517112 2.4549739361    0.914  2.055  3.6551  1.917    3  0.000  0.474     0.00     0.00 -1 -1.63e-10      0.00 7.269e-01 2.691e-01 6.149e-04 2.747e-04 1.730e-03 -1.000 3.994e-03 -0.367 -1.864 -2.489 -2.586 -2.637 -2.577 -2.605 -2.672 -3.040 -3.679 -4.144 -2.631 -2.571 -2.627 -2.875
0.004 -0.58336 10.00000 0.9220147729 2.4549899101    0.914  2.098  3.6522  1.862    3  0.000  0.474     0.00     0.00 -1 -1.91e-10      0.00 7.269e-01 2.691e-01 6.148e-04 2.748e-04 1.730e-03 -1.000 3.994e-03 -0.474 -1.980 -2.611 -2.711 -2.763 -2.700 -2.729 -2.800 -3.134 -4.278 -5.132 -2.757 -2.693 -2.764 -2.984
0.004 -0.58336 10.00000 0.9220713377 2.4550042152    0.913  2.139  3.6494  1.809    3  0.000  0.474     0.00     0.00 -1 -2.23e-10      0.00 7.269e-01 2.691e-01 6.148e-04 2.748e-04 1.730e-03 -1.000 3.994e-03 -0.578 -2.092 -2.729 -2.832 -2.886 -2.819 -2.851 -2.924 -3.226 -4.861 -6.092 -2.880 -2.812 -2.896 -3.090
0.004 -0.58336 10.00000 0.9221248031 2.4550175667    0.913  2.182  3.6465  1.755    3  0.000  0.474     0.00     0.00 -1 -2.62e-10      0.00 7.269e-01 2.691e-01 6.148e-04 2.748e-04 1.730e-03 -1.000 3.994e-03 -0.684 -2.206 -2.849 -2.956 -3.011 -2.941 -2.974 -3.051 -3.319 -5.456 -7.074 -3.005 -2.933 -3.031 -3.199
0.004 -0.58336 10.00000 0.9221724272 2.4550297260    0.913  2.222  3.6437  1.703    3  0.000  0.474     0.00     0.00 -1 -3.06e-10      0.00 7.269e-01 2.691e-01 6.148e-04 2.748e-04 1.730e-03 -1.000 3.994e-03 -0.786 -2.316 -2.964 -3.075 -3.132 -3.058 -3.094 -3.173 -3.409 -6.030 -8.019 -3.125 -3.050 -3.161 -3.303
0.004 -0.58336 10.00000 0.9222173691 2.4550409317    0.912  2.264  3.6408  1.650    3  0.000  0.474     0.00     0.00 -1 -3.58e-10      0.00 7.269e-01 2.691e-01 6.148e-04 2.749e-04 1.730e-03 -1.000 3.994e-03 -0.889 -2.427 -3.081 -3.196 -3.254 -3.176 -3.214 -3.296 -3.500 -6.613 -8.979 -3.247 -3.169 -3.292 -3.409
0.004 -0.58336 10.00000 0.9222580194 2.4550511837    0.911  2.304  3.6380  1.598    3  0.000  0.474     0.00     0.00 -1 -4.17e-10      0.00 7.269e-01 2.691e-01 6.147e-04 2.749e-04 1.730e-03 -1.000 3.994e-03 -0.990 -2.534 -3.193 -3.313 -3.373 -3.291 -3.332 -3.415 -3.588 -7.179 -9.912 -3.366 -3.283 -3.420 -3.512
0.004 -0.58336 10.00000 0.9222961068 2.4550607204    0.911  2.344  3.6351  1.546    3  0.000  0.474     0.00     0.00 -1 -4.86e-10      0.00 7.269e-01 2.691e-01 6.147e-04 2.749e-04 1.730e-03 -1.000 3.994e-03 -1.091 -2.642 -3.307 -3.431 -3.493 -3.408 -3.450 -3.535 -3.678 -7.753 -10.856 -3.486 -3.399 -3.548 -3.616
0.004 -0.58336 10.00000 0.9223306775 2.4550695419    0.910  2.384  3.6322  1.494    3  0.000  0.474     0.00     0.00 -1 -5.65e-10      0.00 7.269e-01 2.691e-01 6.147e-04 2.749e-04 1.730e-03 -1.000 3.994e-03 -1.190 -2.748 -3.419 -3.548 -3.611 -3.523 -3.567 -3.653 -3.769 -8.268 -11.697 -3.604 -3.514 -3.674 -3.720
0.004 -0.58336 10.00000 0.9223628640 2.4550776482    0.909  2.424  3.6293  1.442    3  0.000  0.474     0.00     0.00 -1 -6.58e-10      0.00 7.269e-01 2.691e-01 6.147e-04 2.750e-04 1.730e-03 -1.000 3.994e-03 -1.289 -2.855 -3.535 -3.667 -3.732 -3.642 -3.687 -3.774 -3.892 -8.391 -11.819 -3.724 -3.633 -3.794 -3.843
0.004 -0.58336 10.00000 0.9223933816 2.4550852776    0.909  2.464  3.6263  1.389    3  0.000  0.474     0.00     0.00 -1 -7.68e-10      0.00 7.269e-01 2.691e-01 6.147e-04 2.750e-04 1.730e-03 -1.000 3.994e-03 -1.391 -2.964 -3.654 -3.789 -3.855 -3.764 -3.810 -3.897 -4.017 -8.516 -11.945 -3.848 -3.755 -3.918 -3.968
0.004 -0.58336 10.00000 0.9224203825 2.4550921917    0.908  2.503  3.6234  1.339    3  0.000  0.474     0.00     0.00 -1  -8.9e-10      0.00 7.269e-01 2.691e-01 6.147e-04 2.750e-04 1.730e-03 -1.000 3.994e-03 -1.487 -3.067 -3.766 -3.906 -3.973 -3.880 -3.927 -4.014 -4.136 -8.636 -12.064 -3.965 -3.871 -4.036 -4.087
0.004 -0.58336 10.00000 0.9224457741 2.4550986290    0.907  2.542  3.6205  1.288    3  0.000  0.474     0.00     0.00 -1 -1.03e-09      0.00 7.269e-01 2.691e-01 6.147e-04 2.750e-04 1.730e-03 -1.000 3.994e-03 -1.584 -3.171 -3.880 -4.023 -4.091 -3.996 -4.044 -4.131 -4.257 -8.756 -12.184 -4.083 -3.987 -4.154 -4.207
0.004 -0.58336 10.00000 0.9224694371 2.4551045895    0.906  2.580  3.6175  1.237    3  0.000  0.474     0.00     0.00 -1  -1.2e-09      0.00 7.269e-01 2.691e-01 6.147e-04 2.750e-04 1.730e-03 -1.000 3.994e-03 -1.680 -3.273 -3.991 -4.138 -4.208 -4.112 -4.161 -4.248 -4.376 -8.875 -12.303 -4.199 -4.103 -4.271 -4.327
0.004 -0.58336 10.00000 0.9224909544 2.4551100731    0.905  2.618  3.6147  1.188    3  0.000  0.474     0.00     0.00 -1 -1.38e-09      0.00 7.269e-01 2.691e-01 6.146e-04 2.750e-04 1.730e-03 -1.000 3.994e-03 -1.774 -3.372 -4.101 -4.251 -4.322 -4.225 -4.275 -4.361 -4.492 -8.991 -12.420 -4.313 -4.216 -4.386 -4.443
0.004 -0.58336 10.00000 0.9225113988 2.4551150799    0.904  2.656  3.6118  1.138    3  0.000  0.474     0.00     0.00 -1  -1.6e-09      0.00 7.269e-01 2.691e-01 6.146e-04 2.750e-04 1.730e-03 -1.000 3.994e-03 -1.869 -3.473 -4.211 -4.366 -4.438 -4.339 -4.390 -4.477 -4.610 -9.109 -12.537 -4.429 -4.330 -4.501 -4.560
0.004 -0.58336 10.00000 0.9225299358 2.4551198483    0.903  2.692  3.6089  1.089    3  0.000  0.474     0.00     0.00 -1 -1.84e-09      0.00 7.269e-01 2.691e-01 6.146e-04 2.750e-04 1.730e-03 -1.000 3.994e-03 -1.960 -3.570 -4.317 -4.476 -4.549 -4.450 -4.502 -4.587 -4.723 -9.222 -12.651 -4.540 -4.440 -4.613 -4.674
0.004 -0.58336 10.00000 0.9225474000 2.4551241398    0.901  2.729  3.6060  1.040    3  0.000  0.474     0.00     0.00 -1 -2.12e-09      0.00 7.269e-01 2.692e-01 6.146e-04 2.751e-04 1.730e-03 -1.000 3.994e-03 -2.052 -3.668 -4.425 -4.588 -4.663 -4.561 -4.615 -4.700 -4.838 -9.338 -12.766 -4.653 -4.552 -4.726 -4.789
0.004 -0.58336 10.00000 0.9225641489 2.4551284313    0.900  2.766  3.6030  0.990    3  0.000  0.474     0.00     0.00 -1 -2.45e-09      0.00 7.269e-01 2.692e-01 6.146e-04 2.751e-04 1.730e-03 -1.000 3.994e-03 -2.145 -3.766 -4.533 -4.701 -4.777 -4.674 -4.729 -4.813 -4.954 -9.454 -12.882 -4.766 -4.664 -4.840 -4.905
0.004 -0.58336 10.00000 0.9225825667 2.4551329613    0.898  2.810  3.5996  0.932    3  0.000  0.474     0.00     0.00 -1  -2.9e-09      0.00 7.269e-01 2.692e-01 6.146e-04 2.751e-04 1.730e-03 -1.000 3.994e-03 -2.255 -3.883 -4.660 -4.834 -4.911 -4.807 -4.864 -4.948 -5.092 -9.592 -13.020 -4.901 -4.798 -4.975 -5.043
0.004 -0.58336 10.00000 0.9225996137 2.4551372528    0.896  2.853  3.5960  0.873    3  0.000  0.474     0.00     0.00 -1 -3.43e-09      0.00 7.269e-01 2.692e-01 6.146e-04 2.751e-04 1.730e-03 -1.000 3.994e-03 -2.363 -3.998 -4.787 -4.966 -5.046 -4.940 -4.999 -5.082 -5.230 -9.729 -13.157 -5.034 -4.931 -5.110 -5.180
0.004 -0.58336 10.00000 0.9226126075 2.4551405907    0.894  2.889  3.5931  0.825    3  0.000  0.474     0.00     0.00 -1 -3.93e-09      0.00 7.269e-01 2.692e-01 6.146e-04 2.751e-04 1.730e-03 -1.000 3.994e-03 -2.451 -4.092 -4.890 -5.074 -5.155 -5.048 -5.109 -5.191 -5.342 -9.841 -13.269 -5.143 -5.039 -5.220 -5.292
0.004 -0.58336 10.00000 0.9226272702 2.4551444054    0.892  2.931  3.5896  0.768    3  0.000  0.474     0.00     0.00 -1 -4.63e-09      0.00 7.269e-01 2.692e-01 6.146e-04 2.751e-04 1.730e-03 -1.000 3.994e-03 -2.557 -4.203 -5.013 -5.203 -5.285 -5.177 -5.240 -5.321 -5.476 -9.975 -13.403 -5.273 -5.168 -5.351 -5.426
0.004 -0.58336 10.00000 0.9226407409 2.4551477432    0.889  2.972  3.5862  0.712    3  0.000  0.474     0.00     0.00 -1 -5.45e-09      0.00 7.269e-01 2.692e-01 6.146e-04 2.751e-04 1.730e-03 -1.000 3.994e-03 -2.660 -4.313 -5.133 -5.329 -5.413 -5.304 -5.369 -5.449 -5.607 -10.106 -13.534 -5.400 -5.295 -5.480 -5.557
0.004 -0.58336 10.00000 0.9226531386 2.4551508427    0.886  3.012  3.5827  0.656    3  0.000  0.474     0.00     0.00 -1 -6.38e-09      0.00 7.268e-01 2.692e-01 6.146e-04 2.751e-04 1.730e-03 -1.000 3.994e-03 -2.761 -4.420 -5.251 -5.453 -5.540 -5.428 -5.496 -5.575 -5.736 -10.235 -13.664 -5.525 -5.419 -5.607 -5.687
0.004 -0.58336 10.00000 0.9226645827 2.4551537037    0.883  3.052  3.5792  0.601    3  0.000  0.474     0.00     0.00 -1 -7.46e-09      0.00 7.268e-01 2.692e-01 6.146e-04 2.751e-04 1.730e-03 -1.000 3.994e-03 -2.860 -4.526 -5.367 -5.575 -5.664 -5.550 -5.621 -5.699 -5.864 -10.363 -13.791 -5.648 -5.542 -5.732 -5.814
0.004 -0.58336 10.00000 0.9226752520 2.4551563263    0.880  3.091  3.5757  0.546    3  0.000  0.474     0.00     0.00 -1 -8.71e-09      0.00 7.268e-01 2.692e-01 6.146e-04 2.751e-04 1.730e-03 -1.000 3.994e-03 -2.958 -4.631 -5.482 -5.696 -5.787 -5.671 -5.745 -5.822 -5.991 -10.489 -13.918 -5.770 -5.663 -5.856 -5.941
0.004 -0.58336 10.00000 0.9226850271 2.4551589489    0.876  3.129  3.5723  0.493    3  0.000  0.474     0.00     0.00 -1 -1.01e-08      0.00 7.268e-01 2.692e-01 6.146e-04 2.751e-04 1.730e-03 -1.000 3.994e-03 -3.052 -4.732 -5.593 -5.813 -5.906 -5.788 -5.865 -5.941 -6.114 -10.612 -14.041 -5.888 -5.780 -5.976 -6.064
0.004 -0.58336 10.00000 0.9226941466 2.4551610947    0.873  3.166  3.5688  0.440    3  0.000  0.474     0.00     0.00 -1 -1.18e-08      0.00 7.268e-01 2.692e-01 6.146e-04 2.751e-04 1.730e-03 -1.000 3.994e-03 -3.145 -4.833 -5.703 -5.929 -6.024 -5.906 -5.986 -6.061 -6.237 -10.736 -14.164 -6.005 -5.898 -6.097 -6.187
0.004 -0.58336 10.00000 0.9227024317 2.4551632404    0.869  3.202  3.5654  0.389    3  0.000  0.474     0.00     0.00 -1 -1.36e-08      0.00 7.268e-01 2.692e-01 6.146e-04 2.751e-04 1.730e-03 -1.000 3.994e-03 -3.234 -4.930 -5.809 -6.041 -6.138 -6.019 -6.102 -6.177 -6.356 -10.855 -14.283 -6.118 -6.012 -6.214 -6.307
0.004 -0.58336 10.00000 0.9227101803 2.4551651478    0.864  3.236  3.5620  0.338    3  0.000  0.474     0.00     0.00 -1 -1.56e-08      0.00 7.268e-01 2.692e-01 6.146e-04 2.751e-04 1.730e-03 -1.000 3.994e-03 -3.321 -5.024 -5.912 -6.150 -6.250 -6.130 -6.216 -6.290 -6.474 -10.972 -14.401 -6.228 -6.123 -6.329 -6.424
0.004 -0.58336 10.00000 0.9227173328 2.4551670551    0.860  3.270  3.5586  0.289    3  0.000  0.474     0.00     0.00 -1 -1.79e-08      0.00 7.268e-01 2.692e-01 6.146e-04 2.751e-04 1.730e-03 -1.000 3.994e-03 -3.405 -5.117 -6.013 -6.257 -6.359 -6.238 -6.328 -6.401 -6.588 -11.087 -14.515 -6.336 -6.232 -6.441 -6.538
0.004 -0.58336 10.00000 0.9227243662 2.4551687241    0.855  3.304  3.5551  0.238    3  0.000  0.474     0.00     0.00 -1 -2.06e-08      0.00 7.268e-01 2.692e-01 6.146e-04 2.752e-04 1.730e-03 -1.000 3.994e-03 -3.491 -5.212 -6.116 -6.366 -6.471 -6.349 -6.442 -6.515 -6.706 -11.205 -14.633 -6.445 -6.344 -6.556 -6.656
0.004 -0.58336 10.00000 0.9227308035 2.4551703930    0.849  3.336  3.5519  0.190    3  0.000  0.474     0.00     0.00 -1 -2.35e-08      0.00 7.268e-01 2.692e-01 6.146e-04 2.752e-04 1.730e-03 -1.000 3.994e-03 -3.571 -5.300 -6.211 -6.467 -6.574 -6.452 -6.548 -6.620 -6.815 -11.314 -14.742 -6.547 -6.447 -6.663 -6.765
0.004 -0.58336 10.00000 0.9227378368 2.4551720619    0.843  3.370  3.5485  0.139    3  0.000  0.474     0.00     0.00 -1 -2.72e-08      0.00 7.268e-01 2.692e-01 6.145e-04 2.752e-04 1.730e-03 -1.000 3.994e-03 -3.655 -5.394 -6.312 -6.573 -6.683 -6.561 -6.660 -6.732 -6.931 -11.429 -14.858 -6.655 -6.556 -6.776 -6.880
0.004 -0.58336 10.00000 0.9227378368 2.4551720619    0.843  1.729  3.7043  2.404    4  0.000  0.499     0.00     0.00 -1    -1e-30      0.00 7.308e-01 2.652e-01 6.443e-04 2.356e-04 1.722e-03 -1.000 4.000e-03 0.446 -0.887 -1.360 -1.429 -1.466 -1.434 -1.451 -1.488 -1.906 -1.766 -1.629 -1.463 -1.431 -1.430 -1.717
0.004 -0.58336 10.00000 0.9228134751 2.4551911354    0.843  1.741  3.7035  2.389    4  0.000  0.499     0.00     0.00 -1    -1e-30      0.00 7.308e-01 2.652e-01 6.443e-04 2.356e-04 1.722e-03 -1.000 4.000e-03 0.418 -0.919 -1.395 -1.464 -1.502 -1.469 -1.486 -1.524 -1.941 -1.802 -1.664 -1.498 -1.465 -1.465 -1.752
0.004 -0.58336 10.00000 0.9228841066 2.4552090168    0.843  1.745  3.7033  2.384    4  0.000  0.499     0.00     0.00 -1    -1e-30      0.00 7.308e-01 2.652e-01 6.443e-04 2.356e-04 1.722e-03 -1.000 4.000e-03 0.409 -0.929 -1.405 -1.475 -1.512 -1.479 -1.496 -1.534 -1.952 -1.813 -1.675 -1.508 -1.476 -1.476 -1.763
0.004 -0.58336 10.00000 0.9229555726 2.4552268982    0.843  1.746  3.7034  2.383    4  0.000  0.499     0.00     0.00 -1    -1e-30      0.00 7.308e-01 2.652e-01 6.443e-04 2.356e-04 1.722e-03 -1.000 4.000e-03 0.405 -0.932 -1.408 -1.477 -1.515 -1.482 -1.499 -1.537 -1.954 -1.815 -1.677 -1.511 -1.478 -1.478 -1.765
0.004 -0.58336 10.00000 0.9230285883 2.4552452564    0.843  1.746  3.7037  2.385    4  0.000  0.499     0.00     0.00 -1    -1e-30      0.00 7.308e-01 2.652e-01 6.443e-04 2.356e-04 1.722e-03 -1.000 4.000e-03 0.406 -0.930 -1.405 -1.474 -1.512 -1.479 -1.496 -1.534 -1.951 -1.812 -1.674 -1.508 -1.475 -1.475 -1.762
0.004 -0.58336 10.00000 0.9231006503 2.4552633762    0.843  1.745  3.7042  2.388    4  0.000  0.499     0.00     0.00 -1    -1e-30      0.00 7.308e-01 2.652e-01 6.443e-04 2.356e-04 1.722e-03 -1.000 4.000e-03 0.408 -0.926 -1.399 -1.468 -1.505 -1.473 -1.490 -1.527 -1.945 -1.805 -1.668 -1.502 -1.469 -1.469 -1.756
0.004 -0.58336 10.00000 0.9231754541 2.4552822113    0.843  1.743  3.7048  2.392    4  0.000  0.499     0.00     0.00 -1    -1e-30      0.00 7.308e-01 2.652e-01 6.443e-04 2.356e-04 1.722e-03 -1.000 4.000e-03 0.413 -0.920 -1.391 -1.460 -1.497 -1.465 -1.482 -1.519 -1.936 -1.797 -1.659 -1.493 -1.461 -1.460 -1.747
0.004 -0.58336 10.00000 0.9232487082 2.4553008080    0.843  1.741  3.7054  2.396    4  0.000  0.499     0.00     0.00 -1    -1e-30      0.00 7.308e-01 2.652e-01 6.443e-04 2.356e-04 1.722e-03 -1.000 4.000e-03 0.417 -0.913 -1.383 -1.451 -1.488 -1.456 -1.473 -1.510 -1.927 -1.788 -1.650 -1.485 -1.453 -1.451 -1.738
0.004 -0.58336 10.00000 0.9233237505 2.4553196430    0.843  1.739  3.7060  2.401    4  0.000  0.499     0.00     0.00 -1    -1e-30      0.00 7.308e-01 2.652e-01 6.443e-04 2.356e-04 1.722e-03 -1.000 4.000e-03 0.422 -0.906 -1.374 -1.443 -1.479 -1.448 -1.464 -1.501 -1.918 -1.779 -1.641 -1.476 -1.444 -1.442 -1.729
0.004 -0.58336 10.00000 0.9233930111 2.4553370476    0.844  1.738  3.7065  2.404    4  0.000  0.499     0.00     0.00 -1    -1e-30      0.00 7.308e-01 2.652e-01 6.443e-04 2.356e-04 1.722e-03 -1.000 4.000e-03 0.425 -0.900 -1.367 -1.435 -1.472 -1.440 -1.457 -1.493 -1.911 -1.771 -1.633 -1.468 -1.437 -1.435 -1.722
0.004 -0.58336 10.00000 0.9234617949 2.4553542137    0.844  1.737  3.7070  2.407    4  0.000  0.499     0.00     0.00 -1    -1e-30      0.00 7.308e-01 2.652e-01 6.443e-04 2.356e-04 1.722e-03 -1.000 4.000e-03 0.428 -0.896 -1.361 -1.429 -1.465 -1.434 -1.451 -1.487 -1.904 -1.764 -1.626 -1.461 -1.431 -1.428 -1.715
0.004 -0.58336 10.00000 0.9235326052 2.4553720951    0.844  1.736  3.7074  2.410    4  0.000  0.499     0.00     0.00 -1    -1e-30      0.00 7.308e-01 2.652e-01 6.443e-04 2.356e-04 1.722e-03 -1.000 4.000e-03 0.431 -0.891 -1.355 -1.423 -1.459 -1.428 -1.445 -1.480 -1.897 -1.758 -1.620 -1.455 -1.425 -1.422 -1.709
0.004 -0.58336 10.00000 0.9236096144 2.4553914070    0.844  1.735  3.7079  2.413    4  0.000  0.499     0.00     0.00 -1    -1e-30      0.00 7.308e-01 2.652e-01 6.443e-04 2.356e-04 1.722e-03 -1.000 4.000e-03 0.434 -0.887 -1.349 -1.417 -1.453 -1.422 -1.439 -1.474 -1.891 -1.752 -1.614 -1.449 -1.419 -1.416 -1.702
0.004 -0.58336 10.00000 0.9236821532 2.4554097652    0.844  1.734  3.7083  2.416    4  0.000  0.499     0.00     0.00 -1    -1e-30      0.00 7.308e-01 2.652e-01 6.443e-04 2.356e-04 1.722e-03 -1.000 4.000e-03 0.436 -0.883 -1.345 -1.412 -1.448 -1.417 -1.434 -1.469 -1.886 -1.747 -1.609 -1.444 -1.414 -1.411 -1.697
0.004 -0.58336 10.00000 0.9237581491 2.4554288387    0.844  1.733  3.7086  2.418    4  0.000  0.499     0.00     0.00 -1    -1e-30      0.00 7.308e-01 2.652e-01 6.443e-04 2.356e-04 1.722e-03 -1.000 4.000e-03 0.438 -0.880 -1.340 -1.408 -1.443 -1.413 -1.430 -1.465 -1.882 -1.742 -1.604 -1.440 -1.410 -1.406 -1.693
0.004 -0.58336 10.00000 0.9237651825 2.4554305077    0.844  1.733  3.7087  2.418    4  0.000  0.499     0.00     0.00 -1    -1e-30      0.00 7.308e-01 2.652e-01 6.443e-04 2.356e-04 1.722e-03 -1.000 4.000e-03 0.438 -0.880 -1.340 -1.407 -1.443 -1.413 -1.429 -1.464 -1.881 -1.742 -1.604 -1.439 -1.409 -1.405 -1.692
0.004 -0.58336 10.00000 0.9237733483 2.4554326534    0.844  1.733  3.7087  2.418    4  0.000  0.499     0.00     0.00 -1    -1e-30      0.00 7.308e-01 2.652e-01 6.443e-04 2.356e-04 1.722e-03 -1.000 4.000e-03 0.438 -0.880 -1.340 -1.407 -1.443 -1.412 -1.429 -1.464 -1.881 -1.742 -1.604 -1.439 -1.409 -1.405 -1.692
0.004 -0.58336 10.00000 0.9238477945 2.4554512501    0.844  1.733  3.7090  2.420    4  0.000  0.499     0.00     0.00 -1    -1e-30      0.00 7.308e-01 2.652e-01 6.443e-04 2.356e-04 1.722e-03 -1.000 4.000e-03 0.439 -0.878 -1.337 -1.404 -1.440 -1.409 -1.426 -1.461 -1.878 -1.738 -1.600 -1.436 -1.406 -1.402 -1.689
0.004 -0.58336 10.00000 0.9239251614 2.4554708004    0.844  1.732  3.7093  2.421    4  0.000  0.499     0.00     0.00 -1    -1e-30      0.00 7.308e-01 2.652e-01 6.443e-04 2.356e-04 1.722e-03 -1.000 4.000e-03 0.439 -0.876 -1.335 -1.402 -1.437 -1.407 -1.424 -1.459 -1.876 -1.736 -1.598 -1.434 -1.404 -1.400 -1.687
0.004 -0.58336 10.00000 0.9240011573 2.4554898739    0.844  1.733  3.7094  2.422    4  0.000  0.499     0.00     0.00 -1    -1e-30      0.00 7.308e-01 2.652e-01 6.443e-04 2.356e-04 1.722e-03 -1.000 4.000e-03 0.438 -0.876 -1.334 -1.401 -1.437 -1.407 -1.423 -1.458 -1.875 -1.735 -1.597 -1.433 -1.404 -1.399 -1.686
0.004 -0.58336 10.00000 0.9240743518 2.4555082321    0.844  1.733  3.7095  2.422    4  0.000  0.499     0.00     0.00 -1    -1e-30      0.00 7.308e-01 2.652e-01 6.443e-04 2.356e-04 1.722e-03 -1.000 4.000e-03 0.437 -0.877 -1.335 -1.401 -1.437 -1.407 -1.423 -1.458 -1.875 -1.736 -1.598 -1.434 -1.404 -1.399 -1.686
0.004 -0.58336 10.00000 0.9241495132 2.4555270672    0.844  1.734  3.7096  2.421    4  0.000  0.499     0.00     0.00 -1    -1e-30      0.00 7.308e-01 2.652e-01 6.443e-04 2.356e-04 1.722e-03 -1.000 4.000e-03 0.435 -0.879 -1.336 -1.403 -1.439 -1.409 -1.425 -1.460 -1.877 -1.737 -1.599 -1.435 -1.406 -1.401 -1.688
0.004 -0.58336 10.00000 0.9242249727 2.4555459023    0.844  1.735  3.7095  2.420    4  0.000  0.499     0.00     0.00 -1    -1e-30      0.00 7.308e-01 2.652e-01 6.443e-04 2.356e-04 1.722e-03 -1.000 4.000e-03 0.432 -0.882 -1.340 -1.407 -1.442 -1.412 -1.429 -1.463 -1.880 -1.741 -1.603 -1.439 -1.409 -1.405 -1.691
0.004 -0.58336 10.00000 0.9242991805 2.4555647373    0.845  1.737  3.7094  2.418    4  0.000  0.499     0.00     0.00 -1    -1e-30      0.00 7.308e-01 2.652e-01 6.443e-04 2.356e-04 1.722e-03 -1.000 4.000e-03 0.428 -0.886 -1.344 -1.411 -1.447 -1.417 -1.433 -1.468 -1.885 -1.745 -1.607 -1.443 -1.413 -1.409 -1.696
0.004 -0.58336 10.00000 0.9243069291 2.4555666447    0.845  1.737  3.7094  2.418    4  0.000  0.499     0.00     0.00 -1    -1e-30      0.00 7.308e-01 2.652e-01 6.443e-04 2.356e-04 1.722e-03 -1.000 4.000e-03 0.428 -0.887 -1.344 -1.411 -1.447 -1.417 -1.433 -1.468 -1.885 -1.746 -1.608 -1.444 -1.414 -1.409 -1.696
0.004 -0.58336 10.00000 0.9243119955 2.4555678368    0.845  1.737  3.7094  2.417    4  0.000  0.499     0.00     0.00 -1    -1e-30      0.00 7.308e-01 2.652e-01 6.443e-04 2.356e-04 1.722e-03 -1.000 4.000e-03 0.428 -0.887 -1.345 -1.412 -1.447 -1.417 -1.434 -1.469 -1.886 -1.746 -1.608 -1.444 -1.414 -1.410 -1.697
0.004 -0.58336 10.00000 0.9243865013 2.4555864334    0.845  1.739  3.7092  2.414    4  0.000  0.499     0.00     0.00 -1    -1e-30      0.00 7.308e-01 2.652e-01 6.443e-04 2.356e-04 1.722e-03 -1.000 4.000e-03 0.422 -0.894 -1.352 -1.419 -1.455 -1.425 -1.441 -1.476 -1.893 -1.754 -1.616 -1.451 -1.422 -1.417 -1.704
0.004 -0.58336 10.00000 0.9244617820 2.4556055069    0.845  1.742  3.7088  2.410    4  0.000  0.499     0.00     0.00 -1    -1e-30      0.00 7.308e-01 2.652e-01 6.443e-04 2.356e-04 1.722e-03 -1.000 4.000e-03 0.415 -0.902 -1.362 -1.429 -1.465 -1.434 -1.451 -1.486 -1.903 -1.764 -1.626 -1.461 -1.431 -1.427 -1.714
0.004 -0.58336 10.00000 0.9245336652 2.4556233883    0.845  1.745  3.7084  2.405    4  0.000  0.499     0.00     0.00 -1    -1e-30      0.00 7.308e-01 2.652e-01 6.443e-04 2.356e-04 1.722e-03 -1.000 4.000e-03 0.407 -0.912 -1.372 -1.440 -1.476 -1.445 -1.462 -1.497 -1.914 -1.775 -1.637 -1.472 -1.442 -1.438 -1.725
0.004 -0.58336 10.00000 0.9246075749 2.4556419849    0.845  1.749  3.7080  2.400    4  0.000  0.499     0.00     0.00 -1    -1e-30      0.00 7.308e-01 2.652e-01 6.443e-04 2.356e-04 1.722e-03 -1.000 4.000e-03 0.397 -0.923 -1.385 -1.453 -1.489 -1.458 -1.475 -1.510 -1.927 -1.788 -1.650 -1.485 -1.455 -1.452 -1.738
0.004 -0.58336 10.00000 0.9246789217 2.4556598663    0.845  1.753  3.7075  2.394    4  0.000  0.499     0.00     0.00 -1    -1e-30      0.00 7.308e-01 2.652e-01 6.443e-04 2.356e-04 1.722e-03 -1.000 4.000e-03 0.387 -0.935 -1.398 -1.466 -1.502 -1.471 -1.488 -1.524 -1.941 -1.802 -1.664 -1.499 -1.468 -1.465 -1.752
0.004 -0.58336 10.00000 0.9247502089 2.4556777477    0.845  1.758  3.7069  2.387    4  0.000  0.499     0.00     0.00 -1    -1e-30      0.00 7.308e-01 2.652e-01 6.443e-04 2.356e-04 1.722e-03 -1.000 4.000e-03 0.376 -0.949 -1.414 -1.482 -1.518 -1.487 -1.504 -1.540 -1.957 -1.818 -1.680 -1.515 -1.483 -1.481 -1.768
0.004 -0.58336 10.00000 0.9248222709 2.4556958675    0.845  1.763  3.7062  2.379    4  0.000  0.499     0.00     0.00 -1    -1e-30      0.00 7.308e-01 2.652e-01 6.443e-04 2.356e-04 1.722e-03 -1.000 4.000e-03 0.362 -0.965 -1.432 -1.501 -1.537 -1.505 -1.522 -1.559 -1.976 -1.837 -1.699 -1.534 -1.502 -1.500 -1.787
0.004 -0.58336 10.00000 0.9248940349 2.4557137489    0.845  1.769  3.7055  2.370    4  0.000  0.499     0.00     0.00 -1    -1e-30      0.00 7.308e-01 2.652e-01 6.443e-04 2.356e-04 1.722e-03 -1.000 4.000e-03 0.348 -0.982 -1.452 -1.520 -1.557 -1.525 -1.542 -1.579 -1.996 -1.857 -1.720 -1.553 -1.521 -1.520 -1.807
0.004 -0.58336 10.00000 0.9249661565 2.4557318687    0.845  1.778  3.7045  2.357    4  0.000  0.499     0.00     0.00 -1    -1e-30      0.00 7.308e-01 2.652e-01 6.443e-04 2.356e-04 1.722e-03 -1.000 4.000e-03 0.326 -1.008 -1.480 -1.549 -1.586 -1.553 -1.571 -1.608 -2.026 -1.887 -1.749 -1.583 -1.550 -1.550 -1.837
0.004 -0.58336 10.00000 0.9250442386 2.4557514191    0.845  1.790  3.7029  2.339    4  0.000  0.499     0.00     0.00 -1    -1e-30      0.00 7.308e-01 2.652e-01 6.443e-04 2.356e-04 1.722e-03 -1.000 4.000e-03 0.294 -1.045 -1.522 -1.592 -1.629 -1.595 -1.613 -1.652 -2.069 -1.930 -1.793 -1.626 -1.592 -1.593 -1.880
0.004 -0.58336 10.00000 0.9251183867 2.4557700157    0.846  1.811  3.7005  2.308    4  0.000  0.499     0.00     0.00 -1    -1e-30      0.00 7.308e-01 2.652e-01 6.443e-04 2.356e-04 1.722e-03 -1.000 4.000e-03 0.242 -1.108 -1.591 -1.662 -1.700 -1.665 -1.683 -1.723 -2.141 -2.002 -1.865 -1.697 -1.661 -1.665 -1.952
0.004 -0.58336 10.00000 0.9251841903 2.4557864666    0.846  1.850  3.6961  2.252    4  0.000  0.499     0.00     0.00 -1    -1e-30      0.00 7.308e-01 2.652e-01 6.443e-04 2.356e-04 1.722e-03 -1.000 4.000e-03 0.145 -1.220 -1.717 -1.790 -1.829 -1.791 -1.810 -1.853 -2.271 -2.133 -1.997 -1.825 -1.787 -1.795 -2.082
0.004 -0.58336 10.00000 0.9252151847 2.4557940960    0.846  1.889  3.6917  2.194    4  0.000  0.499     0.00     0.00 -1    -1e-30      0.00 7.308e-01 2.652e-01 6.443e-04 2.356e-04 1.722e-03 -1.000 4.000e-03 0.046 -1.335 -1.845 -1.920 -1.960 -1.920 -1.939 -1.985 -2.404 -2.267 -2.131 -1.956 -1.915 -1.927 -2.215
0.004 -0.58336 10.00000 0.9252300858 2.4557979107    0.846  1.930  3.6873  2.137    4  0.000  0.499     0.00     0.00 -1    -1e-30      0.00 7.308e-01 2.652e-01 6.443e-04 2.356e-04 1.722e-03 -1.000 4.000e-03 -0.055 -1.451 -1.976 -2.052 -2.094 -2.051 -2.071 -2.119 -2.538 -2.403 -2.271 -2.090 -2.047 -2.061 -2.349
0.004 -0.58336 10.00000 0.9252361655 2.4557993412    0.846  1.967  3.6835  2.084    4  0.000  0.499     0.00     0.00 -1    -1e-30      0.00 7.308e-01 2.652e-01 6.443e-04 2.356e-04 1.722e-03 -1.000 4.000e-03 -0.146 -1.557 -2.094 -2.172 -2.215 -2.171 -2.191 -2.240 -2.660 -2.526 -2.399 -2.210 -2.167 -2.183 -2.471
0.004 -0.58336 10.00000 0.9252394438 2.4558002949    0.846  2.003  3.6797  2.033    4  0.000  0.499     0.00     0.00 -1    -1e-30      0.00 7.308e-01 2.652e-01 6.443e-04 2.356e-04 1.722e-03 -1.000 4.000e-03 -0.238 -1.661 -2.211 -2.291 -2.334 -2.289 -2.309 -2.360 -2.780 -2.648 -2.525 -2.330 -2.284 -2.302 -2.591
0.004 -0.58336 10.00000 0.9252412915 2.4558007717    0.846  2.038  3.6763  1.985    4  0.000  0.499     0.00     0.00 -1    -1e-30      0.00 7.308e-01 2.652e-01 6.443e-04 2.356e-04 1.722e-03 -1.000 4.000e-03 -0.324 -1.760 -2.317 -2.400 -2.445 -2.396 -2.418 -2.472 -2.860 -3.204 -3.446 -2.440 -2.391 -2.422 -2.686
0.004 -0.58336 10.00000 0.9252422452 2.4558010101    0.846  2.061  3.6741  1.953    7  0.000  0.499     0.00     0.00 -1 -8.01e-10      0.00 7.308e-01 2.637e-01 6.443e-04 2.356e-04 1.722e-03 -1.000 5.500e-03 -0.381 -1.825 -2.386 -2.471 -2.516 -2.465 -2.488 -2.546 -2.903 -3.695 -4.279 -2.512 -2.460 -2.503 -2.742
0.004 -0.58336 10.00000 0.9252427220 2.4558010101    0.846  2.076  3.6725  1.931    7  0.000  0.499     0.00     0.00 -1 -8.78e-10      0.00 7.308e-01 2.637e-01 6.443e-04 2.356e-04 1.722e-03 -1.000 5.500e-03 -0.421 -1.870 -2.434 -2.520 -2.566 -2.513 -2.537 -2.597 -2.936 -3.992 -4.780 -2.561 -2.507 -2.559 -2.783
0.004 -0.58336 10.00000 0.9252438545 2.4558012486    0.846  2.114  3.6690  1.879    7  0.000  0.499     0.00     0.00 -1 -1.08e-09      0.00 7.308e-01 2.637e-01 6.443e-04 2.356e-04 1.722e-03 -1.000 5.500e-03 -0.515 -1.976 -2.547 -2.636 -2.684 -2.626 -2.653 -2.717 -3.017 -4.655 -5.889 -2.679 -2.620 -2.688 -2.882
0.004 -0.58336 10.00000 0.9252449870 2.4558017254    0.845  2.153  3.6653  1.825    7  0.000  0.499     0.00     0.00 -1 -1.33e-09      0.00 7.308e-01 2.637e-01 6.443e-04 2.356e-04 1.722e-03 -1.000 5.500e-03 -0.613 -2.086 -2.664 -2.757 -2.807 -2.744 -2.774 -2.843 -3.103 -5.325 -7.006 -2.802 -2.738 -2.823 -2.985
0.004 -0.58336 10.00000 0.9252461195 2.4558019638    0.845  2.191  3.6618  1.774    7  0.000  0.499     0.00     0.00 -1 -1.64e-09      0.00 7.308e-01 2.637e-01 6.443e-04 2.356e-04 1.722e-03 -1.000 5.500e-03 -0.706 -2.191 -2.776 -2.872 -2.924 -2.857 -2.889 -2.962 -3.185 -5.949 -8.046 -2.919 -2.850 -2.951 -3.084
0.004 -0.58336 10.00000 0.9252473712 2.4558022022    0.845  2.210  3.6600  1.747    7  0.000  0.499     0.00     0.00 -1 -1.82e-09      0.00 7.308e-01 2.637e-01 6.443e-04 2.356e-04 1.722e-03 -1.000 5.500e-03 -0.754 -2.245 -2.833 -2.931 -2.984 -2.914 -2.948 -3.023 -3.228 -6.266 -8.574 -2.979 -2.907 -3.017 -3.135
0.004 -0.58336 10.00000 0.9252502918 2.4558029175    0.845  2.226  3.6586  1.725    7  0.000  0.499     0.00     0.00 -1 -1.97e-09      0.00 7.308e-01 2.637e-01 6.443e-04 2.356e-04 1.722e-03 -1.000 5.500e-03 -0.795 -2.289 -2.881 -2.981 -3.035 -2.963 -2.998 -3.074 -3.263 -6.530 -9.012 -3.029 -2.956 -3.071 -3.177
0.004 -0.58336 10.00000 0.9252524376 2.4558033943    0.845  2.209  3.6601  1.748    7  0.000  0.499     0.00     0.00 -1  -1.8e-09      0.00 7.308e-01 2.637e-01 6.443e-04 2.356e-04 1.722e-03 -1.000 5.500e-03 -0.753 -2.243 -2.830 -2.929 -2.982 -2.912 -2.946 -3.021 -3.226 -6.252 -8.549 -2.976 -2.905 -3.014 -3.133
0.004 -0.58336 10.00000 0.9252578020 2.4558048248    0.845  2.172  3.6636  1.799    7  0.000  0.499     0.00     0.00 -1 -1.47e-09      0.00 7.308e-01 2.637e-01 6.443e-04 2.356e-04 1.722e-03 -1.000 5.500e-03 -0.659 -2.138 -2.719 -2.814 -2.865 -2.800 -2.831 -2.901 -3.143 -5.631 -7.516 -2.859 -2.793 -2.886 -3.034
0.004 -0.58336 10.00000 0.9252933264 2.4558136463    0.843  2.166  3.6641  1.806    7  0.000  0.499     0.00     0.00 -1 -1.44e-09      0.00 7.308e-01 2.637e-01 6.443e-04 2.356e-04 1.722e-03 -1.000 5.500e-03 -0.645 -2.122 -2.702 -2.796 -2.847 -2.783 -2.813 -2.884 -3.130 -5.548 -7.380 -2.842 -2.776 -2.867 -3.019
0.004 -0.58336 10.00000 0.9253220558 2.4558207989    0.842  2.187  3.6620  1.776    7  0.000  0.499     0.00     0.00 -1 -1.63e-09      0.00 7.308e-01 2.637e-01 6.443e-04 2.356e-04 1.722e-03 -1.000 5.500e-03 -0.698 -2.181 -2.766 -2.862 -2.914 -2.847 -2.879 -2.952 -3.177 -5.912 -7.986 -2.909 -2.840 -2.940 -3.075
0.004 -0.58336 10.00000 0.9253504276 2.4558279514    0.840  2.229  3.6581  1.717    7  0.000  0.499     0.00     0.00 -1 -2.06e-09      0.00 7.308e-01 2.637e-01 6.443e-04 2.356e-04 1.722e-03 -1.000 5.500e-03 -0.804 -2.300 -2.892 -2.993 -3.047 -2.975 -3.010 -3.086 -3.270 -6.619 -9.164 -3.041 -2.968 -3.085 -3.187
0.004 -0.58336 10.00000 0.9253758788 2.4558343887    0.838  2.271  3.6542  1.659    7  0.000  0.499     0.00     0.00 -1  -2.6e-09      0.00 7.308e-01 2.637e-01 6.443e-04 2.356e-04 1.722e-03 -1.000 5.500e-03 -0.908 -2.414 -3.021 -3.125 -3.180 -3.106 -3.141 -3.220 -3.426 -6.453 -8.752 -3.174 -3.099 -3.214 -3.333
0.004 -0.58336 10.00000 0.9253980517 2.4558398724    0.835  2.312  3.6505  1.602    7  0.000  0.499     0.00     0.00 -1 -3.27e-09      0.00 7.308e-01 2.637e-01 6.443e-04 2.356e-04 1.722e-03 -1.000 5.500e-03 -1.011 -2.528 -3.143 -3.251 -3.308 -3.230 -3.268 -3.350 -3.521 -7.079 -9.786 -3.302 -3.223 -3.352 -3.444
0.004 -0.58336 10.00000 0.9254173040 2.4558446407    0.833  2.353  3.6467  1.544    7  0.000  0.499     0.00     0.00 -1 -4.11e-09      0.00 7.308e-01 2.637e-01 6.443e-04 2.356e-04 1.722e-03 -1.000 5.500e-03 -1.113 -2.641 -3.264 -3.377 -3.436 -3.354 -3.394 -3.478 -3.615 -7.704 -10.818 -3.429 -3.346 -3.490 -3.553
0.004 -0.58336 10.00000 0.9254341722 2.4558489323    0.830  2.395  3.6430  1.486    7  0.000  0.499     0.00     0.00 -1 -5.18e-09      0.00 7.308e-01 2.637e-01 6.443e-04 2.356e-04 1.722e-03 -1.000 5.500e-03 -1.217 -2.754 -3.386 -3.504 -3.565 -3.479 -3.521 -3.608 -3.718 -8.217 -11.645 -3.558 -3.471 -3.627 -3.669
0.004 -0.58336 10.00000 0.9254488349 2.4558527470    0.827  2.436  3.6393  1.429    7  0.000  0.499     0.00     0.00 -1  -6.5e-09      0.00 7.308e-01 2.637e-01 6.443e-04 2.356e-04 1.722e-03 -1.000 5.500e-03 -1.320 -2.867 -3.510 -3.632 -3.695 -3.607 -3.650 -3.738 -3.850 -8.349 -11.777 -3.688 -3.598 -3.757 -3.801
0.004 -0.58336 10.00000 0.9254618883 2.4558558464    0.824  2.477  3.6356  1.372    7  0.000  0.499     0.00     0.00 -1 -8.01e-09      0.00 7.308e-01 2.637e-01 6.442e-04 2.356e-04 1.722e-03 -1.000 5.500e-03 -1.421 -2.978 -3.633 -3.759 -3.823 -3.733 -3.777 -3.866 -3.980 -8.479 -11.908 -3.816 -3.724 -3.886 -3.931
0.004 -0.58336 10.00000 0.9254737496 2.4558589458    0.820  2.517  3.6320  1.314    7  0.000  0.499     0.00     0.00 -1 -1.01e-08      0.00 7.308e-01 2.637e-01 6.439e-04 2.357e-04 1.722e-03 -1.000 5.500e-03 -1.523 -3.089 -3.755 -3.886 -3.951 -3.859 -3.904 -3.994 -4.111 -8.610 -12.038 -3.944 -3.850 -4.015 -4.062
0.004 -0.58336 10.00000 0.9254846573 2.4558615685    0.815  2.558  3.6279  1.255    7  0.000  0.498     0.00     0.00 -1 -1.27e-08      0.00 7.308e-01 2.637e-01 6.429e-04 2.362e-04 1.722e-03 -1.000 5.490e-03 -1.625 -3.200 -3.879 -4.015 -4.082 -3.988 -4.034 -4.124 -4.244 -8.743 -12.171 -4.074 -3.978 -4.145 -4.195
0.004 -0.58336 10.00000 0.9254949093 2.4558641911    0.810  2.599  3.6203  1.180    7  0.000  0.496     0.00     0.00 -1  -1.6e-08      0.00 7.308e-01 2.638e-01 6.403e-04 2.385e-04 1.722e-03 -1.000 5.419e-03 -1.727 -3.318 -4.024 -4.169 -4.238 -4.141 -4.190 -4.279 -4.405 -8.904 -12.333 -4.230 -4.132 -4.302 -4.356
0.004 -0.58336 10.00000 0.9255042672 2.4558665752    0.804  2.639  3.6152  1.117    7  0.000  0.493     0.00     0.00 -1 -1.99e-08      0.00 7.308e-01 2.638e-01 6.363e-04 2.427e-04 1.722e-03 -1.000 5.400e-03 -1.827 -3.427 -4.151 -4.302 -4.374 -4.275 -4.325 -4.413 -4.543 -9.043 -12.471 -4.365 -4.265 -4.437 -4.494
0.004 -0.58336 10.00000 0.9255132675 2.4558687210    0.796  2.679  3.6113  1.057    7  0.000  0.489     0.00     0.00 -1 -2.48e-08      0.00 7.308e-01 2.638e-01 6.312e-04 2.486e-04 1.722e-03 -1.000 5.400e-03 -1.928 -3.535 -4.272 -4.429 -4.502 -4.402 -4.453 -4.540 -4.674 -9.174 -12.602 -4.493 -4.392 -4.566 -4.625
0.004 -0.58336 10.00000 0.9255220294 2.4558708668    0.787  2.719  3.6075  0.997    7  0.000  0.485     0.00     0.00 -1 -3.12e-08      0.00 7.308e-01 2.638e-01 6.260e-04 2.549e-04 1.722e-03 -1.000 5.400e-03 -2.029 -3.643 -4.393 -4.555 -4.630 -4.528 -4.581 -4.667 -4.805 -9.304 -12.733 -4.620 -4.518 -4.693 -4.756
0.004 -0.58336 10.00000 0.9255303741 2.4558730125    0.777  2.760  3.6037  0.934    7  0.000  0.481     0.00     0.00 -1 -3.99e-08      0.00 7.308e-01 2.638e-01 6.213e-04 2.606e-04 1.722e-03 -1.000 5.372e-03 -2.131 -3.753 -4.515 -4.684 -4.760 -4.657 -4.711 -4.797 -4.938 -9.438 -12.866 -4.750 -4.647 -4.824 -4.889
0.004 -0.58336 10.00000 0.9255380630 2.4558749199    0.764  2.800  3.5998  0.872    7  0.000  0.478     0.00     0.00 -1 -5.09e-08      0.00 7.308e-01 2.639e-01 6.173e-04 2.656e-04 1.722e-03 -1.000 5.322e-03 -2.231 -3.861 -4.635 -4.810 -4.888 -4.783 -4.840 -4.925 -5.070 -9.569 -12.998 -4.877 -4.774 -4.953 -5.020
0.004 -0.58336 10.00000 0.9255453348 2.4558768272    0.749  2.844  3.5956  0.803    7  0.000  0.475     0.00     0.00 -1 -6.66e-08      0.00 7.308e-01 2.639e-01 6.136e-04 2.702e-04 1.722e-03 -1.000 5.300e-03 -2.339 -3.977 -4.765 -4.947 -5.027 -4.920 -4.979 -5.063 -5.212 -9.712 -13.140 -5.015 -4.911 -5.092 -5.163
0.004 -0.58336 10.00000 0.9255511761 2.4558782578    0.733  2.887  3.5912  0.732    7  0.000  0.473     0.00     0.00 -1 -8.72e-08      0.00 7.307e-01 2.640e-01 6.105e-04 2.740e-04 1.722e-03 -1.000 5.300e-03 -2.449 -4.095 -4.896 -5.085 -5.168 -5.060 -5.121 -5.204 -5.357 -9.856 -13.285 -5.155 -5.050 -5.234 -5.308
0.004 -0.58336 10.00000 0.9255551696 2.4558792114    0.719  2.927  3.5873  0.669    7  0.000  0.471     0.00     0.00 -1 -1.12e-07      0.00 7.307e-01 2.640e-01 6.080e-04 2.771e-04 1.722e-03 -1.000 5.323e-03 -2.547 -4.201 -5.015 -5.210 -5.295 -5.185 -5.249 -5.331 -5.489 -9.988 -13.416 -5.282 -5.176 -5.363 -5.440
0.004 -0.58336 10.00000 0.9255585670 2.4558801651    0.703  2.966  3.5833  0.604    7  0.000  0.469     0.00     0.00 -1 -1.43e-07      0.00 7.306e-01 2.640e-01 6.058e-04 2.798e-04 1.722e-03 -1.000 5.346e-03 -2.646 -4.307 -5.133 -5.335 -5.423 -5.310 -5.378 -5.459 -5.633 -10.129 -13.558 -5.408 -5.301 -5.503 -5.584
0.004 -0.58336 10.00000 0.9255617261 2.4558808804    0.684  3.007  3.5791  0.535    7  0.000  0.468     0.00     0.00 -1 -1.86e-07      0.00 7.306e-01 2.641e-01 6.040e-04 2.821e-04 1.722e-03 -1.000 5.321e-03 -2.747 -4.416 -5.255 -5.465 -5.555 -5.441 -5.512 -5.593 -5.783 -10.275 -13.706 -5.540 -5.432 -5.648 -5.735
0.004 -0.58336 10.00000 0.9255645871 2.4558815956    0.662  3.047  3.5752  0.465    7  0.000  0.467     0.00     0.00 -1 -2.47e-07      0.00 7.306e-01 2.641e-01 6.026e-04 2.838e-04 1.722e-03 -1.000 5.300e-03 -2.848 -4.525 -5.374 -5.592 -5.684 -5.569 -5.645 -5.726 -5.945 -10.428 -13.862 -5.668 -5.561 -5.804 -5.898
0.004 -0.58336 10.00000 0.9255672097 2.4558823109    0.634  3.086  3.5723  0.395    7  0.000  0.466     0.00     0.00 -1  -3.4e-07      0.00 7.306e-01 2.641e-01 6.016e-04 2.850e-04 1.722e-03 -1.000 5.300e-03 -2.946 -4.630 -5.486 -5.710 -5.806 -5.691 -5.771 -5.854 -6.119 -10.590 -14.028 -5.789 -5.683 -5.972 -6.074
0.004 -0.58336 10.00000 0.9255702496 2.4558830261    0.589  3.128  3.5722  0.321    7  0.000  0.465     0.00     0.00 -1 -5.13e-07      0.00 7.306e-01 2.641e-01 6.011e-04 2.856e-04 1.722e-03 -1.000 5.300e-03 -3.050 -4.737 -5.591 -5.818 -5.919 -5.806 -5.889 -5.981 -6.355 -10.797 -14.244 -5.901 -5.799 -6.196 -6.314
0.004 -0.58336 10.00000 0.9255720973 2.4558835030    0.550  3.148  3.5826  0.313    7  0.000  0.465     0.00     0.00 -1 -7.03e-07      0.00 7.306e-01 2.641e-01 6.010e-04 2.857e-04 1.722e-03 -1.000 5.300e-03 -3.100 -4.773 -5.589 -5.804 -5.907 -5.804 -5.880 -5.989 -6.519 -10.921 -14.381 -5.892 -5.793 -6.339 -6.484
0.004 -0.58336 10.00000 0.9255725145 2.4558835030    0.540  3.145  3.5923  0.346    7  0.000  0.465     0.00     0.00 -1 -7.34e-07      0.01 7.306e-01 2.641e-01 6.009e-04 2.857e-04 1.722e-03 -1.000 5.300e-03 -3.092 -4.753 -5.533 -5.735 -5.835 -5.737 -5.807 -5.926 -6.502 -10.892 -14.356 -5.822 -5.725 -6.321 -6.467
0.004 -0.58336 10.00000 0.9255728126 2.4558837414    0.531  3.152  3.6041  0.380    7  0.000  0.465     0.00     0.00 -1 -7.85e-07      0.01 7.306e-01 2.641e-01 6.009e-04 2.857e-04 1.722e-03 -1.000 5.300e-03 -3.110 -4.755 -5.492 -5.677 -5.776 -5.681 -5.746 -5.874 -6.482 -10.862 -14.330 -5.764 -5.667 -6.302 -6.449
0.004 -0.58336 10.00000 0.9255729318 2.4558837414    0.526  3.171  3.6159  0.404    7  0.000  0.465     0.00     0.00 -1 -8.65e-07      0.01 7.306e-01 2.641e-01 6.009e-04 2.857e-04 1.722e-03 -1.000 5.300e-03 -3.157 -4.786 -5.479 -5.650 -5.747 -5.656 -5.719 -5.856 -6.511 -10.879 -14.351 -5.736 -5.641 -6.331 -6.480
0.004 -0.58336 10.00000 0.9255729914 2.4558837414    0.523  3.178  3.6206  0.413    7  0.000  0.465     0.00     0.00 -1 -8.99e-07      0.01 7.306e-01 2.641e-01 6.009e-04 2.858e-04 1.722e-03 -1.000 5.300e-03 -3.176 -4.797 -5.474 -5.639 -5.736 -5.646 -5.708 -5.849 -6.523 -10.886 -14.360 -5.725 -5.631 -6.342 -6.493
0.004 -0.58336 10.00000 1.0179024935 2.4765875340    0.531 -3.711  3.7737  7.921    9  0.532  0.000     0.00     0.00 -1    -1e-30      0.00 7.209e-01 2.750e-01 6.025e-04 3.400e-04 1.757e-03 -1.000 4.061e-03 14.046 13.009 12.737 12.665 12.656 11.930 11.213 10.188 6.576 3.082 0.593 12.736 11.854 8.976 6.838
#isochrone terminated
