# File generated by CMD 3.3 (http://stev.oapd.inaf.it/cmd) on Thu Sep 19 14:10:23 CEST 2019
# isochrones based on PARSEC release v1.2S +  COLIBRI S_35
# Basic references: Bressan et al. (2012), MNRAS, 427, 127 + Chen et al. (2014, 2015), MNRAS, 444, 2525 + MNRAS, 452, 1068 + Tang et al. (2014), MNRAS, 445, 4287 + Marigo et al. (2017), ApJ, 835, 77 + Pastorelli al. (2019), MNRAS in press
# Thermal pulse cycles included 
# On RGB, assumed Reimers mass loss with efficiency eta=0.2
# Photometric system:  2MASS + Spitzer (IRAC+MIPS) + WISE
# Using YBC version of bolometric corrections as in Chen et al. (2019)
# O-rich circumstellar dpmod60alox40 dust from Groenewegen (2006)
# C-rich circumstellar AMCSIC15 dust from Groenewegen (2006)
# IMF: Kroupa (2001, 2002) + Kroupa et al. (2013) canonical two-part-power law IMF corrected for unresolved binaries 
# Kind of output: isochrone tables
# Zini     MH   logAge Mini        int_IMF         Mass   logL    logTe  logg  label   McoreTP C_O  period0 period1 pmode  Mloss  tau1m   X   Y   Xc  Xn  Xo  Cexcess  Z 	 mbolmag  Jmag    Hmag    Ksmag   IRAC_3.6mag  IRAC_4.5mag  IRAC_5.8mag  IRAC_8.0mag  MIPS_24mag  MIPS_70mag  MIPS_160mag  W1mag   W2mag   W3mag   W4mag
0.0152 0.01508 4.00000 0.0900000036 1.0816895962    0.090 -0.510  3.4375  2.604    0  0.000  0.545     0.00     0.00 -1 -6.05e-15      0.00 7.092e-01 2.755e-01 2.746e-03 7.408e-04 6.719e-03 -1.000 1.527e-02 6.044 3.953 3.376 3.060 2.650 2.498 2.449 2.367 1.724 1.684 1.746 2.789 2.503 2.317 1.914
0.0152 0.01508 4.00000 0.1000000015 1.1711064577    0.100 -0.414  3.4418  2.572    0  0.000  0.545     0.00     0.00 -1 -3.83e-13      0.00 7.092e-01 2.755e-01 2.746e-03 7.408e-04 6.719e-03 -1.000 1.527e-02 5.806 3.718 3.123 2.823 2.434 2.286 2.240 2.162 1.522 1.485 1.550 2.573 2.292 2.114 1.712
0.0152 0.01508 4.00000 0.1200000122 1.3193155527    0.120 -0.230  3.4550  2.519    0  0.000  0.545     0.00     0.00 -1 -1.19e-12      0.00 7.092e-01 2.755e-01 2.746e-03 7.408e-04 6.719e-03 -1.000 1.527e-02 5.346 3.277 2.610 2.359 2.043 1.909 1.875 1.808 1.181 1.153 1.225 2.182 1.918 1.767 1.371
0.0152 0.01508 4.00000 0.1400000006 1.4384527206    0.140 -0.054  3.4737  2.485    0  0.000  0.545     0.00     0.00 -1 -1.72e-12      0.00 7.092e-01 2.755e-01 2.746e-03 7.408e-04 6.719e-03 -1.000 1.527e-02 4.905 2.886 2.104 1.897 1.681 1.579 1.558 1.503 0.900 0.888 0.972 1.816 1.590 1.476 1.090
0.0152 0.01508 4.00000 0.1511580795 1.4956978559    0.151  0.030  3.4838  2.474    0  0.000  0.545     0.00     0.00 -1 -2.03e-12      0.00 7.092e-01 2.755e-01 2.746e-03 7.408e-04 6.719e-03 -1.000 1.527e-02 4.695 2.698 1.868 1.675 1.501 1.418 1.402 1.352 0.760 0.757 0.847 1.634 1.430 1.331 0.950
0.0152 0.01508 4.00000 0.1727226079 1.5921695232    0.173  0.171  3.5003  2.457    0  0.000  0.545     0.00     0.00 -1 -2.68e-12      0.00 7.092e-01 2.755e-01 2.746e-03 7.408e-04 6.719e-03 -1.000 1.527e-02 4.342 2.384 1.497 1.314 1.192 1.141 1.128 1.081 0.511 0.527 0.628 1.313 1.154 1.073 0.701
0.0152 0.01508 4.00000 0.1939888149 1.6730782986    0.194  0.295  3.5139  2.438    0  0.000  0.545     0.00     0.00 -1 -3.44e-12      0.00 7.092e-01 2.755e-01 2.746e-03 7.408e-04 6.719e-03 -1.000 1.527e-02 4.033 2.115 1.200 1.014 0.915 0.897 0.882 0.833 0.288 0.324 0.436 1.020 0.910 0.837 0.478
0.0152 0.01508 4.00000 0.2126915455 1.7352414131    0.213  0.385  3.5239  2.429    0  0.000  0.545     0.00     0.00 -1 -4.08e-12      0.00 7.092e-01 2.755e-01 2.746e-03 7.408e-04 6.719e-03 -1.000 1.527e-02 3.809 1.922 0.997 0.808 0.718 0.723 0.704 0.652 0.127 0.180 0.298 0.809 0.736 0.665 0.316
0.0152 0.01508 4.00000 0.2378658652 1.8085167408    0.238  0.493  3.5356  2.416    0  0.000  0.545     0.00     0.00 -1 -5.03e-12      0.00 7.092e-01 2.755e-01 2.746e-03 7.408e-04 6.719e-03 -1.000 1.527e-02 3.537 1.691 0.763 0.571 0.486 0.516 0.491 0.430 -0.071 0.001 0.126 0.557 0.529 0.453 0.119
0.0152 0.01508 4.00000 0.2596095800 1.8641256094    0.260  0.577  3.5444  2.405    0  0.000  0.545     0.00     0.00 -1 -5.91e-12      0.00 7.092e-01 2.755e-01 2.746e-03 7.408e-04 6.719e-03 -1.000 1.527e-02 3.328 1.513 0.588 0.397 0.313 0.360 0.329 0.259 -0.224 -0.138 -0.011 0.371 0.372 0.290 -0.034
0.0152 0.01508 4.00000 0.2957448959 1.9443131685    0.296  0.695  3.5564  2.392    0  0.000  0.545     0.00     0.00 -1 -7.37e-12      0.00 7.092e-01 2.755e-01 2.746e-03 7.408e-04 6.719e-03 -1.000 1.527e-02 3.034 1.260 0.348 0.161 0.079 0.142 0.106 0.026 -0.437 -0.337 -0.209 0.120 0.153 0.066 -0.248
0.0152 0.01508 4.00000 0.3000000119 1.9529139996    0.300  0.708  3.5577  2.390    0  0.000  0.545     0.00     0.00 -1 -7.57e-12      0.00 7.092e-01 2.755e-01 2.746e-03 7.408e-04 6.719e-03 -1.000 1.527e-02 3.000 1.231 0.321 0.134 0.052 0.117 0.081 -0.001 -0.462 -0.360 -0.232 0.092 0.128 0.040 -0.273
0.0152 0.01508 4.00000 0.3246324360 1.9997663498    0.325  0.772  3.5642  2.386    0  0.000  0.545     0.00     0.00 -1 -8.47e-12      0.00 7.092e-01 2.755e-01 2.746e-03 7.408e-04 6.719e-03 -1.000 1.527e-02 2.839 1.091 0.192 0.010 -0.071 -0.000 -0.038 -0.124 -0.576 -0.469 -0.341 -0.038 0.010 -0.079 -0.387
0.0152 0.01508 4.00000 0.3500000238 2.0434176922    0.350  0.836  3.5703  2.380    0  0.000  0.545     0.00     0.00 -1 -9.51e-12      0.00 7.092e-01 2.755e-01 2.746e-03 7.408e-04 6.719e-03 -1.000 1.527e-02 2.681 0.951 0.064 -0.115 -0.194 -0.118 -0.156 -0.246 -0.692 -0.579 -0.451 -0.167 -0.108 -0.198 -0.503
0.0152 0.01508 4.00000 0.3597447872 2.0591058731    0.360  0.857  3.5723  2.378    0  0.000  0.545     0.00     0.00 -1 -9.88e-12      0.00 7.092e-01 2.755e-01 2.746e-03 7.408e-04 6.719e-03 -1.000 1.527e-02 2.627 0.903 0.021 -0.157 -0.235 -0.158 -0.197 -0.287 -0.731 -0.617 -0.489 -0.209 -0.148 -0.239 -0.542
0.0152 0.01508 4.00000 0.4000000358 2.1185026169    0.400  0.945  3.5798  2.367    0  0.000  0.545     0.00     0.00 -1 -1.16e-11      0.00 7.092e-01 2.755e-01 2.746e-03 7.408e-04 6.719e-03 -1.000 1.527e-02 2.409 0.705 -0.159 -0.331 -0.407 -0.326 -0.365 -0.457 -0.896 -0.776 -0.648 -0.387 -0.317 -0.407 -0.706
0.0152 0.01508 4.00000 0.4324635565 2.1610083580    0.432  1.004  3.5849  2.361    0  0.000  0.545     0.00     0.00 -1 -1.29e-11      0.00 7.092e-01 2.755e-01 2.746e-03 7.408e-04 6.719e-03 -1.000 1.527e-02 2.260 0.568 -0.280 -0.448 -0.523 -0.441 -0.478 -0.572 -1.006 -0.884 -0.756 -0.505 -0.431 -0.520 -0.817
0.0152 0.01508 4.00000 0.4500000477 2.1822810173    0.450  1.036  3.5873  2.357    0  0.000  0.545     0.00     0.00 -1 -1.37e-11      0.00 7.092e-01 2.755e-01 2.746e-03 7.408e-04 6.719e-03 -1.000 1.527e-02 2.181 0.496 -0.345 -0.510 -0.585 -0.502 -0.539 -0.633 -1.066 -0.943 -0.815 -0.568 -0.493 -0.581 -0.877
0.0152 0.01508 4.00000 0.4808891714 2.2172493935    0.481  1.084  3.5913  2.354    0  0.000  0.545     0.00     0.00 -1 -1.48e-11      0.00 7.092e-01 2.755e-01 2.746e-03 7.408e-04 6.719e-03 -1.000 1.527e-02 2.061 0.386 -0.443 -0.605 -0.678 -0.595 -0.632 -0.725 -1.156 -1.031 -0.903 -0.663 -0.585 -0.672 -0.967
0.0152 0.01508 4.00000 0.5000000000 2.2374541759    0.500  1.114  3.5935  2.349    0  0.000  0.545     0.00     0.00 -1 -1.57e-11      0.00 7.092e-01 2.755e-01 2.746e-03 7.408e-04 6.719e-03 -1.000 1.527e-02 1.985 0.316 -0.506 -0.666 -0.739 -0.655 -0.691 -0.785 -1.215 -1.089 -0.961 -0.724 -0.646 -0.731 -1.026
0.0152 0.01508 4.00000 0.5103537440 2.2478790283    0.510  1.128  3.5946  2.348    0  0.000  0.545     0.00     0.00 -1  -1.6e-11      0.00 7.092e-01 2.755e-01 2.746e-03 7.408e-04 6.719e-03 -1.000 1.527e-02 1.950 0.283 -0.535 -0.694 -0.767 -0.683 -0.719 -0.813 -1.242 -1.115 -0.987 -0.753 -0.674 -0.759 -1.053
0.0152 0.01508 4.00000 0.5392472744 2.2745511532    0.539  1.169  3.5975  2.342    0  0.000  0.545     0.00     0.00 -1 -1.72e-11      0.00 7.092e-01 2.755e-01 2.746e-03 7.408e-04 6.719e-03 -1.000 1.527e-02 1.847 0.187 -0.622 -0.778 -0.850 -0.766 -0.801 -0.895 -1.323 -1.194 -1.065 -0.836 -0.756 -0.840 -1.134
0.0152 0.01508 4.00000 0.5500000119 2.2836582661    0.550  1.184  3.5987  2.341    0  0.000  0.545     0.00     0.00 -1 -1.77e-11      0.00 7.092e-01 2.755e-01 2.746e-03 7.408e-04 6.719e-03 -1.000 1.527e-02 1.810 0.153 -0.652 -0.808 -0.879 -0.795 -0.830 -0.924 -1.351 -1.222 -1.093 -0.866 -0.785 -0.869 -1.162
0.0152 0.01508 4.00000 0.5583847761 2.2904806137    0.558  1.194  3.5994  2.340    0  0.000  0.545     0.00     0.00 -1  -1.8e-11      0.00 7.092e-01 2.755e-01 2.746e-03 7.408e-04 6.719e-03 -1.000 1.527e-02 1.785 0.129 -0.673 -0.828 -0.899 -0.814 -0.850 -0.943 -1.371 -1.241 -1.112 -0.886 -0.805 -0.889 -1.182
0.0152 0.01508 4.00000 0.5936660171 2.3167757988    0.593  1.238  3.6025  2.335    0  0.000  0.545     0.00     0.00 -1 -1.94e-11      0.00 7.092e-01 2.755e-01 2.746e-03 7.408e-04 6.719e-03 -1.000 1.527e-02 1.675 0.027 -0.765 -0.917 -0.987 -0.903 -0.937 -1.031 -1.457 -1.325 -1.196 -0.975 -0.893 -0.976 -1.268
0.0152 0.01508 4.00000 0.6000000238 2.3211214542    0.600  1.246  3.6031  2.334    0  0.000  0.545     0.00     0.00 -1 -1.97e-11      0.00 7.092e-01 2.755e-01 2.746e-03 7.408e-04 6.719e-03 -1.000 1.527e-02 1.654 0.007 -0.783 -0.934 -1.004 -0.920 -0.954 -1.048 -1.473 -1.341 -1.212 -0.992 -0.910 -0.992 -1.284
0.0152 0.01508 4.00000 0.6296511292 2.3401348591    0.630  1.280  3.6053  2.330    0  0.000  0.545     0.00     0.00 -1 -2.09e-11      0.00 7.092e-01 2.755e-01 2.746e-03 7.408e-04 6.719e-03 -1.000 1.527e-02 1.570 -0.072 -0.854 -1.004 -1.074 -0.989 -1.023 -1.116 -1.541 -1.408 -1.278 -1.062 -0.979 -1.060 -1.352
0.0152 0.01508 4.00000 0.6499999762 2.3520355225    0.650  1.304  3.6069  2.327    0  0.000  0.545     0.00     0.00 -1 -2.18e-11      0.00 7.092e-01 2.755e-01 2.746e-03 7.408e-04 6.719e-03 -1.000 1.527e-02 1.511 -0.127 -0.904 -1.053 -1.122 -1.037 -1.070 -1.164 -1.588 -1.454 -1.324 -1.111 -1.028 -1.108 -1.399
0.0152 0.01508 4.00000 0.6732842326 2.3646428585    0.673  1.328  3.6084  2.324    0  0.000  0.545     0.00     0.00 -1 -2.27e-11      0.00 7.092e-01 2.755e-01 2.746e-03 7.408e-04 6.719e-03 -1.000 1.527e-02 1.451 -0.184 -0.955 -1.102 -1.171 -1.086 -1.119 -1.212 -1.636 -1.502 -1.372 -1.160 -1.077 -1.157 -1.447
0.0152 0.01508 4.00000 0.7000000477 2.3779268265    0.700  1.356  3.6101  2.320    0  0.000  0.545     0.00     0.00 -1 -2.39e-11      0.00 7.092e-01 2.755e-01 2.746e-03 7.408e-04 6.719e-03 -1.000 1.527e-02 1.380 -0.251 -1.017 -1.162 -1.231 -1.145 -1.178 -1.271 -1.694 -1.559 -1.429 -1.220 -1.136 -1.215 -1.505
0.0152 0.01508 4.00000 0.7350687385 2.3936898708    0.735  1.416  3.6144  2.298    0  0.000  0.540     0.00     0.00 -1 -2.75e-11      0.00 7.092e-01 2.755e-01 2.720e-03 7.402e-04 6.720e-03 -1.000 1.527e-02 1.230 -0.392 -1.142 -1.284 -1.352 -1.266 -1.298 -1.391 -1.813 -1.676 -1.545 -1.342 -1.257 -1.335 -1.624
0.0152 0.01508 4.00000 0.7500000000 2.3998889923    0.750  1.442  3.6160  2.287    0  0.000  0.538     0.00     0.00 -1 -2.93e-11      0.00 7.092e-01 2.755e-01 2.710e-03 7.399e-04 6.720e-03 -1.000 1.527e-02 1.164 -0.454 -1.198 -1.339 -1.406 -1.321 -1.352 -1.444 -1.866 -1.728 -1.597 -1.397 -1.311 -1.388 -1.677
0.0152 0.01508 4.00000 0.7792522311 2.4112458229    0.779  1.466  3.6175  2.286    0  0.000  0.538     0.00     0.00 -1 -3.03e-11      0.00 7.092e-01 2.755e-01 2.710e-03 7.399e-04 6.720e-03 -1.000 1.527e-02 1.105 -0.509 -1.248 -1.387 -1.455 -1.369 -1.400 -1.492 -1.913 -1.775 -1.644 -1.445 -1.359 -1.436 -1.724
0.0152 0.01508 4.00000 0.8000000119 2.4187245369    0.800  1.483  3.6186  2.285    0  0.000  0.538     0.00     0.00 -1 -3.11e-11      0.00 7.092e-01 2.755e-01 2.710e-03 7.399e-04 6.720e-03 -1.000 1.527e-02 1.064 -0.548 -1.284 -1.422 -1.489 -1.404 -1.434 -1.526 -1.947 -1.808 -1.677 -1.480 -1.394 -1.470 -1.758
0.0152 0.01508 4.00000 0.8500000238 2.4350347519    0.850  1.521  3.6209  2.281    0  0.000  0.538     0.00     0.00 -1 -3.32e-11      0.00 7.092e-01 2.755e-01 2.710e-03 7.399e-04 6.720e-03 -1.000 1.527e-02 0.966 -0.640 -1.368 -1.504 -1.571 -1.485 -1.515 -1.607 -2.027 -1.888 -1.757 -1.562 -1.476 -1.550 -1.838
0.0152 0.01508 4.00000 0.8528129458 2.4358873367    0.852  1.523  3.6210  2.281    0  0.000  0.538     0.00     0.00 -1 -3.33e-11      0.00 7.092e-01 2.755e-01 2.710e-03 7.399e-04 6.720e-03 -1.000 1.527e-02 0.961 -0.645 -1.372 -1.508 -1.575 -1.489 -1.520 -1.611 -2.031 -1.892 -1.761 -1.566 -1.480 -1.554 -1.842
0.0152 0.01508 4.00000 0.9000000358 2.4492788315    0.899  1.560  3.6228  2.275    0  0.000  0.538     0.00     0.00 -1 -3.55e-11      0.00 7.092e-01 2.755e-01 2.710e-03 7.399e-04 6.720e-03 -1.000 1.527e-02 0.871 -0.732 -1.453 -1.587 -1.653 -1.568 -1.598 -1.689 -2.109 -1.969 -1.837 -1.644 -1.559 -1.632 -1.920
0.0152 0.01508 4.00000 0.9500000477 2.4618122578    0.950  1.594  3.6247  2.272    0  0.000  0.538     0.00     0.00 -1 -3.75e-11      0.00 7.092e-01 2.755e-01 2.710e-03 7.399e-04 6.720e-03 -1.000 1.527e-02 0.785 -0.813 -1.527 -1.660 -1.726 -1.640 -1.670 -1.760 -2.180 -2.039 -1.908 -1.717 -1.631 -1.704 -1.991
0.0152 0.01508 4.00000 1.0000000000 2.4729156494    1.000  1.626  3.6264  2.269    0  0.000  0.538     0.00     0.00 -1 -3.95e-11      0.00 7.092e-01 2.755e-01 2.710e-03 7.399e-04 6.720e-03 -1.000 1.527e-02 0.704 -0.891 -1.598 -1.730 -1.795 -1.710 -1.739 -1.829 -2.248 -2.107 -1.976 -1.787 -1.701 -1.772 -2.059
0.0152 0.01508 4.00000 1.0019156933 2.4733157158    1.002  1.627  3.6265  2.269    0  0.000  0.538     0.00     0.00 -1 -3.95e-11      0.00 7.092e-01 2.755e-01 2.710e-03 7.399e-04 6.720e-03 -1.000 1.527e-02 0.701 -0.893 -1.601 -1.732 -1.798 -1.713 -1.742 -1.832 -2.251 -2.110 -1.978 -1.789 -1.703 -1.775 -2.062
0.0152 0.01508 4.00000 1.0499999523 2.4828116894    1.050  1.658  3.6279  2.265    0  0.000  0.538     0.00     0.00 -1 -3.87e-11      0.00 7.092e-01 2.755e-01 2.710e-03 7.399e-04 6.720e-03 -1.000 1.527e-02 0.625 -0.967 -1.669 -1.799 -1.864 -1.779 -1.808 -1.898 -2.317 -2.175 -2.044 -1.856 -1.770 -1.841 -2.128
0.0152 0.01508 4.00000 1.1000000238 2.4916803837    1.099  1.689  3.6294  2.260    0  0.000  0.538     0.00     0.00 -1 -3.76e-11      0.00 7.092e-01 2.755e-01 2.710e-03 7.399e-04 6.720e-03 -1.000 1.527e-02 0.549 -1.040 -1.737 -1.866 -1.931 -1.846 -1.874 -1.964 -2.382 -2.240 -2.109 -1.922 -1.836 -1.907 -2.193
0.0152 0.01508 4.00000 1.1475352049 2.4992928505    1.147  1.716  3.6306  2.256    0  0.000  0.538     0.00     0.00 -1 -3.63e-11      0.00 7.092e-01 2.755e-01 2.710e-03 7.399e-04 6.720e-03 -1.000 1.527e-02 0.480 -1.106 -1.798 -1.926 -1.991 -1.906 -1.934 -2.024 -2.442 -2.300 -2.168 -1.983 -1.897 -1.966 -2.253
0.0152 0.01508 4.00000 1.1499999762 2.4996678829    1.149  1.718  3.6307  2.256    0  0.000  0.538     0.00     0.00 -1 -3.63e-11      0.00 7.092e-01 2.755e-01 2.710e-03 7.399e-04 6.720e-03 -1.000 1.527e-02 0.476 -1.109 -1.801 -1.929 -1.994 -1.909 -1.937 -2.027 -2.445 -2.303 -2.171 -1.986 -1.900 -1.970 -2.256
0.0152 0.01508 4.00000 1.2000000477 2.5068950653    1.200  1.742  3.6321  2.255    0  0.000  0.538     0.00     0.00 -1 -3.42e-11      0.00 7.092e-01 2.755e-01 2.710e-03 7.399e-04 6.720e-03 -1.000 1.527e-02 0.415 -1.168 -1.855 -1.981 -2.046 -1.961 -1.989 -2.078 -2.496 -2.354 -2.222 -2.038 -1.952 -2.021 -2.307
0.0152 0.01508 4.00000 1.2056882381 2.5076735020    1.205  1.745  3.6322  2.255    0  0.000  0.538     0.00     0.00 -1 -3.39e-11      0.00 7.092e-01 2.755e-01 2.710e-03 7.399e-04 6.720e-03 -1.000 1.527e-02 0.408 -1.174 -1.860 -1.987 -2.051 -1.967 -1.995 -2.084 -2.501 -2.359 -2.227 -2.043 -1.958 -2.027 -2.313
0.0152 0.01508 4.00000 1.2500000000 2.5134611130    1.250  1.768  3.6332  2.251    0  0.000  0.538     0.00     0.00 -1 -3.22e-11      0.00 7.092e-01 2.755e-01 2.710e-03 7.399e-04 6.720e-03 -1.000 1.527e-02 0.349 -1.231 -1.913 -2.039 -2.104 -2.019 -2.047 -2.136 -2.553 -2.411 -2.279 -2.096 -2.010 -2.078 -2.364
0.0152 0.01508 4.00000 1.2999999523 2.5194499493    1.300  1.793  3.6343  2.248    0  0.000  0.538     0.00     0.00 -1 -2.98e-11      0.00 7.092e-01 2.755e-01 2.710e-03 7.399e-04 6.720e-03 -1.000 1.527e-02 0.286 -1.291 -1.970 -2.095 -2.159 -2.074 -2.102 -2.190 -2.608 -2.465 -2.333 -2.151 -2.065 -2.133 -2.419
0.0152 0.01508 4.00000 1.3010866642 2.5195741653    1.301  1.794  3.6344  2.248    0  0.000  0.538     0.00     0.00 -1 -2.98e-11      0.00 7.092e-01 2.755e-01 2.710e-03 7.399e-04 6.720e-03 -1.000 1.527e-02 0.285 -1.292 -1.970 -2.096 -2.160 -2.075 -2.103 -2.191 -2.609 -2.466 -2.334 -2.152 -2.066 -2.134 -2.420
0.0152 0.01508 4.00000 1.3500001431 2.5249314308    1.350  1.817  3.6354  2.245    0  0.000  0.538     0.00     0.00 -1 -2.72e-11      0.00 7.092e-01 2.755e-01 2.710e-03 7.399e-04 6.720e-03 -1.000 1.527e-02 0.227 -1.348 -2.023 -2.147 -2.211 -2.127 -2.154 -2.242 -2.659 -2.517 -2.385 -2.203 -2.118 -2.185 -2.471
0.0152 0.01508 4.00000 1.4000000954 2.5299651623    1.400  1.840  3.6364  2.241    0  0.000  0.538     0.00     0.00 -1 -2.42e-11      0.00 7.092e-01 2.755e-01 2.710e-03 7.399e-04 6.720e-03 -1.000 1.527e-02 0.169 -1.403 -2.074 -2.198 -2.262 -2.178 -2.205 -2.293 -2.710 -2.567 -2.435 -2.254 -2.168 -2.235 -2.521
0.0152 0.01508 4.00000 1.4116282463 2.5310771465    1.412  1.845  3.6366  2.241    0  0.000  0.538     0.00     0.00 -1 -2.33e-11      0.00 7.092e-01 2.755e-01 2.710e-03 7.399e-04 6.720e-03 -1.000 1.527e-02 0.157 -1.415 -2.085 -2.208 -2.272 -2.188 -2.215 -2.303 -2.720 -2.577 -2.445 -2.264 -2.179 -2.246 -2.531
0.0152 0.01508 4.00000 1.4500000477 2.5346016884    1.450  1.863  3.6373  2.238    0  0.000  0.538     0.00     0.00 -1 -2.09e-11      0.00 7.092e-01 2.755e-01 2.710e-03 7.399e-04 6.720e-03 -1.000 1.527e-02 0.114 -1.457 -2.125 -2.247 -2.311 -2.227 -2.254 -2.342 -2.758 -2.615 -2.483 -2.303 -2.218 -2.284 -2.570
0.0152 0.01508 4.00000 1.5000000000 2.5388846397    1.500  1.883  3.6382  2.236    0  0.000  0.538     0.00     0.00 -1 -1.73e-11      0.00 7.092e-01 2.755e-01 2.710e-03 7.399e-04 6.720e-03 -1.000 1.527e-02 0.062 -1.507 -2.171 -2.293 -2.357 -2.273 -2.299 -2.387 -2.804 -2.660 -2.528 -2.349 -2.264 -2.330 -2.615
0.0152 0.01508 4.00000 1.5357168913 2.5417485237    1.536  1.897  3.6389  2.235    0  0.000  0.538     0.00     0.00 -1 -1.44e-11      0.00 7.092e-01 2.755e-01 2.710e-03 7.399e-04 6.720e-03 -1.000 1.527e-02 0.027 -1.540 -2.202 -2.323 -2.387 -2.303 -2.329 -2.417 -2.834 -2.690 -2.558 -2.379 -2.294 -2.359 -2.645
0.0152 0.01508 4.00000 1.5500001907 2.5428512096    1.550  1.903  3.6391  2.234    0  0.000  0.538     0.00     0.00 -1 -1.34e-11      0.00 7.092e-01 2.755e-01 2.710e-03 7.399e-04 6.720e-03 -1.000 1.527e-02 0.012 -1.555 -2.216 -2.337 -2.400 -2.317 -2.343 -2.430 -2.847 -2.703 -2.571 -2.393 -2.307 -2.373 -2.658
0.0152 0.01508 4.00000 1.6000000238 2.5465342999    1.600  1.924  3.6399  2.229    0  0.000  0.538     0.00     0.00 -1 -9.28e-12      0.00 7.092e-01 2.755e-01 2.710e-03 7.399e-04 6.720e-03 -1.000 1.527e-02 -0.041 -1.606 -2.264 -2.385 -2.448 -2.364 -2.390 -2.478 -2.894 -2.750 -2.618 -2.440 -2.355 -2.420 -2.705
0.0152 0.01508 4.00000 1.6307330132 2.5486695766    1.630  1.936  3.6404  2.228    0  0.000  0.538     0.00     0.00 -1 -6.16e-12      0.00 7.092e-01 2.755e-01 2.710e-03 7.399e-04 6.720e-03 -1.000 1.527e-02 -0.070 -1.633 -2.290 -2.410 -2.473 -2.390 -2.416 -2.503 -2.919 -2.776 -2.644 -2.466 -2.380 -2.445 -2.730
0.0152 0.01508 4.00000 1.6500000954 2.5499615669    1.649  1.943  3.6407  2.227    0  0.000  0.538     0.00     0.00 -1 -4.79e-12      0.00 7.092e-01 2.755e-01 2.710e-03 7.399e-04 6.720e-03 -1.000 1.527e-02 -0.089 -1.652 -2.307 -2.427 -2.490 -2.407 -2.433 -2.520 -2.936 -2.792 -2.660 -2.483 -2.398 -2.462 -2.747
0.0152 0.01508 4.00000 1.7000000477 2.5531582832    1.699  1.961  3.6415  2.226    0  0.000  0.538     0.00     0.00 -1    -1e-30      0.00 7.092e-01 2.755e-01 2.710e-03 7.399e-04 6.720e-03 -1.000 1.527e-02 -0.131 -1.692 -2.345 -2.464 -2.527 -2.444 -2.470 -2.557 -2.973 -2.829 -2.697 -2.520 -2.435 -2.499 -2.784
0.0152 0.01508 4.00000 1.7004305124 2.5531847477    1.700  1.961  3.6415  2.226    0  0.000  0.538     0.00     0.00 -1    -1e-30      0.00 7.092e-01 2.755e-01 2.710e-03 7.399e-04 6.720e-03 -1.000 1.527e-02 -0.132 -1.693 -2.345 -2.465 -2.527 -2.444 -2.470 -2.557 -2.973 -2.829 -2.697 -2.520 -2.435 -2.499 -2.784
0.0152 0.01508 4.00000 1.7500000000 2.5561456680    1.749  1.980  3.6422  2.222    0  0.000  0.538     0.00     0.00 -1    -1e-30      0.00 7.092e-01 2.755e-01 2.710e-03 7.399e-04 6.720e-03 -1.000 1.527e-02 -0.179 -1.739 -2.388 -2.507 -2.570 -2.487 -2.513 -2.600 -3.016 -2.872 -2.740 -2.563 -2.478 -2.542 -2.827
0.0152 0.01508 4.00000 1.8000000715 2.5589430332    1.799  1.998  3.6428  2.219    0  0.000  0.538     0.00     0.00 -1    -1e-30      0.00 7.092e-01 2.755e-01 2.710e-03 7.399e-04 6.720e-03 -1.000 1.527e-02 -0.224 -1.782 -2.430 -2.548 -2.611 -2.528 -2.553 -2.640 -3.056 -2.912 -2.780 -2.604 -2.519 -2.583 -2.867
0.0152 0.01508 4.00000 1.8500000238 2.5615673065    1.849  2.015  3.6435  2.216    0  0.000  0.538     0.00     0.00 -1    -1e-30      0.00 7.092e-01 2.755e-01 2.710e-03 7.399e-04 6.720e-03 -1.000 1.527e-02 -0.267 -1.824 -2.469 -2.587 -2.650 -2.566 -2.592 -2.679 -3.095 -2.951 -2.818 -2.642 -2.557 -2.621 -2.906
0.0152 0.01508 4.00000 1.8924254179 2.5636692047    1.891  2.027  3.6441  2.216    0  0.000  0.538     0.00     0.00 -1    -1e-30      0.00 7.092e-01 2.755e-01 2.710e-03 7.399e-04 6.720e-03 -1.000 1.527e-02 -0.299 -1.854 -2.497 -2.614 -2.677 -2.594 -2.619 -2.706 -3.122 -2.977 -2.845 -2.669 -2.585 -2.648 -2.933
0.0152 0.01508 4.00000 1.9000000954 2.5640332699    1.899  2.031  3.6441  2.215    0  0.000  0.538     0.00     0.00 -1    -1e-30      0.00 7.092e-01 2.755e-01 2.710e-03 7.399e-04 6.720e-03 -1.000 1.527e-02 -0.306 -1.861 -2.504 -2.622 -2.684 -2.601 -2.626 -2.713 -3.129 -2.985 -2.853 -2.677 -2.592 -2.655 -2.940
0.0152 0.01508 4.00000 1.9500001669 2.5663545132    1.950  2.047  3.6448  2.212    0  0.000  0.538     0.00     0.00 -1    -1e-30      0.00 7.092e-01 2.755e-01 2.710e-03 7.399e-04 6.720e-03 -1.000 1.527e-02 -0.347 -1.901 -2.541 -2.658 -2.721 -2.638 -2.663 -2.749 -3.165 -3.021 -2.889 -2.713 -2.629 -2.692 -2.976
0.0152 0.01508 4.00000 2.0000000000 2.5685424805    2.000  2.062  3.6453  2.210    0  0.000  0.538     0.00     0.00 -1    -1e-30      0.00 7.092e-01 2.755e-01 2.710e-03 7.399e-04 6.720e-03 -1.000 1.527e-02 -0.386 -1.938 -2.576 -2.693 -2.755 -2.673 -2.698 -2.784 -3.200 -3.055 -2.923 -2.748 -2.663 -2.726 -3.011
0.0152 0.01508 4.00000 2.0499999523 2.5706083775    2.050  2.078  3.6459  2.207    0  0.000  0.538     0.00     0.00 -1    -1e-30      0.00 7.092e-01 2.755e-01 2.710e-03 7.399e-04 6.720e-03 -1.000 1.527e-02 -0.425 -1.976 -2.613 -2.729 -2.791 -2.708 -2.733 -2.820 -3.235 -3.091 -2.959 -2.784 -2.699 -2.762 -3.046
0.0152 0.01508 4.00000 2.0999999046 2.5725615025    2.099  2.093  3.6464  2.205    0  0.000  0.538     0.00     0.00 -1    -1e-30      0.00 7.092e-01 2.755e-01 2.710e-03 7.399e-04 6.720e-03 -1.000 1.527e-02 -0.462 -2.012 -2.646 -2.762 -2.824 -2.741 -2.766 -2.852 -3.268 -3.124 -2.992 -2.817 -2.732 -2.795 -3.079
0.0152 0.01508 4.00000 2.1062173843 2.5727970600    2.105  2.094  3.6465  2.205    0  0.000  0.538     0.00     0.00 -1    -1e-30      0.00 7.092e-01 2.755e-01 2.710e-03 7.399e-04 6.720e-03 -1.000 1.527e-02 -0.466 -2.016 -2.650 -2.766 -2.828 -2.745 -2.770 -2.856 -3.272 -3.127 -2.995 -2.820 -2.736 -2.798 -3.083
0.0152 0.01508 4.00000 2.1500000954 2.5744106770    2.149  2.108  3.6470  2.202    0  0.000  0.538     0.00     0.00 -1    -1e-30      0.00 7.092e-01 2.755e-01 2.710e-03 7.399e-04 6.720e-03 -1.000 1.527e-02 -0.499 -2.048 -2.680 -2.796 -2.858 -2.775 -2.800 -2.886 -3.302 -3.157 -3.025 -2.851 -2.766 -2.828 -3.113
0.0152 0.01508 4.00000 2.2000000477 2.5761635303    2.199  2.122  3.6475  2.200    0  0.000  0.538     0.00     0.00 -1    -1e-30      0.00 7.092e-01 2.755e-01 2.710e-03 7.399e-04 6.720e-03 -1.000 1.527e-02 -0.534 -2.081 -2.712 -2.827 -2.889 -2.806 -2.831 -2.917 -3.332 -3.188 -3.056 -2.882 -2.797 -2.859 -3.144
0.0152 0.01508 4.00000 2.2048404217 2.5763282776    2.203  2.123  3.6475  2.200    0  0.000  0.538     0.00     0.00 -1    -1e-30      0.00 7.092e-01 2.755e-01 2.710e-03 7.399e-04 6.720e-03 -1.000 1.527e-02 -0.537 -2.084 -2.715 -2.830 -2.892 -2.809 -2.834 -2.920 -3.335 -3.191 -3.058 -2.884 -2.800 -2.862 -3.146
0.0152 0.01508 4.00000 2.2500000000 2.5778269768    2.249  2.136  3.6480  2.198    0  0.000  0.538     0.00     0.00 -1    -1e-30      0.00 7.092e-01 2.755e-01 2.710e-03 7.399e-04 6.720e-03 -1.000 1.527e-02 -0.569 -2.115 -2.744 -2.859 -2.921 -2.838 -2.863 -2.949 -3.364 -3.220 -3.087 -2.914 -2.829 -2.891 -3.175
0.0152 0.01508 4.00000 2.2999999523 2.5794074535    2.299  2.149  3.6485  2.196    0  0.000  0.538     0.00     0.00 -1    -1e-30      0.00 7.092e-01 2.755e-01 2.710e-03 7.399e-04 6.720e-03 -1.000 1.527e-02 -0.603 -2.148 -2.775 -2.889 -2.951 -2.868 -2.893 -2.978 -3.394 -3.249 -3.117 -2.944 -2.859 -2.921 -3.205
0.0152 0.01508 4.00000 2.4000000954 2.5823426247    2.399  2.175  3.6494  2.192    0  0.000  0.538     0.00     0.00 -1    -1e-30      0.00 7.092e-01 2.755e-01 2.710e-03 7.399e-04 6.720e-03 -1.000 1.527e-02 -0.668 -2.211 -2.835 -2.948 -3.010 -2.928 -2.952 -3.037 -3.453 -3.308 -3.176 -3.003 -2.919 -2.980 -3.264
0.0152 0.01508 4.00000 2.4091508389 2.5825972557    2.408  2.177  3.6495  2.192    0  0.000  0.538     0.00     0.00 -1    -1e-30      0.00 7.092e-01 2.755e-01 2.710e-03 7.399e-04 6.720e-03 -1.000 1.527e-02 -0.673 -2.216 -2.840 -2.953 -3.015 -2.933 -2.957 -3.042 -3.458 -3.313 -3.181 -3.008 -2.924 -2.985 -3.269
0.0152 0.01508 4.00000 2.5380613804 2.5859608650    2.538  2.209  3.6505  2.187    0  0.000  0.538     0.00     0.00 -1    -1e-30      0.00 7.092e-01 2.755e-01 2.710e-03 7.399e-04 6.720e-03 -1.000 1.527e-02 -0.753 -2.293 -2.913 -3.026 -3.087 -3.005 -3.029 -3.114 -3.530 -3.385 -3.253 -3.080 -2.996 -3.057 -3.341
0.0152 0.01508 4.00000 2.5999999046 2.5874414444    2.600  2.225  3.6510  2.184    0  0.000  0.538     0.00     0.00 -1    -1e-30      0.00 7.092e-01 2.755e-01 2.710e-03 7.399e-04 6.720e-03 -1.000 1.527e-02 -0.793 -2.332 -2.950 -3.062 -3.124 -3.042 -3.066 -3.151 -3.566 -3.421 -3.289 -3.117 -3.033 -3.093 -3.377
0.0152 0.01508 4.00000 2.7098233700 2.5898761749    2.710  2.250  3.6519  2.181    0  0.000  0.538     0.00     0.00 -1    -1e-30      0.00 7.092e-01 2.755e-01 2.710e-03 7.399e-04 6.720e-03 -1.000 1.527e-02 -0.854 -2.391 -3.005 -3.117 -3.178 -3.097 -3.121 -3.205 -3.621 -3.476 -3.344 -3.172 -3.088 -3.148 -3.432
0.0152 0.01508 4.00000 2.8000001907 2.5917119980    2.800  2.270  3.6525  2.177    0  0.000  0.538     0.00     0.00 -1    -1e-30      0.00 7.092e-01 2.755e-01 2.710e-03 7.399e-04 6.720e-03 -1.000 1.527e-02 -0.906 -2.441 -3.053 -3.165 -3.226 -3.144 -3.168 -3.253 -3.668 -3.523 -3.391 -3.219 -3.135 -3.195 -3.479
0.0152 0.01508 4.00000 2.8816094398 2.5932598114    2.882  2.287  3.6531  2.175    0  0.000  0.538     0.00     0.00 -1    -1e-30      0.00 7.092e-01 2.755e-01 2.710e-03 7.399e-04 6.720e-03 -1.000 1.527e-02 -0.948 -2.482 -3.092 -3.204 -3.264 -3.183 -3.207 -3.291 -3.706 -3.561 -3.429 -3.258 -3.174 -3.233 -3.518
0.0152 0.01508 4.00000 3.0000000000 2.5953342915    3.000  2.313  3.6539  2.170    0  0.000  0.538     0.00     0.00 -1    -1e-30      0.00 7.092e-01 2.755e-01 2.710e-03 7.399e-04 6.720e-03 -1.000 1.527e-02 -1.012 -2.544 -3.151 -3.262 -3.323 -3.241 -3.265 -3.349 -3.765 -3.620 -3.487 -3.316 -3.233 -3.292 -3.576
0.0152 0.01508 4.00000 3.0619444847 2.5963463783    3.062  2.324  3.6543  2.169    0  0.000  0.538     0.00     0.00 -1    -1e-30      0.00 7.092e-01 2.755e-01 2.710e-03 7.399e-04 6.720e-03 -1.000 1.527e-02 -1.041 -2.572 -3.178 -3.289 -3.349 -3.268 -3.291 -3.376 -3.791 -3.646 -3.514 -3.342 -3.259 -3.318 -3.602
0.0152 0.01508 4.00000 3.2000000477 2.5984411240    3.199  2.352  3.6551  2.164    0  0.000  0.538     0.00     0.00 -1    -1e-30      0.00 7.092e-01 2.755e-01 2.710e-03 7.399e-04 6.720e-03 -1.000 1.527e-02 -1.109 -2.638 -3.241 -3.351 -3.411 -3.330 -3.354 -3.438 -3.853 -3.708 -3.576 -3.405 -3.321 -3.380 -3.664
0.0152 0.01508 4.00000 3.2693469524 2.5994167328    3.268  2.364  3.6555  2.162    0  0.000  0.538     0.00     0.00 -1    -1e-30      0.00 7.092e-01 2.755e-01 2.710e-03 7.399e-04 6.720e-03 -1.000 1.527e-02 -1.140 -2.668 -3.270 -3.379 -3.440 -3.359 -3.382 -3.466 -3.881 -3.736 -3.604 -3.433 -3.350 -3.408 -3.692
0.0152 0.01508 4.00000 3.4000000954 2.6011312008    3.398  2.389  3.6562  2.157    0  0.000  0.538     0.00     0.00 -1    -1e-30      0.00 7.092e-01 2.755e-01 2.710e-03 7.399e-04 6.720e-03 -1.000 1.527e-02 -1.202 -2.728 -3.327 -3.436 -3.496 -3.415 -3.438 -3.522 -3.938 -3.792 -3.660 -3.490 -3.406 -3.465 -3.749
0.0152 0.01508 4.00000 3.4169139862 2.6013422012    3.415  2.391  3.6563  2.157    0  0.000  0.538     0.00     0.00 -1    -1e-30      0.00 7.092e-01 2.755e-01 2.710e-03 7.399e-04 6.720e-03 -1.000 1.527e-02 -1.209 -2.735 -3.333 -3.442 -3.502 -3.421 -3.445 -3.528 -3.944 -3.798 -3.666 -3.496 -3.413 -3.471 -3.755
0.0152 0.01508 4.00000 3.6000001431 2.6034805775    3.598  2.423  3.6573  2.153    0  0.000  0.538     0.00     0.00 -1    -1e-30      0.00 7.092e-01 2.755e-01 2.710e-03 7.399e-04 6.720e-03 -1.000 1.527e-02 -1.286 -2.810 -3.405 -3.513 -3.573 -3.493 -3.516 -3.599 -4.014 -3.869 -3.737 -3.567 -3.484 -3.542 -3.826
0.0152 0.01508 4.00000 3.6019346714 2.6035017967    3.600  2.423  3.6573  2.153    0  0.000  0.538     0.00     0.00 -1    -1e-30      0.00 7.092e-01 2.755e-01 2.710e-03 7.399e-04 6.720e-03 -1.000 1.527e-02 -1.287 -2.811 -3.406 -3.514 -3.574 -3.493 -3.516 -3.600 -4.015 -3.870 -3.738 -3.567 -3.484 -3.542 -3.826
0.0152 0.01508 4.00000 3.7530760765 2.6050856113    3.751  2.448  3.6580  2.148    0  0.000  0.538     0.00     0.00 -1    -1e-30      0.00 7.092e-01 2.755e-01 2.710e-03 7.399e-04 6.720e-03 -1.000 1.527e-02 -1.350 -2.872 -3.464 -3.572 -3.632 -3.551 -3.574 -3.658 -4.073 -3.927 -3.795 -3.625 -3.542 -3.600 -3.884
0.0152 0.01508 4.00000 3.8000001907 2.6055479050    3.798  2.456  3.6582  2.147    0  0.000  0.538     0.00     0.00 -1    -1e-30      0.00 7.092e-01 2.755e-01 2.710e-03 7.399e-04 6.720e-03 -1.000 1.527e-02 -1.370 -2.891 -3.483 -3.591 -3.650 -3.570 -3.593 -3.676 -4.091 -3.946 -3.814 -3.644 -3.561 -3.618 -3.902
0.0152 0.01508 4.00000 3.9381976128 2.6068360806    3.938  2.478  3.6589  2.143    0  0.000  0.538     0.00     0.00 -1    -1e-30      0.00 7.092e-01 2.755e-01 2.710e-03 7.399e-04 6.720e-03 -1.000 1.527e-02 -1.424 -2.944 -3.533 -3.640 -3.700 -3.620 -3.642 -3.726 -4.141 -3.995 -3.863 -3.694 -3.611 -3.668 -3.952
0.0152 0.01508 4.00000 4.0000000000 2.6073791981    4.001  2.487  3.6591  2.141    0  0.000  0.538     0.00     0.00 -1    -1e-30      0.00 7.092e-01 2.755e-01 2.710e-03 7.399e-04 6.720e-03 -1.000 1.527e-02 -1.448 -2.967 -3.556 -3.663 -3.723 -3.642 -3.665 -3.748 -4.163 -4.018 -3.886 -3.716 -3.633 -3.691 -3.974
0.0152 0.01508 4.00000 4.0612764359 2.6078989506    4.061  2.496  3.6595  2.141    0  0.000  0.538     0.00     0.00 -1    -1e-30      0.00 7.092e-01 2.755e-01 2.710e-03 7.399e-04 6.720e-03 -1.000 1.527e-02 -1.470 -2.988 -3.575 -3.682 -3.742 -3.661 -3.684 -3.767 -4.182 -4.037 -3.905 -3.735 -3.653 -3.710 -3.993
0.0152 0.01508 4.00000 4.1999998093 2.6090114117    4.198  2.517  3.6600  2.136    0  0.000  0.538     0.00     0.00 -1    -1e-30      0.00 7.092e-01 2.755e-01 2.710e-03 7.399e-04 6.720e-03 -1.000 1.527e-02 -1.521 -3.038 -3.624 -3.730 -3.790 -3.709 -3.732 -3.815 -4.230 -4.085 -3.953 -3.783 -3.701 -3.757 -4.041
0.0152 0.01508 4.00000 4.2364273071 2.6092896461    4.234  2.521  3.6602  2.136    0  0.000  0.538     0.00     0.00 -1    -1e-30      0.00 7.092e-01 2.755e-01 2.710e-03 7.399e-04 6.720e-03 -1.000 1.527e-02 -1.534 -3.050 -3.635 -3.741 -3.801 -3.720 -3.743 -3.826 -4.241 -4.096 -3.964 -3.794 -3.712 -3.768 -4.052
0.0152 0.01508 4.00000 4.4000000954 2.6104743481    4.397  2.545  3.6608  2.132    0  0.000  0.538     0.00     0.00 -1    -1e-30      0.00 7.092e-01 2.755e-01 2.710e-03 7.399e-04 6.720e-03 -1.000 1.527e-02 -1.592 -3.106 -3.689 -3.795 -3.854 -3.774 -3.797 -3.880 -4.295 -4.149 -4.017 -3.848 -3.765 -3.822 -4.106
0.0152 0.01508 4.00000 4.5590300560 2.6115326881    4.556  2.566  3.6614  2.128    0  0.000  0.538     0.00     0.00 -1    -1e-30      0.00 7.092e-01 2.755e-01 2.710e-03 7.399e-04 6.720e-03 -1.000 1.527e-02 -1.645 -3.158 -3.738 -3.844 -3.903 -3.823 -3.845 -3.928 -4.343 -4.198 -4.066 -3.897 -3.814 -3.871 -4.155
0.0152 0.01508 4.00000 4.5999999046 2.6117916107    4.598  2.572  3.6615  2.127    0  0.000  0.538     0.00     0.00 -1    -1e-30      0.00 7.092e-01 2.755e-01 2.710e-03 7.399e-04 6.720e-03 -1.000 1.527e-02 -1.660 -3.172 -3.752 -3.858 -3.917 -3.837 -3.859 -3.942 -4.357 -4.212 -4.080 -3.911 -3.828 -3.885 -4.168
0.0152 0.01508 4.00000 4.7195820808 2.6125183105    4.717  2.587  3.6620  2.124    0  0.000  0.538     0.00     0.00 -1    -1e-30      0.00 7.092e-01 2.755e-01 2.710e-03 7.399e-04 6.720e-03 -1.000 1.527e-02 -1.699 -3.210 -3.789 -3.894 -3.953 -3.873 -3.895 -3.978 -4.393 -4.248 -4.116 -3.947 -3.864 -3.921 -4.204
0.0152 0.01508 4.00000 4.8000001907 2.6129837036    4.798  2.598  3.6622  2.122    0  0.000  0.538     0.00     0.00 -1    -1e-30      0.00 7.092e-01 2.755e-01 2.710e-03 7.399e-04 6.720e-03 -1.000 1.527e-02 -1.726 -3.237 -3.815 -3.920 -3.979 -3.899 -3.921 -4.004 -4.419 -4.273 -4.141 -3.972 -3.890 -3.946 -4.230
0.0152 0.01508 4.00000 4.8620572090 2.6133308411    4.860  2.605  3.6625  2.121    0  0.000  0.538     0.00     0.00 -1    -1e-30      0.00 7.092e-01 2.755e-01 2.710e-03 7.399e-04 6.720e-03 -1.000 1.527e-02 -1.743 -3.254 -3.831 -3.936 -3.994 -3.914 -3.937 -4.019 -4.434 -4.289 -4.157 -3.988 -3.906 -3.962 -4.246
0.0152 0.01508 4.00000 5.0000000000 2.6140668392    4.999  2.622  3.6629  2.118    0  0.000  0.538     0.00     0.00 -1    -1e-30      0.00 7.092e-01 2.755e-01 2.710e-03 7.399e-04 6.720e-03 -1.000 1.527e-02 -1.786 -3.295 -3.870 -3.975 -4.034 -3.954 -3.976 -4.059 -4.474 -4.328 -4.196 -4.027 -3.945 -4.001 -4.285
0.0152 0.01508 4.00000 5.0609560013 2.6143772602    5.060  2.629  3.6632  2.118    0  0.000  0.538     0.00     0.00 -1    -1e-30      0.00 7.092e-01 2.755e-01 2.710e-03 7.399e-04 6.720e-03 -1.000 1.527e-02 -1.803 -3.311 -3.886 -3.990 -4.049 -3.969 -3.991 -4.074 -4.489 -4.343 -4.211 -4.042 -3.960 -4.016 -4.300
0.0152 0.01508 4.00000 5.1999998093 2.6150546074    5.200  2.646  3.6636  2.114    0  0.000  0.538     0.00     0.00 -1    -1e-30      0.00 7.092e-01 2.755e-01 2.710e-03 7.399e-04 6.720e-03 -1.000 1.527e-02 -1.845 -3.352 -3.925 -4.030 -4.088 -4.009 -4.031 -4.113 -4.528 -4.383 -4.251 -4.082 -4.000 -4.055 -4.339
0.0152 0.01508 4.00000 5.2507147789 2.6152913570    5.251  2.651  3.6638  2.114    0  0.000  0.538     0.00     0.00 -1    -1e-30      0.00 7.092e-01 2.755e-01 2.710e-03 7.399e-04 6.720e-03 -1.000 1.527e-02 -1.859 -3.366 -3.938 -4.042 -4.101 -4.021 -4.043 -4.125 -4.540 -4.395 -4.263 -4.094 -4.012 -4.068 -4.351
0.0152 0.01508 4.00000 5.3999996185 2.6159586906    5.401  2.669  3.6641  2.110    0  0.000  0.538     0.00     0.00 -1    -1e-30      0.00 7.092e-01 2.755e-01 2.710e-03 7.399e-04 6.720e-03 -1.000 1.527e-02 -1.903 -3.409 -3.980 -4.084 -4.143 -4.063 -4.085 -4.167 -4.582 -4.437 -4.305 -4.136 -4.054 -4.110 -4.393
0.0152 0.01508 4.00000 5.4365782738 2.6161158085    5.437  2.673  3.6643  2.110    0  0.000  0.538     0.00     0.00 -1    -1e-30      0.00 7.092e-01 2.755e-01 2.710e-03 7.399e-04 6.720e-03 -1.000 1.527e-02 -1.912 -3.418 -3.989 -4.092 -4.151 -4.071 -4.093 -4.175 -4.590 -4.445 -4.313 -4.144 -4.062 -4.118 -4.402
0.0152 0.01508 4.00000 5.5999994278 2.6167888641    5.601  2.691  3.6648  2.106    0  0.000  0.538     0.00     0.00 -1    -1e-30      0.00 7.092e-01 2.755e-01 2.710e-03 7.399e-04 6.720e-03 -1.000 1.527e-02 -1.957 -3.462 -4.030 -4.134 -4.192 -4.113 -4.135 -4.217 -4.632 -4.486 -4.354 -4.186 -4.104 -4.159 -4.443
0.0152 0.01508 4.00000 5.7657604218 2.6174271107    5.767  2.709  3.6652  2.103    0  0.000  0.538     0.00     0.00 -1    -1e-30      0.00 7.092e-01 2.755e-01 2.710e-03 7.399e-04 6.720e-03 -1.000 1.527e-02 -2.001 -3.505 -4.072 -4.175 -4.233 -4.154 -4.176 -4.258 -4.673 -4.527 -4.395 -4.227 -4.145 -4.200 -4.484
0.0152 0.01508 4.00000 5.8000001907 2.6175537109    5.801  2.713  3.6653  2.102    0  0.000  0.538     0.00     0.00 -1    -1e-30      0.00 7.092e-01 2.755e-01 2.710e-03 7.399e-04 6.720e-03 -1.000 1.527e-02 -2.011 -3.514 -4.081 -4.184 -4.243 -4.163 -4.185 -4.267 -4.682 -4.537 -4.405 -4.236 -4.155 -4.210 -4.493
0.0152 0.01508 4.00000 5.9607248306 2.6181256771    5.961  2.728  3.6658  2.100    0  0.000  0.538     0.00     0.00 -1    -1e-30      0.00 7.092e-01 2.755e-01 2.710e-03 7.399e-04 6.720e-03 -1.000 1.527e-02 -2.050 -3.552 -4.117 -4.220 -4.278 -4.199 -4.220 -4.302 -4.717 -4.572 -4.440 -4.272 -4.190 -4.245 -4.528
0.0152 0.01508 4.00000 6.0000000000 2.6182601452    6.000  2.732  3.6659  2.099    0  0.000  0.538     0.00     0.00 -1    -1e-30      0.00 7.092e-01 2.755e-01 2.710e-03 7.399e-04 6.720e-03 -1.000 1.527e-02 -2.061 -3.562 -4.127 -4.230 -4.288 -4.209 -4.230 -4.312 -4.728 -4.582 -4.450 -4.282 -4.200 -4.255 -4.539
0.0152 0.01508 4.00000 6.1913256645 2.6188869476    6.191  2.752  3.6663  2.095    0  0.000  0.538     0.00     0.00 -1    -1e-30      0.00 7.092e-01 2.755e-01 2.710e-03 7.399e-04 6.720e-03 -1.000 1.527e-02 -2.110 -3.610 -4.174 -4.276 -4.334 -4.255 -4.276 -4.358 -4.773 -4.628 -4.496 -4.328 -4.246 -4.301 -4.585
0.0152 0.01508 4.00000 6.1999998093 2.6189143658    6.200  2.753  3.6664  2.095    0  0.000  0.538     0.00     0.00 -1    -1e-30      0.00 7.092e-01 2.755e-01 2.710e-03 7.399e-04 6.720e-03 -1.000 1.527e-02 -2.113 -3.613 -4.176 -4.278 -4.336 -4.257 -4.279 -4.361 -4.776 -4.630 -4.498 -4.330 -4.248 -4.303 -4.587
0.0152 0.01508 4.00000 6.3516473770 2.6193790436    6.351  2.768  3.6667  2.092    0  0.000  0.538     0.00     0.00 -1    -1e-30      0.00 7.092e-01 2.755e-01 2.710e-03 7.399e-04 6.720e-03 -1.000 1.527e-02 -2.149 -3.648 -4.210 -4.312 -4.370 -4.291 -4.312 -4.394 -4.809 -4.664 -4.532 -4.364 -4.282 -4.337 -4.620
0.0152 0.01508 4.00000 6.4000000954 2.6195218563    6.399  2.773  3.6668  2.091    0  0.000  0.538     0.00     0.00 -1    -1e-30      0.00 7.092e-01 2.755e-01 2.710e-03 7.399e-04 6.720e-03 -1.000 1.527e-02 -2.162 -3.661 -4.223 -4.325 -4.383 -4.303 -4.325 -4.407 -4.822 -4.676 -4.544 -4.376 -4.295 -4.349 -4.633
0.0152 0.01508 4.00000 6.5952382088 2.6200740337    6.593  2.791  3.6673  2.087    0  0.000  0.538     0.00     0.00 -1    -1e-30      0.00 7.092e-01 2.755e-01 2.710e-03 7.399e-04 6.720e-03 -1.000 1.527e-02 -2.208 -3.706 -4.266 -4.368 -4.426 -4.346 -4.368 -4.450 -4.865 -4.719 -4.587 -4.419 -4.338 -4.392 -4.676
0.0152 0.01508 4.00000 6.8770532608 2.6208081245    6.873  2.819  3.6679  2.080    0  0.000  0.538     0.00     0.00 -1    -1e-30      0.00 7.092e-01 2.755e-01 2.710e-03 7.399e-04 6.720e-03 -1.000 1.527e-02 -2.276 -3.773 -4.331 -4.432 -4.490 -4.410 -4.432 -4.514 -4.929 -4.783 -4.651 -4.483 -4.402 -4.456 -4.740
0.0152 0.01508 4.00000 7.0000000000 2.6211071014    6.996  2.831  3.6681  2.077    0  0.000  0.538     0.00     0.00 -1    -1e-30      0.00 7.092e-01 2.755e-01 2.710e-03 7.399e-04 6.720e-03 -1.000 1.527e-02 -2.307 -3.803 -4.360 -4.461 -4.519 -4.440 -4.461 -4.543 -4.958 -4.812 -4.680 -4.513 -4.431 -4.485 -4.769
0.0152 0.01508 4.00000 7.1450324059 2.6214447021    7.142  2.844  3.6685  2.074    0  0.000  0.538     0.00     0.00 -1    -1e-30      0.00 7.092e-01 2.755e-01 2.710e-03 7.399e-04 6.720e-03 -1.000 1.527e-02 -2.339 -3.834 -4.390 -4.491 -4.548 -4.469 -4.491 -4.572 -4.988 -4.842 -4.710 -4.542 -4.461 -4.515 -4.799
0.0152 0.01508 4.00000 7.4859294891 2.6221790314    7.484  2.876  3.6691  2.065    0  0.000  0.538     0.00     0.00 -1    -1e-30      0.00 7.092e-01 2.755e-01 2.710e-03 7.399e-04 6.720e-03 -1.000 1.527e-02 -2.419 -3.913 -4.466 -4.567 -4.624 -4.545 -4.567 -4.648 -5.063 -4.918 -4.786 -4.618 -4.537 -4.591 -4.875
0.0152 0.01508 4.00000 7.8589224815 2.6228992939    7.859  2.911  3.6697  2.053    0  0.000  0.538     0.00     0.00 -1    -1e-30      0.00 7.092e-01 2.755e-01 2.710e-03 7.399e-04 6.720e-03 -1.000 1.527e-02 -2.508 -3.999 -4.550 -4.651 -4.708 -4.629 -4.650 -4.732 -5.147 -5.001 -4.869 -4.702 -4.620 -4.674 -4.958
0.0152 0.01508 4.00000 8.0000000000 2.6231517792    8.001  2.924  3.6701  2.049    0  0.000  0.538     0.00     0.00 -1    -1e-30      0.00 7.092e-01 2.755e-01 2.710e-03 7.399e-04 6.720e-03 -1.000 1.527e-02 -2.540 -4.031 -4.581 -4.681 -4.738 -4.659 -4.680 -4.762 -5.177 -5.031 -4.900 -4.732 -4.650 -4.705 -4.988
0.0152 0.01508 4.00000 8.0580244064 2.6232526302    8.059  2.929  3.6702  2.048    0  0.000  0.538     0.00     0.00 -1    -1e-30      0.00 7.092e-01 2.755e-01 2.710e-03 7.399e-04 6.720e-03 -1.000 1.527e-02 -2.552 -4.043 -4.592 -4.692 -4.750 -4.670 -4.691 -4.773 -5.188 -5.043 -4.911 -4.744 -4.662 -4.716 -5.000
0.0152 0.01508 4.00000 8.5954942703 2.6241130829    8.592  2.980  3.6710  2.028    0  0.000  0.538     0.00     0.00 -1    -1e-30      0.00 7.092e-01 2.755e-01 2.710e-03 7.399e-04 6.720e-03 -1.000 1.527e-02 -2.681 -4.170 -4.716 -4.816 -4.873 -4.793 -4.814 -4.896 -5.312 -5.166 -5.034 -4.867 -4.785 -4.839 -5.123
0.0152 0.01508 4.00000 9.0000000000 2.6246831417    8.995  3.022  3.6717  2.009    0  0.000  0.538     0.00     0.00 -1    -1e-30      0.00 7.092e-01 2.755e-01 2.710e-03 7.399e-04 6.720e-03 -1.000 1.527e-02 -2.784 -4.271 -4.815 -4.914 -4.971 -4.891 -4.912 -4.995 -5.410 -5.264 -5.133 -4.965 -4.883 -4.937 -5.221
0.0152 0.01508 4.00000 9.5170288086 2.6253314018    9.513  3.073  3.6726  1.986    0  0.000  0.538     0.00     0.00 -1    -1e-30      0.00 7.092e-01 2.755e-01 2.710e-03 7.399e-04 6.720e-03 -1.000 1.527e-02 -2.912 -4.396 -4.932 -5.033 -5.089 -5.008 -5.031 -5.114 -5.492 -5.889 -6.172 -5.084 -4.999 -5.065 -5.320
0.0152 0.01508 4.00000 10.0000000000 2.6258678436    9.998  3.132  3.6732  1.951    0  0.000  0.538     0.00     0.00 -1    -1e-30      0.00 7.092e-01 2.755e-01 2.710e-03 7.399e-04 6.720e-03 -1.000 1.527e-02 -3.060 -4.541 -5.071 -5.173 -5.230 -5.147 -5.171 -5.255 -5.604 -6.439 -7.059 -5.224 -5.138 -5.213 -5.445
0.0152 0.01508 4.00000 10.3715019226 2.6262414455   10.371  3.172  3.6739  1.930    0  0.000  0.538     0.00     0.00 -1    -1e-30      0.00 7.092e-01 2.755e-01 2.710e-03 7.399e-04 6.720e-03 -1.000 1.527e-02 -3.160 -4.639 -5.165 -5.267 -5.324 -5.240 -5.265 -5.350 -5.688 -6.678 -7.418 -5.318 -5.231 -5.310 -5.533
0.0152 0.01508 4.00000 10.8502187729 2.6266801357   10.851  3.250  3.6747  1.874    0  0.000  0.538     0.00     0.00 -1    -1e-30      0.00 7.092e-01 2.755e-01 2.710e-03 7.399e-04 6.720e-03 -1.000 1.527e-02 -3.355 -4.833 -5.353 -5.456 -5.513 -5.427 -5.453 -5.539 -5.855 -7.178 -8.173 -5.507 -5.418 -5.505 -5.711
0.0152 0.01508 4.00000 11.0000000000 2.6268081665   11.001  3.277  3.6750  1.854    0  0.000  0.538     0.00     0.00 -1    -1e-30      0.00 7.092e-01 2.755e-01 2.710e-03 7.399e-04 6.720e-03 -1.000 1.527e-02 -3.423 -4.900 -5.418 -5.521 -5.578 -5.492 -5.518 -5.605 -5.915 -7.329 -8.393 -5.572 -5.483 -5.573 -5.773
0.0152 0.01508 4.00000 11.4307298660 2.6271555424   11.432  3.351  3.6759  1.800    0  0.000  0.538     0.00     0.00 -1    -1e-30      0.00 7.092e-01 2.755e-01 2.710e-03 7.399e-04 6.720e-03 -1.000 1.527e-02 -3.609 -5.084 -5.596 -5.700 -5.757 -5.670 -5.696 -5.785 -6.082 -7.682 -8.889 -5.751 -5.661 -5.755 -5.946
0.0152 0.01508 4.00000 11.7825145721 2.6274175644   11.783  3.436  3.6770  1.734    0  0.000  0.538     0.00     0.00 -1    -1e-30      0.00 7.092e-01 2.755e-01 2.710e-03 7.399e-04 6.720e-03 -1.000 1.527e-02 -3.819 -5.293 -5.799 -5.903 -5.960 -5.871 -5.898 -5.988 -6.275 -8.031 -9.359 -5.954 -5.862 -5.961 -6.143
0.0152 0.01508 4.00000 12.0000000000 2.6275708675   12.001  3.499  3.6781  1.683    0  0.000  0.538     0.00     0.00 -1    -1e-30      0.00 7.092e-01 2.755e-01 2.710e-03 7.399e-04 6.720e-03 -1.000 1.527e-02 -3.976 -5.449 -5.950 -6.054 -6.111 -6.021 -6.049 -6.139 -6.423 -8.224 -9.585 -6.105 -6.012 -6.113 -6.293
0.0152 0.01508 4.00000 12.0891723633 2.6276316643   12.089  3.526  3.6785  1.661    0  0.000  0.538     0.00     0.00 -1    -1e-30      0.00 7.092e-01 2.755e-01 2.711e-03 7.400e-04 6.720e-03 -1.000 1.527e-02 -4.044 -5.515 -6.015 -6.118 -6.175 -6.086 -6.113 -6.204 -6.488 -8.291 -9.654 -6.170 -6.076 -6.178 -6.358
0.0152 0.01508 4.00000 12.3118209839 2.6277797222   12.311  3.594  3.6803  1.608    0  0.000  0.539     0.00     0.00 -1    -1e-30      0.00 7.092e-01 2.755e-01 2.716e-03 7.401e-04 6.720e-03 -1.000 1.527e-02 -4.214 -5.682 -6.175 -6.277 -6.335 -6.245 -6.272 -6.363 -6.656 -8.331 -9.595 -6.329 -6.236 -6.335 -6.522
0.0152 0.01508 4.00000 12.5341644287 2.6279213428   12.532  3.657  3.6830  1.563    0  0.000  0.540     0.00     0.00 -1    -1e-30      0.00 7.092e-01 2.755e-01 2.720e-03 7.402e-04 6.720e-03 -1.000 1.527e-02 -4.372 -5.834 -6.322 -6.421 -6.478 -6.389 -6.415 -6.505 -6.830 -8.044 -8.954 -6.472 -6.380 -6.470 -6.682
0.0152 0.01508 4.00000 12.7605428696 2.6280596256   12.758  3.715  3.6885  1.534    0  0.000  0.541     0.00     0.00 -1    -1e-30      0.00 7.092e-01 2.755e-01 2.724e-03 7.403e-04 6.720e-03 -1.000 1.527e-02 -4.519 -5.968 -6.447 -6.539 -6.595 -6.510 -6.531 -6.619 -7.038 -6.896 -6.767 -6.589 -6.501 -6.563 -6.849
0.0152 0.01508 4.00000 12.9595746994 2.6281766891   12.956  3.761  3.6959  1.525    0  0.000  0.541     0.00     0.00 -1    -1e-30      0.00 7.092e-01 2.755e-01 2.728e-03 7.404e-04 6.719e-03 -1.000 1.527e-02 -4.632 -6.057 -6.514 -6.600 -6.653 -6.574 -6.595 -6.677 -7.095 -6.953 -6.825 -6.648 -6.566 -6.620 -6.906
0.0152 0.01508 4.00000 13.1338920593 2.6282758713   13.129  3.794  3.7044  1.531    0  0.000  0.542     0.00     0.00 -1    -1e-30      0.00 7.092e-01 2.755e-01 2.731e-03 7.405e-04 6.719e-03 -1.000 1.527e-02 -4.716 -6.111 -6.543 -6.624 -6.674 -6.603 -6.623 -6.696 -7.114 -6.973 -6.845 -6.669 -6.596 -6.639 -6.925
0.0152 0.01508 4.00000 13.3372678757 2.6283879280   13.331  3.827  3.7156  1.551    0  0.000  0.543     0.00     0.00 -1    -1e-30      0.00 7.092e-01 2.755e-01 2.734e-03 7.406e-04 6.719e-03 -1.000 1.527e-02 -4.797 -6.150 -6.551 -6.625 -6.670 -6.612 -6.631 -6.692 -7.109 -6.968 -6.841 -6.667 -6.606 -6.634 -6.920
0.0152 0.01508 4.00000 13.5729274750 2.6285128593   13.566  3.857  3.7291  1.582    0  0.000  0.543     0.00     0.00 -1    -1e-30      0.00 7.092e-01 2.755e-01 2.738e-03 7.407e-04 6.719e-03 -1.000 1.527e-02 -4.871 -6.172 -6.534 -6.602 -6.643 -6.601 -6.618 -6.663 -7.080 -6.940 -6.814 -6.640 -6.597 -6.605 -6.891
0.0152 0.01508 4.00000 13.8132534027 2.6286351681   13.805  3.880  3.7424  1.620    0  0.000  0.544     0.00     0.00 -1    -1e-30      0.00 7.092e-01 2.755e-01 2.743e-03 7.408e-04 6.719e-03 -1.000 1.527e-02 -4.929 -6.173 -6.499 -6.562 -6.599 -6.571 -6.587 -6.619 -7.037 -6.892 -6.767 -6.596 -6.568 -6.573 -6.849
0.0152 0.01508 4.00000 14.0000000000 2.6287269592   13.992  3.895  3.7521  1.649    0  0.000  0.545     0.00     0.00 -1    -1e-30      0.00 7.092e-01 2.755e-01 2.746e-03 7.408e-04 6.719e-03 -1.000 1.527e-02 -4.967 -6.167 -6.469 -6.526 -6.561 -6.541 -6.555 -6.580 -7.009 -6.839 -6.724 -6.558 -6.540 -6.596 -6.821
0.0152 0.01508 4.00000 14.2636489868 2.6288518906   14.257  3.922  3.7669  1.690    0  0.000  0.545     0.00     0.00 -1    -1e-30      0.00 7.092e-01 2.755e-01 2.746e-03 7.408e-04 6.719e-03 -1.000 1.527e-02 -5.034 -6.164 -6.430 -6.482 -6.514 -6.505 -6.516 -6.532 -6.978 -6.770 -6.669 -6.512 -6.505 -6.644 -6.792
0.0152 0.01508 4.00000 14.4831867218 2.6289517879   14.478  3.944  3.7793  1.724    0  0.000  0.545     0.00     0.00 -1    -1e-30      0.00 7.092e-01 2.755e-01 2.746e-03 7.408e-04 6.719e-03 -1.000 1.527e-02 -5.090 -6.153 -6.387 -6.435 -6.464 -6.463 -6.471 -6.481 -6.941 -6.700 -6.611 -6.462 -6.462 -6.674 -6.756
0.0152 0.01508 4.00000 14.7585182190 2.6290724277   14.754  3.972  3.7948  1.767    0  0.000  0.545     0.00     0.00 -1    -1e-30      0.00 7.092e-01 2.755e-01 2.746e-03 7.408e-04 6.719e-03 -1.000 1.527e-02 -5.159 -6.137 -6.337 -6.380 -6.407 -6.412 -6.417 -6.424 -6.901 -6.619 -6.545 -6.405 -6.412 -6.717 -6.717
0.0152 0.01508 4.00000 15.0909099579 2.6292114258   15.088  4.004  3.8132  1.817    0  0.000  0.545     0.00     0.00 -1    -1e-30      0.00 7.092e-01 2.755e-01 2.746e-03 7.408e-04 6.719e-03 -1.000 1.527e-02 -5.240 -6.119 -6.280 -6.318 -6.343 -6.352 -6.356 -6.360 -6.857 -6.528 -6.471 -6.342 -6.352 -6.770 -6.675
0.0152 0.01508 4.00000 15.3896846771 2.6293301582   15.389  4.034  3.8295  1.861    0  0.000  0.545     0.00     0.00 -1    -1e-30      0.00 7.092e-01 2.755e-01 2.746e-03 7.408e-04 6.719e-03 -1.000 1.527e-02 -5.315 -6.103 -6.232 -6.266 -6.291 -6.301 -6.305 -6.308 -6.805 -6.473 -6.415 -6.289 -6.301 -6.718 -6.622
0.0152 0.01508 4.00000 15.6964502335 2.6294469833   15.697  4.065  3.8462  1.905    0  0.000  0.545     0.00     0.00 -1    -1e-30      0.00 7.092e-01 2.755e-01 2.746e-03 7.408e-04 6.719e-03 -1.000 1.527e-02 -5.393 -6.084 -6.183 -6.214 -6.239 -6.249 -6.253 -6.256 -6.752 -6.419 -6.360 -6.237 -6.249 -6.666 -6.570
0.0152 0.01508 4.00000 16.0000000000 2.6295573711   16.002  4.097  3.8627  1.947    0  0.000  0.545     0.00     0.00 -1    -1e-30      0.00 7.092e-01 2.755e-01 2.746e-03 7.408e-04 6.719e-03 -1.000 1.527e-02 -5.474 -6.066 -6.139 -6.166 -6.190 -6.200 -6.203 -6.207 -6.702 -6.368 -6.308 -6.189 -6.200 -6.617 -6.520
0.0152 0.01508 4.00000 16.2110805511 2.6296315193   16.211  4.118  3.8734  1.975    0  0.000  0.545     0.00     0.00 -1    -1e-30      0.00 7.092e-01 2.755e-01 2.746e-03 7.408e-04 6.719e-03 -1.000 1.527e-02 -5.526 -6.054 -6.112 -6.137 -6.159 -6.169 -6.172 -6.175 -6.669 -6.335 -6.274 -6.158 -6.169 -6.586 -6.487
0.0152 0.01508 4.00000 16.5953025818 2.6297605038   16.593  4.158  3.8928  2.023    0  0.000  0.545     0.00     0.00 -1    -1e-30      0.00 7.092e-01 2.755e-01 2.746e-03 7.408e-04 6.719e-03 -1.000 1.527e-02 -5.625 -6.037 -6.069 -6.090 -6.108 -6.118 -6.120 -6.122 -6.615 -6.279 -6.218 -6.108 -6.118 -6.532 -6.433
0.0152 0.01508 4.00000 16.9286746979 2.6298673153   16.924  4.192  3.9095  2.065    0  0.000  0.545     0.00     0.00 -1    -1e-30      0.00 7.092e-01 2.755e-01 2.746e-03 7.408e-04 6.719e-03 -1.000 1.527e-02 -5.710 -6.019 -6.035 -6.051 -6.067 -6.075 -6.077 -6.078 -6.570 -6.233 -6.171 -6.066 -6.075 -6.488 -6.388
0.0152 0.01508 4.00000 17.2653808594 2.6299700737   17.258  4.226  3.9263  2.106    0  0.000  0.545     0.00     0.00 -1    -1e-30      0.00 7.092e-01 2.755e-01 2.746e-03 7.408e-04 6.719e-03 -1.000 1.527e-02 -5.794 -5.999 -6.003 -6.013 -6.025 -6.033 -6.034 -6.035 -6.526 -6.187 -6.125 -6.026 -6.033 -6.445 -6.343
0.0152 0.01508 4.00000 17.6624298096 2.6300857067   17.652  4.264  3.9457  2.156    0  0.000  0.545     0.00     0.00 -1    -1e-30      0.00 7.092e-01 2.755e-01 2.746e-03 7.408e-04 6.719e-03 -1.000 1.527e-02 -5.890 -5.973 -5.965 -5.969 -5.976 -5.983 -5.982 -5.983 -6.472 -6.132 -6.069 -5.977 -5.982 -6.392 -6.290
0.0152 0.01508 4.00000 18.0000000000 2.6301794052   17.990  4.296  3.9621  2.197    0  0.000  0.545     0.00     0.00 -1    -1e-30      0.00 7.092e-01 2.755e-01 2.746e-03 7.408e-04 6.719e-03 -1.000 1.527e-02 -5.970 -5.949 -5.933 -5.932 -5.935 -5.939 -5.938 -5.937 -6.424 -6.083 -6.019 -5.935 -5.939 -6.346 -6.242
0.0152 0.01508 4.00000 18.2360324860 2.6302425861   18.226  4.317  3.9728  2.225    0  0.000  0.545     0.00     0.00 -1    -1e-30      0.00 7.092e-01 2.755e-01 2.746e-03 7.408e-04 6.719e-03 -1.000 1.527e-02 -6.023 -5.933 -5.913 -5.909 -5.908 -5.912 -5.909 -5.908 -6.393 -6.051 -5.987 -5.909 -5.911 -6.316 -6.211
0.0152 0.01508 4.00000 18.6053619385 2.6303374767   18.596  4.350  3.9893  2.266    0  0.000  0.545     0.00     0.00 -1    -1e-30      0.00 7.092e-01 2.755e-01 2.746e-03 7.408e-04 6.719e-03 -1.000 1.527e-02 -6.106 -5.910 -5.883 -5.874 -5.869 -5.871 -5.867 -5.865 -6.347 -6.003 -5.938 -5.870 -5.870 -6.272 -6.165
0.0152 0.01508 4.00000 18.9792537689 2.6304295063   18.971  4.384  4.0058  2.307    0  0.000  0.545     0.00     0.00 -1    -1e-30      0.00 7.092e-01 2.755e-01 2.746e-03 7.408e-04 6.719e-03 -1.000 1.527e-02 -6.190 -5.887 -5.854 -5.842 -5.832 -5.833 -5.829 -5.825 -6.304 -5.958 -5.892 -5.834 -5.832 -6.231 -6.122
0.0152 0.01508 4.00000 19.3575668335 2.6305184364   19.351  4.418  4.0222  2.347    0  0.000  0.545     0.00     0.00 -1    -1e-30      0.00 7.092e-01 2.755e-01 2.746e-03 7.408e-04 6.719e-03 -1.000 1.527e-02 -6.276 -5.867 -5.828 -5.812 -5.799 -5.798 -5.793 -5.787 -6.264 -5.916 -5.849 -5.801 -5.797 -6.193 -6.082
0.0152 0.01508 4.00000 19.8042163849 2.6306183338   19.799  4.460  4.0414  2.392    0  0.000  0.545     0.00     0.00 -1    -1e-30      0.00 7.092e-01 2.755e-01 2.746e-03 7.408e-04 6.719e-03 -1.000 1.527e-02 -6.380 -5.845 -5.800 -5.781 -5.764 -5.761 -5.755 -5.749 -6.223 -5.872 -5.804 -5.766 -5.760 -6.153 -6.041
0.0152 0.01508 4.00000 20.0000000000 2.6306605339   19.996  4.479  4.0497  2.411    0  0.000  0.545     0.00     0.00 -1    -1e-30      0.00 7.092e-01 2.755e-01 2.746e-03 7.408e-04 6.719e-03 -1.000 1.527e-02 -6.427 -5.837 -5.789 -5.769 -5.750 -5.747 -5.740 -5.734 -6.206 -5.855 -5.786 -5.752 -5.746 -6.137 -6.024
0.0152 0.01508 4.00000 20.1627502441 2.6306948662   20.159  4.494  4.0560  2.424    0  0.000  0.545     0.00     0.00 -1    -1e-30      0.00 7.092e-01 2.755e-01 2.746e-03 7.408e-04 6.719e-03 -1.000 1.527e-02 -6.465 -5.833 -5.783 -5.762 -5.741 -5.738 -5.731 -5.724 -6.196 -5.843 -5.775 -5.744 -5.737 -6.128 -6.014
0.0152 0.01508 4.00000 20.4841022491 2.6307609081   20.481  4.525  4.0683  2.450    0  0.000  0.545     0.00     0.00 -1    -1e-30      0.00 7.092e-01 2.755e-01 2.746e-03 7.408e-04 6.719e-03 -1.000 1.527e-02 -6.542 -5.826 -5.773 -5.750 -5.727 -5.723 -5.715 -5.708 -6.178 -5.824 -5.755 -5.730 -5.722 -6.111 -5.996
0.0152 0.01508 4.00000 20.7587928772 2.6308152676   20.756  4.551  4.0788  2.471    0  0.000  0.545     0.00     0.00 -1    -1e-30      0.00 7.092e-01 2.755e-01 2.746e-03 7.408e-04 6.719e-03 -1.000 1.527e-02 -6.609 -5.822 -5.765 -5.740 -5.715 -5.710 -5.702 -5.694 -6.163 -5.809 -5.739 -5.718 -5.709 -6.097 -5.981
0.0152 0.01508 4.00000 20.9872207642 2.6308593750   20.985  4.574  4.0876  2.488    0  0.000  0.545     0.00     0.00 -1    -1e-30      0.00 7.092e-01 2.755e-01 2.746e-03 7.408e-04 6.719e-03 -1.000 1.527e-02 -6.665 -5.818 -5.759 -5.733 -5.707 -5.701 -5.693 -5.684 -6.152 -5.797 -5.727 -5.709 -5.700 -6.086 -5.970
0.0152 0.01508 4.00000 21.2608623505 2.6309108734   21.259  4.601  4.0981  2.509    0  0.000  0.545     0.00     0.00 -1    -1e-30      0.00 7.092e-01 2.755e-01 2.746e-03 7.408e-04 6.719e-03 -1.000 1.527e-02 -6.734 -5.814 -5.752 -5.724 -5.696 -5.690 -5.681 -5.672 -6.138 -5.783 -5.713 -5.699 -5.688 -6.074 -5.956
0.0152 0.01508 4.00000 21.4886169434 2.6309525967   21.487  4.624  4.1069  2.526    0  0.000  0.545     0.00     0.00 -1    -1e-30      0.00 7.092e-01 2.755e-01 2.746e-03 7.408e-04 6.719e-03 -1.000 1.527e-02 -6.791 -5.809 -5.745 -5.716 -5.686 -5.680 -5.671 -5.661 -6.126 -5.770 -5.700 -5.690 -5.678 -6.062 -5.945
0.0152 0.01508 4.00000 21.7617683411 2.6310012341   21.760  4.651  4.1174  2.546    0  0.000  0.545     0.00     0.00 -1    -1e-30      0.00 7.092e-01 2.755e-01 2.746e-03 7.408e-04 6.719e-03 -1.000 1.527e-02 -6.858 -5.803 -5.737 -5.705 -5.674 -5.666 -5.657 -5.646 -6.111 -5.754 -5.684 -5.677 -5.665 -6.048 -5.929
0.0152 0.01508 4.00000 22.0350322723 2.6310484409   22.034  4.678  4.1280  2.567    0  0.000  0.545     0.00     0.00 -1    -1e-30      0.00 7.092e-01 2.755e-01 2.746e-03 7.408e-04 6.719e-03 -1.000 1.527e-02 -6.924 -5.795 -5.726 -5.693 -5.660 -5.652 -5.641 -5.630 -6.094 -5.737 -5.666 -5.663 -5.650 -6.032 -5.912
0.0152 0.01508 4.00000 22.3087902069 2.6310944557   22.308  4.703  4.1385  2.589    0  0.000  0.545     0.00     0.00 -1    -1e-30      0.00 7.092e-01 2.755e-01 2.746e-03 7.408e-04 6.719e-03 -1.000 1.527e-02 -6.989 -5.786 -5.714 -5.679 -5.644 -5.635 -5.624 -5.613 -6.075 -5.718 -5.646 -5.648 -5.633 -6.014 -5.893
0.0152 0.01508 4.00000 22.5375766754 2.6311318874   22.537  4.724  4.1472  2.607    0  0.000  0.545     0.00     0.00 -1    -1e-30      0.00 7.092e-01 2.755e-01 2.746e-03 7.408e-04 6.719e-03 -1.000 1.527e-02 -7.041 -5.777 -5.702 -5.666 -5.629 -5.620 -5.609 -5.597 -6.058 -5.700 -5.629 -5.633 -5.618 -5.997 -5.876
0.0152 0.01508 4.00000 22.8132781982 2.6311759949   22.813  4.748  4.1576  2.630    0  0.000  0.545     0.00     0.00 -1 -2.55e-28      0.00 7.092e-01 2.755e-01 2.746e-03 7.408e-04 6.719e-03 -1.000 1.527e-02 -7.101 -5.763 -5.686 -5.649 -5.610 -5.600 -5.588 -5.575 -6.036 -5.678 -5.607 -5.614 -5.598 -5.976 -5.854
0.0152 0.01508 4.00000 23.0442638397 2.6312117577   23.044  4.768  4.1663  2.650    0  0.000  0.545     0.00     0.00 -1 -6.03e-23      0.00 7.092e-01 2.755e-01 2.746e-03 7.408e-04 6.719e-03 -1.000 1.527e-02 -7.150 -5.751 -5.672 -5.633 -5.592 -5.582 -5.570 -5.556 -6.016 -5.657 -5.587 -5.597 -5.580 -5.956 -5.834
0.0152 0.01508 4.00000 23.2765865326 2.6312470436   23.277  4.787  4.1749  2.670    0  0.000  0.545     0.00     0.00 -1 -1.48e-19      0.00 7.092e-01 2.755e-01 2.746e-03 7.408e-04 6.719e-03 -1.000 1.527e-02 -7.197 -5.738 -5.656 -5.616 -5.574 -5.563 -5.550 -5.536 -5.995 -5.636 -5.566 -5.578 -5.561 -5.936 -5.813
0.0152 0.01508 4.00000 23.5575370789 2.6312887669   23.559  4.809  4.1851  2.694    0  0.000  0.545     0.00     0.00 -1 -3.13e-18      0.00 7.092e-01 2.755e-01 2.746e-03 7.408e-04 6.719e-03 -1.000 1.527e-02 -7.252 -5.720 -5.636 -5.594 -5.550 -5.538 -5.525 -5.511 -5.969 -5.610 -5.542 -5.555 -5.536 -5.910 -5.787
0.0152 0.01508 4.00000 23.7938003540 2.6313228607   23.795  4.826  4.1936  2.715    0  0.000  0.545     0.00     0.00 -1 -8.13e-17      0.00 7.092e-01 2.755e-01 2.746e-03 7.408e-04 6.719e-03 -1.000 1.527e-02 -7.296 -5.705 -5.619 -5.575 -5.530 -5.517 -5.503 -5.489 -5.945 -5.587 -5.521 -5.534 -5.515 -5.888 -5.764
0.0152 0.01508 4.00000 24.0000000000 2.6313521862   24.001  4.841  4.2010  2.733    0  0.000  0.545     0.00     0.00 -1 -3.02e-17      0.00 7.092e-01 2.755e-01 2.746e-03 7.408e-04 6.719e-03 -1.000 1.527e-02 -7.334 -5.691 -5.603 -5.558 -5.511 -5.498 -5.484 -5.469 -5.925 -5.567 -5.502 -5.516 -5.496 -5.867 -5.743
0.0152 0.01508 4.00000 24.3239059448 2.6313967705   24.324  4.864  4.2113  2.757    0  0.000  0.545     0.00     0.00 -1 -3.24e-17      0.00 7.092e-01 2.755e-01 2.746e-03 7.408e-04 6.719e-03 -1.000 1.527e-02 -7.390 -5.675 -5.584 -5.538 -5.489 -5.475 -5.460 -5.444 -5.899 -5.542 -5.479 -5.494 -5.473 -5.843 -5.717
0.0152 0.01508 4.00000 24.7623615265 2.6314551830   24.760  4.894  4.2251  2.791    0  0.000  0.545     0.00     0.00 -1 -3.52e-17      0.00 7.092e-01 2.755e-01 2.746e-03 7.408e-04 6.719e-03 -1.000 1.527e-02 -7.464 -5.652 -5.558 -5.509 -5.458 -5.443 -5.427 -5.411 -5.864 -5.507 -5.447 -5.463 -5.441 -5.808 -5.682
0.0152 0.01508 4.00000 25.3034038544 2.6315238476   25.298  4.929  4.2419  2.832    0  0.000  0.545     0.00     0.00 -1 -3.91e-17      0.00 7.092e-01 2.755e-01 2.746e-03 7.408e-04 6.719e-03 -1.000 1.527e-02 -7.552 -5.624 -5.526 -5.474 -5.419 -5.403 -5.386 -5.368 -5.820 -5.464 -5.406 -5.424 -5.400 -5.765 -5.638
0.0152 0.01508 4.00000 25.7674465179 2.6315803528   25.760  4.958  4.2559  2.867    0  0.000  0.545     0.00     0.00 -1 -4.23e-17      0.00 7.092e-01 2.755e-01 2.746e-03 7.408e-04 6.719e-03 -1.000 1.527e-02 -7.625 -5.599 -5.498 -5.444 -5.385 -5.368 -5.350 -5.332 -5.781 -5.425 -5.368 -5.391 -5.366 -5.728 -5.599
0.0152 0.01508 4.00000 26.3410739899 2.6316468716   26.331  4.993  4.2730  2.910    0  0.000  0.545     0.00     0.00 -1 -4.67e-17      0.00 7.092e-01 2.755e-01 2.746e-03 7.408e-04 6.719e-03 -1.000 1.527e-02 -7.711 -5.569 -5.463 -5.406 -5.343 -5.324 -5.306 -5.286 -5.732 -5.377 -5.319 -5.350 -5.322 -5.681 -5.550
0.0152 0.01508 4.00000 26.8338279724 2.6317014694   26.820  5.021  4.2873  2.947    0  0.000  0.545     0.00     0.00 -1 -1.39e-17      0.00 7.092e-01 2.755e-01 2.746e-03 7.408e-04 6.719e-03 -1.000 1.527e-02 -7.782 -5.541 -5.431 -5.372 -5.306 -5.286 -5.266 -5.245 -5.689 -5.333 -5.274 -5.313 -5.283 -5.639 -5.507
0.0152 0.01508 4.00000 27.4437141418 2.6317658424   27.427  5.055  4.3045  2.992    0  0.000  0.545     0.00     0.00 -1 -1.26e-17      0.00 7.092e-01 2.755e-01 2.746e-03 7.408e-04 6.719e-03 -1.000 1.527e-02 -7.866 -5.510 -5.396 -5.333 -5.263 -5.241 -5.220 -5.196 -5.637 -5.280 -5.220 -5.270 -5.238 -5.590 -5.455
0.0152 0.01508 4.00000 28.0000000000 2.6318216324   27.983  5.084  4.3199  3.033    0  0.000  0.545     0.00     0.00 -1 -1.18e-17      0.00 7.092e-01 2.755e-01 2.746e-03 7.408e-04 6.719e-03 -1.000 1.527e-02 -7.939 -5.483 -5.365 -5.299 -5.225 -5.201 -5.179 -5.154 -5.591 -5.234 -5.172 -5.232 -5.198 -5.546 -5.410
0.0152 0.01508 4.00000 28.0750141144 2.6318290234   28.058  5.087  4.3219  3.038    0  0.000  0.545     0.00     0.00 -1 -1.71e-17      0.00 7.092e-01 2.755e-01 2.746e-03 7.408e-04 6.719e-03 -1.000 1.527e-02 -7.949 -5.479 -5.361 -5.295 -5.220 -5.196 -5.173 -5.148 -5.585 -5.228 -5.165 -5.227 -5.193 -5.540 -5.403
0.0152 0.01508 4.00000 28.6191997528 2.6318809986   28.601  5.113  4.3363  3.079    0  0.000  0.545     0.00     0.00 -1 -2.28e-13      0.00 7.092e-01 2.755e-01 2.746e-03 7.408e-04 6.719e-03 -1.000 1.527e-02 -8.013 -5.450 -5.329 -5.260 -5.182 -5.156 -5.132 -5.106 -5.540 -5.181 -5.118 -5.190 -5.153 -5.497 -5.359
0.0152 0.01508 4.00000 29.2959270477 2.6319425106   29.277  5.144  4.3537  3.128    0  0.000  0.545     0.00     0.00 -1  -6.4e-08      0.00 7.092e-01 2.755e-01 2.746e-03 7.408e-04 6.719e-03 -1.000 1.527e-02 -8.089 -5.437 -5.315 -5.242 -5.163 -5.137 -5.192 -5.346 -5.626 -5.310 -5.569 -5.171 -5.136 -5.652 -5.517
0.0152 0.01508 4.00000 30.0000000000 2.6320033073   29.983  5.173  4.3712  3.178    0  0.000  0.545     0.00     0.00 -1  -2.4e-07      0.00 7.092e-01 2.755e-01 2.746e-03 7.408e-04 6.719e-03 -1.000 1.527e-02 -8.163 -5.480 -5.368 -5.289 -5.220 -5.204 -5.598 -6.507 -6.194 -6.179 -7.842 -5.226 -5.211 -6.469 -6.377
0.0152 0.01508 4.00000 30.0102596283 2.6320040226   29.993  5.174  4.3714  3.179    0  0.000  0.545     0.00     0.00 -1 -2.41e-07      0.00 7.092e-01 2.755e-01 2.746e-03 7.408e-04 6.719e-03 -1.000 1.527e-02 -8.164 -5.480 -5.368 -5.289 -5.219 -5.204 -5.598 -6.507 -6.193 -6.178 -7.841 -5.226 -5.211 -6.469 -6.377
0.0152 0.01508 4.00000 30.3725681305 2.6320340633   30.354  5.189  4.3794  3.201    0  0.000  0.545     0.00     0.00 -1 -3.04e-07      0.00 7.092e-01 2.755e-01 2.746e-03 7.408e-04 6.719e-03 -1.000 1.527e-02 -8.202 -5.470 -5.357 -5.277 -5.209 -5.193 -5.586 -6.495 -6.181 -6.159 -7.818 -5.215 -5.200 -6.457 -6.365
0.0152 0.01508 4.00000 30.7433967590 2.6320638657   30.725  5.204  4.3874  3.223    0  0.000  0.545     0.00     0.00 -1  -3.8e-07      0.00 7.092e-01 2.755e-01 2.746e-03 7.408e-04 6.719e-03 -1.000 1.527e-02 -8.240 -5.459 -5.345 -5.262 -5.193 -5.176 -5.569 -6.478 -6.164 -6.135 -7.788 -5.199 -5.183 -6.440 -6.348
0.0152 0.01508 4.00000 31.0601062775 2.6320886612   31.041  5.216  4.3943  3.243    0  0.000  0.545     0.00     0.00 -1 -4.53e-07      0.00 7.092e-01 2.755e-01 2.746e-03 7.408e-04 6.719e-03 -1.000 1.527e-02 -8.270 -5.448 -5.332 -5.249 -5.177 -5.161 -5.553 -6.462 -6.144 -6.106 -7.752 -5.184 -5.167 -6.424 -6.329
0.0152 0.01508 4.00000 31.4521236420 2.6321184635   31.433  5.231  4.4027  3.267    0  0.000  0.545     0.00     0.00 -1 -5.03e-07      0.00 7.092e-01 2.755e-01 2.746e-03 7.408e-04 6.719e-03 -1.000 1.527e-02 -8.307 -5.430 -5.312 -5.228 -5.152 -5.135 -5.527 -6.436 -6.119 -6.081 -7.723 -5.159 -5.141 -6.398 -6.304
0.0152 0.01508 4.00000 31.8638095856 2.6321489811   31.844  5.246  4.4115  3.293    0  0.000  0.545     0.00     0.00 -1 -4.24e-07      0.00 7.092e-01 2.755e-01 2.746e-03 7.408e-04 6.719e-03 -1.000 1.527e-02 -8.344 -5.401 -5.281 -5.195 -5.113 -5.096 -5.489 -6.398 -6.098 -6.096 -7.754 -5.120 -5.102 -6.362 -6.280
0.0152 0.01508 4.00000 32.2353286743 2.6321759224   32.214  5.259  4.4194  3.317    0  0.000  0.545     0.00     0.00 -1  -3.2e-07      0.00 7.092e-01 2.755e-01 2.746e-03 7.408e-04 6.719e-03 -1.000 1.527e-02 -8.376 -5.372 -5.249 -5.161 -5.074 -5.056 -5.450 -6.360 -6.080 -6.121 -7.797 -5.082 -5.063 -6.327 -6.258
0.0152 0.01508 4.00000 32.6491394043 2.6322047710   32.627  5.272  4.4280  3.343    0  0.000  0.545     0.00     0.00 -1 -1.66e-07      0.00 7.092e-01 2.755e-01 2.746e-03 7.408e-04 6.719e-03 -1.000 1.527e-02 -8.411 -5.337 -5.212 -5.122 -5.036 -5.019 -5.412 -6.323 -6.075 -6.190 -7.904 -5.043 -5.026 -6.293 -6.248
0.0152 0.01508 4.00000 33.1427841187 2.6322383881   33.119  5.288  4.4381  3.374    0  0.000  0.545     0.00     0.00 -1  -1.4e-07      0.00 7.092e-01 2.755e-01 2.746e-03 7.408e-04 6.719e-03 -1.000 1.527e-02 -8.450 -5.304 -5.175 -5.085 -5.009 -4.991 -5.383 -6.293 -6.040 -6.153 -7.867 -5.016 -4.998 -6.262 -6.212
0.0152 0.01508 4.00000 33.7057189941 2.6322751045   33.681  5.305  4.4494  3.410    0  0.000  0.545     0.00     0.00 -1 -1.72e-07      0.00 7.092e-01 2.755e-01 2.746e-03 7.408e-04 6.719e-03 -1.000 1.527e-02 -8.493 -5.267 -5.133 -5.044 -4.977 -4.957 -5.347 -6.257 -5.982 -6.055 -7.752 -4.983 -4.963 -6.223 -6.156
0.0152 0.01508 4.00000 34.5262298584 2.6323263645   34.500  5.329  4.4664  3.464    0  0.000  0.545     0.00     0.00 -1 -2.31e-07      0.00 7.092e-01 2.755e-01 2.746e-03 7.408e-04 6.719e-03 -1.000 1.527e-02 -8.553 -5.209 -5.074 -4.984 -4.922 -4.906 -5.298 -6.208 -5.921 -5.931 -7.615 -4.927 -4.913 -6.173 -6.100
0.0152 0.01508 4.00000 35.0000000000 2.6323544979   34.976  5.344  4.4769  3.497    0  0.000  0.545     0.00     0.00 -1 -2.72e-07      0.00 7.092e-01 2.755e-01 2.746e-03 7.408e-04 6.719e-03 -1.000 1.527e-02 -8.590 -5.174 -5.038 -4.947 -4.885 -4.871 -5.263 -6.173 -5.870 -5.832 -7.504 -4.890 -4.877 -6.136 -6.053
0.0152 0.01508 4.00000 35.3286972046 2.6323738098   35.306  5.352  4.4819  3.513    0  0.000  0.545     0.00     0.00 -1 -2.92e-07      0.00 7.092e-01 2.755e-01 2.746e-03 7.408e-04 6.719e-03 -1.000 1.527e-02 -8.611 -5.168 -5.031 -4.940 -4.873 -4.856 -5.249 -6.158 -5.852 -5.804 -7.473 -4.878 -4.863 -6.121 -6.035
0.0152 0.01508 4.00000 36.7288055420 2.6324508190   36.708  5.386  4.5018  3.576    0  0.000  0.545     0.00     0.00 -1 -3.83e-07      0.00 7.092e-01 2.755e-01 2.746e-03 7.408e-04 6.719e-03 -1.000 1.527e-02 -8.695 -5.138 -4.999 -4.906 -4.822 -4.803 -5.196 -6.105 -5.790 -5.714 -7.375 -4.829 -4.810 -6.067 -5.975
0.0152 0.01508 4.00000 38.0045471191 2.6325154305   37.986  5.415  4.5188  3.630    0  0.000  0.545     0.00     0.00 -1 -4.79e-07      0.00 7.092e-01 2.755e-01 2.746e-03 7.408e-04 6.719e-03 -1.000 1.527e-02 -8.768 -5.089 -4.944 -4.850 -4.766 -4.745 -5.137 -6.046 -5.730 -5.656 -7.307 -4.773 -4.752 -6.008 -5.915
0.0152 0.01508 4.00000 39.3755111694 2.6325793266   39.360  5.445  4.5359  3.683    0  0.000  0.545     0.00     0.00 -1 -5.84e-07      0.00 7.092e-01 2.755e-01 2.746e-03 7.408e-04 6.719e-03 -1.000 1.527e-02 -8.843 -5.051 -4.905 -4.811 -4.731 -4.711 -5.103 -6.013 -5.708 -5.675 -7.341 -4.738 -4.718 -5.976 -5.891
0.0152 0.01508 4.00000 40.0000000000 2.6326069832   39.987  5.458  4.5432  3.707    0  0.000  0.545     0.00     0.00 -1 -6.36e-07      0.00 7.092e-01 2.755e-01 2.746e-03 7.408e-04 6.719e-03 -1.000 1.527e-02 -8.875 -5.038 -4.893 -4.799 -4.721 -4.702 -5.094 -6.004 -5.704 -5.688 -7.362 -4.727 -4.708 -5.967 -5.885
0.0152 0.01508 4.00000 40.7508392334 2.6326386929   40.740  5.473  4.5510  3.731    0  0.000  0.545     0.00     0.00 -1 -6.97e-07      0.00 7.092e-01 2.755e-01 2.746e-03 7.408e-04 6.719e-03 -1.000 1.527e-02 -8.912 -5.026 -4.882 -4.788 -4.710 -4.692 -5.085 -5.995 -5.698 -5.694 -7.374 -4.717 -4.699 -5.959 -5.879
0.0152 0.01508 4.00000 42.3101158142 2.6327006817   42.304  5.502  4.5658  3.777    0  0.000  0.545     0.00     0.00 -1 -8.23e-07      0.00 7.092e-01 2.755e-01 2.746e-03 7.408e-04 6.719e-03 -1.000 1.527e-02 -8.986 -5.024 -4.879 -4.786 -4.705 -4.684 -5.076 -5.986 -5.696 -5.704 -7.397 -4.712 -4.691 -5.951 -5.877
0.0152 0.01508 4.00000 44.1633872986 2.6327676773   44.162  5.535  4.5815  3.826    0  0.000  0.545     0.00     0.00 -1 -9.78e-07      0.00 7.092e-01 2.755e-01 2.746e-03 7.408e-04 6.719e-03 -1.000 1.527e-02 -9.067 -5.012 -4.868 -4.775 -4.699 -4.681 -5.072 -5.983 -5.716 -5.756 -7.470 -4.705 -4.687 -5.953 -5.895
0.0152 0.01508 4.00000 45.0000000000 2.6327958107   45.000  5.549  4.5880  3.846    0  0.000  0.545     0.00     0.00 -1 -1.05e-06      0.00 7.092e-01 2.755e-01 2.746e-03 7.408e-04 6.719e-03 -1.000 1.527e-02 -9.103 -4.931 -4.792 -4.707 -4.665 -4.675 -5.084 -5.998 -5.930 -6.307 -8.201 -4.665 -4.684 -6.001 -6.087
0.0152 0.01508 4.00000 45.6725578308 2.6328177452   45.670  5.560  4.5929  3.861    0  0.000  0.545     0.00     0.00 -1 -1.11e-06      0.00 7.092e-01 2.755e-01 2.746e-03 7.408e-04 6.719e-03 -1.000 1.527e-02 -9.129 -4.933 -4.791 -4.704 -4.664 -4.674 -5.084 -5.998 -5.935 -6.311 -8.207 -4.664 -4.684 -6.002 -6.092
0.0152 0.01508 4.00000 49.1296005249 2.6329190731   49.117  5.608  4.6107  3.916    0  0.000  0.545     0.00     0.00 -1 -1.35e-06      0.00 7.092e-01 2.755e-01 2.746e-03 7.408e-04 6.719e-03 -1.000 1.527e-02 -9.251 -4.935 -4.790 -4.708 -4.673 -4.686 -5.097 -6.011 -5.950 -6.338 -8.239 -4.672 -4.696 -6.016 -6.106
0.0152 0.01508 4.00000 50.0000000000 2.6329421997   49.985  5.620  4.6140  3.925    0  0.000  0.545     0.00     0.00 -1 -1.41e-06      0.00 7.092e-01 2.755e-01 2.746e-03 7.408e-04 6.719e-03 -1.000 1.527e-02 -9.280 -4.936 -4.792 -4.711 -4.676 -4.690 -5.100 -6.015 -5.950 -6.341 -8.241 -4.675 -4.699 -6.019 -6.107
0.0152 0.01508 4.00000 55.0000076294 2.6330580711   54.958  5.682  4.6287  3.963    0  0.000  0.545     0.00     0.00 -1 -1.75e-06      0.00 7.092e-01 2.755e-01 2.746e-03 7.408e-04 6.719e-03 -1.000 1.527e-02 -9.435 -4.969 -4.826 -4.746 -4.706 -4.719 -5.128 -6.042 -5.952 -6.337 -8.237 -4.706 -4.728 -6.041 -6.110
0.0152 0.01508 4.00000 59.7427825928 2.6331479549   59.685  5.739  4.6411  3.991    0  0.000  0.545     0.00     0.00 -1  -2.1e-06      0.00 7.092e-01 2.755e-01 2.746e-03 7.408e-04 6.719e-03 -1.000 1.527e-02 -9.577 -5.029 -4.887 -4.805 -4.758 -4.767 -5.175 -6.088 -5.974 -6.364 -8.278 -4.759 -4.776 -6.081 -6.135
0.0152 0.01508 4.00000 60.0000000000 2.6331522465   59.948  5.742  4.6417  3.993    0  0.000  0.545     0.00     0.00 -1 -2.12e-06      0.00 7.092e-01 2.755e-01 2.746e-03 7.408e-04 6.719e-03 -1.000 1.527e-02 -9.585 -5.033 -4.891 -4.808 -4.761 -4.770 -5.178 -6.091 -5.976 -6.367 -8.282 -4.762 -4.779 -6.084 -6.137
0.0152 0.01508 4.00000 64.0636291504 2.6332163811   63.961  5.787  4.6504  4.010    0  0.000  0.545     0.00     0.00 -1 -2.45e-06      0.00 7.092e-01 2.755e-01 2.746e-03 7.408e-04 6.719e-03 -1.000 1.527e-02 -9.699 -5.094 -4.955 -4.874 -4.827 -4.836 -5.244 -6.157 -6.040 -6.448 -8.377 -4.828 -4.846 -6.150 -6.202
0.0152 0.01508 4.00000 65.0000000000 2.6332299709   64.885  5.798  4.6522  4.013    0  0.000  0.545     0.00     0.00 -1 -2.53e-06      0.00 7.092e-01 2.755e-01 2.746e-03 7.408e-04 6.719e-03 -1.000 1.527e-02 -9.725 -5.110 -4.971 -4.890 -4.843 -4.852 -5.260 -6.173 -6.060 -6.472 -8.402 -4.843 -4.861 -6.166 -6.221
0.0152 0.01508 4.00000 68.9767761230 2.6332824230   68.888  5.838  4.6596  4.028    0  0.000  0.545     0.00     0.00 -1 -2.83e-06      0.00 7.092e-01 2.755e-01 2.746e-03 7.408e-04 6.719e-03 -1.000 1.527e-02 -9.826 -5.167 -5.026 -4.946 -4.896 -4.906 -5.314 -6.227 -6.130 -6.557 -8.489 -4.897 -4.915 -6.223 -6.288
0.0152 0.01508 4.00000 70.0000000000 2.6332950592   69.928  5.850  4.6617  4.032    0  0.000  0.545     0.00     0.00 -1 -2.92e-06      0.00 7.092e-01 2.755e-01 2.746e-03 7.408e-04 6.719e-03 -1.000 1.527e-02 -9.854 -5.184 -5.043 -4.962 -4.912 -4.921 -5.329 -6.243 -6.149 -6.581 -8.514 -4.913 -4.930 -6.239 -6.307
0.0152 0.01508 4.00000 80.0000000000 2.6333973408   79.812  5.949  4.6781  4.055    0  0.000  0.545     0.00     0.00 -1 -3.92e-06      0.00 7.092e-01 2.755e-01 2.746e-03 7.408e-04 6.719e-03 -1.000 1.527e-02 -10.102 -5.330 -5.185 -5.102 -5.045 -5.054 -5.463 -6.376 -6.304 -6.767 -8.709 -5.047 -5.063 -6.375 -6.458
0.0152 0.01508 4.00000 81.2122268677 2.6334078312   81.042  5.960  4.6800  4.058    0  0.000  0.545     0.00     0.00 -1 -4.05e-06      0.00 7.092e-01 2.755e-01 2.746e-03 7.408e-04 6.719e-03 -1.000 1.527e-02 -10.131 -5.344 -5.199 -5.116 -5.060 -5.069 -5.477 -6.391 -6.320 -6.789 -8.733 -5.062 -5.078 -6.390 -6.475
0.0152 0.01508 4.00000 90.0000000000 2.6334741116   89.956  6.040  4.6938  4.080    0  0.000  0.545     0.00     0.00 -1 -5.13e-06      0.00 7.092e-01 2.755e-01 2.746e-03 7.408e-04 6.719e-03 -1.000 1.527e-02 -10.329 -5.437 -5.293 -5.210 -5.159 -5.170 -5.579 -6.493 -6.440 -6.950 -8.911 -5.160 -5.179 -6.495 -6.591
0.0152 0.01508 4.00000 95.0000000000 2.6335055828   94.943  6.080  4.7004  4.089    0  0.000  0.545     0.00     0.00 -1 -5.77e-06      0.00 7.092e-01 2.755e-01 2.746e-03 7.408e-04 6.719e-03 -1.000 1.527e-02 -10.429 -5.487 -5.344 -5.260 -5.212 -5.225 -5.635 -6.549 -6.506 -7.037 -9.008 -5.213 -5.234 -6.552 -6.656
0.0152 0.01508 4.00000 99.9339370728 2.6335332394   99.853  6.116  4.7046  4.092    0  0.000  0.545     0.00     0.00 -1 -6.42e-06      0.00 7.092e-01 2.755e-01 2.746e-03 7.408e-04 6.719e-03 -1.000 1.527e-02 -10.520 -5.549 -5.407 -5.325 -5.283 -5.298 -5.710 -6.624 -6.600 -7.149 -9.125 -5.283 -5.308 -6.631 -6.748
0.0152 0.01508 4.00000 100.0000000000 2.6335334778   99.919  6.116  4.7046  4.092    0  0.000  0.545     0.00     0.00 -1 -6.43e-06      0.00 7.092e-01 2.755e-01 2.746e-03 7.408e-04 6.719e-03 -1.000 1.527e-02 -10.521 -5.550 -5.408 -5.326 -5.284 -5.299 -5.711 -6.625 -6.602 -7.150 -9.127 -5.284 -5.309 -6.632 -6.749
0.0152 0.01508 4.00000 120.0000152588 2.6336188316  119.825  6.243  4.7161  4.090    0  0.000  0.545     0.00     0.00 -1 -9.23e-06      0.00 7.092e-01 2.755e-01 2.746e-03 7.408e-04 6.719e-03 -1.000 1.527e-02 -10.838 -5.790 -5.649 -5.570 -5.542 -5.562 -5.977 -6.892 -6.912 -7.509 -9.506 -5.540 -5.573 -6.907 -7.055
0.0152 0.01508 4.00000 121.8597946167 2.6336188316  121.682  6.253  4.7169  4.090    0  0.000  0.545     0.00     0.00 -1  -9.5e-06      0.00 7.092e-01 2.755e-01 2.746e-03 7.408e-04 6.719e-03 -1.000 1.527e-02 -10.863 -5.810 -5.669 -5.591 -5.563 -5.584 -5.999 -6.914 -6.936 -7.537 -9.535 -5.561 -5.594 -6.929 -7.078
0.0152 0.01508 4.00000 150.9042053223 2.6336188316  150.545  6.396  4.7207  4.055    0  0.000  0.540     0.00     0.00 -1 -1.46e-05      0.00 7.090e-01 2.757e-01 2.719e-03 8.053e-04 6.680e-03 -1.000 1.527e-02 -11.219 -6.175 -6.059 -6.015 -6.065 -6.135 -6.579 -7.501 -7.862 -8.875 -10.977 -6.052 -6.151 -7.577 -7.965
0.0152 0.01508 4.00000 153.7092895508 2.6336188316  153.176  6.408  4.7029  3.979    0  0.000  0.537     0.00     0.00 -1  -1.6e-05      0.00 7.092e-01 2.755e-01 2.699e-03 7.911e-04 6.719e-03 -1.000 1.528e-02 -11.250 -6.332 -6.203 -6.142 -6.152 -6.199 -6.630 -7.548 -7.765 -8.698 -10.793 -6.144 -6.212 -7.594 -7.881
0.0152 0.01508 4.00000 155.2936859131 2.6336188316  154.730  6.413  4.6907  3.929    0  0.000  0.545     0.00     0.00 -1 -1.67e-05      0.00 7.092e-01 2.755e-01 2.746e-03 7.408e-04 6.719e-03 -1.000 1.527e-02 -11.263 -6.429 -6.297 -6.230 -6.227 -6.266 -6.693 -7.611 -7.771 -8.629 -10.705 -6.221 -6.279 -7.646 -7.895
0.0152 0.01508 4.00000 157.7562866211 2.6336188316  157.201  6.424  4.6817  3.889    0  0.000  0.545     0.00     0.00 -1 -1.78e-05      0.00 7.092e-01 2.755e-01 2.746e-03 7.408e-04 6.719e-03 -1.000 1.527e-02 -11.290 -6.522 -6.387 -6.319 -6.311 -6.349 -6.774 -7.691 -7.830 -8.639 -10.702 -6.306 -6.361 -7.724 -7.958
0.0152 0.01508 4.00000 161.3484954834 2.6336188316  160.834  6.442  4.6756  3.857    0  0.000  0.545     0.00     0.00 -1 -1.91e-05      0.00 7.092e-01 2.755e-01 2.746e-03 7.408e-04 6.719e-03 -1.000 1.527e-02 -11.334 -6.611 -6.474 -6.406 -6.395 -6.430 -6.855 -7.772 -7.895 -8.671 -10.725 -6.390 -6.443 -7.803 -8.026
0.0152 0.01508 4.00000 200.0000305176 2.6336188316  199.406  6.580  4.6833  3.843    0  0.000  0.545     0.00     0.00 -1 -2.77e-05      0.00 7.092e-01 2.755e-01 2.746e-03 7.408e-04 6.719e-03 -1.000 1.527e-02 -11.681 -6.901 -6.766 -6.699 -6.692 -6.730 -7.155 -8.073 -8.215 -9.033 -11.098 -6.686 -6.742 -8.106 -8.342
0.0152 0.01508 4.00000 250.0000000000 2.6336188316  248.594  6.711  4.6981  3.867    0  0.000  0.545     0.00     0.00 -1 -3.91e-05      0.00 7.092e-01 2.755e-01 2.746e-03 7.408e-04 6.719e-03 -1.000 1.527e-02 -12.006 -7.119 -6.988 -6.923 -6.923 -6.964 -7.392 -8.310 -8.489 -9.388 -11.474 -6.916 -6.977 -8.348 -8.609
0.0152 0.01508 4.00000 300.0000305176 2.6336188316  297.910  6.815  4.6932  3.822    0  0.000  0.545     0.00     0.00 -1 -5.35e-05      0.00 7.092e-01 2.755e-01 2.746e-03 7.408e-04 6.719e-03 -1.000 1.527e-02 -12.268 -7.416 -7.284 -7.218 -7.215 -7.256 -7.683 -8.600 -8.768 -9.639 -11.719 -7.209 -7.268 -8.637 -8.890
0.0152 0.01508 4.00000 350.0000000000 2.6336188316  347.523  6.904  4.7280  3.939    0  0.000  0.536     0.00     0.00 -1 -6.16e-05      0.00 7.092e-01 2.756e-01 2.704e-03 7.961e-04 6.712e-03 -1.000 1.528e-02 -12.490 -7.420 -7.310 -7.278 -7.358 -7.445 -7.898 -8.823 -9.296 -10.426 -12.557 -7.340 -7.462 -8.919 -9.386
0.0152 0.01508 4.00000 350.0087280273 2.6336188316  345.137  6.893  4.6349  3.575    0  0.000  0.433     0.00     0.00 -1 -3.46e-07      0.00 7.089e-01 2.758e-01 2.222e-03 1.431e-03 6.635e-03 -1.000 1.534e-02 -12.463 -8.046 -7.920 -7.849 -7.819 -7.837 -8.250 -9.164 -9.098 -9.447 -11.311 -7.817 -7.847 -9.171 -9.255
0.0152 0.01508 4.00000 350.0126342773 2.6336188316  341.719  6.888  4.5872  3.385    0  0.000  0.114     0.00     0.00 -1 -3.51e-08      0.00 7.060e-01 2.785e-01 5.404e-04 4.106e-03 5.843e-03 -1.000 1.549e-02 -12.449 -8.543 -8.417 -8.341 -8.295 -8.305 -8.716 -9.631 -9.640 -10.187 -12.153 -8.296 -8.315 -9.644 -9.786
0.0152 0.01508 4.00000 350.0168457031 2.6336188316  333.227  6.882  4.5394  3.188    0  0.000  0.142     0.00     0.00 -1 -3.04e-09      0.00 6.855e-01 2.994e-01 5.485e-04 6.590e-03 2.992e-03 -1.000 1.516e-02 -12.436 -8.693 -8.549 -8.455 -8.382 -8.371 -8.768 -9.678 -9.411 -9.501 -11.253 -8.388 -8.378 -9.645 -9.587
0.0152 0.01508 4.00000 350.0195922852 2.6336188316  322.004  6.879  4.5104  3.061    0  0.000  0.300     0.00     0.00 -1 -6.14e-10      0.00 6.500e-01 3.349e-01 6.197e-04 7.478e-03 1.883e-03 -1.000 1.506e-02 -12.427 -8.837 -8.694 -8.601 -8.521 -8.500 -8.890 -9.799 -9.467 -9.373 -11.013 -8.529 -8.506 -9.758 -9.654
0.0152 0.01508 4.00000 350.0209655762 2.6336188316  313.551  6.877  4.4974  2.999    0  0.000  0.511     0.00     0.00 -1 -2.81e-10      0.00 6.200e-01 3.650e-01 6.592e-04 7.649e-03 1.635e-03 -1.000 1.500e-02 -12.423 -8.996 -8.889 -8.853 -8.890 -9.012 -9.021 -9.236 -10.232 -12.744 -12.936 -8.879 -8.979 -9.495 -10.163
0.0152 0.01508 4.00000 350.0220336914 2.6336188316  304.625  6.876  4.4886  2.953    0  0.000  0.792     0.00     0.00 -1 -1.51e-10      0.00 5.862e-01 3.988e-01 6.893e-04 7.634e-03 1.613e-03 -1.000 1.500e-02 -12.419 -9.048 -8.941 -8.907 -8.942 -9.060 -9.070 -9.303 -10.339 -12.860 -13.063 -8.931 -9.030 -9.589 -10.270
0.0152 0.01508 4.00000 350.0228576660 2.6336188316  296.098  6.875  4.4829  2.918    0  0.000  0.959     0.00     0.00 -1 -9.56e-11      0.00 5.521e-01 4.329e-01 7.120e-04 7.587e-03 1.641e-03 -1.000 1.501e-02 -12.418 -9.082 -8.976 -8.942 -8.977 -9.093 -9.103 -9.348 -10.410 -12.938 -13.148 -8.966 -9.063 -9.651 -10.340
0.0152 0.01508 4.00000 350.0234680176 2.6336188316  288.621  6.874  4.4794  2.893    0  0.000  1.031     0.00     0.00 -1  -6.8e-11      0.00 5.230e-01 4.620e-01 7.288e-04 7.541e-03 1.673e-03 -1.000 1.498e-02 -12.416 -9.102 -8.996 -8.963 -8.997 -9.112 -9.122 -9.374 -10.452 -12.983 -13.198 -8.986 -9.083 -9.688 -10.382
0.0152 0.01508 4.00000 350.0238952637 2.6336188316  282.730  6.874  4.4776  2.877    0  0.000  1.061     0.00     0.00 -1  -5.4e-11      0.00 4.995e-01 4.856e-01 7.405e-04 7.505e-03 1.698e-03 -1.000 1.497e-02 -12.415 -8.163 -8.060 -8.142 -8.114 -8.238 -8.284 -8.488 -9.695 -10.755 -11.551 -8.111 -8.233 -8.707 -9.463
0.0152 0.01508 4.00000 350.0242919922 2.6336188316  276.641  6.874  4.4764  2.864    0  0.000  1.080     0.00     0.00 -1 -4.33e-11      0.00 4.750e-01 5.100e-01 7.515e-04 7.475e-03 1.722e-03 -1.000 1.500e-02 -12.415 -8.165 -8.062 -8.144 -8.117 -8.242 -8.289 -8.493 -9.701 -10.762 -11.559 -8.115 -8.237 -8.712 -9.469
0.0152 0.01508 4.00000 350.0246582031 2.6336188316  270.148  6.873  4.4759  2.852    0  0.000  1.098     0.00     0.00 -1 -3.53e-11      0.00 4.490e-01 5.360e-01 7.621e-04 7.442e-03 1.746e-03 -1.000 1.501e-02 -12.414 -8.165 -8.062 -8.145 -8.118 -8.243 -8.290 -8.495 -9.704 -10.765 -11.562 -8.115 -8.238 -8.714 -9.471
0.0152 0.01508 4.00000 350.0249938965 2.6336188316  263.625  6.873  4.4757  2.841    0  0.000  1.114     0.00     0.00 -1 -2.92e-11      0.00 4.237e-01 5.613e-01 7.718e-04 7.413e-03 1.767e-03 -1.000 1.501e-02 -12.413 -8.165 -8.062 -8.145 -8.118 -8.243 -8.290 -8.495 -9.704 -10.765 -11.563 -8.115 -8.238 -8.714 -9.472
0.0152 0.01508 4.00000 350.0250549316 2.6336188316  260.035  6.869  4.4784  2.849    0  0.000  1.121     0.00     0.00 -1 -5.06e-11      0.00 4.135e-01 5.714e-01 7.734e-04 7.409e-03 1.770e-03 -1.000 1.501e-02 -12.403 -8.150 -8.046 -8.127 -8.099 -8.222 -8.269 -8.472 -9.678 -10.737 -11.533 -8.097 -8.218 -8.690 -9.446
0.0152 0.01508 4.00000 350.0251770020 2.6336188316  251.234  6.856  4.4776  2.845    0  0.000  1.125     0.00     0.00 -1 -4.61e-11      0.00 4.046e-01 5.803e-01 7.766e-04 7.399e-03 1.778e-03 -1.000 1.505e-02 -12.369 -8.117 -8.013 -8.095 -8.067 -8.191 -8.238 -8.442 -9.648 -10.708 -11.505 -8.065 -8.186 -8.660 -9.416
0.0152 0.01508 4.00000 350.0252990723 2.6336188316  242.576  6.842  4.4777  2.844    0  0.000  1.130     0.00     0.00 -1  -5.4e-11      0.00 3.943e-01 5.906e-01 7.798e-04 7.392e-03 1.785e-03 -1.000 1.505e-02 -12.334 -8.688 -8.582 -8.560 -8.561 -8.645 -8.674 -8.862 -10.228 -11.158 -12.138 -8.558 -8.642 -9.138 -9.957
0.0152 0.01508 4.00000 350.0254211426 2.6336188316  233.885  6.827  4.4783  2.845    0  0.000  1.135     0.00     0.00 -1 -7.16e-11      0.00 3.829e-01 6.021e-01 7.831e-04 7.382e-03 1.792e-03 -1.000 1.502e-02 -12.298 -8.653 -8.546 -8.525 -8.525 -8.609 -8.639 -8.827 -10.192 -11.122 -12.103 -8.523 -8.607 -9.102 -9.921
0.0152 0.01508 4.00000 350.0255126953 2.6336188316  221.590  6.807  4.4848  2.868    0  0.000  1.151     0.00     0.00 -1 -7.84e-11      0.00 3.588e-01 6.262e-01 7.867e-04 7.373e-03 1.799e-03 -1.000 1.502e-02 -12.247 -8.601 -8.494 -8.473 -8.474 -8.558 -8.587 -8.775 -10.141 -11.070 -12.051 -8.471 -8.555 -9.050 -9.869
0.0152 0.01508 4.00000 350.0256347656 2.6336188316  206.807  6.774  4.4845  2.869    0  0.000  1.153     0.00     0.00 -1 -6.82e-11      0.00 3.483e-01 6.367e-01 7.895e-04 7.364e-03 1.806e-03 -1.000 1.505e-02 -12.165 -8.520 -8.413 -8.392 -8.392 -8.476 -8.505 -8.694 -10.059 -10.989 -11.969 -8.389 -8.474 -8.969 -9.788
0.0152 0.01508 4.00000 350.0257263184 2.6336188316  193.018  6.741  4.4832  2.868    0  0.000  1.153     0.00     0.00 -1  -5.9e-11      0.00 3.399e-01 6.451e-01 7.924e-04 7.354e-03 1.813e-03 -1.000 1.505e-02 -12.082 -8.436 -8.330 -8.308 -8.309 -8.393 -8.422 -8.610 -9.976 -10.906 -11.886 -8.306 -8.390 -8.886 -9.705
0.0152 0.01508 4.00000 350.0258483887 2.6336188316  179.814  6.707  4.4820  2.866    0  0.000  1.151     0.00     0.00 -1 -5.09e-11      0.00 3.313e-01 6.536e-01 7.952e-04 7.345e-03 1.820e-03 -1.000 1.505e-02 -11.997 -8.352 -8.245 -8.224 -8.224 -8.308 -8.338 -8.526 -9.891 -10.821 -11.802 -8.221 -8.306 -8.801 -9.620
0.0152 0.01508 4.00000 350.0259704590 2.6336188316  167.584  6.673  4.4809  2.865    0  0.000  1.151     0.00     0.00 -1 -4.39e-11      0.00 3.228e-01 6.621e-01 7.981e-04 7.336e-03 1.828e-03 -1.000 1.505e-02 -11.913 -8.267 -8.161 -8.139 -8.140 -8.224 -8.253 -8.441 -9.807 -10.736 -11.717 -8.137 -8.221 -8.716 -9.535
0.0152 0.01508 4.00000 350.0260620117 2.6336188316  156.189  6.639  4.4799  2.864    0  0.000  1.151     0.00     0.00 -1  -3.8e-11      0.00 3.141e-01 6.708e-01 8.010e-04 7.326e-03 1.835e-03 -1.000 1.505e-02 -11.828 -8.183 -8.076 -8.055 -8.055 -8.139 -8.169 -8.357 -9.722 -10.652 -11.633 -8.052 -8.137 -8.632 -9.451
0.0152 0.01508 4.00000 350.0261840820 2.6336188316  145.826  6.606  4.4790  2.863    0  0.000  1.151     0.00     0.00 -1 -3.29e-11      0.00 3.057e-01 6.793e-01 8.038e-04 7.317e-03 1.842e-03 -1.000 1.502e-02 -11.745 -8.100 -7.993 -7.972 -7.972 -8.056 -8.086 -8.274 -9.639 -10.569 -11.550 -7.970 -8.054 -8.549 -9.368
0.0152 0.01508 4.00000 350.0262756348 2.6336188316  136.139  6.573  4.4781  2.864    0  0.000  1.151     0.00     0.00 -1 -2.83e-11      0.00 2.973e-01 6.877e-01 8.067e-04 7.308e-03 1.849e-03 -1.000 1.505e-02 -11.662 -8.016 -7.910 -7.888 -7.889 -7.973 -8.002 -8.190 -9.556 -10.485 -11.466 -7.886 -7.970 -8.466 -9.285
0.0152 0.01508 4.00000 350.0263671875 2.6336188316  127.318  6.540  4.4773  2.864    0  0.000  1.153     0.00     0.00 -1 -2.47e-11      0.00 2.890e-01 6.960e-01 8.095e-04 7.300e-03 1.855e-03 -1.000 1.502e-02 -11.580 -7.934 -7.828 -7.806 -7.807 -7.891 -7.920 -8.108 -9.474 -10.403 -11.384 -7.804 -7.888 -8.384 -9.203
0.0152 0.01508 4.00000 350.0264892578 2.6336188316  118.891  6.506  4.4766  2.865    0  0.000  1.155     0.00     0.00 -1 -2.13e-11      0.00 2.805e-01 7.045e-01 8.124e-04 7.294e-03 1.862e-03 -1.000 1.505e-02 -11.496 -7.850 -7.744 -7.722 -7.723 -7.807 -7.836 -8.024 -9.390 -10.319 -11.300 -7.720 -7.804 -8.300 -9.119
0.0152 0.01508 4.00000 350.0265808105 2.6336188316  111.194  6.474  4.4761  2.867    0  0.000  1.159     0.00     0.00 -1 -1.86e-11      0.00 2.721e-01 7.128e-01 8.153e-04 7.285e-03 1.869e-03 -1.000 1.508e-02 -11.414 -7.768 -7.662 -7.640 -7.641 -7.725 -7.754 -7.942 -9.308 -10.237 -11.218 -7.638 -7.722 -8.217 -9.036
0.0152 0.01508 4.00000 350.0267028809 2.6336188316  103.692  6.440  4.4754  2.868    0  0.000  1.164     0.00     0.00 -1  -1.6e-11      0.00 2.633e-01 7.216e-01 8.184e-04 7.276e-03 1.875e-03 -1.000 1.509e-02 -11.329 -7.683 -7.577 -7.555 -7.556 -7.640 -7.669 -7.857 -9.223 -10.152 -11.133 -7.553 -7.637 -8.132 -8.952
0.0152 0.01508 4.00000 350.0267944336 2.6336188316   96.742  6.406  4.4754  2.871    0  0.000  1.172     0.00     0.00 -1 -1.37e-11      0.00 2.544e-01 7.306e-01 8.216e-04 7.266e-03 1.882e-03 -1.000 1.505e-02 -11.245 -7.600 -7.493 -7.472 -7.472 -7.556 -7.586 -7.774 -9.139 -10.069 -11.050 -7.469 -7.554 -8.049 -8.868
0.0152 0.01508 4.00000 350.0268859863 2.6336188316   90.410  6.374  4.4760  2.877    0  0.000  1.183     0.00     0.00 -1  -1.2e-11      0.00 2.456e-01 7.394e-01 8.249e-04 7.257e-03 1.888e-03 -1.000 1.505e-02 -11.164 -7.518 -7.412 -7.390 -7.391 -7.475 -7.504 -7.692 -9.058 -9.987 -10.968 -7.388 -7.472 -7.967 -8.787
0.0152 0.01508 4.00000 350.0269775391 2.6336188316   85.011  6.344  4.4770  2.884    0  0.000  1.197     0.00     0.00 -1 -1.06e-11      0.00 2.374e-01 7.476e-01 8.281e-04 7.249e-03 1.894e-03 -1.000 1.504e-02 -11.090 -7.444 -7.338 -7.316 -7.317 -7.401 -7.430 -7.618 -8.984 -9.913 -10.894 -7.314 -7.398 -7.893 -8.713
0.0152 0.01508 4.00000 350.0270690918 2.6336188316   79.950  6.315  4.4790  2.894    0  0.000  1.216     0.00     0.00 -1 -9.26e-12      0.00 2.292e-01 7.558e-01 8.315e-04 7.241e-03 1.900e-03 -1.000 1.503e-02 -11.016 -7.371 -7.264 -7.243 -7.243 -7.327 -7.357 -7.545 -8.910 -9.840 -10.821 -7.241 -7.325 -7.820 -8.639
0.0152 0.01508 4.00000 350.0271606445 2.6336188316   75.779  6.289  4.4820  2.908    0  0.000  1.238     0.00     0.00 -1 -8.27e-12      0.00 2.220e-01 7.629e-01 8.347e-04 7.233e-03 1.904e-03 -1.000 1.505e-02 -10.953 -7.307 -7.200 -7.179 -7.179 -7.263 -7.293 -7.481 -8.847 -9.776 -10.757 -7.177 -7.261 -7.756 -8.575
0.0152 0.01508 4.00000 350.0272216797 2.6336188316   72.393  6.267  4.4865  2.928    0  0.000  1.264     0.00     0.00 -1 -7.56e-12      0.00 2.159e-01 7.691e-01 8.378e-04 7.224e-03 1.908e-03 -1.000 1.504e-02 -10.899 -7.253 -7.146 -7.125 -7.126 -7.210 -7.239 -7.427 -8.793 -9.722 -10.703 -7.123 -7.207 -7.702 -8.521
0.0152 0.01508 4.00000 350.0272827148 2.6336188316   70.237  6.254  4.4918  2.950    0  0.000  1.283     0.00     0.00 -1  -7.1e-12      0.00 2.128e-01 7.721e-01 8.399e-04 7.219e-03 1.910e-03 -1.000 1.506e-02 -10.864 -7.218 -7.112 -7.090 -7.091 -7.175 -7.204 -7.392 -8.758 -9.687 -10.668 -7.088 -7.172 -7.667 -8.487
0.0152 0.01508 4.00000 350.0273132324 2.6336188316   67.819  6.248  4.5366  3.120    0  0.000  1.299     0.00     0.00 -1 -6.75e-12      0.00 2.104e-01 7.745e-01 8.421e-04 7.214e-03 1.913e-03 -1.000 1.506e-02 -10.850 -6.979 -6.862 -6.835 -6.813 -6.878 -6.895 -7.050 -8.285 -9.036 -9.948 -6.815 -6.874 -7.279 -8.015
0.0152 0.01508 4.00000 350.0273437500 2.6336188316   66.547  6.254  4.6069  3.386    0  0.000  1.199     0.00     0.00 -1 -6.89e-12      0.00 2.067e-01 7.782e-01 8.329e-04 7.227e-03 1.914e-03 -1.000 1.507e-02 -10.866 -6.561 -6.441 -6.424 -6.420 -6.520 -6.539 -6.728 -8.025 -8.763 -9.586 -6.429 -6.517 -6.952 -7.757
0.0152 0.01508 4.00000 350.0273742676 2.6336188316   65.736  6.269  4.7142  3.796    0  0.000  1.198     0.00     0.00 -1 -7.11e-12      0.00 2.040e-01 7.809e-01 8.333e-04 7.228e-03 1.915e-03 -1.000 1.507e-02 -10.902 -5.848 -5.725 -5.706 -5.693 -5.791 -5.806 -5.978 -7.285 -8.098 -8.996 -5.704 -5.788 -6.175 -7.016
0.0152 0.01508 4.00000 350.0274353027 2.6336188316   62.690  6.239  4.7317  3.875    0  0.000  1.470     0.00     0.00 -1 -6.37e-12      0.00 1.953e-01 7.896e-01 8.534e-04 7.199e-03 1.916e-03 -1.000 1.507e-02 -10.827 -5.646 -5.524 -5.505 -5.490 -5.588 -5.601 -5.771 -7.072 -7.882 -8.788 -5.502 -5.585 -5.963 -6.803
0.0152 0.01508 4.00000 350.0274963379 2.6336188316   59.562  6.213  4.7324  3.882    0  0.000 40.891     0.00     0.00 -1 -5.52e-12      0.00 1.949e-01 7.677e-01 2.115e-02 4.026e-03 2.222e-03  9.921 3.738e-02 -10.761 -5.575 -5.453 -5.434 -5.420 -5.518 -5.530 -5.700 -7.001 -7.810 -8.717 -5.431 -5.515 -5.892 -6.732
0.0152 0.01508 4.00000 350.0275878906 2.6336188316   55.978  6.184  4.7294  3.871    0  0.000 27.018     0.00     0.00 -1 -3.81e-12      0.00 1.956e-01 6.608e-01 1.204e-01 2.044e-04 6.900e-03 10.691 1.436e-01 -10.690 -5.542 -5.432 -5.541 -5.466 -5.587 -5.639 -5.839 -7.163 -7.847 -8.698 -5.471 -5.588 -6.061 -6.893
0.0152 0.01508 4.00000 350.0277404785 2.6336188316   52.463  6.160  4.7275  3.860    0  0.000 12.871     0.00     0.00 -1  -2.6e-12      0.00 1.967e-01 5.652e-01 2.031e-01 2.055e-04 1.875e-02 10.904 2.381e-01 -10.630 -5.495 -5.385 -5.493 -5.417 -5.537 -5.589 -5.787 -7.105 -7.783 -8.633 -5.422 -5.538 -6.008 -6.835
0.0152 0.01508 4.00000 350.0278625488 2.6336188316   50.091  6.147  4.7296  3.862    0  0.000  7.794     0.00     0.00 -1 -1.85e-12      0.00 1.976e-01 4.863e-01 2.635e-01 2.064e-04 3.621e-02 10.998 3.161e-01 -10.597 -5.447 -5.337 -5.446 -5.371 -5.492 -5.544 -5.744 -7.069 -7.753 -8.604 -5.376 -5.493 -5.967 -6.799
0.0152 0.01508 4.00000 350.0279846191 2.6336188316   48.592  6.142  4.7380  3.886    0  0.000  4.830     0.00     0.00 -1 -1.23e-12      0.00 1.985e-01 3.921e-01 3.227e-01 2.073e-04 7.026e-02 11.054 4.094e-01 -10.586 -5.379 -5.270 -5.381 -5.311 -5.436 -5.490 -5.697 -7.046 -7.757 -8.610 -5.316 -5.438 -5.927 -6.776
0.0152 0.01508 4.00000 350.0280456543 2.6336188316   48.011  6.146  4.7541  3.942    0  0.000  4.296     0.00     0.00 -1  -1.2e-12      0.00 1.989e-01 3.715e-01 3.329e-01 2.078e-04 8.014e-02 11.058 4.295e-01 -10.595 -5.275 -5.167 -5.276 -5.216 -5.348 -5.404 -5.622 -7.008 -7.754 -8.616 -5.222 -5.350 -5.863 -6.737
0.0152 0.01508 4.00000 350.0280761719 2.6336188316   47.737  6.223  4.8662  4.311    3  0.000  4.115     0.00     0.00 -1 -2.28e-12      0.00 1.991e-01 3.642e-01 3.359e-01 2.080e-04 8.443e-02 11.057 4.367e-01 -10.787 -4.625 -4.503 -4.472 -4.510 -4.615 -4.682 -4.887 -6.333 -7.250 -8.168 -4.511 -4.617 -5.140 -6.060
#isochrone terminated
