# File generated by CMD 3.3 (http://stev.oapd.inaf.it/cmd) on Wed Apr 22 15:18:23 CEST 2020
# isochrones based on PARSEC release v1.2S +  COLIBRI S_35
# Basic references: Bressan et al. (2012), MNRAS, 427, 127 + Chen et al. (2014, 2015), MNRAS, 444, 2525 + MNRAS, 452, 1068 + Tang et al. (2014), MNRAS, 445, 4287 + Marigo et al. (2017), ApJ, 835, 77 + Pastorelli al. (2019), MNRAS in press
# Thermal pulse cycles included 
# On RGB, assumed Reimers mass loss with efficiency eta=0.2
# Photometric system:  2MASS + Spitzer (IRAC+MIPS) + WISE
# Using YBC version of bolometric corrections as in Chen et al. (2019)
# O-rich circumstellar dpmod60alox40 dust from Groenewegen (2006)
# C-rich circumstellar AMCSIC15 dust from Groenewegen (2006)
# IMF: Kroupa (2001, 2002) + Kroupa et al. (2013) canonical two-part-power law IMF corrected for unresolved binaries 
# Kind of output: isochrone tables
# Zini     MH   logAge Mini        int_IMF         Mass   logL    logTe  logg  label   McoreTP C_O  period0 period1 pmode  Mloss  tau1m   X   Y   Xc  Xn  Xo  Cexcess  Z 	 mbolmag  Jmag    Hmag    Ksmag   IRAC_3.6mag  IRAC_4.5mag  IRAC_5.8mag  IRAC_8.0mag  MIPS_24mag  MIPS_70mag  MIPS_160mag  W1mag   W2mag   W3mag   W4mag
0.005 -0.48482 5.00000 0.0900000036 1.0816895962    0.090 -0.690  3.4935  3.009    0  0.000  0.545     0.00     0.00 -1 -2.71e-13      0.00 7.372e-01 2.577e-01 9.173e-04 2.474e-04 2.244e-03 -1.000 5.101e-03 6.496 4.530 3.940 3.699 3.404 3.261 3.235 3.187 2.598 2.593 2.683 3.520 3.267 3.170 2.788
0.005 -0.48482 5.00000 0.1000000015 1.1711064577    0.100 -0.616  3.4981  2.998    0  0.000  0.545     0.00     0.00 -1 -3.09e-13      0.00 7.372e-01 2.577e-01 9.173e-04 2.474e-04 2.244e-03 -1.000 5.101e-03 6.309 4.356 3.747 3.514 3.236 3.099 3.074 3.030 2.445 2.446 2.539 3.350 3.105 3.015 2.635
0.005 -0.48482 5.00000 0.1123719513 1.2668581009    0.112 -0.537  3.5039  2.993    0  0.000  0.545     0.00     0.00 -1 -3.51e-13      0.00 7.372e-01 2.577e-01 9.173e-04 2.474e-04 2.244e-03 -1.000 5.101e-03 6.112 4.176 3.544 3.320 3.063 2.934 2.910 2.868 2.291 2.298 2.397 3.174 2.940 2.858 2.480
0.005 -0.48482 5.00000 0.1199999973 1.3193154335    0.120 -0.490  3.5072  2.988    0  0.000  0.545     0.00     0.00 -1 -3.81e-13      0.00 7.372e-01 2.577e-01 9.173e-04 2.474e-04 2.244e-03 -1.000 5.101e-03 5.995 4.070 3.422 3.204 2.959 2.835 2.812 2.771 2.198 2.210 2.312 3.068 2.841 2.763 2.387
0.005 -0.48482 5.00000 0.1268129200 1.3626285791    0.127 -0.454  3.5103  2.988    0  0.000  0.545     0.00     0.00 -1 -4.02e-13      0.00 7.372e-01 2.577e-01 9.173e-04 2.474e-04 2.244e-03 -1.000 5.101e-03 5.905 3.990 3.330 3.116 2.882 2.762 2.739 2.699 2.129 2.147 2.251 2.989 2.768 2.694 2.319
0.005 -0.48482 5.00000 0.1400000006 1.4384527206    0.140 -0.385  3.5162  2.985    0  0.000  0.545     0.00     0.00 -1 -4.51e-13      0.00 7.372e-01 2.577e-01 9.173e-04 2.474e-04 2.244e-03 -1.000 5.101e-03 5.732 3.839 3.152 2.945 2.731 2.622 2.597 2.558 1.997 2.024 2.134 2.832 2.628 2.558 2.187
0.005 -0.48482 5.00000 0.1491973549 1.4860440493    0.149 -0.343  3.5202  2.987    0  0.000  0.545     0.00     0.00 -1 -4.79e-13      0.00 7.372e-01 2.577e-01 9.173e-04 2.474e-04 2.244e-03 -1.000 5.101e-03 5.628 3.750 3.046 2.843 2.642 2.540 2.515 2.476 1.921 1.955 2.069 2.740 2.546 2.479 2.111
0.005 -0.48482 5.00000 0.1696083248 1.5792336464    0.170 -0.257  3.5291  2.993    0  0.000  0.545     0.00     0.00 -1 -5.44e-13      0.00 7.372e-01 2.577e-01 9.173e-04 2.474e-04 2.244e-03 -1.000 5.101e-03 5.414 3.569 2.826 2.634 2.463 2.380 2.357 2.321 1.779 1.824 1.941 2.554 2.387 2.330 1.969
0.005 -0.48482 5.00000 0.1842638999 1.6375879049    0.184 -0.201  3.5357  2.999    0  0.000  0.545     0.00     0.00 -1  -5.9e-13      0.00 7.372e-01 2.577e-01 9.173e-04 2.474e-04 2.244e-03 -1.000 5.101e-03 5.273 3.450 2.683 2.498 2.346 2.277 2.253 2.219 1.687 1.738 1.858 2.433 2.283 2.232 1.877
0.005 -0.48482 5.00000 0.2004598826 1.6954369545    0.200 -0.141  3.5428  3.004    0  0.000  0.545     0.00     0.00 -1 -6.47e-13      0.00 7.372e-01 2.577e-01 9.173e-04 2.474e-04 2.244e-03 -1.000 5.101e-03 5.122 3.322 2.531 2.354 2.221 2.166 2.143 2.110 1.588 1.646 1.768 2.301 2.173 2.127 1.777
0.005 -0.48482 5.00000 0.2189597040 1.7545038462    0.219 -0.077  3.5504  3.009    0  0.000  0.545     0.00     0.00 -1 -7.11e-13      0.00 7.372e-01 2.577e-01 9.173e-04 2.474e-04 2.244e-03 -1.000 5.101e-03 4.964 3.190 2.376 2.206 2.092 2.054 2.030 1.997 1.487 1.554 1.677 2.165 2.060 2.019 1.676
0.005 -0.48482 5.00000 0.2393751293 1.8125869036    0.239 -0.012  3.5587  3.016    0  0.000  0.545     0.00     0.00 -1 -7.85e-13      0.00 7.372e-01 2.577e-01 9.173e-04 2.474e-04 2.244e-03 -1.000 5.101e-03 4.799 3.056 2.225 2.061 1.964 1.944 1.918 1.883 1.387 1.465 1.590 2.027 1.950 1.911 1.577
0.005 -0.48482 5.00000 0.2558153272 1.8548674583    0.256  0.039  3.5652  3.020    0  0.000  0.545     0.00     0.00 -1 -8.49e-13      0.00 7.372e-01 2.577e-01 9.173e-04 2.474e-04 2.244e-03 -1.000 5.101e-03 4.673 2.956 2.118 1.958 1.869 1.862 1.834 1.794 1.311 1.399 1.524 1.923 1.868 1.827 1.500
0.005 -0.48482 5.00000 0.2854181230 1.9227533340    0.285  0.124  3.5758  3.024    0  0.000  0.545     0.00     0.00 -1 -9.74e-13      0.00 7.372e-01 2.577e-01 9.173e-04 2.474e-04 2.244e-03 -1.000 5.101e-03 4.459 2.778 1.944 1.789 1.708 1.719 1.686 1.640 1.176 1.279 1.404 1.748 1.724 1.681 1.365
0.005 -0.48482 5.00000 0.3000000119 1.9529139996    0.300  0.157  3.5806  3.033    0  0.000  0.545     0.00     0.00 -1 -1.01e-12      0.00 7.372e-01 2.577e-01 9.173e-04 2.474e-04 2.244e-03 -1.000 5.101e-03 4.378 2.711 1.884 1.731 1.652 1.669 1.634 1.586 1.129 1.238 1.363 1.687 1.674 1.629 1.319
0.005 -0.48482 5.00000 0.3449649811 2.0350873470    0.345  0.269  3.5949  3.039    0  0.000  0.545     0.00     0.00 -1 -1.21e-12      0.00 7.372e-01 2.577e-01 9.173e-04 2.474e-04 2.244e-03 -1.000 5.101e-03 4.099 2.468 1.669 1.526 1.453 1.481 1.444 1.389 0.950 1.071 1.193 1.476 1.486 1.439 1.139
0.005 -0.48482 5.00000 0.3499999642 2.0434174538    0.350  0.280  3.5963  3.039    0  0.000  0.545     0.00     0.00 -1 -1.24e-12      0.00 7.372e-01 2.577e-01 9.173e-04 2.474e-04 2.244e-03 -1.000 5.101e-03 4.070 2.442 1.646 1.505 1.432 1.461 1.425 1.369 0.932 1.054 1.176 1.454 1.466 1.420 1.121
0.005 -0.48482 5.00000 0.3999999762 2.1185023785    0.400  0.396  3.6098  3.036    0  0.000  0.545     0.00     0.00 -1 -1.52e-12      0.00 7.372e-01 2.577e-01 9.173e-04 2.474e-04 2.244e-03 -1.000 5.101e-03 3.781 2.181 1.420 1.289 1.221 1.258 1.222 1.165 0.740 0.868 0.994 1.236 1.262 1.220 0.929
0.005 -0.48482 5.00000 0.4499999881 2.1822810173    0.450  0.518  3.6212  3.010    0  0.000  0.545     0.00     0.00 -1 -1.95e-12      0.00 7.372e-01 2.577e-01 9.173e-04 2.474e-04 2.244e-03 -1.000 5.101e-03 3.475 1.898 1.165 1.043 0.982 1.024 0.991 0.935 0.516 0.649 0.777 0.993 1.029 0.993 0.705
0.005 -0.48482 5.00000 0.4999999404 2.2374541759    0.500  0.602  3.6303  3.008    0  0.000  0.545     0.00     0.00 -1 -2.26e-12      0.00 7.372e-01 2.577e-01 9.173e-04 2.474e-04 2.244e-03 -1.000 5.101e-03 3.264 1.707 0.996 0.882 0.827 0.871 0.841 0.787 0.371 0.506 0.632 0.835 0.875 0.846 0.560
0.005 -0.48482 5.00000 0.5420764685 2.2769877911    0.542  0.666  3.6367  3.004    0  0.000  0.545     0.00     0.00 -1 -2.52e-12      0.00 7.372e-01 2.577e-01 9.173e-04 2.474e-04 2.244e-03 -1.000 5.101e-03 3.104 1.563 0.869 0.760 0.708 0.753 0.725 0.673 0.257 0.393 0.518 0.716 0.757 0.732 0.446
0.005 -0.48482 5.00000 0.5500000119 2.2836582661    0.550  0.681  3.6379  3.001    0  0.000  0.545     0.00     0.00 -1 -2.59e-12      0.00 7.372e-01 2.577e-01 9.173e-04 2.474e-04 2.244e-03 -1.000 5.101e-03 3.068 1.530 0.839 0.731 0.680 0.725 0.698 0.645 0.230 0.366 0.491 0.687 0.729 0.704 0.419
0.005 -0.48482 5.00000 0.5999999642 2.3211214542    0.600  0.772  3.6440  2.972    0  0.000  0.545     0.00     0.00 -1 -3.17e-12      0.00 7.372e-01 2.577e-01 9.173e-04 2.474e-04 2.244e-03 -1.000 5.101e-03 2.839 1.316 0.645 0.542 0.493 0.537 0.511 0.460 0.045 0.181 0.307 0.499 0.542 0.519 0.234
0.005 -0.48482 5.00000 0.6485416889 2.3512110710    0.649  0.830  3.6492  2.968    0  0.000  0.545     0.00     0.00 -1  -3.5e-12      0.00 7.372e-01 2.577e-01 9.173e-04 2.474e-04 2.244e-03 -1.000 5.106e-03 2.694 1.185 0.532 0.432 0.384 0.428 0.404 0.353 -0.063 0.074 0.203 0.390 0.433 0.412 0.126
0.005 -0.48482 5.00000 0.6499999166 2.3520352840    0.650  0.832  3.6493  2.968    0  0.000  0.545     0.00     0.00 -1 -3.51e-12      0.00 7.372e-01 2.577e-01 9.173e-04 2.474e-04 2.244e-03 -1.000 5.106e-03 2.690 1.181 0.528 0.428 0.381 0.425 0.400 0.350 -0.066 0.071 0.200 0.387 0.429 0.409 0.123
0.005 -0.48482 5.00000 0.6787322164 2.3674495220    0.679  0.863  3.6520  2.966    0  0.000  0.545     0.00     0.00 -1 -3.71e-12      0.00 7.372e-01 2.577e-01 9.173e-04 2.474e-04 2.244e-03 -1.000 5.104e-03 2.611 1.109 0.466 0.369 0.322 0.365 0.341 0.291 -0.125 0.012 0.142 0.327 0.370 0.350 0.064
0.005 -0.48482 5.00000 0.6999999881 2.3779268265    0.700  0.898  3.6537  2.952    0  0.000  0.545     0.00     0.00 -1 -4.02e-12      0.00 7.372e-01 2.577e-01 9.173e-04 2.474e-04 2.244e-03 -1.000 5.104e-03 2.525 1.028 0.390 0.294 0.247 0.290 0.267 0.217 -0.199 -0.062 0.068 0.253 0.295 0.276 -0.010
0.005 -0.48482 5.00000 0.7489780188 2.3994736671    0.749  0.957  3.6604  2.949    0  0.000  0.538     0.00     0.00 -1 -4.46e-12      0.00 7.372e-01 2.577e-01 9.055e-04 2.471e-04 2.244e-03 -1.000 5.106e-03 2.377 0.899 0.285 0.192 0.147 0.189 0.167 0.119 -0.298 -0.160 -0.029 0.152 0.194 0.178 -0.109
0.005 -0.48482 5.00000 0.7979561090 2.4180076122    0.798  1.009  3.6637  2.937    0  0.000  0.538     0.00     0.00 -1 -4.94e-12      0.00 7.372e-01 2.577e-01 9.053e-04 2.471e-04 2.244e-03 -1.000 5.106e-03 2.247 0.778 0.174 0.084 0.040 0.081 0.059 0.012 -0.404 -0.267 -0.136 0.045 0.086 0.071 -0.215
0.005 -0.48482 5.00000 0.8469341993 2.4340982437    0.846  1.058  3.6665  2.925    0  0.000  0.538     0.00     0.00 -1 -5.45e-12      0.00 7.372e-01 2.577e-01 9.053e-04 2.471e-04 2.244e-03 -1.000 5.116e-03 2.124 0.663 0.068 -0.020 -0.064 -0.023 -0.044 -0.090 -0.506 -0.370 -0.240 -0.059 -0.019 -0.031 -0.317
0.005 -0.48482 5.00000 0.8959121704 2.4481825829    0.895  1.102  3.6691  2.917    0  0.000  0.538     0.00     0.00 -1 -5.91e-12      0.00 7.372e-01 2.577e-01 9.053e-04 2.471e-04 2.244e-03 -1.000 5.117e-03 2.016 0.562 -0.024 -0.111 -0.154 -0.114 -0.134 -0.179 -0.595 -0.459 -0.330 -0.149 -0.109 -0.120 -0.407
0.005 -0.48482 5.00000 0.9448902607 2.4606013298    0.944  1.141  3.6715  2.910    0  0.000  0.538     0.00     0.00 -1 -6.35e-12      0.00 7.372e-01 2.577e-01 9.053e-04 2.471e-04 2.244e-03 -1.000 5.105e-03 1.917 0.470 -0.108 -0.194 -0.236 -0.196 -0.216 -0.261 -0.677 -0.541 -0.412 -0.232 -0.192 -0.202 -0.488
0.005 -0.48482 5.00000 0.9938682914 2.4716229439    0.994  1.181  3.6737  2.901    0  0.000  0.538     0.00     0.00 -1 -6.85e-12      0.00 7.372e-01 2.577e-01 9.053e-04 2.471e-04 2.244e-03 -1.000 5.101e-03 1.818 0.378 -0.193 -0.278 -0.320 -0.280 -0.299 -0.344 -0.760 -0.623 -0.495 -0.315 -0.276 -0.284 -0.571
0.005 -0.48482 5.00000 1.0094962120 2.4748818874    1.009  1.193  3.6743  2.898    0  0.000  0.538     0.00     0.00 -1 -6.87e-12      0.00 7.372e-01 2.577e-01 9.053e-04 2.471e-04 2.244e-03 -1.000 5.103e-03 1.788 0.350 -0.220 -0.304 -0.346 -0.306 -0.325 -0.369 -0.786 -0.649 -0.521 -0.341 -0.302 -0.310 -0.597
0.005 -0.48482 5.00000 1.0428463221 2.4814624786    1.042  1.218  3.6756  2.893    0  0.000  0.538     0.00     0.00 -1 -6.91e-12      0.00 7.372e-01 2.577e-01 9.053e-04 2.471e-04 2.244e-03 -1.000 5.110e-03 1.725 0.291 -0.274 -0.357 -0.399 -0.360 -0.379 -0.422 -0.839 -0.702 -0.574 -0.394 -0.356 -0.363 -0.650
0.005 -0.48482 5.00000 1.0918244123 2.4902939796    1.091  1.250  3.6775  2.888    0  0.000  0.538     0.00     0.00 -1 -6.77e-12      0.00 7.372e-01 2.577e-01 9.053e-04 2.471e-04 2.244e-03 -1.000 5.121e-03 1.644 0.216 -0.343 -0.425 -0.467 -0.428 -0.447 -0.490 -0.906 -0.770 -0.642 -0.462 -0.424 -0.431 -0.717
0.005 -0.48482 5.00000 1.1408023834 2.4982588291    1.140  1.283  3.6793  2.881    0  0.000  0.538     0.00     0.00 -1 -6.62e-12      0.00 7.372e-01 2.577e-01 9.053e-04 2.471e-04 2.244e-03 -1.000 5.114e-03 1.562 0.139 -0.414 -0.495 -0.536 -0.498 -0.516 -0.559 -0.975 -0.839 -0.711 -0.532 -0.494 -0.500 -0.787
0.005 -0.48482 5.00000 1.1897804737 2.5054745674    1.189  1.314  3.6808  2.875    0  0.000  0.538     0.00     0.00 -1 -6.39e-12      0.00 7.372e-01 2.577e-01 9.053e-04 2.471e-04 2.244e-03 -1.000 5.105e-03 1.485 0.068 -0.480 -0.561 -0.601 -0.563 -0.582 -0.624 -1.040 -0.903 -0.775 -0.597 -0.559 -0.565 -0.851
0.005 -0.48482 5.00000 1.2341011763 2.5114395618    1.234  1.342  3.6821  2.868    0  0.000  0.538     0.00     0.00 -1 -6.15e-12      0.00 7.372e-01 2.577e-01 9.053e-04 2.471e-04 2.244e-03 -1.000 5.101e-03 1.415 0.002 -0.541 -0.622 -0.662 -0.624 -0.642 -0.684 -1.100 -0.963 -0.834 -0.658 -0.620 -0.625 -0.912
0.005 -0.48482 5.00000 1.2387585640 2.5120379925    1.238  1.345  3.6823  2.867    0  0.000  0.538     0.00     0.00 -1 -6.12e-12      0.00 7.372e-01 2.577e-01 9.053e-04 2.471e-04 2.244e-03 -1.000 5.102e-03 1.409 -0.004 -0.547 -0.627 -0.668 -0.630 -0.648 -0.690 -1.106 -0.969 -0.840 -0.663 -0.626 -0.631 -0.917
0.005 -0.48482 5.00000 1.2877364159 2.5180306435    1.287  1.372  3.6837  2.863    0  0.000  0.538     0.00     0.00 -1 -5.75e-12      0.00 7.372e-01 2.577e-01 9.053e-04 2.471e-04 2.244e-03 -1.000 5.116e-03 1.340 -0.068 -0.606 -0.685 -0.725 -0.688 -0.706 -0.748 -1.164 -1.026 -0.896 -0.721 -0.684 -0.689 -0.975
0.005 -0.48482 5.00000 1.3354794979 2.5233881474    1.335  1.399  3.6850  2.856    0  0.000  0.538     0.00     0.00 -1 -5.35e-12      0.00 7.372e-01 2.577e-01 9.053e-04 2.471e-04 2.244e-03 -1.000 5.116e-03 1.272 -0.132 -0.666 -0.745 -0.785 -0.747 -0.765 -0.807 -1.223 -1.085 -0.954 -0.781 -0.743 -0.748 -1.034
0.005 -0.48482 5.00000 1.3367147446 2.5235209465    1.337  1.400  3.6850  2.856    0  0.000  0.538     0.00     0.00 -1 -5.34e-12      0.00 7.372e-01 2.577e-01 9.053e-04 2.471e-04 2.244e-03 -1.000 5.116e-03 1.270 -0.134 -0.667 -0.746 -0.786 -0.749 -0.766 -0.808 -1.224 -1.086 -0.955 -0.782 -0.745 -0.749 -1.035
0.005 -0.48482 5.00000 1.3856927156 2.5285673141    1.386  1.423  3.6863  2.854    0  0.000  0.538     0.00     0.00 -1 -4.79e-12      0.00 7.372e-01 2.577e-01 9.053e-04 2.471e-04 2.244e-03 -1.000 5.125e-03 1.213 -0.187 -0.716 -0.794 -0.833 -0.796 -0.814 -0.855 -1.271 -1.133 -1.001 -0.829 -0.792 -0.796 -1.082
0.005 -0.48482 5.00000 1.4346706867 2.5332195759    1.435  1.446  3.6875  2.851    0  0.000  0.538     0.00     0.00 -1 -4.21e-12      0.00 7.372e-01 2.577e-01 9.053e-04 2.471e-04 2.244e-03 -1.000 5.140e-03 1.154 -0.241 -0.766 -0.844 -0.883 -0.846 -0.863 -0.905 -1.320 -1.182 -1.049 -0.879 -0.842 -0.846 -1.132
0.005 -0.48482 5.00000 1.4836487770 2.5375204086    1.484  1.472  3.6886  2.844    0  0.000  0.538     0.00     0.00 -1  -3.6e-12      0.00 7.372e-01 2.577e-01 9.053e-04 2.471e-04 2.244e-03 -1.000 5.127e-03 1.091 -0.301 -0.823 -0.900 -0.939 -0.902 -0.919 -0.961 -1.376 -1.237 -1.104 -0.935 -0.898 -0.901 -1.187
0.005 -0.48482 5.00000 1.5326267481 2.5415067673    1.532  1.495  3.6896  2.838    0  0.000  0.538     0.00     0.00 -1  -2.9e-12      0.00 7.372e-01 2.577e-01 9.053e-04 2.471e-04 2.244e-03 -1.000 5.119e-03 1.032 -0.357 -0.875 -0.952 -0.990 -0.954 -0.971 -1.012 -1.428 -1.289 -1.155 -0.987 -0.950 -0.953 -1.239
0.005 -0.48482 5.00000 1.5511335135 2.5429377556    1.551  1.503  3.6899  2.837    0  0.000  0.538     0.00     0.00 -1 -2.57e-12      0.00 7.372e-01 2.577e-01 9.053e-04 2.471e-04 2.244e-03 -1.000 5.121e-03 1.012 -0.376 -0.893 -0.969 -1.008 -0.971 -0.988 -1.029 -1.445 -1.306 -1.172 -1.004 -0.967 -0.970 -1.256
0.005 -0.48482 5.00000 1.5816048384 2.5452103615    1.581  1.516  3.6906  2.835    0  0.000  0.538     0.00     0.00 -1  -2.1e-12      0.00 7.372e-01 2.577e-01 9.053e-04 2.471e-04 2.244e-03 -1.000 5.123e-03 0.980 -0.405 -0.920 -0.996 -1.035 -0.998 -1.016 -1.056 -1.472 -1.333 -1.198 -1.031 -0.994 -0.997 -1.283
0.005 -0.48482 5.00000 1.5936585665 2.5460817814    1.593  1.521  3.6908  2.835    0  0.000  0.538     0.00     0.00 -1 -1.84e-12      0.00 7.372e-01 2.577e-01 9.053e-04 2.471e-04 2.244e-03 -1.000 5.118e-03 0.968 -0.416 -0.930 -1.006 -1.044 -1.008 -1.025 -1.066 -1.481 -1.342 -1.208 -1.040 -1.004 -1.007 -1.292
0.005 -0.48482 5.00000 1.6305828094 2.5486593246    1.630  1.534  3.6917  2.835    0  0.000  0.538     0.00     0.00 -1 -1.22e-12      0.00 7.372e-01 2.577e-01 9.053e-04 2.471e-04 2.244e-03 -1.000 5.101e-03 0.935 -0.446 -0.958 -1.033 -1.071 -1.035 -1.052 -1.093 -1.508 -1.369 -1.234 -1.067 -1.031 -1.033 -1.319
0.005 -0.48482 5.00000 1.6795608997 2.5518779755    1.679  1.557  3.6925  2.828    0  0.000  0.538     0.00     0.00 -1 -2.31e-23      0.00 7.372e-01 2.577e-01 9.053e-04 2.471e-04 2.244e-03 -1.000 5.104e-03 0.878 -0.501 -1.010 -1.085 -1.123 -1.087 -1.104 -1.144 -1.560 -1.420 -1.286 -1.119 -1.083 -1.085 -1.371
0.005 -0.48482 5.00000 1.6815680265 2.5520052910    1.681  1.558  3.6925  2.828    0  0.000  0.538     0.00     0.00 -1 -1.14e-23      0.00 7.372e-01 2.577e-01 9.053e-04 2.471e-04 2.244e-03 -1.000 5.105e-03 0.876 -0.503 -1.012 -1.086 -1.125 -1.089 -1.106 -1.146 -1.561 -1.422 -1.288 -1.121 -1.085 -1.087 -1.372
0.005 -0.48482 5.00000 1.7285389900 2.5548877716    1.727  1.575  3.6934  2.826    0  0.000  0.538     0.00     0.00 -1    -1e-30      0.00 7.372e-01 2.577e-01 9.053e-04 2.471e-04 2.244e-03 -1.000 5.136e-03 0.832 -0.543 -1.049 -1.123 -1.161 -1.126 -1.143 -1.183 -1.598 -1.458 -1.324 -1.158 -1.122 -1.123 -1.409
0.005 -0.48482 5.00000 1.7338938713 2.5552048683    1.733  1.577  3.6935  2.825    0  0.000  0.538     0.00     0.00 -1    -1e-30      0.00 7.372e-01 2.577e-01 9.053e-04 2.471e-04 2.244e-03 -1.000 5.135e-03 0.826 -0.548 -1.054 -1.129 -1.167 -1.131 -1.148 -1.188 -1.603 -1.463 -1.329 -1.163 -1.127 -1.128 -1.414
0.005 -0.48482 5.00000 1.7775169611 2.5577075481    1.776  1.592  3.6943  2.825    0  0.000  0.538     0.00     0.00 -1    -1e-30      0.00 7.372e-01 2.577e-01 9.053e-04 2.471e-04 2.244e-03 -1.000 5.140e-03 0.791 -0.581 -1.085 -1.158 -1.196 -1.161 -1.178 -1.217 -1.632 -1.493 -1.358 -1.192 -1.157 -1.158 -1.443
0.005 -0.48482 5.00000 1.8271399736 2.5603878498    1.826  1.609  3.6952  2.823    0  0.000  0.538     0.00     0.00 -1    -1e-30      0.00 7.372e-01 2.577e-01 9.053e-04 2.471e-04 2.244e-03 -1.000 5.118e-03 0.746 -0.622 -1.123 -1.196 -1.234 -1.199 -1.216 -1.255 -1.670 -1.530 -1.396 -1.230 -1.195 -1.195 -1.481
0.005 -0.48482 5.00000 1.8557779789 2.5618600845    1.854  1.619  3.6957  2.822    0  0.000  0.538     0.00     0.00 -1    -1e-30      0.00 7.372e-01 2.577e-01 9.053e-04 2.471e-04 2.244e-03 -1.000 5.131e-03 0.722 -0.644 -1.144 -1.217 -1.254 -1.220 -1.236 -1.275 -1.690 -1.550 -1.416 -1.251 -1.216 -1.215 -1.501
0.005 -0.48482 5.00000 1.8767631054 2.5629060268    1.876  1.625  3.6961  2.822    0  0.000  0.538     0.00     0.00 -1    -1e-30      0.00 7.372e-01 2.577e-01 9.053e-04 2.471e-04 2.244e-03 -1.000 5.151e-03 0.707 -0.659 -1.156 -1.229 -1.267 -1.232 -1.249 -1.287 -1.702 -1.563 -1.428 -1.263 -1.229 -1.228 -1.514
0.005 -0.48482 5.00000 1.9263861179 2.5652754307    1.926  1.641  3.6969  2.821    0  0.000  0.538     0.00     0.00 -1    -1e-30      0.00 7.372e-01 2.577e-01 9.053e-04 2.471e-04 2.244e-03 -1.000 5.142e-03 0.668 -0.695 -1.190 -1.263 -1.300 -1.266 -1.282 -1.320 -1.735 -1.596 -1.461 -1.296 -1.262 -1.261 -1.546
0.005 -0.48482 5.00000 1.9523426294 2.5664598942    1.952  1.650  3.6973  2.819    0  0.000  0.538     0.00     0.00 -1    -1e-30      0.00 7.372e-01 2.577e-01 9.053e-04 2.471e-04 2.244e-03 -1.000 5.155e-03 0.645 -0.716 -1.210 -1.283 -1.320 -1.286 -1.302 -1.340 -1.755 -1.615 -1.481 -1.316 -1.282 -1.281 -1.566
0.005 -0.48482 5.00000 1.9760092497 2.5675084591    1.976  1.657  3.6977  2.819    0  0.000  0.538     0.00     0.00 -1    -1e-30      0.00 7.372e-01 2.577e-01 9.053e-04 2.471e-04 2.244e-03 -1.000 5.152e-03 0.627 -0.732 -1.225 -1.297 -1.335 -1.301 -1.317 -1.355 -1.770 -1.630 -1.495 -1.331 -1.297 -1.295 -1.581
0.005 -0.48482 5.00000 2.0256323814 2.5696163177    2.025  1.673  3.6984  2.818    0  0.000  0.538     0.00     0.00 -1    -1e-30      0.00 7.372e-01 2.577e-01 9.053e-04 2.471e-04 2.244e-03 -1.000 5.130e-03 0.589 -0.768 -1.259 -1.331 -1.368 -1.334 -1.350 -1.388 -1.803 -1.663 -1.528 -1.364 -1.331 -1.328 -1.614
0.005 -0.48482 5.00000 2.0733935833 2.5715358257    2.072  1.687  3.6991  2.816    0  0.000  0.538     0.00     0.00 -1    -1e-30      0.00 7.372e-01 2.577e-01 9.053e-04 2.471e-04 2.244e-03 -1.000 5.170e-03 0.553 -0.801 -1.290 -1.361 -1.398 -1.365 -1.381 -1.418 -1.833 -1.693 -1.558 -1.394 -1.361 -1.358 -1.644
0.005 -0.48482 5.00000 2.0752551556 2.5716085434    2.074  1.687  3.6991  2.816    0  0.000  0.538     0.00     0.00 -1    -1e-30      0.00 7.372e-01 2.577e-01 9.053e-04 2.471e-04 2.244e-03 -1.000 5.173e-03 0.551 -0.803 -1.291 -1.363 -1.400 -1.366 -1.382 -1.419 -1.834 -1.694 -1.560 -1.396 -1.363 -1.360 -1.645
0.005 -0.48482 5.00000 2.0814199448 2.5718483925    2.080  1.689  3.6992  2.816    0  0.000  0.538     0.00     0.00 -1    -1e-30      0.00 7.372e-01 2.577e-01 9.053e-04 2.471e-04 2.244e-03 -1.000 5.170e-03 0.546 -0.808 -1.296 -1.367 -1.404 -1.371 -1.386 -1.424 -1.839 -1.699 -1.564 -1.400 -1.367 -1.364 -1.650
0.005 -0.48482 5.00000 2.1248781681 2.5734941959    2.124  1.700  3.6999  2.817    0  0.000  0.538     0.00     0.00 -1    -1e-30      0.00 7.372e-01 2.577e-01 9.053e-04 2.471e-04 2.244e-03 -1.000 5.131e-03 0.520 -0.832 -1.317 -1.389 -1.425 -1.392 -1.408 -1.445 -1.860 -1.720 -1.585 -1.422 -1.389 -1.385 -1.671
0.005 -0.48482 5.00000 2.1713912487 2.5751719475    2.170  1.713  3.7006  2.816    0  0.000  0.538     0.00     0.00 -1    -1e-30      0.00 7.372e-01 2.577e-01 9.053e-04 2.471e-04 2.244e-03 -1.000 5.118e-03 0.489 -0.861 -1.344 -1.415 -1.452 -1.419 -1.435 -1.471 -1.886 -1.746 -1.611 -1.448 -1.415 -1.412 -1.697
0.005 -0.48482 5.00000 2.1745014191 2.5752811432    2.173  1.713  3.7006  2.816    0  0.000  0.538     0.00     0.00 -1    -1e-30      0.00 7.372e-01 2.577e-01 9.053e-04 2.471e-04 2.244e-03 -1.000 5.118e-03 0.487 -0.862 -1.346 -1.417 -1.453 -1.420 -1.436 -1.473 -1.888 -1.748 -1.613 -1.450 -1.417 -1.413 -1.699
0.005 -0.48482 5.00000 2.2241244316 2.5769767761    2.223  1.725  3.7014  2.817    0  0.000  0.538     0.00     0.00 -1    -1e-30      0.00 7.372e-01 2.577e-01 9.053e-04 2.471e-04 2.244e-03 -1.000 5.129e-03 0.457 -0.890 -1.371 -1.442 -1.478 -1.445 -1.461 -1.497 -1.912 -1.772 -1.637 -1.474 -1.442 -1.438 -1.723
0.005 -0.48482 5.00000 2.2516746521 2.5778810978    2.250  1.731  3.7018  2.818    0  0.000  0.538     0.00     0.00 -1    -1e-30      0.00 7.372e-01 2.577e-01 9.053e-04 2.471e-04 2.244e-03 -1.000 5.137e-03 0.442 -0.903 -1.383 -1.453 -1.489 -1.457 -1.473 -1.509 -1.924 -1.784 -1.649 -1.486 -1.453 -1.449 -1.735
0.005 -0.48482 5.00000 2.2737474442 2.5785875320    2.272  1.736  3.7022  2.819    0  0.000  0.538     0.00     0.00 -1    -1e-30      0.00 7.372e-01 2.577e-01 9.053e-04 2.471e-04 2.244e-03 -1.000 5.139e-03 0.430 -0.914 -1.393 -1.464 -1.500 -1.467 -1.483 -1.519 -1.934 -1.794 -1.659 -1.496 -1.464 -1.459 -1.745
0.005 -0.48482 5.00000 2.3002095222 2.5794138908    2.299  1.744  3.7024  2.817    0  0.000  0.538     0.00     0.00 -1    -1e-30      0.00 7.371e-01 2.577e-01 9.053e-04 2.471e-04 2.244e-03 -1.000 5.136e-03 0.410 -0.933 -1.411 -1.481 -1.517 -1.484 -1.500 -1.536 -1.951 -1.811 -1.676 -1.513 -1.481 -1.477 -1.762
0.005 -0.48482 5.00000 2.3233704567 2.5801193714    2.322  1.749  3.7028  2.817    0  0.000  0.538     0.00     0.00 -1    -1e-30      0.00 7.371e-01 2.577e-01 9.053e-04 2.471e-04 2.244e-03 -1.000 5.132e-03 0.396 -0.945 -1.423 -1.493 -1.528 -1.496 -1.512 -1.548 -1.962 -1.822 -1.688 -1.525 -1.493 -1.488 -1.774
0.005 -0.48482 5.00000 2.3729934692 2.5815777779    2.372  1.761  3.7034  2.818    0  0.000  0.538     0.00     0.00 -1    -1e-30      0.00 7.371e-01 2.577e-01 9.053e-04 2.471e-04 2.244e-03 -1.000 5.123e-03 0.367 -0.972 -1.448 -1.517 -1.553 -1.521 -1.536 -1.572 -1.987 -1.847 -1.712 -1.550 -1.517 -1.513 -1.798
0.005 -0.48482 5.00000 2.4226169586 2.5829677582    2.421  1.751  3.7052  2.844    0  0.000  0.538     0.00     0.00 -1    -1e-30      0.00 7.372e-01 2.577e-01 9.053e-04 2.471e-04 2.244e-03 -1.000 5.101e-03 0.393 -0.939 -1.409 -1.478 -1.513 -1.482 -1.497 -1.532 -1.947 -1.807 -1.672 -1.510 -1.478 -1.473 -1.758
0.005 -0.48482 5.00000 2.4239511490 2.5830042362    2.422  1.750  3.7053  2.846    0  0.000  0.538     0.00     0.00 -1    -1e-30      0.00 7.372e-01 2.577e-01 9.053e-04 2.471e-04 2.244e-03 -1.000 5.101e-03 0.396 -0.937 -1.406 -1.475 -1.511 -1.479 -1.494 -1.529 -1.944 -1.804 -1.669 -1.507 -1.476 -1.470 -1.755
0.005 -0.48482 5.00000 2.5049080849 2.5851337910    2.504  1.699  3.7100  2.929    0  0.000  0.538     0.00     0.00 -1    -1e-30      0.00 7.372e-01 2.577e-01 9.053e-04 2.471e-04 2.245e-03 -1.000 5.101e-03 0.522 -0.794 -1.250 -1.317 -1.351 -1.320 -1.335 -1.368 -1.783 -1.642 -1.506 -1.347 -1.317 -1.309 -1.594
0.005 -0.48482 5.00000 2.5947594643 2.5873193741    2.594  1.657  3.7144  3.005    0  0.000  0.538     0.00     0.00 -1    -1e-30      0.00 7.372e-01 2.577e-01 9.053e-04 2.471e-04 2.245e-03 -1.000 5.101e-03 0.628 -0.671 -1.114 -1.179 -1.212 -1.184 -1.198 -1.229 -1.643 -1.502 -1.366 -1.209 -1.181 -1.169 -1.454
0.005 -0.48482 5.00000 2.6211090088 2.5879275799    2.620  1.647  3.7155  3.023    0  0.000  0.538     0.00     0.00 -1    -1e-30      0.00 7.372e-01 2.577e-01 9.053e-04 2.471e-04 2.245e-03 -1.000 5.101e-03 0.652 -0.643 -1.083 -1.148 -1.180 -1.152 -1.166 -1.197 -1.610 -1.469 -1.333 -1.177 -1.149 -1.137 -1.421
0.005 -0.48482 5.00000 2.6596741676 2.5887930393    2.659  1.656  3.7159  3.022    0  0.000  0.538     0.00     0.00 -1    -1e-30      0.00 7.372e-01 2.577e-01 9.053e-04 2.471e-04 2.245e-03 -1.000 5.101e-03 0.630 -0.663 -1.101 -1.166 -1.199 -1.171 -1.185 -1.215 -1.629 -1.488 -1.352 -1.196 -1.168 -1.155 -1.440
0.005 -0.48482 5.00000 2.8196010590 2.5920932293    2.819  1.694  3.7175  3.016    0  0.000  0.538     0.00     0.00 -1    -1e-30      0.00 7.372e-01 2.577e-01 9.053e-04 2.471e-04 2.245e-03 -1.000 5.101e-03 0.535 -0.752 -1.186 -1.250 -1.283 -1.255 -1.269 -1.299 -1.712 -1.571 -1.436 -1.280 -1.252 -1.239 -1.523
0.005 -0.48482 5.00000 2.9039061069 2.5936653614    2.904  1.712  3.7183  3.014    0  0.000  0.538     0.00     0.00 -1    -1e-30      0.00 7.372e-01 2.577e-01 9.053e-04 2.471e-04 2.245e-03 -1.000 5.101e-03 0.489 -0.794 -1.226 -1.290 -1.322 -1.295 -1.308 -1.338 -1.751 -1.611 -1.475 -1.319 -1.292 -1.278 -1.563
0.005 -0.48482 5.00000 3.0180935860 2.5956349373    3.018  1.738  3.7193  3.009    0  0.000  0.538     0.00     0.00 -1    -1e-30      0.00 7.372e-01 2.577e-01 9.053e-04 2.471e-04 2.245e-03 -1.000 5.101e-03 0.426 -0.854 -1.282 -1.346 -1.378 -1.351 -1.364 -1.393 -1.807 -1.666 -1.531 -1.375 -1.348 -1.333 -1.618
0.005 -0.48482 5.00000 3.0414414406 2.5960166454    3.041  1.742  3.7196  3.009    0  0.000  0.538     0.00     0.00 -1    -1e-30      0.00 7.372e-01 2.577e-01 9.053e-04 2.471e-04 2.245e-03 -1.000 5.101e-03 0.414 -0.865 -1.292 -1.356 -1.388 -1.361 -1.375 -1.404 -1.817 -1.676 -1.541 -1.385 -1.358 -1.343 -1.628
0.005 -0.48482 5.00000 3.2165856361 2.5986788273    3.215  1.780  3.7210  3.001    0  0.000  0.538     0.00     0.00 -1    -1e-30      0.00 7.372e-01 2.577e-01 9.053e-04 2.471e-04 2.245e-03 -1.000 5.101e-03 0.319 -0.954 -1.378 -1.441 -1.472 -1.446 -1.460 -1.488 -1.901 -1.761 -1.625 -1.470 -1.443 -1.428 -1.713
0.005 -0.48482 5.00000 3.3682346344 2.6007285118    3.366  1.811  3.7223  2.995    0  0.000  0.538     0.00     0.00 -1    -1e-30      0.00 7.372e-01 2.577e-01 9.053e-04 2.471e-04 2.245e-03 -1.000 5.101e-03 0.242 -1.026 -1.447 -1.509 -1.540 -1.514 -1.527 -1.555 -1.969 -1.828 -1.693 -1.537 -1.512 -1.495 -1.780
0.005 -0.48482 5.00000 3.4150776863 2.6013193130    3.413  1.822  3.7226  2.992    0  0.000  0.538     0.00     0.00 -1    -1e-30      0.00 7.372e-01 2.577e-01 9.053e-04 2.471e-04 2.245e-03 -1.000 5.101e-03 0.216 -1.051 -1.471 -1.533 -1.564 -1.538 -1.551 -1.579 -1.993 -1.852 -1.717 -1.561 -1.535 -1.519 -1.804
0.005 -0.48482 5.00000 3.5797491074 2.6032564640    3.577  1.855  3.7240  2.985    0  0.000  0.538     0.00     0.00 -1    -1e-30      0.00 7.372e-01 2.577e-01 9.053e-04 2.471e-04 2.245e-03 -1.000 5.101e-03 0.133 -1.128 -1.544 -1.606 -1.636 -1.611 -1.624 -1.651 -2.065 -1.925 -1.789 -1.633 -1.609 -1.591 -1.876
0.005 -0.48482 5.00000 3.6135697365 2.6036291122    3.611  1.862  3.7242  2.982    0  0.000  0.538     0.00     0.00 -1    -1e-30      0.00 7.372e-01 2.577e-01 9.053e-04 2.471e-04 2.245e-03 -1.000 5.101e-03 0.114 -1.147 -1.562 -1.623 -1.654 -1.629 -1.642 -1.669 -2.083 -1.942 -1.807 -1.651 -1.626 -1.609 -1.894
0.005 -0.48482 5.00000 3.7894685268 2.6054451466    3.787  1.901  3.7255  2.969    0  0.000  0.538     0.00     0.00 -1    -1e-30      0.00 7.372e-01 2.577e-01 9.053e-04 2.471e-04 2.245e-03 -1.000 5.101e-03 0.017 -1.239 -1.651 -1.712 -1.742 -1.718 -1.730 -1.757 -2.170 -2.030 -1.895 -1.739 -1.715 -1.697 -1.982
0.005 -0.48482 5.00000 3.8120622635 2.6056644917    3.810  1.907  3.7256  2.967    0  0.000  0.538     0.00     0.00 -1    -1e-30      0.00 7.372e-01 2.577e-01 9.053e-04 2.471e-04 2.245e-03 -1.000 5.101e-03 0.003 -1.252 -1.664 -1.725 -1.755 -1.730 -1.743 -1.770 -2.183 -2.043 -1.908 -1.752 -1.728 -1.709 -1.994
0.005 -0.48482 5.00000 3.9837806225 2.6072385311    3.984  1.942  3.7271  2.957    0  0.000  0.538     0.00     0.00 -1    -1e-30      0.00 7.372e-01 2.577e-01 9.053e-04 2.471e-04 2.245e-03 -1.000 5.101e-03 -0.085 -1.334 -1.742 -1.802 -1.832 -1.808 -1.821 -1.847 -2.260 -2.120 -1.986 -1.829 -1.806 -1.786 -2.071
0.005 -0.48482 5.00000 4.0105543137 2.6074700356    4.011  1.948  3.7273  2.954    0  0.000  0.538     0.00     0.00 -1    -1e-30      0.00 7.372e-01 2.577e-01 9.053e-04 2.471e-04 2.245e-03 -1.000 5.101e-03 -0.101 -1.350 -1.757 -1.817 -1.847 -1.823 -1.836 -1.862 -2.275 -2.135 -2.001 -1.844 -1.821 -1.801 -2.086
0.005 -0.48482 5.00000 4.2090463638 2.6090810299    4.207  1.997  3.7288  2.932    0  0.000  0.538     0.00     0.00 -1    -1e-30      0.00 7.372e-01 2.577e-01 9.053e-04 2.471e-04 2.245e-03 -1.000 5.101e-03 -0.223 -1.466 -1.869 -1.929 -1.958 -1.935 -1.947 -1.973 -2.386 -2.246 -2.112 -1.955 -1.933 -1.912 -2.197
0.005 -0.48482 5.00000 4.4075388908 2.6105263233    4.405  2.046  3.7306  2.911    0  0.000  0.538     0.00     0.00 -1    -1e-30      0.00 7.372e-01 2.577e-01 9.053e-04 2.471e-04 2.245e-03 -1.000 5.101e-03 -0.344 -1.580 -1.978 -2.037 -2.066 -2.044 -2.056 -2.080 -2.494 -2.354 -2.220 -2.063 -2.041 -2.020 -2.305
0.005 -0.48482 5.00000 4.5189461708 2.6112740040    4.516  2.077  3.7317  2.895    0  0.000  0.538     0.00     0.00 -1    -1e-30      0.00 7.372e-01 2.577e-01 9.053e-04 2.471e-04 2.245e-03 -1.000 5.101e-03 -0.422 -1.653 -2.049 -2.107 -2.136 -2.114 -2.126 -2.150 -2.564 -2.424 -2.290 -2.133 -2.112 -2.090 -2.375
0.005 -0.48482 5.00000 4.6060314178 2.6118295193    4.603  2.102  3.7326  2.882    0  0.000  0.538     0.00     0.00 -1    -1e-30      0.00 7.372e-01 2.577e-01 9.053e-04 2.471e-04 2.245e-03 -1.000 5.101e-03 -0.484 -1.712 -2.104 -2.163 -2.191 -2.170 -2.182 -2.205 -2.619 -2.480 -2.346 -2.188 -2.168 -2.145 -2.430
0.005 -0.48482 5.00000 4.6149930954 2.6118853092    4.612  2.104  3.7327  2.881    0  0.000  0.538     0.00     0.00 -1    -1e-30      0.00 7.372e-01 2.577e-01 9.053e-04 2.471e-04 2.245e-03 -1.000 5.101e-03 -0.490 -1.717 -2.109 -2.167 -2.195 -2.174 -2.186 -2.210 -2.623 -2.484 -2.350 -2.193 -2.172 -2.149 -2.435
0.005 -0.48482 5.00000 4.7626571655 2.6127698421    4.760  2.149  3.7344  2.856    0  0.000  0.538     0.00     0.00 -1    -1e-30      0.00 7.372e-01 2.577e-01 9.053e-04 2.471e-04 2.245e-03 -1.000 5.101e-03 -0.603 -1.823 -2.210 -2.268 -2.295 -2.275 -2.287 -2.310 -2.724 -2.585 -2.451 -2.293 -2.273 -2.249 -2.535
0.005 -0.48482 5.00000 4.8045234680 2.6130094528    4.803  2.167  3.7350  2.845    0  0.000  0.538     0.00     0.00 -1    -1e-30      0.00 7.372e-01 2.577e-01 9.053e-04 2.471e-04 2.245e-03 -1.000 5.101e-03 -0.647 -1.865 -2.251 -2.308 -2.336 -2.316 -2.327 -2.350 -2.764 -2.625 -2.491 -2.333 -2.314 -2.290 -2.575
0.005 -0.48482 5.00000 5.0030159950 2.6140823364    5.002  2.253  3.7382  2.789    0  0.000  0.538     0.00     0.00 -1    -1e-30      0.00 7.372e-01 2.577e-01 9.053e-04 2.471e-04 2.245e-03 -1.000 5.101e-03 -0.863 -2.068 -2.445 -2.501 -2.528 -2.510 -2.521 -2.542 -2.956 -2.818 -2.685 -2.526 -2.508 -2.482 -2.767
0.005 -0.48482 5.00000 5.0436143875 2.6142897606    5.043  2.272  3.7389  2.777    0  0.000  0.538     0.00     0.00 -1    -1e-30      0.00 7.372e-01 2.577e-01 9.053e-04 2.471e-04 2.245e-03 -1.000 5.101e-03 -0.909 -2.110 -2.486 -2.541 -2.568 -2.550 -2.562 -2.582 -2.997 -2.858 -2.725 -2.566 -2.549 -2.522 -2.808
0.005 -0.48482 5.00000 5.2015075684 2.6150617599    5.201  2.354  3.7425  2.722    0  0.000  0.538     0.00     0.00 -1    -1e-30      0.00 7.372e-01 2.577e-01 9.053e-04 2.471e-04 2.245e-03 -1.000 5.101e-03 -1.115 -2.303 -2.668 -2.722 -2.748 -2.732 -2.743 -2.763 -3.180 -3.036 -2.906 -2.746 -2.731 -2.716 -2.991
0.005 -0.48482 5.00000 5.2465271950 2.6152720451    5.247  2.379  3.7437  2.705    0  0.000  0.538     0.00     0.00 -1    -1e-30      0.00 7.372e-01 2.577e-01 9.053e-04 2.471e-04 2.245e-03 -1.000 5.101e-03 -1.178 -2.361 -2.723 -2.777 -2.802 -2.787 -2.798 -2.817 -3.236 -3.090 -2.960 -2.800 -2.786 -2.778 -3.047
0.005 -0.48482 5.00000 5.4000000954 2.6159586906    5.401  2.463  3.7487  2.654    0  0.000  0.538     0.00     0.00 -1    -1e-30      0.00 7.372e-01 2.577e-01 9.053e-04 2.471e-04 2.245e-03 -1.000 5.101e-03 -1.388 -2.551 -2.898 -2.950 -2.975 -2.963 -2.973 -2.990 -3.415 -3.257 -3.133 -2.973 -2.962 -2.984 -3.227
0.005 -0.48482 5.00000 5.5763292313 2.6166942120    5.577  2.541  3.7566  2.621    0  0.000  0.538     0.00     0.00 -1    -1e-30      0.00 7.372e-01 2.577e-01 9.053e-04 2.471e-04 2.245e-03 -1.000 5.101e-03 -1.583 -2.713 -3.039 -3.088 -3.112 -3.104 -3.113 -3.127 -3.562 -3.384 -3.270 -3.110 -3.103 -3.172 -3.374
0.005 -0.48482 5.00000 5.6604933739 2.6170268059    5.661  2.576  3.7611  2.611    0  0.000  0.538     0.00     0.00 -1    -1e-30      0.00 7.372e-01 2.577e-01 9.053e-04 2.471e-04 2.245e-03 -1.000 5.101e-03 -1.670 -2.780 -3.094 -3.142 -3.165 -3.159 -3.167 -3.179 -3.620 -3.431 -3.322 -3.163 -3.158 -3.254 -3.433
0.005 -0.48482 5.00000 5.7526593208 2.6173782349    5.753  2.611  3.7678  2.610    0  0.000  0.538     0.00     0.00 -1    -1e-30      0.00 7.372e-01 2.577e-01 9.053e-04 2.471e-04 2.245e-03 -1.000 5.101e-03 -1.757 -2.837 -3.135 -3.180 -3.202 -3.200 -3.207 -3.216 -3.666 -3.460 -3.358 -3.200 -3.199 -3.334 -3.479
0.005 -0.48482 5.00000 5.7957653999 2.6175379753    5.796  2.627  3.7715  2.613    0  0.000  0.538     0.00     0.00 -1    -1e-30      0.00 7.372e-01 2.577e-01 9.053e-04 2.471e-04 2.245e-03 -1.000 5.101e-03 -1.797 -2.860 -3.148 -3.191 -3.213 -3.212 -3.218 -3.227 -3.681 -3.466 -3.367 -3.211 -3.211 -3.370 -3.495
0.005 -0.48482 5.00000 5.8975367546 2.6179049015    5.897  2.664  3.7828  2.628    0  0.000  0.538     0.00     0.00 -1    -1e-30      0.00 7.372e-01 2.577e-01 9.053e-04 2.471e-04 2.245e-03 -1.000 5.101e-03 -1.889 -2.898 -3.156 -3.197 -3.217 -3.219 -3.224 -3.231 -3.700 -3.456 -3.366 -3.215 -3.219 -3.447 -3.515
0.005 -0.48482 5.00000 5.9289884567 2.6180155277    5.929  2.675  3.7868  2.635    0  0.000  0.538     0.00     0.00 -1    -1e-30      0.00 7.372e-01 2.577e-01 9.053e-04 2.471e-04 2.245e-03 -1.000 5.101e-03 -1.918 -2.908 -3.156 -3.196 -3.216 -3.219 -3.224 -3.230 -3.704 -3.450 -3.363 -3.214 -3.219 -3.472 -3.519
0.005 -0.48482 5.00000 5.9946942329 2.6182420254    5.994  2.699  3.7955  2.650    0  0.000  0.538     0.00     0.00 -1    -1e-30      0.00 7.372e-01 2.577e-01 9.053e-04 2.471e-04 2.245e-03 -1.000 5.101e-03 -1.978 -2.926 -3.154 -3.191 -3.210 -3.216 -3.219 -3.225 -3.708 -3.431 -3.356 -3.209 -3.215 -3.523 -3.524
0.005 -0.48482 5.00000 6.0848202705 2.6185436249    6.084  2.733  3.8084  2.675    0  0.000  0.538     0.00     0.00 -1    -1e-30      0.00 7.372e-01 2.577e-01 9.053e-04 2.471e-04 2.245e-03 -1.000 5.101e-03 -2.062 -2.945 -3.146 -3.179 -3.197 -3.203 -3.206 -3.211 -3.709 -3.399 -3.340 -3.195 -3.203 -3.592 -3.526
0.005 -0.48482 5.00000 6.1053180695 2.6186106205    6.105  2.741  3.8115  2.681    0  0.000  0.538     0.00     0.00 -1    -1e-30      0.00 7.372e-01 2.577e-01 9.053e-04 2.471e-04 2.245e-03 -1.000 5.101e-03 -2.081 -2.949 -3.143 -3.175 -3.193 -3.199 -3.202 -3.207 -3.709 -3.391 -3.335 -3.191 -3.199 -3.608 -3.526
0.005 -0.48482 5.00000 6.1536293030 2.6187670231    6.153  2.759  3.8188  2.696    0  0.000  0.538     0.00     0.00 -1    -1e-30      0.00 7.372e-01 2.577e-01 9.053e-04 2.471e-04 2.245e-03 -1.000 5.101e-03 -2.127 -2.957 -3.135 -3.166 -3.183 -3.190 -3.192 -3.196 -3.699 -3.377 -3.323 -3.181 -3.190 -3.607 -3.517
0.005 -0.48482 5.00000 6.2464723587 2.6190595627    6.245  2.795  3.8333  2.724    0  0.000  0.538     0.00     0.00 -1    -1e-30      0.00 7.372e-01 2.577e-01 9.053e-04 2.471e-04 2.245e-03 -1.000 5.101e-03 -2.217 -2.971 -3.118 -3.147 -3.163 -3.170 -3.173 -3.176 -3.678 -3.354 -3.299 -3.162 -3.170 -3.587 -3.496
0.005 -0.48482 5.00000 6.2816472054 2.6191675663    6.280  2.809  3.8388  2.735    0  0.000  0.538     0.00     0.00 -1    -1e-30      0.00 7.372e-01 2.577e-01 9.053e-04 2.471e-04 2.245e-03 -1.000 5.101e-03 -2.252 -2.976 -3.111 -3.139 -3.155 -3.162 -3.165 -3.168 -3.670 -3.345 -3.289 -3.154 -3.162 -3.579 -3.487
0.005 -0.48482 5.00000 6.3641366959 2.6194159985    6.361  2.841  3.8518  2.759    0  0.000  0.538     0.00     0.00 -1    -1e-30      0.00 7.372e-01 2.577e-01 9.053e-04 2.471e-04 2.245e-03 -1.000 5.101e-03 -2.334 -2.987 -3.096 -3.122 -3.137 -3.145 -3.147 -3.151 -3.651 -3.324 -3.268 -3.136 -3.145 -3.561 -3.468
0.005 -0.48482 5.00000 6.4518308640 2.6196720600    6.448  2.877  3.8659  2.786    0  0.000  0.538     0.00     0.00 -1    -1e-30      0.00 7.372e-01 2.577e-01 9.053e-04 2.471e-04 2.245e-03 -1.000 5.101e-03 -2.423 -2.996 -3.079 -3.104 -3.119 -3.126 -3.128 -3.132 -3.630 -3.302 -3.245 -3.118 -3.126 -3.542 -3.448
0.005 -0.48482 5.00000 6.5380311012 2.6199162006    6.533  2.914  3.8801  2.812    0  0.000  0.538     0.00     0.00 -1    -1e-30      0.00 7.372e-01 2.577e-01 9.053e-04 2.471e-04 2.245e-03 -1.000 5.101e-03 -2.514 -3.003 -3.063 -3.087 -3.100 -3.107 -3.110 -3.113 -3.610 -3.280 -3.222 -3.100 -3.107 -3.523 -3.428
0.005 -0.48482 5.00000 6.6226668358 2.6201486588    6.616  2.950  3.8943  2.837    0  0.000  0.538     0.00     0.00 -1    -1e-30      0.00 7.372e-01 2.577e-01 9.053e-04 2.471e-04 2.245e-03 -1.000 5.101e-03 -2.606 -3.010 -3.048 -3.070 -3.083 -3.090 -3.092 -3.095 -3.590 -3.259 -3.201 -3.083 -3.090 -3.505 -3.408
0.005 -0.48482 5.00000 6.7057147026 2.6203701496    6.698  2.987  3.9085  2.863    0  0.000  0.538     0.00     0.00 -1    -1e-30      0.00 7.372e-01 2.577e-01 9.053e-04 2.471e-04 2.245e-03 -1.000 5.101e-03 -2.698 -3.014 -3.036 -3.055 -3.067 -3.073 -3.075 -3.077 -3.572 -3.239 -3.180 -3.066 -3.073 -3.487 -3.390
0.005 -0.48482 5.00000 6.7871541977 2.6205816269    6.778  3.024  3.9227  2.888    0  0.000  0.538     0.00     0.00 -1    -1e-30      0.00 7.372e-01 2.577e-01 9.053e-04 2.471e-04 2.245e-03 -1.000 5.101e-03 -2.790 -3.018 -3.024 -3.040 -3.050 -3.057 -3.058 -3.060 -3.554 -3.220 -3.160 -3.050 -3.057 -3.470 -3.372
0.005 -0.48482 5.00000 6.8106355667 2.6206414700    6.802  3.035  3.9269  2.895    0  0.000  0.538     0.00     0.00 -1    -1e-30      0.00 7.372e-01 2.577e-01 9.053e-04 2.471e-04 2.245e-03 -1.000 5.101e-03 -2.817 -3.018 -3.021 -3.036 -3.046 -3.052 -3.053 -3.055 -3.549 -3.215 -3.155 -3.046 -3.052 -3.465 -3.366
0.005 -0.48482 5.00000 6.8362240791 2.6207060814    6.827  3.046  3.9313  2.903    0  0.000  0.538     0.00     0.00 -1    -1e-30      0.00 7.372e-01 2.577e-01 9.053e-04 2.471e-04 2.245e-03 -1.000 5.101e-03 -2.846 -3.018 -3.017 -3.032 -3.040 -3.047 -3.048 -3.050 -3.543 -3.209 -3.148 -3.041 -3.047 -3.459 -3.360
0.005 -0.48482 5.00000 6.9146542549 2.6209008694    6.905  3.082  3.9452  2.928    0  0.000  0.538     0.00     0.00 -1    -1e-30      0.00 7.372e-01 2.577e-01 9.053e-04 2.471e-04 2.245e-03 -1.000 5.101e-03 -2.935 -3.018 -3.007 -3.018 -3.024 -3.029 -3.029 -3.031 -3.523 -3.188 -3.128 -3.024 -3.029 -3.440 -3.341
0.005 -0.48482 5.00000 6.9919266701 2.6210877895    6.981  3.118  3.9592  2.953    0  0.000  0.538     0.00     0.00 -1    -1e-30      0.00 7.372e-01 2.577e-01 9.053e-04 2.471e-04 2.245e-03 -1.000 5.101e-03 -3.025 -3.015 -2.997 -3.003 -3.006 -3.010 -3.010 -3.011 -3.501 -3.166 -3.105 -3.007 -3.010 -3.420 -3.319
0.005 -0.48482 5.00000 7.0682392120 2.6212677956    7.057  3.153  3.9732  2.978    0  0.000  0.538     0.00     0.00 -1    -1e-30      0.00 7.372e-01 2.577e-01 9.053e-04 2.471e-04 2.245e-03 -1.000 5.101e-03 -3.113 -3.011 -2.986 -2.988 -2.988 -2.991 -2.990 -2.990 -3.479 -3.142 -3.082 -2.989 -2.991 -3.398 -3.297
0.005 -0.48482 5.00000 7.1437549591 2.6214416027    7.132  3.189  3.9873  3.004    0  0.000  0.538     0.00     0.00 -1    -1e-30      0.00 7.372e-01 2.577e-01 9.053e-04 2.471e-04 2.245e-03 -1.000 5.101e-03 -3.201 -3.005 -2.974 -2.973 -2.969 -2.971 -2.969 -2.968 -3.455 -3.119 -3.058 -2.970 -2.970 -3.376 -3.273
0.005 -0.48482 5.00000 7.2188868523 2.6216104031    7.206  3.224  4.0016  3.031    0  0.000  0.538     0.00     0.00 -1    -1e-30      0.00 7.372e-01 2.577e-01 9.053e-04 2.471e-04 2.245e-03 -1.000 5.101e-03 -3.289 -2.997 -2.961 -2.956 -2.948 -2.949 -2.946 -2.944 -3.431 -3.093 -3.033 -2.950 -2.949 -3.352 -3.248
0.005 -0.48482 5.00000 7.2935395241 2.6217741966    7.280  3.258  4.0160  3.058    0  0.000  0.538     0.00     0.00 -1    -1e-30      0.00 7.372e-01 2.577e-01 9.053e-04 2.471e-04 2.245e-03 -1.000 5.101e-03 -3.375 -2.987 -2.947 -2.938 -2.927 -2.927 -2.923 -2.920 -3.405 -3.067 -3.006 -2.929 -2.926 -3.327 -3.223
0.005 -0.48482 5.00000 7.3677163124 2.6219332218    7.354  3.292  4.0304  3.086    0  0.000  0.538     0.00     0.00 -1    -1e-30      0.00 7.372e-01 2.577e-01 9.053e-04 2.471e-04 2.245e-03 -1.000 5.101e-03 -3.461 -2.975 -2.931 -2.918 -2.904 -2.903 -2.899 -2.895 -3.378 -3.039 -2.977 -2.906 -2.902 -3.302 -3.196
0.005 -0.48482 5.00000 7.4416122437 2.6220879555    7.427  3.326  4.0449  3.115    0  0.000  0.538     0.00     0.00 -1    -1e-30      0.00 7.372e-01 2.577e-01 9.053e-04 2.471e-04 2.245e-03 -1.000 5.101e-03 -3.544 -2.961 -2.911 -2.896 -2.879 -2.877 -2.872 -2.868 -3.349 -3.008 -2.945 -2.881 -2.876 -3.274 -3.167
0.005 -0.48482 5.00000 7.5153784752 2.6222388744    7.500  3.358  4.0595  3.145    0  0.000  0.538     0.00     0.00 -1    -1e-30      0.00 7.372e-01 2.577e-01 9.053e-04 2.471e-04 2.245e-03 -1.000 5.101e-03 -3.626 -2.943 -2.890 -2.872 -2.852 -2.849 -2.843 -2.838 -3.318 -2.975 -2.911 -2.854 -2.848 -3.244 -3.136
0.005 -0.48482 5.00000 7.5891718864 2.6223866940    7.573  3.391  4.0742  3.176    0  0.000  0.538     0.00     0.00 -1    -1e-30      0.00 7.372e-01 2.577e-01 9.053e-04 2.471e-04 2.245e-03 -1.000 5.101e-03 -3.706 -2.922 -2.865 -2.844 -2.822 -2.818 -2.812 -2.806 -3.284 -2.939 -2.874 -2.824 -2.817 -3.211 -3.102
0.005 -0.48482 5.00000 7.6631426811 2.6225314140    7.647  3.422  4.0889  3.207    0  0.000  0.538     0.00     0.00 -1    -1e-30      0.00 7.372e-01 2.577e-01 9.053e-04 2.471e-04 2.245e-03 -1.000 5.101e-03 -3.785 -2.898 -2.837 -2.814 -2.789 -2.784 -2.777 -2.770 -3.246 -2.900 -2.834 -2.791 -2.783 -3.175 -3.064
0.005 -0.48482 5.00000 7.6922831535 2.6225874424    7.676  3.434  4.0947  3.220    0  0.000  0.538     0.00     0.00 -1    -1e-30      0.00 7.372e-01 2.577e-01 9.053e-04 2.471e-04 2.245e-03 -1.000 5.101e-03 -3.815 -2.888 -2.825 -2.801 -2.775 -2.769 -2.763 -2.755 -3.230 -2.884 -2.817 -2.778 -2.768 -3.160 -3.048
0.005 -0.48482 5.00000 7.7549300194 2.6227066517    7.739  3.459  4.1074  3.249    0  0.000  0.538     0.00     0.00 -1    -1e-30      0.00 7.372e-01 2.577e-01 9.053e-04 2.471e-04 2.245e-03 -1.000 5.101e-03 -3.879 -2.862 -2.796 -2.770 -2.742 -2.736 -2.729 -2.721 -3.194 -2.846 -2.779 -2.745 -2.735 -3.124 -3.012
0.005 -0.48482 5.00000 7.8308110237 2.6228477955    7.814  3.489  4.1227  3.284    0  0.000  0.538     0.00     0.00 -1    -1e-30      0.00 7.372e-01 2.577e-01 9.053e-04 2.471e-04 2.245e-03 -1.000 5.101e-03 -3.953 -2.829 -2.759 -2.730 -2.699 -2.692 -2.684 -2.676 -3.147 -2.798 -2.730 -2.703 -2.691 -3.079 -2.965
0.005 -0.48482 5.00000 7.9076600075 2.6229877472    7.891  3.518  4.1380  3.321    0  0.000  0.538     0.00     0.00 -1    -1e-30      0.00 7.372e-01 2.577e-01 9.053e-04 2.471e-04 2.245e-03 -1.000 5.101e-03 -4.026 -2.792 -2.718 -2.687 -2.653 -2.645 -2.636 -2.627 -3.097 -2.747 -2.679 -2.657 -2.644 -3.030 -2.915
0.005 -0.48482 5.00000 7.9856224060 2.6231265068    7.969  3.546  4.1535  3.359    0  0.000  0.538     0.00     0.00 -1    -1e-30      0.00 7.372e-01 2.577e-01 9.053e-04 2.471e-04 2.245e-03 -1.000 5.101e-03 -4.096 -2.752 -2.674 -2.641 -2.604 -2.596 -2.586 -2.576 -3.044 -2.693 -2.627 -2.608 -2.594 -2.978 -2.862
0.005 -0.48482 5.00000 8.0648517609 2.6232643127    8.048  3.574  4.1689  3.398    0  0.000  0.538     0.00     0.00 -1    -1e-30      0.00 7.372e-01 2.577e-01 9.053e-04 2.471e-04 2.245e-03 -1.000 5.101e-03 -4.164 -2.708 -2.627 -2.591 -2.552 -2.543 -2.532 -2.521 -2.988 -2.637 -2.573 -2.556 -2.541 -2.923 -2.806
0.005 -0.48482 5.00000 8.1454906464 2.6234016418    8.128  3.600  4.1844  3.438    0  0.000  0.538     0.00     0.00 -1    -1e-30      0.00 7.372e-01 2.577e-01 9.053e-04 2.471e-04 2.245e-03 -1.000 5.101e-03 -4.230 -2.662 -2.578 -2.539 -2.498 -2.487 -2.476 -2.464 -2.929 -2.579 -2.518 -2.502 -2.485 -2.865 -2.747
0.005 -0.48482 5.00000 8.2276859283 2.6235382557    8.210  3.625  4.2000  3.479    0  0.000  0.538     0.00     0.00 -1    -1e-30      0.00 7.372e-01 2.577e-01 9.053e-04 2.471e-04 2.245e-03 -1.000 5.101e-03 -4.293 -2.614 -2.525 -2.485 -2.440 -2.429 -2.417 -2.404 -2.868 -2.520 -2.462 -2.445 -2.427 -2.805 -2.686
0.005 -0.48482 5.00000 8.3115911484 2.6236743927    8.294  3.650  4.2155  3.521    0  0.000  0.538     0.00     0.00 -1    -1e-30      0.00 7.372e-01 2.577e-01 9.053e-04 2.471e-04 2.245e-03 -1.000 5.101e-03 -4.354 -2.563 -2.471 -2.428 -2.381 -2.369 -2.356 -2.342 -2.805 -2.458 -2.403 -2.386 -2.367 -2.743 -2.624
0.005 -0.48482 5.00000 8.3973922729 2.6238105297    8.379  3.673  4.2310  3.564    0  0.000  0.538     0.00     0.00 -1    -1e-30      0.00 7.372e-01 2.577e-01 9.053e-04 2.471e-04 2.245e-03 -1.000 5.101e-03 -4.414 -2.511 -2.416 -2.370 -2.320 -2.307 -2.293 -2.279 -2.741 -2.395 -2.341 -2.325 -2.305 -2.679 -2.559
0.005 -0.48482 5.00000 8.4852638245 2.6239466667    8.467  3.696  4.2465  3.608    0  0.000  0.538     0.00     0.00 -1    -1e-30      0.00 7.372e-01 2.577e-01 9.053e-04 2.471e-04 2.245e-03 -1.000 5.101e-03 -4.471 -2.457 -2.359 -2.311 -2.258 -2.244 -2.229 -2.214 -2.675 -2.328 -2.275 -2.263 -2.242 -2.614 -2.493
0.005 -0.48482 5.00000 8.5739307404 2.6240808964    8.556  3.718  4.2618  3.651    0  0.000  0.538     0.00     0.00 -1    -1e-30      0.00 7.372e-01 2.577e-01 9.053e-04 2.471e-04 2.245e-03 -1.000 5.101e-03 -4.525 -2.404 -2.302 -2.251 -2.196 -2.180 -2.165 -2.149 -2.608 -2.261 -2.208 -2.201 -2.178 -2.548 -2.426
0.005 -0.48482 5.00000 8.6722593307 2.6242258549    8.654  3.740  4.2776  3.697    0  0.000  0.538     0.00     0.00 -1    -1e-30      0.00 7.372e-01 2.577e-01 9.053e-04 2.471e-04 2.245e-03 -1.000 5.101e-03 -4.581 -2.347 -2.242 -2.188 -2.130 -2.113 -2.098 -2.081 -2.536 -2.188 -2.135 -2.136 -2.111 -2.479 -2.355
0.005 -0.48482 5.00000 8.7742481232 2.6243724823    8.756  3.762  4.2935  3.744    0  0.000  0.538     0.00     0.00 -1    -1e-30      0.00 7.372e-01 2.577e-01 9.053e-04 2.471e-04 2.245e-03 -1.000 5.101e-03 -4.635 -2.289 -2.180 -2.125 -2.063 -2.045 -2.028 -2.010 -2.463 -2.113 -2.060 -2.069 -2.043 -2.407 -2.281
0.005 -0.48482 5.00000 8.9063091278 2.6245563030    8.888  3.788  4.3133  3.804    0  0.000  0.538     0.00     0.00 -1    -1e-30      0.00 7.372e-01 2.577e-01 9.053e-04 2.471e-04 2.245e-03 -1.000 5.101e-03 -4.700 -2.216 -2.103 -2.044 -1.979 -1.959 -1.941 -1.921 -2.369 -2.020 -1.966 -1.985 -1.957 -2.317 -2.187
0.005 -0.48482 5.00000 9.0160226822 2.6247045994    8.998  3.808  4.3290  3.852    0  0.000  0.538     0.00     0.00 -1    -1e-30      0.00 7.372e-01 2.577e-01 9.053e-04 2.471e-04 2.245e-03 -1.000 5.101e-03 -4.751 -2.158 -2.042 -1.980 -1.911 -1.890 -1.870 -1.849 -2.294 -1.944 -1.889 -1.918 -1.887 -2.244 -2.112
0.005 -0.48482 5.00000 9.1298980713 2.6248538494    9.112  3.828  4.3445  3.900    0  0.000  0.538     0.00     0.00 -1    -1e-30      0.00 7.372e-01 2.577e-01 9.053e-04 2.471e-04 2.245e-03 -1.000 5.101e-03 -4.800 -2.100 -1.980 -1.916 -1.843 -1.820 -1.800 -1.776 -2.219 -1.869 -1.813 -1.850 -1.818 -2.170 -2.037
0.005 -0.48482 5.00000 9.2488203049 2.6250054836    9.231  3.847  4.3598  3.948    0  0.000  0.538     0.00     0.00 -1    -1e-30      0.00 7.372e-01 2.577e-01 9.053e-04 2.471e-04 2.245e-03 -1.000 5.101e-03 -4.847 -2.042 -1.919 -1.852 -1.775 -1.751 -1.729 -1.704 -2.144 -1.794 -1.737 -1.783 -1.748 -2.097 -1.963
0.005 -0.48482 5.00000 9.3106880188 2.6250824928    9.293  3.856  4.3676  3.972    0  0.000  0.538     0.00     0.00 -1    -1e-30      0.00 7.372e-01 2.577e-01 9.053e-04 2.471e-04 2.245e-03 -1.000 5.101e-03 -4.870 -2.013 -1.888 -1.819 -1.741 -1.715 -1.693 -1.667 -2.107 -1.757 -1.699 -1.749 -1.713 -2.060 -1.925
0.005 -0.48482 5.00000 9.3404960632 2.6251192093    9.323  3.860  4.3710  3.984    0  0.000  0.538     0.00     0.00 -1    -1e-30      0.00 7.372e-01 2.577e-01 9.053e-04 2.471e-04 2.245e-03 -1.000 5.101e-03 -4.880 -1.999 -1.874 -1.804 -1.725 -1.699 -1.676 -1.650 -2.090 -1.740 -1.681 -1.733 -1.696 -2.043 -1.908
0.005 -0.48482 5.00000 9.4555778503 2.6252586842    9.438  3.874  4.3837  4.026    0  0.000  0.538     0.00     0.00 -1    -1e-30      0.00 7.372e-01 2.577e-01 9.053e-04 2.471e-04 2.245e-03 -1.000 5.101e-03 -4.914 -1.949 -1.820 -1.749 -1.666 -1.639 -1.615 -1.588 -2.027 -1.676 -1.616 -1.674 -1.636 -1.980 -1.845
0.005 -0.48482 5.00000 9.4624891281 2.6252667904    9.445  3.875  4.3844  4.028    0  0.000  0.538     0.00     0.00 -1    -1e-30      0.00 7.372e-01 2.577e-01 9.053e-04 2.471e-04 2.245e-03 -1.000 5.101e-03 -4.916 -1.946 -1.817 -1.746 -1.663 -1.636 -1.612 -1.585 -2.024 -1.673 -1.612 -1.671 -1.633 -1.977 -1.842
0.005 -0.48482 5.00000 9.6107959747 2.6254403591    9.593  3.888  4.3977  4.075    0  0.000  0.538     0.00     0.00 -1    -1e-30      0.00 7.372e-01 2.577e-01 9.053e-04 2.471e-04 2.245e-03 -1.000 5.101e-03 -4.950 -1.891 -1.760 -1.686 -1.599 -1.571 -1.546 -1.518 -1.957 -1.605 -1.543 -1.608 -1.568 -1.910 -1.775
0.005 -0.48482 5.00000 9.7797050476 2.6256306171    9.760  3.899  4.4103  4.122    0  0.000  0.538     0.00     0.00 -1    -1e-30      0.00 7.372e-01 2.577e-01 9.053e-04 2.471e-04 2.245e-03 -1.000 5.101e-03 -4.977 -1.898 -1.786 -1.709 -1.615 -1.586 -1.974 -2.882 -2.471 -2.178 -3.646 -1.625 -1.592 -2.832 -2.670
0.005 -0.48482 5.00000 9.9703645706 2.6258366108    9.950  3.910  4.4231  4.171    0  0.000  0.538     0.00     0.00 -1    -1e-30      0.00 7.372e-01 2.577e-01 9.053e-04 2.471e-04 2.245e-03 -1.000 5.101e-03 -5.004 -1.830 -1.710 -1.613 -1.524 -1.498 -1.885 -2.794 -2.383 -2.106 -3.576 -1.533 -1.504 -2.743 -2.582
0.005 -0.48482 5.00000 10.2488641739 2.6261215210   10.226  3.932  4.4414  4.234    0  0.000  0.538     0.00     0.00 -1    -1e-30      0.00 7.372e-01 2.577e-01 9.053e-04 2.471e-04 2.245e-03 -1.000 5.101e-03 -5.059 -1.751 -1.635 -1.549 -1.467 -1.452 -1.841 -2.749 -2.326 -2.027 -3.500 -1.473 -1.458 -2.696 -2.526
0.005 -0.48482 5.00000 10.3372249603 2.6262083054   10.314  3.940  4.4467  4.251    0  0.000  0.538     0.00     0.00 -1    -1e-30      0.00 7.372e-01 2.577e-01 9.053e-04 2.471e-04 2.245e-03 -1.000 5.101e-03 -5.079 -1.736 -1.619 -1.536 -1.456 -1.445 -1.834 -2.742 -2.316 -2.010 -3.485 -1.461 -1.451 -2.689 -2.516
0.005 -0.48482 5.00000 10.5402116776 2.6264011860   10.516  3.957  4.4584  4.289    0  0.000  0.538     0.00     0.00 -1    -1e-30      0.00 7.372e-01 2.577e-01 9.053e-04 2.471e-04 2.245e-03 -1.000 5.101e-03 -5.122 -1.699 -1.577 -1.493 -1.422 -1.410 -1.799 -2.707 -2.287 -1.961 -3.455 -1.426 -1.416 -2.656 -2.488
0.005 -0.48482 5.00000 11.0239782333 2.6268284321   10.997  3.979  4.4737  4.347    0  0.000  0.538     0.00     0.00 -1    -1e-30      0.00 7.372e-01 2.577e-01 9.053e-04 2.471e-04 2.245e-03 -1.000 5.101e-03 -5.178 -1.642 -1.511 -1.430 -1.373 -1.352 -1.741 -2.650 -2.249 -1.893 -3.420 -1.378 -1.358 -2.603 -2.451
0.005 -0.48482 5.00000 11.2188730240 2.6269886494   11.191  3.986  4.4778  4.364    0  0.000  0.538     0.00     0.00 -1    -1e-30      0.00 7.372e-01 2.577e-01 9.053e-04 2.471e-04 2.245e-03 -1.000 5.101e-03 -5.194 -1.630 -1.497 -1.417 -1.360 -1.338 -1.727 -2.635 -2.234 -1.877 -3.398 -1.366 -1.344 -2.588 -2.436
0.005 -0.48482 5.00000 11.8400268555 2.6274588108   11.807  4.010  4.4848  4.391    0  0.000  0.539     0.00     0.00 -1    -7e-27      0.00 7.372e-01 2.577e-01 9.071e-04 2.472e-04 2.245e-03 -1.000 5.101e-03 -5.254 -1.646 -1.510 -1.428 -1.370 -1.346 -1.733 -2.641 -2.233 -1.886 -3.383 -1.376 -1.352 -2.593 -2.435
0.005 -0.48482 5.00000 12.0187702179 2.6275837421   11.985  4.025  4.4869  4.391    0  0.000  0.539     0.00     0.00 -1 -8.14e-26      0.00 7.372e-01 2.577e-01 9.076e-04 2.472e-04 2.245e-03 -1.000 5.101e-03 -5.292 -1.671 -1.534 -1.450 -1.393 -1.368 -1.754 -2.663 -2.252 -1.909 -3.398 -1.398 -1.373 -2.614 -2.454
0.005 -0.48482 5.00000 12.8679351807 2.6281232834   12.827  4.096  4.4971  4.391    0  0.000  0.541     0.00     0.00 -1  -5.6e-21      0.00 7.372e-01 2.577e-01 9.098e-04 2.472e-04 2.245e-03 -1.000 5.101e-03 -5.470 -1.789 -1.648 -1.558 -1.497 -1.470 -1.854 -2.762 -2.341 -2.017 -3.469 -1.503 -1.475 -2.711 -2.542
0.005 -0.48482 5.00000 12.9821681976 2.6281898022   12.941  4.107  4.4988  4.390    0  0.000  0.541     0.00     0.00 -1 -2.38e-20      0.00 7.372e-01 2.577e-01 9.101e-04 2.472e-04 2.245e-03 -1.000 5.101e-03 -5.498 -1.807 -1.665 -1.575 -1.514 -1.486 -1.870 -2.778 -2.355 -2.034 -3.480 -1.520 -1.491 -2.726 -2.556
0.005 -0.48482 5.00000 14.7454624176 2.6290669441   14.687  4.265  4.5219  4.379    0  0.000  0.544     0.00     0.00 -1 -5.06e-11      0.00 7.372e-01 2.577e-01 9.162e-04 2.474e-04 2.244e-03 -1.000 5.101e-03 -5.894 -2.056 -1.912 -1.822 -1.743 -1.709 -2.094 -3.003 -2.584 -2.242 -3.685 -1.752 -1.714 -2.952 -2.785
0.005 -0.48482 5.00000 16.5087585449 2.6297321320   16.429  4.401  4.5413  4.370    0  0.000  0.545     0.00     0.00 -1 -3.84e-09      0.00 7.371e-01 2.578e-01 9.173e-04 2.474e-04 2.244e-03 -1.000 5.101e-03 -6.233 -2.388 -2.233 -2.124 -2.007 -1.981 -2.373 -3.280 -2.852 -2.510 -3.955 -2.019 -1.987 -3.228 -3.053
0.005 -0.48482 5.00000 18.2720508575 2.6302518845   18.182  4.521  4.5582  4.361    0  0.000  0.545     0.00     0.00 -1 -6.64e-09      0.00 7.371e-01 2.578e-01 9.173e-04 2.474e-04 2.244e-03 -1.000 5.101e-03 -6.533 -2.589 -2.422 -2.303 -2.193 -2.175 -2.569 -3.476 -3.040 -2.695 -4.132 -2.201 -2.182 -3.422 -3.241
0.005 -0.48482 5.00000 21.7986392975 2.6310076714   21.663  4.794  4.5706  4.214    0  0.000  0.545     0.00     0.00 -1 -2.15e-08      0.00 7.371e-01 2.578e-01 9.173e-04 2.474e-04 2.244e-03 -1.000 5.101e-03 -7.216 -3.112 -2.947 -2.835 -2.753 -2.735 -3.123 -4.031 -3.601 -3.265 -4.709 -2.758 -2.741 -3.978 -3.801
0.005 -0.48482 5.00000 21.7986412048 2.6310076714   21.707  4.725  4.5865  4.347    0  0.000  0.545     0.00     0.00 -1 -1.66e-08      0.00 7.371e-01 2.578e-01 9.173e-04 2.474e-04 2.244e-03 -1.000 5.101e-03 -7.043 -2.808 -2.642 -2.524 -2.449 -2.433 -2.820 -3.728 -3.302 -2.945 -4.390 -2.452 -2.439 -3.676 -3.504
0.005 -0.48482 5.00000 25.7768402100 2.6315813065   25.692  4.910  4.6113  4.335    0  0.000  0.545     0.00     0.00 -1 -3.62e-08      0.00 7.371e-01 2.578e-01 9.173e-04 2.474e-04 2.244e-03 -1.000 5.101e-03 -7.505 -3.070 -2.930 -2.830 -2.734 -2.713 -3.099 -4.007 -3.603 -3.270 -4.729 -2.741 -2.719 -3.958 -3.802
0.005 -0.48482 5.00000 29.7550392151 2.6319825649   29.635  5.059  4.6301  4.323    0  0.000  0.545     0.00     0.00 -1 -6.48e-08      0.00 7.371e-01 2.578e-01 9.173e-04 2.474e-04 2.244e-03 -1.000 5.101e-03 -7.878 -3.276 -3.151 -3.069 -2.973 -2.955 -3.344 -4.252 -3.853 -3.560 -5.023 -2.981 -2.961 -4.203 -4.051
0.005 -0.48482 5.00000 31.7441368103 2.6321403980   31.636  5.124  4.6377  4.317    0  0.000  0.545     0.00     0.00 -1 -8.21e-08      0.00 7.371e-01 2.578e-01 9.173e-04 2.474e-04 2.244e-03 -1.000 5.101e-03 -8.040 -3.380 -3.253 -3.173 -3.082 -3.063 -3.451 -4.360 -3.964 -3.681 -5.165 -3.089 -3.069 -4.312 -4.162
0.005 -0.48482 5.00000 36.7168846130 2.6324501038   36.610  5.269  4.6563  4.310    0  0.000  0.545     0.00     0.00 -1 -1.41e-07      0.00 7.371e-01 2.578e-01 9.173e-04 2.474e-04 2.244e-03 -1.000 5.101e-03 -8.402 -3.632 -3.482 -3.394 -3.322 -3.301 -3.689 -4.598 -4.238 -4.052 -5.656 -3.329 -3.307 -4.556 -4.432
0.005 -0.48482 5.00000 41.6896362305 2.6326766014   41.600  5.389  4.6702  4.301    0  0.000  0.545     0.00     0.00 -1 -2.16e-07      0.00 7.371e-01 2.578e-01 9.173e-04 2.474e-04 2.244e-03 -1.000 5.101e-03 -8.702 -3.847 -3.698 -3.605 -3.525 -3.503 -3.890 -4.799 -4.441 -4.266 -5.879 -3.531 -3.509 -4.756 -4.634
0.005 -0.48482 5.00000 46.6623802185 2.6328485012   46.578  5.492  4.6828  4.297    0  0.000  0.545     0.00     0.00 -1 -3.08e-07      0.00 7.371e-01 2.578e-01 9.173e-04 2.474e-04 2.244e-03 -1.000 5.101e-03 -8.961 -4.024 -3.874 -3.779 -3.699 -3.678 -4.066 -4.975 -4.618 -4.469 -6.096 -3.705 -3.683 -4.932 -4.811
0.005 -0.48482 5.00000 51.6351280212 2.6329829693   51.530  5.582  4.6927  4.291    0  0.000  0.545     0.00     0.00 -1 -4.14e-07      0.00 7.371e-01 2.578e-01 9.173e-04 2.474e-04 2.244e-03 -1.000 5.101e-03 -9.185 -4.184 -4.034 -3.939 -3.862 -3.842 -4.231 -5.140 -4.787 -4.668 -6.316 -3.868 -3.848 -5.098 -4.979
0.005 -0.48482 5.00000 56.6078758240 2.6330904961   56.475  5.661  4.7005  4.283    0  0.000  0.545     0.00     0.00 -1 -5.36e-07      0.00 7.371e-01 2.578e-01 9.173e-04 2.474e-04 2.244e-03 -1.000 5.101e-03 -9.382 -4.332 -4.183 -4.089 -4.013 -3.994 -4.384 -5.293 -4.948 -4.858 -6.526 -4.019 -4.000 -5.252 -5.139
0.005 -0.48482 5.00000 61.5806198120 2.6331784725   61.448  5.731  4.7070  4.276    0  0.000  0.545     0.00     0.00 -1 -6.66e-07      0.00 7.371e-01 2.578e-01 9.173e-04 2.474e-04 2.244e-03 -1.000 5.101e-03 -9.556 -4.477 -4.332 -4.240 -4.161 -4.143 -4.534 -5.444 -5.124 -5.081 -6.768 -4.167 -4.149 -5.406 -5.311
0.005 -0.48482 5.00000 66.5533676147 2.6332514286   66.412  5.794  4.7128  4.269    0  0.000  0.545     0.00     0.00 -1 -8.13e-07      0.00 7.371e-01 2.578e-01 9.173e-04 2.474e-04 2.244e-03 -1.000 5.101e-03 -9.715 -4.613 -4.470 -4.379 -4.298 -4.281 -4.675 -5.584 -5.288 -5.295 -7.001 -4.305 -4.288 -5.550 -5.471
0.005 -0.48482 5.00000 71.5261230469 2.6333127022   71.302  5.852  4.7191  4.268    0  0.000  0.545     0.00     0.00 -1 -9.62e-07      0.00 7.371e-01 2.578e-01 9.173e-04 2.474e-04 2.244e-03 -1.000 5.101e-03 -9.859 -4.731 -4.589 -4.500 -4.417 -4.402 -4.797 -5.707 -5.434 -5.492 -7.216 -4.423 -4.409 -5.676 -5.614
0.005 -0.48482 5.00000 76.4988555908 2.6333651543   76.292  5.905  4.7237  4.263    0  0.000  0.545     0.00     0.00 -1 -1.14e-06      0.00 7.371e-01 2.578e-01 9.173e-04 2.474e-04 2.244e-03 -1.000 5.101e-03 -9.992 -4.751 -4.613 -4.532 -4.500 -4.510 -4.917 -5.830 -5.742 -6.152 -8.066 -4.499 -4.520 -5.828 -5.898
0.005 -0.48482 5.00000 91.4171142578 2.6334834099   91.229  6.040  4.7328  4.241    0  0.000  0.545     0.00     0.00 -1 -1.71e-06      0.00 7.371e-01 2.578e-01 9.173e-04 2.474e-04 2.244e-03 -1.000 5.101e-03 -10.330 -5.046 -4.910 -4.833 -4.802 -4.817 -5.228 -6.142 -6.098 -6.550 -8.471 -4.800 -4.827 -6.147 -6.249
0.005 -0.48482 5.00000 96.3898544312 2.6335136890   96.173  6.079  4.7359  4.238    0  0.000  0.545     0.00     0.00 -1 -1.92e-06      0.00 7.371e-01 2.578e-01 9.173e-04 2.474e-04 2.244e-03 -1.000 5.101e-03 -10.428 -5.128 -4.993 -4.916 -4.887 -4.904 -5.316 -6.230 -6.201 -6.667 -8.591 -4.885 -4.914 -6.238 -6.350
0.005 -0.48482 5.00000 101.3626022339 2.6335406303  101.021  6.115  4.7382  4.232    0  0.000  0.545     0.00     0.00 -1 -2.12e-06      0.00 7.371e-01 2.578e-01 9.173e-04 2.474e-04 2.244e-03 -1.000 5.101e-03 -10.517 -5.206 -5.072 -4.996 -4.968 -4.986 -5.399 -6.314 -6.297 -6.777 -8.703 -4.966 -4.997 -6.325 -6.445
0.005 -0.48482 5.00000 121.2535934448 2.6336188316  120.746  6.242  4.7459  4.213    0  0.000  0.545     0.00     0.00 -1 -3.09e-06      0.00 7.371e-01 2.578e-01 9.173e-04 2.474e-04 2.244e-03 -1.000 5.101e-03 -10.835 -5.485 -5.352 -5.280 -5.257 -5.281 -5.697 -6.613 -6.635 -7.161 -9.099 -5.254 -5.292 -6.630 -6.778
0.005 -0.48482 5.00000 151.0900878906 2.6336188316  150.391  6.390  4.7522  4.186    0  0.000  0.545     0.00     0.00 -1 -4.71e-06      0.00 7.371e-01 2.578e-01 9.173e-04 2.474e-04 2.244e-03 -1.000 5.101e-03 -11.206 -5.833 -5.705 -5.638 -5.627 -5.659 -6.079 -6.996 -7.062 -7.643 -9.600 -5.622 -5.670 -7.021 -7.200
0.005 -0.48482 5.00000 200.8175506592 2.6336188316  199.912  6.573  4.7563  4.143    0  0.000  0.545     0.00     0.00 -1 -7.96e-06      0.00 7.371e-01 2.578e-01 9.173e-04 2.474e-04 2.244e-03 -1.000 5.101e-03 -11.662 -6.301 -6.180 -6.123 -6.132 -6.176 -6.602 -7.520 -7.646 -8.298 -10.278 -6.125 -6.188 -7.558 -7.779
0.005 -0.48482 5.00000 250.5450439453 2.6336188316  249.248  6.708  4.7582  4.112    0  0.000  0.545     0.00     0.00 -1 -1.17e-05      0.00 7.371e-01 2.578e-01 9.173e-04 2.474e-04 2.244e-03 -1.000 5.101e-03 -11.999 -6.626 -6.519 -6.483 -6.541 -6.612 -7.056 -7.978 -8.336 -9.305 -11.391 -6.526 -6.628 -8.055 -8.438
0.005 -0.48482 5.00000 300.2725219727 2.6336188316  298.504  6.814  4.7592  4.088    0  0.000  0.545     0.00     0.00 -1 -1.57e-05      0.00 7.371e-01 2.578e-01 9.173e-04 2.474e-04 2.244e-03 -1.000 5.101e-03 -12.266 -6.896 -6.793 -6.762 -6.831 -6.910 -7.357 -8.280 -8.680 -9.702 -11.803 -6.816 -6.926 -8.364 -8.777
0.005 -0.48482 5.00000 350.0000000000 2.6336188316  264.551  7.014  4.5504  3.000    0  0.000  1.504     0.00     0.00 -1 -0.000133      0.00 3.335e-01 6.615e-01 1.406e-04 2.884e-03 2.836e-04 -1.000 5.012e-03 -12.764 -8.641 -8.545 -8.528 -8.597 -8.714 -8.755 -8.983 -10.412 -11.233 -12.142 -8.596 -8.713 -9.293 -10.142
0.005 -0.48482 5.00000 350.0008544922 2.6336188316  347.570  6.903  4.7484  4.022    0  0.000  0.545     0.00     0.00 -1 -1.23e-05      0.00 7.371e-01 2.578e-01 9.173e-04 2.474e-04 2.244e-03 -1.000 5.101e-03 -12.486 -7.177 -7.070 -7.034 -7.096 -7.172 -7.618 -8.541 -8.962 -10.039 -12.150 -7.081 -7.188 -8.625 -9.054
0.005 -0.48482 5.00000 350.0034179688 2.6336188316  345.410  6.906  4.7152  3.883    0  0.000  0.545     0.00     0.00 -1 -2.94e-06      0.00 7.372e-01 2.577e-01 9.173e-04 2.474e-04 2.244e-03 -1.000 5.101e-03 -12.494 -7.361 -7.222 -7.145 -7.104 -7.117 -7.529 -8.443 -8.413 -8.970 -10.957 -7.104 -7.127 -8.448 -8.560
0.005 -0.48482 5.00000 350.0048522949 2.6336188316  343.406  6.909  4.6944  3.795    0  0.000  0.500     0.00     0.00 -1 -1.35e-06      0.00 7.362e-01 2.587e-01 8.208e-04 5.059e-04 2.079e-03 -1.000 5.101e-03 -12.502 -7.498 -7.359 -7.282 -7.235 -7.246 -7.657 -8.570 -8.489 -8.985 -10.961 -7.236 -7.256 -8.568 -8.645
0.005 -0.48482 5.00000 350.0058593750 2.6336188316  341.469  6.912  4.6793  3.728    0  0.000  0.299     0.00     0.00 -1 -7.93e-07      0.00 7.320e-01 2.629e-01 3.912e-04 1.657e-03 1.340e-03 -1.000 5.101e-03 -12.510 -7.675 -7.537 -7.446 -7.360 -7.339 -7.731 -8.640 -8.333 -8.344 -10.097 -7.367 -7.345 -8.605 -8.519
0.005 -0.48482 5.00000 350.0066528320 2.6336188316  339.367  6.916  4.6659  3.669    0  0.000  0.115     0.00     0.00 -1 -5.17e-07      0.00 7.263e-01 2.687e-01 9.105e-05 2.515e-03 7.633e-04 -1.000 5.058e-03 -12.519 -7.773 -7.642 -7.558 -7.487 -7.476 -7.872 -8.783 -8.519 -8.550 -10.292 -7.492 -7.483 -8.756 -8.701
0.005 -0.48482 5.00000 350.0072937012 2.6336188316  337.336  6.919  4.6547  3.618    0  0.000  0.212     0.00     0.00 -1 -3.74e-07      0.00 7.189e-01 2.761e-01 9.992e-05 2.779e-03 4.494e-04 -1.000 5.008e-03 -12.527 -7.894 -7.778 -7.713 -7.683 -7.700 -8.111 -9.025 -8.929 -9.149 -10.944 -7.682 -7.710 -9.030 -9.092
0.005 -0.48482 5.00000 350.0078125000 2.6336188316  335.336  6.922  4.6445  3.571    0  0.000  0.354     0.00     0.00 -1 -2.87e-07      0.00 7.117e-01 2.833e-01 1.059e-04 2.882e-03 3.238e-04 -1.000 4.980e-03 -12.536 -8.016 -7.908 -7.855 -7.859 -7.897 -8.321 -9.238 -9.294 -9.741 -11.622 -7.853 -7.909 -9.268 -9.439
0.005 -0.48482 5.00000 350.0082702637 2.6336188316  333.289  6.925  4.6347  3.526    0  0.000  0.543     0.00     0.00 -1  -2.3e-07      0.00 7.044e-01 2.906e-01 1.105e-04 2.920e-03 2.745e-04 -1.000 4.978e-03 -12.544 -8.112 -8.001 -7.946 -7.948 -7.985 -8.408 -9.326 -9.409 -9.987 -11.941 -7.942 -7.997 -9.356 -9.548
0.005 -0.48482 5.00000 350.0086669922 2.6336188316  331.211  6.929  4.6255  3.484    0  0.000  0.779     0.00     0.00 -1  -1.9e-07      0.00 6.964e-01 2.986e-01 1.143e-04 2.935e-03 2.525e-04 -1.000 4.998e-03 -12.552 -8.185 -8.067 -8.003 -7.986 -8.009 -8.426 -9.342 -9.376 -9.997 -11.995 -7.983 -8.020 -9.358 -9.517
0.005 -0.48482 5.00000 350.0090332031 2.6336188316  329.070  6.932  4.6166  3.442    0  0.000  1.015     0.00     0.00 -1 -1.62e-07      0.00 6.874e-01 3.076e-01 1.176e-04 2.936e-03 2.461e-04 -1.000 4.965e-03 -12.560 -8.247 -8.127 -8.061 -8.033 -8.048 -8.460 -9.374 -9.355 -9.925 -11.912 -8.032 -8.058 -9.381 -9.502
0.005 -0.48482 5.00000 350.0093078613 2.6336188316  327.172  6.935  4.6084  3.403    0  0.000  1.149     0.00     0.00 -1 -1.43e-07      0.00 6.792e-01 3.158e-01 1.202e-04 2.933e-03 2.472e-04 -1.000 5.005e-03 -12.568 -8.296 -8.174 -8.106 -8.069 -8.077 -8.485 -9.398 -9.330 -9.842 -11.813 -8.070 -8.086 -9.396 -9.481
0.005 -0.48482 5.00000 350.0095825195 2.6336188316  325.215  6.938  4.6003  3.365    0  0.000  1.223     0.00     0.00 -1 -1.27e-07      0.00 6.707e-01 3.244e-01 1.225e-04 2.927e-03 2.506e-04 -1.000 4.974e-03 -12.575 -8.339 -8.215 -8.144 -8.098 -8.098 -8.502 -9.414 -9.294 -9.740 -11.691 -8.100 -8.107 -9.403 -9.450
0.005 -0.48482 5.00000 350.0097961426 2.6336188316  323.223  6.941  4.5923  3.328    0  0.000  1.261     0.00     0.00 -1 -1.16e-07      0.00 6.616e-01 3.334e-01 1.247e-04 2.921e-03 2.548e-04 -1.000 4.988e-03 -12.583 -8.403 -8.276 -8.201 -8.148 -8.146 -8.548 -9.460 -9.327 -9.747 -11.685 -8.151 -8.154 -9.447 -9.486
0.005 -0.48482 5.00000 350.0100402832 2.6336188316  321.199  6.944  4.5846  3.291    0  0.000  1.281     0.00     0.00 -1 -1.05e-07      0.00 6.519e-01 3.431e-01 1.267e-04 2.915e-03 2.591e-04 -1.000 5.011e-03 -12.590 -8.469 -8.338 -8.258 -8.201 -8.196 -8.597 -9.509 -9.369 -9.772 -11.700 -8.205 -8.204 -9.495 -9.528
0.005 -0.48482 5.00000 350.0102844238 2.6336188316  318.406  6.948  4.5734  3.238    0  0.000  1.293     0.00     0.00 -1 -9.42e-08      0.00 6.384e-01 3.567e-01 1.292e-04 2.908e-03 2.649e-04 -1.000 4.988e-03 -12.600 -8.624 -8.509 -8.467 -8.494 -8.590 -8.614 -8.801 -9.735 -12.224 -12.403 -8.489 -8.574 -9.042 -9.670
0.005 -0.48482 5.00000 350.0105285645 2.6336188316  315.762  6.952  4.5627  3.188    0  0.000  1.300     0.00     0.00 -1 -8.52e-08      0.00 6.248e-01 3.702e-01 1.313e-04 2.901e-03 2.699e-04 -1.000 4.988e-03 -12.610 -8.713 -8.598 -8.554 -8.576 -8.669 -8.690 -8.876 -9.813 -12.315 -12.515 -8.570 -8.651 -9.120 -9.747
0.005 -0.48482 5.00000 350.0107421875 2.6336188316  313.289  6.955  4.5519  3.138    0  0.000  1.305     0.00     0.00 -1 -7.79e-08      0.00 6.123e-01 3.827e-01 1.332e-04 2.895e-03 2.741e-04 -1.000 5.011e-03 -12.619 -8.802 -8.686 -8.640 -8.658 -8.747 -8.765 -8.950 -9.890 -12.407 -12.628 -8.651 -8.728 -9.196 -9.823
0.005 -0.48482 5.00000 350.0108947754 2.6336188316  310.887  6.959  4.5415  3.090    0  0.000  1.310     0.00     0.00 -1 -7.24e-08      0.00 5.994e-01 3.956e-01 1.348e-04 2.890e-03 2.779e-04 -1.000 5.026e-03 -12.627 -8.458 -8.342 -8.299 -8.322 -8.408 -8.437 -8.595 -9.848 -10.574 -11.423 -8.326 -8.407 -8.796 -9.578
0.005 -0.48482 5.00000 350.0110473633 2.6336188316  308.797  6.962  4.5314  3.043    0  0.000  1.315     0.00     0.00 -1 -6.77e-08      0.00 5.881e-01 4.069e-01 1.362e-04 2.887e-03 2.810e-04 -1.000 4.975e-03 -12.635 -8.465 -8.349 -8.307 -8.330 -8.416 -8.445 -8.602 -9.856 -10.581 -11.430 -8.334 -8.415 -8.804 -9.586
0.005 -0.48482 5.00000 350.0111389160 2.6336188316  307.480  6.964  4.5247  3.013    0  0.000  1.319     0.00     0.00 -1 -6.49e-08      0.00 5.804e-01 4.146e-01 1.370e-04 2.884e-03 2.828e-04 -1.000 4.994e-03 -12.640 -8.470 -8.354 -8.312 -8.335 -8.421 -8.450 -8.607 -9.861 -10.586 -11.435 -8.339 -8.420 -8.809 -9.591
0.005 -0.48482 5.00000 350.0111999512 2.6336188316  306.297  6.966  4.5180  2.983    0  0.000  1.322     0.00     0.00 -1 -6.25e-08      0.00 5.736e-01 4.214e-01 1.377e-04 2.882e-03 2.844e-04 -1.000 5.011e-03 -12.644 -8.475 -8.359 -8.316 -8.339 -8.425 -8.454 -8.612 -9.866 -10.591 -11.440 -8.343 -8.424 -8.813 -9.595
0.005 -0.48482 5.00000 350.0112915039 2.6336188316  305.188  6.967  4.5118  2.954    0  0.000  1.325     0.00     0.00 -1 -6.01e-08      0.00 5.673e-01 4.277e-01 1.384e-04 2.880e-03 2.859e-04 -1.000 5.012e-03 -12.648 -8.479 -8.363 -8.320 -8.343 -8.429 -8.459 -8.616 -9.870 -10.595 -11.444 -8.347 -8.428 -8.817 -9.599
0.005 -0.48482 5.00000 350.0113525391 2.6336188316  304.219  6.969  4.5056  2.927    0  0.000  1.328     0.00     0.00 -1  -5.8e-08      0.00 5.619e-01 4.331e-01 1.389e-04 2.878e-03 2.872e-04 -1.000 5.012e-03 -12.652 -8.483 -8.367 -8.324 -8.347 -8.433 -8.462 -8.620 -9.873 -10.599 -11.447 -8.351 -8.432 -8.821 -9.603
0.005 -0.48482 5.00000 350.0113830566 2.6336188316  303.371  6.970  4.4993  2.899    0  0.000  1.330     0.00     0.00 -1 -5.57e-08      0.00 5.574e-01 4.376e-01 1.394e-04 2.877e-03 2.883e-04 -1.000 5.012e-03 -12.655 -8.486 -8.370 -8.327 -8.350 -8.436 -8.466 -8.623 -9.877 -10.602 -11.451 -8.354 -8.435 -8.824 -9.606
0.005 -0.48482 5.00000 350.0114440918 2.6336188316  302.535  6.971  4.4933  2.872    0  0.000  1.332     0.00     0.00 -1 -5.35e-08      0.00 5.527e-01 4.423e-01 1.399e-04 2.876e-03 2.893e-04 -1.000 5.012e-03 -12.659 -8.489 -8.373 -8.330 -8.353 -8.439 -8.469 -8.626 -9.880 -10.605 -11.454 -8.358 -8.438 -8.828 -9.610
0.005 -0.48482 5.00000 350.0114746094 2.6336188316  301.695  6.973  4.4875  2.847    0  0.000  1.335     0.00     0.00 -1 -5.13e-08      0.00 5.478e-01 4.472e-01 1.404e-04 2.874e-03 2.904e-04 -1.000 5.012e-03 -12.662 -8.492 -8.377 -8.334 -8.357 -8.443 -8.472 -8.629 -9.883 -10.608 -11.457 -8.361 -8.442 -8.831 -9.613
0.005 -0.48482 5.00000 350.0115356445 2.6336188316  300.969  6.974  4.4817  2.821    0  0.000  1.337     0.00     0.00 -1 -4.89e-08      0.00 5.438e-01 4.512e-01 1.408e-04 2.873e-03 2.913e-04 -1.000 5.012e-03 -12.665 -8.495 -8.379 -8.337 -8.359 -8.445 -8.475 -8.632 -9.886 -10.611 -11.460 -8.364 -8.444 -8.834 -9.616
0.005 -0.48482 5.00000 350.0115661621 2.6336188316  300.273  6.975  4.4752  2.793    0  0.000  1.339     0.00     0.00 -1 -4.66e-08      0.00 5.399e-01 4.551e-01 1.412e-04 2.872e-03 2.922e-04 -1.000 5.012e-03 -12.667 -8.498 -8.382 -8.339 -8.362 -8.448 -8.478 -8.635 -9.889 -10.614 -11.463 -8.366 -8.447 -8.836 -9.618
0.005 -0.48482 5.00000 350.0115966797 2.6336188316  299.684  6.976  4.4695  2.769    0  0.000  1.341     0.00     0.00 -1  -4.5e-08      0.00 5.367e-01 4.583e-01 1.415e-04 2.871e-03 2.929e-04 -1.000 5.012e-03 -12.670 -8.500 -8.384 -8.342 -8.365 -8.451 -8.480 -8.637 -9.891 -10.616 -11.465 -8.369 -8.450 -8.839 -9.621
0.005 -0.48482 5.00000 350.0116577148 2.6336188316  299.090  6.977  4.4638  2.744    0  0.000  1.343     0.00     0.00 -1 -4.43e-08      0.00 5.333e-01 4.617e-01 1.418e-04 2.870e-03 2.936e-04 -1.000 5.012e-03 -12.672 -8.503 -8.387 -8.344 -8.367 -8.453 -8.482 -8.640 -9.893 -10.619 -11.468 -8.371 -8.452 -8.841 -9.623
0.005 -0.48482 5.00000 350.0116882324 2.6336188316  298.492  6.978  4.4574  2.717    0  0.000  1.345     0.00     0.00 -1 -4.39e-08      0.00 5.298e-01 4.651e-01 1.422e-04 2.869e-03 2.944e-04 -1.000 5.012e-03 -12.675 -8.505 -8.389 -8.347 -8.370 -8.456 -8.485 -8.642 -9.896 -10.621 -11.470 -8.374 -8.455 -8.844 -9.626
0.005 -0.48482 5.00000 350.0117187500 2.6336188316  297.496  6.980  4.4436  2.658    0  0.000  1.348     0.00     0.00 -1  -4.3e-08      0.00 5.245e-01 4.705e-01 1.427e-04 2.867e-03 2.955e-04 -1.000 5.012e-03 -12.679 -8.509 -8.394 -8.351 -8.374 -8.460 -8.489 -8.646 -9.900 -10.626 -11.474 -8.378 -8.459 -8.848 -9.630
0.005 -0.48482 5.00000 350.0117797852 2.6336188316  295.824  6.981  4.4403  2.641    0  0.000  1.353     0.00     0.00 -1 -4.24e-08      0.00 5.150e-01 4.799e-01 1.432e-04 2.866e-03 2.965e-04 -1.000 5.050e-03 -12.683 -8.513 -8.397 -8.355 -8.378 -8.464 -8.493 -8.650 -9.904 -10.629 -11.478 -8.382 -8.463 -8.852 -9.634
0.005 -0.48482 5.00000 350.0118713379 2.6336188316  292.414  6.984  4.4369  2.620    0  0.000  1.365     0.00     0.00 -1  -4.1e-08      0.00 4.948e-01 5.003e-01 1.442e-04 2.864e-03 2.985e-04 -1.000 4.981e-03 -12.690 -8.521 -8.405 -8.362 -8.385 -8.471 -8.500 -8.658 -9.911 -10.637 -11.486 -8.389 -8.470 -8.859 -9.641
0.005 -0.48482 5.00000 350.0119323730 2.6336188316  290.609  6.986  4.4365  2.613    0  0.000  1.372     0.00     0.00 -1 -8.47e-08      0.00 4.834e-01 5.117e-01 1.448e-04 2.862e-03 2.995e-04 -1.000 4.964e-03 -12.694 -8.525 -8.409 -8.366 -8.389 -8.475 -8.505 -8.662 -9.916 -10.641 -11.490 -8.393 -8.474 -8.863 -9.645
0.005 -0.48482 5.00000 350.0119934082 2.6336188316  288.422  6.988  4.4348  2.602    0  0.000  1.381     0.00     0.00 -1 -8.36e-08      0.00 4.705e-01 5.245e-01 1.454e-04 2.861e-03 3.007e-04 -1.000 5.004e-03 -12.699 -8.530 -8.414 -8.371 -8.394 -8.480 -8.510 -8.667 -9.921 -10.646 -11.495 -8.398 -8.479 -8.868 -9.650
0.005 -0.48482 5.00000 350.0120239258 2.6336188316  287.066  6.989  4.4337  2.594    0  0.000  1.387     0.00     0.00 -1 -8.27e-08      0.00 4.623e-01 5.327e-01 1.458e-04 2.860e-03 3.015e-04 -1.000 4.964e-03 -12.703 -8.533 -8.417 -8.375 -8.398 -8.484 -8.513 -8.670 -9.924 -10.649 -11.498 -8.402 -8.483 -8.872 -9.654
0.005 -0.48482 5.00000 350.0120544434 2.6336188316  286.051  6.990  4.4323  2.586    0  0.000  1.391     0.00     0.00 -1 -8.15e-08      0.00 4.563e-01 5.387e-01 1.461e-04 2.859e-03 3.021e-04 -1.000 4.964e-03 -12.705 -8.536 -8.420 -8.377 -8.400 -8.486 -8.515 -8.673 -9.927 -10.652 -11.501 -8.404 -8.485 -8.874 -9.656
0.005 -0.48482 5.00000 350.0120849609 2.6336188316  284.562  6.992  4.4286  2.567    0  0.000  1.397     0.00     0.00 -1 -3.75e-08      0.00 4.478e-01 5.472e-01 1.466e-04 2.858e-03 3.029e-04 -1.000 4.980e-03 -12.709 -8.539 -8.424 -8.381 -8.404 -8.490 -8.519 -8.676 -9.930 -10.655 -11.504 -8.408 -8.489 -8.878 -9.660
0.005 -0.48482 5.00000 350.0121154785 2.6336188316  283.531  6.993  4.4281  2.562    0  0.000  1.401     0.00     0.00 -1 -3.73e-08      0.00 4.415e-01 5.535e-01 1.469e-04 2.857e-03 3.035e-04 -1.000 5.032e-03 -12.711 -8.542 -8.426 -8.383 -8.406 -8.492 -8.522 -8.679 -9.933 -10.658 -11.507 -8.410 -8.491 -8.880 -9.662
0.005 -0.48482 5.00000 350.0121459961 2.6336188316  282.746  6.993  4.4260  2.552    0  0.000  1.405     0.00     0.00 -1 -3.69e-08      0.00 4.368e-01 5.582e-01 1.471e-04 2.857e-03 3.039e-04 -1.000 5.002e-03 -12.713 -8.544 -8.428 -8.385 -8.408 -8.494 -8.524 -8.681 -9.935 -10.660 -11.509 -8.413 -8.493 -8.882 -9.665
0.005 -0.48482 5.00000 350.0121765137 2.6336188316  281.609  6.995  4.4244  2.543    0  0.000  1.410     0.00     0.00 -1 -3.62e-08      0.00 4.298e-01 5.651e-01 1.474e-04 2.856e-03 3.046e-04 -1.000 5.013e-03 -12.716 -8.547 -8.431 -8.388 -8.411 -8.497 -8.527 -8.684 -9.938 -10.663 -11.512 -8.415 -8.496 -8.885 -9.667
0.005 -0.48482 5.00000 350.0122375488 2.6336188316  278.758  6.997  4.4175  2.508    0  0.000  1.422     0.00     0.00 -1 -7.49e-08      0.00 4.142e-01 5.808e-01 1.482e-04 2.854e-03 3.059e-04 -1.000 5.013e-03 -12.723 -8.554 -8.438 -8.395 -8.418 -8.504 -8.534 -8.691 -9.945 -10.670 -11.519 -8.423 -8.503 -8.892 -9.675
0.005 -0.48482 5.00000 350.0122680664 2.6336188316  278.395  6.998  4.4147  2.495    0  0.000  1.423     0.00     0.00 -1 -7.42e-08      0.00 4.124e-01 5.826e-01 1.483e-04 2.854e-03 3.061e-04 -1.000 5.013e-03 -12.725 -8.555 -8.439 -8.397 -8.420 -8.506 -8.535 -8.692 -9.946 -10.671 -11.520 -8.424 -8.504 -8.894 -9.676
0.005 -0.48482 5.00000 350.0122985840 2.6336188316  276.129  7.000  4.4084  2.464    0  0.000  1.434     0.00     0.00 -1 -7.14e-08      0.00 3.988e-01 5.962e-01 1.489e-04 2.852e-03 3.072e-04 -1.000 5.013e-03 -12.731 -8.562 -8.446 -8.403 -8.426 -8.512 -8.541 -8.699 -9.952 -10.678 -11.527 -8.430 -8.511 -8.900 -9.682
0.005 -0.48482 5.00000 350.0123291016 2.6336188316  275.254  7.002  4.4062  2.453    0  0.000  1.439     0.00     0.00 -1 -6.97e-08      0.00 3.933e-01 6.016e-01 1.492e-04 2.852e-03 3.077e-04 -1.000 5.052e-03 -12.734 -8.564 -8.449 -8.406 -8.429 -8.515 -8.544 -8.701 -9.955 -10.680 -11.529 -8.433 -8.514 -8.903 -9.685
0.005 -0.48482 5.00000 350.0123596191 2.6336188316  274.000  7.003  4.3919  2.392    0  0.000  1.444     0.00     0.00 -1 -6.52e-08      0.00 3.871e-01 6.078e-01 1.496e-04 2.851e-03 3.084e-04 -1.000 5.052e-03 -12.738 -8.569 -8.453 -8.410 -8.433 -8.519 -8.548 -8.706 -9.959 -10.685 -11.534 -8.437 -8.518 -8.907 -9.689
0.005 -0.48482 5.00000 350.0123901367 2.6336188316  272.996  7.005  4.3873  2.370    0  0.000  1.450     0.00     0.00 -1 -6.36e-08      0.00 3.802e-01 6.148e-01 1.499e-04 2.850e-03 3.090e-04 -1.000 5.013e-03 -12.742 -8.573 -8.457 -8.414 -8.437 -8.523 -8.552 -8.710 -9.963 -10.689 -11.538 -8.441 -8.522 -8.911 -9.693
0.005 -0.48482 5.00000 350.0124206543 2.6336188316  271.809  7.006  4.3870  2.366    0  0.000  1.457     0.00     0.00 -1 -2.73e-08      0.00 3.729e-01 6.221e-01 1.502e-04 2.849e-03 3.096e-04 -1.000 5.013e-03 -12.746 -8.576 -8.461 -8.418 -8.441 -8.527 -8.556 -8.713 -9.967 -10.692 -11.541 -8.445 -8.526 -8.915 -9.697
0.005 -0.48482 5.00000 350.0124511719 2.6336188316  270.633  7.008  4.3751  2.315    0  0.000  1.462     0.00     0.00 -1 -3.05e-08      0.00 3.667e-01 6.282e-01 1.506e-04 2.848e-03 3.102e-04 -1.000 5.043e-03 -12.750 -8.581 -8.465 -8.422 -8.445 -8.531 -8.560 -8.718 -9.971 -10.697 -11.546 -8.449 -8.530 -8.919 -9.701
0.005 -0.48482 5.00000 350.0124816895 2.6336188316  267.262  7.010  4.4047  2.426    0  0.000  1.481     0.00     0.00 -1 -1.93e-07      0.00 3.480e-01 6.470e-01 1.511e-04 2.848e-03 3.107e-04 -1.000 5.013e-03 -12.755 -8.585 -8.469 -8.426 -8.449 -8.535 -8.565 -8.722 -9.976 -10.701 -11.550 -8.454 -8.534 -8.923 -9.706
0.005 -0.48482 5.00000 350.0125122070 2.6336188316  265.008  7.011  4.4321  2.531    0  0.000  1.496     0.00     0.00 -1 -8.82e-08      0.00 3.344e-01 6.606e-01 1.514e-04 2.847e-03 3.108e-04 -1.000 5.013e-03 -12.757 -8.587 -8.472 -8.429 -8.452 -8.538 -8.567 -8.724 -9.978 -10.703 -11.552 -8.456 -8.537 -8.926 -9.708
0.005 -0.48482 5.00000 350.0125427246 2.6336188316  256.492  7.014  4.5224  2.875    0  0.000  1.562     0.00     0.00 -1  -2.7e-07      0.00 2.853e-01 7.097e-01 1.526e-04 2.847e-03 3.109e-04 -1.000 5.049e-03 -12.764 -8.595 -8.479 -8.436 -8.459 -8.545 -8.575 -8.732 -9.986 -10.711 -11.560 -8.463 -8.544 -8.933 -9.715
0.005 -0.48482 5.00000 350.0125732422 2.6336188316  242.078  7.045  4.7112  3.573    1  0.000  1.435     0.00     0.00 -1 -3.47e-07      0.00 2.010e-01 7.939e-01 1.471e-04 2.858e-03 3.101e-04 -1.000 5.049e-03 -12.843 -7.816 -7.701 -7.666 -7.704 -7.819 -7.840 -8.008 -9.326 -10.244 -11.203 -7.711 -7.817 -8.195 -9.058
0.005 -0.48482 5.00000 350.0126037598 2.6336188316  226.859  7.033  4.9102  4.353    1  0.000 14.824     0.00     0.00 -1 -3.46e-07      0.00 1.285e-01 8.154e-01 4.817e-02 1.108e-03 2.369e-03 10.478 5.612e-02 -12.813 -6.223 -6.095 -6.041 -6.055 -6.123 -6.163 -6.281 -7.583 -8.549 -9.559 -6.056 -6.125 -6.449 -7.311
0.005 -0.48482 5.00000 350.0126342773 2.6336188316  216.480  7.017  4.9727  4.599    1  0.000 10.966     0.00     0.00 -1 -3.24e-07      0.00 9.574e-02 8.185e-01 7.423e-02 1.029e-03 5.879e-03 10.784 8.573e-02 -12.774 -5.765 -5.633 -5.570 -5.588 -5.649 -5.709 -5.830 -7.101 -8.012 -9.007 -5.586 -5.652 -5.986 -6.829
0.005 -0.48482 5.00000 350.0126647949 2.6336188316  207.643  6.998  4.9723  4.598    1  0.000 11.955     0.00     0.00 -1 -2.42e-07      0.00 9.339e-02 7.049e-01 1.767e-01 3.134e-05 1.870e-02 11.162 2.017e-01 -12.725 -5.720 -5.587 -5.525 -5.543 -5.603 -5.664 -5.785 -7.056 -7.967 -8.962 -5.540 -5.606 -5.941 -6.784
0.005 -0.48482 5.00000 350.0127258301 2.6336188316  194.123  6.969  4.9665  4.575    1  0.000  6.531     0.00     0.00 -1 -1.64e-07      0.00 9.380e-02 5.959e-01 2.551e-01 3.148e-05 4.876e-02 11.288 3.103e-01 -12.653 -5.691 -5.559 -5.496 -5.515 -5.576 -5.637 -5.759 -7.033 -7.947 -8.944 -5.512 -5.579 -5.917 -6.761
0.005 -0.48482 5.00000 350.0127868652 2.6336188316  181.449  6.942  4.9598  4.546    1  0.000  3.349     0.00     0.00 -1  -1.1e-07      0.00 9.438e-02 4.499e-01 3.252e-01 3.168e-05 1.238e-01 11.312 4.557e-01 -12.584 -5.674 -5.541 -5.479 -5.498 -5.560 -5.621 -5.744 -7.023 -7.939 -8.938 -5.496 -5.563 -5.904 -6.751
0.005 -0.48482 5.00000 350.0128784180 2.6336188316  168.395  6.912  4.9553  4.525    1  0.000  1.437     0.00     0.00 -1 -1.39e-07      0.00 9.499e-02 2.770e-01 3.349e-01 3.188e-05 2.861e-01 11.023 6.280e-01 -12.510 -5.634 -5.501 -5.440 -5.458 -5.520 -5.582 -5.706 -6.988 -7.906 -8.906 -5.457 -5.523 -5.868 -6.716
0.005 -0.48482 5.00000 350.0129394531 2.6336188316  156.055  6.880  4.9577  4.534    1  0.000  0.764     0.00     0.00 -1 -1.59e-07      0.00 9.540e-02 1.759e-01 2.683e-01 3.202e-05 4.523e-01 -1.000 7.287e-01 -12.430 -5.535 -5.402 -5.341 -5.359 -5.421 -5.482 -5.606 -6.887 -7.803 -8.802 -5.357 -5.424 -5.767 -6.614
0.005 -0.48482 5.00000 350.0129699707 2.6336188316  147.398  6.856  4.9633  4.556    1  0.000  0.494     0.00     0.00 -1 -1.65e-07      0.00 9.565e-02 1.250e-01 2.045e-01 3.210e-05 5.645e-01 -1.000 7.793e-01 -12.369 -5.433 -5.300 -5.238 -5.256 -5.318 -5.379 -5.502 -6.778 -7.693 -8.691 -5.254 -5.321 -5.661 -6.506
0.005 -0.48482 5.00000 350.0130004883 2.6336188316  140.553  6.836  4.9704  4.583    1  0.000  0.341     0.00     0.00 -1  -1.7e-07      0.00 9.583e-02 9.218e-02 1.496e-01 3.216e-05 6.461e-01 -1.000 8.120e-01 -12.320 -5.329 -5.197 -5.134 -5.152 -5.213 -5.274 -5.395 -6.667 -7.579 -8.575 -5.150 -5.216 -5.552 -6.395
0.005 -0.48482 5.00000 350.0130310059 2.6336188316  130.156  6.860  4.4771  2.553    3  0.000  0.195     0.00     0.00 -1 -2.91e-07      0.00 9.608e-02 5.153e-02 7.695e-02 3.225e-05 7.195e-01 -1.000 8.524e-01 -12.380 -7.882 -7.772 -7.870 -7.810 -7.923 -7.971 -8.152 -9.376 -10.055 -10.976 -7.812 -7.924 -8.352 -9.105
#isochrone terminated
