# File generated by CMD 3.3 (http://stev.oapd.inaf.it/cmd) on Wed Apr 22 15:19:51 CEST 2020
# isochrones based on PARSEC release v1.2S +  COLIBRI S_35
# Basic references: Bressan et al. (2012), MNRAS, 427, 127 + Chen et al. (2014, 2015), MNRAS, 444, 2525 + MNRAS, 452, 1068 + Tang et al. (2014), MNRAS, 445, 4287 + Marigo et al. (2017), ApJ, 835, 77 + Pastorelli al. (2019), MNRAS in press
# Thermal pulse cycles included 
# On RGB, assumed Reimers mass loss with efficiency eta=0.2
# Photometric system:  2MASS + Spitzer (IRAC+MIPS) + WISE
# Using YBC version of bolometric corrections as in Chen et al. (2019)
# O-rich circumstellar dpmod60alox40 dust from Groenewegen (2006)
# C-rich circumstellar AMCSIC15 dust from Groenewegen (2006)
# IMF: Kroupa (2001, 2002) + Kroupa et al. (2013) canonical two-part-power law IMF corrected for unresolved binaries 
# Kind of output: isochrone tables
# Zini     MH   logAge Mini        int_IMF         Mass   logL    logTe  logg  label   McoreTP C_O  period0 period1 pmode  Mloss  tau1m   X   Y   Xc  Xn  Xo  Cexcess  Z 	 mbolmag  Jmag    Hmag    Ksmag   IRAC_3.6mag  IRAC_4.5mag  IRAC_5.8mag  IRAC_8.0mag  MIPS_24mag  MIPS_70mag  MIPS_160mag  W1mag   W2mag   W3mag   W4mag
0.03 0.33631 5.00000 0.1000000015 1.1711064577    0.100 -0.735  3.4264  2.831    0  0.000  0.545     0.00     0.00 -1 -2.84e-13      0.00 6.680e-01 3.020e-01 5.394e-03 1.455e-03 1.320e-02 -1.000 3.000e-02 6.609 4.485 3.941 3.599 3.158 3.007 2.947 2.859 2.203 2.152 2.202 3.302 3.012 2.801 2.393
0.03 0.33631 5.00000 0.1148058400 1.2840865850    0.115 -0.641  3.4334  2.824    0  0.000  0.545     0.00     0.00 -1 -3.32e-13      0.00 6.680e-01 3.020e-01 5.394e-03 1.455e-03 1.320e-02 -1.000 3.000e-02 6.373 4.252 3.689 3.370 2.955 2.809 2.754 2.670 2.020 1.973 2.026 3.099 2.814 2.616 2.210
0.03 0.33631 5.00000 0.1229652837 1.3385503292    0.123 -0.594  3.4377  2.825    0  0.000  0.545     0.00     0.00 -1 -3.57e-13      0.00 6.680e-01 3.020e-01 5.394e-03 1.455e-03 1.320e-02 -1.000 3.000e-02 6.256 4.137 3.561 3.256 2.858 2.715 2.663 2.583 1.936 1.890 1.946 3.002 2.721 2.530 2.126
0.03 0.33631 5.00000 0.1399330497 1.4380915165    0.140 -0.502  3.4491  2.834    0  0.000  0.545     0.00     0.00 -1 -4.09e-13      0.00 6.680e-01 3.020e-01 5.394e-03 1.455e-03 1.320e-02 -1.000 3.000e-02 6.026 3.916 3.299 3.030 2.680 2.546 2.502 2.430 1.793 1.753 1.815 2.823 2.553 2.383 1.983
0.03 0.33631 5.00000 0.1421582699 1.4499787092    0.142 -0.491  3.4508  2.837    0  0.000  0.545     0.00     0.00 -1 -4.15e-13      0.00 6.680e-01 3.020e-01 5.394e-03 1.455e-03 1.320e-02 -1.000 3.000e-02 5.998 3.891 3.267 3.003 2.660 2.527 2.485 2.414 1.779 1.739 1.803 2.803 2.535 2.368 1.969
0.03 0.33631 5.00000 0.1576627791 1.5265939236    0.158 -0.411  3.4630  2.851    0  0.000  0.545     0.00     0.00 -1 -4.66e-13      0.00 6.680e-01 3.020e-01 5.394e-03 1.455e-03 1.320e-02 -1.000 3.000e-02 5.798 3.711 3.032 2.798 2.512 2.393 2.359 2.296 1.674 1.644 1.716 2.653 2.403 2.259 1.864
0.03 0.33631 5.00000 0.1669482142 1.5679373741    0.167 -0.367  3.4700  2.860    0  0.000  0.545     0.00     0.00 -1 -4.96e-13      0.00 6.680e-01 3.020e-01 5.394e-03 1.455e-03 1.320e-02 -1.000 3.000e-02 5.688 3.618 2.903 2.682 2.430 2.323 2.294 2.236 1.623 1.599 1.676 2.570 2.333 2.204 1.813
0.03 0.33631 5.00000 0.1788499802 1.6167572737    0.179 -0.313  3.4787  2.870    0  0.000  0.545     0.00     0.00 -1 -5.37e-13      0.00 6.680e-01 3.020e-01 5.394e-03 1.455e-03 1.320e-02 -1.000 3.000e-02 5.552 3.504 2.746 2.539 2.327 2.235 2.211 2.159 1.557 1.543 1.626 2.463 2.247 2.133 1.747
0.03 0.33631 5.00000 0.1917582005 1.6651452780    0.192 -0.255  3.4879  2.879    0  0.000  0.545     0.00     0.00 -1 -5.87e-13      0.00 6.680e-01 3.020e-01 5.394e-03 1.455e-03 1.320e-02 -1.000 3.000e-02 5.406 3.379 2.582 2.388 2.215 2.138 2.115 2.064 1.476 1.477 1.571 2.344 2.149 2.048 1.666
0.03 0.33631 5.00000 0.2051105797 1.7109344006    0.205 -0.198  3.4967  2.886    0  0.000  0.545     0.00     0.00 -1 -6.42e-13      0.00 6.680e-01 3.020e-01 5.394e-03 1.455e-03 1.320e-02 -1.000 3.000e-02 5.264 3.265 2.436 2.244 2.097 2.040 2.017 1.968 1.395 1.409 1.512 2.217 2.051 1.960 1.585
0.03 0.33631 5.00000 0.2208867222 1.7602821589    0.221 -0.139  3.5058  2.896    0  0.000  0.545     0.00     0.00 -1 -7.01e-13      0.00 6.680e-01 3.020e-01 5.394e-03 1.455e-03 1.320e-02 -1.000 3.000e-02 5.117 3.150 2.295 2.101 1.972 1.936 1.913 1.863 1.308 1.338 1.448 2.081 1.948 1.864 1.498
0.03 0.33631 5.00000 0.2378216237 1.8083969355    0.238 -0.079  3.5148  2.905    0  0.000  0.545     0.00     0.00 -1 -7.67e-13      0.00 6.680e-01 3.020e-01 5.394e-03 1.455e-03 1.320e-02 -1.000 3.000e-02 4.968 3.035 2.161 1.964 1.847 1.831 1.805 1.752 1.214 1.261 1.379 1.943 1.843 1.761 1.404
0.03 0.33631 5.00000 0.2507952154 1.8423402309    0.251 -0.036  3.5211  2.910    0  0.000  0.545     0.00     0.00 -1 -8.18e-13      0.00 6.680e-01 3.020e-01 5.394e-03 1.455e-03 1.320e-02 -1.000 3.000e-02 4.861 2.951 2.068 1.869 1.757 1.756 1.727 1.670 1.145 1.204 1.327 1.843 1.767 1.685 1.334
0.03 0.33631 5.00000 0.2729896605 1.8954204321    0.273  0.029  3.5304  2.919    0  0.000  0.545     0.00     0.00 -1 -9.03e-13      0.00 6.680e-01 3.020e-01 5.394e-03 1.455e-03 1.320e-02 -1.000 3.000e-02 4.697 2.817 1.932 1.730 1.623 1.642 1.608 1.546 1.041 1.114 1.240 1.696 1.652 1.569 1.230
0.03 0.33631 5.00000 0.2965086699 1.9458688498    0.296  0.094  3.5392  2.924    0  0.000  0.545     0.00     0.00 -1    -1e-12      0.00 6.680e-01 3.020e-01 5.394e-03 1.455e-03 1.320e-02 -1.000 3.000e-02 4.535 2.677 1.801 1.600 1.496 1.530 1.493 1.425 0.937 1.023 1.151 1.556 1.540 1.454 1.126
0.03 0.33631 5.00000 0.3075712025 1.9678323269    0.307  0.122  3.5429  2.927    0  0.000  0.545     0.00     0.00 -1 -1.04e-12      0.00 6.680e-01 3.020e-01 5.394e-03 1.455e-03 1.320e-02 -1.000 3.000e-02 4.464 2.617 1.746 1.546 1.442 1.482 1.444 1.373 0.892 0.983 1.112 1.498 1.492 1.405 1.081
0.03 0.33631 5.00000 0.3423188627 2.0306458473    0.342  0.203  3.5536  2.936    0  0.000  0.545     0.00     0.00 -1 -1.18e-12      0.00 6.680e-01 3.020e-01 5.394e-03 1.455e-03 1.320e-02 -1.000 3.000e-02 4.263 2.443 1.587 1.393 1.293 1.347 1.307 1.229 0.765 0.868 1.000 1.336 1.356 1.268 0.954
0.03 0.33631 5.00000 0.3499999940 2.0434174538    0.350  0.220  3.5558  2.937    0  0.000  0.545     0.00     0.00 -1 -1.21e-12      0.00 6.680e-01 3.020e-01 5.394e-03 1.455e-03 1.320e-02 -1.000 3.000e-02 4.220 2.406 1.553 1.360 1.261 1.317 1.277 1.198 0.737 0.843 0.974 1.302 1.327 1.238 0.926
0.03 0.33631 5.00000 0.3874150217 2.1007997990    0.387  0.300  3.5658  2.942    0  0.000  0.545     0.00     0.00 -1 -1.38e-12      0.00 6.680e-01 3.020e-01 5.394e-03 1.455e-03 1.320e-02 -1.000 3.000e-02 4.021 2.236 1.395 1.211 1.119 1.184 1.143 1.059 0.611 0.726 0.855 1.151 1.194 1.104 0.800
0.03 0.33631 5.00000 0.4000000060 2.1185026169    0.400  0.324  3.5689  2.943    0  0.000  0.545     0.00     0.00 -1 -1.43e-12      0.00 6.680e-01 3.020e-01 5.394e-03 1.455e-03 1.320e-02 -1.000 3.000e-02 3.959 2.184 1.347 1.166 1.076 1.144 1.103 1.017 0.572 0.690 0.818 1.106 1.153 1.063 0.761
0.03 0.33631 5.00000 0.4500000179 2.1822810173    0.450  0.419  3.5799  2.943    0  0.000  0.545     0.00     0.00 -1 -1.68e-12      0.00 6.680e-01 3.020e-01 5.394e-03 1.455e-03 1.320e-02 -1.000 3.000e-02 3.722 1.976 1.163 0.990 0.905 0.979 0.939 0.850 0.416 0.541 0.670 0.927 0.989 0.901 0.605
0.03 0.33631 5.00000 0.4708396196 2.2062008381    0.471  0.460  3.5839  2.938    0  0.000  0.545     0.00     0.00 -1 -1.81e-12      0.00 6.680e-01 3.020e-01 5.394e-03 1.455e-03 1.320e-02 -1.000 3.000e-02 3.621 1.891 1.085 0.917 0.835 0.911 0.872 0.782 0.351 0.478 0.604 0.855 0.920 0.834 0.540
0.03 0.33631 5.00000 0.5000000596 2.2374544144    0.500  0.511  3.5891  2.934    0  0.000  0.545     0.00     0.00 -1 -1.99e-12      0.00 6.680e-01 3.020e-01 5.394e-03 1.455e-03 1.320e-02 -1.000 3.000e-02 3.492 1.784 0.987 0.826 0.749 0.827 0.789 0.698 0.271 0.399 0.524 0.766 0.836 0.752 0.460
0.03 0.33631 5.00000 0.5020607114 2.2395684719    0.502  0.514  3.5894  2.935    0  0.000  0.545     0.00     0.00 -1    -2e-12      0.00 6.680e-01 3.020e-01 5.394e-03 1.455e-03 1.320e-02 -1.000 3.000e-02 3.485 1.779 0.982 0.822 0.744 0.823 0.785 0.694 0.267 0.396 0.520 0.762 0.832 0.748 0.456
0.03 0.33631 5.00000 0.5500000119 2.2836582661    0.550  0.585  3.5970  2.933    0  0.000  0.545     0.00     0.00 -1 -2.25e-12      0.00 6.680e-01 3.020e-01 5.394e-03 1.455e-03 1.320e-02 -1.000 3.000e-02 3.307 1.616 0.841 0.684 0.608 0.688 0.651 0.561 0.137 0.269 0.392 0.623 0.697 0.616 0.326
0.03 0.33631 5.00000 0.5800883770 2.3070914745    0.580  0.626  3.6010  2.931    0  0.000  0.545     0.00     0.00 -1 -2.42e-12      0.00 6.680e-01 3.020e-01 5.394e-03 1.455e-03 1.320e-02 -1.000 3.000e-02 3.205 1.523 0.760 0.605 0.529 0.610 0.573 0.484 0.061 0.194 0.318 0.543 0.618 0.539 0.250
0.03 0.33631 5.00000 0.6000000238 2.3211214542    0.600  0.656  3.6036  2.926    0  0.000  0.545     0.00     0.00 -1 -2.56e-12      0.00 6.680e-01 3.020e-01 5.394e-03 1.455e-03 1.320e-02 -1.000 3.000e-02 3.130 1.455 0.699 0.546 0.471 0.552 0.516 0.427 0.005 0.139 0.262 0.484 0.561 0.483 0.194
0.03 0.33631 5.00000 0.6301407814 2.3404316902    0.630  0.697  3.6070  2.921    0  0.000  0.545     0.00     0.00 -1 -2.76e-12      0.00 6.680e-01 3.020e-01 5.394e-03 1.455e-03 1.320e-02 -1.000 3.000e-02 3.028 1.362 0.616 0.465 0.392 0.472 0.438 0.348 -0.072 0.062 0.186 0.404 0.481 0.405 0.117
0.03 0.33631 5.00000 0.6499999762 2.3520355225    0.650  0.726  3.6092  2.914    0  0.000  0.545     0.00     0.00 -1 -2.93e-12      0.00 6.680e-01 3.020e-01 5.394e-03 1.455e-03 1.320e-02 -1.000 3.000e-02 2.955 1.295 0.555 0.405 0.333 0.414 0.380 0.290 -0.130 0.005 0.129 0.344 0.423 0.347 0.059
0.03 0.33631 5.00000 0.6918391585 2.3739941120    0.692  0.770  3.6134  2.914    0  0.000  0.545     0.00     0.00 -1 -3.14e-12      0.00 6.680e-01 3.020e-01 5.394e-03 1.455e-03 1.320e-02 -1.000 3.000e-02 2.845 1.198 0.469 0.323 0.252 0.333 0.299 0.211 -0.208 -0.072 0.051 0.263 0.341 0.268 -0.019
0.03 0.33631 5.00000 0.6999999881 2.3779268265    0.700  0.780  3.6142  2.912    0  0.000  0.545     0.00     0.00 -1  -3.2e-12      0.00 6.680e-01 3.020e-01 5.394e-03 1.455e-03 1.320e-02 -1.000 3.000e-02 2.820 1.174 0.447 0.302 0.232 0.312 0.279 0.191 -0.228 -0.092 0.032 0.242 0.321 0.248 -0.039
0.03 0.33631 5.00000 0.7500000000 2.3998889923    0.750  0.850  3.6229  2.907    0  0.000  0.538     0.00     0.00 -1 -3.66e-12      0.00 6.680e-01 3.020e-01 5.323e-03 1.454e-03 1.320e-02 -1.000 3.000e-02 2.646 1.025 0.322 0.185 0.118 0.198 0.167 0.081 -0.337 -0.200 -0.076 0.127 0.206 0.138 -0.148
0.03 0.33631 5.00000 0.8000000119 2.4187245369    0.800  0.903  3.6262  2.895    0  0.000  0.538     0.00     0.00 -1 -4.05e-12      0.00 6.680e-01 3.020e-01 5.323e-03 1.454e-03 1.320e-02 -1.000 3.000e-02 2.513 0.901 0.209 0.074 0.008 0.087 0.057 -0.028 -0.445 -0.308 -0.183 0.016 0.096 0.029 -0.256
0.03 0.33631 5.00000 0.8208733201 2.4258115292    0.821  0.920  3.6276  2.895    0  0.000  0.538     0.00     0.00 -1 -4.16e-12      0.00 6.680e-01 3.020e-01 5.323e-03 1.454e-03 1.320e-02 -1.000 3.000e-02 2.471 0.863 0.174 0.041 -0.025 0.054 0.025 -0.060 -0.477 -0.339 -0.215 -0.016 0.063 -0.003 -0.288
0.03 0.33631 5.00000 0.8500000238 2.4350347519    0.850  0.947  3.6293  2.890    0  0.000  0.538     0.00     0.00 -1 -4.38e-12      0.00 6.680e-01 3.020e-01 5.323e-03 1.454e-03 1.320e-02 -1.000 3.000e-02 2.403 0.800 0.117 -0.016 -0.081 -0.002 -0.031 -0.115 -0.532 -0.394 -0.270 -0.072 0.007 -0.058 -0.343
0.03 0.33631 5.00000 0.8999999762 2.4492788315    0.899  0.993  3.6319  2.878    0  0.000  0.538     0.00     0.00 -1  -4.8e-12      0.00 6.680e-01 3.020e-01 5.323e-03 1.454e-03 1.320e-02 -1.000 3.000e-02 2.287 0.691 0.016 -0.114 -0.179 -0.101 -0.129 -0.212 -0.629 -0.491 -0.366 -0.171 -0.092 -0.155 -0.440
0.03 0.33631 5.00000 0.9499999881 2.4618122578    0.950  1.036  3.6342  2.868    0  0.000  0.538     0.00     0.00 -1 -5.22e-12      0.00 6.680e-01 3.020e-01 5.323e-03 1.454e-03 1.320e-02 -1.000 3.000e-02 2.180 0.590 -0.077 -0.205 -0.269 -0.192 -0.220 -0.302 -0.719 -0.581 -0.456 -0.262 -0.184 -0.245 -0.530
0.03 0.33631 5.00000 1.0000000000 2.4729156494    1.000  1.075  3.6364  2.861    0  0.000  0.538     0.00     0.00 -1 -5.61e-12      0.00 6.680e-01 3.020e-01 5.323e-03 1.454e-03 1.320e-02 -1.000 3.000e-02 2.082 0.498 -0.162 -0.288 -0.352 -0.275 -0.303 -0.384 -0.801 -0.663 -0.537 -0.345 -0.267 -0.327 -0.612
0.03 0.33631 5.00000 1.0499999523 2.4828116894    1.050  1.109  3.6385  2.857    0  0.000  0.538     0.00     0.00 -1 -5.53e-12      0.00 6.680e-01 3.020e-01 5.323e-03 1.454e-03 1.320e-02 -1.000 3.000e-02 1.999 0.420 -0.233 -0.358 -0.421 -0.345 -0.372 -0.453 -0.869 -0.731 -0.605 -0.414 -0.337 -0.395 -0.680
0.03 0.33631 5.00000 1.0603530407 2.4847271442    1.060  1.116  3.6389  2.855    0  0.000  0.538     0.00     0.00 -1 -5.51e-12      0.00 6.680e-01 3.020e-01 5.323e-03 1.454e-03 1.320e-02 -1.000 3.000e-02 1.981 0.403 -0.248 -0.373 -0.436 -0.360 -0.387 -0.468 -0.884 -0.746 -0.621 -0.429 -0.352 -0.410 -0.695
0.03 0.33631 5.00000 1.1000000238 2.4916803837    1.099  1.144  3.6403  2.848    0  0.000  0.538     0.00     0.00 -1 -5.46e-12      0.00 6.680e-01 3.020e-01 5.323e-03 1.454e-03 1.320e-02 -1.000 3.000e-02 1.909 0.335 -0.311 -0.435 -0.498 -0.422 -0.449 -0.529 -0.945 -0.807 -0.682 -0.491 -0.414 -0.471 -0.756
0.03 0.33631 5.00000 1.1479064226 2.4993495941    1.147  1.175  3.6420  2.843    0  0.000  0.538     0.00     0.00 -1 -5.31e-12      0.00 6.680e-01 3.020e-01 5.323e-03 1.454e-03 1.320e-02 -1.000 3.000e-02 1.833 0.263 -0.377 -0.500 -0.562 -0.487 -0.513 -0.593 -1.009 -0.871 -0.746 -0.555 -0.479 -0.535 -0.820
0.03 0.33631 5.00000 1.1499999762 2.4996678829    1.149  1.176  3.6421  2.843    0  0.000  0.538     0.00     0.00 -1  -5.3e-12      0.00 6.680e-01 3.020e-01 5.323e-03 1.454e-03 1.320e-02 -1.000 3.000e-02 1.830 0.260 -0.380 -0.503 -0.565 -0.490 -0.516 -0.596 -1.012 -0.874 -0.749 -0.558 -0.482 -0.538 -0.823
0.03 0.33631 5.00000 1.2000000477 2.5068950653    1.200  1.207  3.6437  2.837    0  0.000  0.538     0.00     0.00 -1 -5.09e-12      0.00 6.680e-01 3.020e-01 5.323e-03 1.454e-03 1.320e-02 -1.000 3.000e-02 1.753 0.188 -0.447 -0.569 -0.631 -0.556 -0.582 -0.661 -1.077 -0.939 -0.814 -0.624 -0.548 -0.604 -0.889
0.03 0.33631 5.00000 1.2500000000 2.5134611130    1.250  1.236  3.6452  2.831    0  0.000  0.538     0.00     0.00 -1 -4.84e-12      0.00 6.680e-01 3.020e-01 5.323e-03 1.454e-03 1.320e-02 -1.000 3.000e-02 1.679 0.118 -0.512 -0.633 -0.695 -0.620 -0.646 -0.724 -1.141 -1.003 -0.877 -0.688 -0.612 -0.667 -0.952
0.03 0.33631 5.00000 1.2999999523 2.5194499493    1.300  1.265  3.6466  2.826    0  0.000  0.538     0.00     0.00 -1 -4.54e-12      0.00 6.680e-01 3.020e-01 5.323e-03 1.454e-03 1.320e-02 -1.000 3.000e-02 1.609 0.050 -0.575 -0.694 -0.756 -0.682 -0.707 -0.785 -1.202 -1.064 -0.938 -0.749 -0.674 -0.728 -1.013
0.03 0.33631 5.00000 1.3500000238 2.5249314308    1.350  1.292  3.6479  2.820    0  0.000  0.538     0.00     0.00 -1 -4.18e-12      0.00 6.680e-01 3.020e-01 5.323e-03 1.454e-03 1.320e-02 -1.000 3.000e-02 1.540 -0.015 -0.636 -0.754 -0.816 -0.742 -0.767 -0.845 -1.261 -1.124 -0.998 -0.809 -0.734 -0.787 -1.072
0.03 0.33631 5.00000 1.3528958559 2.5252346992    1.353  1.294  3.6480  2.820    0  0.000  0.538     0.00     0.00 -1 -4.15e-12      0.00 6.680e-01 3.020e-01 5.323e-03 1.454e-03 1.320e-02 -1.000 3.000e-02 1.536 -0.019 -0.639 -0.757 -0.819 -0.746 -0.770 -0.848 -1.264 -1.127 -1.001 -0.812 -0.738 -0.790 -1.076
0.03 0.33631 5.00000 1.3999999762 2.5299651623    1.400  1.317  3.6492  2.816    0  0.000  0.538     0.00     0.00 -1 -3.74e-12      0.00 6.680e-01 3.020e-01 5.323e-03 1.454e-03 1.320e-02 -1.000 3.000e-02 1.477 -0.074 -0.691 -0.808 -0.869 -0.796 -0.821 -0.898 -1.315 -1.177 -1.051 -0.863 -0.788 -0.840 -1.126
0.03 0.33631 5.00000 1.4434521198 2.5340154171    1.444  1.336  3.6503  2.815    0  0.000  0.538     0.00     0.00 -1 -3.29e-12      0.00 6.680e-01 3.020e-01 5.323e-03 1.454e-03 1.320e-02 -1.000 3.000e-02 1.429 -0.119 -0.732 -0.848 -0.910 -0.837 -0.861 -0.938 -1.355 -1.217 -1.091 -0.903 -0.829 -0.880 -1.166
0.03 0.33631 5.00000 1.4500000477 2.5346016884    1.450  1.339  3.6505  2.814    0  0.000  0.538     0.00     0.00 -1 -3.23e-12      0.00 6.680e-01 3.020e-01 5.323e-03 1.454e-03 1.320e-02 -1.000 3.000e-02 1.422 -0.126 -0.738 -0.854 -0.915 -0.843 -0.867 -0.944 -1.360 -1.223 -1.097 -0.909 -0.835 -0.886 -1.172
0.03 0.33631 5.00000 1.5000000000 2.5388846397    1.500  1.365  3.6516  2.808    0  0.000  0.538     0.00     0.00 -1 -2.71e-12      0.00 6.680e-01 3.020e-01 5.323e-03 1.454e-03 1.320e-02 -1.000 3.000e-02 1.359 -0.187 -0.795 -0.911 -0.972 -0.900 -0.924 -1.000 -1.417 -1.279 -1.153 -0.966 -0.892 -0.943 -1.228
0.03 0.33631 5.00000 1.5499999523 2.5428512096    1.550  1.388  3.6526  2.803    0  0.000  0.538     0.00     0.00 -1 -2.12e-12      0.00 6.680e-01 3.020e-01 5.323e-03 1.454e-03 1.320e-02 -1.000 3.000e-02 1.301 -0.242 -0.847 -0.962 -1.023 -0.951 -0.974 -1.050 -1.467 -1.330 -1.203 -1.016 -0.943 -0.993 -1.278
0.03 0.33631 5.00000 1.5748157501 2.5447127819    1.575  1.399  3.6530  2.800    0  0.000  0.538     0.00     0.00 -1 -1.77e-12      0.00 6.680e-01 3.020e-01 5.323e-03 1.454e-03 1.320e-02 -1.000 3.000e-02 1.271 -0.270 -0.874 -0.988 -1.049 -0.977 -1.001 -1.077 -1.494 -1.356 -1.230 -1.043 -0.970 -1.019 -1.305
0.03 0.33631 5.00000 1.6000000238 2.5465342999    1.600  1.410  3.6536  2.798    0  0.000  0.538     0.00     0.00 -1 -1.47e-12      0.00 6.680e-01 3.020e-01 5.323e-03 1.454e-03 1.320e-02 -1.000 3.000e-02 1.245 -0.295 -0.897 -1.011 -1.072 -1.000 -1.024 -1.099 -1.516 -1.379 -1.252 -1.066 -0.993 -1.042 -1.327
0.03 0.33631 5.00000 1.6499999762 2.5499615669    1.649  1.430  3.6546  2.796    0  0.000  0.538     0.00     0.00 -1 -7.61e-13      0.00 6.680e-01 3.020e-01 5.323e-03 1.454e-03 1.320e-02 -1.000 3.000e-02 1.196 -0.342 -0.940 -1.053 -1.114 -1.043 -1.066 -1.141 -1.558 -1.421 -1.294 -1.107 -1.035 -1.084 -1.369
0.03 0.33631 5.00000 1.6749999523 2.5515873432    1.674  1.439  3.6552  2.796    0  0.000  0.538     0.00     0.00 -1 -3.86e-13      0.00 6.680e-01 3.020e-01 5.323e-03 1.454e-03 1.320e-02 -1.000 3.000e-02 1.173 -0.363 -0.959 -1.073 -1.133 -1.062 -1.085 -1.160 -1.577 -1.440 -1.313 -1.127 -1.054 -1.103 -1.388
0.03 0.33631 5.00000 1.7000000477 2.5531582832    1.699  1.449  3.6556  2.794    0  0.000  0.538     0.00     0.00 -1    -1e-30      0.00 6.680e-01 3.020e-01 5.323e-03 1.454e-03 1.320e-02 -1.000 3.000e-02 1.147 -0.388 -0.983 -1.096 -1.156 -1.085 -1.108 -1.183 -1.600 -1.463 -1.336 -1.150 -1.077 -1.126 -1.411
0.03 0.33631 5.00000 1.7250000238 2.5546767712    1.724  1.458  3.6561  2.793    0  0.000  0.538     0.00     0.00 -1    -1e-30      0.00 6.680e-01 3.020e-01 5.323e-03 1.454e-03 1.320e-02 -1.000 3.000e-02 1.126 -0.408 -1.001 -1.113 -1.174 -1.103 -1.126 -1.201 -1.618 -1.480 -1.354 -1.167 -1.095 -1.143 -1.429
0.03 0.33631 5.00000 1.7500000000 2.5561456680    1.749  1.471  3.6564  2.787    0  0.000  0.538     0.00     0.00 -1    -1e-30      0.00 6.680e-01 3.020e-01 5.323e-03 1.454e-03 1.320e-02 -1.000 3.000e-02 1.092 -0.441 -1.032 -1.145 -1.205 -1.134 -1.157 -1.232 -1.649 -1.512 -1.385 -1.199 -1.127 -1.175 -1.460
0.03 0.33631 5.00000 1.7508536577 2.5561950207    1.750  1.471  3.6564  2.787    0  0.000  0.538     0.00     0.00 -1    -1e-30      0.00 6.680e-01 3.020e-01 5.323e-03 1.454e-03 1.320e-02 -1.000 3.000e-02 1.092 -0.441 -1.033 -1.145 -1.205 -1.135 -1.158 -1.233 -1.650 -1.512 -1.386 -1.199 -1.127 -1.175 -1.461
0.03 0.33631 5.00000 1.7750000954 2.5575671196    1.774  1.476  3.6570  2.791    0  0.000  0.538     0.00     0.00 -1    -1e-30      0.00 6.680e-01 3.020e-01 5.323e-03 1.454e-03 1.320e-02 -1.000 3.000e-02 1.079 -0.453 -1.042 -1.154 -1.214 -1.144 -1.167 -1.241 -1.658 -1.521 -1.394 -1.208 -1.136 -1.184 -1.469
0.03 0.33631 5.00000 1.7999998331 2.5589430332    1.799  1.488  3.6574  2.787    0  0.000  0.538     0.00     0.00 -1    -1e-30      0.00 6.680e-01 3.020e-01 5.323e-03 1.454e-03 1.320e-02 -1.000 3.000e-02 1.051 -0.480 -1.068 -1.180 -1.240 -1.170 -1.193 -1.267 -1.684 -1.547 -1.420 -1.234 -1.162 -1.210 -1.495
0.03 0.33631 5.00000 1.8250000477 2.5602757931    1.824  1.495  3.6579  2.787    0  0.000  0.538     0.00     0.00 -1    -1e-30      0.00 6.680e-01 3.020e-01 5.323e-03 1.454e-03 1.320e-02 -1.000 3.000e-02 1.032 -0.497 -1.084 -1.195 -1.255 -1.185 -1.208 -1.282 -1.699 -1.562 -1.435 -1.249 -1.177 -1.224 -1.510
0.03 0.33631 5.00000 1.8500000238 2.5615673065    1.849  1.505  3.6582  2.784    0  0.000  0.538     0.00     0.00 -1    -1e-30      0.00 6.680e-01 3.020e-01 5.323e-03 1.454e-03 1.320e-02 -1.000 3.000e-02 1.007 -0.522 -1.108 -1.219 -1.279 -1.209 -1.231 -1.305 -1.722 -1.585 -1.458 -1.273 -1.201 -1.248 -1.533
0.03 0.33631 5.00000 1.8750000000 2.5628192425    1.874  1.514  3.6586  2.783    0  0.000  0.538     0.00     0.00 -1    -1e-30      0.00 6.680e-01 3.020e-01 5.323e-03 1.454e-03 1.320e-02 -1.000 3.000e-02 0.985 -0.542 -1.127 -1.237 -1.297 -1.227 -1.250 -1.324 -1.741 -1.604 -1.477 -1.291 -1.220 -1.266 -1.552
0.03 0.33631 5.00000 1.8999999762 2.5640332699    1.899  1.523  3.6590  2.781    0  0.000  0.538     0.00     0.00 -1    -1e-30      0.00 6.680e-01 3.020e-01 5.323e-03 1.454e-03 1.320e-02 -1.000 3.000e-02 0.962 -0.565 -1.148 -1.259 -1.318 -1.249 -1.271 -1.345 -1.762 -1.625 -1.498 -1.312 -1.241 -1.287 -1.573
0.03 0.33631 5.00000 1.9249999523 2.5652110577    1.924  1.529  3.6596  2.784    0  0.000  0.538     0.00     0.00 -1    -1e-30      0.00 6.680e-01 3.020e-01 5.323e-03 1.454e-03 1.320e-02 -1.000 3.000e-02 0.948 -0.577 -1.158 -1.268 -1.328 -1.258 -1.281 -1.354 -1.771 -1.634 -1.507 -1.322 -1.251 -1.297 -1.582
0.03 0.33631 5.00000 1.9500000477 2.5663545132    1.950  1.536  3.6600  2.784    0  0.000  0.538     0.00     0.00 -1    -1e-30      0.00 6.680e-01 3.020e-01 5.323e-03 1.454e-03 1.320e-02 -1.000 3.000e-02 0.930 -0.594 -1.174 -1.284 -1.343 -1.274 -1.296 -1.369 -1.787 -1.649 -1.522 -1.337 -1.266 -1.312 -1.598
0.03 0.33631 5.00000 1.9951279163 2.5683348179    1.995  1.553  3.6606  2.779    0  0.000  0.538     0.00     0.00 -1    -1e-30      0.00 6.680e-01 3.020e-01 5.323e-03 1.454e-03 1.320e-02 -1.000 3.000e-02 0.888 -0.635 -1.212 -1.322 -1.381 -1.312 -1.334 -1.407 -1.824 -1.687 -1.560 -1.375 -1.305 -1.350 -1.635
0.03 0.33631 5.00000 2.0000000000 2.5685424805    2.000  1.555  3.6607  2.779    0  0.000  0.538     0.00     0.00 -1    -1e-30      0.00 6.680e-01 3.020e-01 5.323e-03 1.454e-03 1.320e-02 -1.000 3.000e-02 0.884 -0.638 -1.216 -1.325 -1.385 -1.316 -1.338 -1.411 -1.828 -1.691 -1.564 -1.379 -1.308 -1.353 -1.639
0.03 0.33631 5.00000 2.0499999523 2.5706083775    2.050  1.568  3.6615  2.779    0  0.000  0.538     0.00     0.00 -1    -1e-30      0.00 6.680e-01 3.020e-01 5.323e-03 1.454e-03 1.320e-02 -1.000 3.000e-02 0.849 -0.671 -1.246 -1.355 -1.414 -1.345 -1.367 -1.440 -1.857 -1.720 -1.592 -1.408 -1.338 -1.382 -1.668
0.03 0.33631 5.00000 2.0999999046 2.5725615025    2.099  1.582  3.6623  2.779    0  0.000  0.538     0.00     0.00 -1    -1e-30      0.00 6.680e-01 3.020e-01 5.323e-03 1.454e-03 1.320e-02 -1.000 3.000e-02 0.815 -0.702 -1.274 -1.383 -1.441 -1.373 -1.395 -1.467 -1.884 -1.747 -1.620 -1.436 -1.366 -1.410 -1.696
0.03 0.33631 5.00000 2.1261465549 2.5735409260    2.125  1.591  3.6626  2.777    0  0.000  0.538     0.00     0.00 -1    -1e-30      0.00 6.680e-01 3.020e-01 5.323e-03 1.454e-03 1.320e-02 -1.000 3.000e-02 0.793 -0.724 -1.295 -1.403 -1.462 -1.394 -1.416 -1.488 -1.905 -1.768 -1.641 -1.456 -1.386 -1.431 -1.716
0.03 0.33631 5.00000 2.1500000954 2.5744106770    2.149  1.598  3.6629  2.776    0  0.000  0.538     0.00     0.00 -1    -1e-30      0.00 6.680e-01 3.020e-01 5.323e-03 1.454e-03 1.320e-02 -1.000 3.000e-02 0.774 -0.742 -1.312 -1.420 -1.478 -1.410 -1.432 -1.504 -1.921 -1.784 -1.657 -1.473 -1.403 -1.447 -1.732
0.03 0.33631 5.00000 2.2000000477 2.5761635303    2.199  1.611  3.6637  2.776    0  0.000  0.538     0.00     0.00 -1    -1e-30      0.00 6.680e-01 3.020e-01 5.323e-03 1.454e-03 1.320e-02 -1.000 3.000e-02 0.743 -0.770 -1.338 -1.445 -1.504 -1.436 -1.457 -1.529 -1.947 -1.809 -1.682 -1.498 -1.428 -1.472 -1.758
0.03 0.33631 5.00000 2.2434973717 2.5776152611    2.242  1.622  3.6644  2.777    0  0.000  0.538     0.00     0.00 -1    -1e-30      0.00 6.680e-01 3.020e-01 5.323e-03 1.454e-03 1.320e-02 -1.000 3.000e-02 0.716 -0.796 -1.361 -1.468 -1.527 -1.459 -1.480 -1.552 -1.969 -1.832 -1.704 -1.521 -1.451 -1.495 -1.780
0.03 0.33631 5.00000 2.2500000000 2.5778269768    2.249  1.623  3.6645  2.776    0  0.000  0.538     0.00     0.00 -1    -1e-30      0.00 6.680e-01 3.020e-01 5.323e-03 1.454e-03 1.320e-02 -1.000 3.000e-02 0.712 -0.800 -1.365 -1.472 -1.530 -1.463 -1.484 -1.556 -1.973 -1.836 -1.708 -1.525 -1.455 -1.498 -1.784
0.03 0.33631 5.00000 2.2999999523 2.5794074535    2.299  1.638  3.6651  2.774    0  0.000  0.538     0.00     0.00 -1    -1e-30      0.00 6.680e-01 3.020e-01 5.323e-03 1.454e-03 1.320e-02 -1.000 3.000e-02 0.676 -0.835 -1.397 -1.504 -1.562 -1.495 -1.516 -1.587 -2.005 -1.867 -1.740 -1.557 -1.487 -1.530 -1.816
0.03 0.33631 5.00000 2.3399951458 2.5806159973    2.339  1.648  3.6656  2.774    0  0.000  0.538     0.00     0.00 -1    -1e-30      0.00 6.680e-01 3.020e-01 5.323e-03 1.454e-03 1.320e-02 -1.000 3.000e-02 0.650 -0.858 -1.419 -1.526 -1.584 -1.516 -1.537 -1.609 -2.026 -1.889 -1.761 -1.578 -1.509 -1.552 -1.837
0.03 0.33631 5.00000 2.4000000954 2.5823426247    2.399  1.662  3.6664  2.774    0  0.000  0.538     0.00     0.00 -1    -1e-30      0.00 6.680e-01 3.020e-01 5.323e-03 1.454e-03 1.320e-02 -1.000 3.000e-02 0.616 -0.891 -1.449 -1.555 -1.613 -1.546 -1.567 -1.638 -2.055 -1.918 -1.790 -1.607 -1.538 -1.580 -1.866
0.03 0.33631 5.00000 2.4271297455 2.5830910206    2.426  1.650  3.6679  2.796    0  0.000  0.538     0.00     0.00 -1    -1e-30      0.00 6.680e-01 3.020e-01 5.323e-03 1.454e-03 1.320e-02 -1.000 3.000e-02 0.645 -0.858 -1.412 -1.516 -1.574 -1.507 -1.528 -1.598 -2.015 -1.878 -1.750 -1.568 -1.500 -1.541 -1.827
0.03 0.33631 5.00000 2.5477688313 2.5861985683    2.548  1.606  3.6736  2.884    0  0.000  0.538     0.00     0.00 -1    -1e-30      0.00 6.680e-01 3.020e-01 5.323e-03 1.454e-03 1.320e-02 -1.000 3.000e-02 0.755 -0.731 -1.268 -1.368 -1.422 -1.358 -1.378 -1.445 -1.862 -1.724 -1.596 -1.417 -1.351 -1.388 -1.673
0.03 0.33631 5.00000 2.5999999046 2.5874414444    2.600  1.592  3.6758  2.916    0  0.000  0.538     0.00     0.00 -1    -1e-30      0.00 6.680e-01 3.020e-01 5.323e-03 1.454e-03 1.320e-02 -1.000 3.000e-02 0.790 -0.689 -1.219 -1.318 -1.371 -1.308 -1.327 -1.394 -1.810 -1.672 -1.543 -1.366 -1.301 -1.336 -1.621
0.03 0.33631 5.00000 2.6793456078 2.5892233849    2.679  1.610  3.6767  2.915    0  0.000  0.538     0.00     0.00 -1    -1e-30      0.00 6.680e-01 3.020e-01 5.323e-03 1.454e-03 1.320e-02 -1.000 3.000e-02 0.745 -0.731 -1.259 -1.356 -1.409 -1.347 -1.366 -1.432 -1.849 -1.711 -1.582 -1.405 -1.340 -1.374 -1.660
0.03 0.33631 5.00000 2.7999999523 2.5917119980    2.800  1.638  3.6779  2.911    0  0.000  0.538     0.00     0.00 -1    -1e-30      0.00 6.680e-01 3.020e-01 5.323e-03 1.454e-03 1.320e-02 -1.000 3.000e-02 0.675 -0.798 -1.321 -1.418 -1.471 -1.409 -1.428 -1.494 -1.910 -1.772 -1.643 -1.467 -1.402 -1.436 -1.721
0.03 0.33631 5.00000 2.8767688274 2.5931708813    2.877  1.654  3.6787  2.910    0  0.000  0.538     0.00     0.00 -1    -1e-30      0.00 6.680e-01 3.020e-01 5.323e-03 1.454e-03 1.320e-02 -1.000 3.000e-02 0.635 -0.836 -1.357 -1.453 -1.506 -1.444 -1.463 -1.528 -1.945 -1.807 -1.678 -1.501 -1.437 -1.470 -1.756
0.03 0.33631 5.00000 3.0000000000 2.5953342915    3.000  1.680  3.6800  2.907    0  0.000  0.538     0.00     0.00 -1    -1e-30      0.00 6.680e-01 3.020e-01 5.323e-03 1.454e-03 1.320e-02 -1.000 3.000e-02 0.570 -0.897 -1.414 -1.509 -1.562 -1.500 -1.519 -1.584 -2.001 -1.862 -1.733 -1.557 -1.493 -1.526 -1.812
0.03 0.33631 5.00000 3.0083305836 2.5954732895    3.008  1.682  3.6800  2.907    0  0.000  0.538     0.00     0.00 -1    -1e-30      0.00 6.680e-01 3.020e-01 5.323e-03 1.454e-03 1.320e-02 -1.000 3.000e-02 0.566 -0.901 -1.417 -1.513 -1.565 -1.503 -1.522 -1.587 -2.004 -1.866 -1.737 -1.561 -1.497 -1.530 -1.815
0.03 0.33631 5.00000 3.1958100796 2.5983805656    3.195  1.721  3.6816  2.900    0  0.000  0.538     0.00     0.00 -1    -1e-30      0.00 6.680e-01 3.020e-01 5.323e-03 1.454e-03 1.320e-02 -1.000 3.000e-02 0.468 -0.994 -1.506 -1.601 -1.653 -1.592 -1.610 -1.675 -2.091 -1.953 -1.824 -1.648 -1.585 -1.617 -1.902
0.03 0.33631 5.00000 3.2000000477 2.5984411240    3.199  1.722  3.6816  2.900    0  0.000  0.538     0.00     0.00 -1    -1e-30      0.00 6.680e-01 3.020e-01 5.323e-03 1.454e-03 1.320e-02 -1.000 3.000e-02 0.465 -0.997 -1.508 -1.603 -1.655 -1.594 -1.612 -1.677 -2.093 -1.955 -1.826 -1.650 -1.587 -1.619 -1.904
0.03 0.33631 5.00000 3.3834621906 2.6009225845    3.382  1.756  3.6832  2.895    0  0.000  0.538     0.00     0.00 -1    -1e-30      0.00 6.680e-01 3.020e-01 5.323e-03 1.454e-03 1.320e-02 -1.000 3.000e-02 0.379 -1.078 -1.585 -1.679 -1.730 -1.670 -1.688 -1.752 -2.168 -2.030 -1.901 -1.726 -1.663 -1.694 -1.979
0.03 0.33631 5.00000 3.4000000954 2.6011312008    3.398  1.759  3.6833  2.895    0  0.000  0.538     0.00     0.00 -1    -1e-30      0.00 6.680e-01 3.020e-01 5.323e-03 1.454e-03 1.320e-02 -1.000 3.000e-02 0.372 -1.085 -1.592 -1.685 -1.737 -1.676 -1.694 -1.758 -2.175 -2.036 -1.907 -1.732 -1.669 -1.700 -1.986
0.03 0.33631 5.00000 3.5999996662 2.6034805775    3.598  1.796  3.6848  2.889    0  0.000  0.538     0.00     0.00 -1    -1e-30      0.00 6.680e-01 3.020e-01 5.323e-03 1.454e-03 1.320e-02 -1.000 3.000e-02 0.279 -1.173 -1.675 -1.768 -1.819 -1.758 -1.777 -1.840 -2.256 -2.117 -1.988 -1.814 -1.752 -1.782 -2.067
0.03 0.33631 5.00000 3.7202074528 2.6047537327    3.718  1.817  3.6857  2.886    0  0.000  0.538     0.00     0.00 -1    -1e-30      0.00 6.680e-01 3.020e-01 5.323e-03 1.454e-03 1.320e-02 -1.000 3.000e-02 0.228 -1.222 -1.721 -1.813 -1.864 -1.804 -1.822 -1.885 -2.301 -2.162 -2.033 -1.859 -1.798 -1.827 -2.112
0.03 0.33631 5.00000 3.7999999523 2.6055479050    3.798  1.832  3.6862  2.883    0  0.000  0.538     0.00     0.00 -1    -1e-30      0.00 6.680e-01 3.020e-01 5.323e-03 1.454e-03 1.320e-02 -1.000 3.000e-02 0.191 -1.258 -1.755 -1.847 -1.898 -1.838 -1.856 -1.919 -2.335 -2.196 -2.067 -1.893 -1.832 -1.861 -2.146
0.03 0.33631 5.00000 3.9487929344 2.6069304943    3.949  1.857  3.6873  2.879    0  0.000  0.538     0.00     0.00 -1    -1e-30      0.00 6.680e-01 3.020e-01 5.323e-03 1.454e-03 1.320e-02 -1.000 3.000e-02 0.128 -1.317 -1.812 -1.903 -1.953 -1.894 -1.912 -1.974 -2.390 -2.251 -2.122 -1.949 -1.888 -1.916 -2.201
0.03 0.33631 5.00000 4.0000000000 2.6073791981    4.001  1.865  3.6876  2.877    0  0.000  0.538     0.00     0.00 -1    -1e-30      0.00 6.680e-01 3.020e-01 5.323e-03 1.454e-03 1.320e-02 -1.000 3.000e-02 0.106 -1.338 -1.831 -1.922 -1.972 -1.913 -1.931 -1.993 -2.409 -2.270 -2.140 -1.968 -1.907 -1.935 -2.220
0.03 0.33631 5.00000 4.1990127563 2.6090037823    4.197  1.900  3.6889  2.869    0  0.000  0.538     0.00     0.00 -1    -1e-30      0.00 6.680e-01 3.020e-01 5.323e-03 1.454e-03 1.320e-02 -1.000 3.000e-02 0.021 -1.419 -1.909 -1.999 -2.049 -1.990 -2.007 -2.069 -2.485 -2.346 -2.217 -2.044 -1.984 -2.011 -2.296
0.03 0.33631 5.00000 4.1999998093 2.6090114117    4.198  1.900  3.6890  2.869    0  0.000  0.538     0.00     0.00 -1    -1e-30      0.00 6.680e-01 3.020e-01 5.323e-03 1.454e-03 1.320e-02 -1.000 3.000e-02 0.020 -1.420 -1.909 -2.000 -2.049 -1.990 -2.008 -2.070 -2.486 -2.346 -2.217 -2.045 -1.984 -2.012 -2.297
0.03 0.33631 5.00000 4.3371410370 2.6100311279    4.334  1.922  3.6899  2.865    0  0.000  0.538     0.00     0.00 -1    -1e-30      0.00 6.680e-01 3.020e-01 5.323e-03 1.454e-03 1.320e-02 -1.000 3.000e-02 -0.034 -1.471 -1.958 -2.048 -2.097 -2.038 -2.056 -2.117 -2.533 -2.394 -2.264 -2.093 -2.032 -2.059 -2.344
0.03 0.33631 5.00000 4.4000000954 2.6104743481    4.397  1.933  3.6902  2.861    0  0.000  0.538     0.00     0.00 -1    -1e-30      0.00 6.680e-01 3.020e-01 5.323e-03 1.454e-03 1.320e-02 -1.000 3.000e-02 -0.063 -1.499 -1.985 -2.074 -2.123 -2.065 -2.082 -2.144 -2.560 -2.420 -2.291 -2.119 -2.059 -2.086 -2.371
0.03 0.33631 5.00000 4.5173673630 2.6112637520    4.514  1.953  3.6910  2.856    0  0.000  0.538     0.00     0.00 -1    -1e-30      0.00 6.680e-01 3.020e-01 5.323e-03 1.454e-03 1.320e-02 -1.000 3.000e-02 -0.112 -1.545 -2.028 -2.118 -2.166 -2.108 -2.126 -2.187 -2.602 -2.463 -2.334 -2.162 -2.102 -2.129 -2.414
0.03 0.33631 5.00000 4.5999999046 2.6117916107    4.598  1.968  3.6915  2.850    0  0.000  0.538     0.00     0.00 -1    -1e-30      0.00 6.680e-01 3.020e-01 5.323e-03 1.454e-03 1.320e-02 -1.000 3.000e-02 -0.150 -1.582 -2.064 -2.153 -2.201 -2.144 -2.161 -2.222 -2.638 -2.498 -2.369 -2.197 -2.137 -2.164 -2.449
0.03 0.33631 5.00000 4.7234668732 2.6125411987    4.721  1.989  3.6923  2.845    0  0.000  0.538     0.00     0.00 -1    -1e-30      0.00 6.680e-01 3.020e-01 5.323e-03 1.454e-03 1.320e-02 -1.000 3.000e-02 -0.202 -1.631 -2.111 -2.199 -2.247 -2.190 -2.207 -2.268 -2.683 -2.544 -2.415 -2.243 -2.184 -2.210 -2.495
0.03 0.33631 5.00000 4.8000001907 2.6129837036    4.798  2.002  3.6928  2.840    0  0.000  0.538     0.00     0.00 -1    -1e-30      0.00 6.680e-01 3.020e-01 5.323e-03 1.454e-03 1.320e-02 -1.000 3.000e-02 -0.236 -1.664 -2.142 -2.230 -2.278 -2.221 -2.238 -2.298 -2.714 -2.575 -2.445 -2.274 -2.215 -2.240 -2.525
0.03 0.33631 5.00000 5.0000000000 2.6140668392    4.999  2.043  3.6939  2.821    0  0.000  0.538     0.00     0.00 -1    -1e-30      0.00 6.680e-01 3.020e-01 5.323e-03 1.454e-03 1.320e-02 -1.000 3.000e-02 -0.338 -1.762 -2.236 -2.324 -2.372 -2.315 -2.332 -2.392 -2.808 -2.669 -2.539 -2.368 -2.309 -2.334 -2.619
0.03 0.33631 5.00000 5.1679911613 2.6149022579    5.168  2.074  3.6952  2.810    0  0.000  0.538     0.00     0.00 -1    -1e-30      0.00 6.680e-01 3.020e-01 5.323e-03 1.454e-03 1.320e-02 -1.000 3.000e-02 -0.415 -1.835 -2.306 -2.393 -2.440 -2.384 -2.401 -2.460 -2.876 -2.737 -2.608 -2.436 -2.378 -2.403 -2.687
0.03 0.33631 5.00000 5.1999998093 2.6150546074    5.200  2.080  3.6955  2.808    0  0.000  0.538     0.00     0.00 -1    -1e-30      0.00 6.680e-01 3.020e-01 5.323e-03 1.454e-03 1.320e-02 -1.000 3.000e-02 -0.430 -1.849 -2.319 -2.405 -2.453 -2.397 -2.413 -2.473 -2.889 -2.749 -2.620 -2.449 -2.391 -2.415 -2.700
0.03 0.33631 5.00000 5.2603516579 2.6153357029    5.260  2.091  3.6960  2.804    0  0.000  0.538     0.00     0.00 -1    -1e-30      0.00 6.680e-01 3.020e-01 5.323e-03 1.454e-03 1.320e-02 -1.000 3.000e-02 -0.457 -1.875 -2.343 -2.430 -2.477 -2.421 -2.438 -2.497 -2.913 -2.774 -2.644 -2.473 -2.415 -2.439 -2.724
0.03 0.33631 5.00000 5.4000000954 2.6159586906    5.401  2.126  3.6969  2.784    0  0.000  0.538     0.00     0.00 -1    -1e-30      0.00 6.680e-01 3.020e-01 5.323e-03 1.454e-03 1.320e-02 -1.000 3.000e-02 -0.544 -1.959 -2.424 -2.510 -2.557 -2.501 -2.518 -2.577 -2.993 -2.854 -2.724 -2.553 -2.495 -2.519 -2.804
0.03 0.33631 5.00000 5.5999999046 2.6167888641    5.601  2.175  3.6986  2.758    0  0.000  0.538     0.00     0.00 -1    -1e-30      0.00 6.680e-01 3.020e-01 5.323e-03 1.454e-03 1.320e-02 -1.000 3.000e-02 -0.668 -2.077 -2.537 -2.622 -2.669 -2.614 -2.630 -2.689 -3.105 -2.965 -2.836 -2.665 -2.608 -2.631 -2.916
0.03 0.33631 5.00000 5.7261152267 2.6172783375    5.727  2.203  3.7000  2.744    0  0.000  0.538     0.00     0.00 -1    -1e-30      0.00 6.680e-01 3.020e-01 5.323e-03 1.454e-03 1.320e-02 -1.000 3.000e-02 -0.738 -2.143 -2.599 -2.684 -2.730 -2.675 -2.691 -2.750 -3.166 -3.026 -2.897 -2.726 -2.669 -2.692 -2.977
0.03 0.33631 5.00000 5.7727532387 2.6174530983    5.774  2.214  3.7005  2.740    0  0.000  0.538     0.00     0.00 -1    -1e-30      0.00 6.680e-01 3.020e-01 5.323e-03 1.454e-03 1.320e-02 -1.000 3.000e-02 -0.764 -2.167 -2.622 -2.706 -2.752 -2.698 -2.714 -2.772 -3.188 -3.048 -2.919 -2.748 -2.692 -2.714 -2.999
0.03 0.33631 5.00000 5.8000001907 2.6175537109    5.801  2.224  3.7008  2.733    0  0.000  0.538     0.00     0.00 -1    -1e-30      0.00 6.680e-01 3.020e-01 5.323e-03 1.454e-03 1.320e-02 -1.000 3.000e-02 -0.789 -2.191 -2.645 -2.728 -2.775 -2.720 -2.736 -2.794 -3.210 -3.071 -2.942 -2.771 -2.715 -2.736 -3.021
0.03 0.33631 5.00000 5.8767099380 2.6178312302    5.877  2.250  3.7018  2.716    0  0.000  0.538     0.00     0.00 -1    -1e-30      0.00 6.680e-01 3.020e-01 5.323e-03 1.454e-03 1.320e-02 -1.000 3.000e-02 -0.856 -2.254 -2.705 -2.788 -2.834 -2.780 -2.796 -2.854 -3.270 -3.130 -3.001 -2.830 -2.774 -2.796 -3.081
0.03 0.33631 5.00000 5.9999995232 2.6182601452    6.000  2.296  3.7037  2.687    0  0.000  0.538     0.00     0.00 -1    -1e-30      0.00 6.680e-01 3.020e-01 5.323e-03 1.454e-03 1.320e-02 -1.000 3.000e-02 -0.969 -2.362 -2.807 -2.889 -2.935 -2.882 -2.897 -2.954 -3.370 -3.231 -3.102 -2.931 -2.876 -2.896 -3.181
0.03 0.33631 5.00000 6.1728181839 2.6188282967    6.173  2.363  3.7067  2.644    0  0.000  0.538     0.00     0.00 -1    -1e-30      0.00 6.680e-01 3.020e-01 5.323e-03 1.454e-03 1.320e-02 -1.000 3.000e-02 -1.138 -2.520 -2.957 -3.038 -3.082 -3.030 -3.046 -3.101 -3.517 -3.378 -3.249 -3.079 -3.025 -3.043 -3.328
0.03 0.33631 5.00000 6.1999993324 2.6189143658    6.200  2.375  3.7073  2.636    0  0.000  0.538     0.00     0.00 -1    -1e-30      0.00 6.680e-01 3.020e-01 5.323e-03 1.454e-03 1.320e-02 -1.000 3.000e-02 -1.168 -2.548 -2.983 -3.063 -3.107 -3.056 -3.071 -3.127 -3.543 -3.404 -3.274 -3.104 -3.050 -3.069 -3.354
0.03 0.33631 5.00000 6.4000000954 2.6195218563    6.399  2.470  3.7126  2.576    0  0.000  0.538     0.00     0.00 -1    -1e-30      0.00 6.680e-01 3.020e-01 5.323e-03 1.454e-03 1.320e-02 -1.000 3.000e-02 -1.406 -2.767 -3.187 -3.265 -3.307 -3.258 -3.273 -3.326 -3.741 -3.603 -3.474 -3.304 -3.253 -3.268 -3.553
0.03 0.33631 5.00000 6.4241547585 2.6195921898    6.422  2.481  3.7132  2.570    0  0.000  0.538     0.00     0.00 -1    -1e-30      0.00 6.680e-01 3.020e-01 5.323e-03 1.454e-03 1.320e-02 -1.000 3.000e-02 -1.433 -2.791 -3.210 -3.287 -3.329 -3.280 -3.295 -3.347 -3.763 -3.624 -3.495 -3.325 -3.275 -3.289 -3.574
0.03 0.33631 5.00000 6.5948719978 2.6200730801    6.587  2.547  3.7189  2.537    0  0.000  0.538     0.00     0.00 -1    -1e-30      0.00 6.680e-01 3.020e-01 5.323e-03 1.454e-03 1.320e-02 -1.000 3.000e-02 -1.598 -2.936 -3.339 -3.412 -3.452 -3.407 -3.421 -3.470 -3.886 -3.747 -3.618 -3.449 -3.402 -3.412 -3.697
0.03 0.33631 5.00000 6.7217025757 2.6204121113    6.712  2.596  3.7246  2.519    0  0.000  0.538     0.00     0.00 -1    -1e-30      0.00 6.680e-01 3.020e-01 5.323e-03 1.454e-03 1.320e-02 -1.000 3.000e-02 -1.720 -3.036 -3.423 -3.494 -3.532 -3.490 -3.504 -3.550 -3.965 -3.826 -3.697 -3.529 -3.486 -3.491 -3.776
0.03 0.33631 5.00000 6.9345974922 2.6209495068    6.923  2.664  3.7370  2.514    0  0.000  0.538     0.00     0.00 -1    -1e-30      0.00 6.680e-01 3.020e-01 5.323e-03 1.454e-03 1.320e-02 -1.000 3.000e-02 -1.891 -3.159 -3.512 -3.577 -3.611 -3.577 -3.590 -3.627 -4.042 -3.902 -3.773 -3.609 -3.573 -3.568 -3.853
0.03 0.33631 5.00000 7.1294503212 2.6214091778    7.116  2.720  3.7526  2.533    0  0.000  0.538     0.00     0.00 -1    -1e-30      0.00 6.680e-01 3.020e-01 5.323e-03 1.454e-03 1.320e-02 -1.000 3.000e-02 -2.029 -3.232 -3.542 -3.600 -3.628 -3.601 -3.614 -3.643 -4.069 -3.898 -3.780 -3.627 -3.599 -3.661 -3.882
0.03 0.33631 5.00000 7.1794872284 2.6215224266    7.166  2.733  3.7574  2.541    0  0.000  0.538     0.00     0.00 -1    -1e-30      0.00 6.680e-01 3.020e-01 5.323e-03 1.454e-03 1.320e-02 -1.000 3.000e-02 -2.064 -3.245 -3.542 -3.598 -3.624 -3.600 -3.612 -3.638 -4.070 -3.885 -3.772 -3.623 -3.598 -3.688 -3.883
0.03 0.33631 5.00000 7.2352309227 2.6216466427    7.222  2.749  3.7635  2.554    0  0.000  0.538     0.00     0.00 -1    -1e-30      0.00 6.680e-01 3.020e-01 5.323e-03 1.454e-03 1.320e-02 -1.000 3.000e-02 -2.101 -3.255 -3.536 -3.589 -3.614 -3.593 -3.604 -3.627 -4.066 -3.865 -3.757 -3.613 -3.591 -3.716 -3.879
0.03 0.33631 5.00000 7.3754124641 2.6219494343    7.363  2.787  3.7797  2.589    0  0.000  0.538     0.00     0.00 -1    -1e-30      0.00 6.680e-01 3.020e-01 5.323e-03 1.454e-03 1.320e-02 -1.000 3.000e-02 -2.196 -3.272 -3.511 -3.558 -3.578 -3.565 -3.574 -3.589 -4.045 -3.800 -3.709 -3.577 -3.564 -3.783 -3.860
0.03 0.33631 5.00000 7.4900231361 2.6221873760    7.478  2.819  3.7939  2.621    0  0.000  0.538     0.00     0.00 -1    -1e-30      0.00 6.680e-01 3.020e-01 5.323e-03 1.454e-03 1.320e-02 -1.000 3.000e-02 -2.277 -3.279 -3.485 -3.527 -3.545 -3.539 -3.546 -3.555 -4.027 -3.745 -3.667 -3.544 -3.539 -3.841 -3.843
0.03 0.33631 5.00000 7.6343913078 2.6224753857    7.623  2.861  3.8124  2.660    0  0.000  0.538     0.00     0.00 -1    -1e-30      0.00 6.680e-01 3.020e-01 5.323e-03 1.454e-03 1.320e-02 -1.000 3.000e-02 -2.383 -3.286 -3.452 -3.488 -3.503 -3.505 -3.508 -3.513 -4.004 -3.673 -3.613 -3.503 -3.505 -3.918 -3.822
0.03 0.33631 5.00000 7.7489852905 2.6226954460    7.738  2.898  3.8275  2.691    0  0.000  0.538     0.00     0.00 -1    -1e-30      0.00 6.680e-01 3.020e-01 5.323e-03 1.454e-03 1.320e-02 -1.000 3.000e-02 -2.474 -3.296 -3.432 -3.465 -3.479 -3.484 -3.486 -3.488 -3.980 -3.645 -3.586 -3.479 -3.484 -3.897 -3.798
0.03 0.33631 5.00000 7.8613967896 2.6229038239    7.851  2.936  3.8428  2.721    0  0.000  0.538     0.00     0.00 -1    -1e-30      0.00 6.680e-01 3.020e-01 5.323e-03 1.454e-03 1.320e-02 -1.000 3.000e-02 -2.569 -3.306 -3.413 -3.444 -3.457 -3.463 -3.465 -3.466 -3.957 -3.621 -3.561 -3.457 -3.463 -3.875 -3.774
0.03 0.33631 5.00000 7.9706773758 2.6231002808    7.961  2.975  3.8583  2.749    0  0.000  0.538     0.00     0.00 -1    -1e-30      0.00 6.680e-01 3.020e-01 5.323e-03 1.454e-03 1.320e-02 -1.000 3.000e-02 -2.668 -3.315 -3.396 -3.424 -3.437 -3.443 -3.445 -3.446 -3.936 -3.598 -3.538 -3.437 -3.444 -3.854 -3.753
0.03 0.33631 5.00000 8.0765151978 2.6232843399    8.068  3.016  3.8738  2.776    0  0.000  0.538     0.00     0.00 -1    -1e-30      0.00 6.680e-01 3.020e-01 5.323e-03 1.454e-03 1.320e-02 -1.000 3.000e-02 -2.769 -3.323 -3.380 -3.406 -3.418 -3.425 -3.426 -3.427 -3.916 -3.578 -3.516 -3.418 -3.425 -3.836 -3.734
0.03 0.33631 5.00000 8.1538467407 2.6234157085    8.146  3.047  3.8855  2.796    0  0.000  0.538     0.00     0.00 -1    -1e-30      0.00 6.680e-01 3.020e-01 5.323e-03 1.454e-03 1.320e-02 -1.000 3.000e-02 -2.847 -3.330 -3.371 -3.395 -3.406 -3.412 -3.413 -3.414 -3.902 -3.563 -3.501 -3.406 -3.412 -3.823 -3.720
0.03 0.33631 5.00000 8.2469062805 2.6235697269    8.238  3.085  3.8996  2.819    0  0.000  0.538     0.00     0.00 -1    -1e-30      0.00 6.680e-01 3.020e-01 5.323e-03 1.454e-03 1.320e-02 -1.000 3.000e-02 -2.944 -3.339 -3.363 -3.384 -3.393 -3.399 -3.400 -3.400 -3.888 -3.548 -3.485 -3.394 -3.399 -3.809 -3.706
0.03 0.33631 5.00000 8.3405151367 2.6237206459    8.332  3.126  3.9144  2.842    0  0.000  0.538     0.00     0.00 -1    -1e-30      0.00 6.680e-01 3.020e-01 5.323e-03 1.454e-03 1.320e-02 -1.000 3.000e-02 -3.045 -3.349 -3.358 -3.375 -3.382 -3.388 -3.388 -3.387 -3.874 -3.533 -3.470 -3.383 -3.388 -3.796 -3.692
0.03 0.33631 5.00000 8.4305830002 2.6238625050    8.421  3.167  3.9291  2.865    0  0.000  0.538     0.00     0.00 -1    -1e-30      0.00 6.680e-01 3.020e-01 5.323e-03 1.454e-03 1.320e-02 -1.000 3.000e-02 -3.148 -3.359 -3.354 -3.368 -3.373 -3.378 -3.377 -3.376 -3.862 -3.520 -3.456 -3.374 -3.377 -3.784 -3.680
0.03 0.33631 5.00000 8.5172672272 2.6239955425    8.508  3.208  3.9438  2.887    0  0.000  0.538     0.00     0.00 -1    -1e-30      0.00 6.680e-01 3.020e-01 5.323e-03 1.454e-03 1.320e-02 -1.000 3.000e-02 -3.250 -3.366 -3.353 -3.362 -3.365 -3.369 -3.368 -3.366 -3.851 -3.509 -3.445 -3.366 -3.369 -3.775 -3.669
0.03 0.33631 5.00000 8.5801324844 2.6240901947    8.570  3.239  3.9548  2.903    0  0.000  0.538     0.00     0.00 -1    -1e-30      0.00 6.680e-01 3.020e-01 5.323e-03 1.454e-03 1.320e-02 -1.000 3.000e-02 -3.327 -3.371 -3.352 -3.358 -3.358 -3.362 -3.360 -3.359 -3.843 -3.500 -3.435 -3.359 -3.361 -3.767 -3.661
0.03 0.33631 5.00000 8.6412229538 2.6241805553    8.631  3.269  3.9658  2.920    0  0.000  0.538     0.00     0.00 -1    -1e-30      0.00 6.680e-01 3.020e-01 5.323e-03 1.454e-03 1.320e-02 -1.000 3.000e-02 -3.404 -3.375 -3.351 -3.353 -3.351 -3.354 -3.352 -3.350 -3.834 -3.489 -3.424 -3.352 -3.354 -3.758 -3.652
0.03 0.33631 5.00000 8.7006006241 2.6242671013    8.690  3.300  3.9767  2.936    0  0.000  0.538     0.00     0.00 -1    -1e-30      0.00 6.680e-01 3.020e-01 5.323e-03 1.454e-03 1.320e-02 -1.000 3.000e-02 -3.480 -3.379 -3.350 -3.348 -3.344 -3.345 -3.343 -3.340 -3.823 -3.478 -3.412 -3.345 -3.345 -3.748 -3.641
0.03 0.33631 5.00000 8.7583541870 2.6243498325    8.748  3.330  3.9877  2.953    0  0.000  0.538     0.00     0.00 -1    -1e-30      0.00 6.680e-01 3.020e-01 5.323e-03 1.454e-03 1.320e-02 -1.000 3.000e-02 -3.555 -3.382 -3.348 -3.344 -3.336 -3.336 -3.333 -3.330 -3.811 -3.465 -3.398 -3.337 -3.336 -3.737 -3.629
0.03 0.33631 5.00000 8.8145799637 2.6244292259    8.804  3.360  3.9986  2.969    0  0.000  0.538     0.00     0.00 -1    -1e-30      0.00 6.680e-01 3.020e-01 5.323e-03 1.454e-03 1.320e-02 -1.000 3.000e-02 -3.630 -3.385 -3.347 -3.339 -3.328 -3.327 -3.323 -3.320 -3.799 -3.451 -3.385 -3.330 -3.327 -3.726 -3.617
0.03 0.33631 5.00000 8.8695697784 2.6245057583    8.859  3.389  4.0095  2.986    0  0.000  0.538     0.00     0.00 -1    -1e-30      0.00 6.680e-01 3.020e-01 5.323e-03 1.454e-03 1.320e-02 -1.000 3.000e-02 -3.703 -3.387 -3.345 -3.333 -3.320 -3.318 -3.313 -3.309 -3.786 -3.437 -3.370 -3.322 -3.317 -3.714 -3.604
0.03 0.33631 5.00000 8.9234848022 2.6245799065    8.912  3.418  4.0204  3.003    0  0.000  0.538     0.00     0.00 -1    -1e-30      0.00 6.680e-01 3.020e-01 5.323e-03 1.454e-03 1.320e-02 -1.000 3.000e-02 -3.776 -3.388 -3.342 -3.328 -3.311 -3.309 -3.303 -3.298 -3.773 -3.423 -3.355 -3.314 -3.308 -3.703 -3.591
0.03 0.33631 5.00000 8.9759235382 2.6246509552    8.965  3.447  4.0312  3.021    0  0.000  0.538     0.00     0.00 -1    -1e-30      0.00 6.680e-01 3.020e-01 5.323e-03 1.454e-03 1.320e-02 -1.000 3.000e-02 -3.847 -3.389 -3.339 -3.322 -3.303 -3.299 -3.293 -3.287 -3.760 -3.408 -3.340 -3.305 -3.298 -3.691 -3.578
0.03 0.33631 5.00000 9.0270357132 2.6247191429    9.016  3.475  4.0420  3.038    0  0.000  0.538     0.00     0.00 -1    -1e-30      0.00 6.680e-01 3.020e-01 5.323e-03 1.454e-03 1.320e-02 -1.000 3.000e-02 -3.917 -3.388 -3.335 -3.316 -3.294 -3.290 -3.283 -3.275 -3.747 -3.394 -3.325 -3.297 -3.289 -3.679 -3.565
0.03 0.33631 5.00000 9.0769414902 2.6247849464    9.066  3.502  4.0526  3.056    0  0.000  0.538     0.00     0.00 -1    -1e-30      0.00 6.680e-01 3.020e-01 5.323e-03 1.454e-03 1.320e-02 -1.000 3.000e-02 -3.985 -3.386 -3.329 -3.308 -3.284 -3.279 -3.271 -3.263 -3.733 -3.379 -3.309 -3.287 -3.278 -3.667 -3.551
0.03 0.33631 5.00000 9.1257228851 2.6248486042    9.114  3.529  4.0633  3.074    0  0.000  0.538     0.00     0.00 -1    -1e-30      0.00 6.680e-01 3.020e-01 5.323e-03 1.454e-03 1.320e-02 -1.000 3.000e-02 -4.052 -3.382 -3.322 -3.300 -3.273 -3.267 -3.259 -3.250 -3.719 -3.363 -3.292 -3.276 -3.266 -3.653 -3.537
0.03 0.33631 5.00000 9.1282052994 2.6248517036    9.118  3.530  4.0638  3.075    0  0.000  0.538     0.00     0.00 -1    -1e-30      0.00 6.680e-01 3.020e-01 5.323e-03 1.454e-03 1.320e-02 -1.000 3.000e-02 -4.056 -3.382 -3.322 -3.299 -3.273 -3.267 -3.259 -3.250 -3.718 -3.362 -3.292 -3.276 -3.265 -3.653 -3.536
0.03 0.33631 5.00000 9.1303377151 2.6248545647    9.120  3.531  4.0642  3.076    0  0.000  0.538     0.00     0.00 -1    -1e-30      0.00 6.680e-01 3.020e-01 5.323e-03 1.454e-03 1.320e-02 -1.000 3.000e-02 -4.058 -3.382 -3.322 -3.299 -3.272 -3.266 -3.258 -3.249 -3.717 -3.361 -3.291 -3.275 -3.265 -3.652 -3.535
0.03 0.33631 5.00000 9.1790895462 2.6249172688    9.169  3.557  4.0747  3.094    0  0.000  0.538     0.00     0.00 -1    -1e-30      0.00 6.680e-01 3.020e-01 5.323e-03 1.454e-03 1.320e-02 -1.000 3.000e-02 -4.123 -3.376 -3.313 -3.289 -3.260 -3.253 -3.245 -3.235 -3.702 -3.345 -3.274 -3.264 -3.252 -3.638 -3.520
0.03 0.33631 5.00000 9.2428302765 2.6249978542    9.233  3.591  4.0886  3.119    0  0.000  0.538     0.00     0.00 -1    -1e-30      0.00 6.680e-01 3.020e-01 5.323e-03 1.454e-03 1.320e-02 -1.000 3.000e-02 -4.208 -3.366 -3.300 -3.273 -3.242 -3.234 -3.225 -3.214 -3.679 -3.321 -3.249 -3.245 -3.233 -3.616 -3.497
0.03 0.33631 5.00000 9.3052377701 2.6250758171    9.295  3.624  4.1024  3.144    0  0.000  0.538     0.00     0.00 -1    -1e-30      0.00 6.680e-01 3.020e-01 5.323e-03 1.454e-03 1.320e-02 -1.000 3.000e-02 -4.289 -3.353 -3.283 -3.254 -3.220 -3.212 -3.202 -3.191 -3.653 -3.294 -3.222 -3.224 -3.210 -3.592 -3.472
0.03 0.33631 5.00000 9.3664627075 2.6251511574    9.357  3.655  4.1162  3.171    0  0.000  0.538     0.00     0.00 -1    -1e-30      0.00 6.680e-01 3.020e-01 5.323e-03 1.454e-03 1.320e-02 -1.000 3.000e-02 -4.368 -3.336 -3.263 -3.231 -3.195 -3.186 -3.175 -3.164 -3.625 -3.265 -3.193 -3.199 -3.184 -3.565 -3.443
0.03 0.33631 5.00000 9.4267692566 2.6252241135    9.417  3.686  4.1299  3.198    0  0.000  0.538     0.00     0.00 -1    -1e-30      0.00 6.680e-01 3.020e-01 5.323e-03 1.454e-03 1.320e-02 -1.000 3.000e-02 -4.445 -3.317 -3.240 -3.206 -3.168 -3.157 -3.146 -3.134 -3.593 -3.233 -3.160 -3.172 -3.156 -3.534 -3.412
0.03 0.33631 5.00000 9.4863033295 2.6252951622    9.477  3.715  4.1436  3.226    0  0.000  0.538     0.00     0.00 -1    -1e-30      0.00 6.680e-01 3.020e-01 5.323e-03 1.454e-03 1.320e-02 -1.000 3.000e-02 -4.518 -3.295 -3.215 -3.178 -3.137 -3.126 -3.114 -3.101 -3.559 -3.198 -3.125 -3.142 -3.125 -3.501 -3.377
0.03 0.33631 5.00000 9.5448732376 2.6253640652    9.536  3.743  4.1571  3.254    0  0.000  0.538     0.00     0.00 -1    -1e-30      0.00 6.680e-01 3.020e-01 5.323e-03 1.454e-03 1.320e-02 -1.000 3.000e-02 -4.588 -3.270 -3.186 -3.148 -3.105 -3.093 -3.080 -3.066 -3.523 -3.161 -3.087 -3.109 -3.091 -3.465 -3.341
0.03 0.33631 5.00000 9.6026439667 2.6254310608    9.594  3.770  4.1705  3.284    0  0.000  0.538     0.00     0.00 -1    -1e-30      0.00 6.680e-01 3.020e-01 5.323e-03 1.454e-03 1.320e-02 -1.000 3.000e-02 -4.656 -3.242 -3.156 -3.115 -3.070 -3.057 -3.043 -3.028 -3.484 -3.121 -3.048 -3.074 -3.055 -3.427 -3.302
0.03 0.33631 5.00000 9.6597423553 2.6254963875    9.651  3.796  4.1838  3.314    0  0.000  0.538     0.00     0.00 -1    -1e-30      0.00 6.680e-01 3.020e-01 5.323e-03 1.454e-03 1.320e-02 -1.000 3.000e-02 -4.720 -3.212 -3.123 -3.080 -3.032 -3.018 -3.004 -2.989 -3.443 -3.080 -3.007 -3.037 -3.017 -3.387 -3.261
0.03 0.33631 5.00000 9.7162771225 2.6255600452    9.708  3.820  4.1970  3.345    0  0.000  0.538     0.00     0.00 -1    -1e-30      0.00 6.680e-01 3.020e-01 5.323e-03 1.454e-03 1.320e-02 -1.000 3.000e-02 -4.781 -3.180 -3.087 -3.043 -2.992 -2.978 -2.963 -2.947 -3.399 -3.036 -2.964 -2.997 -2.976 -3.345 -3.217
0.03 0.33631 5.00000 9.7723674774 2.6256225109    9.765  3.844  4.2100  3.376    0  0.000  0.538     0.00     0.00 -1    -1e-30      0.00 6.680e-01 3.020e-01 5.323e-03 1.454e-03 1.320e-02 -1.000 3.000e-02 -4.839 -3.146 -3.050 -3.003 -2.950 -2.935 -2.920 -2.903 -3.354 -2.990 -2.921 -2.956 -2.933 -3.300 -3.172
0.03 0.33631 5.00000 9.8281478882 2.6256837845    9.821  3.866  4.2229  3.408    0  0.000  0.538     0.00     0.00 -1    -1e-30      0.00 6.680e-01 3.020e-01 5.323e-03 1.454e-03 1.320e-02 -1.000 3.000e-02 -4.894 -3.109 -3.010 -2.961 -2.906 -2.890 -2.874 -2.856 -3.306 -2.943 -2.877 -2.912 -2.888 -3.253 -3.124
0.03 0.33631 5.00000 9.8837318420 2.6257441044    9.876  3.886  4.2357  3.441    0  0.000  0.538     0.00     0.00 -1    -1e-30      0.00 6.680e-01 3.020e-01 5.323e-03 1.454e-03 1.320e-02 -1.000 3.000e-02 -4.946 -3.070 -2.969 -2.918 -2.860 -2.843 -2.826 -2.808 -3.256 -2.894 -2.831 -2.866 -2.841 -3.204 -3.074
0.03 0.33631 5.00000 9.9392910004 2.6258037090    9.932  3.906  4.2484  3.474    0  0.000  0.538     0.00     0.00 -1    -1e-30      0.00 6.680e-01 3.020e-01 5.323e-03 1.454e-03 1.320e-02 -1.000 3.000e-02 -4.995 -3.030 -2.925 -2.872 -2.812 -2.794 -2.777 -2.757 -3.204 -2.843 -2.782 -2.818 -2.792 -3.153 -3.022
0.03 0.33631 5.00000 10.0089511871 2.6258771420   10.002  3.929  4.2641  3.517    0  0.000  0.538     0.00     0.00 -1    -1e-30      0.00 6.680e-01 3.020e-01 5.323e-03 1.454e-03 1.320e-02 -1.000 3.000e-02 -5.053 -2.977 -2.868 -2.813 -2.750 -2.731 -2.712 -2.692 -3.136 -2.777 -2.718 -2.756 -2.728 -3.087 -2.955
0.03 0.33631 5.00000 10.0650939941 2.6259355545   10.059  3.946  4.2765  3.552    0  0.000  0.538     0.00     0.00 -1    -1e-30      0.00 6.680e-01 3.020e-01 5.323e-03 1.454e-03 1.320e-02 -1.000 3.000e-02 -5.095 -2.932 -2.821 -2.763 -2.697 -2.677 -2.658 -2.637 -3.080 -2.721 -2.663 -2.704 -2.675 -3.032 -2.898
0.03 0.33631 5.00000 10.1025638580 2.6259741783   10.097  3.957  4.2846  3.576    0  0.000  0.538     0.00     0.00 -1    -1e-30      0.00 6.680e-01 3.020e-01 5.323e-03 1.454e-03 1.320e-02 -1.000 3.000e-02 -5.122 -2.902 -2.789 -2.729 -2.662 -2.641 -2.622 -2.599 -3.041 -2.683 -2.624 -2.669 -2.639 -2.994 -2.860
0.03 0.33631 5.00000 10.1567115784 2.6260292530   10.151  3.970  4.2957  3.609    0  0.000  0.538     0.00     0.00 -1    -1e-30      0.00 6.680e-01 3.020e-01 5.323e-03 1.454e-03 1.320e-02 -1.000 3.000e-02 -5.156 -2.860 -2.744 -2.682 -2.613 -2.591 -2.570 -2.547 -2.988 -2.630 -2.570 -2.620 -2.588 -2.941 -2.806
0.03 0.33631 5.00000 10.2204303741 2.6260933876   10.215  3.985  4.3084  3.648    0  0.000  0.538     0.00     0.00 -1    -1e-30      0.00 6.680e-01 3.020e-01 5.323e-03 1.454e-03 1.320e-02 -1.000 3.000e-02 -5.193 -2.809 -2.691 -2.627 -2.554 -2.531 -2.509 -2.485 -2.924 -2.566 -2.505 -2.561 -2.528 -2.878 -2.742
0.03 0.33631 5.00000 10.2860145569 2.6261582375   10.281  3.999  4.3210  3.687    0  0.000  0.538     0.00     0.00 -1    -1e-30      0.00 6.680e-01 3.020e-01 5.323e-03 1.454e-03 1.320e-02 -1.000 3.000e-02 -5.227 -2.757 -2.635 -2.569 -2.493 -2.468 -2.446 -2.421 -2.857 -2.499 -2.438 -2.500 -2.466 -2.813 -2.676
0.03 0.33631 5.00000 10.3720006943 2.6262419224   10.367  4.014  4.3368  3.739    0  0.000  0.538     0.00     0.00 -1    -1e-30      0.00 6.680e-01 3.020e-01 5.323e-03 1.454e-03 1.320e-02 -1.000 3.000e-02 -5.265 -2.688 -2.563 -2.494 -2.413 -2.387 -2.364 -2.337 -2.771 -2.412 -2.350 -2.422 -2.385 -2.729 -2.590
0.03 0.33631 5.00000 10.4083576202 2.6262769699   10.404  4.020  4.3431  3.760    0  0.000  0.538     0.00     0.00 -1    -1e-30      0.00 6.680e-01 3.020e-01 5.323e-03 1.454e-03 1.320e-02 -1.000 3.000e-02 -5.279 -2.659 -2.532 -2.462 -2.380 -2.354 -2.329 -2.302 -2.736 -2.376 -2.313 -2.388 -2.351 -2.693 -2.554
0.03 0.33631 5.00000 10.4656114578 2.6263313293   10.461  4.025  4.3520  3.792    0  0.000  0.538     0.00     0.00 -1    -1e-30      0.00 6.680e-01 3.020e-01 5.323e-03 1.454e-03 1.320e-02 -1.000 3.000e-02 -5.293 -2.613 -2.485 -2.413 -2.329 -2.301 -2.277 -2.248 -2.681 -2.321 -2.256 -2.337 -2.298 -2.639 -2.499
0.03 0.33631 5.00000 10.5571565628 2.6264169216   10.553  4.029  4.3640  3.841    0  0.000  0.538     0.00     0.00 -1    -1e-30      0.00 6.680e-01 3.020e-01 5.323e-03 1.454e-03 1.320e-02 -1.000 3.000e-02 -5.301 -2.540 -2.409 -2.335 -2.248 -2.220 -2.194 -2.165 -2.596 -2.235 -2.169 -2.257 -2.216 -2.555 -2.414
0.03 0.33631 5.00000 10.6967945099 2.6265444756   10.694  4.015  4.3751  3.904    0  0.000  0.538     0.00     0.00 -1    -1e-30      0.00 6.680e-01 3.020e-01 5.323e-03 1.454e-03 1.320e-02 -1.000 3.000e-02 -5.268 -2.431 -2.297 -2.222 -2.132 -2.103 -2.076 -2.046 -2.477 -2.114 -2.048 -2.141 -2.100 -2.436 -2.295
0.03 0.33631 5.00000 10.8084840775 2.6266436577   10.806  3.993  4.3787  3.946    0  0.000  0.538     0.00     0.00 -1    -1e-30      0.00 6.680e-01 3.020e-01 5.323e-03 1.454e-03 1.320e-02 -1.000 3.000e-02 -5.213 -2.349 -2.215 -2.139 -2.049 -2.019 -1.992 -1.962 -2.392 -2.030 -1.963 -2.058 -2.016 -2.352 -2.211
0.03 0.33631 5.00000 10.9068012238 2.6267290115   10.905  3.970  4.3792  3.974    0  0.000  0.538     0.00     0.00 -1    -1e-30      0.00 6.680e-01 3.020e-01 5.323e-03 1.454e-03 1.320e-02 -1.000 3.000e-02 -5.155 -2.287 -2.153 -2.077 -1.986 -1.957 -1.930 -1.900 -2.330 -1.968 -1.901 -1.996 -1.953 -2.290 -2.148
0.03 0.33631 5.00000 11.0084943771 2.6268153191   11.007  3.949  4.3784  3.996    0  0.000  0.538     0.00     0.00 -1    -1e-30      0.00 6.680e-01 3.020e-01 5.323e-03 1.454e-03 1.320e-02 -1.000 3.000e-02 -5.103 -2.239 -2.105 -2.029 -1.939 -1.909 -1.883 -1.853 -2.283 -1.921 -1.854 -1.948 -1.906 -2.243 -2.101
0.03 0.33631 5.00000 11.0769224167 2.6268725395   11.075  3.940  4.3779  4.006    0  0.000  0.538     0.00     0.00 -1    -1e-30      0.00 6.680e-01 3.020e-01 5.323e-03 1.454e-03 1.320e-02 -1.000 3.000e-02 -5.080 -2.219 -2.085 -2.009 -1.919 -1.890 -1.863 -1.833 -2.264 -1.902 -1.835 -1.928 -1.886 -2.223 -2.082
0.03 0.33631 5.00000 11.1119604111 2.6269013882   11.110  3.936  4.3777  4.011    0  0.000  0.538     0.00     0.00 -1 -1.05e-30      0.00 6.680e-01 3.020e-01 5.323e-03 1.454e-03 1.320e-02 -1.000 3.000e-02 -5.070 -2.210 -2.076 -2.000 -1.910 -1.880 -1.854 -1.824 -2.255 -1.893 -1.826 -1.919 -1.877 -2.214 -2.073
0.03 0.33631 5.00000 11.5141067505 2.6272192001   11.512  3.938  4.3801  4.033    0  0.000  0.538     0.00     0.00 -1 -1.79e-30      0.00 6.680e-01 3.020e-01 5.324e-03 1.454e-03 1.320e-02 -1.000 3.000e-02 -5.075 -2.198 -2.064 -1.988 -1.897 -1.867 -1.841 -1.811 -2.241 -1.879 -1.813 -1.907 -1.864 -2.201 -2.060
0.03 0.33631 5.00000 11.9206466675 2.6275155544   11.918  3.994  4.3929  4.044    0  0.000  0.538     0.00     0.00 -1 -3.02e-30      0.00 6.680e-01 3.020e-01 5.325e-03 1.454e-03 1.320e-02 -1.000 3.000e-02 -5.216 -2.255 -2.118 -2.040 -1.947 -1.916 -1.889 -1.858 -2.287 -1.923 -1.855 -1.956 -1.913 -2.247 -2.105
0.03 0.33631 5.00000 12.0512809753 2.6276059151   12.048  4.013  4.3979  4.049    0  0.000  0.538     0.00     0.00 -1 -3.57e-30      0.00 6.680e-01 3.020e-01 5.325e-03 1.454e-03 1.320e-02 -1.000 3.000e-02 -5.263 -2.270 -2.132 -2.053 -1.959 -1.928 -1.900 -1.869 -2.298 -1.933 -1.864 -1.969 -1.924 -2.258 -2.116
0.03 0.33631 5.00000 12.6573114395 2.6279971600   12.652  4.095  4.4190  4.073    0  0.000  0.540     0.00     0.00 -1 -2.81e-23      0.00 6.680e-01 3.020e-01 5.347e-03 1.454e-03 1.320e-02 -1.000 3.000e-02 -5.467 -2.275 -2.167 -2.098 -2.007 -1.983 -2.372 -3.280 -2.881 -2.636 -4.133 -2.016 -1.989 -3.231 -3.077
0.03 0.33631 5.00000 13.1429281235 2.6282811165   13.136  4.167  4.4422  4.111    0  0.000  0.542     0.00     0.00 -1  -6.3e-18      0.00 6.680e-01 3.020e-01 5.365e-03 1.455e-03 1.320e-02 -1.000 3.000e-02 -5.647 -2.341 -2.216 -2.139 -2.050 -2.031 -2.423 -3.331 -2.926 -2.661 -4.154 -2.058 -2.038 -3.282 -3.124
0.03 0.33631 5.00000 13.4329462051 2.6284391880   13.425  4.205  4.4565  4.139    0  0.000  0.543     0.00     0.00 -1 -8.37e-15      0.00 6.680e-01 3.020e-01 5.375e-03 1.455e-03 1.320e-02 -1.000 3.000e-02 -5.742 -2.339 -2.210 -2.133 -2.053 -2.038 -2.431 -3.339 -2.938 -2.644 -4.145 -2.060 -2.045 -3.290 -3.137
0.03 0.33631 5.00000 13.6351547241 2.6285450459   13.627  4.222  4.4640  4.158    0  0.000  0.544     0.00     0.00 -1 -1.12e-12      0.00 6.680e-01 3.020e-01 5.382e-03 1.455e-03 1.320e-02 -1.000 3.000e-02 -5.786 -2.310 -2.183 -2.112 -2.043 -2.026 -2.418 -3.326 -2.929 -2.620 -4.129 -2.049 -2.033 -3.278 -3.128
0.03 0.33631 5.00000 13.8858928680 2.6286714077   13.876  4.240  4.4700  4.173    0  0.000  0.544     0.00     0.00 -1 -4.31e-10      0.00 6.680e-01 3.020e-01 5.390e-03 1.455e-03 1.320e-02 -1.000 3.000e-02 -5.829 -2.293 -2.168 -2.101 -2.041 -2.024 -2.414 -3.323 -2.927 -2.607 -4.123 -2.046 -2.030 -3.275 -3.127
0.03 0.33631 5.00000 13.9999990463 2.6287269592   13.991  4.251  4.4714  4.171    0  0.000  0.545     0.00     0.00 -1 -6.24e-09      0.00 6.680e-01 3.020e-01 5.394e-03 1.455e-03 1.320e-02 -1.000 3.000e-02 -5.857 -2.309 -2.184 -2.118 -2.059 -2.042 -2.432 -3.341 -2.946 -2.623 -4.140 -2.064 -2.048 -3.294 -3.146
0.03 0.33631 5.00000 14.0000000000 2.6287269592   13.991  4.246  4.4726  4.180    0  0.000  0.545     0.00     0.00 -1  -6.2e-09      0.00 6.680e-01 3.020e-01 5.394e-03 1.455e-03 1.320e-02 -1.000 3.000e-02 -5.844 -2.283 -2.158 -2.093 -2.037 -2.020 -2.410 -3.319 -2.924 -2.599 -4.117 -2.042 -2.026 -3.272 -3.123
0.03 0.33631 5.00000 14.5732126236 2.6289918423   14.567  4.280  4.4808  4.196    0  0.000  0.545     0.00     0.00 -1 -7.54e-09      0.00 6.680e-01 3.020e-01 5.394e-03 1.455e-03 1.320e-02 -1.000 3.000e-02 -5.930 -2.320 -2.193 -2.125 -2.063 -2.049 -2.443 -3.351 -2.953 -2.626 -4.140 -2.068 -2.056 -3.304 -3.154
0.03 0.33631 5.00000 15.0526695251 2.6291956902   15.048  4.309  4.4865  4.204    0  0.000  0.545     0.00     0.00 -1 -8.74e-09      0.00 6.680e-01 3.020e-01 5.394e-03 1.455e-03 1.320e-02 -1.000 3.000e-02 -6.004 -2.369 -2.239 -2.167 -2.094 -2.085 -2.481 -3.390 -2.989 -2.665 -4.170 -2.100 -2.092 -3.343 -3.190
0.03 0.33631 5.00000 16.0000000000 2.6295573711   16.000  4.387  4.4985  4.201    0  0.000  0.545     0.00     0.00 -1 -1.32e-08      0.00 6.680e-01 3.020e-01 5.394e-03 1.455e-03 1.320e-02 -1.000 3.000e-02 -6.199 -2.515 -2.383 -2.300 -2.202 -2.201 -2.605 -3.513 -3.107 -2.789 -4.278 -2.209 -2.210 -3.466 -3.310
0.03 0.33631 5.00000 18.0000000000 2.6301794052   17.986  4.532  4.5203  4.194    0  0.000  0.545     0.00     0.00 -1 -2.69e-08      0.00 6.680e-01 3.020e-01 5.394e-03 1.455e-03 1.320e-02 -1.000 3.000e-02 -6.561 -2.772 -2.622 -2.519 -2.436 -2.419 -2.806 -3.715 -3.307 -3.013 -4.495 -2.442 -2.425 -3.666 -3.508
0.03 0.33631 5.00000 20.0000000000 2.6306605339   19.990  4.658  4.5386  4.188    0  0.000  0.545     0.00     0.00 -1 -4.91e-08      0.00 6.680e-01 3.020e-01 5.394e-03 1.455e-03 1.320e-02 -1.000 3.000e-02 -6.875 -2.953 -2.801 -2.696 -2.614 -2.587 -2.971 -3.879 -3.471 -3.212 -4.694 -2.621 -2.592 -3.828 -3.667
0.03 0.33631 5.00000 24.0000000000 2.6313521862   23.988  4.866  4.5679  4.176    0  0.000  0.545     0.00     0.00 -1 -1.29e-07      0.00 6.680e-01 3.020e-01 5.394e-03 1.455e-03 1.320e-02 -1.000 3.000e-02 -7.395 -3.280 -3.129 -3.029 -2.941 -2.919 -3.309 -4.218 -3.866 -3.713 -5.310 -2.949 -2.925 -4.175 -4.056
0.03 0.33631 5.00000 30.0000000000 2.6320033073   29.948  5.103  4.5990  4.160    0  0.000  0.545     0.00     0.00 -1 -3.48e-07      0.00 6.680e-01 3.020e-01 5.394e-03 1.455e-03 1.320e-02 -1.000 3.000e-02 -7.987 -3.696 -3.546 -3.450 -3.367 -3.342 -3.728 -4.637 -4.293 -4.182 -5.822 -3.374 -3.347 -4.595 -4.482
0.03 0.33631 5.00000 35.0000000000 2.6323544979   34.915  5.256  4.6172  4.145    0  0.000  0.545     0.00     0.00 -1 -6.31e-07      0.00 6.680e-01 3.020e-01 5.394e-03 1.455e-03 1.320e-02 -1.000 3.000e-02 -8.371 -3.968 -3.819 -3.725 -3.635 -3.612 -4.001 -4.910 -4.577 -4.525 -6.205 -3.643 -3.617 -4.868 -4.763
0.03 0.33631 5.00000 40.0000000000 2.6326069832   39.887  5.383  4.6312  4.132    0  0.000  0.545     0.00     0.00 -1 -1.02e-06      0.00 6.680e-01 3.020e-01 5.394e-03 1.455e-03 1.320e-02 -1.000 3.000e-02 -8.688 -4.166 -4.022 -3.937 -3.887 -3.895 -4.301 -5.214 -5.115 -5.507 -7.415 -3.888 -3.904 -5.209 -5.274
0.03 0.33631 5.00000 45.0000000000 2.6327958107   44.850  5.491  4.6429  4.122    0  0.000  0.545     0.00     0.00 -1 -1.52e-06      0.00 6.680e-01 3.020e-01 5.394e-03 1.455e-03 1.320e-02 -1.000 3.000e-02 -8.959 -4.390 -4.251 -4.170 -4.123 -4.136 -4.545 -5.458 -5.364 -5.774 -7.691 -4.124 -4.145 -5.454 -5.523
0.03 0.33631 5.00000 50.0000000000 2.6329421997   49.782  5.584  4.6512  4.108    0  0.000  0.545     0.00     0.00 -1 -2.14e-06      0.00 6.680e-01 3.020e-01 5.394e-03 1.455e-03 1.320e-02 -1.000 3.000e-02 -9.191 -4.583 -4.447 -4.367 -4.322 -4.335 -4.745 -5.658 -5.561 -5.975 -7.896 -4.322 -4.345 -5.654 -5.720
0.03 0.33631 5.00000 55.0000038147 2.6330580711   54.684  5.665  4.6585  4.097    0  0.000  0.545     0.00     0.00 -1 -2.83e-06      0.00 6.680e-01 3.020e-01 5.394e-03 1.455e-03 1.320e-02 -1.000 3.000e-02 -9.393 -4.750 -4.611 -4.529 -4.480 -4.491 -4.901 -5.814 -5.725 -6.152 -8.077 -4.480 -4.501 -5.811 -5.883
0.03 0.33631 5.00000 60.0000000000 2.6331522465   59.596  5.737  4.6642  4.085    0  0.000  0.545     0.00     0.00 -1  -3.6e-06      0.00 6.680e-01 3.020e-01 5.394e-03 1.455e-03 1.320e-02 -1.000 3.000e-02 -9.572 -4.902 -4.760 -4.676 -4.620 -4.630 -5.039 -5.952 -5.867 -6.304 -8.233 -4.621 -4.639 -5.949 -6.023
0.03 0.33631 5.00000 65.0000000000 2.6332299709   64.542  5.802  4.6683  4.072    0  0.000  0.545     0.00     0.00 -1 -4.43e-06      0.00 6.680e-01 3.020e-01 5.394e-03 1.455e-03 1.320e-02 -1.000 3.000e-02 -9.734 -5.044 -4.900 -4.813 -4.751 -4.758 -5.166 -6.079 -5.994 -6.439 -8.373 -4.753 -4.768 -6.076 -6.150
0.03 0.33631 5.00000 70.0000000000 2.6332950592   69.400  5.861  4.6719  4.058    0  0.000  0.545     0.00     0.00 -1 -5.43e-06      0.00 6.680e-01 3.020e-01 5.394e-03 1.455e-03 1.320e-02 -1.000 3.000e-02 -9.881 -5.176 -5.029 -4.939 -4.869 -4.874 -5.280 -6.193 -6.104 -6.554 -8.492 -4.872 -4.883 -6.189 -6.260
0.03 0.33631 5.00000 75.0000000000 2.6333501339   74.297  5.914  4.6746  4.046    0  0.000  0.545     0.00     0.00 -1 -6.44e-06      0.00 6.680e-01 3.020e-01 5.394e-03 1.455e-03 1.320e-02 -1.000 3.000e-02 -10.015 -5.298 -5.149 -5.057 -4.979 -4.981 -5.386 -6.299 -6.205 -6.660 -8.604 -4.983 -4.990 -6.294 -6.361
0.03 0.33631 5.00000 80.0000000000 2.6333973408   79.209  5.963  4.6758  4.029    0  0.000  0.545     0.00     0.00 -1 -7.59e-06      0.00 6.680e-01 3.020e-01 5.394e-03 1.455e-03 1.320e-02 -1.000 3.000e-02 -10.137 -5.416 -5.266 -5.172 -5.090 -5.089 -5.492 -6.405 -6.302 -6.755 -8.702 -5.094 -5.097 -6.398 -6.459
0.03 0.33631 5.00000 90.0000000000 2.6334741116   88.840  6.049  4.6783  4.003    0  0.000  0.545     0.00     0.00 -1    -1e-05      0.00 6.680e-01 3.020e-01 5.394e-03 1.455e-03 1.320e-02 -1.000 3.000e-02 -10.352 -5.649 -5.514 -5.447 -5.451 -5.497 -5.927 -6.846 -7.048 -7.935 -10.016 -5.444 -5.510 -6.889 -7.168
0.03 0.33631 5.00000 95.0000000000 2.6335055828   93.616  6.088  4.6793  3.991    0  0.000  0.545     0.00     0.00 -1 -1.14e-05      0.00 6.680e-01 3.020e-01 5.394e-03 1.455e-03 1.320e-02 -1.000 3.000e-02 -10.449 -5.740 -5.605 -5.538 -5.543 -5.589 -6.019 -6.938 -7.143 -8.037 -10.120 -5.536 -5.602 -6.982 -7.262
0.03 0.33631 5.00000 100.6333236694 2.6335368156   98.751  6.128  4.6779  3.968    0  0.000  0.535     0.00     0.00 -1 -1.31e-05      0.00 6.678e-01 3.022e-01 5.296e-03 1.607e-03 1.315e-02 -1.000 3.001e-02 -10.549 -5.850 -5.715 -5.648 -5.653 -5.699 -6.129 -7.047 -7.252 -8.142 -10.224 -5.645 -5.712 -7.091 -7.371
0.03 0.33631 5.00000 109.9797058105 2.6335806847  103.831  6.184  4.6638  3.878    0  0.000  0.487     0.00     0.00 -1 -1.64e-05      0.00 6.679e-01 3.020e-01 4.825e-03 2.047e-03 1.320e-02 -1.000 3.010e-02 -10.690 -6.103 -5.981 -5.926 -5.952 -6.007 -6.442 -7.361 -7.582 -8.441 -10.510 -5.942 -6.021 -7.414 -7.704
0.03 0.33631 5.00000 110.9980850220 2.6335847378  105.545  6.192  4.6649  3.881    0  0.000  0.545     0.00     0.00 -1 -1.68e-05      0.00 6.680e-01 3.020e-01 5.394e-03 1.455e-03 1.320e-02 -1.000 3.000e-02 -10.711 -6.115 -5.991 -5.934 -5.957 -6.011 -6.445 -7.365 -7.581 -8.441 -10.511 -5.947 -6.025 -7.416 -7.703
0.03 0.33631 5.00000 112.9663848877 2.6335928440  108.577  6.204  4.6610  3.866    0  0.000  0.545     0.00     0.00 -1 -1.74e-05      0.00 6.680e-01 3.020e-01 5.394e-03 1.455e-03 1.320e-02 -1.000 3.000e-02 -10.741 -6.182 -6.065 -6.016 -6.050 -6.110 -6.547 -7.467 -7.703 -8.564 -10.633 -6.039 -6.124 -7.524 -7.824
0.03 0.33631 5.00000 116.8258819580 2.6336076260  113.694  6.230  4.6691  3.892    0  0.000  0.545     0.00     0.00 -1 -1.85e-05      0.00 6.680e-01 3.020e-01 5.394e-03 1.455e-03 1.320e-02 -1.000 3.000e-02 -10.805 -6.172 -6.042 -5.980 -5.994 -6.043 -6.475 -7.394 -7.601 -8.467 -10.540 -5.985 -6.057 -7.441 -7.722
0.03 0.33631 5.00000 120.0000076294 2.6336188316  117.379  6.250  4.6797  3.928    0  0.000  0.545     0.00     0.00 -1 -1.93e-05      0.00 6.680e-01 3.020e-01 5.394e-03 1.455e-03 1.320e-02 -1.000 3.000e-02 -10.855 -6.144 -6.008 -5.942 -5.947 -5.993 -6.423 -7.342 -7.547 -8.442 -10.526 -5.940 -6.006 -7.386 -7.667
0.03 0.33631 5.00000 123.7267913818 2.6336188316  120.303  6.269  4.6695  3.879    0  0.000  0.545     0.00     0.00 -1 -2.09e-05      0.00 6.680e-01 3.020e-01 5.394e-03 1.455e-03 1.320e-02 -1.000 3.000e-02 -10.902 -6.269 -6.139 -6.078 -6.092 -6.143 -6.575 -7.494 -7.705 -8.576 -10.650 -6.084 -6.156 -7.542 -7.826
0.03 0.33631 5.00000 128.6133728027 2.6336188316  123.289  6.292  4.6609  3.832    0  0.000  0.545     0.00     0.00 -1 -2.29e-05      0.00 6.680e-01 3.020e-01 5.394e-03 1.455e-03 1.320e-02 -1.000 3.000e-02 -10.961 -6.418 -6.305 -6.261 -6.306 -6.372 -6.812 -7.733 -8.000 -8.885 -10.958 -6.294 -6.387 -7.797 -8.119
0.03 0.33631 5.00000 131.2569732666 2.6336188316  124.288  6.305  4.6662  3.844    0  0.000  0.545     0.00     0.00 -1 -2.39e-05      0.00 6.680e-01 3.020e-01 5.394e-03 1.455e-03 1.320e-02 -1.000 3.000e-02 -10.993 -6.396 -6.273 -6.219 -6.246 -6.303 -6.739 -7.659 -7.895 -8.774 -10.848 -6.236 -6.317 -7.714 -8.014
0.03 0.33631 5.00000 132.6652374268 2.6336188316  124.586  6.311  4.6652  3.835    0  0.000  0.484     0.00     0.00 -1 -2.44e-05      0.00 6.679e-01 3.020e-01 4.794e-03 2.080e-03 1.320e-02 -1.000 3.011e-02 -11.007 -6.423 -6.303 -6.251 -6.284 -6.343 -6.780 -7.700 -7.946 -8.829 -10.904 -6.273 -6.357 -7.758 -8.065
0.03 0.33631 5.00000 139.1658020020 2.6336188316  132.639  6.345  4.6732  3.861    0  0.000  0.485     0.00     0.00 -1 -2.64e-05      0.00 6.673e-01 3.026e-01 4.803e-03 2.257e-03 1.303e-02 -1.000 3.008e-02 -11.092 -6.429 -6.295 -6.230 -6.239 -6.286 -6.718 -7.636 -7.844 -8.725 -10.803 -6.231 -6.300 -7.682 -7.964
0.03 0.33631 5.00000 150.0000000000 2.6336188316  145.727  6.396  4.6830  3.889    0  0.000  0.545     0.00     0.00 -1 -2.99e-05      0.00 6.680e-01 3.020e-01 5.394e-03 1.455e-03 1.320e-02 -1.000 3.000e-02 -11.220 -6.485 -6.351 -6.284 -6.290 -6.336 -6.767 -7.685 -7.892 -8.796 -10.881 -6.283 -6.350 -7.729 -8.011
0.03 0.33631 5.00000 200.0000152588 2.6336188316  192.801  6.576  4.6869  3.847    0  0.000  0.527     0.00     0.00 -1 -5.13e-05      0.00 6.673e-01 3.027e-01 5.213e-03 1.821e-03 1.303e-02 -1.000 3.001e-02 -11.669 -6.906 -6.773 -6.707 -6.713 -6.760 -7.191 -8.109 -8.318 -9.231 -11.320 -6.706 -6.773 -8.153 -8.436
0.03 0.33631 5.00000 250.0000000000 2.6336188316  239.264  6.721  4.6906  3.810    0  0.000  0.313     0.00     0.00 -1 -7.94e-05      0.00 6.274e-01 3.388e-01 3.498e-03 4.175e-03 1.441e-02 -1.000 3.385e-02 -12.032 -7.275 -7.196 -7.222 -7.375 -7.593 -7.635 -7.968 -9.142 -11.682 -11.887 -7.372 -7.573 -8.294 -9.071
0.03 0.33631 5.00000 300.0000305176 2.6336188316  286.727  6.816  4.6934  3.805    0  0.000  0.476     0.00     0.00 -1 -0.000101      0.00 6.656e-01 3.043e-01 4.699e-03 2.789e-03 1.261e-02 -1.000 3.005e-02 -12.270 -7.460 -7.329 -7.265 -7.272 -7.319 -7.750 -8.668 -8.881 -9.810 -11.903 -7.264 -7.332 -8.713 -8.997
0.03 0.33631 5.00000 350.0000000000 2.6336188316  333.848  6.903  4.6962  3.795    0  0.000  0.408     0.00     0.00 -1 -0.000127      0.00 6.645e-01 3.054e-01 4.023e-03 3.897e-03 1.226e-02 -1.000 3.012e-02 -12.489 -7.659 -7.529 -7.465 -7.472 -7.520 -7.951 -8.869 -9.083 -10.019 -12.114 -7.465 -7.533 -8.913 -9.199
0.03 0.33631 5.00000 350.0022277832 2.6336188316  325.031  6.893  4.6670  3.677    0  0.000  0.029     0.00     0.00 -1 -3.35e-05      0.00 6.548e-01 3.147e-01 2.373e-04 1.064e-02 9.654e-03 -1.000 3.045e-02 -12.462 -7.898 -7.787 -7.747 -7.803 -7.875 -8.319 -9.242 -9.562 -10.508 -12.595 -7.789 -7.891 -9.315 -9.673
0.03 0.33631 5.00000 350.0041503906 2.6336188316  312.770  6.880  4.6464  3.591    0  0.000  0.056     0.00     0.00 -1 -1.07e-05      0.00 6.316e-01 3.385e-01 3.690e-04 1.356e-02 6.139e-03 -1.000 2.991e-02 -12.430 -7.888 -7.775 -7.742 -7.786 -7.906 -7.934 -8.163 -9.167 -11.649 -11.738 -7.786 -7.894 -8.425 -9.100
0.03 0.33631 5.00000 350.0053405762 2.6336188316  301.379  6.869  4.6345  3.538    0  0.000  0.086     0.00     0.00 -1 -5.15e-06      0.00 6.069e-01 3.633e-01 4.494e-04 1.502e-02 4.362e-03 -1.000 2.974e-02 -12.402 -7.952 -7.839 -7.807 -7.852 -7.970 -7.999 -8.228 -9.250 -11.737 -11.820 -7.851 -7.957 -8.500 -9.182
0.03 0.33631 5.00000 350.0062561035 2.6336188316  290.469  6.858  4.6261  3.500    0  0.000  0.122     0.00     0.00 -1 -2.98e-06      0.00 5.833e-01 3.871e-01 5.073e-04 1.586e-02 3.318e-03 -1.000 2.957e-02 -12.374 -7.988 -7.876 -7.845 -7.889 -8.006 -8.036 -8.265 -9.300 -11.791 -11.869 -7.887 -7.993 -8.544 -9.231
0.03 0.33631 5.00000 350.0070190430 2.6336188316  279.355  6.846  4.6195  3.468    0  0.000  0.167     0.00     0.00 -1 -1.88e-06      0.00 5.589e-01 4.116e-01 5.543e-04 1.640e-02 2.647e-03 -1.000 2.954e-02 -12.345 -8.009 -7.898 -7.867 -7.912 -8.027 -8.058 -8.287 -9.332 -11.826 -11.901 -7.909 -8.015 -8.572 -9.263
0.03 0.33631 5.00000 350.0076293945 2.6336188316  269.449  6.835  4.6144  3.443    0  0.000  0.218     0.00     0.00 -1 -1.32e-06      0.00 5.369e-01 4.337e-01 5.892e-04 1.668e-02 2.273e-03 -1.000 2.947e-02 -12.318 -8.021 -7.911 -7.880 -7.925 -8.040 -8.071 -8.300 -9.353 -11.849 -11.921 -7.922 -8.027 -8.589 -9.283
0.03 0.33631 5.00000 350.0081481934 2.6336188316  259.520  6.824  4.6101  3.420    0  0.000  0.283     0.00     0.00 -1 -9.54e-07      0.00 5.141e-01 4.565e-01 6.193e-04 1.688e-02 2.020e-03 -1.000 2.945e-02 -12.291 -8.027 -7.917 -7.887 -7.932 -8.046 -8.078 -8.307 -9.366 -11.864 -11.933 -7.928 -8.033 -8.600 -9.296
0.03 0.33631 5.00000 350.0085754395 2.6336188316  250.166  6.814  4.6070  3.402    0  0.000  0.352     0.00     0.00 -1 -7.33e-07      0.00 4.929e-01 4.776e-01 6.440e-04 1.699e-02 1.867e-03 -1.000 2.945e-02 -12.266 -7.767 -7.658 -7.755 -7.696 -7.808 -7.856 -8.037 -9.261 -9.940 -10.861 -7.698 -7.809 -8.237 -8.991
0.03 0.33631 5.00000 350.0089416504 2.6336188316  240.865  6.804  4.6045  3.386    0  0.000  0.432     0.00     0.00 -1  -5.8e-07      0.00 4.716e-01 4.990e-01 6.662e-04 1.704e-02 1.768e-03 -1.000 2.940e-02 -12.239 -7.740 -7.631 -7.728 -7.669 -7.781 -7.830 -8.011 -9.234 -9.914 -10.834 -7.671 -7.782 -8.210 -8.964
0.03 0.33631 5.00000 350.0092773438 2.6336188316  232.240  6.793  4.6026  3.373    0  0.000  0.513     0.00     0.00 -1 -4.74e-07      0.00 4.513e-01 5.193e-01 6.850e-04 1.707e-02 1.711e-03 -1.000 2.937e-02 -12.213 -7.714 -7.605 -7.702 -7.643 -7.755 -7.804 -7.984 -9.208 -9.888 -10.808 -7.645 -7.756 -8.184 -8.938
0.03 0.33631 5.00000 350.0095825195 2.6336188316  223.650  6.782  4.6007  3.360    0  0.000  0.598     0.00     0.00 -1 -3.89e-07      0.00 4.307e-01 5.400e-01 7.024e-04 1.709e-02 1.677e-03 -1.000 2.937e-02 -12.186 -7.688 -7.578 -7.675 -7.616 -7.729 -7.777 -7.958 -9.181 -9.861 -10.782 -7.618 -7.729 -8.158 -8.911
0.03 0.33631 5.00000 350.0098571777 2.6336188316  215.648  6.772  4.5994  3.349    0  0.000  0.678     0.00     0.00 -1 -3.28e-07      0.00 4.109e-01 5.597e-01 7.176e-04 1.709e-02 1.661e-03 -1.000 2.937e-02 -12.160 -7.662 -7.552 -7.649 -7.590 -7.703 -7.751 -7.932 -9.156 -9.835 -10.756 -7.592 -7.703 -8.132 -8.885
0.03 0.33631 5.00000 350.0101318359 2.6336188316  207.500  6.761  4.5983  3.339    0  0.000  0.756     0.00     0.00 -1 -2.81e-07      0.00 3.906e-01 5.800e-01 7.322e-04 1.708e-02 1.655e-03 -1.000 2.943e-02 -12.133 -7.635 -7.525 -7.622 -7.563 -7.676 -7.724 -7.905 -9.128 -9.808 -10.729 -7.565 -7.676 -8.105 -8.858
0.03 0.33631 5.00000 350.0101928711 2.6336188316  204.842  6.758  4.5979  3.335    0  0.000  0.780     0.00     0.00 -1 -2.67e-07      0.00 3.838e-01 5.867e-01 7.368e-04 1.707e-02 1.655e-03 -1.000 2.946e-02 -12.124 -7.626 -7.516 -7.613 -7.554 -7.667 -7.715 -7.896 -9.119 -9.799 -10.720 -7.556 -7.667 -8.096 -8.849
0.03 0.33631 5.00000 350.0103149414 2.6336188316  200.959  6.752  4.5976  3.331    0  0.000  0.811     0.00     0.00 -1 -2.48e-07      0.00 3.744e-01 5.962e-01 7.432e-04 1.706e-02 1.658e-03 -1.000 2.944e-02 -12.111 -7.612 -7.503 -7.600 -7.541 -7.653 -7.702 -7.883 -9.106 -9.786 -10.706 -7.543 -7.654 -8.082 -8.836
0.03 0.33631 5.00000 350.0104370117 2.6336188316  197.059  6.747  4.5974  3.327    0  0.000  0.842     0.00     0.00 -1  -2.3e-07      0.00 3.647e-01 6.059e-01 7.495e-04 1.705e-02 1.662e-03 -1.000 2.941e-02 -12.097 -7.599 -7.489 -7.587 -7.527 -7.640 -7.688 -7.869 -9.093 -9.772 -10.693 -7.529 -7.641 -8.069 -8.822
0.03 0.33631 5.00000 350.0105285645 2.6336188316  193.230  6.742  4.5972  3.323    0  0.000  0.873     0.00     0.00 -1 -2.14e-07      0.00 3.550e-01 6.156e-01 7.557e-04 1.704e-02 1.665e-03 -1.000 2.938e-02 -12.084 -7.586 -7.476 -7.573 -7.514 -7.627 -7.675 -7.856 -9.079 -9.759 -10.680 -7.516 -7.627 -8.056 -8.809
0.03 0.33631 5.00000 350.0106506348 2.6336188316  186.686  6.729  4.6005  3.334    0  0.000  0.917     0.00     0.00 -1 -3.57e-07      0.00 3.380e-01 6.326e-01 7.624e-04 1.704e-02 1.667e-03 -1.000 2.937e-02 -12.053 -7.555 -7.445 -7.542 -7.483 -7.596 -7.644 -7.825 -9.048 -9.728 -10.649 -7.485 -7.596 -8.025 -8.778
0.03 0.33631 5.00000 350.0107421875 2.6336188316  180.787  6.717  4.6039  3.345    0  0.000  0.958     0.00     0.00 -1 -5.99e-07      0.00 3.223e-01 6.484e-01 7.682e-04 1.703e-02 1.668e-03 -1.000 2.938e-02 -12.024 -7.525 -7.416 -7.513 -7.454 -7.566 -7.614 -7.795 -9.019 -9.698 -10.619 -7.456 -7.567 -7.995 -8.749
0.03 0.33631 5.00000 350.0108642578 2.6336188316  165.758  6.675  4.6043  3.352    0  0.000  0.983     0.00     0.00 -1 -5.33e-07      0.00 3.083e-01 6.623e-01 7.735e-04 1.702e-02 1.675e-03 -1.000 2.939e-02 -11.917 -7.418 -7.309 -7.406 -7.346 -7.459 -7.507 -7.688 -8.912 -9.591 -10.512 -7.348 -7.460 -7.888 -8.641
0.03 0.33631 5.00000 350.0109558105 2.6336188316  151.465  6.629  4.6025  3.351    0  0.000  0.996     0.00     0.00 -1 -4.51e-07      0.00 2.984e-01 6.721e-01 7.787e-04 1.701e-02 1.685e-03 -1.000 2.947e-02 -11.803 -7.304 -7.195 -7.292 -7.233 -7.345 -7.394 -7.575 -8.798 -9.478 -10.398 -7.235 -7.346 -7.774 -8.528
0.03 0.33631 5.00000 350.0110778809 2.6336188316  138.365  6.583  4.6007  3.351    0  0.000  1.007     0.00     0.00 -1 -3.77e-07      0.00 2.884e-01 6.821e-01 7.840e-04 1.700e-02 1.695e-03 -1.000 2.947e-02 -11.688 -7.189 -7.080 -7.177 -7.118 -7.230 -7.279 -7.460 -8.683 -9.363 -10.283 -7.120 -7.231 -7.659 -8.413
0.03 0.33631 5.00000 350.0111694336 2.6336188316  126.344  6.537  4.5987  3.350    0  0.000  1.016     0.00     0.00 -1 -3.16e-07      0.00 2.783e-01 6.922e-01 7.892e-04 1.698e-02 1.706e-03 -1.000 2.947e-02 -11.572 -7.073 -6.964 -7.061 -7.001 -7.114 -7.162 -7.343 -8.567 -9.246 -10.167 -7.003 -7.115 -7.543 -8.296
0.03 0.33631 5.00000 350.0112915039 2.6336188316  115.413  6.490  4.5968  3.350    0  0.000  1.023     0.00     0.00 -1 -2.61e-07      0.00 2.683e-01 7.024e-01 7.945e-04 1.697e-02 1.718e-03 -1.000 2.939e-02 -11.454 -6.956 -6.846 -6.944 -6.884 -6.997 -7.045 -7.226 -8.450 -9.129 -10.050 -6.886 -6.998 -7.426 -8.179
0.03 0.33631 5.00000 350.0113830566 2.6336188316  105.661  6.444  4.5949  3.350    0  0.000  1.029     0.00     0.00 -1 -2.19e-07      0.00 2.583e-01 7.123e-01 7.997e-04 1.695e-02 1.730e-03 -1.000 2.947e-02 -11.340 -6.841 -6.732 -6.829 -6.769 -6.882 -6.930 -7.111 -8.335 -9.014 -9.935 -6.772 -6.883 -7.311 -8.065
0.03 0.33631 5.00000 350.0114746094 2.6336188316   97.724  6.403  4.5933  3.350    0  0.000  1.033     0.00     0.00 -1 -1.87e-07      0.00 2.495e-01 7.210e-01 8.044e-04 1.694e-02 1.741e-03 -1.000 2.947e-02 -11.239 -6.740 -6.631 -6.728 -6.669 -6.781 -6.829 -7.010 -8.234 -8.913 -9.834 -6.671 -6.782 -7.210 -7.964
0.03 0.33631 5.00000 350.0115966797 2.6336188316   89.418  6.357  4.5918  3.351    0  0.000  1.037     0.00     0.00 -1 -1.57e-07      0.00 2.395e-01 7.310e-01 8.097e-04 1.692e-02 1.753e-03 -1.000 2.947e-02 -11.123 -6.625 -6.515 -6.613 -6.553 -6.666 -6.714 -6.895 -8.119 -8.798 -9.719 -6.555 -6.667 -7.095 -7.848
0.03 0.33631 5.00000 350.0116882324 2.6336188316   81.847  6.311  4.5902  3.353    0  0.000  1.041     0.00     0.00 -1 -1.31e-07      0.00 2.294e-01 7.411e-01 8.152e-04 1.690e-02 1.766e-03 -1.000 2.947e-02 -11.007 -6.509 -6.399 -6.497 -6.437 -6.550 -6.598 -6.779 -8.003 -8.682 -9.603 -6.439 -6.551 -6.979 -7.732
0.03 0.33631 5.00000 350.0118103027 2.6336188316   74.949  6.265  4.5887  3.355    0  0.000  1.044     0.00     0.00 -1 -1.09e-07      0.00 2.193e-01 7.513e-01 8.207e-04 1.689e-02 1.779e-03 -1.000 2.940e-02 -10.891 -6.393 -6.283 -6.381 -6.321 -6.434 -6.482 -6.663 -7.887 -8.566 -9.487 -6.323 -6.435 -6.863 -7.616
0.03 0.33631 5.00000 350.0119018555 2.6336188316   68.627  6.218  4.5871  3.357    0  0.000  1.047     0.00     0.00 -1  -9.1e-08      0.00 2.088e-01 7.617e-01 8.264e-04 1.688e-02 1.792e-03 -1.000 2.947e-02 -10.775 -6.276 -6.167 -6.264 -6.205 -6.317 -6.366 -6.547 -7.770 -8.450 -9.371 -6.207 -6.318 -6.747 -7.500
0.03 0.33631 5.00000 350.0120239258 2.6336188316   62.868  6.171  4.5857  3.360    0  0.000  1.050     0.00     0.00 -1 -7.61e-08      0.00 1.983e-01 7.722e-01 8.322e-04 1.686e-02 1.806e-03 -1.000 2.947e-02 -10.658 -6.159 -6.050 -6.147 -6.088 -6.200 -6.249 -6.430 -7.653 -8.333 -9.254 -6.090 -6.201 -6.630 -7.383
0.03 0.33631 5.00000 350.0121154785 2.6336188316   57.491  6.123  4.5845  3.364    0  0.000  1.054     0.00     0.00 -1 -6.27e-08      0.00 1.873e-01 7.832e-01 8.383e-04 1.684e-02 1.819e-03 -1.000 2.947e-02 -10.538 -6.040 -5.930 -6.028 -5.968 -6.081 -6.129 -6.310 -7.534 -8.213 -9.134 -5.970 -6.082 -6.510 -7.263
0.03 0.33631 5.00000 350.0122375488 2.6336188316   52.592  6.076  4.5830  3.366    0  0.000  1.058     0.00     0.00 -1 -5.24e-08      0.00 1.763e-01 7.942e-01 8.445e-04 1.682e-02 1.833e-03 -1.000 2.947e-02 -10.421 -5.923 -5.813 -5.910 -5.851 -5.964 -6.012 -6.193 -7.417 -8.096 -9.017 -5.853 -5.964 -6.393 -7.146
0.03 0.33631 5.00000 350.0123291016 2.6336188316   48.620  6.036  4.5820  3.369    0  0.000  1.063     0.00     0.00 -1 -4.45e-08      0.00 1.667e-01 8.038e-01 8.502e-04 1.680e-02 1.845e-03 -1.000 2.948e-02 -10.319 -5.821 -5.711 -5.808 -5.749 -5.862 -5.910 -6.091 -7.315 -7.994 -8.915 -5.751 -5.862 -6.291 -7.044
0.03 0.33631 5.00000 350.0124511719 2.6336188316   44.523  5.990  4.5822  3.378    0  0.000  1.071     0.00     0.00 -1  -3.7e-08      0.00 1.557e-01 8.148e-01 8.570e-04 1.678e-02 1.859e-03 -1.000 2.947e-02 -10.205 -5.706 -5.597 -5.694 -5.635 -5.747 -5.795 -5.976 -7.200 -7.879 -8.800 -5.637 -5.748 -6.176 -6.930
0.03 0.33631 5.00000 350.0125427246 2.6336188316   41.159  5.949  4.5832  3.388    0  0.000  1.080     0.00     0.00 -1 -3.17e-08      0.00 1.461e-01 8.245e-01 8.633e-04 1.676e-02 1.871e-03 -1.000 2.946e-02 -10.104 -5.605 -5.496 -5.593 -5.533 -5.646 -5.694 -5.875 -7.099 -7.778 -8.699 -5.536 -5.647 -6.075 -6.828
0.03 0.33631 5.00000 350.0126342773 2.6336188316   38.610  5.917  4.5853  3.401    0  0.000  1.091     0.00     0.00 -1 -2.76e-08      0.00 1.378e-01 8.327e-01 8.688e-04 1.675e-02 1.881e-03 -1.000 2.948e-02 -10.022 -5.524 -5.414 -5.511 -5.452 -5.565 -5.613 -5.794 -7.017 -7.697 -8.618 -5.454 -5.565 -5.994 -6.747
0.03 0.33631 5.00000 350.0126953125 2.6336188316   36.700  5.891  4.5887  3.418    0  0.000  1.101     0.00     0.00 -1 -2.48e-08      0.00 1.310e-01 8.395e-01 8.736e-04 1.674e-02 1.889e-03 -1.000 2.948e-02 -9.958 -5.459 -5.350 -5.447 -5.388 -5.500 -5.549 -5.730 -6.953 -7.633 -8.553 -5.390 -5.501 -5.929 -6.683
0.03 0.33631 5.00000 350.0127258301 2.6336188316   35.539  5.875  4.5921  3.434    0  0.000  1.109     0.00     0.00 -1 -2.33e-08      0.00 1.266e-01 8.439e-01 8.767e-04 1.673e-02 1.894e-03 -1.000 2.947e-02 -9.918 -5.419 -5.310 -5.407 -5.348 -5.460 -5.508 -5.689 -6.913 -7.592 -8.513 -5.350 -5.461 -5.889 -6.643
0.03 0.33631 5.00000 350.0127563477 2.6336188316   34.611  5.862  4.5959  3.451    0  0.000  1.117     0.00     0.00 -1 -2.21e-08      0.00 1.231e-01 8.474e-01 8.795e-04 1.672e-02 1.897e-03 -1.000 2.945e-02 -9.885 -5.387 -5.277 -5.375 -5.315 -5.428 -5.476 -5.657 -6.881 -7.560 -8.481 -5.317 -5.429 -5.857 -6.610
0.03 0.33631 5.00000 350.0127868652 2.6336188316   33.822  5.851  4.6015  3.474    0  0.000  1.124     0.00     0.00 -1 -2.12e-08      0.00 1.201e-01 8.505e-01 8.819e-04 1.672e-02 1.901e-03 -1.000 2.944e-02 -9.858 -5.360 -5.250 -5.348 -5.288 -5.401 -5.449 -5.630 -6.854 -7.533 -8.454 -5.290 -5.402 -5.830 -6.583
0.03 0.33631 5.00000 350.0128173828 2.6336188316   33.161  5.843  4.6090  3.504    0  0.000  1.131     0.00     0.00 -1 -2.06e-08      0.00 1.174e-01 8.531e-01 8.841e-04 1.671e-02 1.904e-03 -1.000 2.945e-02 -9.837 -5.339 -5.229 -5.326 -5.267 -5.380 -5.428 -5.609 -6.832 -7.512 -8.433 -5.269 -5.380 -5.809 -6.562
0.03 0.33631 5.00000 350.0128479004 2.6336188316   32.254  5.842  4.6573  3.686    0  0.000  1.143     0.00     0.00 -1 -2.02e-08      0.00 1.137e-01 8.569e-01 8.874e-04 1.671e-02 1.907e-03 -1.000 2.948e-02 -9.835 -5.271 -5.161 -5.259 -5.195 -5.307 -5.355 -5.535 -6.761 -7.427 -8.337 -5.198 -5.308 -5.734 -6.490
0.03 0.33631 5.00000 350.0129394531 2.6336188316   29.884  5.855  4.9130  4.663    0  0.000  1.080     0.00     0.00 -1 -2.06e-08      0.00 9.828e-02 8.723e-01 8.740e-04 1.673e-02 1.911e-03 -1.000 2.947e-02 -9.867 -3.336 -3.209 -3.158 -3.194 -3.279 -3.347 -3.520 -4.910 -5.856 -6.845 -3.193 -3.282 -3.739 -4.637
0.03 0.33631 5.00000 350.0130004883 2.6336188316   27.792  5.815  4.9128  4.670    0  0.000  1.536     0.00     0.00 -1 -1.79e-08      0.00 8.686e-02 8.837e-01 9.521e-04 1.661e-02 1.915e-03 -1.000 2.948e-02 -9.768 -3.238 -3.112 -3.060 -3.096 -3.182 -3.250 -3.423 -4.814 -5.760 -6.748 -3.096 -3.185 -3.642 -4.541
0.03 0.33631 5.00000 350.0130615234 2.6336188316   26.248  5.785  4.9130  4.676    0  0.000 39.482     0.00     0.00 -1 -1.53e-08      0.00 8.725e-02 8.598e-01 1.930e-02 7.814e-03 2.112e-03 10.228 5.293e-02 -9.694 -3.162 -3.036 -2.984 -3.020 -3.105 -3.174 -3.346 -4.737 -5.683 -6.671 -3.020 -3.109 -3.565 -4.464
0.03 0.33631 5.00000 350.0131835938 2.6336188316   24.025  5.744  4.9116  4.673    0  0.000 39.017     0.00     0.00 -1 -9.87e-09      0.00 8.800e-02 7.405e-01 1.290e-01 1.935e-04 6.562e-03 11.070 1.715e-01 -9.591 -3.071 -2.944 -2.894 -2.930 -3.016 -3.085 -3.259 -4.653 -5.600 -6.588 -2.929 -3.019 -3.480 -4.380
0.03 0.33631 5.00000 350.0133056641 2.6336188316   22.394  5.719  4.9116  4.668    0  0.000 19.780     0.00     0.00 -1  -6.7e-09      0.00 8.880e-02 6.347e-01 2.241e-01 1.934e-04 1.645e-02 11.298 2.765e-01 -9.527 -3.007 -2.881 -2.830 -2.866 -2.952 -3.021 -3.195 -4.589 -5.536 -6.524 -2.865 -2.955 -3.416 -4.316
0.03 0.33631 5.00000 350.0133972168 2.6336188316   21.282  5.705  4.9169  4.680    0  0.000 12.706     0.00     0.00 -1 -4.79e-09      0.00 8.952e-02 5.527e-01 2.924e-01 1.950e-04 2.941e-02 11.401 3.577e-01 -9.493 -2.930 -2.802 -2.750 -2.784 -2.867 -2.935 -3.102 -4.482 -5.425 -6.415 -2.783 -2.870 -3.315 -4.209
0.03 0.33631 5.00000 350.0134887695 2.6336188316   20.604  5.701  4.9283  4.716    0  0.000  9.689     0.00     0.00 -1 -3.73e-09      0.00 9.009e-02 4.947e-01 3.367e-01 1.962e-04 4.248e-02 11.450 4.152e-01 -9.482 -2.824 -2.695 -2.640 -2.669 -2.744 -2.810 -2.963 -4.310 -5.245 -6.239 -2.668 -2.748 -3.159 -4.037
0.03 0.33631 5.00000 350.0135192871 2.6336188316   20.282  5.705  4.9477  4.783    0  0.000  8.407     0.00     0.00 -1 -3.35e-09      0.00 9.040e-02 4.627e-01 3.594e-01 1.969e-04 5.142e-02 11.471 4.469e-01 -9.492 -2.674 -2.542 -2.481 -2.501 -2.565 -2.627 -2.756 -4.048 -4.969 -5.969 -2.500 -2.568 -2.922 -3.775
0.03 0.33631 5.00000 350.0135498047 2.6336188316   20.143  5.814  5.0975  5.270    0  0.000  7.894     0.00     0.00 -1 -4.34e-09      0.00 9.054e-02 4.481e-01 3.692e-01 1.972e-04 5.609e-02 11.479 4.614e-01 -9.765 -2.173 -2.090 -2.087 -2.242 -2.388 -2.526 -2.797 -4.443 -5.528 -6.562 -2.225 -2.399 -3.122 -4.168
#isochrone terminated
