# File generated by CMD 3.3 (http://stev.oapd.inaf.it/cmd) on Wed Apr 22 16:18:53 CEST 2020
# isochrones based on PARSEC release v1.2S +  COLIBRI S_35
# Basic references: Bressan et al. (2012), MNRAS, 427, 127 + Chen et al. (2014, 2015), MNRAS, 444, 2525 + MNRAS, 452, 1068 + Tang et al. (2014), MNRAS, 445, 4287 + Marigo et al. (2017), ApJ, 835, 77 + Pastorelli al. (2019), MNRAS in press
# Thermal pulse cycles included 
# On RGB, assumed Reimers mass loss with efficiency eta=0.2
# Photometric system:  2MASS + Spitzer (IRAC+MIPS) + WISE
# Using YBC version of bolometric corrections as in Chen et al. (2019)
# O-rich circumstellar dpmod60alox40 dust from Groenewegen (2006)
# C-rich circumstellar AMCSIC15 dust from Groenewegen (2006)
# IMF: Kroupa (2001, 2002) + Kroupa et al. (2013) canonical two-part-power law IMF corrected for unresolved binaries 
# Kind of output: isochrone tables
# Zini     MH   logAge Mini        int_IMF         Mass   logL    logTe  logg  label   McoreTP C_O  period0 period1 pmode  Mloss  tau1m   X   Y   Xc  Xn  Xo  Cexcess  Z 	 mbolmag  Jmag    Hmag    Ksmag   IRAC_3.6mag  IRAC_4.5mag  IRAC_5.8mag  IRAC_8.0mag  MIPS_24mag  MIPS_70mag  MIPS_160mag  W1mag   W2mag   W3mag   W4mag
0.006 -0.40400 6.00000 0.0900000036 1.0816895962    0.090 -1.192  3.4752  3.437    0  0.000  0.545     0.00     0.00 -1 -5.21e-14      0.00 7.350e-01 2.590e-01 1.079e-03 2.911e-04 2.640e-03 -1.000 6.000e-03 7.749 5.749 5.224 4.939 4.573 4.418 4.383 4.325 3.723 3.704 3.776 4.694 4.422 4.296 3.912
0.006 -0.40400 6.00000 0.0992424265 1.1647467613    0.099 -1.122  3.4803  3.430    0  0.000  0.545     0.00     0.00 -1 -5.86e-14      0.00 7.350e-01 2.590e-01 1.079e-03 2.911e-04 2.640e-03 -1.000 6.000e-03 7.576 5.585 5.051 4.777 4.424 4.272 4.238 4.183 3.585 3.570 3.647 4.543 4.276 4.158 3.775
0.006 -0.40400 6.00000 0.1134780571 1.2747472525    0.113 -1.000  3.4888  3.399    0  0.000  0.545     0.00     0.00 -1 -7.53e-14      0.00 7.350e-01 2.590e-01 1.079e-03 2.911e-04 2.640e-03 -1.000 6.000e-03 7.270 5.298 4.743 4.484 4.157 4.010 3.977 3.925 3.336 3.330 3.416 4.270 4.014 3.906 3.525
0.006 -0.40400 6.00000 0.1177272722 1.3041497469    0.117 -0.965  3.4912  3.390    0  0.000  0.545     0.00     0.00 -1  -8.1e-14      0.00 7.350e-01 2.590e-01 1.079e-03 2.911e-04 2.640e-03 -1.000 6.000e-03 7.183 5.217 4.655 4.400 4.081 3.936 3.903 3.853 3.266 3.262 3.351 4.193 3.940 3.836 3.456
0.006 -0.40400 6.00000 0.1269906759 1.3637179136    0.127 -0.900  3.4957  3.376    0  0.000  0.545     0.00     0.00 -1 -9.21e-14      0.00 7.350e-01 2.590e-01 1.079e-03 2.911e-04 2.640e-03 -1.000 6.000e-03 7.020 5.064 4.488 4.241 3.937 3.797 3.766 3.718 3.136 3.136 3.228 4.048 3.801 3.704 3.326
0.006 -0.40400 6.00000 0.1362121254 1.4176547527    0.136 -0.834  3.5002  3.358    0  0.000  0.545     0.00     0.00 -1 -1.06e-13      0.00 7.350e-01 2.590e-01 1.079e-03 2.911e-04 2.640e-03 -1.000 6.000e-03 6.855 4.911 4.319 4.079 3.791 3.656 3.626 3.582 3.004 3.008 3.104 3.900 3.661 3.570 3.194
0.006 -0.40400 6.00000 0.1451118141 1.4653880596    0.145 -0.782  3.5041  3.349    0  0.000  0.545     0.00     0.00 -1 -1.17e-13      0.00 7.350e-01 2.590e-01 1.079e-03 2.911e-04 2.640e-03 -1.000 6.000e-03 6.725 4.792 4.187 3.952 3.677 3.547 3.518 3.474 2.901 2.911 3.009 3.784 3.552 3.465 3.091
0.006 -0.40400 6.00000 0.1596976072 1.5359203815    0.159 -0.724  3.5092  3.353    0  0.000  0.545     0.00     0.00 -1 -1.27e-13      0.00 7.350e-01 2.590e-01 1.079e-03 2.911e-04 2.640e-03 -1.000 6.000e-03 6.579 4.661 4.041 3.812 3.551 3.428 3.399 3.357 2.790 2.806 2.910 3.655 3.433 3.352 2.980
0.006 -0.40400 6.00000 0.1648027897 1.5586547852    0.164 -0.711  3.5107  3.360    0  0.000  0.545     0.00     0.00 -1 -1.27e-13      0.00 7.350e-01 2.590e-01 1.079e-03 2.911e-04 2.640e-03 -1.000 6.000e-03 6.548 4.635 4.011 3.784 3.527 3.405 3.376 3.334 2.769 2.788 2.892 3.629 3.410 3.330 2.959
0.006 -0.40400 6.00000 0.1697563380 1.5798554420    0.169 -0.690  3.5126  3.359    0  0.000  0.545     0.00     0.00 -1 -1.32e-13      0.00 7.350e-01 2.590e-01 1.079e-03 2.911e-04 2.640e-03 -1.000 6.000e-03 6.496 4.589 3.959 3.734 3.482 3.363 3.334 3.292 2.729 2.751 2.858 3.583 3.368 3.290 2.919
0.006 -0.40400 6.00000 0.1739674360 1.5972555876    0.173 -0.668  3.5144  3.355    0  0.000  0.545     0.00     0.00 -1 -1.38e-13      0.00 7.350e-01 2.590e-01 1.079e-03 2.911e-04 2.640e-03 -1.000 6.000e-03 6.440 4.540 3.902 3.679 3.433 3.317 3.287 3.246 2.685 2.711 2.819 3.532 3.322 3.245 2.875
0.006 -0.40400 6.00000 0.1793187112 1.6185929775    0.179 -0.635  3.5170  3.345    0  0.000  0.545     0.00     0.00 -1 -1.48e-13      0.00 7.350e-01 2.590e-01 1.079e-03 2.911e-04 2.640e-03 -1.000 6.000e-03 6.357 4.465 3.817 3.597 3.359 3.247 3.217 3.176 2.619 2.648 2.759 3.456 3.252 3.177 2.808
0.006 -0.40400 6.00000 0.1879701167 1.6513946056    0.187 -0.583  3.5209  3.329    0  0.000  0.545     0.00     0.00 -1 -1.66e-13      0.00 7.350e-01 2.590e-01 1.079e-03 2.911e-04 2.640e-03 -1.000 6.000e-03 6.227 4.348 3.684 3.469 3.243 3.139 3.108 3.068 2.516 2.551 2.665 3.338 3.144 3.072 2.705
0.006 -0.40400 6.00000 0.1962554008 1.6810187101    0.195 -0.562  3.5230  3.335    0  0.000  0.545     0.00     0.00 -1 -1.69e-13      0.00 7.350e-01 2.590e-01 1.079e-03 2.911e-04 2.640e-03 -1.000 6.000e-03 6.175 4.303 3.634 3.420 3.200 3.099 3.069 3.030 2.481 2.518 2.633 3.294 3.104 3.035 2.670
0.006 -0.40400 6.00000 0.2048650682 1.7101277113    0.204 -0.565  3.5240  3.360    0  0.000  0.545     0.00     0.00 -1  -1.6e-13      0.00 7.350e-01 2.590e-01 1.079e-03 2.911e-04 2.640e-03 -1.000 6.000e-03 6.182 4.313 3.645 3.431 3.212 3.112 3.081 3.042 2.494 2.533 2.648 3.304 3.117 3.048 2.684
0.006 -0.40400 6.00000 0.2133579403 1.7373241186    0.212 -0.557  3.5256  3.377    0  0.000  0.545     0.00     0.00 -1 -1.57e-13      0.00 7.350e-01 2.590e-01 1.079e-03 2.911e-04 2.640e-03 -1.000 6.000e-03 6.163 4.300 3.629 3.416 3.200 3.102 3.072 3.033 2.488 2.528 2.644 3.291 3.107 3.040 2.677
0.006 -0.40400 6.00000 0.2217071056 1.7627222538    0.221 -0.540  3.5278  3.385    0  0.000  0.545     0.00     0.00 -1 -1.58e-13      0.00 7.349e-01 2.591e-01 1.079e-03 2.911e-04 2.640e-03 -1.000 6.000e-03 6.119 4.263 3.587 3.375 3.165 3.071 3.041 3.003 2.461 2.504 2.621 3.255 3.076 3.012 2.651
0.006 -0.40400 6.00000 0.2298326045 1.7862734795    0.229 -0.513  3.5306  3.385    0  0.000  0.545     0.00     0.00 -1 -1.66e-13      0.00 7.349e-01 2.591e-01 1.079e-03 2.911e-04 2.640e-03 -1.000 6.000e-03 6.052 4.205 3.519 3.310 3.108 3.020 2.990 2.953 2.415 2.461 2.579 3.196 3.025 2.964 2.605
0.006 -0.40400 6.00000 0.2376768440 1.8080047369    0.237 -0.474  3.5341  3.375    0  0.000  0.545     0.00     0.00 -1  -1.8e-13      0.00 7.349e-01 2.591e-01 1.079e-03 2.911e-04 2.640e-03 -1.000 6.000e-03 5.956 4.120 3.422 3.217 3.026 2.945 2.915 2.879 2.346 2.396 2.515 3.111 2.950 2.891 2.536
0.006 -0.40400 6.00000 0.2438241839 1.8243933916    0.243 -0.461  3.5357  3.379    0  0.000  0.545     0.00     0.00 -1 -1.82e-13      0.00 7.349e-01 2.591e-01 1.079e-03 2.911e-04 2.640e-03 -1.000 6.002e-03 5.923 4.093 3.390 3.187 3.000 2.922 2.892 2.856 2.326 2.377 2.497 3.084 2.927 2.870 2.515
0.006 -0.40400 6.00000 0.2570412457 1.8578782082    0.256 -0.439  3.5388  3.392    0  0.000  0.545     0.00     0.00 -1 -1.84e-13      0.00 7.349e-01 2.590e-01 1.079e-03 2.911e-04 2.640e-03 -1.000 6.040e-03 5.867 4.047 3.337 3.136 2.956 2.884 2.854 2.819 2.293 2.348 2.468 3.038 2.889 2.834 2.482
0.006 -0.40400 6.00000 0.2701617479 1.8889746666    0.269 -0.424  3.5416  3.410    0  0.000  0.545     0.00     0.00 -1 -1.82e-13      0.00 7.349e-01 2.590e-01 1.079e-03 2.911e-04 2.640e-03 -1.000 6.003e-03 5.829 4.018 3.303 3.104 2.929 2.862 2.832 2.797 2.275 2.333 2.455 3.009 2.867 2.814 2.465
0.006 -0.40400 6.00000 0.2830238342 1.9176095724    0.282 -0.406  3.5445  3.424    0  0.000  0.545     0.00     0.00 -1 -1.82e-13      0.00 7.349e-01 2.591e-01 1.079e-03 2.911e-04 2.640e-03 -1.000 6.000e-03 5.785 3.983 3.263 3.066 2.898 2.836 2.805 2.771 2.254 2.315 2.437 2.975 2.841 2.790 2.443
0.006 -0.40400 6.00000 0.2984641194 1.9498279095    0.297 -0.392  3.5478  3.446    0  0.000  0.545     0.00     0.00 -1 -1.79e-13      0.00 7.349e-01 2.591e-01 1.079e-03 2.911e-04 2.640e-03 -1.000 6.000e-03 5.750 3.959 3.234 3.040 2.877 2.821 2.790 2.756 2.244 2.308 2.432 2.951 2.826 2.777 2.433
0.006 -0.40400 6.00000 0.3183791935 1.9883207083    0.317 -0.371  3.5521  3.471    0  0.000  0.545     0.00     0.00 -1 -1.76e-13      0.00 7.349e-01 2.591e-01 1.079e-03 2.911e-04 2.640e-03 -1.000 6.000e-03 5.698 3.922 3.188 2.998 2.845 2.796 2.765 2.731 2.225 2.295 2.419 2.915 2.801 2.755 2.415
0.006 -0.40400 6.00000 0.3303030431 2.0099005699    0.329 -0.356  3.5549  3.483    0  0.000  0.545     0.00     0.00 -1 -1.77e-13      0.00 7.349e-01 2.591e-01 1.079e-03 2.911e-04 2.640e-03 -1.000 6.000e-03 5.659 3.892 3.152 2.966 2.818 2.774 2.743 2.709 2.208 2.280 2.405 2.886 2.779 2.735 2.397
0.006 -0.40400 6.00000 0.3501985073 2.0437428951    0.349 -0.333  3.5595  3.504    0  0.000  0.545     0.00     0.00 -1 -1.77e-13      0.00 7.349e-01 2.591e-01 1.079e-03 2.911e-04 2.640e-03 -1.000 6.000e-03 5.603 3.851 3.102 2.921 2.783 2.748 2.716 2.682 2.187 2.265 2.390 2.846 2.753 2.710 2.377
0.006 -0.40400 6.00000 0.3765151799 2.0848522186    0.376 -0.312  3.5651  3.538    0  0.000  0.545     0.00     0.00 -1 -1.72e-13      0.00 7.349e-01 2.591e-01 1.079e-03 2.911e-04 2.640e-03 -1.000 6.000e-03 5.551 3.818 3.061 2.885 2.757 2.731 2.698 2.662 2.175 2.260 2.384 2.815 2.736 2.694 2.365
0.006 -0.40400 6.00000 0.4155100584 2.1393489838    0.415 -0.262  3.5749  3.569    0  0.000  0.545     0.00     0.00 -1 -1.77e-13      0.00 7.349e-01 2.591e-01 1.079e-03 2.911e-04 2.640e-03 -1.000 6.000e-03 5.424 3.721 2.952 2.787 2.678 2.668 2.634 2.596 2.123 2.218 2.343 2.725 2.673 2.634 2.313
0.006 -0.40400 6.00000 0.4227272868 2.1487076283    0.422 -0.254  3.5765  3.575    0  0.000  0.545     0.00     0.00 -1 -1.78e-13      0.00 7.349e-01 2.591e-01 1.079e-03 2.911e-04 2.640e-03 -1.000 6.000e-03 5.406 3.707 2.936 2.773 2.667 2.660 2.626 2.587 2.117 2.214 2.339 2.713 2.665 2.626 2.307
0.006 -0.40400 6.00000 0.4252329767 2.1519081593    0.424 -0.251  3.5772  3.577    0  0.000  0.545     0.00     0.00 -1 -1.78e-13      0.00 7.349e-01 2.591e-01 1.079e-03 2.911e-04 2.640e-03 -1.000 6.000e-03 5.397 3.700 2.928 2.766 2.661 2.655 2.621 2.583 2.114 2.211 2.336 2.707 2.660 2.622 2.303
0.006 -0.40400 6.00000 0.4689394236 2.2040774822    0.468 -0.190  3.5883  3.604    0  0.000  0.545     0.00     0.00 -1 -1.89e-13      0.00 7.349e-01 2.591e-01 1.079e-03 2.911e-04 2.640e-03 -1.000 6.000e-03 5.246 3.582 2.809 2.657 2.568 2.578 2.543 2.500 2.046 2.153 2.276 2.603 2.583 2.545 2.235
0.006 -0.40400 6.00000 0.5151515603 2.2525465488    0.515 -0.124  3.5995  3.624    0  0.000  0.545     0.00     0.00 -1 -2.05e-13      0.00 7.349e-01 2.591e-01 1.079e-03 2.911e-04 2.640e-03 -1.000 6.000e-03 5.081 3.442 2.681 2.540 2.462 2.483 2.449 2.404 1.965 2.080 2.203 2.489 2.488 2.455 2.154
0.006 -0.40400 6.00000 0.5201099515 2.2572665215    0.519 -0.118  3.6006  3.626    0  0.000  0.545     0.00     0.00 -1 -2.06e-13      0.00 7.349e-01 2.591e-01 1.079e-03 2.911e-04 2.640e-03 -1.000 6.000e-03 5.066 3.430 2.670 2.530 2.453 2.476 2.441 2.396 1.958 2.074 2.197 2.479 2.480 2.447 2.147
0.006 -0.40400 6.00000 0.5356333256 2.2713959217    0.535 -0.098  3.6041  3.633    0  0.000  0.545     0.00     0.00 -1 -2.11e-13      0.00 7.349e-01 2.591e-01 1.079e-03 2.911e-04 2.640e-03 -1.000 6.000e-03 5.016 3.388 2.633 2.496 2.423 2.448 2.414 2.369 1.934 2.052 2.175 2.447 2.453 2.421 2.123
0.006 -0.40400 6.00000 0.5519359708 2.2852547169    0.551 -0.078  3.6079  3.641    0  0.000  0.545     0.00     0.00 -1 -2.16e-13      0.00 7.349e-01 2.591e-01 1.079e-03 2.911e-04 2.640e-03 -1.000 6.000e-03 4.965 3.345 2.597 2.463 2.393 2.422 2.388 2.342 1.912 2.032 2.155 2.415 2.427 2.397 2.101
0.006 -0.40400 6.00000 0.5613636374 2.2928481102    0.561 -0.067  3.6102  3.647    0  0.000  0.545     0.00     0.00 -1 -2.18e-13      0.00 7.349e-01 2.591e-01 1.079e-03 2.911e-04 2.640e-03 -1.000 6.000e-03 4.938 3.323 2.578 2.446 2.379 2.409 2.376 2.329 1.901 2.022 2.146 2.399 2.414 2.385 2.090
0.006 -0.40400 6.00000 0.5793845654 2.3065750599    0.579 -0.044  3.6139  3.653    0  0.000  0.545     0.00     0.00 -1 -2.25e-13      0.00 7.349e-01 2.591e-01 1.079e-03 2.911e-04 2.640e-03 -1.000 6.000e-03 4.881 3.274 2.536 2.408 2.343 2.377 2.344 2.298 1.873 1.995 2.120 2.362 2.381 2.354 2.062
0.006 -0.40400 6.00000 0.5998253822 2.3210029602    0.599 -0.018  3.6185  3.660    0  0.000  0.545     0.00     0.00 -1 -2.33e-13      0.00 7.349e-01 2.591e-01 1.079e-03 2.911e-04 2.640e-03 -1.000 6.000e-03 4.816 3.220 2.491 2.366 2.305 2.342 2.310 2.264 1.843 1.968 2.093 2.322 2.346 2.322 2.032
0.006 -0.40400 6.00000 0.6075757742 2.3261826038    0.607 -0.008  3.6203  3.663    0  0.000  0.545     0.00     0.00 -1 -2.36e-13      0.00 7.349e-01 2.591e-01 1.079e-03 2.911e-04 2.640e-03 -1.000 6.000e-03 4.791 3.199 2.473 2.350 2.291 2.328 2.297 2.251 1.831 1.957 2.082 2.306 2.333 2.310 2.020
0.006 -0.40400 6.00000 0.6151465774 2.3310973644    0.615  0.000  3.6218  3.666    0  0.000  0.545     0.00     0.00 -1 -2.38e-13      0.00 7.349e-01 2.591e-01 1.079e-03 2.911e-04 2.640e-03 -1.000 6.000e-03 4.770 3.181 2.458 2.336 2.278 2.316 2.286 2.239 1.820 1.947 2.072 2.293 2.321 2.298 2.009
0.006 -0.40400 6.00000 0.6328931451 2.3420898914    0.633  0.021  3.6254  3.672    0  0.000  0.545     0.00     0.00 -1 -2.45e-13      0.00 7.349e-01 2.591e-01 1.079e-03 2.911e-04 2.640e-03 -1.000 6.000e-03 4.718 3.137 2.421 2.302 2.247 2.287 2.258 2.211 1.794 1.922 2.047 2.260 2.292 2.271 1.983
0.006 -0.40400 6.00000 0.6514638066 2.3528585434    0.651  0.042  3.6293  3.679    0  0.000  0.545     0.00     0.00 -1 -2.51e-13      0.00 7.349e-01 2.591e-01 1.079e-03 2.911e-04 2.640e-03 -1.000 6.000e-03 4.666 3.094 2.385 2.270 2.218 2.260 2.232 2.185 1.770 1.900 2.025 2.230 2.265 2.246 1.959
0.006 -0.40400 6.00000 0.6537879109 2.3541569710    0.654  0.044  3.6298  3.680    0  0.000  0.545     0.00     0.00 -1 -2.51e-13      0.00 7.349e-01 2.591e-01 1.079e-03 2.911e-04 2.640e-03 -1.000 6.000e-03 4.659 3.089 2.381 2.266 2.215 2.257 2.228 2.182 1.767 1.897 2.023 2.226 2.262 2.243 1.956
0.006 -0.40400 6.00000 0.6792645454 2.3677210808    0.679  0.073  3.6343  3.686    0  0.000  0.545     0.00     0.00 -1 -2.62e-13      0.00 7.349e-01 2.591e-01 1.079e-03 2.911e-04 2.640e-03 -1.000 6.000e-03 4.588 3.029 2.333 2.222 2.173 2.215 2.187 2.142 1.727 1.859 1.985 2.182 2.220 2.202 1.916
0.006 -0.40400 6.00000 0.6999999881 2.3779268265    0.700  0.099  3.6384  3.690    0  0.000  0.545     0.00     0.00 -1 -2.72e-13      0.00 7.349e-01 2.591e-01 1.079e-03 2.911e-04 2.640e-03 -1.000 6.000e-03 4.523 2.976 2.291 2.183 2.136 2.179 2.152 2.106 1.692 1.826 1.952 2.144 2.184 2.167 1.881
0.006 -0.40400 6.00000 0.7362685204 2.3941986561    0.736  0.147  3.6500  3.709    0  0.000  0.540     0.00     0.00 -1 -2.91e-13      0.00 7.349e-01 2.591e-01 1.069e-03 2.908e-04 2.640e-03 -1.000 6.000e-03 4.401 2.885 2.237 2.138 2.094 2.136 2.111 2.067 1.654 1.790 1.918 2.100 2.140 2.127 1.843
0.006 -0.40400 6.00000 0.7500000000 2.3998889923    0.750  0.166  3.6543  3.716    0  0.000  0.538     0.00     0.00 -1 -2.99e-13      0.00 7.349e-01 2.591e-01 1.065e-03 2.907e-04 2.640e-03 -1.000 6.000e-03 4.354 2.850 2.217 2.120 2.077 2.118 2.094 2.051 1.638 1.774 1.903 2.083 2.122 2.112 1.827
0.006 -0.40400 6.00000 0.7814187407 2.4120481014    0.781  0.195  3.6579  3.719    0  0.000  0.538     0.00     0.00 -1 -3.12e-13      0.00 7.349e-01 2.591e-01 1.065e-03 2.907e-04 2.640e-03 -1.000 6.000e-03 4.283 2.789 2.168 2.073 2.032 2.071 2.048 2.006 1.592 1.729 1.859 2.037 2.076 2.066 1.781
0.006 -0.40400 6.00000 0.8000000119 2.4187245369    0.800  0.211  3.6600  3.722    0  0.000  0.538     0.00     0.00 -1 -3.19e-13      0.00 7.349e-01 2.591e-01 1.065e-03 2.907e-04 2.640e-03 -1.000 6.000e-03 4.243 2.755 2.141 2.048 2.007 2.046 2.024 1.982 1.568 1.706 1.835 2.012 2.050 2.042 1.757
0.006 -0.40400 6.00000 0.8439648151 2.4331836700    0.844  0.247  3.6647  3.728    0  0.000  0.538     0.00     0.00 -1 -3.35e-13      0.00 7.349e-01 2.591e-01 1.065e-03 2.907e-04 2.640e-03 -1.000 6.000e-03 4.153 2.679 2.081 1.990 1.950 1.988 1.966 1.926 1.512 1.650 1.780 1.954 1.992 1.986 1.701
0.006 -0.40400 6.00000 0.8500000238 2.4350347519    0.850  0.252  3.6653  3.728    0  0.000  0.538     0.00     0.00 -1 -3.38e-13      0.00 7.349e-01 2.591e-01 1.065e-03 2.907e-04 2.640e-03 -1.000 6.000e-03 4.139 2.667 2.071 1.981 1.940 1.979 1.957 1.917 1.504 1.641 1.771 1.945 1.983 1.977 1.692
0.006 -0.40400 6.00000 0.8948225975 2.4478886127    0.894  0.288  3.6697  3.732    0  0.000  0.538     0.00     0.00 -1 -3.55e-13      0.00 7.349e-01 2.591e-01 1.065e-03 2.907e-04 2.640e-03 -1.000 6.000e-03 4.050 2.591 2.010 1.923 1.883 1.920 1.900 1.861 1.447 1.585 1.715 1.887 1.924 1.921 1.636
0.006 -0.40400 6.00000 0.8999999762 2.4492788315    0.899  0.292  3.6702  3.733    0  0.000  0.538     0.00     0.00 -1 -3.57e-13      0.00 7.349e-01 2.591e-01 1.065e-03 2.907e-04 2.640e-03 -1.000 6.000e-03 4.041 2.583 2.004 1.917 1.877 1.914 1.894 1.855 1.441 1.579 1.709 1.881 1.918 1.915 1.630
0.006 -0.40400 6.00000 0.9091207981 2.4516835213    0.909  0.298  3.6710  3.735    0  0.000  0.538     0.00     0.00 -1  -3.6e-13      0.00 7.349e-01 2.591e-01 1.065e-03 2.907e-04 2.640e-03 -1.000 6.000e-03 4.025 2.570 1.994 1.907 1.867 1.904 1.884 1.846 1.432 1.570 1.700 1.871 1.908 1.906 1.621
0.006 -0.40400 6.00000 0.9499999881 2.4618122578    0.950  0.329  3.6747  3.738    0  0.000  0.538     0.00     0.00 -1 -3.77e-13      0.00 7.349e-01 2.591e-01 1.065e-03 2.907e-04 2.640e-03 -1.000 6.000e-03 3.949 2.505 1.941 1.856 1.817 1.853 1.834 1.796 1.383 1.521 1.651 1.821 1.857 1.857 1.572
0.006 -0.40400 6.00000 0.9679765105 2.4659562111    0.968  0.341  3.6762  3.740    0  0.000  0.538     0.00     0.00 -1 -3.83e-13      0.00 7.349e-01 2.591e-01 1.065e-03 2.907e-04 2.640e-03 -1.000 6.000e-03 3.917 2.479 1.919 1.835 1.796 1.832 1.813 1.776 1.363 1.501 1.631 1.800 1.836 1.836 1.551
0.006 -0.40400 6.00000 1.0000000000 2.4729156494    1.000  0.364  3.6789  3.742    0  0.000  0.538     0.00     0.00 -1 -3.96e-13      0.00 7.349e-01 2.591e-01 1.065e-03 2.907e-04 2.640e-03 -1.000 6.000e-03 3.860 2.430 1.879 1.797 1.758 1.794 1.775 1.738 1.325 1.463 1.594 1.762 1.797 1.799 1.514
0.006 -0.40400 6.00000 1.0054205656 2.4740431309    1.006  0.367  3.6793  3.742    0  0.000  0.538     0.00     0.00 -1 -3.95e-13      0.00 7.349e-01 2.591e-01 1.065e-03 2.907e-04 2.640e-03 -1.000 6.000e-03 3.851 2.422 1.873 1.791 1.753 1.788 1.769 1.733 1.319 1.458 1.588 1.756 1.791 1.793 1.508
0.006 -0.40400 6.00000 1.0499999523 2.4828116894    1.050  0.399  3.6828  3.743    0  0.000  0.538     0.00     0.00 -1 -3.89e-13      0.00 7.349e-01 2.591e-01 1.065e-03 2.907e-04 2.640e-03 -1.000 6.000e-03 3.772 2.355 1.817 1.736 1.699 1.733 1.716 1.680 1.267 1.406 1.536 1.702 1.737 1.740 1.456
0.006 -0.40400 6.00000 1.0592859983 2.4845316410    1.059  0.405  3.6835  3.744    0  0.000  0.538     0.00     0.00 -1 -3.86e-13      0.00 7.349e-01 2.591e-01 1.065e-03 2.907e-04 2.640e-03 -1.000 6.000e-03 3.758 2.342 1.807 1.727 1.689 1.724 1.706 1.670 1.257 1.397 1.527 1.693 1.727 1.731 1.446
0.006 -0.40400 6.00000 1.1000000238 2.4916803837    1.099  0.431  3.6864  3.746    0  0.000  0.538     0.00     0.00 -1 -3.76e-13      0.00 7.349e-01 2.591e-01 1.065e-03 2.907e-04 2.640e-03 -1.000 6.000e-03 3.693 2.287 1.761 1.683 1.646 1.680 1.662 1.627 1.215 1.355 1.486 1.649 1.683 1.688 1.404
0.006 -0.40400 6.00000 1.1121176481 2.4936919212    1.111  0.437  3.6873  3.747    0  0.000  0.538     0.00     0.00 -1 -3.71e-13      0.00 7.349e-01 2.591e-01 1.065e-03 2.907e-04 2.640e-03 -1.000 6.000e-03 3.676 2.273 1.750 1.672 1.635 1.669 1.652 1.617 1.204 1.344 1.476 1.638 1.672 1.678 1.393
0.006 -0.40400 6.00000 1.1499999762 2.4996678829    1.149  0.460  3.6898  3.750    0  0.000  0.538     0.00     0.00 -1 -3.59e-13      0.00 7.349e-01 2.591e-01 1.065e-03 2.907e-04 2.640e-03 -1.000 6.000e-03 3.620 2.225 1.710 1.633 1.597 1.630 1.613 1.579 1.167 1.308 1.440 1.600 1.633 1.640 1.356
0.006 -0.40400 6.00000 1.1658118963 2.5020306110    1.165  0.470  3.6908  3.750    0  0.000  0.538     0.00     0.00 -1 -3.53e-13      0.00 7.349e-01 2.591e-01 1.065e-03 2.907e-04 2.640e-03 -1.000 6.000e-03 3.596 2.204 1.692 1.616 1.580 1.613 1.596 1.562 1.150 1.291 1.423 1.583 1.616 1.623 1.339
0.006 -0.40400 6.00000 1.2000000477 2.5068950653    1.200  0.492  3.6930  3.749    0  0.000  0.538     0.00     0.00 -1 -3.44e-13      0.00 7.349e-01 2.591e-01 1.065e-03 2.907e-04 2.640e-03 -1.000 6.000e-03 3.540 2.156 1.650 1.575 1.540 1.572 1.556 1.523 1.111 1.251 1.384 1.543 1.575 1.584 1.300
0.006 -0.40400 6.00000 1.2500000000 2.5134611130    1.250  0.519  3.6960  3.752    0  0.000  0.538     0.00     0.00 -1 -3.22e-13      0.00 7.349e-01 2.591e-01 1.065e-03 2.907e-04 2.640e-03 -1.000 6.000e-03 3.472 2.099 1.602 1.529 1.494 1.525 1.510 1.477 1.065 1.206 1.338 1.497 1.529 1.538 1.254
0.006 -0.40400 6.00000 1.2969074249 2.5190949440    1.297  0.545  3.6987  3.752    0  0.000  0.538     0.00     0.00 -1 -3.01e-13      0.00 7.349e-01 2.591e-01 1.065e-03 2.907e-04 2.640e-03 -1.000 6.000e-03 3.407 2.043 1.555 1.482 1.448 1.479 1.464 1.432 1.020 1.161 1.293 1.451 1.482 1.493 1.209
0.006 -0.40400 6.00000 1.2999999523 2.5194499493    1.300  0.547  3.6988  3.752    0  0.000  0.538     0.00     0.00 -1 -2.99e-13      0.00 7.349e-01 2.591e-01 1.065e-03 2.907e-04 2.640e-03 -1.000 6.000e-03 3.402 2.039 1.552 1.479 1.445 1.476 1.461 1.429 1.017 1.158 1.290 1.448 1.479 1.490 1.206
0.006 -0.40400 6.00000 1.3334167004 2.5231657028    1.334  0.563  3.7007  3.754    0  0.000  0.538     0.00     0.00 -1 -2.79e-13      0.00 7.349e-01 2.591e-01 1.065e-03 2.907e-04 2.640e-03 -1.000 6.000e-03 3.362 2.005 1.523 1.452 1.418 1.448 1.433 1.402 0.990 1.131 1.264 1.421 1.451 1.463 1.179
0.006 -0.40400 6.00000 1.3500001431 2.5249314308    1.350  0.572  3.7016  3.754    0  0.000  0.538     0.00     0.00 -1 -2.71e-13      0.00 7.349e-01 2.591e-01 1.065e-03 2.907e-04 2.640e-03 -1.000 6.000e-03 3.339 1.986 1.506 1.435 1.401 1.432 1.417 1.386 0.974 1.115 1.248 1.404 1.435 1.447 1.163
0.006 -0.40400 6.00000 1.4000000954 2.5299651623    1.400  0.599  3.7041  3.754    0  0.000  0.538     0.00     0.00 -1 -2.43e-13      0.00 7.349e-01 2.591e-01 1.065e-03 2.907e-04 2.640e-03 -1.000 6.000e-03 3.272 1.928 1.457 1.387 1.353 1.383 1.369 1.338 0.927 1.068 1.200 1.356 1.386 1.399 1.115
0.006 -0.40400 6.00000 1.4177167416 2.5316510201    1.418  0.608  3.7050  3.754    0  0.000  0.538     0.00     0.00 -1 -2.31e-13      0.00 7.349e-01 2.591e-01 1.065e-03 2.907e-04 2.640e-03 -1.000 6.000e-03 3.250 1.910 1.440 1.371 1.338 1.367 1.353 1.323 0.911 1.052 1.185 1.340 1.370 1.384 1.100
0.006 -0.40400 6.00000 1.4500000477 2.5346016884    1.450  0.624  3.7066  3.754    0  0.000  0.538     0.00     0.00 -1 -2.11e-13      0.00 7.349e-01 2.591e-01 1.065e-03 2.907e-04 2.640e-03 -1.000 6.000e-03 3.210 1.876 1.411 1.342 1.309 1.338 1.324 1.295 0.883 1.024 1.157 1.312 1.341 1.356 1.072
0.006 -0.40400 6.00000 1.5000000000 2.5388846397    1.500  0.650  3.7089  3.752    0  0.000  0.538     0.00     0.00 -1 -1.77e-13      0.00 7.349e-01 2.591e-01 1.065e-03 2.907e-04 2.640e-03 -1.000 6.000e-03 3.145 1.819 1.361 1.293 1.261 1.290 1.276 1.247 0.836 0.977 1.110 1.264 1.293 1.308 1.024
0.006 -0.40400 6.00000 1.5499999523 2.5428512096    1.550  0.672  3.7112  3.753    0  0.000  0.538     0.00     0.00 -1 -1.37e-13      0.00 7.349e-01 2.591e-01 1.065e-03 2.907e-04 2.640e-03 -1.000 6.000e-03 3.089 1.771 1.320 1.253 1.221 1.249 1.236 1.208 0.796 0.938 1.071 1.224 1.252 1.269 0.985
0.006 -0.40400 6.00000 1.5632529259 2.5438537598    1.563  0.678  3.7118  3.753    0  0.000  0.538     0.00     0.00 -1 -1.24e-13      0.00 7.349e-01 2.591e-01 1.065e-03 2.907e-04 2.640e-03 -1.000 6.000e-03 3.074 1.759 1.310 1.243 1.211 1.239 1.226 1.198 0.786 0.928 1.061 1.214 1.242 1.259 0.975
0.006 -0.40400 6.00000 1.6000000238 2.5465342999    1.600  0.697  3.7134  3.750    0  0.000  0.538     0.00     0.00 -1 -9.54e-14      0.00 7.349e-01 2.591e-01 1.065e-03 2.907e-04 2.640e-03 -1.000 6.000e-03 3.027 1.717 1.273 1.207 1.175 1.203 1.190 1.162 0.751 0.892 1.025 1.178 1.206 1.223 0.940
0.006 -0.40400 6.00000 1.6499999762 2.5499615669    1.649  0.722  3.7155  3.748    0  0.000  0.538     0.00     0.00 -1 -4.98e-14      0.00 7.349e-01 2.591e-01 1.065e-03 2.907e-04 2.640e-03 -1.000 6.000e-03 2.966 1.665 1.226 1.161 1.130 1.157 1.144 1.117 0.706 0.848 0.981 1.133 1.160 1.178 0.895
0.006 -0.40400 6.00000 1.6957950592 2.5528976917    1.695  0.740  3.7174  3.749    0  0.000  0.538     0.00     0.00 -1 -2.41e-29      0.00 7.349e-01 2.591e-01 1.065e-03 2.907e-04 2.640e-03 -1.000 6.000e-03 2.920 1.626 1.193 1.128 1.098 1.125 1.112 1.085 0.674 0.816 0.949 1.101 1.127 1.146 0.863
0.006 -0.40400 6.00000 1.7000000477 2.5531582832    1.699  0.742  3.7176  3.749    0  0.000  0.538     0.00     0.00 -1    -1e-30      0.00 7.349e-01 2.591e-01 1.065e-03 2.907e-04 2.640e-03 -1.000 6.000e-03 2.916 1.622 1.190 1.125 1.095 1.122 1.109 1.082 0.671 0.813 0.946 1.098 1.124 1.144 0.860
0.006 -0.40400 6.00000 1.7500000000 2.5561456680    1.749  0.769  3.7196  3.743    0  0.000  0.538     0.00     0.00 -1    -1e-30      0.00 7.349e-01 2.591e-01 1.065e-03 2.907e-04 2.640e-03 -1.000 6.000e-03 2.848 1.563 1.135 1.072 1.042 1.069 1.056 1.030 0.619 0.761 0.894 1.045 1.071 1.091 0.808
0.006 -0.40400 6.00000 1.7999999523 2.5589430332    1.799  0.790  3.7216  3.742    0  0.000  0.538     0.00     0.00 -1    -1e-30      0.00 7.349e-01 2.591e-01 1.065e-03 2.907e-04 2.640e-03 -1.000 6.000e-03 2.795 1.517 1.096 1.033 1.004 1.029 1.017 0.992 0.581 0.722 0.855 1.006 1.032 1.053 0.770
0.006 -0.40400 6.00000 1.8473684788 2.5614333153    1.846  0.811  3.7234  3.739    0  0.000  0.538     0.00     0.00 -1    -1e-30      0.00 7.349e-01 2.591e-01 1.065e-03 2.907e-04 2.640e-03 -1.000 6.000e-03 2.744 1.473 1.056 0.994 0.965 0.990 0.978 0.953 0.542 0.684 0.817 0.968 0.993 1.015 0.731
0.006 -0.40400 6.00000 1.8704086542 2.5625920296    1.869  0.820  3.7243  3.738    0  0.000  0.538     0.00     0.00 -1    -1e-30      0.00 7.349e-01 2.591e-01 1.065e-03 2.907e-04 2.640e-03 -1.000 6.000e-03 2.719 1.451 1.037 0.976 0.947 0.972 0.960 0.935 0.524 0.666 0.799 0.949 0.974 0.996 0.713
0.006 -0.40400 6.00000 1.8947368860 2.5637807846    1.894  0.832  3.7252  3.736    0  0.000  0.538     0.00     0.00 -1    -1e-30      0.00 7.349e-01 2.591e-01 1.065e-03 2.907e-04 2.640e-03 -1.000 6.000e-03 2.689 1.425 1.014 0.953 0.924 0.948 0.937 0.912 0.502 0.643 0.776 0.926 0.951 0.974 0.690
0.006 -0.40400 6.00000 1.9421052933 2.5659971237    1.941  0.854  3.7270  3.732    0  0.000  0.538     0.00     0.00 -1    -1e-30      0.00 7.349e-01 2.591e-01 1.065e-03 2.907e-04 2.640e-03 -1.000 6.000e-03 2.635 1.378 0.971 0.911 0.882 0.907 0.895 0.871 0.460 0.602 0.735 0.885 0.909 0.933 0.649
0.006 -0.40400 6.00000 1.9894737005 2.5680923462    1.989  0.878  3.7288  3.726    0  0.000  0.538     0.00     0.00 -1    -1e-30      0.00 7.349e-01 2.591e-01 1.065e-03 2.907e-04 2.640e-03 -1.000 6.000e-03 2.575 1.325 0.924 0.864 0.836 0.859 0.848 0.825 0.414 0.556 0.689 0.838 0.862 0.886 0.603
0.006 -0.40400 6.00000 2.0287094116 2.5697431564    2.028  0.895  3.7302  3.723    0  0.000  0.538     0.00     0.00 -1    -1e-30      0.00 7.349e-01 2.591e-01 1.065e-03 2.907e-04 2.640e-03 -1.000 6.000e-03 2.534 1.289 0.892 0.832 0.805 0.828 0.817 0.794 0.383 0.525 0.658 0.807 0.830 0.855 0.572
0.006 -0.40400 6.00000 2.0368421078 2.5700762272    2.036  0.898  3.7305  3.723    0  0.000  0.538     0.00     0.00 -1    -1e-30      0.00 7.349e-01 2.591e-01 1.065e-03 2.907e-04 2.640e-03 -1.000 6.000e-03 2.525 1.282 0.885 0.826 0.798 0.821 0.810 0.787 0.377 0.518 0.652 0.800 0.824 0.849 0.566
0.006 -0.40400 6.00000 2.0602807999 2.5710189342    2.060  0.907  3.7313  3.722    0  0.000  0.538     0.00     0.00 -1    -1e-30      0.00 7.349e-01 2.591e-01 1.065e-03 2.907e-04 2.640e-03 -1.000 6.000e-03 2.502 1.263 0.868 0.809 0.782 0.805 0.794 0.771 0.360 0.502 0.635 0.784 0.807 0.832 0.549
0.006 -0.40400 6.00000 2.0842103958 2.5719563961    2.083  0.919  3.7323  3.718    0  0.000  0.538     0.00     0.00 -1    -1e-30      0.00 7.349e-01 2.591e-01 1.065e-03 2.907e-04 2.640e-03 -1.000 6.000e-03 2.472 1.236 0.844 0.785 0.758 0.781 0.770 0.747 0.337 0.478 0.612 0.760 0.783 0.809 0.526
0.006 -0.40400 6.00000 2.1315791607 2.5737409592    2.130  0.944  3.7341  3.710    0  0.000  0.538     0.00     0.00 -1    -1e-30      0.00 7.349e-01 2.591e-01 1.065e-03 2.907e-04 2.640e-03 -1.000 6.000e-03 2.409 1.181 0.793 0.735 0.709 0.731 0.720 0.698 0.288 0.429 0.563 0.711 0.733 0.760 0.476
0.006 -0.40400 6.00000 2.1789474487 2.5754365921    2.178  0.968  3.7358  3.703    0  0.000  0.538     0.00     0.00 -1    -1e-30      0.00 7.349e-01 2.591e-01 1.065e-03 2.907e-04 2.640e-03 -1.000 6.000e-03 2.349 1.128 0.745 0.688 0.662 0.683 0.673 0.651 0.241 0.383 0.516 0.664 0.685 0.713 0.430
0.006 -0.40400 6.00000 2.2263157368 2.5770497322    2.225  0.991  3.7376  3.697    0  0.000  0.538     0.00     0.00 -1    -1e-30      0.00 7.349e-01 2.591e-01 1.065e-03 2.907e-04 2.640e-03 -1.000 6.000e-03 2.293 1.079 0.701 0.644 0.618 0.639 0.629 0.608 0.197 0.339 0.472 0.620 0.641 0.670 0.386
0.006 -0.40400 6.00000 2.2736840248 2.5785856247    2.272  1.013  3.7393  3.691    0  0.000  0.538     0.00     0.00 -1    -1e-30      0.00 7.349e-01 2.591e-01 1.065e-03 2.907e-04 2.640e-03 -1.000 6.000e-03 2.238 1.031 0.657 0.602 0.576 0.596 0.586 0.566 0.155 0.297 0.431 0.578 0.598 0.628 0.344
0.006 -0.40400 6.00000 2.3210525513 2.5800495148    2.320  1.035  3.7410  3.685    0  0.000  0.538     0.00     0.00 -1    -1e-30      0.00 7.349e-01 2.591e-01 1.065e-03 2.907e-04 2.640e-03 -1.000 6.000e-03 2.184 0.984 0.615 0.560 0.535 0.555 0.545 0.525 0.113 0.257 0.389 0.537 0.556 0.582 0.302
0.006 -0.40400 6.00000 2.3684210777 2.5814464092    2.367  1.058  3.7428  3.678    0  0.000  0.538     0.00     0.00 -1    -1e-30      0.00 7.349e-01 2.591e-01 1.065e-03 2.907e-04 2.640e-03 -1.000 6.000e-03 2.125 0.934 0.569 0.514 0.490 0.509 0.499 0.480 0.066 0.214 0.345 0.492 0.511 0.526 0.255
0.006 -0.40400 6.00000 2.3974490166 2.5822710991    2.396  1.071  3.7440  3.675    0  0.000  0.538     0.00     0.00 -1    -1e-30      0.00 7.349e-01 2.591e-01 1.065e-03 2.907e-04 2.640e-03 -1.000 6.000e-03 2.093 0.907 0.545 0.491 0.467 0.485 0.476 0.457 0.042 0.192 0.322 0.469 0.487 0.495 0.230
0.006 -0.40400 6.00000 2.5147743225 2.5853827000    2.513  1.150  3.7499  3.640    0  0.000  0.538     0.00     0.00 -1    -1e-30      0.00 7.350e-01 2.590e-01 1.065e-03 2.907e-04 2.641e-03 -1.000 6.000e-03 1.896 0.734 0.387 0.336 0.313 0.330 0.320 0.304 -0.119 0.046 0.169 0.315 0.331 0.303 0.069
0.006 -0.40400 6.00000 2.5578947067 2.5864439011    2.556  1.184  3.7523  3.623    0  0.000  0.538     0.00     0.00 -1    -1e-30      0.00 7.350e-01 2.590e-01 1.065e-03 2.907e-04 2.641e-03 -1.000 6.000e-03 1.810 0.659 0.317 0.268 0.246 0.261 0.252 0.236 -0.190 -0.019 0.101 0.248 0.263 0.220 -0.002
0.006 -0.40400 6.00000 2.6635735035 2.5888788700    2.662  1.273  3.7583  3.575    0  0.000  0.538     0.00     0.00 -1    -1e-30      0.00 7.350e-01 2.590e-01 1.065e-03 2.907e-04 2.641e-03 -1.000 6.000e-03 1.586 0.462 0.135 0.088 0.068 0.080 0.071 0.058 -0.376 -0.191 -0.077 0.069 0.081 0.003 -0.189
0.006 -0.40400 6.00000 2.7473683357 2.5906572342    2.746  1.371  3.7645  3.516    0  0.000  0.538     0.00     0.00 -1    -1e-30      0.00 7.350e-01 2.590e-01 1.065e-03 2.907e-04 2.641e-03 -1.000 6.000e-03 1.344 0.247 -0.066 -0.110 -0.129 -0.120 -0.127 -0.139 -0.581 -0.380 -0.274 -0.127 -0.118 -0.234 -0.394
0.006 -0.40400 6.00000 2.7896897793 2.5915088654    2.789  1.427  3.7680  3.480    0  0.000  0.538     0.00     0.00 -1    -1e-30      0.00 7.350e-01 2.590e-01 1.065e-03 2.907e-04 2.641e-03 -1.000 6.000e-03 1.203 0.122 -0.183 -0.226 -0.243 -0.236 -0.243 -0.253 -0.700 -0.491 -0.388 -0.242 -0.235 -0.372 -0.514
0.006 -0.40400 6.00000 2.8401808739 2.5924868584    2.839  1.496  3.7728  3.438    0  0.000  0.538     0.00     0.00 -1    -1e-30      0.00 7.350e-01 2.590e-01 1.065e-03 2.907e-04 2.641e-03 -1.000 6.000e-03 1.030 -0.029 -0.321 -0.363 -0.380 -0.374 -0.380 -0.390 -0.843 -0.622 -0.524 -0.378 -0.373 -0.539 -0.657
0.006 -0.40400 6.00000 2.8925240040 2.5934593678    2.891  1.565  3.7781  3.399    0  0.000  0.538     0.00     0.00 -1    -1e-30      0.00 7.350e-01 2.590e-01 1.065e-03 2.907e-04 2.641e-03 -1.000 6.000e-03 0.859 -0.174 -0.452 -0.492 -0.508 -0.505 -0.511 -0.519 -0.979 -0.745 -0.651 -0.507 -0.504 -0.703 -0.793
0.006 -0.40400 6.00000 2.9368422031 2.5942516327    2.936  1.620  3.7831  3.370    0  0.000  0.538     0.00     0.00 -1    -1e-30      0.00 7.350e-01 2.590e-01 1.065e-03 2.907e-04 2.641e-03 -1.000 6.000e-03 0.720 -0.288 -0.553 -0.592 -0.608 -0.606 -0.612 -0.619 -1.086 -0.839 -0.749 -0.606 -0.606 -0.837 -0.901
0.006 -0.40400 6.00000 2.9394912720 2.5942981243    2.938  1.623  3.7835  3.369    0  0.000  0.538     0.00     0.00 -1    -1e-30      0.00 7.350e-01 2.590e-01 1.065e-03 2.907e-04 2.641e-03 -1.000 6.000e-03 0.712 -0.295 -0.559 -0.598 -0.614 -0.612 -0.618 -0.625 -1.092 -0.845 -0.755 -0.612 -0.612 -0.845 -0.907
0.006 -0.40400 6.00000 2.9951794147 2.5952534676    2.994  1.692  3.7914  3.339    0  0.000  0.538     0.00     0.00 -1    -1e-30      0.00 7.350e-01 2.590e-01 1.065e-03 2.907e-04 2.641e-03 -1.000 6.000e-03 0.539 -0.428 -0.674 -0.710 -0.726 -0.727 -0.731 -0.738 -1.215 -0.948 -0.865 -0.724 -0.726 -1.009 -1.031
0.006 -0.40400 6.00000 3.0493347645 2.5961441994    3.048  1.760  3.8021  3.323    0  0.000  0.538     0.00     0.00 -1    -1e-30      0.00 7.350e-01 2.590e-01 1.065e-03 2.907e-04 2.641e-03 -1.000 6.000e-03 0.371 -0.544 -0.767 -0.799 -0.814 -0.817 -0.820 -0.825 -1.315 -1.021 -0.952 -0.812 -0.817 -1.166 -1.132
0.006 -0.40400 6.00000 3.0885322094 2.5967667103    3.087  1.809  3.8132  3.323    0  0.000  0.538     0.00     0.00 -1    -1e-30      0.00 7.350e-01 2.590e-01 1.065e-03 2.907e-04 2.641e-03 -1.000 6.000e-03 0.248 -0.612 -0.812 -0.841 -0.854 -0.859 -0.861 -0.865 -1.368 -1.047 -0.993 -0.853 -0.858 -1.276 -1.186
0.006 -0.40400 6.00000 3.1232762337 2.5973033905    3.121  1.853  3.8261  3.335    0  0.000  0.538     0.00     0.00 -1    -1e-30      0.00 7.350e-01 2.590e-01 1.065e-03 2.907e-04 2.641e-03 -1.000 6.000e-03 0.136 -0.657 -0.829 -0.857 -0.868 -0.873 -0.875 -0.878 -1.380 -1.057 -1.003 -0.867 -0.873 -1.289 -1.198
0.006 -0.40400 6.00000 3.1263158321 2.5973496437    3.125  1.857  3.8274  3.337    0  0.000  0.538     0.00     0.00 -1    -1e-30      0.00 7.350e-01 2.590e-01 1.065e-03 2.907e-04 2.641e-03 -1.000 6.000e-03 0.127 -0.661 -0.830 -0.857 -0.868 -0.873 -0.875 -0.879 -1.380 -1.057 -1.003 -0.867 -0.873 -1.289 -1.198
0.006 -0.40400 6.00000 3.1338474751 2.5974638462    3.132  1.867  3.8306  3.341    0  0.000  0.538     0.00     0.00 -1    -1e-30      0.00 7.350e-01 2.590e-01 1.065e-03 2.907e-04 2.641e-03 -1.000 6.000e-03 0.102 -0.669 -0.831 -0.858 -0.869 -0.874 -0.876 -0.879 -1.380 -1.057 -1.002 -0.868 -0.874 -1.290 -1.198
0.006 -0.40400 6.00000 3.1568434238 2.5978088379    3.155  1.897  3.8410  3.355    0  0.000  0.538     0.00     0.00 -1    -1e-30      0.00 7.350e-01 2.590e-01 1.065e-03 2.907e-04 2.641e-03 -1.000 6.000e-03 0.026 -0.690 -0.830 -0.856 -0.866 -0.871 -0.873 -0.876 -1.376 -1.051 -0.996 -0.865 -0.871 -1.286 -1.194
0.006 -0.40400 6.00000 3.1786773205 2.5981311798    3.177  1.926  3.8513  3.371    0  0.000  0.538     0.00     0.00 -1    -1e-30      0.00 7.350e-01 2.590e-01 1.065e-03 2.907e-04 2.641e-03 -1.000 6.000e-03 -0.046 -0.707 -0.826 -0.851 -0.860 -0.865 -0.867 -0.869 -1.369 -1.043 -0.987 -0.859 -0.865 -1.280 -1.187
0.006 -0.40400 6.00000 3.1998102665 2.5984382629    3.198  1.955  3.8616  3.387    0  0.000  0.538     0.00     0.00 -1    -1e-30      0.00 7.350e-01 2.590e-01 1.065e-03 2.907e-04 2.641e-03 -1.000 6.000e-03 -0.117 -0.721 -0.820 -0.844 -0.852 -0.858 -0.859 -0.862 -1.360 -1.033 -0.976 -0.852 -0.858 -1.272 -1.178
0.006 -0.40400 6.00000 3.2203624249 2.5987324715    3.218  1.982  3.8719  3.403    0  0.000  0.538     0.00     0.00 -1    -1e-30      0.00 7.350e-01 2.590e-01 1.065e-03 2.907e-04 2.641e-03 -1.000 6.000e-03 -0.186 -0.732 -0.812 -0.835 -0.843 -0.848 -0.850 -0.852 -1.349 -1.021 -0.963 -0.843 -0.848 -1.262 -1.167
0.006 -0.40400 6.00000 3.2404062748 2.5990154743    3.238  2.009  3.8821  3.419    0  0.000  0.538     0.00     0.00 -1    -1e-30      0.00 7.350e-01 2.590e-01 1.065e-03 2.907e-04 2.641e-03 -1.000 6.000e-03 -0.254 -0.741 -0.803 -0.825 -0.833 -0.837 -0.839 -0.841 -1.337 -1.007 -0.950 -0.832 -0.837 -1.251 -1.155
0.006 -0.40400 6.00000 3.2599940300 2.5992879868    3.257  2.036  3.8924  3.436    0  0.000  0.538     0.00     0.00 -1    -1e-30      0.00 7.350e-01 2.590e-01 1.065e-03 2.907e-04 2.641e-03 -1.000 6.000e-03 -0.320 -0.746 -0.792 -0.813 -0.821 -0.825 -0.827 -0.829 -1.324 -0.993 -0.934 -0.821 -0.825 -1.238 -1.141
0.006 -0.40400 6.00000 3.2791662216 2.5995509624    3.276  2.062  3.9026  3.454    0  0.000  0.538     0.00     0.00 -1    -1e-30      0.00 7.350e-01 2.590e-01 1.065e-03 2.907e-04 2.641e-03 -1.000 6.000e-03 -0.385 -0.749 -0.780 -0.801 -0.808 -0.812 -0.814 -0.815 -1.309 -0.977 -0.918 -0.808 -0.812 -1.225 -1.127
0.006 -0.40400 6.00000 3.2979545593 2.5998055935    3.295  2.087  3.9128  3.472    0  0.000  0.538     0.00     0.00 -1    -1e-30      0.00 7.350e-01 2.590e-01 1.065e-03 2.907e-04 2.641e-03 -1.000 6.000e-03 -0.449 -0.749 -0.768 -0.787 -0.794 -0.798 -0.799 -0.801 -1.294 -0.961 -0.901 -0.794 -0.798 -1.210 -1.112
0.006 -0.40400 6.00000 3.3157896996 2.6000440121    3.313  2.112  3.9226  3.489    0  0.000  0.538     0.00     0.00 -1    -1e-30      0.00 7.350e-01 2.590e-01 1.065e-03 2.907e-04 2.641e-03 -1.000 6.000e-03 -0.509 -0.748 -0.755 -0.773 -0.779 -0.784 -0.785 -0.786 -1.278 -0.944 -0.884 -0.779 -0.784 -1.196 -1.096
0.006 -0.40400 6.00000 3.3232560158 2.6001429558    3.321  2.122  3.9268  3.497    0  0.000  0.538     0.00     0.00 -1    -1e-30      0.00 7.350e-01 2.590e-01 1.065e-03 2.907e-04 2.641e-03 -1.000 6.000e-03 -0.534 -0.747 -0.750 -0.767 -0.773 -0.777 -0.778 -0.779 -1.271 -0.937 -0.877 -0.773 -0.777 -1.189 -1.089
0.006 -0.40400 6.00000 3.3461740017 2.6004436016    3.343  2.153  3.9400  3.521    0  0.000  0.538     0.00     0.00 -1    -1e-30      0.00 7.350e-01 2.590e-01 1.065e-03 2.907e-04 2.641e-03 -1.000 6.000e-03 -0.612 -0.740 -0.731 -0.746 -0.750 -0.754 -0.755 -0.755 -1.247 -0.912 -0.851 -0.750 -0.754 -1.165 -1.065
0.006 -0.40400 6.00000 3.3686265945 2.6007335186    3.366  2.183  3.9531  3.546    0  0.000  0.538     0.00     0.00 -1    -1e-30      0.00 7.350e-01 2.590e-01 1.065e-03 2.907e-04 2.641e-03 -1.000 6.000e-03 -0.687 -0.728 -0.711 -0.722 -0.724 -0.727 -0.728 -0.728 -1.219 -0.882 -0.822 -0.725 -0.727 -1.137 -1.037
0.006 -0.40400 6.00000 3.3906669617 2.6010136604    3.388  2.212  3.9661  3.572    0  0.000  0.538     0.00     0.00 -1    -1e-30      0.00 7.350e-01 2.590e-01 1.065e-03 2.907e-04 2.641e-03 -1.000 6.000e-03 -0.760 -0.714 -0.688 -0.697 -0.696 -0.698 -0.698 -0.698 -1.187 -0.850 -0.790 -0.697 -0.698 -1.107 -1.005
0.006 -0.40400 6.00000 3.4123454094 2.6012854576    3.409  2.240  3.9791  3.599    0  0.000  0.538     0.00     0.00 -1    -1e-30      0.00 7.350e-01 2.590e-01 1.065e-03 2.907e-04 2.641e-03 -1.000 6.000e-03 -0.831 -0.696 -0.665 -0.669 -0.666 -0.667 -0.666 -0.665 -1.153 -0.816 -0.756 -0.667 -0.667 -1.074 -0.971
0.006 -0.40400 6.00000 3.4337038994 2.6015491486    3.430  2.267  3.9921  3.626    0  0.000  0.538     0.00     0.00 -1    -1e-30      0.00 7.350e-01 2.590e-01 1.065e-03 2.907e-04 2.641e-03 -1.000 6.000e-03 -0.899 -0.676 -0.639 -0.640 -0.634 -0.635 -0.633 -0.631 -1.118 -0.780 -0.720 -0.635 -0.634 -1.039 -0.936
0.006 -0.40400 6.00000 3.4547903538 2.6018059254    3.451  2.294  4.0050  3.654    0  0.000  0.538     0.00     0.00 -1    -1e-30      0.00 7.350e-01 2.590e-01 1.065e-03 2.907e-04 2.641e-03 -1.000 6.000e-03 -0.964 -0.654 -0.612 -0.610 -0.601 -0.600 -0.598 -0.595 -1.081 -0.743 -0.682 -0.602 -0.600 -1.003 -0.899
0.006 -0.40400 6.00000 3.4756498337 2.6020565033    3.472  2.319  4.0178  3.683    0  0.000  0.538     0.00     0.00 -1    -1e-30      0.00 7.350e-01 2.590e-01 1.065e-03 2.907e-04 2.641e-03 -1.000 6.000e-03 -1.028 -0.630 -0.584 -0.578 -0.566 -0.564 -0.561 -0.558 -1.042 -0.704 -0.643 -0.567 -0.564 -0.965 -0.860
0.006 -0.40400 6.00000 3.4963376522 2.6023013592    3.493  2.343  4.0306  3.712    0  0.000  0.538     0.00     0.00 -1    -1e-30      0.00 7.350e-01 2.590e-01 1.065e-03 2.907e-04 2.641e-03 -1.000 6.000e-03 -1.089 -0.603 -0.553 -0.544 -0.529 -0.527 -0.523 -0.519 -1.002 -0.663 -0.601 -0.531 -0.526 -0.926 -0.820
0.006 -0.40400 6.00000 3.5052633286 2.6024062634    3.502  2.354  4.0362  3.725    0  0.000  0.538     0.00     0.00 -1    -1e-30      0.00 7.350e-01 2.590e-01 1.065e-03 2.907e-04 2.641e-03 -1.000 6.000e-03 -1.114 -0.591 -0.539 -0.529 -0.513 -0.510 -0.506 -0.502 -0.985 -0.645 -0.583 -0.515 -0.510 -0.909 -0.803
0.006 -0.40400 6.00000 3.5169322491 2.6025421619    3.514  2.367  4.0435  3.743    0  0.000  0.538     0.00     0.00 -1    -1e-30      0.00 7.350e-01 2.590e-01 1.065e-03 2.907e-04 2.641e-03 -1.000 6.000e-03 -1.148 -0.574 -0.520 -0.508 -0.491 -0.488 -0.483 -0.479 -0.961 -0.621 -0.558 -0.493 -0.487 -0.885 -0.779
0.006 -0.40400 6.00000 3.5371496677 2.6027750969    3.534  2.389  4.0561  3.773    0  0.000  0.538     0.00     0.00 -1    -1e-30      0.00 7.350e-01 2.590e-01 1.065e-03 2.907e-04 2.641e-03 -1.000 6.000e-03 -1.204 -0.543 -0.486 -0.471 -0.451 -0.447 -0.442 -0.437 -0.918 -0.576 -0.513 -0.453 -0.446 -0.843 -0.736
0.006 -0.40400 6.00000 3.5573809147 2.6030054092    3.554  2.411  4.0687  3.805    0  0.000  0.538     0.00     0.00 -1    -1e-30      0.00 7.350e-01 2.590e-01 1.065e-03 2.907e-04 2.641e-03 -1.000 6.000e-03 -1.258 -0.510 -0.449 -0.432 -0.409 -0.405 -0.399 -0.394 -0.873 -0.530 -0.466 -0.412 -0.404 -0.799 -0.691
0.006 -0.40400 6.00000 3.5776839256 2.6032333374    3.574  2.432  4.0813  3.837    0  0.000  0.538     0.00     0.00 -1    -1e-30      0.00 7.350e-01 2.590e-01 1.065e-03 2.907e-04 2.641e-03 -1.000 6.000e-03 -1.309 -0.474 -0.410 -0.391 -0.366 -0.361 -0.354 -0.348 -0.825 -0.481 -0.416 -0.369 -0.360 -0.753 -0.643
0.006 -0.40400 6.00000 3.5981216431 2.6034598351    3.595  2.452  4.0939  3.869    0  0.000  0.538     0.00     0.00 -1    -1e-30      0.00 7.350e-01 2.590e-01 1.065e-03 2.907e-04 2.641e-03 -1.000 6.000e-03 -1.359 -0.436 -0.369 -0.347 -0.320 -0.314 -0.308 -0.300 -0.776 -0.431 -0.365 -0.323 -0.313 -0.705 -0.594
0.006 -0.40400 6.00000 3.6187644005 2.6036858559    3.615  2.471  4.1064  3.903    0  0.000  0.538     0.00     0.00 -1    -1e-30      0.00 7.350e-01 2.590e-01 1.065e-03 2.907e-04 2.641e-03 -1.000 6.000e-03 -1.407 -0.396 -0.326 -0.302 -0.273 -0.266 -0.259 -0.251 -0.725 -0.378 -0.311 -0.276 -0.265 -0.655 -0.543
0.006 -0.40400 6.00000 3.6397337914 2.6039121151    3.636  2.489  4.1189  3.937    0  0.000  0.538     0.00     0.00 -1    -1e-30      0.00 7.350e-01 2.590e-01 1.065e-03 2.907e-04 2.641e-03 -1.000 6.000e-03 -1.453 -0.353 -0.280 -0.254 -0.222 -0.215 -0.207 -0.198 -0.671 -0.323 -0.256 -0.225 -0.214 -0.602 -0.489
0.006 -0.40400 6.00000 3.6611788273 2.6041405201    3.657  2.506  4.1313  3.972    0  0.000  0.538     0.00     0.00 -1    -1e-30      0.00 7.350e-01 2.590e-01 1.065e-03 2.907e-04 2.641e-03 -1.000 6.000e-03 -1.495 -0.307 -0.231 -0.203 -0.169 -0.161 -0.153 -0.144 -0.615 -0.265 -0.198 -0.173 -0.160 -0.547 -0.433
0.006 -0.40400 6.00000 3.6833758354 2.6043736935    3.680  2.522  4.1437  4.008    0  0.000  0.538     0.00     0.00 -1    -1e-30      0.00 7.350e-01 2.590e-01 1.065e-03 2.907e-04 2.641e-03 -1.000 6.000e-03 -1.535 -0.259 -0.180 -0.150 -0.114 -0.105 -0.096 -0.086 -0.556 -0.205 -0.138 -0.117 -0.103 -0.489 -0.374
0.006 -0.40400 6.00000 3.6947369576 2.6044919491    3.691  2.530  4.1499  4.027    0  0.000  0.538     0.00     0.00 -1    -1e-30      0.00 7.350e-01 2.590e-01 1.065e-03 2.907e-04 2.641e-03 -1.000 6.000e-03 -1.554 -0.233 -0.153 -0.122 -0.085 -0.076 -0.066 -0.056 -0.525 -0.174 -0.107 -0.088 -0.074 -0.458 -0.343
0.006 -0.40400 6.00000 3.6949989796 2.6044945717    3.692  2.530  4.1500  4.027    0  0.000  0.538     0.00     0.00 -1    -1e-30      0.00 7.350e-01 2.590e-01 1.065e-03 2.907e-04 2.641e-03 -1.000 6.000e-03 -1.554 -0.233 -0.152 -0.121 -0.084 -0.075 -0.065 -0.055 -0.524 -0.173 -0.106 -0.088 -0.074 -0.458 -0.342
0.006 -0.40400 6.00000 3.7196657658 2.6047482491    3.716  2.543  4.1627  4.068    0  0.000  0.538     0.00     0.00 -1    -1e-30      0.00 7.350e-01 2.590e-01 1.065e-03 2.907e-04 2.641e-03 -1.000 6.000e-03 -1.589 -0.175 -0.092 -0.059 -0.020 -0.009 0.001 0.012 -0.456 -0.105 -0.039 -0.023 -0.008 -0.391 -0.274
0.006 -0.40400 6.00000 3.7331602573 2.6048853397    3.730  2.547  4.1686  4.089    0  0.000  0.538     0.00     0.00 -1    -1e-30      0.00 7.350e-01 2.590e-01 1.065e-03 2.907e-04 2.641e-03 -1.000 6.000e-03 -1.598 -0.143 -0.058 -0.024 0.016 0.026 0.037 0.048 -0.419 -0.067 -0.003 0.012 0.028 -0.354 -0.237
0.006 -0.40400 6.00000 3.7708294392 2.6052620411    3.768  2.547  4.1811  4.144    0  0.000  0.538     0.00     0.00 -1    -1e-30      0.00 7.350e-01 2.590e-01 1.065e-03 2.907e-04 2.641e-03 -1.000 6.000e-03 -1.596 -0.051 0.036 0.073 0.115 0.126 0.137 0.149 -0.316 0.035 0.098 0.111 0.128 -0.252 -0.134
0.006 -0.40400 6.00000 3.8098886013 2.6056435108    3.807  2.533  4.1890  4.194    0  0.000  0.538     0.00     0.00 -1    -1e-30      0.00 7.350e-01 2.590e-01 1.065e-03 2.907e-04 2.641e-03 -1.000 6.000e-03 -1.562 0.042 0.131 0.168 0.212 0.223 0.235 0.247 -0.218 0.133 0.194 0.207 0.225 -0.154 -0.036
0.006 -0.40400 6.00000 3.8508298397 2.6060340405    3.848  2.522  4.1966  4.240    0  0.000  0.538     0.00     0.00 -1    -1e-30      0.00 7.350e-01 2.590e-01 1.065e-03 2.907e-04 2.641e-03 -1.000 6.000e-03 -1.534 0.125 0.215 0.254 0.299 0.311 0.323 0.336 -0.128 0.222 0.281 0.295 0.313 -0.065 0.054
0.006 -0.40400 6.00000 3.8842105865 2.6063454151    3.882  2.526  4.2051  4.273    0  0.000  0.538     0.00     0.00 -1    -1e-30      0.00 7.350e-01 2.590e-01 1.065e-03 2.907e-04 2.641e-03 -1.000 6.000e-03 -1.546 0.174 0.266 0.306 0.353 0.365 0.377 0.391 -0.072 0.277 0.335 0.348 0.367 -0.010 0.109
0.006 -0.40400 6.00000 3.9126510620 2.6066057682    3.910  2.531  4.2124  4.301    0  0.000  0.538     0.00     0.00 -1    -1e-30      0.00 7.350e-01 2.590e-01 1.065e-03 2.907e-04 2.641e-03 -1.000 6.000e-03 -1.556 0.217 0.310 0.352 0.399 0.412 0.425 0.438 -0.024 0.325 0.382 0.395 0.414 0.038 0.158
0.006 -0.40400 6.00000 3.9526903629 2.6069653034    3.951  2.551  4.2249  4.335    0  0.000  0.538     0.00     0.00 -1    -1e-30      0.00 7.350e-01 2.590e-01 1.065e-03 2.907e-04 2.641e-03 -1.000 6.000e-03 -1.607 0.257 0.353 0.396 0.446 0.459 0.472 0.487 0.025 0.373 0.429 0.441 0.461 0.087 0.207
0.006 -0.40400 6.00000 3.9934766293 2.6073226929    3.992  2.567  4.2354  4.366    0  0.000  0.538     0.00     0.00 -1    -1e-30      0.00 7.350e-01 2.590e-01 1.065e-03 2.907e-04 2.641e-03 -1.000 6.000e-03 -1.647 0.293 0.391 0.436 0.488 0.502 0.515 0.530 0.069 0.417 0.472 0.483 0.504 0.130 0.251
0.006 -0.40400 6.00000 4.0632534027 2.6079154015    4.062  2.570  4.2446  4.407    0  0.000  0.538     0.00     0.00 -1    -1e-30      0.00 7.350e-01 2.590e-01 1.065e-03 2.907e-04 2.641e-03 -1.000 6.000e-03 -1.655 0.352 0.452 0.499 0.552 0.567 0.580 0.596 0.136 0.484 0.537 0.547 0.568 0.196 0.318
0.006 -0.40400 6.00000 4.0736842155 2.6080019474    4.072  2.570  4.2457  4.413    0  0.000  0.538     0.00     0.00 -1    -1e-30      0.00 7.350e-01 2.590e-01 1.065e-03 2.907e-04 2.641e-03 -1.000 6.000e-03 -1.654 0.361 0.461 0.508 0.561 0.576 0.590 0.605 0.145 0.493 0.547 0.556 0.578 0.206 0.327
0.006 -0.40400 6.00000 4.0875439644 2.6081163883    4.086  2.569  4.2472  4.421    0  0.000  0.538     0.00     0.00 -1    -1e-30      0.00 7.350e-01 2.590e-01 1.065e-03 2.907e-04 2.641e-03 -1.000 6.000e-03 -1.652 0.373 0.474 0.520 0.574 0.589 0.603 0.618 0.158 0.506 0.560 0.569 0.591 0.219 0.340
0.006 -0.40400 6.00000 4.1618914604 2.6087143421    4.159  2.557  4.2489  4.447    0  0.000  0.538     0.00     0.00 -1    -1e-30      0.00 7.350e-01 2.590e-01 1.065e-03 2.907e-04 2.641e-03 -1.000 6.000e-03 -1.623 0.415 0.516 0.563 0.617 0.632 0.646 0.662 0.202 0.550 0.603 0.612 0.634 0.262 0.384
0.006 -0.40400 6.00000 4.2147355080 2.6091246605    4.212  2.553  4.2491  4.458    0  0.000  0.538     0.00     0.00 -1    -1e-30      0.00 7.350e-01 2.590e-01 1.065e-03 2.907e-04 2.641e-03 -1.000 6.000e-03 -1.613 0.427 0.528 0.575 0.629 0.644 0.658 0.674 0.214 0.562 0.616 0.624 0.646 0.275 0.396
0.006 -0.40400 6.00000 4.2631587982 2.6094903946    4.260  2.562  4.2504  4.459    0  0.000  0.538     0.00     0.00 -1    -1e-30      0.00 7.350e-01 2.590e-01 1.065e-03 2.907e-04 2.641e-03 -1.000 6.000e-03 -1.634 0.415 0.517 0.564 0.618 0.633 0.647 0.663 0.203 0.551 0.604 0.613 0.635 0.263 0.385
0.006 -0.40400 6.00000 4.3166742325 2.6098837852    4.313  2.572  4.2520  4.461    0  0.000  0.538     0.00     0.00 -1    -1e-30      0.00 7.350e-01 2.590e-01 1.065e-03 2.907e-04 2.641e-03 -1.000 6.000e-03 -1.660 0.401 0.502 0.550 0.604 0.620 0.634 0.650 0.190 0.538 0.591 0.599 0.621 0.250 0.372
0.006 -0.40400 6.00000 4.3695397377 2.6102614403    4.366  2.587  4.2543  4.460    0  0.000  0.538     0.00     0.00 -1    -1e-30      0.00 7.350e-01 2.590e-01 1.065e-03 2.907e-04 2.641e-03 -1.000 6.000e-03 -1.699 0.378 0.481 0.529 0.583 0.599 0.613 0.629 0.170 0.518 0.571 0.578 0.601 0.230 0.352
0.006 -0.40400 6.00000 4.4526314735 2.6108341217    4.449  2.616  4.2590  4.458    0  0.000  0.538     0.00     0.00 -1    -1e-30      0.00 7.350e-01 2.590e-01 1.065e-03 2.907e-04 2.641e-03 -1.000 6.000e-03 -1.770 0.341 0.444 0.493 0.548 0.564 0.578 0.594 0.136 0.484 0.537 0.543 0.566 0.195 0.318
0.006 -0.40400 6.00000 4.6421055794 2.6120524406    4.639  2.679  4.2694  4.455    0  0.000  0.538     0.00     0.00 -1    -1e-30      0.00 7.350e-01 2.590e-01 1.065e-03 2.907e-04 2.641e-03 -1.000 6.000e-03 -1.928 0.257 0.362 0.412 0.470 0.486 0.501 0.518 0.061 0.409 0.461 0.464 0.488 0.119 0.243
0.006 -0.40400 6.00000 4.8315792084 2.6131615639    4.829  2.739  4.2789  4.451    0  0.000  0.538     0.00     0.00 -1    -1e-30      0.00 7.350e-01 2.590e-01 1.065e-03 2.907e-04 2.641e-03 -1.000 6.000e-03 -2.077 0.176 0.283 0.335 0.394 0.411 0.426 0.444 -0.012 0.336 0.388 0.388 0.413 0.045 0.170
0.006 -0.40400 6.00000 5.0210523605 2.6141750813    5.020  2.796  4.2882  4.447    0  0.000  0.538     0.00     0.00 -1    -1e-30      0.00 7.350e-01 2.590e-01 1.065e-03 2.907e-04 2.641e-03 -1.000 6.000e-03 -2.221 0.097 0.206 0.260 0.321 0.338 0.354 0.372 -0.082 0.267 0.319 0.315 0.340 -0.026 0.100
0.006 -0.40400 6.00000 5.2105264664 2.6151041985    5.210  2.852  4.2969  4.443    0  0.000  0.538     0.00     0.00 -1    -1e-30      0.00 7.350e-01 2.590e-01 1.065e-03 2.907e-04 2.641e-03 -1.000 6.000e-03 -2.359 0.022 0.132 0.187 0.250 0.268 0.285 0.303 -0.149 0.200 0.252 0.244 0.270 -0.094 0.033
0.006 -0.40400 6.00000 5.4000000954 2.6159586906    5.401  2.904  4.3046  4.436    1  0.000  0.538     0.00     0.00 -1    -1e-30      0.00 7.350e-01 2.590e-01 1.065e-03 2.907e-04 2.641e-03 -1.000 6.000e-03 -2.491 -0.056 0.056 0.112 0.176 0.195 0.212 0.231 -0.220 0.130 0.182 0.170 0.197 -0.166 -0.038
0.006 -0.40400 6.00000 5.5999999046 2.6167888641    5.601  2.958  4.3139  4.436    0  0.000  0.538     0.00     0.00 -1    -1e-30      0.00 7.350e-01 2.590e-01 1.065e-03 2.907e-04 2.641e-03 -1.000 6.000e-03 -2.625 -0.125 -0.011 0.047 0.112 0.132 0.150 0.170 -0.279 0.070 0.123 0.106 0.134 -0.226 -0.097
0.006 -0.40400 6.00000 5.7207832336 2.6172580719    5.722  2.989  4.3188  4.433    0  0.000  0.538     0.00     0.00 -1    -1e-30      0.00 7.350e-01 2.590e-01 1.065e-03 2.907e-04 2.641e-03 -1.000 6.000e-03 -2.704 -0.169 -0.054 0.005 0.071 0.091 0.109 0.130 -0.318 0.031 0.084 0.065 0.094 -0.266 -0.136
0.006 -0.40400 6.00000 5.8000001907 2.6175537109    5.801  3.010  4.3220  4.432    0  0.000  0.538     0.00     0.00 -1    -1e-30      0.00 7.350e-01 2.590e-01 1.065e-03 2.907e-04 2.641e-03 -1.000 6.000e-03 -2.754 -0.198 -0.082 -0.023 0.045 0.065 0.083 0.104 -0.343 0.006 0.059 0.038 0.067 -0.292 -0.161
0.006 -0.40400 6.00000 6.0000000000 2.6182601452    6.000  3.060  4.3299  4.428    0  0.000  0.538     0.00     0.00 -1    -1e-30      0.00 7.350e-01 2.590e-01 1.065e-03 2.907e-04 2.641e-03 -1.000 6.000e-03 -2.880 -0.268 -0.151 -0.091 -0.022 -0.001 0.018 0.040 -0.405 -0.056 -0.003 -0.028 0.002 -0.355 -0.224
0.006 -0.40400 6.00000 6.1999998093 2.6189143658    6.200  3.108  4.3374  4.424    0  0.000  0.538     0.00     0.00 -1    -1e-30      0.00 7.350e-01 2.590e-01 1.065e-03 2.907e-04 2.641e-03 -1.000 6.000e-03 -2.999 -0.336 -0.218 -0.155 -0.085 -0.063 -0.043 -0.021 -0.465 -0.116 -0.062 -0.092 -0.061 -0.416 -0.283
0.006 -0.40400 6.00000 6.4000000954 2.6195218563    6.399  3.153  4.3444  4.420    0  0.000  0.538     0.00     0.00 -1    -1e-30      0.00 7.350e-01 2.590e-01 1.065e-03 2.907e-04 2.641e-03 -1.000 6.000e-03 -3.113 -0.402 -0.282 -0.218 -0.146 -0.124 -0.103 -0.080 -0.523 -0.174 -0.120 -0.153 -0.121 -0.475 -0.341
0.006 -0.40400 6.00000 7.0000000000 2.6211071014    6.996  3.282  4.3643  4.410    0  0.000  0.538     0.00     0.00 -1    -1e-30      0.00 7.350e-01 2.590e-01 1.065e-03 2.907e-04 2.641e-03 -1.000 6.000e-03 -3.434 -0.588 -0.464 -0.396 -0.319 -0.294 -0.272 -0.247 -0.688 -0.338 -0.281 -0.327 -0.292 -0.640 -0.506
0.006 -0.40400 6.00000 8.0000000000 2.6231517792    8.001  3.471  4.3927  4.393    0  0.000  0.538     0.00     0.00 -1    -1e-30      0.00 7.350e-01 2.590e-01 1.065e-03 2.907e-04 2.641e-03 -1.000 6.000e-03 -3.907 -0.872 -0.741 -0.668 -0.583 -0.556 -0.531 -0.504 -0.942 -0.591 -0.531 -0.592 -0.553 -0.895 -0.760
0.006 -0.40400 6.00000 9.0000000000 2.6246831417    8.995  3.633  4.4165  4.377    1  0.000  0.538     0.00     0.00 -1    -1e-30      0.00 7.350e-01 2.590e-01 1.065e-03 2.907e-04 2.641e-03 -1.000 6.000e-03 -4.314 -1.134 -1.022 -0.945 -0.876 -0.853 -1.240 -2.149 -1.734 -1.439 -2.883 -0.883 -0.858 -2.099 -1.936
0.006 -0.40400 6.00000 10.0000000000 2.6258678436    9.998  3.777  4.4372  4.362    1  0.000  0.538     0.00     0.00 -1    -1e-30      0.00 7.350e-01 2.590e-01 1.065e-03 2.907e-04 2.641e-03 -1.000 6.000e-03 -4.672 -1.374 -1.253 -1.165 -1.100 -1.088 -1.477 -2.385 -1.954 -1.657 -3.114 -1.103 -1.094 -2.332 -2.156
0.006 -0.40400 6.00000 10.9633579254 2.6267771721   10.965  3.900  4.4551  4.350    1  0.000  0.538     0.00     0.00 -1    -1e-30      0.00 7.350e-01 2.590e-01 1.065e-03 2.907e-04 2.641e-03 -1.000 6.000e-03 -4.981 -1.579 -1.449 -1.360 -1.304 -1.298 -1.688 -2.596 -2.162 -1.845 -3.315 -1.306 -1.305 -2.542 -2.363
0.006 -0.40400 6.00000 11.0000000000 2.6268081665   11.001  3.905  4.4558  4.350    1  0.000  0.538     0.00     0.00 -1    -1e-30      0.00 7.350e-01 2.590e-01 1.065e-03 2.907e-04 2.641e-03 -1.000 6.000e-03 -4.992 -1.585 -1.455 -1.367 -1.311 -1.305 -1.695 -2.602 -2.169 -1.851 -3.323 -1.313 -1.311 -2.549 -2.371
0.006 -0.40400 6.00000 12.0000000000 2.6275708675   12.001  4.019  4.4723  4.339    1  0.000  0.538     0.00     0.00 -1    -1e-30      0.00 7.350e-01 2.590e-01 1.065e-03 2.907e-04 2.641e-03 -1.000 6.000e-03 -5.279 -1.738 -1.607 -1.536 -1.487 -1.466 -1.855 -2.764 -2.353 -2.016 -3.513 -1.492 -1.472 -2.716 -2.557
0.006 -0.40400 6.00000 13.1124401093 2.6282639503   13.107  4.134  4.4882  4.327    1  0.000  0.542     0.00     0.00 -1 -1.61e-18      0.00 7.349e-01 2.591e-01 1.073e-03 2.909e-04 2.640e-03 -1.000 6.000e-03 -5.564 -1.933 -1.797 -1.713 -1.658 -1.637 -2.023 -2.931 -2.512 -2.186 -3.654 -1.663 -1.642 -2.881 -2.716
0.006 -0.40400 6.00000 14.0000009537 2.6287269592   13.990  4.219  4.5004  4.319    1  0.000  0.545     0.00     0.00 -1 -1.69e-09      0.00 7.349e-01 2.591e-01 1.079e-03 2.911e-04 2.640e-03 -1.000 6.000e-03 -5.776 -2.079 -1.941 -1.842 -1.782 -1.761 -2.145 -3.053 -2.626 -2.310 -3.748 -1.786 -1.767 -3.001 -2.828
0.006 -0.40400 6.00000 16.0000000000 2.6295573711   15.998  4.386  4.5237  4.302    1  0.000  0.545     0.00     0.00 -1 -3.92e-09      0.00 7.349e-01 2.591e-01 1.079e-03 2.911e-04 2.640e-03 -1.000 6.000e-03 -6.196 -2.349 -2.204 -2.112 -2.035 -1.998 -2.382 -3.290 -2.876 -2.546 -3.996 -2.044 -2.003 -3.240 -3.076
0.006 -0.40400 6.00000 17.1273021698 2.6299285889   17.115  4.470  4.5352  4.295    1  0.000  0.545     0.00     0.00 -1 -5.77e-09      0.00 7.349e-01 2.591e-01 1.079e-03 2.911e-04 2.640e-03 -1.000 6.000e-03 -6.404 -2.520 -2.368 -2.269 -2.175 -2.142 -2.528 -3.436 -3.020 -2.688 -4.136 -2.185 -2.147 -3.385 -3.220
0.006 -0.40400 6.00000 18.0000000000 2.6301794052   17.981  4.530  4.5437  4.289    1  0.000  0.545     0.00     0.00 -1 -7.65e-09      0.00 7.349e-01 2.591e-01 1.079e-03 2.911e-04 2.640e-03 -1.000 6.000e-03 -6.556 -2.648 -2.492 -2.386 -2.278 -2.249 -2.638 -3.546 -3.126 -2.794 -4.238 -2.289 -2.255 -3.495 -3.327
0.006 -0.40400 6.00000 20.0000000000 2.6306605339   19.983  4.656  4.5606  4.277    0  0.000  0.545     0.00     0.00 -1 -1.37e-08      0.00 7.349e-01 2.591e-01 1.079e-03 2.911e-04 2.640e-03 -1.000 6.000e-03 -6.869 -2.841 -2.677 -2.570 -2.476 -2.453 -2.841 -3.749 -3.323 -2.986 -4.431 -2.483 -2.459 -3.697 -3.524
0.006 -0.40400 6.00000 20.0152339935 2.6306636333   19.998  4.657  4.5608  4.277    0  0.000  0.545     0.00     0.00 -1 -1.37e-08      0.00 7.349e-01 2.591e-01 1.079e-03 2.911e-04 2.640e-03 -1.000 6.000e-03 -6.872 -2.843 -2.678 -2.571 -2.477 -2.454 -2.843 -3.750 -3.324 -2.987 -4.433 -2.485 -2.460 -3.698 -3.525
0.006 -0.40400 6.00000 24.0000000000 2.6313521862   23.969  4.865  4.5884  4.258    0  0.000  0.545     0.00     0.00 -1 -3.42e-08      0.00 7.349e-01 2.591e-01 1.079e-03 2.911e-04 2.640e-03 -1.000 6.000e-03 -7.393 -3.141 -2.980 -2.875 -2.796 -2.773 -3.159 -4.067 -3.653 -3.319 -4.790 -2.802 -2.779 -4.017 -3.854
0.006 -0.40400 6.00000 26.8962192535 2.6317081451   26.830  4.990  4.6042  4.246    0  0.000  0.545     0.00     0.00 -1 -5.74e-08      0.00 7.349e-01 2.591e-01 1.079e-03 2.911e-04 2.640e-03 -1.000 6.000e-03 -7.705 -3.338 -3.189 -3.086 -2.996 -2.971 -3.356 -4.265 -3.868 -3.550 -5.041 -3.003 -2.977 -4.217 -4.067
0.006 -0.40400 6.00000 28.0000000000 2.6318216324   27.921  5.034  4.6098  4.241    0  0.000  0.545     0.00     0.00 -1 -6.89e-08      0.00 7.349e-01 2.591e-01 1.079e-03 2.911e-04 2.640e-03 -1.000 6.000e-03 -7.815 -3.402 -3.258 -3.160 -3.069 -3.046 -3.432 -4.340 -3.945 -3.642 -5.135 -3.076 -3.051 -4.292 -4.143
0.006 -0.40400 6.00000 30.0000000000 2.6320033073   29.900  5.107  4.6188  4.233    0  0.000  0.545     0.00     0.00 -1 -9.19e-08      0.00 7.349e-01 2.591e-01 1.079e-03 2.911e-04 2.640e-03 -1.000 6.000e-03 -7.998 -3.511 -3.375 -3.284 -3.192 -3.172 -3.559 -4.467 -4.074 -3.796 -5.294 -3.199 -3.177 -4.420 -4.271
0.006 -0.40400 6.00000 35.0000000000 2.6323544979   34.827  5.265  4.6374  4.216    0  0.000  0.545     0.00     0.00 -1 -1.72e-07      0.00 7.349e-01 2.591e-01 1.079e-03 2.911e-04 2.640e-03 -1.000 6.000e-03 -8.393 -3.773 -3.631 -3.546 -3.466 -3.447 -3.838 -4.746 -4.386 -4.215 -5.814 -3.473 -3.453 -4.703 -4.578
0.006 -0.40400 6.00000 39.5887985229 2.6325888634   39.340  5.386  4.6506  4.202    0  0.000  0.545     0.00     0.00 -1 -2.69e-07      0.00 7.349e-01 2.591e-01 1.079e-03 2.911e-04 2.640e-03 -1.000 6.000e-03 -8.694 -3.982 -3.843 -3.761 -3.685 -3.664 -4.055 -4.964 -4.615 -4.466 -6.095 -3.691 -3.671 -4.922 -4.806
0.006 -0.40400 6.00000 40.0000000000 2.6326069832   39.746  5.396  4.6517  4.201    0  0.000  0.545     0.00     0.00 -1 -2.79e-07      0.00 7.349e-01 2.591e-01 1.079e-03 2.911e-04 2.640e-03 -1.000 6.000e-03 -8.719 -4.001 -3.861 -3.779 -3.703 -3.682 -4.072 -4.981 -4.633 -4.486 -6.115 -3.709 -3.688 -4.940 -4.824
0.006 -0.40400 6.00000 45.0000000000 2.6327958107   44.644  5.506  4.6631  4.186    0  0.000  0.545     0.00     0.00 -1 -4.19e-07      0.00 7.349e-01 2.591e-01 1.079e-03 2.911e-04 2.640e-03 -1.000 6.000e-03 -8.996 -4.213 -4.071 -3.985 -3.905 -3.884 -4.274 -5.183 -4.841 -4.716 -6.362 -3.912 -3.890 -5.143 -5.032
0.006 -0.40400 6.00000 49.2779045105 2.6329231262   48.796  5.588  4.6710  4.174    0  0.000  0.545     0.00     0.00 -1 -5.52e-07      0.00 7.349e-01 2.591e-01 1.079e-03 2.911e-04 2.640e-03 -1.000 6.000e-03 -9.201 -4.375 -4.232 -4.143 -4.062 -4.041 -4.431 -5.340 -5.005 -4.906 -6.569 -4.069 -4.047 -5.300 -5.196
0.006 -0.40400 6.00000 50.0000000000 2.6329421997   49.495  5.601  4.6722  4.172    0  0.000  0.545     0.00     0.00 -1 -5.77e-07      0.00 7.349e-01 2.591e-01 1.079e-03 2.911e-04 2.640e-03 -1.000 6.000e-03 -9.234 -4.402 -4.258 -4.168 -4.088 -4.066 -4.456 -5.365 -5.032 -4.938 -6.603 -4.095 -4.072 -5.326 -5.223
0.006 -0.40400 6.00000 54.1483650208 2.6330401897   53.487  5.671  4.6784  4.161    0  0.000  0.545     0.00     0.00 -1 -7.36e-07      0.00 7.349e-01 2.591e-01 1.079e-03 2.911e-04 2.640e-03 -1.000 6.000e-03 -9.407 -4.544 -4.400 -4.309 -4.229 -4.208 -4.598 -5.508 -5.186 -5.127 -6.814 -4.236 -4.214 -5.470 -5.374
0.006 -0.40400 6.00000 55.0000000000 2.6330580711   54.310  5.685  4.6795  4.158    0  0.000  0.545     0.00     0.00 -1 -7.72e-07      0.00 7.349e-01 2.591e-01 1.079e-03 2.911e-04 2.640e-03 -1.000 6.000e-03 -9.442 -4.572 -4.428 -4.337 -4.257 -4.236 -4.627 -5.536 -5.217 -5.167 -6.859 -4.264 -4.243 -5.499 -5.405
0.006 -0.40400 6.00000 59.9999961853 2.6331522465   59.119  5.758  4.6855  4.146    0  0.000  0.545     0.00     0.00 -1 -9.98e-07      0.00 7.349e-01 2.591e-01 1.079e-03 2.911e-04 2.640e-03 -1.000 6.000e-03 -9.626 -4.727 -4.583 -4.492 -4.414 -4.394 -4.786 -5.695 -5.391 -5.388 -7.109 -4.420 -4.401 -5.660 -5.576
0.006 -0.40400 6.00000 63.0981483459 2.6332020760   62.120  5.800  4.6886  4.138    0  0.000  0.545     0.00     0.00 -1 -1.15e-06      0.00 7.349e-01 2.591e-01 1.079e-03 2.911e-04 2.640e-03 -1.000 6.000e-03 -9.730 -4.758 -4.613 -4.537 -4.481 -4.484 -4.892 -5.805 -5.684 -6.059 -7.969 -4.484 -4.493 -5.797 -5.846
0.006 -0.40400 6.00000 64.9999923706 2.6332299709   63.957  5.825  4.6904  4.133    0  0.000  0.545     0.00     0.00 -1 -1.24e-06      0.00 7.349e-01 2.591e-01 1.079e-03 2.911e-04 2.640e-03 -1.000 6.000e-03 -9.792 -4.809 -4.665 -4.588 -4.533 -4.537 -4.945 -5.858 -5.740 -6.123 -8.035 -4.535 -4.546 -5.850 -5.901
0.006 -0.40400 6.00000 70.0000000000 2.6332950592   68.690  5.884  4.6943  4.120    0  0.000  0.545     0.00     0.00 -1 -1.52e-06      0.00 7.349e-01 2.591e-01 1.079e-03 2.911e-04 2.640e-03 -1.000 6.000e-03 -9.941 -4.935 -4.792 -4.713 -4.660 -4.666 -5.074 -5.987 -5.873 -6.273 -8.193 -4.663 -4.675 -5.979 -6.033
0.006 -0.40400 6.00000 74.9999923706 2.6333501339   73.448  5.939  4.6974  4.107    0  0.000  0.545     0.00     0.00 -1 -1.81e-06      0.00 7.349e-01 2.591e-01 1.079e-03 2.911e-04 2.640e-03 -1.000 6.000e-03 -10.077 -5.053 -4.910 -4.830 -4.779 -4.785 -5.193 -6.106 -5.995 -6.408 -8.335 -4.781 -4.794 -6.099 -6.154
0.006 -0.40400 6.00000 79.3511428833 2.6333916187   77.341  5.979  4.6993  4.096    0  0.000  0.545     0.00     0.00 -1 -2.06e-06      0.00 7.349e-01 2.591e-01 1.079e-03 2.911e-04 2.640e-03 -1.000 6.000e-03 -10.178 -5.144 -5.001 -4.920 -4.869 -4.875 -5.283 -6.196 -6.085 -6.504 -8.435 -4.871 -4.884 -6.188 -6.244
0.006 -0.40400 6.00000 80.0000000000 2.6333973408   77.923  5.985  4.6996  4.095    0  0.000  0.545     0.00     0.00 -1  -2.1e-06      0.00 7.349e-01 2.591e-01 1.079e-03 2.911e-04 2.640e-03 -1.000 6.000e-03 -10.193 -5.157 -5.014 -4.933 -4.882 -4.888 -5.296 -6.209 -6.098 -6.518 -8.449 -4.884 -4.897 -6.201 -6.257
0.006 -0.40400 6.00000 85.3891601562 2.6334414482   83.185  6.036  4.7018  4.081    0  0.000  0.545     0.00     0.00 -1 -2.49e-06      0.00 7.349e-01 2.591e-01 1.079e-03 2.911e-04 2.640e-03 -1.000 6.000e-03 -10.321 -5.275 -5.132 -5.051 -5.000 -5.007 -5.414 -6.327 -6.220 -6.647 -8.582 -5.002 -5.016 -6.320 -6.378
0.006 -0.40400 6.00000 90.0000000000 2.6334741116   87.675  6.078  4.7034  4.069    0  0.000  0.545     0.00     0.00 -1 -2.84e-06      0.00 7.349e-01 2.591e-01 1.079e-03 2.911e-04 2.640e-03 -1.000 6.000e-03 -10.424 -5.371 -5.228 -5.147 -5.097 -5.103 -5.511 -6.424 -6.320 -6.752 -8.690 -5.099 -5.113 -6.418 -6.477
0.006 -0.40400 6.00000 98.6361999512 2.6335263252   95.769  6.145  4.7050  4.047    0  0.000  0.545     0.00     0.00 -1 -3.52e-06      0.00 7.349e-01 2.591e-01 1.079e-03 2.911e-04 2.640e-03 -1.000 6.000e-03 -10.592 -5.535 -5.392 -5.310 -5.259 -5.264 -5.671 -6.584 -6.479 -6.914 -8.857 -5.261 -5.274 -6.578 -6.637
0.006 -0.40400 6.00000 99.9999923706 2.6335334778   97.041  6.155  4.7052  4.043    0  0.000  0.545     0.00     0.00 -1 -3.63e-06      0.00 7.349e-01 2.591e-01 1.079e-03 2.911e-04 2.640e-03 -1.000 6.000e-03 -10.617 -5.560 -5.417 -5.335 -5.283 -5.289 -5.695 -6.608 -6.503 -6.938 -8.881 -5.285 -5.298 -6.602 -6.660
0.006 -0.40400 6.00000 102.6929550171 2.6335473061   99.546  6.173  4.7053  4.036    0  0.000  0.545     0.00     0.00 -1 -3.86e-06      0.00 7.349e-01 2.591e-01 1.079e-03 2.911e-04 2.640e-03 -1.000 6.000e-03 -10.663 -5.608 -5.465 -5.382 -5.330 -5.335 -5.741 -6.654 -6.546 -6.979 -8.924 -5.332 -5.344 -6.647 -6.704
0.006 -0.40400 6.00000 119.9999923706 2.6336188316  115.523  6.282  4.7051  3.991    0  0.000  0.545     0.00     0.00 -1 -5.52e-06      0.00 7.349e-01 2.591e-01 1.079e-03 2.911e-04 2.640e-03 -1.000 6.000e-03 -10.936 -5.894 -5.749 -5.664 -5.605 -5.605 -6.009 -6.922 -6.788 -7.193 -9.137 -5.608 -5.614 -6.910 -6.949
0.006 -0.40400 6.00000 137.4916687012 2.6336188316  131.568  6.373  4.7016  3.943    0  0.000  0.545     0.00     0.00 -1 -7.42e-06      0.00 7.349e-01 2.591e-01 1.079e-03 2.911e-04 2.640e-03 -1.000 6.000e-03 -11.162 -6.146 -5.999 -5.909 -5.840 -5.834 -6.235 -7.146 -6.954 -7.267 -9.181 -5.844 -5.842 -7.125 -7.122
0.006 -0.40400 6.00000 150.0000000000 2.6336188316  142.939  6.431  4.6985  3.909    0  0.000  0.545     0.00     0.00 -1    -9e-06      0.00 7.349e-01 2.591e-01 1.079e-03 2.911e-04 2.640e-03 -1.000 6.000e-03 -11.307 -6.313 -6.164 -6.073 -5.998 -5.989 -6.386 -7.297 -7.069 -7.318 -9.207 -6.003 -5.996 -7.271 -7.242
0.006 -0.40400 6.00000 183.0009918213 2.6336188316  172.676  6.556  4.6874  3.821    0  0.000  0.545     0.00     0.00 -1 -1.36e-05      0.00 7.350e-01 2.590e-01 1.079e-03 2.911e-04 2.640e-03 -1.000 6.000e-03 -11.619 -6.685 -6.546 -6.471 -6.428 -6.442 -6.855 -7.769 -7.721 -8.276 -10.272 -6.428 -6.452 -7.771 -7.873
0.006 -0.40400 6.00000 199.9999847412 2.6336188316  187.771  6.611  4.6814  3.778    0  0.000  0.545     0.00     0.00 -1 -1.63e-05      0.00 7.350e-01 2.590e-01 1.079e-03 2.911e-04 2.640e-03 -1.000 6.000e-03 -11.758 -6.873 -6.733 -6.655 -6.605 -6.615 -7.025 -7.938 -7.853 -8.344 -10.319 -6.606 -6.624 -7.935 -8.010
0.006 -0.40400 6.00000 241.6905212402 2.6336188316  224.391  6.725  4.6870  3.764    0  0.000  0.426     0.00     0.00 -1 -2.28e-05      0.00 7.038e-01 2.904e-01 1.994e-04 3.166e-03 5.370e-04 -1.000 5.850e-03 -12.043 -7.113 -6.974 -6.899 -6.855 -6.869 -7.281 -8.195 -8.144 -8.695 -10.688 -6.856 -6.879 -8.197 -8.297
0.006 -0.40400 6.00000 250.0000000000 2.6336188316  231.645  6.745  4.6884  3.763    0  0.000  0.427     0.00     0.00 -1 -2.41e-05      0.00 6.971e-01 2.971e-01 4.248e-05 3.688e-03 1.517e-04 -1.000 5.818e-03 -12.094 -7.152 -7.014 -6.938 -6.897 -6.912 -7.325 -8.238 -8.197 -8.763 -10.761 -6.897 -6.922 -8.242 -8.348
0.006 -0.40400 6.00000 281.1936645508 2.6336188316  258.996  6.814  4.6916  3.756    0  0.000  0.810     0.00     0.00 -1 -2.93e-05      0.00 6.804e-01 3.138e-01 4.362e-05 3.748e-03 8.172e-05 -1.000 5.865e-03 -12.265 -7.297 -7.160 -7.086 -7.049 -7.066 -7.480 -8.394 -8.373 -8.972 -10.981 -7.048 -7.076 -8.400 -8.521
0.006 -0.40400 6.00000 300.0000000000 2.6336188316  275.371  6.852  4.6933  3.752    0  0.000  1.015     0.00     0.00 -1 -3.26e-05      0.00 6.708e-01 3.233e-01 4.411e-05 3.768e-03 5.816e-05  4.781 5.900e-03 -12.359 -7.378 -7.241 -7.168 -7.133 -7.151 -7.565 -8.480 -8.469 -9.086 -11.101 -7.132 -7.161 -8.488 -8.615
0.006 -0.40400 6.00000 350.0000000000 2.6336188316  152.605  6.911  5.1408  5.226    1  0.000  3.141     0.00     0.00 -1 -0.000274      0.00 7.185e-03 4.141e-01 3.735e-01 2.846e-06 1.966e-01 12.418 5.787e-01 -12.507 -6.625 -6.706 -7.018 -7.422 -7.860 -7.919 -8.411 -10.142 -11.110 -12.102 -7.457 -7.850 -8.778 -9.871
0.006 -0.40400 6.00000 350.0001525879 2.6336188316  317.320  6.942  4.6939  3.725    0  0.000  1.302     0.00     0.00 -1 -3.78e-05      0.00 6.405e-01 3.537e-01 4.664e-05 3.772e-03 5.027e-05  6.066 5.800e-03 -12.584 -7.698 -7.583 -7.548 -7.591 -7.715 -7.738 -7.955 -8.919 -11.416 -11.550 -7.593 -7.704 -8.193 -8.851
0.006 -0.40400 6.00000 350.0004577637 2.6336188316  314.145  6.946  4.6854  3.683    0  0.000  1.330     0.00     0.00 -1 -3.41e-05      0.00 6.246e-01 3.695e-01 4.976e-05 3.763e-03 5.686e-05  5.977 5.900e-03 -12.594 -7.764 -7.645 -7.605 -7.633 -7.744 -7.763 -7.963 -8.885 -11.363 -11.477 -7.636 -7.734 -8.187 -8.819
0.006 -0.40400 6.00000 350.0007019043 2.6336188316  311.035  6.949  4.6769  3.641    0  0.000  1.342     0.00     0.00 -1 -3.08e-05      0.00 6.092e-01 3.849e-01 5.249e-05 3.755e-03 6.307e-05  5.851 5.901e-03 -12.604 -7.830 -7.707 -7.660 -7.675 -7.772 -7.788 -7.971 -8.851 -11.311 -11.406 -7.678 -7.763 -8.181 -8.787
0.006 -0.40400 6.00000 350.0009460449 2.6336188316  307.855  6.953  4.6691  3.601    0  0.000  1.351     0.00     0.00 -1 -2.81e-05      0.00 5.918e-01 4.024e-01 5.504e-05 3.747e-03 6.888e-05  5.678 5.802e-03 -12.614 -7.897 -7.774 -7.726 -7.739 -7.833 -7.849 -8.029 -8.903 -11.359 -11.445 -7.742 -7.824 -8.237 -8.839
0.006 -0.40400 6.00000 350.0011596680 2.6336188316  304.750  6.957  4.6608  3.560    0  0.000  1.358     0.00     0.00 -1 -2.54e-05      0.00 5.755e-01 4.186e-01 5.731e-05 3.741e-03 7.408e-05  5.402 5.901e-03 -12.623 -7.970 -7.847 -7.800 -7.813 -7.909 -7.925 -8.107 -8.985 -11.441 -11.521 -7.817 -7.899 -8.317 -8.921
0.006 -0.40400 6.00000 350.0013427734 2.6336188316  301.719  6.961  4.6530  3.521    0  0.000  1.366     0.00     0.00 -1 -2.38e-05      0.00 5.590e-01 4.351e-01 5.935e-05 3.735e-03 7.871e-05  4.682 5.901e-03 -12.632 -8.038 -7.916 -7.870 -7.884 -7.980 -7.997 -8.181 -9.062 -11.519 -11.593 -7.888 -7.970 -8.393 -8.999
0.006 -0.40400 6.00000 350.0014953613 2.6336188316  298.523  6.965  4.6455  3.482    0  0.000  1.374     0.00     0.00 -1 -2.24e-05      0.00 5.407e-01 4.535e-01 6.137e-05 3.729e-03 8.320e-05 -1.000 5.803e-03 -12.642 -8.106 -7.985 -7.939 -7.957 -8.053 -8.072 -8.258 -9.146 -11.604 -11.679 -7.960 -8.043 -8.473 -9.082
0.006 -0.40400 6.00000 350.0017395020 2.6336188316  294.125  6.970  4.6338  3.423    0  0.000  1.387     0.00     0.00 -1 -2.06e-05      0.00 5.146e-01 4.795e-01 6.391e-05 3.721e-03 8.875e-05 -1.000 5.902e-03 -12.656 -8.213 -8.094 -8.051 -8.074 -8.173 -8.195 -8.383 -9.286 -11.745 -11.831 -8.076 -8.163 -8.606 -9.222
0.006 -0.40400 6.00000 350.0019531250 2.6336188316  289.391  6.976  4.6230  3.367    0  0.000  1.403     0.00     0.00 -1 -1.94e-05      0.00 4.865e-01 5.076e-01 6.643e-05 3.715e-03 9.413e-05 -1.000 5.902e-03 -12.670 -8.295 -8.179 -8.155 -8.169 -8.269 -8.297 -8.481 -9.422 -11.643 -11.850 -8.170 -8.260 -8.700 -9.331
0.006 -0.40400 6.00000 350.0021362305 2.6336188316  284.555  6.982  4.6122  3.311    0  0.000  1.419     0.00     0.00 -1  -1.8e-05      0.00 4.590e-01 5.351e-01 6.877e-05 3.708e-03 9.902e-05 -1.000 5.902e-03 -12.685 -8.384 -8.269 -8.248 -8.266 -8.369 -8.399 -8.586 -9.539 -11.760 -11.978 -8.266 -8.360 -8.810 -9.448
0.006 -0.40400 6.00000 350.0022888184 2.6336188316  280.734  6.987  4.5997  3.250    0  0.000  1.432     0.00     0.00 -1 -1.69e-05      0.00 4.376e-01 5.565e-01 7.050e-05 3.704e-03 1.026e-04 -1.000 5.902e-03 -12.697 -8.482 -8.369 -8.351 -8.375 -8.479 -8.513 -8.703 -9.668 -11.890 -12.120 -8.373 -8.470 -8.933 -9.577
0.006 -0.40400 6.00000 350.0024414062 2.6336188316  276.473  6.992  4.5874  3.189    0  0.000  1.450     0.00     0.00 -1 -1.61e-05      0.00 4.115e-01 5.827e-01 7.236e-05 3.699e-03 1.062e-04 -1.000 5.805e-03 -12.711 -8.576 -8.462 -8.441 -8.461 -8.563 -8.594 -8.782 -9.750 -11.986 -12.238 -8.459 -8.552 -9.015 -9.659
0.006 -0.40400 6.00000 350.0025939941 2.6336188316  272.539  6.997  4.5755  3.130    0  0.000  1.468     0.00     0.00 -1 -1.52e-05      0.00 3.873e-01 6.069e-01 7.401e-05 3.695e-03 1.094e-04 -1.000 5.805e-03 -12.723 -8.289 -8.177 -8.255 -8.202 -8.309 -8.352 -8.531 -9.757 -10.441 -11.351 -8.205 -8.310 -8.734 -9.487
0.006 -0.40400 6.00000 350.0026855469 2.6336188316  269.074  7.002  4.5634  3.071    0  0.000  1.485     0.00     0.00 -1 -1.46e-05      0.00 3.658e-01 6.283e-01 7.542e-05 3.692e-03 1.120e-04 -1.000 5.903e-03 -12.735 -8.312 -8.201 -8.278 -8.224 -8.330 -8.373 -8.549 -9.771 -10.454 -11.366 -8.227 -8.330 -8.752 -9.501
0.006 -0.40400 6.00000 350.0027465820 2.6336188316  267.234  7.005  4.5483  3.005    0  0.000  1.493     0.00     0.00 -1 -1.35e-05      0.00 3.560e-01 6.381e-01 7.614e-05 3.690e-03 1.134e-04 -1.000 5.903e-03 -12.742 -8.334 -8.223 -8.300 -8.245 -8.349 -8.391 -8.566 -9.785 -10.467 -11.383 -8.247 -8.349 -8.769 -9.515
0.006 -0.40400 6.00000 350.0027770996 2.6336188316  266.242  7.006  4.5333  2.942    0  0.000  1.495     0.00     0.00 -1 -1.29e-05      0.00 3.527e-01 6.414e-01 7.652e-05 3.689e-03 1.142e-04 -1.000 5.903e-03 -12.745 -8.353 -8.243 -8.320 -8.267 -8.372 -8.415 -8.592 -9.820 -10.513 -11.434 -8.269 -8.372 -8.798 -9.549
0.006 -0.40400 6.00000 350.0028381348 2.6336188316  264.543  7.009  4.5192  2.880    0  0.000  1.504     0.00     0.00 -1 -1.19e-05      0.00 3.422e-01 6.519e-01 7.724e-05 3.687e-03 1.155e-04 -1.000 5.903e-03 -12.753 -8.375 -8.265 -8.342 -8.291 -8.397 -8.441 -8.620 -9.856 -10.561 -11.486 -8.293 -8.397 -8.829 -9.586
0.006 -0.40400 6.00000 350.0028686523 2.6336188316  263.410  7.011  4.5077  2.830    0  0.000  1.510     0.00     0.00 -1 -1.12e-05      0.00 3.350e-01 6.590e-01 7.774e-05 3.685e-03 1.164e-04 -1.000 5.903e-03 -12.759 -8.392 -8.283 -8.360 -8.310 -8.417 -8.462 -8.643 -9.885 -10.600 -11.528 -8.311 -8.417 -8.854 -9.615
0.006 -0.40400 6.00000 350.0028991699 2.6336188316  262.797  7.013  4.4829  2.729    0  0.000  1.510     0.00     0.00 -1 -9.63e-06      0.00 3.350e-01 6.591e-01 7.799e-05 3.685e-03 1.170e-04 -1.000 5.903e-03 -12.761 -8.403 -8.294 -8.372 -8.322 -8.430 -8.475 -8.657 -9.904 -10.625 -11.555 -8.323 -8.430 -8.869 -9.634
0.006 -0.40400 6.00000 350.0029296875 2.6336188316  262.387  7.014  4.4850  2.735    0  0.000  1.515     0.00     0.00 -1 -9.75e-06      0.00 3.304e-01 6.637e-01 7.822e-05 3.684e-03 1.174e-04 -1.000 5.903e-03 -12.764 -8.405 -8.296 -8.374 -8.325 -8.433 -8.478 -8.660 -9.907 -10.627 -11.558 -8.326 -8.433 -8.872 -9.636
0.006 -0.40400 6.00000 350.0029602051 2.6336188316  260.918  7.017  4.4613  2.634    0  0.000  1.524     0.00     0.00 -1 -5.89e-05      0.00 3.200e-01 6.742e-01 7.895e-05 3.682e-03 1.187e-04 -1.000 5.806e-03 -12.773 -8.415 -8.306 -8.384 -8.334 -8.442 -8.487 -8.669 -9.916 -10.637 -11.567 -8.335 -8.442 -8.881 -9.646
0.006 -0.40400 6.00000 350.0029907227 2.6336188316  258.621  7.019  4.4685  2.657    0  0.000  1.537     0.00     0.00 -1 -8.83e-05      0.00 3.071e-01 6.871e-01 7.948e-05 3.682e-03 1.194e-04 -1.000 5.806e-03 -12.779 -8.420 -8.311 -8.389 -8.339 -8.447 -8.492 -8.674 -9.921 -10.642 -11.572 -8.340 -8.447 -8.887 -9.651
0.006 -0.40400 6.00000 350.0030212402 2.6336188316  250.297  7.020  4.5701  3.049    0  0.000  1.586     0.00     0.00 -1 -9.71e-05      0.00 2.629e-01 7.312e-01 8.048e-05 3.681e-03 1.194e-04 -1.000 5.903e-03 -12.780 -8.350 -8.239 -8.316 -8.264 -8.370 -8.413 -8.591 -9.816 -10.500 -11.410 -8.266 -8.370 -8.794 -9.546
0.006 -0.40400 6.00000 350.0030517578 2.6336188316  239.156  7.024  4.6884  3.499    0  0.000  1.686     0.00     0.00 -1 -0.000111      0.00 1.930e-01 8.011e-01 8.223e-05 3.681e-03 1.190e-04 -1.000 5.903e-03 -12.789 -8.055 -7.969 -8.131 -8.102 -8.262 -8.322 -8.556 -9.899 -10.682 -11.629 -8.104 -8.263 -8.796 -9.628
0.006 -0.40400 6.00000 350.0030822754 2.6336188316  226.863  7.063  4.9375  4.433    1  0.000  1.334     0.00     0.00 -1 -0.000143      0.00 1.146e-01 8.795e-01 7.016e-05 3.702e-03 1.178e-04 -1.000 5.893e-03 -12.888 -6.768 -6.768 -6.965 -7.247 -7.587 -7.674 -8.096 -9.810 -10.814 -11.784 -7.263 -7.584 -8.463 -9.538
0.006 -0.40400 6.00000 350.0031127930 2.6336188316  212.824  7.047  5.1126  5.122    1  0.000  1.768     0.00     0.00 -1 -0.000157      0.00 2.812e-02 9.660e-01 7.702e-05 3.697e-03 1.144e-04 -1.000 5.864e-03 -12.846 -6.133 -6.167 -6.352 -6.803 -7.132 -7.298 -7.714 -9.514 -10.766 -11.902 -6.794 -7.140 -8.096 -9.238
0.006 -0.40400 6.00000 350.0031433105 2.6336188316  205.266  7.029  5.1166  5.140    1  0.000 29.918     0.00     0.00 -1 -0.000124      0.00 2.305e-02 8.636e-01 1.011e-01 9.129e-06 4.447e-03 11.548 1.133e-01 -12.801 -5.963 -5.984 -6.156 -6.599 -6.915 -7.093 -7.499 -9.275 -10.501 -11.629 -6.587 -6.925 -7.875 -9.000
0.006 -0.40400 6.00000 350.0031738281 2.6336188316  189.418  6.992  5.1118  5.123    1  0.000 14.977     0.00     0.00 -1 -9.08e-05      0.00 2.335e-02 7.753e-01 1.781e-01 9.248e-06 1.545e-02 11.774 2.014e-01 -12.710 -5.713 -5.717 -5.865 -6.279 -6.573 -6.761 -7.154 -8.914 -10.123 -11.245 -6.263 -6.585 -7.530 -8.639
0.006 -0.40400 6.00000 350.0032348633 2.6336188316  175.074  6.957  5.1061  5.100    1  0.000  7.957     0.00     0.00 -1 -6.02e-05      0.00 2.373e-02 6.550e-01 2.693e-01 9.400e-06 4.385e-02 11.919 3.213e-01 -12.623 -5.436 -5.414 -5.524 -5.885 -6.146 -6.336 -6.710 -8.449 -9.622 -10.735 -5.867 -6.160 -7.083 -8.174
0.006 -0.40400 6.00000 350.0032958984 2.6336188316  161.697  6.925  5.0993  5.071    1  0.000  4.107     0.00     0.00 -1 -3.29e-05      0.00 2.430e-02 4.990e-01 3.561e-01 9.625e-06 1.123e-01 11.969 4.767e-01 -12.542 -5.112 -5.054 -5.102 -5.359 -5.566 -5.736 -6.074 -7.791 -8.893 -9.963 -5.340 -5.579 -6.441 -7.516
0.006 -0.40400 6.00000 350.0033874512 2.6336188316  147.428  6.888  5.0940  5.047    1  0.000  1.603     0.00     0.00 -1 -4.24e-05      0.00 2.500e-02 2.831e-01 3.768e-01 9.903e-06 3.064e-01 11.690 6.919e-01 -12.451 -5.212 -5.175 -5.261 -5.583 -5.825 -6.004 -6.366 -8.085 -9.228 -10.336 -5.565 -5.838 -6.733 -7.811
0.006 -0.40400 6.00000 350.0034484863 2.6336188316  135.133  6.851  5.0972  5.058    1  0.000  0.790     0.00     0.00 -1    -5e-05      0.00 2.544e-02 1.638e-01 3.000e-01 1.007e-05 5.007e-01 -1.000 8.108e-01 -12.359 -5.254 -5.233 -5.349 -5.716 -5.983 -6.169 -6.546 -8.278 -9.455 -10.573 -5.699 -5.996 -6.915 -8.003
0.006 -0.40400 6.00000 350.0035095215 2.6336188316  119.935  6.802  5.1121  5.116    1  0.000  0.309     0.00     0.00 -1 -5.38e-05      0.00 2.588e-02 6.956e-02 1.628e-01 1.025e-05 7.225e-01 -1.000 9.046e-01 -12.234 -5.181 -5.180 -5.319 -5.723 -6.009 -6.199 -6.589 -8.346 -9.549 -10.667 -5.706 -6.022 -6.965 -8.071
0.006 -0.40400 6.00000 350.0035400391 2.6336188316  111.192  6.834  4.6445  3.180    3  0.000  0.165     0.00     0.00 -1  -9.4e-05      0.00 2.611e-02 3.014e-02 9.009e-02 1.034e-05 7.967e-01 -1.000 9.438e-01 -12.316 -7.948 -7.861 -8.013 -8.009 -8.161 -8.227 -8.446 -9.783 -10.631 -11.606 -8.005 -8.162 -8.683 -9.511
#isochrone terminated
