# File generated by CMD 3.3 (http://stev.oapd.inaf.it/cmd) on Tue Apr 21 14:56:27 CEST 2020
# isochrones based on PARSEC release v1.2S +  COLIBRI S_35
# Basic references: Bressan et al. (2012), MNRAS, 427, 127 + Chen et al. (2014, 2015), MNRAS, 444, 2525 + MNRAS, 452, 1068 + Tang et al. (2014), MNRAS, 445, 4287 + Marigo et al. (2017), ApJ, 835, 77 + Pastorelli al. (2019), MNRAS in press
# Thermal pulse cycles included 
# On RGB, assumed Reimers mass loss with efficiency eta=0.2
# Photometric system:  2MASS + Spitzer (IRAC+MIPS) + WISE
# Using YBC version of bolometric corrections as in Chen et al. (2019)
# O-rich circumstellar dpmod60alox40 dust from Groenewegen (2006)
# C-rich circumstellar AMCSIC15 dust from Groenewegen (2006)
# IMF: Kroupa (2001, 2002) + Kroupa et al. (2013) canonical two-part-power law IMF corrected for unresolved binaries 
# Kind of output: isochrone tables
# Zini     MH   logAge Mini        int_IMF         Mass   logL    logTe  logg  label   McoreTP C_O  period0 period1 pmode  Mloss  tau1m   X   Y   Xc  Xn  Xo  Cexcess  Z 	 mbolmag  Jmag    Hmag    Ksmag   IRAC_3.6mag  IRAC_4.5mag  IRAC_5.8mag  IRAC_8.0mag  MIPS_24mag  MIPS_70mag  MIPS_160mag  W1mag   W2mag   W3mag   W4mag
0.003 -0.70993 10.00000 0.0900000036 1.0816895962    0.090 -3.286  3.4226  5.321    1  0.000  0.545     0.00     0.00 -1 -4.74e-17      0.00 7.409e-01 2.560e-01 5.700e-04 1.537e-04 1.395e-03 -1.000 3.170e-03 12.985 10.802 10.417 10.247 9.650 9.551 9.508 9.404 8.768 8.745 8.680 9.812 9.561 9.324 8.958
0.003 -0.70993 10.00000 0.0928265154 1.1082265377    0.093 -3.222  3.4315  5.306    1  0.000  0.545     0.00     0.00 -1  -5.5e-17      0.00 7.406e-01 2.562e-01 5.700e-04 1.537e-04 1.395e-03 -1.000 3.170e-03 12.826 10.672 10.264 10.085 9.524 9.422 9.381 9.285 8.659 8.638 8.583 9.680 9.431 9.214 8.849
0.003 -0.70993 10.00000 0.0996598005 1.1682583094    0.100 -3.076  3.4520  5.272    1  0.000  0.545     0.00     0.00 -1 -7.74e-17      0.00 7.401e-01 2.567e-01 5.700e-04 1.537e-04 1.395e-03 -1.000 3.170e-03 12.459 10.366 9.916 9.723 9.238 9.135 9.104 9.028 8.423 8.402 8.368 9.384 9.144 8.972 8.613
0.003 -0.70993 10.00000 0.1095506102 1.2462694645    0.109 -2.932  3.4694  5.239    1  0.000  0.545     0.00     0.00 -1 -1.07e-16      0.00 7.394e-01 2.574e-01 5.700e-04 1.537e-04 1.395e-03 -1.000 3.170e-03 12.101 10.063 9.583 9.379 8.948 8.841 8.814 8.752 8.165 8.147 8.140 9.083 8.849 8.710 8.355
0.003 -0.70993 10.00000 0.1189794093 1.3125517368    0.119 -2.807  3.4846  5.211    1  0.000  0.545     0.00     0.00 -1 -1.41e-16      0.00 7.388e-01 2.580e-01 5.700e-04 1.537e-04 1.395e-03 -1.000 3.170e-03 11.788 9.798 9.297 9.087 8.698 8.588 8.563 8.512 7.939 7.925 7.945 8.822 8.595 8.482 8.129
0.003 -0.70993 10.00000 0.1382990181 1.4292048216    0.138 -2.623  3.5038  5.168    1  0.000  0.545     0.00     0.00 -1  -2.1e-16      0.00 7.376e-01 2.592e-01 5.700e-04 1.537e-04 1.395e-03 -1.000 3.170e-03 11.327 9.397 8.877 8.664 8.321 8.208 8.182 8.142 7.585 7.580 7.635 8.431 8.213 8.126 7.775
0.003 -0.70993 10.00000 0.1576186419 1.5263899565    0.157 -2.481  3.5165  5.134    1  0.000  0.545     0.00     0.00 -1 -2.84e-16      0.00 7.366e-01 2.602e-01 5.700e-04 1.537e-04 1.395e-03 -1.000 3.170e-03 10.973 9.083 8.554 8.340 8.024 7.910 7.882 7.845 7.297 7.303 7.381 8.124 7.914 7.839 7.487
0.003 -0.70993 10.00000 0.1962578595 1.6810272932    0.196 -2.264  3.5331  5.078    1  0.000  0.545     0.00     0.00 -1 -4.47e-16      0.00 7.352e-01 2.616e-01 5.700e-04 1.538e-04 1.395e-03 -1.000 3.170e-03 10.430 8.588 8.049 7.837 7.556 7.446 7.416 7.386 6.851 6.871 6.969 7.645 7.449 7.390 7.040
0.003 -0.70993 10.00000 0.2445568740 1.8263108730    0.244 -2.058  3.5459  5.019    1  0.000  0.545     0.00     0.00 -1 -9.94e-17      0.00 7.345e-01 2.624e-01 5.700e-04 1.538e-04 1.395e-03 -1.000 3.170e-03 9.915 8.112 7.565 7.355 7.099 6.996 6.965 6.939 6.415 6.449 6.557 7.181 6.998 6.950 6.605
0.003 -0.70993 10.00000 0.2928559184 1.9383814335    0.292 -1.897  3.5550  4.973    1  0.000  0.545     0.00     0.00 -1  -3.5e-16      0.00 7.344e-01 2.625e-01 5.700e-04 1.538e-04 1.395e-03 -1.000 3.170e-03 9.513 7.737 7.183 6.975 6.736 6.640 6.608 6.583 6.069 6.112 6.226 6.812 6.642 6.601 6.259
0.003 -0.70993 10.00000 0.3411549032 2.0286779404    0.341 -1.760  3.5627  4.933    1  0.000  0.545     0.00     0.00 -1 -1.21e-15      0.00 7.408e-01 2.560e-01 5.700e-04 1.538e-04 1.395e-03 -1.000 3.170e-03 9.170 7.418 6.858 6.651 6.426 6.337 6.302 6.278 5.772 5.825 5.942 6.495 6.338 6.300 5.961
0.003 -0.70993 10.00000 0.3894539475 2.1037180424    0.389 -1.614  3.5732  4.887    1  0.000  0.545     0.00     0.00 -1 -1.77e-15      0.00 7.423e-01 2.545e-01 5.700e-04 1.537e-04 1.395e-03 -1.000 3.170e-03 8.805 7.085 6.517 6.312 6.103 6.027 5.989 5.963 5.469 5.536 5.656 6.164 6.028 5.991 5.658
0.003 -0.70993 10.00000 0.4377529919 2.1675412655    0.437 -1.452  3.5870  4.831    1  0.000  0.545     0.00     0.00 -1 -2.58e-15      0.00 7.424e-01 2.544e-01 5.700e-04 1.537e-04 1.395e-03 -1.000 3.170e-03 8.401 6.721 6.143 5.945 5.756 5.698 5.656 5.626 5.151 5.236 5.356 5.804 5.699 5.663 5.340
0.003 -0.70993 10.00000 0.4439930916 2.1751174927    0.443 -1.428  3.5897  4.824    1  0.000  0.545     0.00     0.00 -1 -2.73e-15      0.00 7.424e-01 2.544e-01 5.700e-04 1.537e-04 1.395e-03 -1.000 3.170e-03 8.340 6.669 6.088 5.892 5.706 5.652 5.610 5.578 5.106 5.195 5.315 5.752 5.653 5.616 5.295
0.003 -0.70993 10.00000 0.4860519767 2.2228093147    0.485 -1.274  3.6067  4.777    1  0.000  0.545     0.00     0.00 -1 -3.93e-15      0.00 7.424e-01 2.544e-01 5.700e-04 1.537e-04 1.395e-03 -1.000 3.170e-03 7.954 6.327 5.730 5.555 5.402 5.370 5.328 5.294 4.845 4.949 5.079 5.435 5.371 5.341 5.035
0.003 -0.70993 10.00000 0.5343510509 2.2702643871    0.534 -1.074  3.6346  4.729    1  0.000  0.545     0.00     0.00 -1 -6.26e-15      0.00 7.615e-01 2.356e-01 5.246e-04 1.416e-04 1.285e-03 -1.000 2.921e-03 7.455 5.897 5.281 5.151 5.056 5.053 5.018 4.983 4.556 4.681 4.810 5.072 5.054 5.038 4.745
0.003 -0.70993 10.00000 0.5826500058 2.3089582920    0.582 -0.877  3.6658  4.695    1  0.000  0.544     0.00     0.00 -1 -9.82e-15      0.00 7.732e-01 2.240e-01 5.068e-04 1.368e-04 1.242e-03 -1.000 2.850e-03 6.962 5.495 4.926 4.829 4.775 4.793 4.771 4.744 4.333 4.468 4.608 4.782 4.795 4.806 4.522
0.003 -0.70993 10.00000 0.6165289283 2.3319797516    0.616 -0.743  3.6876  4.672    1  0.000  0.544     0.00     0.00 -1 -1.33e-14      0.00 7.766e-01 2.206e-01 5.005e-04 1.352e-04 1.227e-03 -1.000 2.795e-03 6.627 5.233 4.726 4.642 4.596 4.615 4.597 4.573 4.160 4.304 4.452 4.601 4.617 4.634 4.349
0.003 -0.70993 10.00000 0.6309490204 2.3409202099    0.630 -0.688  3.6965  4.663    1  0.000  0.544     0.00     0.00 -1 -1.51e-14      0.00 7.781e-01 2.191e-01 4.979e-04 1.345e-04 1.221e-03 -1.000 2.770e-03 6.489 5.127 4.648 4.569 4.523 4.540 4.523 4.500 4.088 4.234 4.389 4.527 4.541 4.561 4.277
0.003 -0.70993 10.00000 0.6438969374 2.3485569954    0.643 -0.637  3.7044  4.653    1  0.000  0.544     0.00     0.00 -1  -1.7e-14      0.00 7.796e-01 2.176e-01 4.953e-04 1.338e-04 1.214e-03 -1.000 2.753e-03 6.363 5.031 4.575 4.499 4.454 4.469 4.454 4.432 4.020 4.168 4.324 4.458 4.471 4.493 4.209
0.003 -0.70993 10.00000 0.6607464552 2.3579812050    0.660 -0.572  3.7146  4.640    1  0.000  0.544     0.00     0.00 -1 -1.98e-14      0.00 7.817e-01 2.156e-01 4.918e-04 1.329e-04 1.206e-03 -1.000 2.732e-03 6.201 4.908 4.480 4.409 4.366 4.379 4.366 4.346 3.933 4.081 4.236 4.370 4.381 4.407 4.122
0.003 -0.70993 10.00000 0.6765034199 2.3663077354    0.676 -0.512  3.7240  4.627    1  0.000  0.544     0.00     0.00 -1 -2.28e-14      0.00 7.837e-01 2.136e-01 4.885e-04 1.320e-04 1.198e-03 -1.000 2.707e-03 6.049 4.793 4.390 4.323 4.282 4.294 4.281 4.264 3.851 3.997 4.150 4.286 4.295 4.325 4.040
0.003 -0.70993 10.00000 0.6792480946 2.3677127361    0.679 -0.501  3.7256  4.625    1  0.000  0.543     0.00     0.00 -1 -2.34e-14      0.00 7.841e-01 2.132e-01 4.879e-04 1.318e-04 1.197e-03 -1.000 2.731e-03 6.023 4.773 4.375 4.308 4.267 4.279 4.266 4.249 3.836 3.981 4.135 4.271 4.280 4.310 4.025
0.003 -0.70993 10.00000 0.6959192157 2.3759734631    0.695 -0.437  3.7348  4.608    1  0.000  0.542     0.00     0.00 -1 -2.73e-14      0.00 7.866e-01 2.107e-01 4.817e-04 1.306e-04 1.186e-03 -1.000 2.699e-03 5.862 4.650 4.275 4.212 4.172 4.182 4.171 4.156 3.742 3.886 4.038 4.176 4.183 4.216 3.931
0.003 -0.70993 10.00000 0.7118610740 2.3834583759    0.711 -0.375  3.7434  4.590    1  0.000  0.540     0.00     0.00 -1 -3.18e-14      0.00 7.890e-01 2.083e-01 4.756e-04 1.293e-04 1.175e-03 -1.000 2.668e-03 5.707 4.532 4.176 4.117 4.080 4.088 4.078 4.064 3.647 3.797 3.944 4.083 4.089 4.106 3.836
0.003 -0.70993 10.00000 0.7269587517 2.3901996613    0.726 -0.316  3.7512  4.572    1  0.000  0.539     0.00     0.00 -1 -3.68e-14      0.00 7.914e-01 2.060e-01 4.699e-04 1.281e-04 1.165e-03 -1.000 2.616e-03 5.559 4.418 4.079 4.024 3.990 3.996 3.988 3.976 3.548 3.717 3.854 3.993 3.997 3.966 3.736
0.003 -0.70993 10.00000 0.7282599211 2.3907656670    0.728 -0.310  3.7519  4.570    1  0.000  0.539     0.00     0.00 -1 -3.73e-14      0.00 7.916e-01 2.058e-01 4.694e-04 1.280e-04 1.164e-03 -1.000 2.618e-03 5.546 4.408 4.070 4.016 3.982 3.988 3.980 3.968 3.540 3.710 3.846 3.985 3.989 3.954 3.727
0.003 -0.70993 10.00000 0.7403836846 2.3959295750    0.740 -0.262  3.7575  4.551    1  0.000  0.538     0.00     0.00 -1 -4.22e-14      0.00 7.941e-01 2.033e-01 4.643e-04 1.268e-04 1.153e-03 -1.000 2.638e-03 5.426 4.313 3.986 3.934 3.904 3.909 3.901 3.891 3.455 3.638 3.766 3.906 3.910 3.840 3.642
0.003 -0.70993 10.00000 0.7530823350 2.4011335373    0.752 -0.211  3.7631  4.530    1  0.000  0.537     0.00     0.00 -1 -3.36e-14      0.00 7.968e-01 2.006e-01 4.588e-04 1.254e-04 1.141e-03 -1.000 2.594e-03 5.298 4.211 3.894 3.846 3.818 3.822 3.815 3.806 3.362 3.559 3.679 3.821 3.823 3.719 3.549
0.003 -0.70993 10.00000 0.7647368908 2.4057352543    0.764 -0.163  3.7681  4.509    1  0.000  0.536     0.00     0.00 -1 -4.54e-14      0.00 7.994e-01 1.980e-01 4.536e-04 1.241e-04 1.129e-03 -1.000 2.570e-03 5.178 4.115 3.808 3.763 3.737 3.739 3.733 3.725 3.274 3.482 3.596 3.739 3.740 3.605 3.461
0.003 -0.70993 10.00000 0.7758274674 2.4099669456    0.775 -0.117  3.7725  4.486    1  0.000  0.535     0.00     0.00 -1 -6.07e-14      0.00 8.020e-01 1.955e-01 4.485e-04 1.228e-04 1.118e-03 -1.000 2.527e-03 5.063 4.021 3.722 3.679 3.656 3.657 3.652 3.644 3.188 3.407 3.514 3.658 3.658 3.495 3.374
0.003 -0.70993 10.00000 0.7772717476 2.4105079174    0.776 -0.111  3.7731  4.483    1  0.000  0.535     0.00     0.00 -1 -6.31e-14      0.00 8.023e-01 1.952e-01 4.478e-04 1.226e-04 1.116e-03 -1.000 2.522e-03 5.048 4.008 3.710 3.668 3.645 3.647 3.641 3.633 3.177 3.397 3.504 3.647 3.647 3.481 3.363
0.003 -0.70993 10.00000 0.7791246176 2.4111983776    0.778 -0.103  3.7737  4.479    1  0.000  0.535     0.00     0.00 -1 -6.44e-14      0.00 8.029e-01 1.946e-01 4.467e-04 1.223e-04 1.113e-03 -1.000 2.514e-03 5.028 3.992 3.695 3.653 3.631 3.632 3.626 3.619 3.161 3.383 3.489 3.633 3.632 3.462 3.347
0.003 -0.70993 10.00000 0.7918173671 2.4158289433    0.791 -0.048  3.7780  4.448    1  0.000  0.535     0.00     0.00 -1 -7.52e-14      0.00 8.071e-01 1.903e-01 4.388e-04 1.202e-04 1.094e-03 -1.000 2.512e-03 4.890 3.875 3.585 3.546 3.526 3.526 3.521 3.514 3.052 3.283 3.384 3.528 3.527 3.330 3.237
0.003 -0.70993 10.00000 0.8037587404 2.4200320244    0.803  0.006  3.7818  4.416    1  0.000  0.534     0.00     0.00 -1 -4.41e-14      0.00 8.114e-01 1.862e-01 4.310e-04 1.181e-04 1.076e-03 -1.000 2.461e-03 4.754 3.758 3.476 3.438 3.420 3.420 3.415 3.409 2.941 3.182 3.277 3.422 3.420 3.199 3.126
0.003 -0.70993 10.00000 0.8145164251 2.4236974716    0.813  0.057  3.7851  4.383    1  0.000  0.534     0.00     0.00 -1 -7.11e-14      0.00 8.154e-01 1.822e-01 4.236e-04 1.161e-04 1.058e-03 -1.000 2.399e-03 4.627 3.646 3.370 3.334 3.317 3.316 3.312 3.306 2.834 3.083 3.173 3.319 3.316 3.075 3.019
0.003 -0.70993 10.00000 0.8246480227 2.4270491600    0.823  0.108  3.7878  4.349    1  0.000  0.533     0.00     0.00 -1 -1.12e-13      0.00 8.194e-01 1.782e-01 4.162e-04 1.141e-04 1.040e-03 -1.000 2.359e-03 4.501 3.534 3.264 3.229 3.213 3.211 3.207 3.201 2.726 2.982 3.068 3.215 3.212 2.953 2.911
0.003 -0.70993 10.00000 0.8262835741 2.4275813103    0.825  0.116  3.7882  4.343    1  0.000  0.533     0.00     0.00 -1 -1.21e-13      0.00 8.201e-01 1.776e-01 4.150e-04 1.138e-04 1.037e-03 -1.000 2.349e-03 4.480 3.515 3.246 3.212 3.195 3.193 3.190 3.184 2.708 2.965 3.050 3.197 3.194 2.933 2.892
0.003 -0.70993 10.00000 0.8362500668 2.4307727814    0.835  0.167  3.7905  4.306    1  0.000  0.533     0.00     0.00 -1 -1.41e-13      0.00 8.244e-01 1.733e-01 4.071e-04 1.117e-04 1.018e-03 -1.000 2.289e-03 4.352 3.398 3.133 3.100 3.084 3.082 3.078 3.072 2.594 2.856 2.938 3.086 3.082 2.807 2.778
0.003 -0.70993 10.00000 0.8463771343 2.4339272976    0.845  0.222  3.7922  4.264    1  0.000  0.532     0.00     0.00 -1 -1.67e-13      0.00 8.280e-01 1.697e-01 4.007e-04 1.100e-04 1.003e-03 -1.000 2.264e-03 4.216 3.270 3.009 2.977 2.961 2.959 2.955 2.950 2.469 2.735 2.815 2.963 2.959 2.673 2.653
0.003 -0.70993 10.00000 0.8553033471 2.4366366863    0.853  0.273  3.7932  4.221    1  0.000  0.532     0.00     0.00 -1 -1.97e-13      0.00 8.296e-01 1.681e-01 3.981e-04 1.093e-04 9.971e-04 -1.000 2.277e-03 4.088 3.147 2.888 2.856 2.841 2.838 2.835 2.829 2.347 2.616 2.695 2.843 2.839 2.546 2.531
0.003 -0.70993 10.00000 0.8573096991 2.4372365475    0.855  0.285  3.7934  4.211    1  0.000  0.532     0.00     0.00 -1 -8.79e-14      0.00 8.298e-01 1.679e-01 3.978e-04 1.092e-04 9.964e-04 -1.000 2.277e-03 4.058 3.118 2.859 2.827 2.813 2.810 2.807 2.801 2.319 2.588 2.666 2.814 2.810 2.516 2.503
0.003 -0.70993 10.00000 0.8607312441 2.4382524490    0.859  0.306  3.7934  4.191    1  0.000  0.532     0.00     0.00 -1 -1.11e-13      0.00 8.301e-01 1.677e-01 3.974e-04 1.091e-04 9.955e-04 -1.000 2.277e-03 4.004 3.065 2.807 2.774 2.760 2.757 2.753 2.748 2.265 2.535 2.613 2.761 2.757 2.463 2.450
0.003 -0.70993 10.00000 0.8672728539 2.4401690960    0.865  0.349  3.7928  4.149    1  0.000  0.532     0.00     0.00 -1 -1.73e-13      0.00 8.306e-01 1.672e-01 3.967e-04 1.089e-04 9.939e-04 -1.000 2.269e-03 3.896 2.954 2.695 2.663 2.647 2.645 2.641 2.636 2.154 2.422 2.501 2.649 2.645 2.355 2.338
0.003 -0.70993 10.00000 0.8746852875 2.4423010349    0.872  0.402  3.7906  4.091    1  0.000  0.532     0.00     0.00 -1 -2.95e-13      0.00 8.310e-01 1.668e-01 3.964e-04 1.089e-04 9.937e-04 -1.000 2.217e-03 3.764 2.811 2.548 2.515 2.499 2.496 2.493 2.487 2.008 2.270 2.352 2.501 2.497 2.220 2.192
0.003 -0.70993 10.00000 0.8752954006 2.4424748421    0.873  0.407  3.7904  4.085    1  0.000  0.532     0.00     0.00 -1 -3.09e-13      0.00 8.309e-01 1.669e-01 3.968e-04 1.090e-04 9.947e-04 -1.000 2.231e-03 3.752 2.798 2.535 2.501 2.485 2.483 2.479 2.473 1.994 2.256 2.339 2.487 2.483 2.208 2.179
0.003 -0.70993 10.00000 0.8772671819 2.4430339336    0.875  0.422  3.7894  4.068    1  0.000  0.532     0.00     0.00 -1 -3.28e-13      0.00 8.300e-01 1.677e-01 3.992e-04 1.097e-04 1.001e-03 -1.000 2.281e-03 3.714 2.756 2.491 2.457 2.441 2.438 2.435 2.429 1.951 2.211 2.294 2.442 2.439 2.170 2.135
0.003 -0.70993 10.00000 0.8814986348 2.4442245960    0.879  0.457  3.7860  4.021    2  0.000  0.532     0.00     0.00 -1 -3.72e-13      0.00 8.261e-01 1.716e-01 4.097e-04 1.126e-04 1.027e-03 -1.000 2.341e-03 3.627 2.652 2.380 2.344 2.328 2.326 2.322 2.315 1.842 2.093 2.182 2.330 2.326 2.079 2.027
0.003 -0.70993 10.00000 0.8859717846 2.4454686642    0.884  0.497  3.7794  3.957    2  0.000  0.532     0.00     0.00 -1 -4.37e-13      0.00 8.146e-01 1.829e-01 4.362e-04 1.198e-04 1.092e-03 -1.000 2.489e-03 3.528 2.523 2.237 2.199 2.181 2.181 2.176 2.169 1.704 1.939 2.036 2.183 2.181 1.975 1.889
0.003 -0.70993 10.00000 0.8894107342 2.4464154243    0.887  0.526  3.7700  3.892    2  0.000  0.534     0.00     0.00 -1 -5.04e-13      0.00 7.928e-01 2.045e-01 4.765e-04 1.306e-04 1.190e-03 -1.000 2.708e-03 3.455 2.406 2.102 2.059 2.037 2.039 2.032 2.023 1.570 1.782 1.892 2.039 2.039 1.891 1.756
0.003 -0.70993 10.00000 0.8915078640 2.4469888210    0.889  0.540  3.7603  3.840    2  0.000  0.535     0.00     0.00 -1 -5.53e-13      0.00 7.776e-01 2.196e-01 5.022e-04 1.375e-04 1.251e-03 -1.000 2.840e-03 3.420 2.326 2.003 1.955 1.929 1.934 1.926 1.916 1.475 1.664 1.787 1.932 1.935 1.846 1.662
0.003 -0.70993 10.00000 0.8932353854 2.4474587440    0.891  0.551  3.7492  3.785    2  0.000  0.536     0.00     0.00 -1 -6.04e-13      0.00 7.674e-01 2.297e-01 5.191e-04 1.420e-04 1.292e-03 -1.000 2.943e-03 3.392 2.250 1.903 1.849 1.819 1.828 1.818 1.804 1.378 1.541 1.679 1.822 1.829 1.807 1.567
0.003 -0.70993 10.00000 0.8945930600 2.4478263855    0.892  0.569  3.7395  3.729    2  0.000  0.536     0.00     0.00 -1  -6.7e-13      0.00 7.615e-01 2.355e-01 5.287e-04 1.446e-04 1.314e-03 -1.000 2.984e-03 3.348 2.166 1.796 1.737 1.704 1.715 1.704 1.688 1.273 1.414 1.563 1.707 1.717 1.748 1.462
0.003 -0.70993 10.00000 0.8957706094 2.4481444359    0.893  0.600  3.7321  3.670    2  0.000  0.537     0.00     0.00 -1 -7.67e-13      0.00 7.576e-01 2.394e-01 5.350e-04 1.463e-04 1.329e-03 -1.000 3.026e-03 3.271 2.059 1.670 1.609 1.573 1.587 1.575 1.557 1.142 1.285 1.434 1.577 1.589 1.617 1.331
0.003 -0.70993 10.00000 0.8968612552 2.4484381676    0.894  0.642  3.7268  3.607    2  0.000  0.537     0.00     0.00 -1 -9.08e-13      0.00 7.543e-01 2.426e-01 5.395e-04 1.474e-04 1.340e-03 -1.000 3.047e-03 3.165 1.931 1.528 1.464 1.428 1.444 1.431 1.411 0.997 1.140 1.290 1.432 1.446 1.471 1.185
0.003 -0.70993 10.00000 0.8970170617 2.4484801292    0.894  0.649  3.7261  3.597    2  0.000  0.537     0.00     0.00 -1 -9.36e-13      0.00 7.539e-01 2.431e-01 5.400e-04 1.476e-04 1.341e-03 -1.000 3.011e-03 3.148 1.911 1.506 1.443 1.406 1.422 1.409 1.389 0.975 1.118 1.268 1.410 1.424 1.449 1.164
0.003 -0.70993 10.00000 0.8975809216 2.4486315250    0.895  0.677  3.7241  3.561    3  0.000  0.537     0.00     0.00 -1 -1.04e-12      0.00 7.523e-01 2.447e-01 5.417e-04 1.480e-04 1.345e-03 -1.000 3.033e-03 3.076 1.832 1.421 1.357 1.320 1.337 1.324 1.302 0.888 1.032 1.182 1.324 1.339 1.363 1.077
0.003 -0.70993 10.00000 0.8982990980 2.4488241673    0.896  0.717  3.7218  3.512    3  0.000  0.537     0.00     0.00 -1  -1.2e-12      0.00 7.502e-01 2.467e-01 5.436e-04 1.486e-04 1.350e-03 -1.000 3.066e-03 2.977 1.724 1.306 1.242 1.205 1.222 1.209 1.187 0.773 0.917 1.067 1.208 1.224 1.247 0.961
0.003 -0.70993 10.00000 0.8990933895 2.4490365982    0.896  0.766  3.7196  3.455    3  0.000  0.536     0.00     0.00 -1 -1.43e-12      0.00 7.478e-01 2.492e-01 5.449e-04 1.492e-04 1.355e-03 -1.000 3.078e-03 2.856 1.594 1.171 1.105 1.068 1.086 1.073 1.050 0.635 0.780 0.931 1.072 1.088 1.110 0.824
0.003 -0.70993 10.00000 0.8998317122 2.4492337704    0.897  0.815  3.7178  3.399    3  0.000  0.535     0.00     0.00 -1 -1.71e-12      0.00 7.453e-01 2.516e-01 5.447e-04 1.501e-04 1.358e-03 -1.000 3.099e-03 2.733 1.464 1.035 0.969 0.931 0.951 0.936 0.912 0.498 0.643 0.794 0.935 0.953 0.973 0.687
0.003 -0.70993 10.00000 0.9003826976 2.4493806362    0.898  0.855  3.7165  3.354    3  0.000  0.532     0.00     0.00 -1 -1.98e-12      0.00 7.433e-01 2.536e-01 5.422e-04 1.523e-04 1.360e-03 -1.000 3.086e-03 2.633 1.359 0.926 0.860 0.822 0.842 0.827 0.803 0.388 0.533 0.684 0.825 0.844 0.863 0.577
0.003 -0.70993 10.00000 0.9009124637 2.4495217800    0.898  0.896  3.7152  3.308    3  0.000  0.527     0.00     0.00 -1 -2.29e-12      0.00 7.413e-01 2.556e-01 5.376e-04 1.564e-04 1.363e-03 -1.000 3.086e-03 2.530 1.251 0.815 0.748 0.710 0.730 0.716 0.690 0.276 0.421 0.572 0.713 0.732 0.750 0.465
0.003 -0.70993 10.00000 0.9015191793 2.4496831894    0.899  0.947  3.7136  3.251    3  0.000  0.519     0.00     0.00 -1 -2.75e-12      0.00 7.391e-01 2.578e-01 5.295e-04 1.649e-04 1.364e-03 -1.000 3.080e-03 2.403 1.118 0.677 0.609 0.571 0.592 0.577 0.551 0.136 0.282 0.432 0.574 0.594 0.611 0.325
0.003 -0.70993 10.00000 0.9020664096 2.4498283863    0.899  0.997  3.7121  3.195    3  0.000  0.510     0.00     0.00 -1 -3.29e-12      0.00 7.371e-01 2.598e-01 5.201e-04 1.758e-04 1.366e-03 -1.000 3.134e-03 2.278 0.986 0.541 0.473 0.434 0.457 0.441 0.414 -0.000 0.145 0.295 0.438 0.459 0.474 0.188
0.003 -0.70993 10.00000 0.9025945067 2.4499685764    0.899  1.050  3.7104  3.136    3  0.000  0.501     0.00     0.00 -1 -3.97e-12      0.00 7.354e-01 2.615e-01 5.110e-04 1.870e-04 1.367e-03 -1.000 3.123e-03 2.146 0.848 0.397 0.329 0.290 0.313 0.297 0.269 -0.145 0.000 0.151 0.294 0.316 0.329 0.044
0.003 -0.70993 10.00000 0.9030428529 2.4500873089    0.900  1.099  3.7087  3.080    3  0.000  0.495     0.00     0.00 -1 -4.74e-12      0.00 7.340e-01 2.629e-01 5.041e-04 1.958e-04 1.368e-03 -1.000 3.109e-03 2.023 0.719 0.263 0.194 0.155 0.179 0.163 0.134 -0.281 -0.136 0.015 0.159 0.181 0.194 -0.092
0.003 -0.70993 10.00000 0.9034655094 2.4501988888    0.900  1.150  3.7069  3.022    3  0.000  0.489     0.00     0.00 -1  -5.7e-12      0.00 7.329e-01 2.640e-01 4.988e-04 2.026e-04 1.369e-03 -1.000 3.113e-03 1.896 0.585 0.124 0.054 0.015 0.040 0.023 -0.007 -0.421 -0.276 -0.126 0.019 0.043 0.053 -0.233
0.003 -0.70993 10.00000 0.9038299918 2.4502952099    0.900  1.198  3.7051  2.967    3  0.000  0.485     0.00     0.00 -1 -6.79e-12      0.00 7.321e-01 2.648e-01 4.950e-04 2.074e-04 1.369e-03 -1.000 3.110e-03 1.775 0.458 -0.009 -0.080 -0.119 -0.093 -0.110 -0.141 -0.556 -0.411 -0.262 -0.115 -0.090 -0.081 -0.367
0.003 -0.70993 10.00000 0.9041716456 2.4503855705    0.901  1.248  3.7032  2.910    3  0.000  0.483     0.00     0.00 -1 -8.12e-12      0.00 7.315e-01 2.654e-01 4.924e-04 2.107e-04 1.369e-03 -1.000 3.107e-03 1.651 0.326 -0.147 -0.218 -0.258 -0.231 -0.248 -0.280 -0.695 -0.551 -0.402 -0.254 -0.228 -0.220 -0.506
0.003 -0.70993 10.00000 0.9044872522 2.4504687786    0.901  1.298  3.7012  2.852    3  0.000  0.481     0.00     0.00 -1 -9.74e-12      0.00 7.311e-01 2.658e-01 4.906e-04 2.131e-04 1.370e-03 -1.000 3.092e-03 1.526 0.193 -0.287 -0.358 -0.398 -0.371 -0.388 -0.421 -0.837 -0.693 -0.544 -0.394 -0.368 -0.362 -0.648
0.003 -0.70993 10.00000 0.9047581553 2.4505403042    0.901  1.345  3.6992  2.797    3  0.000  0.480     0.00     0.00 -1 -1.16e-11      0.00 7.309e-01 2.660e-01 4.896e-04 2.143e-04 1.370e-03 -1.000 3.090e-03 1.408 0.068 -0.418 -0.491 -0.531 -0.503 -0.521 -0.554 -0.970 -0.827 -0.679 -0.527 -0.500 -0.495 -0.781
0.003 -0.70993 10.00000 0.9050104022 2.4506065845    0.901  1.392  3.6971  2.741    3  0.000  0.479     0.00     0.00 -1 -1.38e-11      0.00 7.307e-01 2.661e-01 4.892e-04 2.149e-04 1.370e-03 -1.000 3.147e-03 1.289 -0.060 -0.553 -0.626 -0.667 -0.638 -0.656 -0.691 -1.107 -0.964 -0.817 -0.663 -0.635 -0.632 -0.918
0.003 -0.70993 10.00000 0.9052260518 2.4506633282    0.901  1.437  3.6952  2.689    3  0.000  0.479     0.00     0.00 -1 -1.62e-11      0.00 7.307e-01 2.661e-01 4.891e-04 2.151e-04 1.370e-03 -1.000 3.147e-03 1.178 -0.178 -0.679 -0.753 -0.793 -0.763 -0.782 -0.818 -1.234 -1.092 -0.946 -0.789 -0.760 -0.759 -1.045
0.003 -0.70993 10.00000 0.9054346085 2.4507184029    0.901  1.484  3.6930  2.633    3  0.000  0.479     0.00     0.00 -1 -1.92e-11      0.00 7.307e-01 2.662e-01 4.890e-04 2.152e-04 1.370e-03 -1.000 3.147e-03 1.061 -0.303 -0.812 -0.886 -0.927 -0.896 -0.915 -0.952 -1.369 -1.227 -1.082 -0.923 -0.893 -0.893 -1.180
0.003 -0.70993 10.00000 0.9056189060 2.4507668018    0.901  1.528  3.6908  2.580    3  0.000  0.479     0.00     0.00 -1 -2.27e-11      0.00 7.307e-01 2.662e-01 4.889e-04 2.153e-04 1.370e-03 -1.000 3.147e-03 0.949 -0.423 -0.939 -1.014 -1.055 -1.023 -1.042 -1.080 -1.497 -1.356 -1.212 -1.051 -1.020 -1.021 -1.308
0.003 -0.70993 10.00000 0.9057906866 2.4508118629    0.901  1.574  3.6886  2.526    3  0.000  0.479     0.00     0.00 -1 -2.68e-11      0.00 7.307e-01 2.662e-01 4.889e-04 2.153e-04 1.370e-03 -1.000 3.147e-03 0.836 -0.544 -1.068 -1.144 -1.185 -1.153 -1.172 -1.210 -1.628 -1.489 -1.347 -1.181 -1.150 -1.152 -1.439
0.003 -0.70993 10.00000 0.9059428573 2.4508519173    0.901  1.617  3.6864  2.474    3  0.000  0.479     0.00     0.00 -1 -3.14e-11      0.00 7.307e-01 2.662e-01 4.888e-04 2.154e-04 1.370e-03 -1.000 3.147e-03 0.728 -0.659 -1.191 -1.269 -1.310 -1.278 -1.296 -1.335 -1.753 -1.615 -1.478 -1.306 -1.274 -1.277 -1.564
0.003 -0.70993 10.00000 0.9060831666 2.4508888721    0.901  1.659  3.6842  2.422    3  0.000  0.479     0.00     0.00 -1 -3.68e-11      0.00 7.307e-01 2.662e-01 4.888e-04 2.155e-04 1.370e-03 -1.000 3.147e-03 0.622 -0.774 -1.314 -1.392 -1.434 -1.401 -1.420 -1.459 -1.878 -1.742 -1.609 -1.430 -1.397 -1.401 -1.689
0.003 -0.70993 10.00000 0.9062172174 2.4509239197    0.901  1.702  3.6819  2.370    3  0.000  0.479     0.00     0.00 -1 -4.31e-11      0.00 7.307e-01 2.662e-01 4.887e-04 2.155e-04 1.370e-03 -1.000 3.147e-03 0.514 -0.890 -1.438 -1.517 -1.560 -1.526 -1.544 -1.585 -2.003 -1.869 -1.741 -1.555 -1.522 -1.526 -1.814
0.003 -0.70993 10.00000 0.9063423872 2.4509568214    0.901  1.742  3.6797  2.321    3  0.000  0.479     0.00     0.00 -1    -5e-11      0.00 7.306e-01 2.662e-01 4.887e-04 2.156e-04 1.370e-03 -1.000 3.147e-03 0.414 -0.999 -1.554 -1.634 -1.677 -1.642 -1.661 -1.702 -2.121 -1.988 -1.863 -1.672 -1.638 -1.644 -1.932
0.003 -0.70993 10.00000 0.9064841866 2.4509940147    0.901  1.781  3.6777  2.275    3  0.000  0.479     0.00     0.00 -1 -5.77e-11      0.00 7.306e-01 2.662e-01 4.887e-04 2.156e-04 1.370e-03 -1.000 3.147e-03 0.319 -1.101 -1.662 -1.744 -1.787 -1.751 -1.770 -1.813 -2.232 -2.099 -1.974 -1.782 -1.747 -1.754 -2.043
0.003 -0.70993 10.00000 0.9065683484 2.4510161877    0.901  1.796  3.6769  2.256    3  0.000  0.478     0.00     0.00 -1 -6.12e-11      0.00 7.306e-01 2.662e-01 4.886e-04 2.157e-04 1.370e-03 -1.000 3.147e-03 0.281 -1.142 -1.705 -1.787 -1.831 -1.794 -1.813 -1.857 -2.276 -2.143 -2.018 -1.826 -1.790 -1.798 -2.087
0.003 -0.70993 10.00000 0.9066299796 2.4510324001    0.901  1.784  3.6778  2.272    3  0.000  0.478     0.00     0.00 -1  -5.9e-11      0.00 7.306e-01 2.662e-01 4.886e-04 2.157e-04 1.370e-03 -1.000 3.147e-03 0.310 -1.109 -1.670 -1.751 -1.795 -1.758 -1.777 -1.820 -2.240 -2.107 -1.982 -1.790 -1.755 -1.762 -2.051
0.003 -0.70993 10.00000 0.9067169428 2.4510550499    0.901  1.755  3.6799  2.309    3  0.000  0.478     0.00     0.00 -1 -5.31e-11      0.00 7.306e-01 2.662e-01 4.886e-04 2.157e-04 1.370e-03 -1.000 3.147e-03 0.383 -1.029 -1.583 -1.663 -1.706 -1.671 -1.690 -1.731 -2.150 -2.017 -1.893 -1.702 -1.668 -1.673 -1.961
0.003 -0.70993 10.00000 0.9067282677 2.4510581493    0.901  1.751  3.6802  2.314    3  0.000  0.478     0.00     0.00 -1 -5.22e-11      0.00 7.306e-01 2.662e-01 4.886e-04 2.158e-04 1.370e-03 -1.000 3.147e-03 0.393 -1.018 -1.571 -1.652 -1.694 -1.660 -1.678 -1.719 -2.138 -2.005 -1.881 -1.690 -1.656 -1.661 -1.949
0.003 -0.70993 10.00000 0.9068207145 2.4510822296    0.901  1.790  3.6779  2.266    3  0.000  0.478     0.00     0.00 -1 -5.96e-11      0.00 7.306e-01 2.662e-01 4.886e-04 2.158e-04 1.370e-03 -1.000 3.147e-03 0.295 -1.124 -1.684 -1.765 -1.809 -1.772 -1.791 -1.834 -2.254 -2.121 -1.996 -1.804 -1.768 -1.776 -2.065
0.003 -0.70993 10.00000 0.9069222808 2.4511089325    0.900  1.835  3.6754  2.211    3  0.000  0.478     0.00     0.00 -1 -7.03e-11      0.00 7.306e-01 2.662e-01 4.885e-04 2.158e-04 1.370e-03 -1.000 3.147e-03 0.183 -1.244 -1.813 -1.895 -1.940 -1.901 -1.921 -1.966 -2.386 -2.253 -2.128 -1.935 -1.897 -1.908 -2.197
0.003 -0.70993 10.00000 0.9070124626 2.4511325359    0.900  1.877  3.6729  2.159    3  0.000  0.478     0.00     0.00 -1 -8.23e-11      0.00 7.306e-01 2.662e-01 4.885e-04 2.159e-04 1.370e-03 -1.000 3.147e-03 0.078 -1.358 -1.934 -2.018 -2.063 -2.023 -2.044 -2.091 -2.510 -2.378 -2.252 -2.059 -2.019 -2.033 -2.321
0.003 -0.70993 10.00000 0.9070990086 2.4511551857    0.900  1.920  3.6703  2.105    3  0.000  0.478     0.00     0.00 -1 -9.67e-11      0.00 7.306e-01 2.663e-01 4.885e-04 2.159e-04 1.370e-03 -1.000 3.147e-03 -0.031 -1.475 -2.059 -2.145 -2.191 -2.148 -2.170 -2.219 -2.639 -2.506 -2.380 -2.186 -2.144 -2.161 -2.450
0.003 -0.70993 10.00000 0.9071778059 2.4511759281    0.900  1.962  3.6677  2.052    3  0.000  0.478     0.00     0.00 -1 -1.13e-10      0.00 7.306e-01 2.663e-01 4.884e-04 2.160e-04 1.370e-03 -1.000 3.146e-03 -0.136 -1.589 -2.181 -2.268 -2.315 -2.270 -2.292 -2.344 -2.764 -2.631 -2.504 -2.310 -2.265 -2.287 -2.575
0.003 -0.70993 10.00000 0.9072522521 2.4511952400    0.899  2.005  3.6650  1.999    3  0.000  0.478     0.00     0.00 -1 -1.33e-10      0.00 7.306e-01 2.663e-01 4.884e-04 2.160e-04 1.370e-03 -1.000 3.146e-03 -0.243 -1.705 -2.304 -2.392 -2.440 -2.392 -2.416 -2.472 -2.877 -2.961 -2.997 -2.435 -2.387 -2.418 -2.695
0.003 -0.70993 10.00000 0.9073189497 2.4512128830    0.899  2.046  3.6623  1.947    3  0.000  0.478     0.00     0.00 -1 -1.55e-10      0.00 7.306e-01 2.663e-01 4.884e-04 2.160e-04 1.370e-03 -1.000 3.146e-03 -0.346 -1.818 -2.417 -2.509 -2.558 -2.504 -2.532 -2.594 -2.919 -4.175 -5.110 -2.553 -2.498 -2.559 -2.773
0.003 -0.70993 10.00000 0.9073823094 2.4512293339    0.899  2.089  3.6596  1.893    3  0.000  0.478     0.00     0.00 -1 -1.82e-10      0.00 7.306e-01 2.663e-01 4.884e-04 2.160e-04 1.370e-03 -1.000 3.146e-03 -0.452 -1.934 -2.537 -2.631 -2.682 -2.623 -2.654 -2.720 -2.999 -4.941 -6.403 -2.677 -2.617 -2.696 -2.873
0.003 -0.70993 10.00000 0.9074385166 2.4512441158    0.898  2.129  3.6570  1.842    3  0.000  0.478     0.00     0.00 -1 -2.12e-10      0.00 7.306e-01 2.663e-01 4.884e-04 2.161e-04 1.370e-03 -1.000 3.146e-03 -0.553 -2.042 -2.658 -2.753 -2.805 -2.745 -2.776 -2.842 -3.164 -4.493 -5.486 -2.799 -2.739 -2.808 -3.019
0.003 -0.70993 10.00000 0.9074915648 2.4512579441    0.898  2.170  3.6542  1.790    3  0.000  0.478     0.00     0.00 -1 -2.48e-10      0.00 7.306e-01 2.663e-01 4.883e-04 2.161e-04 1.370e-03 -1.000 3.146e-03 -0.656 -2.154 -2.776 -2.874 -2.926 -2.864 -2.896 -2.965 -3.254 -5.068 -6.435 -2.921 -2.858 -2.939 -3.124
0.003 -0.70993 10.00000 0.9075402021 2.4512708187    0.898  2.211  3.6515  1.738    3  0.000  0.478     0.00     0.00 -1 -2.89e-10      0.00 7.306e-01 2.663e-01 4.883e-04 2.161e-04 1.370e-03 -1.000 3.146e-03 -0.757 -2.264 -2.892 -2.993 -3.047 -2.981 -3.015 -3.087 -3.344 -5.639 -7.375 -3.041 -2.975 -3.069 -3.228
0.003 -0.70993 10.00000 0.9075850844 2.4512825012    0.897  2.251  3.6487  1.686    3  0.000  0.478     0.00     0.00 -1 -3.36e-10      0.00 7.306e-01 2.663e-01 4.883e-04 2.161e-04 1.370e-03 -1.000 3.146e-03 -0.858 -2.373 -3.007 -3.111 -3.166 -3.098 -3.133 -3.208 -3.433 -6.206 -8.311 -3.160 -3.091 -3.198 -3.332
0.003 -0.70993 10.00000 0.9076263905 2.4512932301    0.896  2.291  3.6459  1.635    3  0.000  0.478     0.00     0.00 -1 -3.91e-10      0.00 7.306e-01 2.663e-01 4.883e-04 2.162e-04 1.370e-03 -1.000 3.146e-03 -0.958 -2.481 -3.121 -3.228 -3.285 -3.213 -3.250 -3.328 -3.521 -6.769 -9.238 -3.279 -3.206 -3.325 -3.434
0.003 -0.70993 10.00000 0.9076647162 2.4513032436    0.896  2.331  3.6431  1.584    3  0.000  0.478     0.00     0.00 -1 -4.55e-10      0.00 7.306e-01 2.663e-01 4.883e-04 2.162e-04 1.370e-03 -1.000 3.146e-03 -1.057 -2.589 -3.234 -3.345 -3.403 -3.328 -3.367 -3.447 -3.609 -7.332 -10.166 -3.397 -3.321 -3.453 -3.537
0.003 -0.70993 10.00000 0.9077012539 2.4513127804    0.895  2.372  3.6403  1.531    3  0.000  0.478     0.00     0.00 -1 -5.31e-10      0.00 7.306e-01 2.663e-01 4.883e-04 2.162e-04 1.370e-03 -1.000 3.146e-03 -1.159 -2.699 -3.349 -3.465 -3.524 -3.445 -3.486 -3.569 -3.699 -7.908 -11.114 -3.518 -3.438 -3.583 -3.642
0.003 -0.70993 10.00000 0.9077331424 2.4513211250    0.895  2.410  3.6375  1.482    3  0.000  0.478     0.00     0.00 -1 -6.14e-10      0.00 7.306e-01 2.663e-01 4.883e-04 2.162e-04 1.370e-03 -1.000 3.146e-03 -1.255 -2.802 -3.459 -3.578 -3.639 -3.558 -3.600 -3.684 -3.796 -8.295 -11.724 -3.633 -3.550 -3.703 -3.747
0.003 -0.70993 10.00000 0.9077636003 2.4513292313    0.894  2.449  3.6346  1.430    3  0.000  0.478     0.00     0.00 -1 -7.14e-10      0.00 7.306e-01 2.663e-01 4.883e-04 2.162e-04 1.370e-03 -1.000 3.146e-03 -1.354 -2.908 -3.574 -3.697 -3.759 -3.676 -3.719 -3.804 -3.918 -8.417 -11.845 -3.752 -3.667 -3.823 -3.869
0.003 -0.70993 10.00000 0.9077913761 2.4513363838    0.893  2.488  3.6318  1.380    3  0.000  0.478     0.00     0.00 -1 -8.27e-10      0.00 7.306e-01 2.663e-01 4.882e-04 2.162e-04 1.370e-03 -1.000 3.146e-03 -1.450 -3.011 -3.687 -3.813 -3.876 -3.791 -3.835 -3.921 -4.037 -8.536 -11.964 -3.869 -3.782 -3.941 -3.987
0.003 -0.70993 10.00000 0.9078171253 2.4513430595    0.892  2.526  3.6289  1.330    3  0.000  0.478     0.00     0.00 -1 -9.57e-10      0.00 7.306e-01 2.663e-01 4.882e-04 2.162e-04 1.370e-03 -1.000 3.146e-03 -1.545 -3.113 -3.799 -3.927 -3.992 -3.905 -3.950 -4.037 -4.154 -8.653 -12.082 -3.985 -3.897 -4.057 -4.105
0.003 -0.70993 10.00000 0.9078415632 2.4513494968    0.891  2.565  3.6260  1.279    3  0.000  0.478     0.00     0.00 -1 -1.11e-09      0.00 7.306e-01 2.663e-01 4.882e-04 2.163e-04 1.370e-03 -1.000 3.146e-03 -1.642 -3.217 -3.912 -4.044 -4.110 -4.021 -4.068 -4.154 -4.274 -8.773 -12.202 -4.102 -4.013 -4.175 -4.225
0.003 -0.70993 10.00000 0.9078689218 2.4513566494    0.890  2.611  3.6224  1.218    3  0.000  0.478     0.00     0.00 -1 -1.32e-09      0.00 7.306e-01 2.663e-01 4.882e-04 2.163e-04 1.370e-03 -1.000 3.146e-03 -1.758 -3.341 -4.048 -4.185 -4.252 -4.161 -4.209 -4.295 -4.418 -8.917 -12.346 -4.244 -4.153 -4.317 -4.369
0.003 -0.70993 10.00000 0.9078897834 2.4513621330    0.889  2.649  3.6196  1.168    3  0.000  0.478     0.00     0.00 -1 -1.53e-09      0.00 7.306e-01 2.663e-01 4.882e-04 2.163e-04 1.370e-03 -1.000 3.146e-03 -1.853 -3.443 -4.159 -4.299 -4.368 -4.276 -4.324 -4.411 -4.536 -9.035 -12.464 -4.360 -4.267 -4.434 -4.487
0.003 -0.70993 10.00000 0.9079089165 2.4513671398    0.888  2.687  3.6168  1.119    3  0.000  0.478     0.00     0.00 -1 -1.77e-09      0.00 7.306e-01 2.663e-01 4.882e-04 2.163e-04 1.370e-03 -1.000 3.146e-03 -1.947 -3.542 -4.268 -4.412 -4.481 -4.388 -4.437 -4.524 -4.651 -9.150 -12.579 -4.473 -4.379 -4.547 -4.602
0.003 -0.70993 10.00000 0.9079309702 2.4513728619    0.886  2.733  3.6131  1.057    3  0.000  0.478     0.00     0.00 -1 -2.11e-09      0.00 7.306e-01 2.663e-01 4.882e-04 2.163e-04 1.370e-03 -1.000 3.146e-03 -2.062 -3.664 -4.403 -4.552 -4.623 -4.528 -4.578 -4.664 -4.795 -9.294 -12.723 -4.614 -4.519 -4.689 -4.746
0.003 -0.70993 10.00000 0.9079511762 2.4513781071    0.884  2.778  3.6095  0.996    3  0.000  0.478     0.00     0.00 -1 -2.52e-09      0.00 7.306e-01 2.663e-01 4.882e-04 2.163e-04 1.370e-03 -1.000 3.146e-03 -2.175 -3.785 -4.536 -4.690 -4.762 -4.665 -4.717 -4.803 -4.937 -9.436 -12.865 -4.753 -4.656 -4.828 -4.887
0.003 -0.70993 10.00000 0.9079666138 2.4513821602    0.882  2.815  3.6066  0.947    3  0.000  0.478     0.00     0.00 -1 -2.91e-09      0.00 7.306e-01 2.663e-01 4.882e-04 2.163e-04 1.370e-03 -1.000 3.146e-03 -2.269 -3.884 -4.644 -4.802 -4.876 -4.779 -4.831 -4.917 -5.053 -9.553 -12.981 -4.866 -4.769 -4.943 -5.004
0.003 -0.70993 10.00000 0.9079839587 2.4513866901    0.880  2.860  3.6030  0.887    3  0.000  0.478     0.00     0.00 -1 -3.45e-09      0.00 7.305e-01 2.663e-01 4.882e-04 2.163e-04 1.370e-03 -1.000 3.146e-03 -2.379 -4.002 -4.774 -4.938 -5.013 -4.914 -4.968 -5.053 -5.193 -9.693 -13.121 -5.003 -4.905 -5.080 -5.144
0.003 -0.70993 10.00000 0.9079999328 2.4513909817    0.878  2.904  3.5994  0.827    3  0.000  0.478     0.00     0.00 -1  -4.1e-09      0.00 7.305e-01 2.663e-01 4.882e-04 2.163e-04 1.370e-03 -1.000 3.146e-03 -2.490 -4.119 -4.903 -5.072 -5.149 -5.049 -5.105 -5.189 -5.333 -9.832 -13.260 -5.139 -5.040 -5.217 -5.283
0.003 -0.70993 10.00000 0.9080150723 2.4513947964    0.875  2.948  3.5958  0.767    3  0.000  0.478     0.00     0.00 -1 -4.88e-09      0.00 7.305e-01 2.663e-01 4.882e-04 2.163e-04 1.370e-03 -1.000 3.146e-03 -2.601 -4.237 -5.033 -5.208 -5.287 -5.186 -5.243 -5.327 -5.473 -9.973 -13.401 -5.276 -5.176 -5.355 -5.424
0.003 -0.70993 10.00000 0.9080289006 2.4513986111    0.873  2.992  3.5922  0.707    3  0.000  0.478     0.00     0.00 -1 -5.79e-09      0.00 7.305e-01 2.663e-01 4.882e-04 2.163e-04 1.370e-03 -1.000 3.146e-03 -2.711 -4.353 -5.161 -5.342 -5.422 -5.320 -5.379 -5.462 -5.612 -10.111 -13.540 -5.410 -5.311 -5.491 -5.562
0.003 -0.70993 10.00000 0.9080414176 2.4514017105    0.870  3.034  3.5887  0.650    3  0.000  0.478     0.00     0.00 -1 -6.82e-09      0.00 7.305e-01 2.663e-01 4.882e-04 2.163e-04 1.370e-03 -1.000 3.146e-03 -2.815 -4.465 -5.283 -5.470 -5.553 -5.449 -5.510 -5.592 -5.745 -10.244 -13.673 -5.540 -5.440 -5.622 -5.696
0.003 -0.70993 10.00000 0.9080532789 2.4514048100    0.866  3.077  3.5850  0.591    3  0.000  0.478     0.00     0.00 -1 -8.07e-09      0.00 7.305e-01 2.663e-01 4.882e-04 2.163e-04 1.370e-03 -1.000 3.146e-03 -2.922 -4.578 -5.408 -5.601 -5.686 -5.580 -5.644 -5.725 -5.882 -10.381 -13.809 -5.672 -5.571 -5.756 -5.832
0.003 -0.70993 10.00000 0.9080642462 2.4514076710    0.863  3.119  3.5814  0.533    3  0.000  0.478     0.00     0.00 -1 -9.52e-09      0.00 7.305e-01 2.663e-01 4.882e-04 2.164e-04 1.370e-03 -1.000 3.146e-03 -3.027 -4.688 -5.530 -5.730 -5.816 -5.708 -5.775 -5.855 -6.015 -10.514 -13.943 -5.801 -5.700 -5.887 -5.966
0.003 -0.70993 10.00000 0.9080743790 2.4514102936    0.858  3.160  3.5778  0.475    3  0.000  0.478     0.00     0.00 -1 -1.12e-08      0.00 7.305e-01 2.663e-01 4.882e-04 2.164e-04 1.370e-03 -1.000 3.146e-03 -3.129 -4.797 -5.651 -5.856 -5.944 -5.836 -5.905 -5.983 -6.148 -10.647 -14.075 -5.929 -5.827 -6.017 -6.098
0.003 -0.70993 10.00000 0.9080836773 2.4514129162    0.854  3.199  3.5742  0.419    3  0.000  0.478     0.00     0.00 -1 -1.31e-08      0.00 7.305e-01 2.663e-01 4.881e-04 2.164e-04 1.370e-03 -1.000 3.146e-03 -3.228 -4.904 -5.768 -5.980 -6.070 -5.961 -6.033 -6.110 -6.279 -10.777 -14.206 -6.053 -5.953 -6.145 -6.229
0.003 -0.70993 10.00000 0.9080924392 2.4514150620    0.849  3.239  3.5705  0.362    3  0.000  0.478     0.00     0.00 -1 -1.54e-08      0.00 7.305e-01 2.663e-01 4.881e-04 2.164e-04 1.370e-03 -1.000 3.146e-03 -3.327 -5.011 -5.885 -6.103 -6.196 -6.086 -6.161 -6.237 -6.410 -10.908 -14.337 -6.178 -6.078 -6.273 -6.360
0.003 -0.70993 10.00000 0.9081004262 2.4514172077    0.844  3.277  3.5669  0.307    3  0.000  0.478     0.00     0.00 -1  -1.8e-08      0.00 7.305e-01 2.663e-01 4.881e-04 2.164e-04 1.370e-03 -1.000 3.146e-03 -3.422 -5.114 -5.998 -6.222 -6.317 -6.206 -6.284 -6.360 -6.536 -11.035 -14.463 -6.298 -6.199 -6.397 -6.487
0.003 -0.70993 10.00000 0.9081079960 2.4514191151    0.838  3.314  3.5632  0.252    3  0.000  0.478     0.00     0.00 -1  -2.1e-08      0.00 7.305e-01 2.663e-01 4.881e-04 2.164e-04 1.370e-03 -1.000 3.146e-03 -3.516 -5.215 -6.108 -6.340 -6.437 -6.325 -6.406 -6.481 -6.662 -11.160 -14.589 -6.416 -6.319 -6.520 -6.612
0.003 -0.70993 10.00000 0.9081153274 2.4514210224    0.832  3.351  3.5598  0.199    3  0.000  0.478     0.00     0.00 -1 -2.43e-08      0.00 7.305e-01 2.663e-01 4.881e-04 2.164e-04 1.370e-03 -1.000 3.146e-03 -3.607 -5.313 -6.216 -6.453 -6.553 -6.441 -6.525 -6.599 -6.784 -11.282 -14.711 -6.531 -6.435 -6.639 -6.734
0.003 -0.70993 10.00000 0.9081176519 2.4514217377    0.830  3.361  3.5588  0.183    3  0.000  0.478     0.00     0.00 -1 -2.55e-08      0.00 7.305e-01 2.663e-01 4.881e-04 2.164e-04 1.370e-03 -1.000 3.146e-03 -3.632 -5.341 -6.246 -6.485 -6.586 -6.473 -6.558 -6.632 -6.818 -11.316 -14.745 -6.562 -6.467 -6.672 -6.768
0.003 -0.70993 10.00000 0.9081176519 2.4514217377    0.829  1.737  3.7121  2.420    4  0.000  0.496     0.00     0.00 -1    -1e-30      0.00 7.313e-01 2.655e-01 5.107e-04 1.897e-04 1.370e-03 -1.000 3.170e-03 0.428 -0.868 -1.319 -1.386 -1.422 -1.395 -1.412 -1.444 -1.861 -1.721 -1.577 -1.418 -1.393 -1.385 -1.672
0.003 -0.70993 10.00000 0.9081883430 2.4514400959    0.829  1.749  3.7111  2.404    4  0.000  0.496     0.00     0.00 -1    -1e-30      0.00 7.313e-01 2.656e-01 5.107e-04 1.897e-04 1.370e-03 -1.000 3.170e-03 0.397 -0.904 -1.357 -1.424 -1.460 -1.433 -1.450 -1.483 -1.900 -1.760 -1.615 -1.457 -1.431 -1.424 -1.711
0.003 -0.70993 10.00000 0.9082580209 2.4514584541    0.829  1.753  3.7109  2.399    4  0.000  0.496     0.00     0.00 -1    -1e-30      0.00 7.313e-01 2.656e-01 5.107e-04 1.897e-04 1.370e-03 -1.000 3.170e-03 0.387 -0.914 -1.369 -1.435 -1.472 -1.445 -1.462 -1.494 -1.912 -1.771 -1.627 -1.468 -1.442 -1.435 -1.723
0.003 -0.70993 10.00000 0.9083286524 2.4514768124    0.829  1.755  3.7110  2.398    4  0.000  0.496     0.00     0.00 -1    -1e-30      0.00 7.313e-01 2.656e-01 5.107e-04 1.897e-04 1.370e-03 -1.000 3.170e-03 0.383 -0.918 -1.372 -1.439 -1.476 -1.448 -1.465 -1.498 -1.915 -1.775 -1.631 -1.472 -1.446 -1.439 -1.727
0.003 -0.70993 10.00000 0.9084011912 2.4514958858    0.829  1.755  3.7113  2.399    4  0.000  0.496     0.00     0.00 -1    -1e-30      0.00 7.313e-01 2.656e-01 5.107e-04 1.897e-04 1.370e-03 -1.000 3.170e-03 0.382 -0.918 -1.371 -1.437 -1.474 -1.447 -1.464 -1.496 -1.914 -1.773 -1.629 -1.470 -1.444 -1.437 -1.725
0.003 -0.70993 10.00000 0.9084739685 2.4515147209    0.830  1.754  3.7118  2.402    4  0.000  0.496     0.00     0.00 -1    -1e-30      0.00 7.313e-01 2.656e-01 5.107e-04 1.897e-04 1.370e-03 -1.000 3.170e-03 0.384 -0.914 -1.366 -1.432 -1.468 -1.441 -1.459 -1.490 -1.908 -1.767 -1.624 -1.465 -1.439 -1.432 -1.719
0.003 -0.70993 10.00000 0.9085472822 2.4515337944    0.830  1.753  3.7124  2.405    4  0.000  0.496     0.00     0.00 -1    -1e-30      0.00 7.313e-01 2.656e-01 5.106e-04 1.897e-04 1.370e-03 -1.000 3.170e-03 0.387 -0.909 -1.359 -1.425 -1.461 -1.434 -1.451 -1.483 -1.900 -1.760 -1.616 -1.457 -1.432 -1.424 -1.711
0.003 -0.70993 10.00000 0.9086202383 2.4515528679    0.830  1.752  3.7130  2.409    4  0.000  0.496     0.00     0.00 -1    -1e-30      0.00 7.313e-01 2.656e-01 5.106e-04 1.897e-04 1.370e-03 -1.000 3.170e-03 0.391 -0.902 -1.351 -1.416 -1.452 -1.426 -1.443 -1.474 -1.892 -1.752 -1.608 -1.449 -1.424 -1.416 -1.703
0.003 -0.70993 10.00000 0.9086919427 2.4515717030    0.830  1.750  3.7136  2.413    4  0.000  0.496     0.00     0.00 -1    -1e-30      0.00 7.313e-01 2.656e-01 5.106e-04 1.898e-04 1.370e-03 -1.000 3.170e-03 0.395 -0.896 -1.343 -1.408 -1.444 -1.418 -1.435 -1.466 -1.884 -1.743 -1.600 -1.441 -1.416 -1.407 -1.695
0.003 -0.70993 10.00000 0.9087626934 2.4515900612    0.830  1.749  3.7142  2.417    4  0.000  0.496     0.00     0.00 -1    -1e-30      0.00 7.313e-01 2.656e-01 5.106e-04 1.898e-04 1.370e-03 -1.000 3.170e-03 0.398 -0.891 -1.336 -1.401 -1.437 -1.412 -1.428 -1.459 -1.876 -1.736 -1.593 -1.434 -1.409 -1.400 -1.687
0.003 -0.70993 10.00000 0.9088377953 2.4516096115    0.830  1.748  3.7147  2.420    4  0.000  0.496     0.00     0.00 -1    -1e-30      0.00 7.312e-01 2.656e-01 5.106e-04 1.898e-04 1.370e-03 -1.000 3.170e-03 0.400 -0.886 -1.330 -1.395 -1.430 -1.405 -1.422 -1.452 -1.869 -1.729 -1.586 -1.427 -1.402 -1.393 -1.680
0.003 -0.70993 10.00000 0.9089138508 2.4516296387    0.830  1.747  3.7152  2.423    4  0.000  0.496     0.00     0.00 -1    -1e-30      0.00 7.312e-01 2.656e-01 5.106e-04 1.898e-04 1.370e-03 -1.000 3.170e-03 0.403 -0.882 -1.324 -1.389 -1.424 -1.399 -1.416 -1.446 -1.863 -1.723 -1.580 -1.421 -1.397 -1.387 -1.674
0.003 -0.70993 10.00000 0.9089879990 2.4516489506    0.830  1.746  3.7157  2.426    4  0.000  0.496     0.00     0.00 -1    -1e-30      0.00 7.312e-01 2.656e-01 5.106e-04 1.898e-04 1.370e-03 -1.000 3.170e-03 0.405 -0.878 -1.319 -1.383 -1.419 -1.394 -1.410 -1.440 -1.858 -1.718 -1.575 -1.415 -1.391 -1.381 -1.669
0.003 -0.70993 10.00000 0.9090605974 2.4516677856    0.830  1.746  3.7161  2.428    4  0.000  0.496     0.00     0.00 -1    -1e-30      0.00 7.312e-01 2.656e-01 5.106e-04 1.898e-04 1.370e-03 -1.000 3.170e-03 0.406 -0.875 -1.314 -1.379 -1.414 -1.390 -1.406 -1.435 -1.853 -1.713 -1.570 -1.411 -1.387 -1.377 -1.664
0.003 -0.70993 10.00000 0.9091314077 2.4516861439    0.830  1.745  3.7165  2.430    4  0.000  0.496     0.00     0.00 -1    -1e-30      0.00 7.312e-01 2.656e-01 5.106e-04 1.898e-04 1.370e-03 -1.000 3.170e-03 0.407 -0.873 -1.311 -1.375 -1.411 -1.386 -1.402 -1.432 -1.849 -1.710 -1.567 -1.407 -1.384 -1.373 -1.660
0.003 -0.70993 10.00000 0.9091392756 2.4516882896    0.830  1.745  3.7165  2.430    4  0.000  0.496     0.00     0.00 -1    -1e-30      0.00 7.312e-01 2.656e-01 5.106e-04 1.898e-04 1.370e-03 -1.000 3.170e-03 0.407 -0.872 -1.311 -1.375 -1.410 -1.386 -1.402 -1.431 -1.849 -1.709 -1.566 -1.407 -1.383 -1.372 -1.660
0.003 -0.70993 10.00000 0.9091469646 2.4516901970    0.830  1.745  3.7165  2.430    4  0.000  0.496     0.00     0.00 -1    -1e-30      0.00 7.312e-01 2.656e-01 5.106e-04 1.898e-04 1.370e-03 -1.000 3.170e-03 0.407 -0.872 -1.310 -1.375 -1.410 -1.386 -1.402 -1.431 -1.849 -1.709 -1.566 -1.406 -1.383 -1.372 -1.660
0.003 -0.70993 10.00000 0.9092171788 2.4517085552    0.830  1.745  3.7168  2.432    4  0.000  0.496     0.00     0.00 -1    -1e-30      0.00 7.312e-01 2.656e-01 5.106e-04 1.898e-04 1.370e-03 -1.000 3.170e-03 0.408 -0.871 -1.308 -1.372 -1.407 -1.383 -1.399 -1.428 -1.846 -1.706 -1.563 -1.404 -1.381 -1.370 -1.657
0.003 -0.70993 10.00000 0.9092926979 2.4517283440    0.830  1.745  3.7171  2.433    4  0.000  0.496     0.00     0.00 -1    -1e-30      0.00 7.312e-01 2.656e-01 5.106e-04 1.899e-04 1.370e-03 -1.000 3.170e-03 0.407 -0.870 -1.306 -1.371 -1.406 -1.381 -1.398 -1.427 -1.844 -1.705 -1.562 -1.402 -1.379 -1.368 -1.655
0.003 -0.70993 10.00000 0.9093633890 2.4517467022    0.831  1.745  3.7173  2.433    4  0.000  0.496     0.00     0.00 -1    -1e-30      0.00 7.312e-01 2.656e-01 5.106e-04 1.899e-04 1.370e-03 -1.000 3.170e-03 0.407 -0.870 -1.306 -1.370 -1.405 -1.381 -1.397 -1.426 -1.844 -1.704 -1.561 -1.402 -1.379 -1.367 -1.655
0.003 -0.70993 10.00000 0.9094398022 2.4517664909    0.831  1.746  3.7174  2.433    4  0.000  0.496     0.00     0.00 -1    -1e-30      0.00 7.312e-01 2.656e-01 5.106e-04 1.899e-04 1.370e-03 -1.000 3.170e-03 0.405 -0.871 -1.307 -1.371 -1.406 -1.382 -1.398 -1.427 -1.844 -1.705 -1.562 -1.402 -1.379 -1.368 -1.655
0.003 -0.70993 10.00000 0.9095132947 2.4517858028    0.831  1.747  3.7174  2.432    4  0.000  0.496     0.00     0.00 -1    -1e-30      0.00 7.312e-01 2.656e-01 5.106e-04 1.899e-04 1.370e-03 -1.000 3.170e-03 0.403 -0.873 -1.309 -1.373 -1.408 -1.384 -1.400 -1.429 -1.846 -1.707 -1.564 -1.404 -1.381 -1.370 -1.657
0.003 -0.70993 10.00000 0.9095867872 2.4518048763    0.831  1.748  3.7174  2.431    4  0.000  0.496     0.00     0.00 -1    -1e-30      0.00 7.312e-01 2.656e-01 5.105e-04 1.899e-04 1.370e-03 -1.000 3.170e-03 0.400 -0.877 -1.312 -1.376 -1.411 -1.387 -1.403 -1.432 -1.850 -1.710 -1.568 -1.408 -1.385 -1.373 -1.661
0.003 -0.70993 10.00000 0.9096573591 2.4518232346    0.831  1.750  3.7173  2.429    4  0.000  0.496     0.00     0.00 -1    -1e-30      0.00 7.312e-01 2.656e-01 5.105e-04 1.899e-04 1.370e-03 -1.000 3.170e-03 0.396 -0.881 -1.317 -1.381 -1.416 -1.392 -1.408 -1.437 -1.855 -1.715 -1.572 -1.413 -1.390 -1.378 -1.666
0.003 -0.70993 10.00000 0.9096676111 2.4518258572    0.831  1.750  3.7172  2.428    4  0.000  0.496     0.00     0.00 -1    -1e-30      0.00 7.312e-01 2.656e-01 5.105e-04 1.899e-04 1.370e-03 -1.000 3.170e-03 0.395 -0.882 -1.318 -1.382 -1.417 -1.393 -1.409 -1.438 -1.855 -1.716 -1.573 -1.414 -1.390 -1.379 -1.667
0.003 -0.70993 10.00000 0.9097312689 2.4518425465    0.831  1.752  3.7170  2.426    4  0.000  0.496     0.00     0.00 -1    -1e-30      0.00 7.312e-01 2.656e-01 5.105e-04 1.899e-04 1.370e-03 -1.000 3.170e-03 0.390 -0.887 -1.324 -1.388 -1.423 -1.399 -1.415 -1.444 -1.862 -1.723 -1.580 -1.420 -1.397 -1.386 -1.673
0.003 -0.70993 10.00000 0.9098039269 2.4518613815    0.831  1.755  3.7167  2.422    4  0.000  0.496     0.00     0.00 -1    -1e-30      0.00 7.312e-01 2.656e-01 5.105e-04 1.899e-04 1.370e-03 -1.000 3.170e-03 0.384 -0.895 -1.333 -1.397 -1.432 -1.408 -1.424 -1.454 -1.871 -1.732 -1.589 -1.429 -1.406 -1.395 -1.682
0.003 -0.70993 10.00000 0.9098768234 2.4518802166    0.831  1.758  3.7163  2.417    4  0.000  0.496     0.00     0.00 -1    -1e-30      0.00 7.312e-01 2.656e-01 5.105e-04 1.899e-04 1.370e-03 -1.000 3.170e-03 0.376 -0.905 -1.344 -1.408 -1.443 -1.419 -1.435 -1.464 -1.882 -1.743 -1.600 -1.440 -1.416 -1.406 -1.693
0.003 -0.70993 10.00000 0.9099461436 2.4518983364    0.831  1.761  3.7158  2.412    4  0.000  0.496     0.00     0.00 -1    -1e-30      0.00 7.312e-01 2.656e-01 5.105e-04 1.900e-04 1.370e-03 -1.000 3.170e-03 0.367 -0.916 -1.356 -1.420 -1.456 -1.431 -1.447 -1.477 -1.895 -1.755 -1.612 -1.452 -1.428 -1.418 -1.706
0.003 -0.70993 10.00000 0.9100170732 2.4519166946    0.831  1.765  3.7153  2.405    4  0.000  0.496     0.00     0.00 -1    -1e-30      0.00 7.312e-01 2.656e-01 5.105e-04 1.900e-04 1.370e-03 -1.000 3.170e-03 0.356 -0.929 -1.370 -1.435 -1.471 -1.445 -1.462 -1.492 -1.910 -1.770 -1.627 -1.467 -1.443 -1.433 -1.721
0.003 -0.70993 10.00000 0.9100881219 2.4519352913    0.831  1.770  3.7146  2.398    4  0.000  0.496     0.00     0.00 -1    -1e-30      0.00 7.312e-01 2.656e-01 5.105e-04 1.900e-04 1.370e-03 -1.000 3.170e-03 0.344 -0.943 -1.387 -1.452 -1.488 -1.462 -1.479 -1.509 -1.927 -1.787 -1.644 -1.484 -1.460 -1.451 -1.738
0.003 -0.70993 10.00000 0.9101580381 2.4519534111    0.831  1.776  3.7139  2.390    4  0.000  0.496     0.00     0.00 -1    -1e-30      0.00 7.312e-01 2.656e-01 5.105e-04 1.900e-04 1.370e-03 -1.000 3.170e-03 0.331 -0.960 -1.405 -1.471 -1.507 -1.481 -1.497 -1.528 -1.946 -1.806 -1.663 -1.503 -1.478 -1.470 -1.757
0.003 -0.70993 10.00000 0.9102276564 2.4519715309    0.832  1.781  3.7132  2.381    4  0.000  0.496     0.00     0.00 -1    -1e-30      0.00 7.312e-01 2.656e-01 5.105e-04 1.900e-04 1.370e-03 -1.000 3.170e-03 0.317 -0.976 -1.424 -1.490 -1.526 -1.499 -1.516 -1.548 -1.965 -1.825 -1.682 -1.522 -1.497 -1.489 -1.776
0.003 -0.70993 10.00000 0.9103000164 2.4519903660    0.832  1.786  3.7127  2.375    4  0.000  0.496     0.00     0.00 -1    -1e-30      0.00 7.312e-01 2.657e-01 5.105e-04 1.900e-04 1.370e-03 -1.000 3.170e-03 0.305 -0.990 -1.439 -1.505 -1.541 -1.514 -1.532 -1.563 -1.981 -1.841 -1.697 -1.538 -1.512 -1.505 -1.792
0.003 -0.70993 10.00000 0.9103703499 2.4520087242    0.832  1.794  3.7116  2.362    4  0.000  0.496     0.00     0.00 -1    -1e-30      0.00 7.312e-01 2.657e-01 5.105e-04 1.900e-04 1.370e-03 -1.000 3.170e-03 0.285 -1.015 -1.467 -1.533 -1.570 -1.542 -1.560 -1.592 -2.010 -1.869 -1.726 -1.566 -1.540 -1.533 -1.821
0.003 -0.70993 10.00000 0.9104416370 2.4520270824    0.832  1.811  3.7094  2.336    4  0.000  0.496     0.00     0.00 -1    -1e-30      0.00 7.312e-01 2.657e-01 5.105e-04 1.900e-04 1.370e-03 -1.000 3.170e-03 0.242 -1.067 -1.525 -1.592 -1.629 -1.601 -1.618 -1.652 -2.070 -1.930 -1.786 -1.626 -1.598 -1.594 -1.881
0.003 -0.70993 10.00000 0.9105129838 2.4520456791    0.832  1.843  3.7055  2.289    4  0.000  0.496     0.00     0.00 -1    -1e-30      0.00 7.312e-01 2.657e-01 5.105e-04 1.900e-04 1.370e-03 -1.000 3.170e-03 0.162 -1.162 -1.631 -1.700 -1.738 -1.707 -1.726 -1.762 -2.180 -2.040 -1.897 -1.735 -1.704 -1.703 -1.991
0.003 -0.70993 10.00000 0.9105529785 2.4520561695    0.832  1.878  3.7014  2.237    4  0.000  0.496     0.00     0.00 -1    -1e-30      0.00 7.312e-01 2.657e-01 5.105e-04 1.901e-04 1.370e-03 -1.000 3.170e-03 0.074 -1.266 -1.747 -1.818 -1.857 -1.824 -1.843 -1.882 -2.300 -2.160 -2.018 -1.853 -1.821 -1.823 -2.111
0.003 -0.70993 10.00000 0.9105730057 2.4520611763    0.832  1.915  3.6972  2.184    4  0.000  0.496     0.00     0.00 -1    -1e-30      0.00 7.312e-01 2.657e-01 5.105e-04 1.901e-04 1.370e-03 -1.000 3.170e-03 -0.017 -1.373 -1.867 -1.939 -1.979 -1.943 -1.963 -2.004 -2.423 -2.284 -2.143 -1.975 -1.940 -1.946 -2.234
0.003 -0.70993 10.00000 0.9105826616 2.4520637989    0.832  1.951  3.6932  2.132    4  0.000  0.496     0.00     0.00 -1    -1e-30      0.00 7.312e-01 2.657e-01 5.105e-04 1.901e-04 1.370e-03 -1.000 3.170e-03 -0.107 -1.477 -1.983 -2.057 -2.098 -2.060 -2.080 -2.124 -2.543 -2.405 -2.264 -2.094 -2.056 -2.066 -2.354
0.003 -0.70993 10.00000 0.9105871916 2.4520649910    0.832  1.984  3.6896  2.084    4  0.000  0.496     0.00     0.00 -1    -1e-30      0.00 7.312e-01 2.657e-01 5.105e-04 1.901e-04 1.370e-03 -1.000 3.170e-03 -0.191 -1.574 -2.091 -2.167 -2.209 -2.169 -2.190 -2.235 -2.655 -2.518 -2.379 -2.205 -2.165 -2.178 -2.466
0.003 -0.70993 10.00000 0.9105896950 2.4520654678    0.832  2.018  3.6861  2.037    4  0.000  0.496     0.00     0.00 -1    -1e-30      0.00 7.312e-01 2.657e-01 5.105e-04 1.901e-04 1.370e-03 -1.000 3.170e-03 -0.274 -1.670 -2.199 -2.277 -2.319 -2.279 -2.299 -2.346 -2.765 -2.630 -2.497 -2.315 -2.274 -2.288 -2.576
0.003 -0.70993 10.00000 0.9105914235 2.4520659447    0.832  2.053  3.6825  1.987    4  0.000  0.496     0.00     0.00 -1    -1e-30      0.00 7.312e-01 2.657e-01 5.105e-04 1.901e-04 1.370e-03 -1.000 3.170e-03 -0.363 -1.772 -2.313 -2.392 -2.435 -2.393 -2.414 -2.462 -2.864 -2.989 -3.060 -2.431 -2.389 -2.408 -2.683
0.003 -0.70993 10.00000 0.9105918407 2.4520661831    0.832  2.066  3.6813  1.969    7  0.000  0.496     0.00     0.00 -1 -8.58e-10      0.00 7.312e-01 2.642e-01 5.105e-04 1.901e-04 1.370e-03 -1.000 4.628e-03 -0.394 -1.808 -2.352 -2.431 -2.475 -2.433 -2.454 -2.502 -2.891 -3.218 -3.446 -2.470 -2.428 -2.452 -2.716
0.003 -0.70993 10.00000 0.9105928540 2.4520664215    0.832  2.099  3.6781  1.924    7  0.000  0.496     0.00     0.00 -1 -1.03e-09      0.00 7.312e-01 2.642e-01 5.105e-04 1.901e-04 1.370e-03 -1.000 4.628e-03 -0.477 -1.903 -2.453 -2.535 -2.579 -2.534 -2.557 -2.608 -2.964 -3.779 -4.383 -2.575 -2.530 -2.566 -2.804
0.003 -0.70993 10.00000 0.9105940461 2.4520666599    0.832  2.138  3.6744  1.870    7  0.000  0.496     0.00     0.00 -1 -1.29e-09      0.00 7.312e-01 2.642e-01 5.105e-04 1.901e-04 1.370e-03 -1.000 4.628e-03 -0.575 -2.015 -2.573 -2.657 -2.703 -2.654 -2.679 -2.735 -3.052 -4.430 -5.464 -2.699 -2.649 -2.701 -2.909
0.003 -0.70993 10.00000 0.9105952382 2.4520671368    0.832  2.172  3.6713  1.823    7  0.000  0.496     0.00     0.00 -1 -1.55e-09      0.00 7.312e-01 2.642e-01 5.105e-04 1.901e-04 1.370e-03 -1.000 4.628e-03 -0.659 -2.110 -2.675 -2.761 -2.809 -2.756 -2.783 -2.843 -3.128 -4.983 -6.383 -2.804 -2.751 -2.817 -2.999
0.003 -0.70993 10.00000 0.9105964303 2.4520673752    0.832  2.184  3.6702  1.807    7  0.000  0.496     0.00     0.00 -1 -1.65e-09      0.00 7.312e-01 2.642e-01 5.105e-04 1.901e-04 1.370e-03 -1.000 4.628e-03 -0.690 -2.145 -2.712 -2.799 -2.847 -2.793 -2.821 -2.882 -3.156 -5.179 -6.708 -2.843 -2.787 -2.859 -3.032
0.003 -0.70993 10.00000 0.9105982184 2.4520678520    0.832  2.197  3.6691  1.789    7  0.000  0.496     0.00     0.00 -1 -1.78e-09      0.00 7.312e-01 2.642e-01 5.105e-04 1.901e-04 1.370e-03 -1.000 4.628e-03 -0.722 -2.181 -2.750 -2.838 -2.887 -2.831 -2.859 -2.922 -3.184 -5.381 -7.043 -2.882 -2.825 -2.902 -3.066
0.003 -0.70993 10.00000 0.9106014967 2.4520685673    0.831  2.173  3.6713  1.821    7  0.000  0.496     0.00     0.00 -1 -1.56e-09      0.00 7.312e-01 2.642e-01 5.105e-04 1.901e-04 1.370e-03 -1.000 4.628e-03 -0.663 -2.115 -2.679 -2.766 -2.814 -2.760 -2.787 -2.847 -3.132 -5.000 -6.410 -2.809 -2.755 -2.822 -3.003
0.003 -0.70993 10.00000 0.9106053710 2.4520697594    0.831  2.155  3.6730  1.847    7  0.000  0.496     0.00     0.00 -1 -1.41e-09      0.00 7.312e-01 2.642e-01 5.105e-04 1.901e-04 1.370e-03 -1.000 4.628e-03 -0.616 -2.061 -2.622 -2.707 -2.755 -2.703 -2.729 -2.787 -3.089 -4.695 -5.905 -2.750 -2.698 -2.757 -2.953
0.003 -0.70993 10.00000 0.9106320143 2.4520766735    0.830  2.156  3.6728  1.844    7  0.000  0.496     0.00     0.00 -1 -1.43e-09      0.00 7.312e-01 2.642e-01 5.104e-04 1.901e-04 1.370e-03 -1.000 4.628e-03 -0.621 -2.067 -2.628 -2.714 -2.761 -2.709 -2.735 -2.794 -3.093 -4.734 -5.970 -2.756 -2.704 -2.764 -2.958
0.003 -0.70993 10.00000 0.9106578827 2.4520833492    0.829  2.173  3.6712  1.820    7  0.000  0.496     0.00     0.00 -1 -1.57e-09      0.00 7.312e-01 2.642e-01 5.104e-04 1.901e-04 1.370e-03 -1.000 4.628e-03 -0.662 -2.114 -2.679 -2.765 -2.813 -2.760 -2.787 -2.847 -3.130 -5.013 -6.434 -2.808 -2.754 -2.822 -3.002
0.003 -0.70993 10.00000 0.9106836915 2.4520900249    0.827  2.216  3.6671  1.760    7  0.000  0.496     0.00     0.00 -1    -2e-09      0.00 7.312e-01 2.642e-01 5.104e-04 1.901e-04 1.370e-03 -1.000 4.628e-03 -0.769 -2.235 -2.808 -2.898 -2.948 -2.889 -2.919 -2.984 -3.226 -5.723 -7.615 -2.943 -2.883 -2.969 -3.117
0.003 -0.70993 10.00000 0.9107083082 2.4520964622    0.825  2.262  3.6628  1.695    7  0.000  0.496     0.00     0.00 -1  -2.6e-09      0.00 7.312e-01 2.642e-01 5.104e-04 1.901e-04 1.370e-03 -1.000 4.628e-03 -0.886 -2.366 -2.948 -3.042 -3.094 -3.030 -3.063 -3.133 -3.330 -6.490 -8.890 -3.089 -3.023 -3.129 -3.241
0.003 -0.70993 10.00000 0.9107301235 2.4521019459    0.823  2.305  3.6589  1.636    7  0.000  0.496     0.00     0.00 -1  -3.3e-09      0.00 7.312e-01 2.642e-01 5.104e-04 1.901e-04 1.370e-03 -1.000 4.628e-03 -0.991 -2.485 -3.074 -3.173 -3.227 -3.158 -3.193 -3.268 -3.425 -7.179 -10.036 -3.221 -3.151 -3.273 -3.353
0.003 -0.70993 10.00000 0.9107494354 2.4521069527    0.820  2.346  3.6552  1.579    7  0.000  0.496     0.00     0.00 -1 -4.15e-09      0.00 7.312e-01 2.642e-01 5.104e-04 1.901e-04 1.370e-03 -1.000 4.628e-03 -1.094 -2.598 -3.200 -3.302 -3.357 -3.285 -3.322 -3.399 -3.555 -7.325 -10.194 -3.351 -3.278 -3.404 -3.484
0.003 -0.70993 10.00000 0.9107661843 2.4521114826    0.817  2.386  3.6516  1.523    7  0.000  0.496     0.00     0.00 -1  -5.2e-09      0.00 7.312e-01 2.642e-01 5.104e-04 1.901e-04 1.370e-03 -1.000 4.628e-03 -1.195 -2.710 -3.319 -3.425 -3.482 -3.407 -3.445 -3.525 -3.647 -7.935 -11.203 -3.476 -3.399 -3.539 -3.592
0.003 -0.70993 10.00000 0.9107807279 2.4521150589    0.814  2.425  3.6480  1.468    7  0.000  0.496     0.00     0.00 -1 -6.49e-09      0.00 7.312e-01 2.642e-01 5.104e-04 1.901e-04 1.370e-03 -1.000 4.628e-03 -1.292 -2.818 -3.436 -3.546 -3.605 -3.527 -3.567 -3.649 -3.758 -8.256 -11.685 -3.599 -3.519 -3.667 -3.709
0.003 -0.70993 10.00000 0.9107937217 2.4521186352    0.811  2.464  3.6446  1.413    7  0.000  0.496     0.00     0.00 -1 -8.02e-09      0.00 7.312e-01 2.642e-01 5.104e-04 1.901e-04 1.370e-03 -1.000 4.628e-03 -1.389 -2.924 -3.554 -3.667 -3.727 -3.646 -3.688 -3.772 -3.882 -8.380 -11.809 -3.721 -3.638 -3.790 -3.833
0.003 -0.70993 10.00000 0.9108053446 2.4521214962    0.807  2.502  3.6411  1.359    7  0.000  0.495     0.00     0.00 -1 -9.96e-09      0.00 7.312e-01 2.642e-01 5.102e-04 1.902e-04 1.370e-03 -1.000 4.628e-03 -1.485 -3.029 -3.670 -3.787 -3.848 -3.765 -3.807 -3.893 -4.005 -8.503 -11.932 -3.842 -3.757 -3.912 -3.956
0.003 -0.70993 10.00000 0.9108160734 2.4521243572    0.803  2.541  3.6377  1.304    7  0.000  0.495     0.00     0.00 -1 -1.24e-08      0.00 7.312e-01 2.642e-01 5.095e-04 1.905e-04 1.370e-03 -1.000 4.596e-03 -1.582 -3.135 -3.786 -3.907 -3.970 -3.885 -3.928 -4.015 -4.128 -8.627 -12.056 -3.963 -3.876 -4.035 -4.079
0.003 -0.70993 10.00000 0.9108210802 2.4521255493    0.800  2.560  3.6346  1.271    7  0.000  0.494     0.00     0.00 -1 -1.39e-08      0.00 7.312e-01 2.643e-01 5.088e-04 1.910e-04 1.370e-03 -1.000 4.573e-03 -1.630 -3.190 -3.853 -3.977 -4.041 -3.954 -3.998 -4.086 -4.200 -8.699 -12.128 -4.033 -3.945 -4.106 -4.151
0.003 -0.70993 10.00000 0.9108304381 2.4521281719    0.795  2.598  3.6291  1.209    7  0.000  0.491     0.00     0.00 -1 -1.73e-08      0.00 7.312e-01 2.643e-01 5.066e-04 1.929e-04 1.370e-03 -1.000 4.540e-03 -1.725 -3.298 -3.979 -4.109 -4.175 -4.085 -4.131 -4.219 -4.337 -8.837 -12.265 -4.167 -4.076 -4.240 -4.288
0.003 -0.70993 10.00000 0.9108392596 2.4521303177    0.789  2.636  3.6242  1.148    7  0.000  0.488     0.00     0.00 -1 -2.14e-08      0.00 7.312e-01 2.643e-01 5.034e-04 1.963e-04 1.370e-03 -1.000 4.528e-03 -1.820 -3.403 -4.101 -4.237 -4.304 -4.213 -4.260 -4.348 -4.470 -8.969 -12.397 -4.296 -4.203 -4.370 -4.421
0.003 -0.70993 10.00000 0.9108477235 2.4521324635    0.781  2.674  3.6196  1.087    7  0.000  0.484     0.00     0.00 -1 -2.67e-08      0.00 7.312e-01 2.643e-01 4.992e-04 2.011e-04 1.370e-03 -1.000 4.528e-03 -1.916 -3.508 -4.222 -4.363 -4.432 -4.338 -4.387 -4.475 -4.600 -9.100 -12.528 -4.424 -4.329 -4.498 -4.551
0.003 -0.70993 10.00000 0.9108560085 2.4521346092    0.772  2.713  3.6160  1.029    7  0.000  0.479     0.00     0.00 -1 -3.36e-08      0.00 7.311e-01 2.643e-01 4.948e-04 2.064e-04 1.370e-03 -1.000 4.521e-03 -2.012 -3.611 -4.338 -4.484 -4.554 -4.459 -4.509 -4.597 -4.725 -9.224 -12.653 -4.546 -4.450 -4.620 -4.676
0.003 -0.70993 10.00000 0.9108633995 2.4521365166    0.762  2.749  3.6126  0.973    7  0.000  0.476     0.00     0.00 -1 -4.18e-08      0.00 7.311e-01 2.644e-01 4.910e-04 2.111e-04 1.370e-03 -1.000 4.503e-03 -2.103 -3.710 -4.447 -4.598 -4.670 -4.573 -4.624 -4.712 -4.843 -9.343 -12.771 -4.661 -4.564 -4.736 -4.794
0.003 -0.70993 10.00000 0.9108708501 2.4521386623    0.749  2.787  3.6089  0.913    7  0.000  0.472     0.00     0.00 -1 -5.29e-08      0.00 7.311e-01 2.644e-01 4.874e-04 2.155e-04 1.370e-03 -1.000 4.471e-03 -2.198 -3.812 -4.562 -4.718 -4.792 -4.694 -4.746 -4.833 -4.968 -9.467 -12.896 -4.782 -4.684 -4.858 -4.918
0.003 -0.70993 10.00000 0.9108780622 2.4521403313    0.734  2.827  3.6052  0.849    7  0.000  0.469     0.00     0.00 -1 -6.85e-08      0.00 7.311e-01 2.645e-01 4.841e-04 2.196e-04 1.370e-03 -1.000 4.462e-03 -2.297 -3.919 -4.681 -4.843 -4.918 -4.819 -4.872 -4.959 -5.097 -9.597 -13.025 -4.908 -4.809 -4.985 -5.048
0.003 -0.70993 10.00000 0.9108841419 2.4521420002    0.717  2.865  3.6015  0.786    7  0.000  0.466     0.00     0.00 -1 -8.83e-08      0.00 7.311e-01 2.645e-01 4.814e-04 2.229e-04 1.370e-03 -1.000 4.449e-03 -2.393 -4.022 -4.796 -4.964 -5.041 -4.940 -4.995 -5.081 -5.223 -9.723 -13.151 -5.030 -4.931 -5.109 -5.174
0.003 -0.70993 10.00000 0.9108884931 2.4521431923    0.702  2.900  3.5982  0.729    7  0.000  0.464     0.00     0.00 -1 -1.11e-07      0.00 7.310e-01 2.645e-01 4.793e-04 2.254e-04 1.370e-03 -1.000 4.450e-03 -2.479 -4.114 -4.899 -5.072 -5.150 -5.049 -5.105 -5.191 -5.336 -9.835 -13.264 -5.139 -5.039 -5.219 -5.286
0.003 -0.70993 10.00000 0.9108918905 2.4521439075    0.686  2.934  3.5950  0.673    7  0.000  0.462     0.00     0.00 -1 -1.39e-07      0.00 7.310e-01 2.645e-01 4.774e-04 2.278e-04 1.370e-03 -1.000 4.455e-03 -2.564 -4.205 -5.000 -5.178 -5.259 -5.156 -5.214 -5.299 -5.452 -9.950 -13.379 -5.247 -5.146 -5.333 -5.403
0.003 -0.70993 10.00000 0.9108952880 2.4521448612    0.667  2.971  3.5916  0.609    7  0.000  0.461     0.00     0.00 -1 -1.81e-07      0.00 7.310e-01 2.646e-01 4.756e-04 2.300e-04 1.370e-03 -1.000 4.436e-03 -2.659 -4.306 -5.112 -5.296 -5.378 -5.274 -5.334 -5.420 -5.590 -10.084 -13.514 -5.366 -5.265 -5.466 -5.541
0.003 -0.70993 10.00000 0.9108981490 2.4521455765    0.645  3.008  3.5886  0.546    7  0.000  0.459     0.00     0.00 -1 -2.37e-07      0.00 7.309e-01 2.646e-01 4.741e-04 2.319e-04 1.370e-03 -1.000 4.445e-03 -2.749 -4.403 -5.218 -5.407 -5.491 -5.387 -5.449 -5.535 -5.728 -10.217 -13.649 -5.479 -5.377 -5.600 -5.681
0.003 -0.70993 10.00000 0.9109008312 2.4521462917    0.618  3.044  3.5868  0.484    7  0.000  0.458     0.00     0.00 -1  -3.2e-07      0.00 7.309e-01 2.646e-01 4.729e-04 2.333e-04 1.370e-03 -1.000 4.449e-03 -2.840 -4.498 -5.317 -5.512 -5.598 -5.493 -5.557 -5.645 -5.875 -10.353 -13.788 -5.585 -5.483 -5.740 -5.829
0.003 -0.70993 10.00000 0.9109033942 2.4521470070    0.584  3.081  3.5875  0.425    7  0.000  0.457     0.00     0.00 -1 -4.52e-07      0.00 7.309e-01 2.646e-01 4.719e-04 2.345e-04 1.370e-03 -1.000 4.449e-03 -2.933 -4.593 -5.407 -5.602 -5.692 -5.589 -5.654 -5.747 -6.047 -10.505 -13.946 -5.678 -5.579 -5.903 -6.003
0.003 -0.70993 10.00000 0.9109041095 2.4521472454    0.571  3.077  3.5915  0.435    7  0.000  0.457     0.00     0.00 -1 -4.77e-07      0.00 7.309e-01 2.646e-01 4.715e-04 2.350e-04 1.369e-03 -1.000 4.429e-03 -2.924 -4.578 -5.378 -5.567 -5.656 -5.554 -5.618 -5.715 -6.039 -10.490 -13.933 -5.643 -5.545 -5.894 -5.996
0.003 -0.70993 10.00000 0.9109041691 2.4521472454    0.570  3.069  3.5927  0.447    7  0.000  0.457     0.00     0.00 -1 -4.64e-07      0.00 7.309e-01 2.647e-01 4.715e-04 2.351e-04 1.369e-03 -1.000 4.427e-03 -2.904 -4.557 -5.352 -5.539 -5.627 -5.526 -5.589 -5.685 -5.999 -10.452 -13.894 -5.615 -5.516 -5.855 -5.955
0.003 -0.70993 10.00000 0.9109042287 2.4521472454    0.568  3.072  3.5929  0.445    7  0.000  0.457     0.00     0.00 -1 -4.71e-07      0.00 7.309e-01 2.647e-01 4.715e-04 2.351e-04 1.369e-03 -1.000 4.427e-03 -2.910 -4.562 -5.357 -5.544 -5.632 -5.531 -5.594 -5.691 -6.010 -10.461 -13.905 -5.620 -5.521 -5.866 -5.966
0.003 -0.70993 10.00000 0.9109044075 2.4521472454    0.566  3.078  3.5933  0.438    7  0.000  0.457     0.00     0.00 -1 -4.91e-07      0.00 7.309e-01 2.647e-01 4.714e-04 2.351e-04 1.369e-03 -1.000 4.427e-03 -2.926 -4.578 -5.371 -5.558 -5.646 -5.546 -5.609 -5.707 -6.042 -10.489 -13.934 -5.634 -5.536 -5.896 -5.998
0.003 -0.70993 10.00000 0.9109045863 2.4521472454    0.562  3.091  3.5933  0.423    7  0.000  0.457     0.00     0.00 -1  -5.3e-07      0.00 7.309e-01 2.647e-01 4.714e-04 2.352e-04 1.369e-03 -1.000 4.427e-03 -2.957 -4.610 -5.401 -5.589 -5.679 -5.579 -5.643 -5.744 -6.106 -10.546 -13.993 -5.667 -5.569 -5.956 -6.064
0.003 -0.70993 10.00000 0.9109047651 2.4521472454    0.559  3.100  3.5935  0.412    7  0.000  0.457     0.00     0.00 -1 -5.62e-07      0.00 7.309e-01 2.647e-01 4.713e-04 2.353e-04 1.369e-03 -1.000 4.427e-03 -2.980 -4.634 -5.424 -5.612 -5.702 -5.604 -5.667 -5.770 -6.154 -10.589 -14.038 -5.690 -5.593 -6.002 -6.113
0.003 -0.70993 10.00000 0.9109050035 2.4521474838    0.555  3.113  3.5940  0.397    7  0.000  0.457     0.00     0.00 -1 -6.12e-07      0.00 7.309e-01 2.647e-01 4.712e-04 2.354e-04 1.369e-03 -1.000 4.427e-03 -3.014 -4.668 -5.455 -5.643 -5.735 -5.637 -5.701 -5.807 -6.222 -10.649 -14.101 -5.723 -5.626 -6.066 -6.182
0.003 -0.70993 10.00000 0.9109053016 2.4521474838    0.547  3.122  3.5978  0.397    7  0.000  0.456     0.00     0.00 -1 -6.63e-07      0.00 7.309e-01 2.647e-01 4.710e-04 2.357e-04 1.369e-03 -1.000 4.440e-03 -3.035 -4.686 -5.458 -5.642 -5.733 -5.636 -5.699 -5.809 -6.251 -10.671 -14.125 -5.721 -5.625 -6.093 -6.213
0.003 -0.70993 10.00000 0.9109057188 2.4521477222    0.534  3.135  3.6084  0.416    7  0.000  0.456     0.00     0.00 -1 -7.38e-07      0.00 7.309e-01 2.647e-01 4.707e-04 2.361e-04 1.369e-03 -1.000 4.442e-03 -3.068 -4.705 -5.437 -5.606 -5.696 -5.602 -5.661 -5.778 -6.252 -10.661 -14.119 -5.685 -5.590 -6.095 -6.216
0.003 -0.70993 10.00000 0.9109058976 2.4521477222    0.524  3.145  3.6189  0.440    7  0.000  0.456     0.00     0.00 -1 -7.96e-07      0.00 7.309e-01 2.647e-01 4.705e-04 2.363e-04 1.369e-03 -1.000 4.432e-03 -3.092 -4.714 -5.407 -5.564 -5.652 -5.561 -5.618 -5.741 -6.247 -10.647 -14.108 -5.642 -5.548 -6.090 -6.212
0.003 -0.70993 10.00000 0.9109060168 2.4521477222    0.517  3.149  3.6238  0.450    7  0.000  0.456     0.00     0.00 -1 -8.23e-07      0.00 7.309e-01 2.647e-01 4.704e-04 2.365e-04 1.369e-03 -1.000 4.428e-03 -3.103 -4.717 -5.392 -5.543 -5.631 -5.541 -5.599 -5.724 -6.248 -10.643 -14.106 -5.621 -5.529 -6.090 -6.213
0.003 -0.70993 10.00000 1.0512884855 2.4830522537    0.536 -3.978  3.7094  7.935    9  0.537  0.000     0.00     0.00 -1    -1e-30      0.00 7.221e-01 2.747e-01 4.675e-04 2.820e-04 1.394e-03 -1.000 3.189e-03 14.715 13.397 12.968 12.888 12.843 12.763 12.659 12.511 11.692 11.378 11.198 12.857 12.754 12.410 11.890
#isochrone terminated
