# File generated by CMD 3.3 (http://stev.oapd.inaf.it/cmd) on Wed Apr 22 15:20:44 CEST 2020
# isochrones based on PARSEC release v1.2S +  COLIBRI S_35
# Basic references: Bressan et al. (2012), MNRAS, 427, 127 + Chen et al. (2014, 2015), MNRAS, 444, 2525 + MNRAS, 452, 1068 + Tang et al. (2014), MNRAS, 445, 4287 + Marigo et al. (2017), ApJ, 835, 77 + Pastorelli al. (2019), MNRAS in press
# Thermal pulse cycles included 
# On RGB, assumed Reimers mass loss with efficiency eta=0.2
# Photometric system:  2MASS + Spitzer (IRAC+MIPS) + WISE
# Using YBC version of bolometric corrections as in Chen et al. (2019)
# O-rich circumstellar dpmod60alox40 dust from Groenewegen (2006)
# C-rich circumstellar AMCSIC15 dust from Groenewegen (2006)
# IMF: Kroupa (2001, 2002) + Kroupa et al. (2013) canonical two-part-power law IMF corrected for unresolved binaries 
# Kind of output: isochrone tables
# Zini     MH   logAge Mini        int_IMF         Mass   logL    logTe  logg  label   McoreTP C_O  period0 period1 pmode  Mloss  tau1m   X   Y   Xc  Xn  Xo  Cexcess  Z 	 mbolmag  Jmag    Hmag    Ksmag   IRAC_3.6mag  IRAC_4.5mag  IRAC_5.8mag  IRAC_8.0mag  MIPS_24mag  MIPS_70mag  MIPS_160mag  W1mag   W2mag   W3mag   W4mag
0.06 0.69525 5.00000 0.1000000015 1.1711064577    0.100 -0.716  3.3988  2.702    0  0.000  0.545     0.00     0.00 -1 -3.45e-13      0.00 5.840e-01 3.560e-01 1.079e-02 2.911e-03 2.640e-02 -1.000 6.000e-02 6.560 4.413 3.880 3.525 3.066 2.917 2.848 2.753 2.084 2.024 2.065 3.216 2.921 2.689 2.274
0.06 0.69525 5.00000 0.1167458668 1.2974827290    0.117 -0.660  3.4164  2.782    0  0.000  0.545     0.00     0.00 -1 -3.31e-13      0.00 5.840e-01 3.560e-01 1.079e-02 2.911e-03 2.640e-02 -1.000 6.000e-02 6.420 4.277 3.745 3.388 2.929 2.780 2.712 2.617 1.950 1.891 1.932 3.078 2.784 2.554 2.140
0.06 0.69525 5.00000 0.1199999973 1.3193154335    0.120 -0.650  3.4197  2.798    0  0.000  0.545     0.00     0.00 -1 -3.28e-13      0.00 5.840e-01 3.560e-01 1.079e-02 2.911e-03 2.640e-02 -1.000 6.000e-02 6.395 4.253 3.718 3.366 2.911 2.763 2.696 2.604 1.938 1.879 1.921 3.061 2.768 2.541 2.128
0.06 0.69525 5.00000 0.1251099259 1.3520901203    0.125 -0.615  3.4261  2.806    0  0.000  0.545     0.00     0.00 -1 -3.45e-13      0.00 5.840e-01 3.560e-01 1.079e-02 2.911e-03 2.640e-02 -1.000 6.000e-02 6.308 4.166 3.618 3.286 2.853 2.709 2.646 2.558 1.897 1.842 1.888 3.002 2.714 2.498 2.088
0.06 0.69525 5.00000 0.1421954036 1.4501749277    0.142 -0.499  3.4470  2.830    0  0.000  0.545     0.00     0.00 -1  -4.1e-13      0.00 5.840e-01 3.560e-01 1.079e-02 2.911e-03 2.640e-02 -1.000 6.000e-02 6.018 3.889 3.262 3.002 2.663 2.536 2.490 2.418 1.775 1.728 1.786 2.812 2.544 2.368 1.965
0.06 0.69525 5.00000 0.1560606658 1.5191400051    0.156 -0.415  3.4621  2.847    0  0.000  0.545     0.00     0.00 -1 -4.66e-13      0.00 5.840e-01 3.560e-01 1.079e-02 2.911e-03 2.640e-02 -1.000 6.000e-02 5.808 3.699 3.004 2.783 2.516 2.407 2.373 2.310 1.683 1.648 1.716 2.664 2.418 2.270 1.874
0.06 0.69525 5.00000 0.1661327183 1.5644273758    0.166 -0.360  3.4717  2.857    0  0.000  0.545     0.00     0.00 -1 -5.08e-13      0.00 5.840e-01 3.560e-01 1.079e-02 2.911e-03 2.640e-02 -1.000 6.000e-02 5.670 3.583 2.838 2.633 2.412 2.319 2.291 2.236 1.621 1.593 1.667 2.558 2.331 2.202 1.811
0.06 0.69525 5.00000 0.1784806401 1.6153063774    0.178 -0.299  3.4818  2.867    0  0.000  0.545     0.00     0.00 -1 -5.57e-13      0.00 5.840e-01 3.560e-01 1.079e-02 2.911e-03 2.640e-02 -1.000 6.000e-02 5.517 3.455 2.661 2.470 2.294 2.219 2.196 2.145 1.544 1.529 1.613 2.435 2.232 2.121 1.734
0.06 0.69525 5.00000 0.1918778569 1.6655739546    0.192 -0.236  3.4917  2.876    0  0.000  0.545     0.00     0.00 -1 -6.14e-13      0.00 5.840e-01 3.560e-01 1.079e-02 2.911e-03 2.640e-02 -1.000 6.000e-02 5.361 3.323 2.494 2.310 2.170 2.113 2.091 2.040 1.457 1.460 1.557 2.300 2.126 2.028 1.647
0.06 0.69525 5.00000 0.2144772112 1.7408033609    0.214 -0.143  3.5055  2.886    0  0.000  0.545     0.00     0.00 -1 -7.12e-13      0.00 5.840e-01 3.560e-01 1.079e-02 2.911e-03 2.640e-02 -1.000 6.000e-02 5.127 3.139 2.273 2.081 1.964 1.941 1.918 1.868 1.313 1.340 1.449 2.076 1.954 1.869 1.502
0.06 0.69525 5.00000 0.2292660475 1.7846666574    0.229 -0.094  3.5131  2.897    0  0.000  0.545     0.00     0.00 -1 -7.62e-13      0.00 5.840e-01 3.560e-01 1.079e-02 2.911e-03 2.640e-02 -1.000 6.000e-02 5.005 3.045 2.166 1.968 1.859 1.853 1.828 1.774 1.235 1.278 1.394 1.959 1.866 1.783 1.425
0.06 0.69525 5.00000 0.2448041290 1.8269562721    0.245 -0.042  3.5204  2.902    0  0.000  0.545     0.00     0.00 -1 -8.26e-13      0.00 5.840e-01 3.560e-01 1.079e-02 2.911e-03 2.640e-02 -1.000 6.000e-02 4.874 2.941 2.055 1.852 1.746 1.756 1.727 1.668 1.145 1.204 1.326 1.834 1.768 1.685 1.334
0.06 0.69525 5.00000 0.2711998820 1.8913511038    0.271  0.041  3.5310  2.907    0  0.000  0.545     0.00     0.00 -1 -9.44e-13      0.00 5.840e-01 3.560e-01 1.079e-02 2.911e-03 2.640e-02 -1.000 6.000e-02 4.669 2.769 1.884 1.678 1.574 1.606 1.572 1.506 1.005 1.082 1.209 1.644 1.617 1.531 1.195
0.06 0.69525 5.00000 0.2934481204 1.9396035671    0.293  0.100  3.5389  2.913    0  0.000  0.545     0.00     0.00 -1 -1.03e-12      0.00 5.840e-01 3.560e-01 1.079e-02 2.911e-03 2.640e-02 -1.000 6.000e-02 4.519 2.640 1.766 1.559 1.455 1.501 1.464 1.390 0.906 0.994 1.123 1.514 1.511 1.422 1.095
0.06 0.69525 5.00000 0.3048965633 1.9626172781    0.305  0.127  3.5426  2.917    0  0.000  0.545     0.00     0.00 -1 -1.07e-12      0.00 5.840e-01 3.560e-01 1.079e-02 2.911e-03 2.640e-02 -1.000 6.000e-02 4.452 2.583 1.713 1.508 1.405 1.456 1.418 1.342 0.864 0.957 1.087 1.459 1.466 1.375 1.053
0.06 0.69525 5.00000 0.3363645375 2.0204861164    0.336  0.206  3.5518  2.919    0  0.000  0.545     0.00     0.00 -1 -1.22e-12      0.00 5.840e-01 3.560e-01 1.079e-02 2.911e-03 2.640e-02 -1.000 6.000e-02 4.256 2.412 1.553 1.353 1.254 1.316 1.276 1.193 0.730 0.834 0.966 1.297 1.327 1.233 0.920
0.06 0.69525 5.00000 0.3499999940 2.0434174538    0.350  0.234  3.5555  2.922    0  0.000  0.545     0.00     0.00 -1 -1.28e-12      0.00 5.840e-01 3.560e-01 1.079e-02 2.911e-03 2.640e-02 -1.000 6.000e-02 4.185 2.351 1.497 1.300 1.203 1.269 1.228 1.143 0.685 0.793 0.925 1.243 1.279 1.184 0.874
0.06 0.69525 5.00000 0.3625777662 2.0635635853    0.363  0.263  3.5587  2.921    0  0.000  0.545     0.00     0.00 -1 -1.34e-12      0.00 5.840e-01 3.560e-01 1.079e-02 2.911e-03 2.640e-02 -1.000 6.000e-02 4.113 2.288 1.438 1.244 1.149 1.218 1.177 1.089 0.636 0.747 0.879 1.185 1.228 1.132 0.825
0.06 0.69525 5.00000 0.4000000060 2.1185026169    0.400  0.336  3.5674  2.926    0  0.000  0.545     0.00     0.00 -1  -1.5e-12      0.00 5.840e-01 3.560e-01 1.079e-02 2.911e-03 2.640e-02 -1.000 6.000e-02 3.930 2.131 1.296 1.109 1.018 1.092 1.050 0.958 0.514 0.633 0.762 1.046 1.101 1.005 0.703
0.06 0.69525 5.00000 0.4110207558 2.1334204674    0.411  0.359  3.5697  2.924    0  0.000  0.545     0.00     0.00 -1 -1.56e-12      0.00 5.840e-01 3.560e-01 1.079e-02 2.911e-03 2.640e-02 -1.000 6.000e-02 3.873 2.081 1.251 1.065 0.975 1.050 1.009 0.916 0.474 0.595 0.723 1.002 1.060 0.964 0.663
0.06 0.69525 5.00000 0.4500000179 2.1822810173    0.450  0.432  3.5772  2.919    0  0.000  0.545     0.00     0.00 -1 -1.78e-12      0.00 5.840e-01 3.560e-01 1.079e-02 2.911e-03 2.640e-02 -1.000 6.000e-02 3.689 1.918 1.106 0.926 0.838 0.917 0.876 0.781 0.345 0.471 0.599 0.860 0.926 0.831 0.534
0.06 0.69525 5.00000 0.4804248214 2.2167456150    0.480  0.480  3.5823  2.920    0  0.000  0.545     0.00     0.00 -1 -1.92e-12      0.00 5.840e-01 3.560e-01 1.079e-02 2.911e-03 2.640e-02 -1.000 6.000e-02 3.569 1.822 1.018 0.846 0.763 0.844 0.804 0.708 0.276 0.405 0.532 0.782 0.853 0.760 0.465
0.06 0.69525 5.00000 0.5000000596 2.2374544144    0.500  0.514  3.5853  2.916    0  0.000  0.545     0.00     0.00 -1 -2.05e-12      0.00 5.840e-01 3.560e-01 1.079e-02 2.911e-03 2.640e-02 -1.000 6.000e-02 3.484 1.759 0.956 0.792 0.713 0.796 0.757 0.661 0.231 0.360 0.486 0.732 0.805 0.714 0.420
0.06 0.69525 5.00000 0.5500000119 2.2836582661    0.550  0.590  3.5922  2.909    0  0.000  0.545     0.00     0.00 -1 -2.34e-12      0.00 5.840e-01 3.560e-01 1.079e-02 2.911e-03 2.640e-02 -1.000 6.000e-02 3.295 1.602 0.810 0.657 0.584 0.668 0.631 0.535 0.109 0.240 0.364 0.600 0.678 0.590 0.298
0.06 0.69525 5.00000 0.5870412588 2.3121149540    0.587  0.644  3.5966  2.901    0  0.000  0.545     0.00     0.00 -1 -2.59e-12      0.00 5.840e-01 3.560e-01 1.079e-02 2.911e-03 2.640e-02 -1.000 6.000e-02 3.161 1.467 0.694 0.537 0.461 0.546 0.509 0.414 -0.012 0.121 0.245 0.476 0.555 0.468 0.177
0.06 0.69525 5.00000 0.6000000238 2.3211214542    0.600  0.662  3.5981  2.898    0  0.000  0.545     0.00     0.00 -1 -2.68e-12      0.00 5.840e-01 3.560e-01 1.079e-02 2.911e-03 2.640e-02 -1.000 6.000e-02 3.114 1.420 0.654 0.496 0.419 0.504 0.467 0.372 -0.053 0.080 0.204 0.433 0.513 0.426 0.136
0.06 0.69525 5.00000 0.6330704689 2.3421962261    0.633  0.705  3.6014  2.892    0  0.000  0.545     0.00     0.00 -1  -2.9e-12      0.00 5.840e-01 3.560e-01 1.079e-02 2.911e-03 2.640e-02 -1.000 6.000e-02 3.008 1.317 0.563 0.404 0.327 0.411 0.375 0.280 -0.144 -0.010 0.114 0.340 0.420 0.335 0.045
0.06 0.69525 5.00000 0.6499999762 2.3520355225    0.650  0.726  3.6031  2.890    0  0.000  0.545     0.00     0.00 -1 -3.01e-12      0.00 5.840e-01 3.560e-01 1.079e-02 2.911e-03 2.640e-02 -1.000 6.000e-02 2.956 1.269 0.520 0.362 0.285 0.369 0.334 0.239 -0.185 -0.050 0.073 0.298 0.378 0.294 0.004
0.06 0.69525 5.00000 0.6632564068 2.3593380451    0.663  0.741  3.6043  2.888    0  0.000  0.545     0.00     0.00 -1 -3.09e-12      0.00 5.840e-01 3.560e-01 1.079e-02 2.911e-03 2.640e-02 -1.000 6.000e-02 2.918 1.233 0.488 0.331 0.254 0.338 0.303 0.208 -0.215 -0.080 0.043 0.266 0.347 0.263 -0.026
0.06 0.69525 5.00000 0.6999999881 2.3779268265    0.700  0.789  3.6072  2.875    0  0.000  0.545     0.00     0.00 -1 -3.41e-12      0.00 5.840e-01 3.560e-01 1.079e-02 2.911e-03 2.640e-02 -1.000 6.000e-02 2.797 1.120 0.384 0.228 0.151 0.235 0.201 0.106 -0.316 -0.181 -0.058 0.163 0.244 0.162 -0.127
0.06 0.69525 5.00000 0.7382613420 2.3950395584    0.738  0.835  3.6135  2.877    0  0.000  0.539     0.00     0.00 -1 -3.68e-12      0.00 5.840e-01 3.560e-01 1.068e-02 2.908e-03 2.640e-02 -1.000 6.000e-02 2.682 1.022 0.305 0.153 0.077 0.161 0.128 0.035 -0.385 -0.249 -0.126 0.088 0.170 0.091 -0.196
0.06 0.69525 5.00000 0.7500000000 2.3998889923    0.750  0.856  3.6152  2.869    0  0.000  0.538     0.00     0.00 -1 -3.88e-12      0.00 5.840e-01 3.560e-01 1.065e-02 2.907e-03 2.640e-02 -1.000 6.000e-02 2.629 0.974 0.261 0.111 0.036 0.119 0.087 -0.006 -0.426 -0.290 -0.166 0.046 0.128 0.050 -0.237
0.06 0.69525 5.00000 0.7775871754 2.4106256962    0.777  0.880  3.6170  2.868    0  0.000  0.538     0.00     0.00 -1 -4.03e-12      0.00 5.840e-01 3.560e-01 1.065e-02 2.907e-03 2.640e-02 -1.000 6.000e-02 2.569 0.919 0.212 0.063 -0.011 0.072 0.040 -0.052 -0.472 -0.336 -0.212 -0.001 0.081 0.004 -0.283
0.06 0.69525 5.00000 0.7956522107 2.4171943665    0.795  0.898  3.6181  2.865    0  0.000  0.538     0.00     0.00 -1 -4.15e-12      0.00 5.840e-01 3.560e-01 1.065e-02 2.907e-03 2.640e-02 -1.000 6.000e-02 2.526 0.880 0.176 0.027 -0.046 0.037 0.005 -0.087 -0.507 -0.370 -0.246 -0.036 0.046 -0.031 -0.318
0.06 0.69525 5.00000 0.8413043618 2.4323580265    0.841  0.945  3.6204  2.851    0  0.000  0.538     0.00     0.00 -1 -4.59e-12      0.00 5.840e-01 3.560e-01 1.065e-02 2.907e-03 2.640e-02 -1.000 6.000e-02 2.407 0.768 0.071 -0.076 -0.149 -0.066 -0.097 -0.189 -0.608 -0.471 -0.347 -0.139 -0.057 -0.132 -0.419
0.06 0.69525 5.00000 0.8869565725 2.4457406998    0.886  0.983  3.6228  2.845    0  0.000  0.538     0.00     0.00 -1 -4.91e-12      0.00 5.840e-01 3.560e-01 1.065e-02 2.907e-03 2.640e-02 -1.000 6.000e-02 2.311 0.679 -0.011 -0.156 -0.228 -0.146 -0.176 -0.267 -0.686 -0.549 -0.425 -0.219 -0.137 -0.211 -0.497
0.06 0.69525 5.00000 0.9127068520 2.4526138306    0.912  1.004  3.6240  2.842    0  0.000  0.538     0.00     0.00 -1 -5.09e-12      0.00 5.840e-01 3.560e-01 1.065e-02 2.907e-03 2.640e-02 -1.000 6.000e-02 2.260 0.631 -0.055 -0.198 -0.271 -0.188 -0.219 -0.309 -0.728 -0.591 -0.466 -0.262 -0.179 -0.253 -0.539
0.06 0.69525 5.00000 0.9326086640 2.4576280117    0.932  1.021  3.6249  2.838    0  0.000  0.538     0.00     0.00 -1 -5.26e-12      0.00 5.840e-01 3.560e-01 1.065e-02 2.907e-03 2.640e-02 -1.000 6.000e-02 2.218 0.592 -0.092 -0.235 -0.307 -0.225 -0.255 -0.345 -0.763 -0.626 -0.502 -0.298 -0.216 -0.288 -0.575
0.06 0.69525 5.00000 0.9782608747 2.4682483673    0.978  1.055  3.6268  2.832    0  0.000  0.538     0.00     0.00 -1  -5.6e-12      0.00 5.840e-01 3.560e-01 1.065e-02 2.907e-03 2.640e-02 -1.000 6.000e-02 2.132 0.511 -0.167 -0.308 -0.380 -0.298 -0.328 -0.417 -0.835 -0.698 -0.574 -0.371 -0.289 -0.360 -0.646
0.06 0.69525 5.00000 1.0239129066 2.4777870178    1.023  1.091  3.6285  2.823    0  0.000  0.538     0.00     0.00 -1  -5.8e-12      0.00 5.840e-01 3.560e-01 1.065e-02 2.907e-03 2.640e-02 -1.000 6.000e-02 2.043 0.427 -0.246 -0.385 -0.457 -0.375 -0.404 -0.493 -0.912 -0.774 -0.650 -0.448 -0.366 -0.437 -0.723
0.06 0.69525 5.00000 1.0695651770 2.4863955975    1.069  1.124  3.6300  2.815    0  0.000  0.538     0.00     0.00 -1 -5.77e-12      0.00 5.840e-01 3.560e-01 1.065e-02 2.907e-03 2.640e-02 -1.000 6.000e-02 1.959 0.348 -0.320 -0.459 -0.530 -0.449 -0.477 -0.566 -0.984 -0.846 -0.722 -0.522 -0.440 -0.509 -0.795
0.06 0.69525 5.00000 1.1152173281 2.4941985607    1.114  1.154  3.6316  2.810    0  0.000  0.538     0.00     0.00 -1 -5.64e-12      0.00 5.840e-01 3.560e-01 1.065e-02 2.907e-03 2.640e-02 -1.000 6.000e-02 1.886 0.279 -0.384 -0.522 -0.593 -0.511 -0.540 -0.628 -1.046 -0.908 -0.783 -0.584 -0.503 -0.571 -0.857
0.06 0.69525 5.00000 1.1608695984 2.5013000965    1.160  1.183  3.6330  2.803    0  0.000  0.538     0.00     0.00 -1 -5.49e-12      0.00 5.840e-01 3.560e-01 1.065e-02 2.907e-03 2.640e-02 -1.000 6.000e-02 1.812 0.209 -0.449 -0.586 -0.657 -0.576 -0.604 -0.692 -1.109 -0.971 -0.847 -0.648 -0.567 -0.635 -0.920
0.06 0.69525 5.00000 1.2065217495 2.5077869892    1.206  1.211  3.6342  2.797    0  0.000  0.538     0.00     0.00 -1  -5.3e-12      0.00 5.840e-01 3.560e-01 1.065e-02 2.907e-03 2.640e-02 -1.000 6.000e-02 1.742 0.142 -0.512 -0.648 -0.718 -0.638 -0.665 -0.753 -1.170 -1.032 -0.908 -0.710 -0.629 -0.696 -0.981
0.06 0.69525 5.00000 1.2521737814 2.5137331486    1.252  1.236  3.6356  2.794    0  0.000  0.538     0.00     0.00 -1 -5.02e-12      0.00 5.840e-01 3.560e-01 1.065e-02 2.907e-03 2.640e-02 -1.000 6.000e-02 1.680 0.084 -0.566 -0.700 -0.771 -0.691 -0.718 -0.805 -1.222 -1.084 -0.959 -0.763 -0.682 -0.748 -1.033
0.06 0.69525 5.00000 1.2978260517 2.5192005634    1.298  1.261  3.6367  2.789    0  0.000  0.538     0.00     0.00 -1 -4.73e-12      0.00 5.840e-01 3.560e-01 1.065e-02 2.907e-03 2.640e-02 -1.000 6.000e-02 1.616 0.023 -0.623 -0.756 -0.827 -0.747 -0.774 -0.860 -1.278 -1.140 -1.015 -0.819 -0.738 -0.803 -1.089
0.06 0.69525 5.00000 1.3434782028 2.5242431164    1.343  1.285  3.6378  2.785    0  0.000  0.538     0.00     0.00 -1 -4.36e-12      0.00 5.840e-01 3.560e-01 1.065e-02 2.907e-03 2.640e-02 -1.000 6.000e-02 1.558 -0.032 -0.674 -0.807 -0.877 -0.797 -0.824 -0.910 -1.328 -1.190 -1.064 -0.869 -0.789 -0.853 -1.139
0.06 0.69525 5.00000 1.3891304731 2.5289063454    1.389  1.308  3.6389  2.780    0  0.000  0.538     0.00     0.00 -1 -3.96e-12      0.00 5.840e-01 3.560e-01 1.065e-02 2.907e-03 2.640e-02 -1.000 6.000e-02 1.499 -0.088 -0.727 -0.859 -0.928 -0.849 -0.876 -0.961 -1.379 -1.241 -1.115 -0.921 -0.840 -0.905 -1.190
0.06 0.69525 5.00000 1.4347825050 2.5332298279    1.435  1.331  3.6398  2.775    0  0.000  0.538     0.00     0.00 -1 -3.52e-12      0.00 5.840e-01 3.560e-01 1.065e-02 2.907e-03 2.640e-02 -1.000 6.000e-02 1.442 -0.143 -0.778 -0.909 -0.979 -0.900 -0.926 -1.012 -1.429 -1.291 -1.166 -0.971 -0.891 -0.955 -1.240
0.06 0.69525 5.00000 1.4804347754 2.5372483730    1.480  1.352  3.6408  2.772    0  0.000  0.538     0.00     0.00 -1 -3.01e-12      0.00 5.840e-01 3.560e-01 1.065e-02 2.907e-03 2.640e-02 -1.000 6.000e-02 1.391 -0.191 -0.823 -0.954 -1.023 -0.945 -0.971 -1.056 -1.473 -1.335 -1.210 -1.016 -0.936 -0.999 -1.284
0.06 0.69525 5.00000 1.5260870457 2.5409915447    1.526  1.373  3.6417  2.767    0  0.000  0.538     0.00     0.00 -1 -2.48e-12      0.00 5.840e-01 3.560e-01 1.065e-02 2.907e-03 2.640e-02 -1.000 6.000e-02 1.336 -0.244 -0.873 -1.003 -1.072 -0.994 -1.020 -1.104 -1.522 -1.384 -1.258 -1.065 -0.985 -1.047 -1.333
0.06 0.69525 5.00000 1.5476971865 2.5426750183    1.547  1.384  3.6421  2.764    0  0.000  0.538     0.00     0.00 -1 -2.17e-12      0.00 5.840e-01 3.560e-01 1.065e-02 2.907e-03 2.640e-02 -1.000 6.000e-02 1.310 -0.269 -0.896 -1.026 -1.095 -1.017 -1.043 -1.127 -1.545 -1.407 -1.281 -1.088 -1.008 -1.071 -1.356
0.06 0.69525 5.00000 1.5717389584 2.5444855690    1.571  1.394  3.6426  2.763    0  0.000  0.538     0.00     0.00 -1 -1.87e-12      0.00 5.840e-01 3.560e-01 1.065e-02 2.907e-03 2.640e-02 -1.000 6.000e-02 1.286 -0.292 -0.918 -1.047 -1.117 -1.038 -1.064 -1.149 -1.566 -1.428 -1.302 -1.109 -1.030 -1.092 -1.377
0.06 0.69525 5.00000 1.6173913479 2.5477540493    1.617  1.412  3.6434  2.760    0  0.000  0.538     0.00     0.00 -1 -1.21e-12      0.00 5.840e-01 3.560e-01 1.065e-02 2.907e-03 2.640e-02 -1.000 6.000e-02 1.239 -0.337 -0.960 -1.089 -1.158 -1.080 -1.106 -1.190 -1.607 -1.469 -1.344 -1.151 -1.072 -1.133 -1.418
0.06 0.69525 5.00000 1.6300138235 2.5486207008    1.629  1.417  3.6437  2.759    0  0.000  0.538     0.00     0.00 -1  -5.3e-14      0.00 5.840e-01 3.560e-01 1.065e-02 2.907e-03 2.640e-02 -1.000 6.000e-02 1.227 -0.348 -0.971 -1.099 -1.168 -1.090 -1.116 -1.200 -1.617 -1.480 -1.354 -1.161 -1.082 -1.143 -1.428
0.06 0.69525 5.00000 1.6630434990 2.5508167744    1.662  1.428  3.6444  2.760    0  0.000  0.538     0.00     0.00 -1 -1.66e-17      0.00 5.840e-01 3.560e-01 1.065e-02 2.907e-03 2.640e-02 -1.000 6.000e-02 1.199 -0.375 -0.995 -1.123 -1.192 -1.114 -1.139 -1.223 -1.640 -1.503 -1.377 -1.184 -1.105 -1.166 -1.452
0.06 0.69525 5.00000 1.7086956501 2.5536921024    1.708  1.449  3.6450  2.753    0  0.000  0.538     0.00     0.00 -1    -1e-30      0.00 5.840e-01 3.560e-01 1.065e-02 2.907e-03 2.640e-02 -1.000 6.000e-02 1.147 -0.424 -1.043 -1.170 -1.239 -1.161 -1.187 -1.270 -1.688 -1.550 -1.424 -1.232 -1.153 -1.213 -1.499
0.06 0.69525 5.00000 1.7543478012 2.5563962460    1.753  1.466  3.6458  2.751    0  0.000  0.538     0.00     0.00 -1    -1e-30      0.00 5.840e-01 3.560e-01 1.065e-02 2.907e-03 2.640e-02 -1.000 6.000e-02 1.106 -0.464 -1.079 -1.206 -1.275 -1.198 -1.223 -1.306 -1.724 -1.586 -1.460 -1.268 -1.189 -1.249 -1.535
0.06 0.69525 5.00000 1.7999999523 2.5589430332    1.799  1.476  3.6469  2.757    0  0.000  0.538     0.00     0.00 -1    -1e-30      0.00 5.840e-01 3.560e-01 1.065e-02 2.907e-03 2.640e-02 -1.000 6.000e-02 1.080 -0.487 -1.099 -1.225 -1.293 -1.216 -1.241 -1.324 -1.741 -1.604 -1.478 -1.286 -1.208 -1.267 -1.553
0.06 0.69525 5.00000 1.8500000238 2.5615673065    1.849  1.497  3.6475  2.750    0  0.000  0.538     0.00     0.00 -1    -1e-30      0.00 5.840e-01 3.560e-01 1.065e-02 2.907e-03 2.640e-02 -1.000 6.000e-02 1.028 -0.537 -1.147 -1.272 -1.340 -1.264 -1.289 -1.371 -1.789 -1.651 -1.525 -1.333 -1.256 -1.314 -1.600
0.06 0.69525 5.00000 1.8999999762 2.5640332699    1.899  1.515  3.6481  2.746    0  0.000  0.538     0.00     0.00 -1    -1e-30      0.00 5.840e-01 3.560e-01 1.065e-02 2.907e-03 2.640e-02 -1.000 6.000e-02 0.981 -0.582 -1.190 -1.315 -1.383 -1.307 -1.332 -1.414 -1.831 -1.694 -1.568 -1.376 -1.299 -1.357 -1.643
0.06 0.69525 5.00000 1.9478797913 2.5662586689    1.947  1.526  3.6492  2.750    0  0.000  0.538     0.00     0.00 -1    -1e-30      0.00 5.840e-01 3.560e-01 1.065e-02 2.907e-03 2.640e-02 -1.000 6.000e-02 0.956 -0.605 -1.210 -1.334 -1.402 -1.326 -1.350 -1.432 -1.850 -1.712 -1.586 -1.395 -1.318 -1.375 -1.661
0.06 0.69525 5.00000 1.9500000477 2.5663545132    1.950  1.526  3.6492  2.751    0  0.000  0.538     0.00     0.00 -1    -1e-30      0.00 5.840e-01 3.560e-01 1.065e-02 2.907e-03 2.640e-02 -1.000 6.000e-02 0.954 -0.606 -1.211 -1.335 -1.403 -1.327 -1.351 -1.433 -1.851 -1.713 -1.587 -1.396 -1.318 -1.376 -1.662
0.06 0.69525 5.00000 2.0000000000 2.5685424805    2.000  1.545  3.6498  2.745    0  0.000  0.538     0.00     0.00 -1    -1e-30      0.00 5.840e-01 3.560e-01 1.065e-02 2.907e-03 2.640e-02 -1.000 6.000e-02 0.907 -0.652 -1.255 -1.379 -1.447 -1.371 -1.395 -1.477 -1.894 -1.757 -1.631 -1.440 -1.362 -1.420 -1.705
0.06 0.69525 5.00000 2.0277340412 2.5697028637    2.028  1.555  3.6501  2.743    0  0.000  0.538     0.00     0.00 -1    -1e-30      0.00 5.840e-01 3.560e-01 1.065e-02 2.907e-03 2.640e-02 -1.000 6.000e-02 0.883 -0.676 -1.277 -1.400 -1.468 -1.392 -1.417 -1.498 -1.916 -1.779 -1.652 -1.461 -1.384 -1.441 -1.727
0.06 0.69525 5.00000 2.0499999523 2.5706083775    2.050  1.560  3.6505  2.743    0  0.000  0.538     0.00     0.00 -1    -1e-30      0.00 5.840e-01 3.560e-01 1.065e-02 2.907e-03 2.640e-02 -1.000 6.000e-02 0.870 -0.688 -1.288 -1.411 -1.479 -1.403 -1.428 -1.509 -1.927 -1.789 -1.663 -1.472 -1.395 -1.452 -1.738
0.06 0.69525 5.00000 2.0999999046 2.5725615025    2.099  1.572  3.6513  2.745    0  0.000  0.538     0.00     0.00 -1    -1e-30      0.00 5.840e-01 3.560e-01 1.065e-02 2.907e-03 2.640e-02 -1.000 6.000e-02 0.839 -0.717 -1.314 -1.437 -1.504 -1.429 -1.453 -1.534 -1.952 -1.814 -1.688 -1.497 -1.421 -1.477 -1.763
0.06 0.69525 5.00000 2.1500000954 2.5744106770    2.149  1.585  3.6521  2.745    0  0.000  0.538     0.00     0.00 -1    -1e-30      0.00 5.840e-01 3.560e-01 1.065e-02 2.907e-03 2.640e-02 -1.000 6.000e-02 0.807 -0.747 -1.342 -1.464 -1.531 -1.456 -1.480 -1.561 -1.978 -1.841 -1.714 -1.524 -1.448 -1.504 -1.789
0.06 0.69525 5.00000 2.2000000477 2.5761635303    2.199  1.600  3.6526  2.743    0  0.000  0.538     0.00     0.00 -1    -1e-30      0.00 5.840e-01 3.560e-01 1.065e-02 2.907e-03 2.640e-02 -1.000 6.000e-02 0.770 -0.782 -1.375 -1.496 -1.564 -1.489 -1.513 -1.593 -2.011 -1.873 -1.747 -1.557 -1.481 -1.536 -1.822
0.06 0.69525 5.00000 2.2500000000 2.5778269768    2.249  1.613  3.6533  2.742    0  0.000  0.538     0.00     0.00 -1    -1e-30      0.00 5.840e-01 3.560e-01 1.065e-02 2.907e-03 2.640e-02 -1.000 6.000e-02 0.737 -0.813 -1.404 -1.525 -1.592 -1.518 -1.541 -1.622 -2.039 -1.902 -1.775 -1.586 -1.510 -1.565 -1.851
0.06 0.69525 5.00000 2.2685606480 2.5784230232    2.267  1.619  3.6535  2.740    0  0.000  0.538     0.00     0.00 -1    -1e-30      0.00 5.840e-01 3.560e-01 1.065e-02 2.907e-03 2.640e-02 -1.000 6.000e-02 0.722 -0.827 -1.417 -1.538 -1.606 -1.531 -1.555 -1.635 -2.053 -1.915 -1.789 -1.599 -1.523 -1.578 -1.864
0.06 0.69525 5.00000 2.2999999523 2.5794074535    2.299  1.628  3.6538  2.739    0  0.000  0.538     0.00     0.00 -1    -1e-30      0.00 5.840e-01 3.560e-01 1.065e-02 2.907e-03 2.640e-02 -1.000 6.000e-02 0.700 -0.849 -1.438 -1.559 -1.626 -1.552 -1.576 -1.656 -2.073 -1.936 -1.809 -1.620 -1.544 -1.599 -1.884
0.06 0.69525 5.00000 2.3499999046 2.5809109211    2.349  1.641  3.6544  2.738    0  0.000  0.538     0.00     0.00 -1    -1e-30      0.00 5.840e-01 3.560e-01 1.065e-02 2.907e-03 2.640e-02 -1.000 6.000e-02 0.669 -0.879 -1.466 -1.586 -1.653 -1.579 -1.602 -1.682 -2.100 -1.963 -1.836 -1.646 -1.571 -1.625 -1.911
0.06 0.69525 5.00000 2.3972508907 2.5822656155    2.396  1.534  3.6620  2.883    0  0.000  0.538     0.00     0.00 -1    -1e-30      0.00 5.840e-01 3.560e-01 1.065e-02 2.907e-03 2.640e-02 -1.000 6.000e-02 0.934 -0.593 -1.157 -1.270 -1.333 -1.263 -1.285 -1.360 -1.778 -1.640 -1.512 -1.327 -1.255 -1.303 -1.589
0.06 0.69525 5.00000 2.4000000954 2.5823426247    2.399  1.529  3.6624  2.891    0  0.000  0.538     0.00     0.00 -1    -1e-30      0.00 5.840e-01 3.560e-01 1.065e-02 2.907e-03 2.640e-02 -1.000 6.000e-02 0.948 -0.577 -1.140 -1.253 -1.316 -1.245 -1.268 -1.343 -1.760 -1.622 -1.495 -1.310 -1.238 -1.286 -1.571
0.06 0.69525 5.00000 2.4718554020 2.5842838287    2.471  1.546  3.6633  2.890    0  0.000  0.538     0.00     0.00 -1    -1e-30      0.00 5.840e-01 3.560e-01 1.065e-02 2.907e-03 2.640e-02 -1.000 6.000e-02 0.905 -0.618 -1.178 -1.291 -1.353 -1.283 -1.305 -1.380 -1.797 -1.660 -1.532 -1.347 -1.275 -1.323 -1.608
0.06 0.69525 5.00000 2.5883984566 2.5871703625    2.588  1.576  3.6646  2.886    0  0.000  0.538     0.00     0.00 -1    -1e-30      0.00 5.840e-01 3.560e-01 1.065e-02 2.907e-03 2.640e-02 -1.000 6.000e-02 0.831 -0.689 -1.245 -1.357 -1.419 -1.349 -1.371 -1.445 -1.863 -1.725 -1.597 -1.413 -1.342 -1.388 -1.674
0.06 0.69525 5.00000 2.5999999046 2.5874414444    2.600  1.578  3.6647  2.885    0  0.000  0.538     0.00     0.00 -1    -1e-30      0.00 5.840e-01 3.560e-01 1.065e-02 2.907e-03 2.640e-02 -1.000 6.000e-02 0.824 -0.696 -1.251 -1.363 -1.425 -1.355 -1.377 -1.451 -1.869 -1.731 -1.603 -1.419 -1.348 -1.394 -1.680
0.06 0.69525 5.00000 2.6898186207 2.5894496441    2.690  1.598  3.6656  2.884    0  0.000  0.538     0.00     0.00 -1    -1e-30      0.00 5.840e-01 3.560e-01 1.065e-02 2.907e-03 2.640e-02 -1.000 6.000e-02 0.774 -0.743 -1.295 -1.406 -1.469 -1.399 -1.421 -1.495 -1.912 -1.774 -1.646 -1.463 -1.391 -1.438 -1.723
0.06 0.69525 5.00000 2.7999999523 2.5917119980    2.800  1.623  3.6668  2.881    0  0.000  0.538     0.00     0.00 -1    -1e-30      0.00 5.840e-01 3.560e-01 1.065e-02 2.907e-03 2.640e-02 -1.000 6.000e-02 0.711 -0.803 -1.351 -1.461 -1.523 -1.454 -1.476 -1.549 -1.967 -1.829 -1.700 -1.518 -1.447 -1.492 -1.778
0.06 0.69525 5.00000 2.8117182255 2.5919406414    2.812  1.626  3.6669  2.881    0  0.000  0.538     0.00     0.00 -1    -1e-30      0.00 5.840e-01 3.560e-01 1.065e-02 2.907e-03 2.640e-02 -1.000 6.000e-02 0.705 -0.808 -1.357 -1.467 -1.529 -1.459 -1.481 -1.555 -1.972 -1.834 -1.706 -1.523 -1.452 -1.497 -1.783
0.06 0.69525 5.00000 3.0000002384 2.5953342915    3.000  1.667  3.6685  2.874    0  0.000  0.538     0.00     0.00 -1    -1e-30      0.00 5.840e-01 3.560e-01 1.065e-02 2.907e-03 2.640e-02 -1.000 6.000e-02 0.603 -0.907 -1.450 -1.559 -1.621 -1.552 -1.573 -1.646 -2.064 -1.926 -1.798 -1.615 -1.545 -1.589 -1.875
0.06 0.69525 5.00000 3.0789732933 2.5966165066    3.079  1.682  3.6692  2.873    0  0.000  0.538     0.00     0.00 -1    -1e-30      0.00 5.840e-01 3.560e-01 1.065e-02 2.907e-03 2.640e-02 -1.000 6.000e-02 0.565 -0.942 -1.483 -1.592 -1.653 -1.585 -1.606 -1.678 -2.096 -1.958 -1.830 -1.647 -1.577 -1.621 -1.907
0.06 0.69525 5.00000 3.2000000477 2.5984411240    3.199  1.706  3.6702  2.870    0  0.000  0.538     0.00     0.00 -1    -1e-30      0.00 5.840e-01 3.560e-01 1.065e-02 2.907e-03 2.640e-02 -1.000 6.000e-02 0.504 -1.001 -1.538 -1.646 -1.707 -1.639 -1.660 -1.732 -2.150 -2.012 -1.883 -1.702 -1.632 -1.675 -1.961
0.06 0.69525 5.00000 3.2615664005 2.5993096828    3.261  1.717  3.6707  2.869    0  0.000  0.538     0.00     0.00 -1    -1e-30      0.00 5.840e-01 3.560e-01 1.065e-02 2.907e-03 2.640e-02 -1.000 6.000e-02 0.477 -1.027 -1.563 -1.670 -1.731 -1.664 -1.684 -1.757 -2.174 -2.036 -1.908 -1.726 -1.656 -1.700 -1.985
0.06 0.69525 5.00000 3.4000000954 2.6011312008    3.398  1.744  3.6717  2.865    0  0.000  0.538     0.00     0.00 -1    -1e-30      0.00 5.840e-01 3.560e-01 1.065e-02 2.907e-03 2.640e-02 -1.000 6.000e-02 0.411 -1.090 -1.622 -1.729 -1.790 -1.723 -1.743 -1.815 -2.233 -2.095 -1.966 -1.785 -1.715 -1.758 -2.044
0.06 0.69525 5.00000 3.4766292572 2.6020681858    3.475  1.758  3.6722  2.862    0  0.000  0.538     0.00     0.00 -1    -1e-30      0.00 5.840e-01 3.560e-01 1.065e-02 2.907e-03 2.640e-02 -1.000 6.000e-02 0.376 -1.123 -1.654 -1.761 -1.821 -1.754 -1.775 -1.846 -2.264 -2.126 -1.997 -1.816 -1.747 -1.789 -2.075
0.06 0.69525 5.00000 3.5999999046 2.6034805775    3.598  1.781  3.6730  2.858    0  0.000  0.538     0.00     0.00 -1    -1e-30      0.00 5.840e-01 3.560e-01 1.065e-02 2.907e-03 2.640e-02 -1.000 6.000e-02 0.318 -1.179 -1.707 -1.813 -1.874 -1.807 -1.827 -1.899 -2.316 -2.178 -2.049 -1.868 -1.799 -1.842 -2.127
0.06 0.69525 5.00000 3.7476711273 2.6050314903    3.746  1.805  3.6741  2.854    0  0.000  0.538     0.00     0.00 -1    -1e-30      0.00 5.840e-01 3.560e-01 1.065e-02 2.907e-03 2.640e-02 -1.000 6.000e-02 0.256 -1.238 -1.763 -1.868 -1.929 -1.862 -1.882 -1.953 -2.371 -2.233 -2.104 -1.923 -1.855 -1.896 -2.182
0.06 0.69525 5.00000 3.7999999523 2.6055479050    3.798  1.815  3.6744  2.852    0  0.000  0.538     0.00     0.00 -1    -1e-30      0.00 5.840e-01 3.560e-01 1.065e-02 2.907e-03 2.640e-02 -1.000 6.000e-02 0.232 -1.261 -1.785 -1.890 -1.950 -1.884 -1.904 -1.975 -2.393 -2.255 -2.126 -1.945 -1.877 -1.918 -2.204
0.06 0.69525 5.00000 3.9230012894 2.6066994667    3.923  1.836  3.6752  2.848    0  0.000  0.538     0.00     0.00 -1    -1e-30      0.00 5.840e-01 3.560e-01 1.065e-02 2.907e-03 2.640e-02 -1.000 6.000e-02 0.180 -1.311 -1.832 -1.937 -1.997 -1.931 -1.951 -2.022 -2.439 -2.301 -2.173 -1.992 -1.924 -1.965 -2.251
0.06 0.69525 5.00000 4.0000000000 2.6073791981    4.001  1.849  3.6757  2.846    0  0.000  0.538     0.00     0.00 -1    -1e-30      0.00 5.840e-01 3.560e-01 1.065e-02 2.907e-03 2.640e-02 -1.000 6.000e-02 0.147 -1.343 -1.863 -1.967 -2.027 -1.961 -1.981 -2.052 -2.469 -2.331 -2.202 -2.022 -1.954 -1.995 -2.280
0.06 0.69525 5.00000 4.0777215958 2.6080353260    4.077  1.862  3.6762  2.844    0  0.000  0.538     0.00     0.00 -1    -1e-30      0.00 5.840e-01 3.560e-01 1.065e-02 2.907e-03 2.640e-02 -1.000 6.000e-02 0.116 -1.372 -1.890 -1.994 -2.054 -1.988 -2.008 -2.079 -2.496 -2.358 -2.229 -2.049 -1.981 -2.022 -2.307
0.06 0.69525 5.00000 4.2000002861 2.6090114117    4.198  1.883  3.6769  2.838    0  0.000  0.538     0.00     0.00 -1    -1e-30      0.00 5.840e-01 3.560e-01 1.065e-02 2.907e-03 2.640e-02 -1.000 6.000e-02 0.063 -1.423 -1.939 -2.043 -2.103 -2.037 -2.057 -2.127 -2.545 -2.407 -2.278 -2.097 -2.030 -2.070 -2.356
0.06 0.69525 5.00000 4.2481055260 2.6093778610    4.246  1.890  3.6772  2.836    0  0.000  0.538     0.00     0.00 -1    -1e-30      0.00 5.840e-01 3.560e-01 1.065e-02 2.907e-03 2.640e-02 -1.000 6.000e-02 0.044 -1.441 -1.956 -2.060 -2.119 -2.054 -2.074 -2.144 -2.561 -2.423 -2.294 -2.114 -2.047 -2.087 -2.373
0.06 0.69525 5.00000 4.4000005722 2.6104743481    4.397  1.916  3.6781  2.829    0  0.000  0.538     0.00     0.00 -1    -1e-30      0.00 5.840e-01 3.560e-01 1.065e-02 2.907e-03 2.640e-02 -1.000 6.000e-02 -0.021 -1.503 -2.016 -2.119 -2.178 -2.113 -2.132 -2.202 -2.620 -2.482 -2.353 -2.173 -2.106 -2.145 -2.431
0.06 0.69525 5.00000 4.5506777763 2.6114790440    4.548  1.942  3.6789  2.821    0  0.000  0.538     0.00     0.00 -1    -1e-30      0.00 5.840e-01 3.560e-01 1.065e-02 2.907e-03 2.640e-02 -1.000 6.000e-02 -0.086 -1.566 -2.076 -2.178 -2.238 -2.173 -2.192 -2.262 -2.680 -2.542 -2.413 -2.232 -2.166 -2.205 -2.491
0.06 0.69525 5.00000 4.5999999046 2.6117916107    4.598  1.952  3.6792  2.817    0  0.000  0.538     0.00     0.00 -1    -1e-30      0.00 5.840e-01 3.560e-01 1.065e-02 2.907e-03 2.640e-02 -1.000 6.000e-02 -0.110 -1.590 -2.099 -2.201 -2.260 -2.195 -2.215 -2.284 -2.702 -2.564 -2.435 -2.255 -2.189 -2.228 -2.513
0.06 0.69525 5.00000 4.7528963089 2.6127133369    4.751  1.978  3.6802  2.810    0  0.000  0.538     0.00     0.00 -1    -1e-30      0.00 5.840e-01 3.560e-01 1.065e-02 2.907e-03 2.640e-02 -1.000 6.000e-02 -0.174 -1.651 -2.157 -2.258 -2.317 -2.253 -2.272 -2.341 -2.759 -2.621 -2.492 -2.312 -2.246 -2.285 -2.570
0.06 0.69525 5.00000 4.8000001907 2.6129837036    4.798  1.987  3.6804  2.806    0  0.000  0.538     0.00     0.00 -1    -1e-30      0.00 5.840e-01 3.560e-01 1.065e-02 2.907e-03 2.640e-02 -1.000 6.000e-02 -0.197 -1.673 -2.179 -2.280 -2.339 -2.275 -2.294 -2.363 -2.781 -2.643 -2.514 -2.334 -2.268 -2.306 -2.592
0.06 0.69525 5.00000 4.9748821259 2.6139361858    4.974  2.021  3.6814  2.791    0  0.000  0.538     0.00     0.00 -1    -1e-30      0.00 5.840e-01 3.560e-01 1.065e-02 2.907e-03 2.640e-02 -1.000 6.000e-02 -0.283 -1.756 -2.258 -2.359 -2.418 -2.354 -2.373 -2.442 -2.860 -2.722 -2.592 -2.413 -2.347 -2.385 -2.671
0.06 0.69525 5.00000 5.0000004768 2.6140668392    4.999  2.027  3.6815  2.788    0  0.000  0.538     0.00     0.00 -1    -1e-30      0.00 5.840e-01 3.560e-01 1.065e-02 2.907e-03 2.640e-02 -1.000 6.000e-02 -0.297 -1.770 -2.272 -2.373 -2.431 -2.367 -2.386 -2.455 -2.873 -2.735 -2.606 -2.426 -2.360 -2.398 -2.684
0.06 0.69525 5.00000 5.1999998093 2.6150546074    5.200  2.070  3.6827  2.767    0  0.000  0.538     0.00     0.00 -1    -1e-30      0.00 5.840e-01 3.560e-01 1.065e-02 2.907e-03 2.640e-02 -1.000 6.000e-02 -0.405 -1.874 -2.372 -2.473 -2.531 -2.467 -2.486 -2.555 -2.973 -2.834 -2.705 -2.526 -2.460 -2.498 -2.784
0.06 0.69525 5.00000 5.2726526260 2.6153919697    5.273  2.083  3.6833  2.763    0  0.000  0.538     0.00     0.00 -1    -1e-30      0.00 5.840e-01 3.560e-01 1.065e-02 2.907e-03 2.640e-02 -1.000 6.000e-02 -0.437 -1.904 -2.401 -2.501 -2.559 -2.495 -2.514 -2.582 -3.000 -2.862 -2.733 -2.554 -2.488 -2.526 -2.811
0.06 0.69525 5.00000 5.4000000954 2.6159586906    5.401  2.113  3.6842  2.746    0  0.000  0.538     0.00     0.00 -1    -1e-30      0.00 5.840e-01 3.560e-01 1.065e-02 2.907e-03 2.640e-02 -1.000 6.000e-02 -0.513 -1.978 -2.472 -2.571 -2.629 -2.566 -2.585 -2.653 -3.071 -2.932 -2.803 -2.624 -2.559 -2.596 -2.882
0.06 0.69525 5.00000 5.6000003815 2.6167888641    5.601  2.156  3.6861  2.727    0  0.000  0.538     0.00     0.00 -1    -1e-30      0.00 5.840e-01 3.560e-01 1.065e-02 2.907e-03 2.640e-02 -1.000 6.000e-02 -0.620 -2.079 -2.567 -2.665 -2.723 -2.660 -2.679 -2.746 -3.164 -3.026 -2.897 -2.718 -2.654 -2.690 -2.975
0.06 0.69525 5.00000 5.7343297005 2.6173093319    5.735  2.192  3.6874  2.706    0  0.000  0.538     0.00     0.00 -1    -1e-30      0.00 5.840e-01 3.560e-01 1.065e-02 2.907e-03 2.640e-02 -1.000 6.000e-02 -0.710 -2.166 -2.649 -2.747 -2.804 -2.742 -2.760 -2.827 -3.245 -3.106 -2.977 -2.799 -2.735 -2.771 -3.056
0.06 0.69525 5.00000 5.8000001907 2.6175537109    5.801  2.214  3.6882  2.693    0  0.000  0.538     0.00     0.00 -1    -1e-30      0.00 5.840e-01 3.560e-01 1.065e-02 2.907e-03 2.640e-02 -1.000 6.000e-02 -0.764 -2.217 -2.699 -2.796 -2.853 -2.791 -2.809 -2.876 -3.294 -3.155 -3.026 -2.848 -2.784 -2.819 -3.105
0.06 0.69525 5.00000 5.8263707161 2.6176500320    5.827  2.222  3.6885  2.688    0  0.000  0.538     0.00     0.00 -1    -1e-30      0.00 5.840e-01 3.560e-01 1.065e-02 2.907e-03 2.640e-02 -1.000 6.000e-02 -0.785 -2.237 -2.718 -2.815 -2.872 -2.810 -2.828 -2.895 -3.312 -3.174 -3.045 -2.867 -2.803 -2.838 -3.124
0.06 0.69525 5.00000 6.0000000000 2.6182601452    6.000  2.289  3.6912  2.644    0  0.000  0.538     0.00     0.00 -1    -1e-30      0.00 5.840e-01 3.560e-01 1.065e-02 2.907e-03 2.640e-02 -1.000 6.000e-02 -0.952 -2.397 -2.870 -2.965 -3.021 -2.960 -2.978 -3.044 -3.462 -3.323 -3.194 -3.016 -2.954 -2.987 -3.273
0.06 0.69525 5.00000 6.0214409828 2.6183326244    6.022  2.297  3.6915  2.639    0  0.000  0.538     0.00     0.00 -1    -1e-30      0.00 5.840e-01 3.560e-01 1.065e-02 2.907e-03 2.640e-02 -1.000 6.000e-02 -0.972 -2.416 -2.888 -2.983 -3.039 -2.978 -2.996 -3.062 -3.480 -3.341 -3.212 -3.034 -2.972 -3.005 -3.291
0.06 0.69525 5.00000 6.1999998093 2.6189143658    6.200  2.377  3.6955  2.588    0  0.000  0.538     0.00     0.00 -1    -1e-30      0.00 5.840e-01 3.560e-01 1.065e-02 2.907e-03 2.640e-02 -1.000 6.000e-02 -1.172 -2.603 -3.063 -3.156 -3.211 -3.151 -3.168 -3.233 -3.651 -3.512 -3.384 -3.206 -3.145 -3.176 -3.462
0.06 0.69525 5.00000 6.2923107147 2.6192002296    6.292  2.421  3.6980  2.560    0  0.000  0.538     0.00     0.00 -1    -1e-30      0.00 5.840e-01 3.560e-01 1.065e-02 2.907e-03 2.640e-02 -1.000 6.000e-02 -1.282 -2.705 -3.158 -3.249 -3.303 -3.245 -3.262 -3.326 -3.744 -3.605 -3.476 -3.299 -3.239 -3.269 -3.555
0.06 0.69525 5.00000 6.4000000954 2.6195218563    6.399  2.472  3.7018  2.532    0  0.000  0.538     0.00     0.00 -1    -1e-30      0.00 5.840e-01 3.560e-01 1.065e-02 2.907e-03 2.640e-02 -1.000 6.000e-02 -1.409 -2.820 -3.262 -3.351 -3.403 -3.347 -3.363 -3.425 -3.843 -3.705 -3.576 -3.399 -3.341 -3.369 -3.654
0.06 0.69525 5.00000 6.4028129578 2.6195299625    6.402  2.473  3.7019  2.531    0  0.000  0.538     0.00     0.00 -1    -1e-30      0.00 5.840e-01 3.560e-01 1.065e-02 2.907e-03 2.640e-02 -1.000 6.000e-02 -1.412 -2.823 -3.265 -3.354 -3.406 -3.350 -3.366 -3.428 -3.846 -3.707 -3.578 -3.402 -3.344 -3.371 -3.657
0.06 0.69525 5.00000 6.5991330147 2.6200847626    6.597  2.552  3.7105  2.500    0  0.000  0.538     0.00     0.00 -1    -1e-30      0.00 5.840e-01 3.560e-01 1.065e-02 2.907e-03 2.640e-02 -1.000 6.000e-02 -1.609 -2.990 -3.408 -3.492 -3.540 -3.488 -3.503 -3.561 -3.979 -3.840 -3.711 -3.537 -3.482 -3.504 -3.790
0.06 0.69525 5.00000 6.7929954529 2.6205964088    6.790  2.616  3.7214  2.491    0  0.000  0.538     0.00     0.00 -1    -1e-30      0.00 5.840e-01 3.560e-01 1.065e-02 2.907e-03 2.640e-02 -1.000 6.000e-02 -1.771 -3.113 -3.502 -3.579 -3.622 -3.576 -3.590 -3.642 -4.058 -3.919 -3.790 -3.619 -3.571 -3.584 -3.869
0.06 0.69525 5.00000 6.9702844620 2.6210358143    6.966  2.669  3.7345  2.502    0  0.000  0.538     0.00     0.00 -1    -1e-30      0.00 5.840e-01 3.560e-01 1.065e-02 2.907e-03 2.640e-02 -1.000 6.000e-02 -1.902 -3.193 -3.548 -3.617 -3.655 -3.617 -3.631 -3.673 -4.089 -3.949 -3.820 -3.653 -3.613 -3.615 -3.900
0.06 0.69525 5.00000 7.0000000000 2.6211071014    6.996  2.677  3.7370  2.506    0  0.000  0.538     0.00     0.00 -1    -1e-30      0.00 5.840e-01 3.560e-01 1.065e-02 2.907e-03 2.640e-02 -1.000 6.000e-02 -1.923 -3.204 -3.552 -3.620 -3.657 -3.621 -3.634 -3.675 -4.090 -3.951 -3.822 -3.655 -3.617 -3.617 -3.902
0.06 0.69525 5.00000 7.0001153946 2.6211073399    6.996  2.677  3.7370  2.506    0  0.000  0.538     0.00     0.00 -1    -1e-30      0.00 5.840e-01 3.560e-01 1.065e-02 2.907e-03 2.640e-02 -1.000 6.000e-02 -1.923 -3.204 -3.552 -3.620 -3.657 -3.621 -3.634 -3.675 -4.090 -3.951 -3.822 -3.655 -3.617 -3.617 -3.902
0.06 0.69525 5.00000 7.1023240089 2.6213469505    7.099  2.705  3.7480  2.528    0  0.000  0.538     0.00     0.00 -1    -1e-30      0.00 5.840e-01 3.560e-01 1.065e-02 2.907e-03 2.640e-02 -1.000 6.000e-02 -1.994 -3.229 -3.546 -3.609 -3.641 -3.609 -3.622 -3.657 -4.079 -3.919 -3.796 -3.639 -3.606 -3.647 -3.891
0.06 0.69525 5.00000 7.2075743675 2.6215853691    7.205  2.735  3.7604  2.555    0  0.000  0.538     0.00     0.00 -1    -1e-30      0.00 5.840e-01 3.560e-01 1.065e-02 2.907e-03 2.640e-02 -1.000 6.000e-02 -2.066 -3.248 -3.530 -3.587 -3.615 -3.588 -3.601 -3.629 -4.064 -3.870 -3.758 -3.614 -3.586 -3.698 -3.877
0.06 0.69525 5.00000 7.3153567314 2.6218214035    7.313  2.765  3.7736  2.584    0  0.000  0.538     0.00     0.00 -1    -1e-30      0.00 5.840e-01 3.560e-01 1.065e-02 2.907e-03 2.640e-02 -1.000 6.000e-02 -2.142 -3.262 -3.509 -3.561 -3.584 -3.563 -3.574 -3.596 -4.044 -3.813 -3.714 -3.583 -3.561 -3.750 -3.858
0.06 0.69525 5.00000 7.4245748520 2.6220526695    7.423  2.797  3.7875  2.614    0  0.000  0.538     0.00     0.00 -1    -1e-30      0.00 5.840e-01 3.560e-01 1.065e-02 2.907e-03 2.640e-02 -1.000 6.000e-02 -2.222 -3.272 -3.485 -3.532 -3.551 -3.536 -3.546 -3.561 -4.022 -3.754 -3.668 -3.550 -3.535 -3.804 -3.838
0.06 0.69525 5.00000 7.5337538719 2.6222760677    7.532  2.830  3.8017  2.644    0  0.000  0.538     0.00     0.00 -1    -1e-30      0.00 5.840e-01 3.560e-01 1.065e-02 2.907e-03 2.640e-02 -1.000 6.000e-02 -2.305 -3.282 -3.461 -3.503 -3.519 -3.512 -3.518 -3.527 -4.004 -3.696 -3.624 -3.519 -3.511 -3.863 -3.821
0.06 0.69525 5.00000 7.6415538788 2.6224894524    7.641  2.865  3.8161  2.672    0  0.000  0.538     0.00     0.00 -1    -1e-30      0.00 5.840e-01 3.560e-01 1.065e-02 2.907e-03 2.640e-02 -1.000 6.000e-02 -2.393 -3.290 -3.438 -3.476 -3.489 -3.488 -3.492 -3.496 -3.984 -3.646 -3.585 -3.489 -3.487 -3.904 -3.802
0.06 0.69525 5.00000 7.7468137741 2.6226913929    7.747  2.902  3.8306  2.700    0  0.000  0.538     0.00     0.00 -1    -1e-30      0.00 5.840e-01 3.560e-01 1.065e-02 2.907e-03 2.640e-02 -1.000 6.000e-02 -2.485 -3.304 -3.424 -3.459 -3.471 -3.475 -3.477 -3.479 -3.966 -3.626 -3.565 -3.471 -3.475 -3.886 -3.784
0.06 0.69525 5.00000 7.8487801552 2.6228809357    7.849  2.940  3.8452  2.725    0  0.000  0.538     0.00     0.00 -1    -1e-30      0.00 5.840e-01 3.560e-01 1.065e-02 2.907e-03 2.640e-02 -1.000 6.000e-02 -2.580 -3.317 -3.412 -3.443 -3.456 -3.461 -3.462 -3.463 -3.949 -3.609 -3.547 -3.456 -3.461 -3.870 -3.767
0.06 0.69525 5.00000 7.9470753670 2.6230583191    7.948  2.979  3.8597  2.750    0  0.000  0.538     0.00     0.00 -1    -1e-30      0.00 5.840e-01 3.560e-01 1.065e-02 2.907e-03 2.640e-02 -1.000 6.000e-02 -2.678 -3.329 -3.401 -3.430 -3.442 -3.448 -3.449 -3.449 -3.935 -3.594 -3.532 -3.442 -3.448 -3.857 -3.753
0.06 0.69525 5.00000 8.0000000000 2.6231517792    8.001  3.001  3.8678  2.763    0  0.000  0.538     0.00     0.00 -1    -1e-30      0.00 5.840e-01 3.560e-01 1.065e-02 2.907e-03 2.640e-02 -1.000 6.000e-02 -2.734 -3.335 -3.395 -3.423 -3.434 -3.440 -3.442 -3.441 -3.927 -3.586 -3.523 -3.434 -3.441 -3.849 -3.745
0.06 0.69525 5.00000 8.0214099884 2.6231892109    8.022  3.010  3.8711  2.768    0  0.000  0.538     0.00     0.00 -1    -1e-30      0.00 5.840e-01 3.560e-01 1.065e-02 2.907e-03 2.640e-02 -1.000 6.000e-02 -2.756 -3.338 -3.393 -3.420 -3.431 -3.437 -3.439 -3.438 -3.924 -3.582 -3.520 -3.432 -3.438 -3.846 -3.742
0.06 0.69525 5.00000 8.1124858856 2.6233458519    8.113  3.050  3.8853  2.790    0  0.000  0.538     0.00     0.00 -1    -1e-30      0.00 5.840e-01 3.560e-01 1.065e-02 2.907e-03 2.640e-02 -1.000 6.000e-02 -2.855 -3.349 -3.386 -3.410 -3.420 -3.426 -3.427 -3.427 -3.912 -3.570 -3.507 -3.421 -3.427 -3.835 -3.730
0.06 0.69525 5.00000 8.2001466751 2.6234927177    8.200  3.090  3.8995  2.812    0  0.000  0.538     0.00     0.00 -1    -1e-30      0.00 5.840e-01 3.560e-01 1.065e-02 2.907e-03 2.640e-02 -1.000 6.000e-02 -2.955 -3.362 -3.382 -3.403 -3.411 -3.417 -3.418 -3.417 -3.902 -3.559 -3.495 -3.412 -3.417 -3.825 -3.720
0.06 0.69525 5.00000 8.2846498489 2.6236310005    8.283  3.131  3.9137  2.832    0  0.000  0.538     0.00     0.00 -1    -1e-30      0.00 5.840e-01 3.560e-01 1.065e-02 2.907e-03 2.640e-02 -1.000 6.000e-02 -3.057 -3.375 -3.381 -3.398 -3.404 -3.409 -3.409 -3.408 -3.892 -3.548 -3.484 -3.405 -3.409 -3.816 -3.710
0.06 0.69525 5.00000 8.3461513519 2.6237297058    8.345  3.161  3.9243  2.847    0  0.000  0.538     0.00     0.00 -1    -1e-30      0.00 5.840e-01 3.560e-01 1.065e-02 2.907e-03 2.640e-02 -1.000 6.000e-02 -3.133 -3.384 -3.381 -3.395 -3.399 -3.404 -3.403 -3.401 -3.885 -3.541 -3.476 -3.400 -3.404 -3.809 -3.703
0.06 0.69525 5.00000 8.4061927795 2.6238243580    8.404  3.192  3.9350  2.863    0  0.000  0.538     0.00     0.00 -1    -1e-30      0.00 5.840e-01 3.560e-01 1.065e-02 2.907e-03 2.640e-02 -1.000 6.000e-02 -3.210 -3.392 -3.382 -3.393 -3.395 -3.399 -3.398 -3.396 -3.879 -3.534 -3.469 -3.397 -3.399 -3.804 -3.697
0.06 0.69525 5.00000 8.4644212723 2.6239147186    8.462  3.223  3.9457  2.877    0  0.000  0.538     0.00     0.00 -1    -1e-30      0.00 5.840e-01 3.560e-01 1.065e-02 2.907e-03 2.640e-02 -1.000 6.000e-02 -3.287 -3.400 -3.384 -3.392 -3.392 -3.395 -3.393 -3.391 -3.873 -3.528 -3.462 -3.393 -3.395 -3.798 -3.691
0.06 0.69525 5.00000 8.5209102631 2.6240010262    8.518  3.253  3.9563  2.892    0  0.000  0.538     0.00     0.00 -1    -1e-30      0.00 5.840e-01 3.560e-01 1.065e-02 2.907e-03 2.640e-02 -1.000 6.000e-02 -3.364 -3.408 -3.385 -3.390 -3.388 -3.391 -3.389 -3.386 -3.868 -3.521 -3.456 -3.390 -3.391 -3.793 -3.686
0.06 0.69525 5.00000 8.5757417679 2.6240835190    8.573  3.284  3.9670  2.907    0  0.000  0.538     0.00     0.00 -1    -1e-30      0.00 5.840e-01 3.560e-01 1.065e-02 2.907e-03 2.640e-02 -1.000 6.000e-02 -3.440 -3.415 -3.387 -3.388 -3.384 -3.386 -3.383 -3.381 -3.861 -3.514 -3.448 -3.386 -3.386 -3.788 -3.679
0.06 0.69525 5.00000 8.6289949417 2.6241624355    8.625  3.314  3.9775  2.922    0  0.000  0.538     0.00     0.00 -1    -1e-30      0.00 5.840e-01 3.560e-01 1.065e-02 2.907e-03 2.640e-02 -1.000 6.000e-02 -3.515 -3.421 -3.389 -3.387 -3.380 -3.381 -3.377 -3.374 -3.854 -3.506 -3.439 -3.381 -3.380 -3.781 -3.672
0.06 0.69525 5.00000 8.6807651520 2.6242382526    8.677  3.344  3.9881  2.937    0  0.000  0.538     0.00     0.00 -1    -1e-30      0.00 5.840e-01 3.560e-01 1.065e-02 2.907e-03 2.640e-02 -1.000 6.000e-02 -3.591 -3.427 -3.391 -3.385 -3.375 -3.375 -3.371 -3.367 -3.845 -3.496 -3.428 -3.377 -3.374 -3.773 -3.663
0.06 0.69525 5.00000 8.7311458588 2.6243109703    8.727  3.374  3.9986  2.951    0  0.000  0.538     0.00     0.00 -1    -1e-30      0.00 5.840e-01 3.560e-01 1.065e-02 2.907e-03 2.640e-02 -1.000 6.000e-02 -3.665 -3.433 -3.392 -3.383 -3.370 -3.369 -3.364 -3.359 -3.836 -3.485 -3.417 -3.372 -3.368 -3.765 -3.654
0.06 0.69525 5.00000 8.7802104950 2.6243808270    8.776  3.403  4.0091  2.966    0  0.000  0.538     0.00     0.00 -1    -1e-30      0.00 5.840e-01 3.560e-01 1.065e-02 2.907e-03 2.640e-02 -1.000 6.000e-02 -3.739 -3.436 -3.392 -3.379 -3.363 -3.361 -3.355 -3.349 -3.824 -3.472 -3.403 -3.365 -3.360 -3.754 -3.642
0.06 0.69525 5.00000 8.8280305862 2.6244480610    8.823  3.432  4.0196  2.982    0  0.000  0.538     0.00     0.00 -1    -1e-30      0.00 5.840e-01 3.560e-01 1.065e-02 2.907e-03 2.640e-02 -1.000 6.000e-02 -3.811 -3.440 -3.392 -3.377 -3.358 -3.355 -3.348 -3.342 -3.814 -3.461 -3.391 -3.361 -3.354 -3.746 -3.632
0.06 0.69525 5.00000 8.8746814728 2.6245129108    8.869  3.461  4.0301  2.997    0  0.000  0.538     0.00     0.00 -1    -1e-30      0.00 5.840e-01 3.560e-01 1.065e-02 2.907e-03 2.640e-02 -1.000 6.000e-02 -3.883 -3.445 -3.393 -3.375 -3.353 -3.349 -3.342 -3.334 -3.805 -3.450 -3.379 -3.356 -3.348 -3.738 -3.623
0.06 0.69525 5.00000 8.9202470779 2.6245753765    8.915  3.490  4.0406  3.013    0  0.000  0.538     0.00     0.00 -1    -1e-30      0.00 5.840e-01 3.560e-01 1.065e-02 2.907e-03 2.640e-02 -1.000 6.000e-02 -3.954 -3.449 -3.394 -3.374 -3.350 -3.345 -3.337 -3.328 -3.797 -3.440 -3.369 -3.353 -3.344 -3.732 -3.615
0.06 0.69525 5.00000 8.9647865295 2.6246359348    8.959  3.518  4.0510  3.029    0  0.000  0.538     0.00     0.00 -1    -1e-30      0.00 5.840e-01 3.560e-01 1.065e-02 2.907e-03 2.640e-02 -1.000 6.000e-02 -4.024 -3.451 -3.393 -3.371 -3.344 -3.338 -3.330 -3.321 -3.787 -3.429 -3.357 -3.348 -3.337 -3.723 -3.605
0.06 0.69525 5.00000 9.0000000000 2.6246831417    8.995  3.540  4.0594  3.042    0  0.000  0.538     0.00     0.00 -1    -1e-30      0.00 5.840e-01 3.560e-01 1.065e-02 2.907e-03 2.640e-02 -1.000 6.000e-02 -4.080 -3.451 -3.391 -3.367 -3.339 -3.332 -3.323 -3.313 -3.778 -3.419 -3.347 -3.342 -3.331 -3.715 -3.596
0.06 0.69525 5.00000 9.0287132263 2.6247212887    9.024  3.557  4.0661  3.052    0  0.000  0.538     0.00     0.00 -1    -1e-30      0.00 5.840e-01 3.560e-01 1.065e-02 2.907e-03 2.640e-02 -1.000 6.000e-02 -4.123 -3.451 -3.388 -3.363 -3.334 -3.327 -3.318 -3.307 -3.771 -3.411 -3.339 -3.337 -3.325 -3.709 -3.589
0.06 0.69525 5.00000 9.0728569031 2.6247797012    9.068  3.584  4.0765  3.069    0  0.000  0.538     0.00     0.00 -1    -1e-30      0.00 5.840e-01 3.560e-01 1.065e-02 2.907e-03 2.640e-02 -1.000 6.000e-02 -4.191 -3.449 -3.383 -3.357 -3.325 -3.317 -3.308 -3.296 -3.759 -3.398 -3.325 -3.329 -3.316 -3.698 -3.577
0.06 0.69525 5.00000 9.1161746979 2.6248362064    9.111  3.611  4.0869  3.086    0  0.000  0.538     0.00     0.00 -1    -1e-30      0.00 5.840e-01 3.560e-01 1.065e-02 2.907e-03 2.640e-02 -1.000 6.000e-02 -4.257 -3.445 -3.376 -3.348 -3.315 -3.306 -3.296 -3.284 -3.745 -3.384 -3.311 -3.319 -3.305 -3.685 -3.563
0.06 0.69525 5.00000 9.1727180481 2.6249089241    9.168  3.646  4.1007  3.109    0  0.000  0.538     0.00     0.00 -1    -1e-30      0.00 5.840e-01 3.560e-01 1.065e-02 2.907e-03 2.640e-02 -1.000 6.000e-02 -4.344 -3.437 -3.365 -3.334 -3.298 -3.289 -3.278 -3.266 -3.725 -3.363 -3.289 -3.302 -3.287 -3.666 -3.543
0.06 0.69525 5.00000 9.2280101776 2.6249792576    9.223  3.679  4.1144  3.133    0  0.000  0.538     0.00     0.00 -1    -1e-30      0.00 5.840e-01 3.560e-01 1.065e-02 2.907e-03 2.640e-02 -1.000 6.000e-02 -4.428 -3.426 -3.351 -3.318 -3.279 -3.269 -3.257 -3.244 -3.702 -3.339 -3.265 -3.283 -3.267 -3.644 -3.520
0.06 0.69525 5.00000 9.2821512222 2.6250472069    9.278  3.712  4.1281  3.158    0  0.000  0.538     0.00     0.00 -1    -1e-30      0.00 5.840e-01 3.560e-01 1.065e-02 2.907e-03 2.640e-02 -1.000 6.000e-02 -4.509 -3.412 -3.333 -3.298 -3.257 -3.246 -3.233 -3.219 -3.676 -3.312 -3.238 -3.261 -3.244 -3.619 -3.494
0.06 0.69525 5.00000 9.3352527618 2.6251127720    9.331  3.743  4.1417  3.184    0  0.000  0.538     0.00     0.00 -1    -1e-30      0.00 5.840e-01 3.560e-01 1.065e-02 2.907e-03 2.640e-02 -1.000 6.000e-02 -4.588 -3.396 -3.314 -3.276 -3.233 -3.220 -3.207 -3.193 -3.647 -3.283 -3.209 -3.237 -3.219 -3.592 -3.465
0.06 0.69525 5.00000 9.3874025345 2.6251764297    9.383  3.774  4.1554  3.210    0  0.000  0.538     0.00     0.00 -1    -1e-30      0.00 5.840e-01 3.560e-01 1.065e-02 2.907e-03 2.640e-02 -1.000 6.000e-02 -4.664 -3.377 -3.292 -3.252 -3.206 -3.192 -3.179 -3.163 -3.616 -3.251 -3.177 -3.211 -3.191 -3.562 -3.434
0.06 0.69525 5.00000 9.4387016296 2.6252384186    9.435  3.803  4.1689  3.238    0  0.000  0.538     0.00     0.00 -1    -1e-30      0.00 5.840e-01 3.560e-01 1.065e-02 2.907e-03 2.640e-02 -1.000 6.000e-02 -4.737 -3.355 -3.266 -3.224 -3.176 -3.162 -3.147 -3.131 -3.583 -3.217 -3.142 -3.181 -3.160 -3.529 -3.401
0.06 0.69525 5.00000 9.4892539978 2.6252985001    9.485  3.831  4.1825  3.266    0  0.000  0.538     0.00     0.00 -1    -1e-30      0.00 5.840e-01 3.560e-01 1.065e-02 2.907e-03 2.640e-02 -1.000 6.000e-02 -4.807 -3.330 -3.239 -3.194 -3.143 -3.128 -3.113 -3.096 -3.546 -3.180 -3.105 -3.149 -3.126 -3.494 -3.364
0.06 0.69525 5.00000 9.5391597748 2.6253573895    9.535  3.858  4.1959  3.295    0  0.000  0.538     0.00     0.00 -1    -1e-30      0.00 5.840e-01 3.560e-01 1.065e-02 2.907e-03 2.640e-02 -1.000 6.000e-02 -4.874 -3.303 -3.208 -3.161 -3.108 -3.092 -3.076 -3.058 -3.507 -3.140 -3.066 -3.113 -3.090 -3.455 -3.325
0.06 0.69525 5.00000 9.5885410309 2.6254146099    9.585  3.883  4.2094  3.326    0  0.000  0.538     0.00     0.00 -1    -1e-30      0.00 5.840e-01 3.560e-01 1.065e-02 2.907e-03 2.640e-02 -1.000 6.000e-02 -4.938 -3.272 -3.174 -3.125 -3.070 -3.053 -3.036 -3.017 -3.464 -3.097 -3.024 -3.075 -3.051 -3.414 -3.283
0.06 0.69525 5.00000 9.6375141144 2.6254708767    9.634  3.907  4.2227  3.357    0  0.000  0.538     0.00     0.00 -1    -1e-30      0.00 5.840e-01 3.560e-01 1.065e-02 2.907e-03 2.640e-02 -1.000 6.000e-02 -4.999 -3.238 -3.138 -3.086 -3.028 -3.011 -2.993 -2.973 -3.419 -3.052 -2.982 -3.034 -3.008 -3.370 -3.237
0.06 0.69525 5.00000 9.6862363815 2.6255261898    9.683  3.930  4.2360  3.390    0  0.000  0.538     0.00     0.00 -1    -1e-30      0.00 5.840e-01 3.560e-01 1.065e-02 2.907e-03 2.640e-02 -1.000 6.000e-02 -5.055 -3.202 -3.098 -3.044 -2.984 -2.965 -2.947 -2.926 -3.370 -3.003 -2.936 -2.990 -2.963 -3.322 -3.188
0.06 0.69525 5.00000 9.7348728180 2.6255807877    9.732  3.951  4.2493  3.424    0  0.000  0.538     0.00     0.00 -1    -1e-30      0.00 5.840e-01 3.560e-01 1.065e-02 2.907e-03 2.640e-02 -1.000 6.000e-02 -5.108 -3.162 -3.055 -2.999 -2.936 -2.916 -2.897 -2.876 -3.318 -2.952 -2.887 -2.942 -2.914 -3.271 -3.136
0.06 0.69525 5.00000 9.7836198807 2.6256349087    9.781  3.971  4.2625  3.459    0  0.000  0.538     0.00     0.00 -1    -1e-30      0.00 5.840e-01 3.560e-01 1.065e-02 2.907e-03 2.640e-02 -1.000 6.000e-02 -5.158 -3.119 -3.009 -2.951 -2.885 -2.864 -2.845 -2.822 -3.262 -2.898 -2.835 -2.892 -2.862 -3.217 -3.081
0.06 0.69525 5.00000 9.8327293396 2.6256887913    9.830  3.989  4.2756  3.495    0  0.000  0.538     0.00     0.00 -1    -1e-30      0.00 5.840e-01 3.560e-01 1.065e-02 2.907e-03 2.640e-02 -1.000 6.000e-02 -5.203 -3.073 -2.960 -2.899 -2.830 -2.809 -2.788 -2.765 -3.203 -2.840 -2.778 -2.837 -2.806 -3.158 -3.021
0.06 0.69525 5.00000 9.8825168610 2.6257429123    9.880  4.006  4.2886  3.533    0  0.000  0.538     0.00     0.00 -1    -1e-30      0.00 5.840e-01 3.560e-01 1.065e-02 2.907e-03 2.640e-02 -1.000 6.000e-02 -5.245 -3.025 -2.908 -2.845 -2.773 -2.750 -2.729 -2.704 -3.141 -2.778 -2.716 -2.780 -2.747 -3.097 -2.959
0.06 0.69525 5.00000 9.9333248138 2.6257972717    9.931  4.020  4.3014  3.572    0  0.000  0.538     0.00     0.00 -1    -1e-30      0.00 5.840e-01 3.560e-01 1.065e-02 2.907e-03 2.640e-02 -1.000 6.000e-02 -5.281 -2.973 -2.852 -2.787 -2.712 -2.688 -2.665 -2.640 -3.074 -2.712 -2.650 -2.720 -2.685 -3.032 -2.893
0.06 0.69525 5.00000 9.9858160019 2.6258528233    9.983  4.033  4.3142  3.613    0  0.000  0.538     0.00     0.00 -1    -1e-30      0.00 5.840e-01 3.560e-01 1.065e-02 2.907e-03 2.640e-02 -1.000 6.000e-02 -5.313 -2.918 -2.794 -2.727 -2.648 -2.622 -2.599 -2.572 -3.005 -2.642 -2.579 -2.656 -2.620 -2.964 -2.823
0.06 0.69525 5.00000 10.0000000000 2.6258678436    9.998  4.036  4.3176  3.624    0  0.000  0.538     0.00     0.00 -1    -1e-30      0.00 5.840e-01 3.560e-01 1.065e-02 2.907e-03 2.640e-02 -1.000 6.000e-02 -5.320 -2.903 -2.778 -2.710 -2.630 -2.605 -2.581 -2.554 -2.986 -2.623 -2.560 -2.638 -2.602 -2.945 -2.804
0.06 0.69525 5.00000 10.0281972885 2.6258971691   10.026  4.042  4.3239  3.645    0  0.000  0.538     0.00     0.00 -1    -1e-30      0.00 5.840e-01 3.560e-01 1.065e-02 2.907e-03 2.640e-02 -1.000 6.000e-02 -5.335 -2.874 -2.748 -2.679 -2.597 -2.571 -2.547 -2.519 -2.950 -2.588 -2.524 -2.606 -2.568 -2.910 -2.769
0.06 0.69525 5.00000 10.0441341400 2.6259138584   10.042  4.045  4.3274  3.657    0  0.000  0.538     0.00     0.00 -1    -1e-30      0.00 5.840e-01 3.560e-01 1.065e-02 2.907e-03 2.640e-02 -1.000 6.000e-02 -5.342 -2.858 -2.731 -2.661 -2.579 -2.552 -2.528 -2.500 -2.930 -2.567 -2.503 -2.587 -2.549 -2.891 -2.749
0.06 0.69525 5.00000 10.0876560211 2.6259589195   10.086  4.049  4.3358  3.688    0  0.000  0.538     0.00     0.00 -1    -1e-30      0.00 5.840e-01 3.560e-01 1.065e-02 2.907e-03 2.640e-02 -1.000 6.000e-02 -5.352 -2.812 -2.684 -2.612 -2.527 -2.499 -2.474 -2.446 -2.875 -2.512 -2.446 -2.536 -2.496 -2.836 -2.693
0.06 0.69525 5.00000 10.1584863663 2.6260311604   10.157  4.048  4.3470  3.736    0  0.000  0.538     0.00     0.00 -1    -1e-30      0.00 5.840e-01 3.560e-01 1.065e-02 2.907e-03 2.640e-02 -1.000 6.000e-02 -5.351 -2.735 -2.604 -2.531 -2.443 -2.414 -2.388 -2.359 -2.787 -2.422 -2.356 -2.452 -2.411 -2.749 -2.605
0.06 0.69525 5.00000 10.2653474808 2.6261379719   10.264  4.029  4.3572  3.801    0  0.000  0.538     0.00     0.00 -1    -1e-30      0.00 5.840e-01 3.560e-01 1.065e-02 2.907e-03 2.640e-02 -1.000 6.000e-02 -5.303 -2.618 -2.485 -2.410 -2.320 -2.290 -2.263 -2.233 -2.660 -2.295 -2.227 -2.329 -2.287 -2.622 -2.478
0.06 0.69525 5.00000 10.3529920578 2.6262235641   10.352  4.003  4.3609  3.846    0  0.000  0.538     0.00     0.00 -1    -1e-30      0.00 5.840e-01 3.560e-01 1.065e-02 2.907e-03 2.640e-02 -1.000 6.000e-02 -5.238 -2.526 -2.392 -2.316 -2.225 -2.195 -2.168 -2.138 -2.565 -2.199 -2.132 -2.235 -2.192 -2.527 -2.383
0.06 0.69525 5.00000 10.4322462082 2.6262996197   10.432  3.974  4.3610  3.878    0  0.000  0.538     0.00     0.00 -1    -1e-30      0.00 5.840e-01 3.560e-01 1.065e-02 2.907e-03 2.640e-02 -1.000 6.000e-02 -5.166 -2.452 -2.318 -2.242 -2.151 -2.121 -2.095 -2.064 -2.491 -2.126 -2.058 -2.161 -2.118 -2.453 -2.309
0.06 0.69525 5.00000 10.5151262283 2.6263778210   10.515  3.945  4.3593  3.904    0  0.000  0.538     0.00     0.00 -1    -1e-30      0.00 5.840e-01 3.560e-01 1.065e-02 2.907e-03 2.640e-02 -1.000 6.000e-02 -5.093 -2.390 -2.256 -2.180 -2.090 -2.060 -2.034 -2.003 -2.431 -2.066 -1.999 -2.099 -2.057 -2.393 -2.249
0.06 0.69525 5.00000 10.6156806946 2.6264708042   10.616  3.921  4.3569  3.923    0  0.000  0.538     0.00     0.00 -1    -1e-30      0.00 5.840e-01 3.560e-01 1.065e-02 2.907e-03 2.640e-02 -1.000 6.000e-02 -5.032 -2.343 -2.210 -2.135 -2.046 -2.016 -1.990 -1.959 -2.388 -2.023 -1.957 -2.055 -2.013 -2.349 -2.206
0.06 0.69525 5.00000 11.0000000000 2.6268081665   11.001  3.928  4.3578  3.935    0  0.000  0.538     0.00     0.00 -1    -1e-30      0.00 5.840e-01 3.560e-01 1.065e-02 2.907e-03 2.640e-02 -1.000 6.000e-02 -5.049 -2.354 -2.221 -2.146 -2.056 -2.026 -2.000 -1.970 -2.398 -2.033 -1.967 -2.065 -2.023 -2.359 -2.216
0.06 0.69525 5.00000 11.0556201935 2.6268548965   11.057  3.930  4.3581  3.936    0  0.000  0.538     0.00     0.00 -1    -1e-30      0.00 5.840e-01 3.560e-01 1.065e-02 2.907e-03 2.640e-02 -1.000 6.000e-02 -5.055 -2.358 -2.225 -2.149 -2.060 -2.030 -2.003 -1.973 -2.401 -2.037 -1.970 -2.069 -2.027 -2.363 -2.220
0.06 0.69525 5.00000 11.6743135452 2.6273388863   11.675  4.014  4.3742  3.940    0  0.000  0.538     0.00     0.00 -1    -1e-30      0.00 5.840e-01 3.560e-01 1.065e-02 2.907e-03 2.640e-02 -1.000 6.000e-02 -5.265 -2.462 -2.326 -2.247 -2.154 -2.123 -2.095 -2.064 -2.490 -2.123 -2.054 -2.164 -2.119 -2.453 -2.308
0.06 0.69525 5.00000 12.0000000000 2.6275708675   12.001  4.057  4.3822  3.941    0  0.000  0.538     0.00     0.00 -1    -1e-30      0.00 5.840e-01 3.560e-01 1.065e-02 2.907e-03 2.640e-02 -1.000 6.000e-02 -5.372 -2.516 -2.379 -2.299 -2.204 -2.172 -2.144 -2.112 -2.537 -2.169 -2.100 -2.214 -2.169 -2.501 -2.355
0.06 0.69525 5.00000 12.0975046158 2.6276373863   12.098  4.069  4.3844  3.941    0  0.000  0.538     0.00     0.00 -1  -1.4e-29      0.00 5.840e-01 3.560e-01 1.066e-02 2.907e-03 2.640e-02 -1.000 6.000e-02 -5.402 -2.532 -2.394 -2.314 -2.218 -2.186 -2.158 -2.126 -2.551 -2.182 -2.113 -2.228 -2.183 -2.515 -2.369
0.06 0.69525 5.00000 13.5754995346 2.6285142899   13.567  4.237  4.4213  3.971    0  0.000  0.544     0.00     0.00 -1 -3.41e-13      0.00 5.840e-01 3.560e-01 1.076e-02 2.910e-03 2.640e-02 -1.000 6.000e-02 -5.823 -2.864 -2.758 -2.719 -2.735 -2.819 -2.832 -3.130 -4.253 -6.802 -7.038 -2.728 -2.801 -3.480 -4.184
0.06 0.69525 5.00000 14.0000000000 2.6287269592   13.990  4.286  4.4353  3.991    0  0.000  0.545     0.00     0.00 -1 -9.15e-09      0.00 5.840e-01 3.560e-01 1.079e-02 2.911e-03 2.640e-02 -1.000 6.000e-02 -5.946 -2.882 -2.770 -2.722 -2.725 -2.803 -2.808 -3.102 -4.255 -6.797 -7.026 -2.720 -2.782 -3.485 -4.187
0.06 0.69525 5.00000 14.3516044617 2.6288924217   14.343  4.325  4.4470  4.009    0  0.000  0.545     0.00     0.00 -1 -1.22e-08      0.00 5.840e-01 3.560e-01 1.079e-02 2.911e-03 2.640e-02 -1.000 6.000e-02 -6.043 -2.892 -2.773 -2.718 -2.711 -2.784 -2.782 -3.072 -4.251 -6.786 -7.011 -2.707 -2.761 -3.484 -4.183
0.06 0.69525 5.00000 14.8070392609 2.6290931702   14.800  4.380  4.4666  4.047    0  0.000  0.545     0.00     0.00 -1 -1.85e-08      0.00 5.840e-01 3.560e-01 1.079e-02 2.911e-03 2.640e-02 -1.000 6.000e-02 -6.179 -2.921 -2.805 -2.755 -2.761 -2.851 -2.850 -3.114 -4.232 -6.755 -6.964 -2.755 -2.823 -3.477 -4.164
0.06 0.69525 5.00000 15.4525966644 2.6293547153   15.448  4.426  4.4856  4.095    0  0.000  0.545     0.00     0.00 -1 -2.72e-08      0.00 5.840e-01 3.560e-01 1.079e-02 2.911e-03 2.640e-02 -1.000 6.000e-02 -6.296 -2.940 -2.829 -2.788 -2.812 -2.922 -2.926 -3.160 -4.200 -6.711 -6.903 -2.803 -2.891 -3.458 -4.132
0.06 0.69525 5.00000 16.0000000000 2.6295573711   15.998  4.461  4.4929  4.105    0  0.000  0.545     0.00     0.00 -1 -3.27e-08      0.00 5.840e-01 3.560e-01 1.079e-02 2.911e-03 2.640e-02 -1.000 6.000e-02 -6.381 -2.988 -2.879 -2.841 -2.872 -2.990 -2.996 -3.219 -4.228 -6.735 -6.920 -2.862 -2.957 -3.491 -4.160
0.06 0.69525 5.00000 16.3332805634 2.6296732426   16.328  4.480  4.4964  4.108    0  0.000  0.545     0.00     0.00 -1  -3.6e-08      0.00 5.840e-01 3.560e-01 1.079e-02 2.911e-03 2.640e-02 -1.000 6.000e-02 -6.431 -3.020 -2.911 -2.874 -2.909 -3.031 -3.037 -3.255 -4.250 -6.754 -6.937 -2.899 -2.997 -3.516 -4.182
0.06 0.69525 5.00000 18.0000000000 2.6301794052   17.981  4.600  4.5141  4.101    0  0.000  0.545     0.00     0.00 -1  -6.6e-08      0.00 5.840e-01 3.560e-01 1.079e-02 2.911e-03 2.640e-02 -1.000 6.000e-02 -6.729 -3.200 -3.093 -3.058 -3.096 -3.216 -3.227 -3.437 -4.407 -6.910 -7.092 -3.085 -3.185 -3.685 -4.340
0.06 0.69525 5.00000 20.0000000000 2.6306605339   19.983  4.725  4.5317  4.093    0  0.000  0.545     0.00     0.00 -1  -1.2e-07      0.00 5.840e-01 3.560e-01 1.079e-02 2.911e-03 2.640e-02 -1.000 6.000e-02 -7.042 -3.386 -3.279 -3.245 -3.283 -3.396 -3.412 -3.619 -4.576 -7.081 -7.267 -3.273 -3.370 -3.867 -4.509
0.06 0.69525 5.00000 24.0000000000 2.6313521862   23.490  4.901  4.5543  4.078    0  0.000  0.545     0.00     0.00 -1 -2.61e-07      0.00 5.840e-01 3.560e-01 1.079e-02 2.911e-03 2.640e-02 -1.000 6.000e-02 -7.481 -3.661 -3.554 -3.522 -3.559 -3.666 -3.688 -3.894 -4.849 -7.355 -7.534 -3.551 -3.645 -4.146 -4.783
0.06 0.69525 5.00000 30.0000000000 2.6320033073   29.899  5.164  4.5879  4.053    0  0.000  0.545     0.00     0.00 -1 -8.32e-07      0.00 5.840e-01 3.560e-01 1.079e-02 2.911e-03 2.640e-02 -1.000 6.000e-02 -8.141 -4.051 -3.943 -3.912 -3.956 -4.066 -4.097 -4.319 -5.362 -7.866 -7.960 -3.950 -4.052 -4.608 -5.293
0.06 0.69525 5.00000 35.0000000000 2.6323544979   34.825  5.314  4.6039  4.033    0  0.000  0.545     0.00     0.00 -1 -1.51e-06      0.00 5.840e-01 3.560e-01 1.079e-02 2.911e-03 2.640e-02 -1.000 6.000e-02 -8.516 -4.300 -4.190 -4.160 -4.205 -4.318 -4.351 -4.580 -5.648 -8.149 -8.215 -4.201 -4.306 -4.878 -5.579
0.06 0.69525 5.00000 40.0000000000 2.6326069832   39.735  5.438  4.6154  4.012    0  0.000  0.545     0.00     0.00 -1  -2.4e-06      0.00 5.840e-01 3.560e-01 1.079e-02 2.911e-03 2.640e-02 -1.000 6.000e-02 -8.825 -4.522 -4.411 -4.380 -4.425 -4.540 -4.572 -4.800 -5.851 -8.347 -8.420 -4.422 -4.527 -5.089 -5.782
0.06 0.69525 5.00000 45.0000000000 2.6327958107   44.600  5.542  4.6236  3.992    0  0.000  0.545     0.00     0.00 -1 -3.55e-06      0.00 5.840e-01 3.560e-01 1.079e-02 2.911e-03 2.640e-02 -1.000 6.000e-02 -9.084 -4.717 -4.606 -4.575 -4.619 -4.736 -4.766 -4.995 -6.034 -8.526 -8.603 -4.617 -4.723 -5.277 -5.965
0.06 0.69525 5.00000 50.0000000000 2.6329421997   49.385  5.631  4.6291  3.970    0  0.000  0.545     0.00     0.00 -1  -4.9e-06      0.00 5.840e-01 3.560e-01 1.079e-02 2.911e-03 2.640e-02 -1.000 6.000e-02 -9.307 -4.897 -4.785 -4.754 -4.798 -4.916 -4.946 -5.174 -6.205 -8.695 -8.774 -4.797 -4.903 -5.452 -6.137
0.06 0.69525 5.00000 55.0000038147 2.6330580711   54.098  5.708  4.6332  3.948    0  0.000  0.545     0.00     0.00 -1 -6.41e-06      0.00 5.840e-01 3.560e-01 1.079e-02 2.911e-03 2.640e-02 -1.000 6.000e-02 -9.499 -5.059 -4.947 -4.915 -4.960 -5.078 -5.108 -5.337 -6.361 -8.849 -8.931 -4.959 -5.066 -5.610 -6.293
0.06 0.69525 5.00000 60.0000000000 2.6331522465   58.803  5.777  4.6354  3.924    0  0.000  0.545     0.00     0.00 -1 -8.12e-06      0.00 5.840e-01 3.560e-01 1.079e-02 2.911e-03 2.640e-02 -1.000 6.000e-02 -9.672 -5.215 -5.103 -5.071 -5.116 -5.234 -5.263 -5.492 -6.514 -9.001 -9.084 -5.115 -5.222 -5.765 -6.446
0.06 0.69525 5.00000 65.0000000000 2.6332299709   63.508  5.838  4.6360  3.898    0  0.000  0.545     0.00     0.00 -1 -9.99e-06      0.00 5.840e-01 3.560e-01 1.079e-02 2.911e-03 2.640e-02 -1.000 6.000e-02 -9.826 -5.376 -5.269 -5.244 -5.302 -5.432 -5.464 -5.707 -6.755 -9.248 -9.342 -5.300 -5.419 -5.991 -6.687
0.06 0.69525 5.00000 70.0000000000 2.6332950592   68.106  5.894  4.6358  3.872    0  0.000  0.545     0.00     0.00 -1 -1.21e-05      0.00 5.840e-01 3.560e-01 1.079e-02 2.911e-03 2.640e-02 -1.000 6.000e-02 -9.965 -5.529 -5.426 -5.408 -5.479 -5.621 -5.655 -5.913 -6.987 -9.486 -9.591 -5.476 -5.606 -6.209 -6.918
0.06 0.69525 5.00000 75.0000000000 2.6333501339   72.698  5.944  4.6357  3.850    0  0.000  0.545     0.00     0.00 -1 -1.43e-05      0.00 5.840e-01 3.560e-01 1.079e-02 2.911e-03 2.640e-02 -1.000 6.000e-02 -10.091 -5.665 -5.566 -5.553 -5.635 -5.785 -5.821 -6.090 -7.184 -9.688 -9.801 -5.630 -5.769 -6.395 -7.115
0.06 0.69525 5.00000 80.0000000000 2.6333973408   77.287  5.991  4.6358  3.831    0  0.000  0.545     0.00     0.00 -1 -1.67e-05      0.00 5.840e-01 3.560e-01 1.079e-02 2.911e-03 2.640e-02 -1.000 6.000e-02 -10.207 -5.789 -5.693 -5.686 -5.777 -5.936 -5.975 -6.254 -7.369 -9.877 -9.998 -5.772 -5.920 -6.569 -7.299
0.06 0.69525 5.00000 90.0000000000 2.6334741116   86.390  6.074  4.6374  3.802    0  0.000  0.545     0.00     0.00 -1  -2.2e-05      0.00 5.840e-01 3.560e-01 1.079e-02 2.911e-03 2.640e-02 -1.000 6.000e-02 -10.414 -6.009 -5.920 -5.924 -6.036 -6.212 -6.253 -6.552 -7.704 -10.222 -10.356 -6.030 -6.194 -6.883 -7.633
0.06 0.69525 5.00000 95.0000000000 2.6335055828   90.903  6.111  4.6379  3.789    0  0.000  0.545     0.00     0.00 -1 -2.46e-05      0.00 5.840e-01 3.560e-01 1.079e-02 2.911e-03 2.640e-02 -1.000 6.000e-02 -10.507 -6.107 -6.021 -6.029 -6.148 -6.329 -6.371 -6.677 -7.843 -10.364 -10.502 -6.141 -6.311 -7.015 -7.772
0.06 0.69525 5.00000 100.0000000000 2.6335334778   95.402  6.146  4.6383  3.777    0  0.000  0.545     0.00     0.00 -1 -2.77e-05      0.00 5.840e-01 3.560e-01 1.079e-02 2.911e-03 2.640e-02 -1.000 6.000e-02 -10.595 -6.202 -6.119 -6.132 -6.259 -6.447 -6.490 -6.804 -7.985 -10.510 -10.653 -6.251 -6.428 -7.149 -7.914
0.06 0.69525 5.00000 120.0000076294 2.6336188316  113.478  6.268  4.6408  3.739    0  0.000  0.545     0.00     0.00 -1 -4.14e-05      0.00 5.840e-01 3.560e-01 1.079e-02 2.911e-03 2.640e-02 -1.000 6.000e-02 -10.901 -6.531 -6.460 -6.489 -6.646 -6.857 -6.902 -7.243 -8.465 -10.999 -11.163 -6.636 -6.834 -7.608 -8.394
0.06 0.69525 5.00000 150.0000000000 2.6336188316  139.795  6.409  4.6449  3.706    0  0.000  0.521     0.00     0.00 -1 -6.37e-05      0.00 5.833e-01 3.567e-01 1.031e-02 3.652e-03 2.620e-02 -1.000 6.005e-02 -11.251 -6.899 -6.840 -6.889 -7.074 -7.307 -7.354 -7.719 -8.958 -11.491 -11.682 -7.062 -7.280 -8.093 -8.887
0.06 0.69525 5.00000 200.0000152588 2.6336188316  184.059  6.585  4.6522  3.679    0  0.000  0.103     0.00     0.00 -1 -0.000107      0.00 5.753e-01 3.635e-01 2.021e-03 1.521e-02 2.415e-02 -1.000 6.122e-02 -11.692 -7.356 -7.311 -7.381 -7.598 -7.856 -7.903 -8.296 -9.554 -12.094 -12.315 -7.583 -7.825 -8.682 -9.483
0.06 0.69525 5.00000 250.0000000000 2.6336188316  228.061  6.717  4.6596  3.670    0  0.000  0.084     0.00     0.00 -1 -0.000156      0.00 5.688e-01 3.701e-01 1.627e-03 1.712e-02 2.251e-02 -1.000 6.105e-02 -12.022 -7.686 -7.650 -7.735 -7.975 -8.252 -8.298 -8.708 -9.983 -12.541 -12.785 -7.958 -8.218 -9.099 -9.911
0.06 0.69525 5.00000 300.0000305176 2.6336188316  271.551  6.820  4.6673  3.673    0  0.000  0.100     0.00     0.00 -1 -0.000209      0.00 5.648e-01 3.743e-01 1.925e-03 1.779e-02 2.133e-02 -1.000 6.087e-02 -12.279 -7.934 -7.908 -8.006 -8.264 -8.560 -8.604 -9.028 -10.318 -12.893 -13.146 -8.248 -8.523 -9.420 -10.245
0.06 0.69525 5.00000 350.0000000000 2.6336188316  314.801  6.904  4.6736  3.678    0  0.000  0.015     0.00     0.00 -1 -0.000259      0.00 5.623e-01 3.766e-01 2.179e-04 2.049e-02 2.055e-02 -1.000 6.106e-02 -12.491 -8.133 -8.111 -8.218 -8.489 -8.795 -8.838 -9.269 -10.569 -13.154 -13.406 -8.473 -8.757 -9.659 -10.494
0.06 0.69525 5.00000 350.0006408691 2.6336188316  310.539  6.898  4.6658  3.648    0  0.000  0.019     0.00     0.00 -1 -0.000172      0.00 5.579e-01 3.812e-01 2.987e-04 2.152e-02 1.927e-02 -1.000 6.089e-02 -12.474 -8.000 -7.947 -8.009 -8.217 -8.473 -8.518 -8.900 -10.142 -12.687 -12.900 -8.206 -8.444 -9.268 -10.071
0.06 0.69525 5.00000 350.0028991699 2.6336188316  290.293  6.865  4.6402  3.548    0  0.000  0.038     0.00     0.00 -1 -4.25e-05      0.00 5.362e-01 4.034e-01 5.675e-04 2.448e-02 1.552e-02 -1.000 6.039e-02 -12.393 -7.899 -7.786 -7.754 -7.799 -7.918 -7.946 -8.175 -9.188 -11.673 -11.759 -7.798 -7.905 -8.443 -9.121
0.06 0.69525 5.00000 350.0043029785 2.6336188316  271.750  6.835  4.6240  3.485    0  0.000  0.053     0.00     0.00 -1 -1.72e-05      0.00 5.152e-01 4.247e-01 7.389e-04 2.650e-02 1.299e-02 -1.000 6.010e-02 -12.318 -7.947 -7.836 -7.804 -7.849 -7.966 -7.996 -8.225 -9.263 -11.755 -11.832 -7.847 -7.953 -8.506 -9.194
0.06 0.69525 5.00000 350.0053405762 2.6336188316  254.135  6.805  4.6119  3.437    0  0.000  0.067     0.00     0.00 -1 -8.69e-06      0.00 4.942e-01 4.460e-01 8.670e-04 2.800e-02 1.111e-02 -1.000 5.981e-02 -12.244 -7.745 -7.636 -7.733 -7.673 -7.786 -7.834 -8.015 -9.239 -9.918 -10.839 -7.676 -7.787 -8.215 -8.969
0.06 0.69525 5.00000 350.0061645508 2.6336188316  238.102  6.777  4.6027  3.400    0  0.000  0.080     0.00     0.00 -1 -5.01e-06      0.00 4.745e-01 4.659e-01 9.638e-04 2.908e-02 9.746e-03 -1.000 5.962e-02 -12.174 -7.675 -7.566 -7.663 -7.604 -7.716 -7.764 -7.945 -9.169 -9.848 -10.769 -7.606 -7.717 -8.145 -8.899
0.06 0.69525 5.00000 350.0068054199 2.6336188316  223.287  6.750  4.5951  3.370    0  0.000  0.093     0.00     0.00 -1 -3.22e-06      0.00 4.552e-01 4.852e-01 1.043e-03 2.992e-02 8.687e-03 -1.000 5.953e-02 -12.104 -7.606 -7.496 -7.594 -7.534 -7.647 -7.695 -7.876 -9.100 -9.779 -10.700 -7.536 -7.648 -8.076 -8.829
0.06 0.69525 5.00000 350.0073852539 2.6336188316  209.150  6.721  4.5887  3.344    0  0.000  0.107     0.00     0.00 -1 -2.18e-06      0.00 4.354e-01 5.052e-01 1.111e-03 3.061e-02 7.805e-03 -1.000 5.944e-02 -12.034 -7.535 -7.426 -7.523 -7.464 -7.576 -7.624 -7.805 -9.029 -9.708 -10.629 -7.466 -7.577 -8.005 -8.759
0.06 0.69525 5.00000 350.0078735352 2.6336188316  196.295  6.694  4.5830  3.321    0  0.000  0.120     0.00     0.00 -1 -1.53e-06      0.00 4.169e-01 5.239e-01 1.168e-03 3.114e-02 7.131e-03 -1.000 5.926e-02 -11.965 -7.467 -7.357 -7.455 -7.395 -7.508 -7.556 -7.737 -8.961 -9.640 -10.561 -7.397 -7.509 -7.937 -8.690
0.06 0.69525 5.00000 350.0083007812 2.6336188316  184.252  6.667  4.5781  3.301    0  0.000  0.135     0.00     0.00 -1 -1.14e-06      0.00 3.987e-01 5.421e-01 1.218e-03 3.156e-02 6.585e-03 -1.000 5.927e-02 -11.898 -7.399 -7.290 -7.387 -7.328 -7.440 -7.489 -7.670 -8.893 -9.573 -10.493 -7.330 -7.441 -7.869 -8.623
0.06 0.69525 5.00000 350.0086669922 2.6336188316  172.945  6.640  4.5742  3.285    0  0.000  0.151     0.00     0.00 -1 -8.49e-07      0.00 3.803e-01 5.605e-01 1.263e-03 3.192e-02 6.125e-03 -1.000 5.918e-02 -11.830 -7.332 -7.222 -7.319 -7.260 -7.373 -7.421 -7.602 -8.826 -9.505 -10.426 -7.262 -7.373 -7.802 -8.555
0.06 0.69525 5.00000 350.0090026855 2.6336188316  162.363  6.613  4.5705  3.269    0  0.000  0.168     0.00     0.00 -1 -6.63e-07      0.00 3.628e-01 5.780e-01 1.302e-03 3.220e-02 5.758e-03 -1.000 5.918e-02 -11.764 -7.265 -7.156 -7.253 -7.194 -7.306 -7.354 -7.535 -8.759 -9.438 -10.359 -7.196 -7.307 -7.735 -8.489
0.06 0.69525 5.00000 350.0093078613 2.6336188316  152.492  6.587  4.5677  3.257    0  0.000  0.186     0.00     0.00 -1 -5.27e-07      0.00 3.453e-01 5.956e-01 1.338e-03 3.244e-02 5.447e-03 -1.000 5.909e-02 -11.698 -7.199 -7.090 -7.187 -7.128 -7.240 -7.289 -7.470 -8.693 -9.373 -10.293 -7.130 -7.241 -7.669 -8.423
0.06 0.69525 5.00000 350.0096435547 2.6336188316  141.445  6.555  4.5650  3.246    0  0.000  0.208     0.00     0.00 -1 -9.43e-07      0.00 3.247e-01 6.162e-01 1.375e-03 3.266e-02 5.141e-03 -1.000 5.910e-02 -11.617 -7.118 -7.009 -7.106 -7.047 -7.159 -7.207 -7.388 -8.612 -9.291 -10.212 -7.049 -7.160 -7.588 -8.342
0.06 0.69525 5.00000 350.0097351074 2.6336188316  132.631  6.521  4.5658  3.255    0  0.000  0.220     0.00     0.00 -1 -8.13e-07      0.00 3.140e-01 6.270e-01 1.387e-03 3.278e-02 4.994e-03 -1.000 5.901e-02 -11.533 -7.035 -6.925 -7.022 -6.963 -7.076 -7.124 -7.305 -8.529 -9.208 -10.129 -6.965 -7.076 -7.505 -8.258
0.06 0.69525 5.00000 350.0098571777 2.6336188316  123.144  6.481  4.5634  3.253    0  0.000  0.229     0.00     0.00 -1 -6.81e-07      0.00 3.065e-01 6.344e-01 1.400e-03 3.284e-02 4.911e-03 -1.000 5.910e-02 -11.433 -6.935 -6.825 -6.923 -6.863 -6.976 -7.024 -7.205 -8.429 -9.108 -10.029 -6.865 -6.977 -7.405 -8.158
0.06 0.69525 5.00000 350.0099792480 2.6336188316  114.383  6.441  4.5609  3.251    0  0.000  0.238     0.00     0.00 -1 -5.82e-07      0.00 2.990e-01 6.420e-01 1.412e-03 3.290e-02 4.833e-03 -1.000 5.901e-02 -11.333 -6.835 -6.725 -6.823 -6.763 -6.876 -6.924 -7.105 -8.329 -9.008 -9.929 -6.765 -6.877 -7.305 -8.058
0.06 0.69525 5.00000 350.0101013184 2.6336188316  106.261  6.401  4.5583  3.249    0  0.000  0.247     0.00     0.00 -1 -4.87e-07      0.00 2.915e-01 6.495e-01 1.425e-03 3.295e-02 4.762e-03 -1.000 5.901e-02 -11.233 -6.734 -6.625 -6.722 -6.663 -6.775 -6.823 -7.004 -8.228 -8.907 -9.828 -6.665 -6.776 -7.204 -7.958
0.06 0.69525 5.00000 350.0102233887 2.6336188316   98.883  6.361  4.5562  3.249    0  0.000  0.256     0.00     0.00 -1 -4.09e-07      0.00 2.840e-01 6.569e-01 1.437e-03 3.299e-02 4.699e-03 -1.000 5.901e-02 -11.133 -6.635 -6.525 -6.622 -6.563 -6.676 -6.724 -6.905 -8.128 -8.808 -9.729 -6.565 -6.676 -7.105 -7.858
0.06 0.69525 5.00000 350.0103454590 2.6336188316   92.019  6.321  4.5541  3.249    0  0.000  0.265     0.00     0.00 -1 -3.44e-07      0.00 2.766e-01 6.643e-01 1.449e-03 3.303e-02 4.642e-03 -1.000 5.901e-02 -11.033 -6.534 -6.425 -6.522 -6.462 -6.575 -6.623 -6.804 -8.028 -8.707 -9.628 -6.465 -6.576 -7.004 -7.757
0.06 0.69525 5.00000 350.0104675293 2.6336188316   85.644  6.281  4.5521  3.250    0  0.000  0.275     0.00     0.00 -1 -2.89e-07      0.00 2.692e-01 6.718e-01 1.462e-03 3.306e-02 4.589e-03 -1.000 5.902e-02 -10.932 -6.433 -6.324 -6.421 -6.361 -6.474 -6.522 -6.703 -7.927 -8.606 -9.527 -6.364 -6.475 -6.903 -7.657
0.06 0.69525 5.00000 350.0105590820 2.6336188316   79.896  6.241  4.5499  3.251    0  0.000  0.284     0.00     0.00 -1 -2.43e-07      0.00 2.619e-01 6.791e-01 1.474e-03 3.308e-02 4.543e-03 -1.000 5.902e-02 -10.833 -6.334 -6.225 -6.322 -6.263 -6.375 -6.424 -6.605 -7.828 -8.508 -9.428 -6.265 -6.376 -6.804 -7.558
0.06 0.69525 5.00000 350.0106811523 2.6336188316   74.544  6.201  4.5476  3.251    0  0.000  0.294     0.00     0.00 -1 -2.04e-07      0.00 2.547e-01 6.863e-01 1.486e-03 3.312e-02 4.502e-03 -1.000 5.902e-02 -10.734 -6.235 -6.126 -6.223 -6.163 -6.276 -6.324 -6.505 -7.729 -8.408 -9.329 -6.166 -6.277 -6.705 -7.459
0.06 0.69525 5.00000 350.0108032227 2.6336188316   69.665  6.163  4.5452  3.251    0  0.000  0.304     0.00     0.00 -1 -1.76e-07      0.00 2.475e-01 6.935e-01 1.498e-03 3.313e-02 4.465e-03 -1.000 5.902e-02 -10.637 -6.139 -6.029 -6.127 -6.067 -6.180 -6.228 -6.409 -7.633 -8.312 -9.233 -6.069 -6.181 -6.609 -7.362
0.06 0.69525 5.00000 350.0109252930 2.6336188316   64.928  6.123  4.5423  3.249    0  0.000  0.314     0.00     0.00 -1 -1.47e-07      0.00 2.397e-01 7.013e-01 1.510e-03 3.315e-02 4.429e-03 -1.000 5.902e-02 -10.537 -6.039 -5.929 -6.027 -5.967 -6.080 -6.128 -6.309 -7.533 -8.212 -9.133 -5.969 -6.081 -6.509 -7.262
0.06 0.69525 5.00000 350.0110473633 2.6336188316   60.626  6.084  4.5400  3.248    0  0.000  0.325     0.00     0.00 -1 -1.24e-07      0.00 2.321e-01 7.089e-01 1.522e-03 3.316e-02 4.396e-03 -1.000 5.902e-02 -10.440 -5.942 -5.832 -5.929 -5.870 -5.983 -6.031 -6.212 -7.435 -8.115 -9.036 -5.872 -5.983 -6.412 -7.165
0.06 0.69525 5.00000 350.0111694336 2.6336188316   56.611  6.045  4.5377  3.249    0  0.000  0.336     0.00     0.00 -1 -1.04e-07      0.00 2.246e-01 7.165e-01 1.535e-03 3.318e-02 4.369e-03 -1.000 5.893e-02 -10.342 -5.844 -5.734 -5.831 -5.772 -5.885 -5.933 -6.114 -7.337 -8.017 -8.938 -5.774 -5.885 -6.314 -7.067
0.06 0.69525 5.00000 350.0112609863 2.6336188316   52.953  6.006  4.5357  3.250    0  0.000  0.347     0.00     0.00 -1 -8.79e-08      0.00 2.169e-01 7.241e-01 1.547e-03 3.319e-02 4.343e-03 -1.000 5.902e-02 -10.246 -5.747 -5.638 -5.735 -5.676 -5.788 -5.836 -6.017 -7.241 -7.920 -8.841 -5.678 -5.789 -6.217 -6.971
0.06 0.69525 5.00000 350.0113830566 2.6336188316   49.449  5.967  4.5334  3.251    0  0.000  0.358     0.00     0.00 -1 -7.39e-08      0.00 2.094e-01 7.317e-01 1.560e-03 3.319e-02 4.323e-03 -1.000 5.894e-02 -10.147 -5.648 -5.539 -5.636 -5.577 -5.689 -5.738 -5.918 -7.142 -7.821 -8.742 -5.579 -5.690 -6.118 -6.872
0.06 0.69525 5.00000 350.0115051270 2.6336188316   46.269  5.928  4.5316  3.254    0  0.000  0.371     0.00     0.00 -1 -6.22e-08      0.00 2.016e-01 7.395e-01 1.572e-03 3.320e-02 4.303e-03 -1.000 5.894e-02 -10.050 -5.552 -5.442 -5.540 -5.480 -5.593 -5.641 -5.822 -7.046 -7.725 -8.646 -5.482 -5.593 -6.022 -6.775
0.06 0.69525 5.00000 350.0116271973 2.6336188316   43.322  5.889  4.5298  3.257    0  0.000  0.383     0.00     0.00 -1 -5.24e-08      0.00 1.937e-01 7.473e-01 1.585e-03 3.320e-02 4.287e-03 -1.000 5.903e-02 -9.954 -5.455 -5.346 -5.443 -5.384 -5.496 -5.544 -5.725 -6.949 -7.628 -8.549 -5.386 -5.497 -5.925 -6.679
0.06 0.69525 5.00000 350.0117492676 2.6336188316   40.552  5.851  4.5280  3.259    0  0.000  0.395     0.00     0.00 -1 -4.41e-08      0.00 1.860e-01 7.551e-01 1.597e-03 3.320e-02 4.274e-03 -1.000 5.894e-02 -9.857 -5.359 -5.249 -5.346 -5.287 -5.400 -5.448 -5.629 -6.853 -7.532 -8.453 -5.289 -5.400 -5.829 -6.582
0.06 0.69525 5.00000 350.0118713379 2.6336188316   37.971  5.812  4.5262  3.262    0  0.000  0.408     0.00     0.00 -1 -3.72e-08      0.00 1.781e-01 7.629e-01 1.610e-03 3.319e-02 4.263e-03 -1.000 5.903e-02 -9.761 -5.262 -5.153 -5.250 -5.191 -5.303 -5.352 -5.533 -6.756 -7.436 -8.357 -5.193 -5.304 -5.733 -6.486
0.06 0.69525 5.00000 350.0119934082 2.6336188316   35.454  5.774  4.5233  3.259    0  0.000  0.421     0.00     0.00 -1 -3.12e-08      0.00 1.699e-01 7.711e-01 1.624e-03 3.319e-02 4.255e-03 -1.000 5.894e-02 -9.664 -5.165 -5.056 -5.153 -5.094 -5.206 -5.255 -5.436 -6.659 -7.339 -8.259 -5.096 -5.207 -5.635 -6.389
0.06 0.69525 5.00000 350.0121154785 2.6336188316   33.166  5.736  4.5207  3.258    0  0.000  0.435     0.00     0.00 -1 -2.62e-08      0.00 1.618e-01 7.792e-01 1.638e-03 3.318e-02 4.248e-03 -1.000 5.895e-02 -9.570 -5.071 -4.962 -5.059 -5.000 -5.112 -5.160 -5.341 -6.565 -7.244 -8.165 -5.002 -5.113 -5.541 -6.295
0.06 0.69525 5.00000 350.0122375488 2.6336188316   30.975  5.697  4.5197  3.263    0  0.000  0.450     0.00     0.00 -1 -2.24e-08      0.00 1.531e-01 7.879e-01 1.652e-03 3.317e-02 4.243e-03 -1.000 5.896e-02 -9.473 -4.975 -4.865 -4.962 -4.903 -5.016 -5.064 -5.245 -6.469 -7.148 -8.069 -4.905 -5.016 -5.445 -6.198
0.06 0.69525 5.00000 350.0123596191 2.6336188316   28.974  5.660  4.5200  3.272    0  0.000  0.466     0.00     0.00 -1 -1.88e-08      0.00 1.445e-01 7.965e-01 1.667e-03 3.316e-02 4.239e-03 -1.000 5.897e-02 -9.380 -4.881 -4.772 -4.869 -4.810 -4.922 -4.971 -5.151 -6.375 -7.055 -7.975 -4.812 -4.923 -5.351 -6.105
0.06 0.69525 5.00000 350.0124816895 2.6336188316   27.061  5.622  4.5214  3.286    0  0.000  0.483     0.00     0.00 -1 -1.58e-08      0.00 1.359e-01 8.052e-01 1.682e-03 3.314e-02 4.238e-03 -1.000 5.893e-02 -9.286 -4.787 -4.678 -4.775 -4.716 -4.828 -4.876 -5.057 -6.281 -6.960 -7.881 -4.718 -4.829 -5.257 -6.011
0.06 0.69525 5.00000 350.0126037598 2.6336188316   25.507  5.591  4.5236  3.300    0  0.000  0.494     0.00     0.00 -1 -1.37e-08      0.00 1.303e-01 8.107e-01 1.695e-03 3.312e-02 4.245e-03 -1.000 5.898e-02 -9.206 -4.708 -4.598 -4.696 -4.636 -4.749 -4.797 -4.978 -6.202 -6.881 -7.802 -4.638 -4.750 -5.178 -5.931
0.06 0.69525 5.00000 350.0126953125 2.6336188316   24.341  5.567  4.5295  3.327    0  0.000  0.505     0.00     0.00 -1  -1.2e-08      0.00 1.256e-01 8.154e-01 1.706e-03 3.311e-02 4.250e-03 -1.000 5.897e-02 -9.147 -4.649 -4.539 -4.636 -4.577 -4.690 -4.738 -4.919 -6.142 -6.822 -7.743 -4.579 -4.690 -5.119 -5.872
0.06 0.69525 5.00000 350.0127563477 2.6336188316   23.601  5.554  4.5404  3.371    0  0.000  0.512     0.00     0.00 -1 -1.14e-08      0.00 1.222e-01 8.188e-01 1.713e-03 3.310e-02 4.253e-03 -1.000 5.898e-02 -9.114 -4.616 -4.506 -4.603 -4.544 -4.657 -4.705 -4.886 -6.110 -6.789 -7.710 -4.546 -4.657 -5.086 -5.839
0.06 0.69525 5.00000 350.0127868652 2.6336188316   22.938  5.655  4.6971  3.884    0  0.000  0.519     0.00     0.00 -1 -1.46e-08      0.00 1.196e-01 8.215e-01 1.720e-03 3.309e-02 4.256e-03 -1.000 5.895e-02 -9.368 -4.447 -4.334 -4.435 -4.347 -4.451 -4.500 -4.674 -5.911 -6.507 -7.355 -4.351 -4.453 -4.871 -5.640
0.06 0.69525 5.00000 350.0128173828 2.6336188316   21.588  5.704  4.8052  4.240    1  0.000  0.527     0.00     0.00 -1 -1.79e-08      0.00 1.081e-01 8.329e-01 1.715e-03 3.311e-02 4.228e-03 -1.000 5.901e-02 -9.491 -3.794 -3.679 -3.716 -3.712 -3.839 -3.895 -4.117 -5.522 -6.261 -7.190 -3.719 -3.841 -4.371 -5.252
0.06 0.69525 5.00000 350.0128479004 2.6336188316   21.042  5.598  4.8697  4.593    1  0.000  0.455     0.00     0.00 -1 -1.25e-08      0.00 1.038e-01 8.372e-01 1.662e-03 3.320e-02 4.224e-03 -1.000 5.898e-02 -9.226 -3.037 -2.916 -2.883 -2.921 -3.025 -3.092 -3.295 -4.740 -5.660 -6.585 -2.922 -3.027 -3.547 -4.467
0.06 0.69525 5.00000 350.0128784180 2.6336188316   20.669  5.576  4.8776  4.640    1  0.000  0.498     0.00     0.00 -1 -1.16e-08      0.00 9.322e-02 8.478e-01 1.684e-03 3.320e-02 4.200e-03 -1.000 5.902e-02 -9.170 -2.920 -2.797 -2.760 -2.799 -2.901 -2.969 -3.168 -4.608 -5.538 -6.478 -2.800 -2.903 -3.416 -4.335
0.06 0.69525 5.00000 350.0129699707 2.6336188316   19.567  5.544  4.8781  4.650    1  0.000  0.631     0.00     0.00 -1 -1.05e-08      0.00 7.716e-02 8.639e-01 1.753e-03 3.313e-02 4.156e-03 -1.000 5.895e-02 -9.091 -2.837 -2.714 -2.677 -2.716 -2.817 -2.885 -3.085 -4.524 -5.455 -6.396 -2.717 -2.820 -3.333 -4.251
0.06 0.69525 5.00000 350.0130310059 2.6336188316   18.525  5.513  4.8736  4.639    1  0.000  0.773     0.00     0.00 -1  -9.3e-09      0.00 7.621e-02 8.649e-01 1.849e-03 3.298e-02 4.171e-03 -1.000 5.893e-02 -9.014 -2.795 -2.672 -2.638 -2.676 -2.779 -2.846 -3.048 -4.490 -5.415 -6.348 -2.677 -2.781 -3.298 -4.217
0.06 0.69525 5.00000 350.0131225586 2.6336188316   17.482  5.482  4.8692  4.628    1  0.000  0.805     0.00     0.00 -1 -8.04e-09      0.00 7.657e-02 8.645e-01 1.880e-03 3.292e-02 4.197e-03 -1.000 5.895e-02 -8.935 -2.749 -2.627 -2.595 -2.633 -2.737 -2.804 -3.008 -4.452 -5.372 -6.296 -2.634 -2.740 -3.260 -4.179
0.06 0.69525 5.00000 350.0131530762 2.6336188316   16.745  5.459  4.8622  4.604    1  0.000 10.743     0.00     0.00 -1 -7.02e-09      0.00 7.691e-02 8.504e-01 9.042e-03 2.138e-02 4.303e-03  9.799 7.268e-02 -8.877 -2.746 -2.625 -2.596 -2.633 -2.740 -2.806 -3.013 -4.461 -5.374 -6.284 -2.635 -2.742 -3.268 -4.188
0.06 0.69525 5.00000 350.0131835938 2.6336188316   16.408  5.448  4.8530  4.569    1  0.000 30.571     0.00     0.00 -1 -6.37e-09      0.00 7.708e-02 8.210e-01 3.128e-02 9.550e-03 4.617e-03 10.478 1.019e-01 -8.850 -2.791 -2.671 -2.646 -2.682 -2.792 -2.857 -3.068 -4.522 -5.424 -6.316 -2.684 -2.794 -3.328 -4.249
0.06 0.69525 5.00000 350.0132141113 2.6336188316   16.151  5.442  4.8720  4.644    1  0.000 37.938     0.00     0.00 -1 -5.91e-09      0.00 7.723e-02 7.972e-01 5.203e-02 5.159e-03 5.038e-03 10.717 1.256e-01 -8.835 -2.628 -2.506 -2.472 -2.510 -2.614 -2.681 -2.883 -4.326 -5.250 -6.179 -2.512 -2.616 -3.134 -4.053
0.06 0.69525 5.00000 350.0133666992 2.6336188316   15.001  5.411  4.8707  4.638    1  0.000 26.895     0.00     0.00 -1 -3.81e-09      0.00 7.805e-02 6.856e-01 1.551e-01 6.421e-04 1.015e-02 11.197 2.364e-01 -8.758 -2.561 -2.439 -2.406 -2.444 -2.548 -2.615 -2.818 -4.261 -5.183 -6.110 -2.445 -2.550 -3.069 -3.988
0.06 0.69525 5.00000 350.0134887695 2.6336188316   14.230  5.396  4.8761  4.652    1  0.000 18.001     0.00     0.00 -1 -2.79e-09      0.00 7.880e-02 6.048e-01 2.271e-01 4.242e-04 1.808e-02 11.354 3.164e-01 -8.720 -2.481 -2.359 -2.323 -2.362 -2.463 -2.531 -2.732 -4.172 -5.100 -6.038 -2.363 -2.466 -2.981 -3.899
0.06 0.69525 5.00000 350.0135803223 2.6336188316   13.865  5.391  4.8843  4.678    1  0.000 14.733     0.00     0.00 -1 -2.32e-09      0.00 7.924e-02 5.620e-01 2.634e-01 4.055e-04 2.417e-02 11.411 3.588e-01 -8.707 -2.405 -2.282 -2.242 -2.281 -2.380 -2.449 -2.646 -4.082 -5.019 -5.972 -2.282 -2.383 -2.891 -3.809
0.06 0.69525 5.00000 350.0136108398 2.6336188316   13.675  5.391  4.8947  4.714    1  0.000 13.410     0.00     0.00 -1 -2.13e-09      0.00 7.949e-02 5.413e-01 2.803e-01 4.025e-04 2.768e-02 11.435 3.792e-01 -8.708 -2.324 -2.200 -2.155 -2.196 -2.291 -2.361 -2.553 -3.983 -4.932 -5.906 -2.196 -2.294 -2.794 -3.710
0.06 0.69525 5.00000 350.0136413574 2.6336188316   13.466  5.544  5.0059  4.998    1  0.000 12.468     0.00     0.00 -1  -3.1e-09      0.00 7.976e-02 5.254e-01 2.930e-01 4.019e-04 3.068e-02 11.450 3.948e-01 -9.091 -1.841 -1.709 -1.648 -1.668 -1.726 -1.787 -1.897 -3.139 -4.037 -5.020 -1.663 -1.729 -2.037 -2.868
0.06 0.69525 5.00000 350.0136718750 2.6336188316   13.461  5.573  4.9848  4.886    1  0.000 12.443     0.00     0.00 -1 -3.35e-09      0.00 7.976e-02 5.250e-01 2.932e-01 4.019e-04 3.076e-02 11.451 3.953e-01 -9.161 -2.062 -1.929 -1.866 -1.883 -1.943 -2.003 -2.121 -3.384 -4.291 -5.283 -1.880 -1.946 -2.273 -3.112
#isochrone terminated
