# File generated by CMD 3.3 (http://stev.oapd.inaf.it/cmd) on Wed Apr 22 16:19:47 CEST 2020
# isochrones based on PARSEC release v1.2S +  COLIBRI S_35
# Basic references: Bressan et al. (2012), MNRAS, 427, 127 + Chen et al. (2014, 2015), MNRAS, 444, 2525 + MNRAS, 452, 1068 + Tang et al. (2014), MNRAS, 445, 4287 + Marigo et al. (2017), ApJ, 835, 77 + Pastorelli al. (2019), MNRAS in press
# Thermal pulse cycles included 
# On RGB, assumed Reimers mass loss with efficiency eta=0.2
# Photometric system:  2MASS + Spitzer (IRAC+MIPS) + WISE
# Using YBC version of bolometric corrections as in Chen et al. (2019)
# O-rich circumstellar dpmod60alox40 dust from Groenewegen (2006)
# C-rich circumstellar AMCSIC15 dust from Groenewegen (2006)
# IMF: Kroupa (2001, 2002) + Kroupa et al. (2013) canonical two-part-power law IMF corrected for unresolved binaries 
# Kind of output: isochrone tables
# Zini     MH   logAge Mini        int_IMF         Mass   logL    logTe  logg  label   McoreTP C_O  period0 period1 pmode  Mloss  tau1m   X   Y   Xc  Xn  Xo  Cexcess  Z 	 mbolmag  Jmag    Hmag    Ksmag   IRAC_3.6mag  IRAC_4.5mag  IRAC_5.8mag  IRAC_8.0mag  MIPS_24mag  MIPS_70mag  MIPS_160mag  W1mag   W2mag   W3mag   W4mag
0.06 0.69525 6.00000 0.1000000015 1.1711064577    0.100 -1.276  3.4124  3.316    0  0.000  0.545     0.00     0.00 -1 -4.67e-14      0.00 5.840e-01 3.560e-01 1.079e-02 2.911e-03 2.640e-02 -1.000 6.000e-02 7.961 5.838 5.318 4.942 4.467 4.315 4.244 4.149 3.490 3.437 3.472 4.613 4.318 4.088 3.680
0.06 0.69525 6.00000 0.1199999973 1.3193154335    0.120 -1.119  3.4223  3.277    0  0.000  0.545     0.00     0.00 -1  -6.4e-14      0.00 5.840e-01 3.560e-01 1.079e-02 2.911e-03 2.640e-02 -1.000 6.000e-02 7.568 5.445 4.922 4.558 4.096 3.947 3.879 3.788 3.132 3.081 3.120 4.241 3.950 3.729 3.322
0.06 0.69525 6.00000 0.1400000006 1.4384527206    0.140 -0.988  3.4325  3.254    0  0.000  0.545     0.00     0.00 -1 -8.25e-14      0.00 5.840e-01 3.560e-01 1.079e-02 2.911e-03 2.640e-02 -1.000 6.000e-02 7.240 5.120 4.588 4.249 3.816 3.671 3.610 3.526 2.879 2.831 2.880 3.957 3.675 3.472 3.069
0.06 0.69525 6.00000 0.1608428210 1.5411016941    0.161 -0.862  3.4456  3.241    0  0.000  0.545     0.00     0.00 -1 -1.04e-13      0.00 5.840e-01 3.560e-01 1.079e-02 2.911e-03 2.640e-02 -1.000 6.000e-02 6.925 4.814 4.252 3.950 3.561 3.425 3.373 3.299 2.663 2.622 2.679 3.701 3.431 3.252 2.853
0.06 0.69525 6.00000 0.1667500883 1.5670865774    0.167 -0.855  3.4489  3.262    0  0.000  0.545     0.00     0.00 -1 -1.01e-13      0.00 5.840e-01 3.560e-01 1.079e-02 2.911e-03 2.640e-02 -1.000 6.000e-02 6.907 4.800 4.232 3.937 3.559 3.424 3.374 3.302 2.670 2.630 2.690 3.698 3.430 3.257 2.860
0.06 0.69525 6.00000 0.1725641936 1.5915187597    0.173 -0.836  3.4528  3.275    0  0.000  0.545     0.00     0.00 -1 -1.03e-13      0.00 5.840e-01 3.560e-01 1.079e-02 2.911e-03 2.640e-02 -1.000 6.000e-02 6.861 4.760 4.179 3.894 3.530 3.398 3.350 3.281 2.652 2.616 2.679 3.668 3.404 3.238 2.842
0.06 0.69525 6.00000 0.1772771329 1.6105513573    0.177 -0.812  3.4565  3.277    0  0.000  0.545     0.00     0.00 -1 -1.07e-13      0.00 5.840e-01 3.560e-01 1.079e-02 2.911e-03 2.640e-02 -1.000 6.000e-02 6.801 4.705 4.111 3.836 3.486 3.357 3.310 3.243 2.619 2.585 2.651 3.622 3.363 3.203 2.809
0.06 0.69525 6.00000 0.1826266944 1.6313734055    0.183 -0.778  3.4611  3.274    0  0.000  0.545     0.00     0.00 -1 -1.14e-13      0.00 5.840e-01 3.560e-01 1.079e-02 2.911e-03 2.640e-02 -1.000 6.000e-02 6.715 4.626 4.015 3.752 3.420 3.295 3.251 3.187 2.567 2.537 2.607 3.555 3.302 3.150 2.757
0.06 0.69525 6.00000 0.1898995638 1.6584430933    0.190 -0.724  3.4678  3.264    0  0.000  0.545     0.00     0.00 -1 -1.29e-13      0.00 5.840e-01 3.560e-01 1.079e-02 2.911e-03 2.640e-02 -1.000 6.000e-02 6.580 4.501 3.858 3.612 3.312 3.195 3.156 3.097 2.484 2.458 2.532 3.447 3.203 3.064 2.674
0.06 0.69525 6.00000 0.2066301256 1.7158992290    0.207 -0.657  3.4786  3.277    0  0.000  0.545     0.00     0.00 -1 -1.42e-13      0.00 5.840e-01 3.560e-01 1.079e-02 2.911e-03 2.640e-02 -1.000 6.000e-02 6.413 4.354 3.665 3.441 3.189 3.087 3.054 3.001 2.401 2.385 2.467 3.321 3.096 2.976 2.591
0.06 0.69525 6.00000 0.2147350907 1.7416015863    0.215 -0.662  3.4814  3.310    0  0.000  0.545     0.00     0.00 -1 -1.32e-13      0.00 5.840e-01 3.560e-01 1.079e-02 2.911e-03 2.640e-02 -1.000 6.000e-02 6.426 4.374 3.680 3.458 3.213 3.113 3.080 3.028 2.432 2.420 2.505 3.342 3.122 3.006 2.622
0.06 0.69525 6.00000 0.2228245437 1.7660270929    0.223 -0.658  3.4848  3.335    0  0.000  0.545     0.00     0.00 -1 -1.27e-13      0.00 5.840e-01 3.560e-01 1.079e-02 2.911e-03 2.640e-02 -1.000 6.000e-02 6.415 4.372 3.669 3.451 3.215 3.119 3.086 3.034 2.443 2.438 2.528 3.341 3.128 3.016 2.633
0.06 0.69525 6.00000 0.2308862954 1.7892482281    0.231 -0.646  3.4887  3.354    0  0.000  0.545     0.00     0.00 -1 -1.26e-13      0.00 5.840e-01 3.560e-01 1.079e-02 2.911e-03 2.640e-02 -1.000 6.000e-02 6.384 4.351 3.636 3.422 3.198 3.108 3.074 3.022 2.438 2.440 2.535 3.320 3.116 3.008 2.628
0.06 0.69525 6.00000 0.2388665527 1.8112190962    0.239 -0.622  3.4933  3.363    0  0.000  0.545     0.00     0.00 -1 -1.29e-13      0.00 5.840e-01 3.560e-01 1.079e-02 2.911e-03 2.640e-02 -1.000 6.000e-02 6.324 4.304 3.572 3.361 3.154 3.071 3.038 2.988 2.410 2.418 2.518 3.272 3.080 2.978 2.600
0.06 0.69525 6.00000 0.2467147261 1.8319150209    0.247 -0.584  3.4985  3.360    0  0.000  0.545     0.00     0.00 -1 -1.39e-13      0.00 5.840e-01 3.560e-01 1.079e-02 2.911e-03 2.640e-02 -1.000 6.000e-02 6.229 4.221 3.468 3.263 3.074 3.002 2.971 2.923 2.353 2.367 2.470 3.189 3.012 2.917 2.543
0.06 0.69525 6.00000 0.2618971467 1.8696227074    0.262 -0.536  3.5056  3.366    0  0.000  0.545     0.00     0.00 -1  -1.5e-13      0.00 5.840e-01 3.560e-01 1.079e-02 2.911e-03 2.640e-02 -1.000 6.000e-02 6.110 4.121 3.344 3.143 2.976 2.920 2.890 2.843 2.284 2.309 2.417 3.085 2.930 2.843 2.474
0.06 0.69525 6.00000 0.2747737765 1.8994425535    0.275 -0.516  3.5098  3.385    0  0.000  0.545     0.00     0.00 -1  -1.5e-13      0.00 5.840e-01 3.560e-01 1.079e-02 2.911e-03 2.640e-02 -1.000 6.000e-02 6.061 4.084 3.296 3.097 2.942 2.894 2.865 2.818 2.266 2.297 2.408 3.047 2.904 2.821 2.456
0.06 0.69525 6.00000 0.2877542078 1.9277184010    0.288 -0.508  3.5135  3.411    0  0.000  0.545     0.00     0.00 -1 -1.45e-13      0.00 5.840e-01 3.560e-01 1.079e-02 2.911e-03 2.640e-02 -1.000 6.000e-02 6.040 4.074 3.279 3.082 2.934 2.893 2.864 2.816 2.271 2.309 2.423 3.035 2.903 2.823 2.461
0.06 0.69525 6.00000 0.3038052022 1.9604722261    0.304 -0.488  3.5185  3.435    0  0.000  0.545     0.00     0.00 -1 -1.43e-13      0.00 5.840e-01 3.560e-01 1.079e-02 2.911e-03 2.640e-02 -1.000 6.000e-02 5.991 4.040 3.234 3.040 2.904 2.874 2.844 2.796 2.260 2.307 2.425 2.999 2.884 2.808 2.449
0.06 0.69525 6.00000 0.3214623034 1.9940000772    0.321 -0.455  3.5242  3.449    0  0.000  0.545     0.00     0.00 -1 -1.48e-13      0.00 5.840e-01 3.560e-01 1.079e-02 2.911e-03 2.640e-02 -1.000 6.000e-02 5.907 3.973 3.157 2.963 2.837 2.820 2.789 2.741 2.215 2.270 2.391 2.925 2.830 2.757 2.404
0.06 0.69525 6.00000 0.3395095468 2.0258810520    0.340 -0.427  3.5295  3.466    0  0.000  0.545     0.00     0.00 -1 -1.51e-13      0.00 5.840e-01 3.560e-01 1.079e-02 2.911e-03 2.640e-02 -1.000 6.000e-02 5.838 3.920 3.097 2.904 2.785 2.779 2.748 2.698 2.182 2.244 2.368 2.867 2.789 2.718 2.372
0.06 0.69525 6.00000 0.3659234941 2.0687699318    0.366 -0.387  3.5369  3.488    0  0.000  0.545     0.00     0.00 -1 -1.56e-13      0.00 5.840e-01 3.560e-01 1.079e-02 2.911e-03 2.640e-02 -1.000 6.000e-02 5.737 3.839 3.013 2.821 2.708 2.717 2.685 2.633 2.130 2.202 2.328 2.781 2.727 2.658 2.319
0.06 0.69525 6.00000 0.3929097652 2.1086196899    0.393 -0.345  3.5440  3.505    0  0.000  0.545     0.00     0.00 -1 -1.62e-13      0.00 5.840e-01 3.560e-01 1.079e-02 2.911e-03 2.640e-02 -1.000 6.000e-02 5.632 3.754 2.929 2.737 2.630 2.652 2.618 2.562 2.072 2.153 2.282 2.694 2.661 2.592 2.261
0.06 0.69525 6.00000 0.4000000060 2.1185026169    0.400 -0.335  3.5458  3.510    0  0.000  0.545     0.00     0.00 -1 -1.63e-13      0.00 5.840e-01 3.560e-01 1.079e-02 2.911e-03 2.640e-02 -1.000 6.000e-02 5.607 3.734 2.910 2.719 2.612 2.637 2.603 2.546 2.059 2.143 2.272 2.675 2.647 2.577 2.249
0.06 0.69525 6.00000 0.4151823819 2.1389191151    0.415 -0.311  3.5496  3.518    0  0.000  0.545     0.00     0.00 -1 -1.68e-13      0.00 5.840e-01 3.560e-01 1.079e-02 2.911e-03 2.640e-02 -1.000 6.000e-02 5.547 3.685 2.863 2.673 2.568 2.600 2.564 2.505 2.025 2.114 2.244 2.625 2.609 2.539 2.214
0.06 0.69525 6.00000 0.4500000179 2.1822810173    0.450 -0.260  3.5579  3.534    0  0.000  0.545     0.00     0.00 -1 -1.78e-13      0.00 5.840e-01 3.560e-01 1.079e-02 2.911e-03 2.640e-02 -1.000 6.000e-02 5.420 3.582 2.769 2.581 2.479 2.522 2.484 2.420 1.953 2.052 2.182 2.526 2.531 2.459 2.143
0.06 0.69525 6.00000 0.4821794629 2.2186462879    0.482 -0.213  3.5654  3.548    0  0.000  0.545     0.00     0.00 -1 -1.88e-13      0.00 5.840e-01 3.560e-01 1.079e-02 2.911e-03 2.640e-02 -1.000 6.000e-02 5.304 3.488 2.684 2.500 2.402 2.454 2.414 2.345 1.889 1.996 2.125 2.442 2.462 2.389 2.078
0.06 0.69525 6.00000 0.5000000596 2.2374544144    0.500 -0.189  3.5693  3.556    0  0.000  0.545     0.00     0.00 -1 -1.94e-13      0.00 5.840e-01 3.560e-01 1.079e-02 2.911e-03 2.640e-02 -1.000 6.000e-02 5.244 3.440 2.640 2.459 2.363 2.419 2.379 2.308 1.857 1.968 2.096 2.399 2.427 2.353 2.046
0.06 0.69525 6.00000 0.5281997323 2.2647490501    0.528 -0.150  3.5755  3.565    0  0.000  0.545     0.00     0.00 -1 -2.04e-13      0.00 5.840e-01 3.560e-01 1.079e-02 2.911e-03 2.640e-02 -1.000 6.000e-02 5.146 3.361 2.565 2.390 2.301 2.363 2.323 2.249 1.805 1.921 2.049 2.332 2.372 2.297 1.994
0.06 0.69525 6.00000 0.5500000119 2.2836582661    0.550 -0.122  3.5800  3.572    0  0.000  0.545     0.00     0.00 -1 -2.12e-13      0.00 5.840e-01 3.560e-01 1.079e-02 2.911e-03 2.640e-02 -1.000 6.000e-02 5.075 3.304 2.509 2.339 2.256 2.323 2.283 2.207 1.768 1.887 2.015 2.284 2.331 2.257 1.957
0.06 0.69525 6.00000 0.5617502928 2.2931532860    0.561 -0.108  3.5821  3.575    0  0.000  0.545     0.00     0.00 -1 -2.16e-13      0.00 5.840e-01 3.560e-01 1.079e-02 2.911e-03 2.640e-02 -1.000 6.000e-02 5.039 3.274 2.484 2.315 2.233 2.300 2.261 2.184 1.747 1.868 1.995 2.259 2.309 2.235 1.936
0.06 0.69525 6.00000 0.5802600980 2.3072171211    0.580 -0.084  3.5857  3.580    0  0.000  0.545     0.00     0.00 -1 -2.23e-13      0.00 5.840e-01 3.560e-01 1.079e-02 2.911e-03 2.640e-02 -1.000 6.000e-02 4.980 3.226 2.443 2.277 2.197 2.266 2.226 2.149 1.714 1.837 1.963 2.220 2.274 2.201 1.903
0.06 0.69525 6.00000 0.5996361375 2.3208746910    0.599 -0.060  3.5897  3.586    0  0.000  0.545     0.00     0.00 -1  -2.3e-13      0.00 5.840e-01 3.560e-01 1.079e-02 2.911e-03 2.640e-02 -1.000 6.000e-02 4.920 3.178 2.403 2.240 2.161 2.232 2.193 2.114 1.683 1.807 1.932 2.182 2.240 2.168 1.872
0.06 0.69525 6.00000 0.6000000238 2.3211214542    0.600 -0.060  3.5897  3.586    0  0.000  0.545     0.00     0.00 -1  -2.3e-13      0.00 5.840e-01 3.560e-01 1.079e-02 2.911e-03 2.640e-02 -1.000 6.000e-02 4.919 3.177 2.402 2.239 2.160 2.231 2.192 2.114 1.682 1.807 1.931 2.182 2.240 2.167 1.872
0.06 0.69525 6.00000 0.6054499149 2.3247768879    0.605 -0.054  3.5906  3.588    0  0.000  0.545     0.00     0.00 -1 -2.32e-13      0.00 5.840e-01 3.560e-01 1.079e-02 2.911e-03 2.640e-02 -1.000 6.000e-02 4.904 3.165 2.391 2.229 2.151 2.223 2.184 2.105 1.674 1.799 1.923 2.172 2.231 2.158 1.863
0.06 0.69525 6.00000 0.6318570375 2.3414676189    0.632 -0.022  3.5953  3.594    0  0.000  0.545     0.00     0.00 -1 -2.43e-13      0.00 5.840e-01 3.560e-01 1.079e-02 2.911e-03 2.640e-02 -1.000 6.000e-02 4.825 3.100 2.337 2.178 2.103 2.176 2.138 2.058 1.630 1.757 1.882 2.121 2.184 2.113 1.819
0.06 0.69525 6.00000 0.6499999762 2.3520355225    0.650 -0.001  3.5987  3.599    0  0.000  0.545     0.00     0.00 -1  -2.5e-13      0.00 5.840e-01 3.560e-01 1.079e-02 2.911e-03 2.640e-02 -1.000 6.000e-02 4.773 3.058 2.302 2.147 2.073 2.147 2.109 2.030 1.604 1.733 1.857 2.090 2.156 2.085 1.793
0.06 0.69525 6.00000 0.6507632732 2.3524651527    0.651 -0.000  3.5988  3.599    0  0.000  0.545     0.00     0.00 -1  -2.5e-13      0.00 5.840e-01 3.560e-01 1.079e-02 2.911e-03 2.640e-02 -1.000 6.000e-02 4.771 3.057 2.301 2.145 2.072 2.146 2.108 2.029 1.603 1.732 1.856 2.089 2.154 2.084 1.792
0.06 0.69525 6.00000 0.6749547124 2.3655090332    0.675  0.027  3.6025  3.602    0  0.000  0.545     0.00     0.00 -1  -2.6e-13      0.00 5.840e-01 3.560e-01 1.079e-02 2.911e-03 2.640e-02 -1.000 6.000e-02 4.703 3.000 2.252 2.100 2.029 2.103 2.066 1.986 1.562 1.692 1.817 2.044 2.112 2.042 1.751
0.06 0.69525 6.00000 0.6999999881 2.3779268265    0.700  0.055  3.6067  3.607    0  0.000  0.545     0.00     0.00 -1 -2.71e-13      0.00 5.840e-01 3.560e-01 1.079e-02 2.911e-03 2.640e-02 -1.000 6.000e-02 4.633 2.944 2.205 2.056 1.987 2.063 2.026 1.946 1.524 1.656 1.780 2.001 2.071 2.003 1.713
0.06 0.69525 6.00000 0.7432994246 2.3971424103    0.743  0.117  3.6220  3.632    0  0.000  0.539     0.00     0.00 -1 -2.95e-13      0.00 5.840e-01 3.560e-01 1.067e-02 2.908e-03 2.640e-02 -1.000 6.000e-02 4.477 2.835 2.137 2.000 1.938 2.013 1.980 1.902 1.485 1.620 1.745 1.947 2.021 1.960 1.674
0.06 0.69525 6.00000 0.7500000000 2.3998889923    0.750  0.128  3.6245  3.636    0  0.000  0.538     0.00     0.00 -1    -3e-13      0.00 5.840e-01 3.560e-01 1.065e-02 2.907e-03 2.640e-02 -1.000 6.000e-02 4.451 2.817 2.126 1.991 1.930 2.005 1.972 1.895 1.478 1.614 1.739 1.939 2.013 1.953 1.667
0.06 0.69525 6.00000 0.7935448289 2.4164459705    0.793  0.166  3.6290  3.640    0  0.000  0.538     0.00     0.00 -1 -3.17e-13      0.00 5.840e-01 3.560e-01 1.065e-02 2.907e-03 2.640e-02 -1.000 6.000e-02 4.356 2.735 2.058 1.926 1.866 1.941 1.909 1.832 1.417 1.554 1.680 1.874 1.948 1.891 1.606
0.06 0.69525 6.00000 0.7956522107 2.4171943665    0.795  0.168  3.6292  3.640    0  0.000  0.538     0.00     0.00 -1 -3.18e-13      0.00 5.840e-01 3.560e-01 1.065e-02 2.907e-03 2.640e-02 -1.000 6.000e-02 4.351 2.731 2.054 1.923 1.863 1.937 1.905 1.829 1.414 1.550 1.676 1.871 1.945 1.888 1.602
0.06 0.69525 6.00000 0.8413043618 2.4323580265    0.841  0.206  3.6335  3.643    0  0.000  0.538     0.00     0.00 -1 -3.37e-13      0.00 5.840e-01 3.560e-01 1.065e-02 2.907e-03 2.640e-02 -1.000 6.000e-02 4.255 2.649 1.985 1.857 1.798 1.872 1.841 1.766 1.351 1.488 1.615 1.805 1.879 1.825 1.540
0.06 0.69525 6.00000 0.8414021134 2.4323885441    0.841  0.206  3.6336  3.643    0  0.000  0.538     0.00     0.00 -1 -3.37e-13      0.00 5.840e-01 3.560e-01 1.065e-02 2.907e-03 2.640e-02 -1.000 6.000e-02 4.255 2.649 1.985 1.857 1.798 1.872 1.841 1.766 1.351 1.488 1.615 1.805 1.879 1.825 1.540
0.06 0.69525 6.00000 0.8869565725 2.4457406998    0.886  0.243  3.6375  3.645    0  0.000  0.538     0.00     0.00 -1 -3.56e-13      0.00 5.840e-01 3.560e-01 1.065e-02 2.907e-03 2.640e-02 -1.000 6.000e-02 4.163 2.568 1.917 1.792 1.734 1.807 1.777 1.703 1.289 1.427 1.553 1.741 1.814 1.762 1.478
0.06 0.69525 6.00000 0.9048187137 2.4505560398    0.904  0.256  3.6390  3.647    0  0.000  0.538     0.00     0.00 -1 -3.62e-13      0.00 5.840e-01 3.560e-01 1.065e-02 2.907e-03 2.640e-02 -1.000 6.000e-02 4.131 2.541 1.894 1.770 1.713 1.785 1.756 1.682 1.268 1.406 1.533 1.719 1.792 1.741 1.457
0.06 0.69525 6.00000 0.9326086640 2.4576280117    0.932  0.277  3.6412  3.647    0  0.000  0.538     0.00     0.00 -1 -3.75e-13      0.00 5.840e-01 3.560e-01 1.065e-02 2.907e-03 2.640e-02 -1.000 6.000e-02 4.077 2.493 1.854 1.731 1.674 1.746 1.717 1.645 1.230 1.369 1.496 1.681 1.753 1.704 1.419
0.06 0.69525 6.00000 0.9629612565 2.4648180008    0.962  0.299  3.6435  3.649    0  0.000  0.538     0.00     0.00 -1 -3.86e-13      0.00 5.840e-01 3.560e-01 1.065e-02 2.907e-03 2.640e-02 -1.000 6.000e-02 4.024 2.447 1.815 1.694 1.637 1.708 1.680 1.609 1.194 1.333 1.460 1.644 1.716 1.668 1.383
0.06 0.69525 6.00000 0.9782608747 2.4682483673    0.978  0.310  3.6447  3.649    0  0.000  0.538     0.00     0.00 -1 -3.94e-13      0.00 5.840e-01 3.560e-01 1.065e-02 2.907e-03 2.640e-02 -1.000 6.000e-02 3.995 2.422 1.794 1.673 1.617 1.688 1.660 1.589 1.174 1.313 1.440 1.623 1.695 1.648 1.363
0.06 0.69525 6.00000 1.0239129066 2.4777870178    1.023  0.340  3.6479  3.652    0  0.000  0.538     0.00     0.00 -1 -3.97e-13      0.00 5.840e-01 3.560e-01 1.065e-02 2.907e-03 2.640e-02 -1.000 6.000e-02 3.920 2.356 1.738 1.621 1.565 1.635 1.607 1.537 1.123 1.262 1.389 1.571 1.642 1.596 1.312
0.06 0.69525 6.00000 1.0695651770 2.4863955975    1.069  0.370  3.6508  3.652    0  0.000  0.538     0.00     0.00 -1 -3.88e-13      0.00 5.840e-01 3.560e-01 1.065e-02 2.907e-03 2.640e-02 -1.000 6.000e-02 3.845 2.289 1.681 1.565 1.510 1.579 1.552 1.483 1.069 1.207 1.336 1.516 1.586 1.542 1.258
0.06 0.69525 6.00000 1.0920495987 2.4903323650    1.091  0.383  3.6522  3.654    0  0.000  0.538     0.00     0.00 -1 -3.81e-13      0.00 5.840e-01 3.560e-01 1.065e-02 2.907e-03 2.640e-02 -1.000 6.000e-02 3.812 2.260 1.657 1.542 1.488 1.556 1.529 1.461 1.047 1.185 1.314 1.493 1.563 1.520 1.236
0.06 0.69525 6.00000 1.1152173281 2.4941985607    1.114  0.397  3.6537  3.655    0  0.000  0.538     0.00     0.00 -1 -3.74e-13      0.00 5.840e-01 3.560e-01 1.065e-02 2.907e-03 2.640e-02 -1.000 6.000e-02 3.777 2.229 1.631 1.517 1.463 1.530 1.504 1.437 1.022 1.161 1.289 1.468 1.537 1.496 1.211
0.06 0.69525 6.00000 1.1608695984 2.5013000965    1.160  0.424  3.6563  3.655    0  0.000  0.538     0.00     0.00 -1 -3.59e-13      0.00 5.840e-01 3.560e-01 1.065e-02 2.907e-03 2.640e-02 -1.000 6.000e-02 3.709 2.168 1.579 1.466 1.413 1.479 1.454 1.387 0.973 1.111 1.240 1.418 1.486 1.446 1.162
0.06 0.69525 6.00000 1.1854999065 2.5048711300    1.185  0.438  3.6576  3.657    0  0.000  0.538     0.00     0.00 -1 -3.49e-13      0.00 5.840e-01 3.560e-01 1.065e-02 2.907e-03 2.640e-02 -1.000 6.000e-02 3.676 2.139 1.554 1.443 1.389 1.455 1.430 1.364 0.950 1.088 1.217 1.394 1.462 1.423 1.139
0.06 0.69525 6.00000 1.2065217495 2.5077869892    1.206  0.450  3.6587  3.656    0  0.000  0.538     0.00     0.00 -1 -3.42e-13      0.00 5.840e-01 3.560e-01 1.065e-02 2.907e-03 2.640e-02 -1.000 6.000e-02 3.645 2.111 1.529 1.419 1.366 1.432 1.407 1.341 0.927 1.065 1.194 1.371 1.438 1.400 1.115
0.06 0.69525 6.00000 1.2521737814 2.5137331486    1.252  0.476  3.6610  3.656    0  0.000  0.538     0.00     0.00 -1 -3.23e-13      0.00 5.840e-01 3.560e-01 1.065e-02 2.907e-03 2.640e-02 -1.000 6.000e-02 3.580 2.053 1.479 1.370 1.317 1.382 1.358 1.293 0.878 1.017 1.146 1.322 1.389 1.352 1.067
0.06 0.69525 6.00000 1.2970176935 2.5191075802    1.297  0.498  3.6632  3.658    0  0.000  0.538     0.00     0.00 -1    -3e-13      0.00 5.840e-01 3.560e-01 1.065e-02 2.907e-03 2.640e-02 -1.000 6.000e-02 3.526 2.005 1.438 1.330 1.278 1.342 1.318 1.254 0.840 0.979 1.108 1.283 1.349 1.313 1.029
0.06 0.69525 6.00000 1.2978260517 2.5192005634    1.298  0.498  3.6633  3.658    0  0.000  0.538     0.00     0.00 -1 -2.99e-13      0.00 5.840e-01 3.560e-01 1.065e-02 2.907e-03 2.640e-02 -1.000 6.000e-02 3.525 2.004 1.437 1.330 1.277 1.341 1.318 1.254 0.839 0.978 1.107 1.282 1.348 1.313 1.028
0.06 0.69525 6.00000 1.3434782028 2.5242431164    1.343  0.522  3.6653  3.658    0  0.000  0.538     0.00     0.00 -1 -2.75e-13      0.00 5.840e-01 3.560e-01 1.065e-02 2.907e-03 2.640e-02 -1.000 6.000e-02 3.466 1.951 1.391 1.285 1.233 1.296 1.273 1.209 0.795 0.934 1.063 1.237 1.302 1.268 0.984
0.06 0.69525 6.00000 1.3546727896 2.5254199505    1.355  0.527  3.6658  3.658    0  0.000  0.538     0.00     0.00 -1 -2.68e-13      0.00 5.840e-01 3.560e-01 1.065e-02 2.907e-03 2.640e-02 -1.000 6.000e-02 3.453 1.939 1.380 1.275 1.223 1.286 1.263 1.200 0.785 0.924 1.054 1.228 1.293 1.259 0.974
0.06 0.69525 6.00000 1.3891304731 2.5289063454    1.389  0.544  3.6673  3.657    0  0.000  0.538     0.00     0.00 -1 -2.49e-13      0.00 5.840e-01 3.560e-01 1.065e-02 2.907e-03 2.640e-02 -1.000 6.000e-02 3.409 1.900 1.345 1.241 1.189 1.252 1.229 1.166 0.752 0.891 1.021 1.194 1.258 1.225 0.941
0.06 0.69525 6.00000 1.4347825050 2.5332298279    1.435  0.567  3.6691  3.657    0  0.000  0.538     0.00     0.00 -1  -2.2e-13      0.00 5.840e-01 3.560e-01 1.065e-02 2.907e-03 2.640e-02 -1.000 6.000e-02 3.353 1.849 1.301 1.197 1.146 1.208 1.186 1.124 0.709 0.848 0.979 1.151 1.215 1.183 0.898
0.06 0.69525 6.00000 1.4804347754 2.5372483730    1.480  0.586  3.6709  3.658    0  0.000  0.538     0.00     0.00 -1 -1.87e-13      0.00 5.840e-01 3.560e-01 1.065e-02 2.907e-03 2.640e-02 -1.000 6.000e-02 3.304 1.805 1.263 1.160 1.110 1.171 1.149 1.088 0.673 0.812 0.943 1.114 1.177 1.147 0.862
0.06 0.69525 6.00000 1.4905526638 2.5381007195    1.490  0.591  3.6713  3.658    0  0.000  0.538     0.00     0.00 -1 -1.78e-13      0.00 5.840e-01 3.560e-01 1.065e-02 2.907e-03 2.640e-02 -1.000 6.000e-02 3.293 1.795 1.254 1.152 1.102 1.163 1.141 1.079 0.665 0.804 0.934 1.106 1.169 1.138 0.854
0.06 0.69525 6.00000 1.5260870457 2.5409915447    1.526  0.606  3.6726  3.658    0  0.000  0.538     0.00     0.00 -1 -1.52e-13      0.00 5.840e-01 3.560e-01 1.065e-02 2.907e-03 2.640e-02 -1.000 6.000e-02 3.255 1.761 1.224 1.122 1.072 1.133 1.111 1.050 0.636 0.775 0.905 1.076 1.139 1.109 0.825
0.06 0.69525 6.00000 1.5326664448 2.5415098667    1.532  0.609  3.6728  3.658    0  0.000  0.538     0.00     0.00 -1 -1.46e-13      0.00 5.840e-01 3.560e-01 1.065e-02 2.907e-03 2.640e-02 -1.000 6.000e-02 3.248 1.755 1.218 1.117 1.067 1.127 1.106 1.045 0.631 0.770 0.900 1.071 1.134 1.104 0.819
0.06 0.69525 6.00000 1.5717389584 2.5444855690    1.571  0.626  3.6742  3.657    0  0.000  0.538     0.00     0.00 -1 -1.14e-13      0.00 5.840e-01 3.560e-01 1.065e-02 2.907e-03 2.640e-02 -1.000 6.000e-02 3.205 1.716 1.184 1.084 1.034 1.094 1.072 1.012 0.598 0.737 0.868 1.038 1.100 1.071 0.787
0.06 0.69525 6.00000 1.6173913479 2.5477540493    1.617  0.645  3.6758  3.657    0  0.000  0.538     0.00     0.00 -1 -7.37e-14      0.00 5.840e-01 3.560e-01 1.065e-02 2.907e-03 2.640e-02 -1.000 6.000e-02 3.157 1.673 1.146 1.046 0.997 1.056 1.035 0.975 0.561 0.700 0.831 1.001 1.062 1.034 0.750
0.06 0.69525 6.00000 1.6630434990 2.5508167744    1.662  0.664  3.6772  3.655    0  0.000  0.538     0.00     0.00 -1  -2.1e-18      0.00 5.840e-01 3.560e-01 1.065e-02 2.907e-03 2.640e-02 -1.000 6.000e-02 3.109 1.629 1.107 1.008 0.959 1.018 0.997 0.938 0.523 0.663 0.793 0.963 1.024 0.997 0.712
0.06 0.69525 6.00000 1.7074732780 2.5536174774    1.706  0.680  3.6787  3.657    0  0.000  0.538     0.00     0.00 -1 -2.11e-30      0.00 5.840e-01 3.560e-01 1.065e-02 2.907e-03 2.640e-02 -1.000 6.000e-02 3.070 1.594 1.076 0.979 0.930 0.988 0.968 0.909 0.494 0.634 0.765 0.934 0.994 0.968 0.683
0.06 0.69525 6.00000 1.7086956501 2.5536921024    1.708  0.680  3.6787  3.657    0  0.000  0.538     0.00     0.00 -1    -1e-30      0.00 5.840e-01 3.560e-01 1.065e-02 2.907e-03 2.640e-02 -1.000 6.000e-02 3.069 1.593 1.075 0.978 0.929 0.987 0.967 0.908 0.493 0.633 0.764 0.933 0.993 0.967 0.682
0.06 0.69525 6.00000 1.7543478012 2.5563962460    1.753  0.699  3.6801  3.655    0  0.000  0.538     0.00     0.00 -1    -1e-30      0.00 5.840e-01 3.560e-01 1.065e-02 2.907e-03 2.640e-02 -1.000 6.000e-02 3.022 1.550 1.037 0.941 0.892 0.949 0.929 0.871 0.457 0.596 0.727 0.896 0.955 0.930 0.645
0.06 0.69525 6.00000 1.7999999523 2.5589430332    1.799  0.717  3.6814  3.654    0  0.000  0.538     0.00     0.00 -1    -1e-30      0.00 5.840e-01 3.560e-01 1.065e-02 2.907e-03 2.640e-02 -1.000 6.000e-02 2.978 1.510 1.001 0.905 0.857 0.914 0.894 0.837 0.422 0.562 0.693 0.861 0.920 0.895 0.611
0.06 0.69525 6.00000 1.8500000238 2.5615673065    1.849  0.735  3.6829  3.654    0  0.000  0.538     0.00     0.00 -1    -1e-30      0.00 5.840e-01 3.560e-01 1.065e-02 2.907e-03 2.640e-02 -1.000 6.000e-02 2.933 1.470 0.965 0.870 0.822 0.879 0.859 0.802 0.388 0.527 0.658 0.826 0.884 0.861 0.576
0.06 0.69525 6.00000 1.8603960276 2.5620925426    1.859  0.738  3.6832  3.654    0  0.000  0.538     0.00     0.00 -1    -1e-30      0.00 5.840e-01 3.560e-01 1.065e-02 2.907e-03 2.640e-02 -1.000 6.000e-02 2.925 1.462 0.958 0.864 0.816 0.872 0.852 0.795 0.381 0.521 0.652 0.819 0.878 0.854 0.570
0.06 0.69525 6.00000 1.8999999762 2.5640332699    1.899  0.753  3.6843  3.653    0  0.000  0.538     0.00     0.00 -1    -1e-30      0.00 5.840e-01 3.560e-01 1.065e-02 2.907e-03 2.640e-02 -1.000 6.000e-02 2.889 1.430 0.929 0.835 0.787 0.843 0.824 0.767 0.353 0.493 0.624 0.791 0.849 0.826 0.542
0.06 0.69525 6.00000 1.9500000477 2.5663545132    1.950  0.773  3.6855  3.649    0  0.000  0.538     0.00     0.00 -1    -1e-30      0.00 5.840e-01 3.560e-01 1.065e-02 2.907e-03 2.640e-02 -1.000 6.000e-02 2.838 1.383 0.886 0.793 0.745 0.801 0.782 0.725 0.311 0.452 0.583 0.749 0.807 0.784 0.500
0.06 0.69525 6.00000 2.0000000000 2.5685424805    2.000  0.789  3.6868  3.649    0  0.000  0.538     0.00     0.00 -1    -1e-30      0.00 5.840e-01 3.560e-01 1.065e-02 2.907e-03 2.640e-02 -1.000 6.000e-02 2.797 1.345 0.852 0.760 0.713 0.768 0.749 0.693 0.279 0.420 0.551 0.716 0.773 0.752 0.468
0.06 0.69525 6.00000 2.0486505032 2.5705542564    2.048  0.807  3.6880  3.647    0  0.000  0.538     0.00     0.00 -1    -1e-30      0.00 5.840e-01 3.560e-01 1.065e-02 2.907e-03 2.640e-02 -1.000 6.000e-02 2.754 1.306 0.817 0.725 0.678 0.733 0.714 0.659 0.245 0.385 0.517 0.682 0.738 0.718 0.434
0.06 0.69525 6.00000 2.0499999523 2.5706083775    2.050  0.807  3.6881  3.647    0  0.000  0.538     0.00     0.00 -1    -1e-30      0.00 5.840e-01 3.560e-01 1.065e-02 2.907e-03 2.640e-02 -1.000 6.000e-02 2.752 1.305 0.816 0.724 0.677 0.732 0.713 0.658 0.244 0.385 0.516 0.681 0.737 0.717 0.433
0.06 0.69525 6.00000 2.0931382179 2.5722999573    2.092  0.821  3.6892  3.647    0  0.000  0.538     0.00     0.00 -1    -1e-30      0.00 5.840e-01 3.560e-01 1.065e-02 2.907e-03 2.640e-02 -1.000 6.000e-02 2.718 1.274 0.788 0.697 0.651 0.705 0.686 0.631 0.218 0.358 0.490 0.654 0.710 0.690 0.406
0.06 0.69525 6.00000 2.0999999046 2.5725615025    2.099  0.823  3.6893  3.646    0  0.000  0.538     0.00     0.00 -1    -1e-30      0.00 5.840e-01 3.560e-01 1.065e-02 2.907e-03 2.640e-02 -1.000 6.000e-02 2.711 1.268 0.782 0.691 0.645 0.699 0.680 0.625 0.212 0.353 0.484 0.648 0.704 0.684 0.401
0.06 0.69525 6.00000 2.1500000954 2.5744106770    2.149  0.840  3.6905  3.644    0  0.000  0.538     0.00     0.00 -1    -1e-30      0.00 5.840e-01 3.560e-01 1.065e-02 2.907e-03 2.640e-02 -1.000 6.000e-02 2.669 1.229 0.748 0.657 0.611 0.665 0.646 0.592 0.178 0.319 0.450 0.614 0.670 0.651 0.367
0.06 0.69525 6.00000 2.2000000477 2.5761635303    2.199  0.858  3.6917  3.641    0  0.000  0.538     0.00     0.00 -1    -1e-30      0.00 5.840e-01 3.560e-01 1.065e-02 2.907e-03 2.640e-02 -1.000 6.000e-02 2.625 1.189 0.710 0.620 0.575 0.628 0.610 0.556 0.142 0.283 0.414 0.578 0.634 0.615 0.331
0.06 0.69525 6.00000 2.2500000000 2.5778269768    2.249  0.876  3.6928  3.637    0  0.000  0.538     0.00     0.00 -1    -1e-30      0.00 5.840e-01 3.560e-01 1.065e-02 2.907e-03 2.640e-02 -1.000 6.000e-02 2.580 1.148 0.673 0.583 0.538 0.591 0.573 0.519 0.105 0.246 0.378 0.541 0.596 0.578 0.294
0.06 0.69525 6.00000 2.2993862629 2.5793883801    2.298  0.890  3.6940  3.637    0  0.000  0.538     0.00     0.00 -1    -1e-30      0.00 5.840e-01 3.560e-01 1.065e-02 2.907e-03 2.640e-02 -1.000 6.000e-02 2.544 1.116 0.644 0.555 0.510 0.563 0.545 0.492 0.078 0.219 0.351 0.514 0.568 0.551 0.267
0.06 0.69525 6.00000 2.2999999523 2.5794074535    2.299  0.890  3.6940  3.637    0  0.000  0.538     0.00     0.00 -1    -1e-30      0.00 5.840e-01 3.560e-01 1.065e-02 2.907e-03 2.640e-02 -1.000 6.000e-02 2.544 1.115 0.644 0.555 0.510 0.563 0.545 0.491 0.078 0.219 0.350 0.513 0.568 0.550 0.267
0.06 0.69525 6.00000 2.3499999046 2.5809109211    2.349  0.906  3.6951  3.636    0  0.000  0.538     0.00     0.00 -1    -1e-30      0.00 5.840e-01 3.560e-01 1.065e-02 2.907e-03 2.640e-02 -1.000 6.000e-02 2.506 1.081 0.613 0.525 0.481 0.533 0.515 0.462 0.048 0.189 0.321 0.484 0.538 0.521 0.237
0.06 0.69525 6.00000 2.4000000954 2.5823426247    2.399  0.912  3.6959  3.642    0  0.000  0.538     0.00     0.00 -1    -1e-30      0.00 5.840e-01 3.560e-01 1.065e-02 2.907e-03 2.640e-02 -1.000 6.000e-02 2.491 1.068 0.602 0.515 0.470 0.522 0.505 0.452 0.038 0.179 0.311 0.473 0.527 0.511 0.227
0.06 0.69525 6.00000 2.4105265141 2.5826351643    2.410  0.915  3.6961  3.641    0  0.000  0.538     0.00     0.00 -1    -1e-30      0.00 5.840e-01 3.560e-01 1.065e-02 2.907e-03 2.640e-02 -1.000 6.000e-02 2.483 1.061 0.596 0.508 0.464 0.516 0.498 0.446 0.032 0.173 0.305 0.467 0.521 0.505 0.221
0.06 0.69525 6.00000 2.5999999046 2.5874414444    2.600  0.979  3.7003  3.628    0  0.000  0.538     0.00     0.00 -1    -1e-30      0.00 5.840e-01 3.560e-01 1.065e-02 2.907e-03 2.640e-02 -1.000 6.000e-02 2.323 0.916 0.462 0.377 0.334 0.385 0.368 0.316 -0.097 0.044 0.176 0.337 0.390 0.375 0.092
0.06 0.69525 6.00000 2.6388313770 2.5883288383    2.639  0.991  3.7012  3.625    0  0.000  0.538     0.00     0.00 -1    -1e-30      0.00 5.840e-01 3.560e-01 1.065e-02 2.907e-03 2.640e-02 -1.000 6.000e-02 2.293 0.888 0.437 0.353 0.310 0.360 0.343 0.292 -0.121 0.020 0.152 0.313 0.365 0.351 0.068
0.06 0.69525 6.00000 2.7999999523 2.5917119980    2.800  1.047  3.7049  3.610    0  0.000  0.538     0.00     0.00 -1    -1e-30      0.00 5.840e-01 3.560e-01 1.065e-02 2.907e-03 2.640e-02 -1.000 6.000e-02 2.154 0.761 0.320 0.238 0.197 0.245 0.229 0.179 -0.234 -0.093 0.039 0.199 0.250 0.238 -0.046
0.06 0.69525 6.00000 2.8111107349 2.5919287205    2.811  1.051  3.7051  3.609    0  0.000  0.538     0.00     0.00 -1    -1e-30      0.00 5.840e-01 3.560e-01 1.065e-02 2.907e-03 2.640e-02 -1.000 6.000e-02 2.144 0.752 0.312 0.230 0.188 0.237 0.221 0.171 -0.243 -0.101 0.031 0.191 0.242 0.230 -0.054
0.06 0.69525 6.00000 3.0000002384 2.5953342915    3.000  1.127  3.7098  3.579    0  0.000  0.538     0.00     0.00 -1    -1e-30      0.00 5.840e-01 3.560e-01 1.065e-02 2.907e-03 2.640e-02 -1.000 6.000e-02 1.952 0.576 0.149 0.070 0.030 0.076 0.061 0.012 -0.401 -0.259 -0.127 0.032 0.081 0.072 -0.212
0.06 0.69525 6.00000 3.1427719593 2.5975985527    3.142  1.183  3.7136  3.559    0  0.000  0.538     0.00     0.00 -1    -1e-30      0.00 5.840e-01 3.560e-01 1.065e-02 2.907e-03 2.640e-02 -1.000 6.000e-02 1.813 0.451 0.035 -0.043 -0.082 -0.036 -0.051 -0.099 -0.512 -0.370 -0.238 -0.079 -0.031 -0.039 -0.323
0.06 0.69525 6.00000 3.2000000477 2.5984411240    3.199  1.213  3.7155  3.544    0  0.000  0.538     0.00     0.00 -1    -1e-30      0.00 5.840e-01 3.560e-01 1.065e-02 2.907e-03 2.640e-02 -1.000 6.000e-02 1.737 0.382 -0.030 -0.106 -0.144 -0.099 -0.114 -0.161 -0.574 -0.432 -0.300 -0.142 -0.095 -0.102 -0.385
0.06 0.69525 6.00000 3.2756197453 2.5995025635    3.275  1.255  3.7181  3.523    0  0.000  0.538     0.00     0.00 -1    -1e-30      0.00 5.840e-01 3.560e-01 1.065e-02 2.907e-03 2.640e-02 -1.000 6.000e-02 1.633 0.286 -0.118 -0.193 -0.231 -0.186 -0.201 -0.247 -0.660 -0.518 -0.386 -0.228 -0.182 -0.188 -0.471
0.06 0.69525 6.00000 3.4000000954 2.6011312008    3.398  1.337  3.7235  3.478    0  0.000  0.538     0.00     0.00 -1    -1e-30      0.00 5.840e-01 3.560e-01 1.065e-02 2.907e-03 2.640e-02 -1.000 6.000e-02 1.426 0.100 -0.290 -0.363 -0.399 -0.356 -0.370 -0.414 -0.827 -0.685 -0.553 -0.397 -0.351 -0.355 -0.638
0.06 0.69525 6.00000 3.4010655880 2.6011445522    3.400  1.338  3.7235  3.477    0  0.000  0.538     0.00     0.00 -1    -1e-30      0.00 5.840e-01 3.560e-01 1.065e-02 2.907e-03 2.640e-02 -1.000 6.000e-02 1.425 0.098 -0.292 -0.364 -0.400 -0.357 -0.371 -0.416 -0.829 -0.687 -0.555 -0.398 -0.353 -0.356 -0.640
0.06 0.69525 6.00000 3.5044357777 2.6023964882    3.502  1.430  3.7298  3.424    0  0.000  0.538     0.00     0.00 -1    -1e-30      0.00 5.840e-01 3.560e-01 1.065e-02 2.907e-03 2.640e-02 -1.000 6.000e-02 1.196 -0.108 -0.481 -0.550 -0.584 -0.543 -0.557 -0.599 -1.012 -0.870 -0.737 -0.582 -0.539 -0.539 -0.823
0.06 0.69525 6.00000 3.5738611221 2.6031906605    3.571  1.504  3.7353  3.381    0  0.000  0.538     0.00     0.00 -1    -1e-30      0.00 5.840e-01 3.560e-01 1.065e-02 2.907e-03 2.640e-02 -1.000 6.000e-02 1.011 -0.272 -0.630 -0.697 -0.729 -0.690 -0.703 -0.744 -1.156 -1.014 -0.882 -0.727 -0.686 -0.684 -0.967
0.06 0.69525 6.00000 3.5999999046 2.6034805775    3.598  1.533  3.7377  3.364    0  0.000  0.538     0.00     0.00 -1    -1e-30      0.00 5.840e-01 3.560e-01 1.065e-02 2.907e-03 2.640e-02 -1.000 6.000e-02 0.938 -0.336 -0.688 -0.754 -0.785 -0.747 -0.760 -0.799 -1.212 -1.070 -0.937 -0.783 -0.744 -0.740 -1.023
0.06 0.69525 6.00000 3.6078364849 2.6035666466    3.606  1.542  3.7384  3.359    0  0.000  0.538     0.00     0.00 -1    -1e-30      0.00 5.840e-01 3.560e-01 1.065e-02 2.907e-03 2.640e-02 -1.000 6.000e-02 0.916 -0.355 -0.706 -0.771 -0.802 -0.765 -0.778 -0.816 -1.229 -1.087 -0.954 -0.800 -0.761 -0.757 -1.040
0.06 0.69525 6.00000 3.6721808910 2.6042566299    3.670  1.613  3.7453  3.322    0  0.000  0.538     0.00     0.00 -1    -1e-30      0.00 5.840e-01 3.560e-01 1.065e-02 2.907e-03 2.640e-02 -1.000 6.000e-02 0.737 -0.506 -0.838 -0.900 -0.928 -0.893 -0.906 -0.942 -1.359 -1.204 -1.076 -0.927 -0.889 -0.913 -1.171
0.06 0.69525 6.00000 3.7367746830 2.6049218178    3.735  1.683  3.7532  3.292    0  0.000  0.538     0.00     0.00 -1    -1e-30      0.00 5.840e-01 3.560e-01 1.065e-02 2.907e-03 2.640e-02 -1.000 6.000e-02 0.563 -0.647 -0.956 -1.014 -1.039 -1.007 -1.019 -1.052 -1.477 -1.301 -1.181 -1.038 -1.004 -1.074 -1.290
0.06 0.69525 6.00000 3.7978804111 2.6055271626    3.796  1.750  3.7622  3.268    0  0.000  0.538     0.00     0.00 -1    -1e-30      0.00 5.840e-01 3.560e-01 1.065e-02 2.907e-03 2.640e-02 -1.000 6.000e-02 0.396 -0.774 -1.060 -1.114 -1.135 -1.107 -1.119 -1.146 -1.581 -1.381 -1.269 -1.135 -1.104 -1.227 -1.395
0.06 0.69525 6.00000 3.7999999523 2.6055479050    3.798  1.752  3.7626  3.268    0  0.000  0.538     0.00     0.00 -1    -1e-30      0.00 5.840e-01 3.560e-01 1.065e-02 2.907e-03 2.640e-02 -1.000 6.000e-02 0.390 -0.779 -1.063 -1.117 -1.139 -1.110 -1.122 -1.149 -1.585 -1.383 -1.272 -1.138 -1.107 -1.232 -1.398
0.06 0.69525 6.00000 3.8310418129 2.6058466434    3.830  1.787  3.7680  3.258    0  0.000  0.538     0.00     0.00 -1    -1e-30      0.00 5.840e-01 3.560e-01 1.065e-02 2.907e-03 2.640e-02 -1.000 6.000e-02 0.302 -0.842 -1.113 -1.164 -1.184 -1.158 -1.169 -1.194 -1.635 -1.419 -1.313 -1.183 -1.156 -1.312 -1.449
0.06 0.69525 6.00000 3.8709087372 2.6062221527    3.870  1.835  3.7763  3.249    0  0.000  0.538     0.00     0.00 -1    -1e-30      0.00 5.840e-01 3.560e-01 1.065e-02 2.907e-03 2.640e-02 -1.000 6.000e-02 0.184 -0.921 -1.170 -1.218 -1.235 -1.212 -1.222 -1.243 -1.693 -1.454 -1.356 -1.234 -1.210 -1.414 -1.507
0.06 0.69525 6.00000 3.9078278542 2.6065618992    3.907  1.880  3.7856  3.244    0  0.000  0.538     0.00     0.00 -1    -1e-30      0.00 5.840e-01 3.560e-01 1.065e-02 2.907e-03 2.640e-02 -1.000 6.000e-02 0.070 -0.989 -1.216 -1.261 -1.275 -1.257 -1.266 -1.282 -1.741 -1.477 -1.389 -1.275 -1.255 -1.513 -1.556
0.06 0.69525 6.00000 3.9388155937 2.6068415642    3.939  1.920  3.7953  3.247    0  0.000  0.538     0.00     0.00 -1    -1e-30      0.00 5.840e-01 3.560e-01 1.065e-02 2.907e-03 2.640e-02 -1.000 6.000e-02 -0.030 -1.040 -1.243 -1.285 -1.297 -1.283 -1.291 -1.303 -1.772 -1.482 -1.403 -1.297 -1.282 -1.596 -1.588
0.06 0.69525 6.00000 3.9653525352 2.6070771217    3.966  1.955  3.8052  3.254    0  0.000  0.538     0.00     0.00 -1    -1e-30      0.00 5.840e-01 3.560e-01 1.065e-02 2.907e-03 2.640e-02 -1.000 6.000e-02 -0.118 -1.076 -1.257 -1.295 -1.304 -1.295 -1.301 -1.309 -1.789 -1.472 -1.404 -1.305 -1.295 -1.667 -1.606
0.06 0.69525 6.00000 3.9893496037 2.6072869301    3.990  1.988  3.8152  3.263    0  0.000  0.538     0.00     0.00 -1    -1e-30      0.00 5.840e-01 3.560e-01 1.065e-02 2.907e-03 2.640e-02 -1.000 6.000e-02 -0.201 -1.104 -1.264 -1.298 -1.306 -1.302 -1.306 -1.311 -1.798 -1.461 -1.400 -1.307 -1.301 -1.718 -1.616
0.06 0.69525 6.00000 4.0000000000 2.6073791981    4.001  2.004  3.8199  3.268    0  0.000  0.538     0.00     0.00 -1    -1e-30      0.00 5.840e-01 3.560e-01 1.065e-02 2.907e-03 2.640e-02 -1.000 6.000e-02 -0.239 -1.118 -1.267 -1.301 -1.309 -1.306 -1.309 -1.313 -1.800 -1.462 -1.402 -1.309 -1.305 -1.720 -1.618
0.06 0.69525 6.00000 4.0109529495 2.6074733734    4.011  2.019  3.8249  3.273    0  0.000  0.538     0.00     0.00 -1    -1e-30      0.00 5.840e-01 3.560e-01 1.065e-02 2.907e-03 2.640e-02 -1.000 6.000e-02 -0.278 -1.131 -1.271 -1.304 -1.311 -1.310 -1.313 -1.315 -1.802 -1.464 -1.403 -1.312 -1.310 -1.723 -1.620
0.06 0.69525 6.00000 4.0315341949 2.6076488495    4.032  2.050  3.8346  3.284    0  0.000  0.538     0.00     0.00 -1    -1e-30      0.00 5.840e-01 3.560e-01 1.065e-02 2.907e-03 2.640e-02 -1.000 6.000e-02 -0.355 -1.155 -1.277 -1.308 -1.315 -1.316 -1.318 -1.319 -1.805 -1.466 -1.405 -1.316 -1.316 -1.726 -1.623
0.06 0.69525 6.00000 4.0514264107 2.6078166962    4.051  2.080  3.8443  3.295    0  0.000  0.538     0.00     0.00 -1    -1e-30      0.00 5.840e-01 3.560e-01 1.065e-02 2.907e-03 2.640e-02 -1.000 6.000e-02 -0.430 -1.178 -1.282 -1.311 -1.318 -1.320 -1.321 -1.321 -1.807 -1.467 -1.405 -1.318 -1.320 -1.728 -1.625
0.06 0.69525 6.00000 4.0706739426 2.6079771519    4.070  2.110  3.8540  3.306    0  0.000  0.538     0.00     0.00 -1    -1e-30      0.00 5.840e-01 3.560e-01 1.065e-02 2.907e-03 2.640e-02 -1.000 6.000e-02 -0.505 -1.198 -1.285 -1.313 -1.319 -1.323 -1.323 -1.322 -1.807 -1.467 -1.405 -1.320 -1.323 -1.730 -1.625
0.06 0.69525 6.00000 4.0893096924 2.6081306934    4.089  2.140  3.8638  3.317    0  0.000  0.538     0.00     0.00 -1    -1e-30      0.00 5.840e-01 3.560e-01 1.065e-02 2.907e-03 2.640e-02 -1.000 6.000e-02 -0.580 -1.216 -1.287 -1.314 -1.319 -1.323 -1.323 -1.322 -1.807 -1.466 -1.404 -1.320 -1.323 -1.730 -1.625
0.06 0.69525 6.00000 4.1073775291 2.6082782745    4.106  2.169  3.8736  3.328    0  0.000  0.538     0.00     0.00 -1    -1e-30      0.00 5.840e-01 3.560e-01 1.065e-02 2.907e-03 2.640e-02 -1.000 6.000e-02 -0.654 -1.231 -1.287 -1.313 -1.318 -1.322 -1.322 -1.321 -1.805 -1.464 -1.401 -1.319 -1.322 -1.728 -1.623
0.06 0.69525 6.00000 4.1249065399 2.6084198952    4.124  2.199  3.8834  3.340    0  0.000  0.538     0.00     0.00 -1    -1e-30      0.00 5.840e-01 3.560e-01 1.065e-02 2.907e-03 2.640e-02 -1.000 6.000e-02 -0.727 -1.244 -1.287 -1.311 -1.316 -1.319 -1.320 -1.318 -1.802 -1.460 -1.397 -1.316 -1.320 -1.726 -1.620
0.06 0.69525 6.00000 4.1419243813 2.6085560322    4.141  2.228  3.8932  3.352    0  0.000  0.538     0.00     0.00 -1    -1e-30      0.00 5.840e-01 3.560e-01 1.065e-02 2.907e-03 2.640e-02 -1.000 6.000e-02 -0.799 -1.256 -1.285 -1.308 -1.312 -1.316 -1.316 -1.315 -1.798 -1.455 -1.392 -1.313 -1.316 -1.722 -1.616
0.06 0.69525 6.00000 4.1584672928 2.6086874008    4.157  2.256  3.9030  3.364    0  0.000  0.538     0.00     0.00 -1    -1e-30      0.00 5.840e-01 3.560e-01 1.065e-02 2.907e-03 2.640e-02 -1.000 6.000e-02 -0.871 -1.265 -1.284 -1.304 -1.308 -1.312 -1.312 -1.310 -1.793 -1.450 -1.386 -1.309 -1.312 -1.718 -1.611
0.06 0.69525 6.00000 4.1745538712 2.6088137627    4.173  2.285  3.9129  3.377    0  0.000  0.538     0.00     0.00 -1    -1e-30      0.00 5.840e-01 3.560e-01 1.065e-02 2.907e-03 2.640e-02 -1.000 6.000e-02 -0.942 -1.274 -1.282 -1.301 -1.303 -1.307 -1.306 -1.304 -1.787 -1.443 -1.379 -1.304 -1.307 -1.712 -1.605
0.06 0.69525 6.00000 4.1901745796 2.6089353561    4.188  2.313  3.9227  3.390    0  0.000  0.538     0.00     0.00 -1    -1e-30      0.00 5.840e-01 3.560e-01 1.065e-02 2.907e-03 2.640e-02 -1.000 6.000e-02 -1.012 -1.282 -1.280 -1.297 -1.298 -1.301 -1.300 -1.298 -1.781 -1.436 -1.371 -1.299 -1.301 -1.705 -1.598
0.06 0.69525 6.00000 4.2000002861 2.6090114117    4.198  2.331  3.9291  3.399    0  0.000  0.538     0.00     0.00 -1    -1e-30      0.00 5.840e-01 3.560e-01 1.065e-02 2.907e-03 2.640e-02 -1.000 6.000e-02 -1.057 -1.287 -1.279 -1.294 -1.294 -1.297 -1.295 -1.293 -1.776 -1.431 -1.366 -1.295 -1.297 -1.701 -1.594
0.06 0.69525 6.00000 4.2098236084 2.6090869904    4.208  2.349  3.9356  3.408    0  0.000  0.538     0.00     0.00 -1    -1e-30      0.00 5.840e-01 3.560e-01 1.065e-02 2.907e-03 2.640e-02 -1.000 6.000e-02 -1.102 -1.290 -1.277 -1.291 -1.290 -1.292 -1.291 -1.288 -1.770 -1.425 -1.360 -1.291 -1.292 -1.696 -1.588
0.06 0.69525 6.00000 4.2236194611 2.6091926098    4.222  2.375  3.9451  3.421    0  0.000  0.538     0.00     0.00 -1    -1e-30      0.00 5.840e-01 3.560e-01 1.065e-02 2.907e-03 2.640e-02 -1.000 6.000e-02 -1.167 -1.293 -1.275 -1.286 -1.283 -1.285 -1.283 -1.280 -1.762 -1.416 -1.351 -1.285 -1.285 -1.688 -1.580
0.06 0.69525 6.00000 4.2370429039 2.6092944145    4.235  2.400  3.9545  3.435    0  0.000  0.538     0.00     0.00 -1    -1e-30      0.00 5.840e-01 3.560e-01 1.065e-02 2.907e-03 2.640e-02 -1.000 6.000e-02 -1.231 -1.295 -1.271 -1.279 -1.276 -1.277 -1.275 -1.272 -1.753 -1.406 -1.341 -1.277 -1.277 -1.679 -1.571
0.06 0.69525 6.00000 4.2501134872 2.6093928814    4.248  2.426  3.9640  3.448    0  0.000  0.538     0.00     0.00 -1    -1e-30      0.00 5.840e-01 3.560e-01 1.065e-02 2.907e-03 2.640e-02 -1.000 6.000e-02 -1.294 -1.295 -1.266 -1.272 -1.267 -1.268 -1.265 -1.262 -1.743 -1.396 -1.330 -1.269 -1.268 -1.669 -1.561
0.06 0.69525 6.00000 4.2628493309 2.6094882488    4.261  2.450  3.9734  3.463    0  0.000  0.538     0.00     0.00 -1    -1e-30      0.00 5.840e-01 3.560e-01 1.065e-02 2.907e-03 2.640e-02 -1.000 6.000e-02 -1.356 -1.294 -1.260 -1.263 -1.257 -1.257 -1.254 -1.251 -1.731 -1.384 -1.317 -1.258 -1.257 -1.658 -1.549
0.06 0.69525 6.00000 4.2752680779 2.6095805168    4.273  2.475  3.9828  3.477    0  0.000  0.538     0.00     0.00 -1    -1e-30      0.00 5.840e-01 3.560e-01 1.065e-02 2.907e-03 2.640e-02 -1.000 6.000e-02 -1.416 -1.291 -1.254 -1.254 -1.245 -1.245 -1.242 -1.238 -1.717 -1.369 -1.302 -1.247 -1.244 -1.645 -1.535
0.06 0.69525 6.00000 4.2873878479 2.6096699238    4.285  2.498  3.9922  3.492    0  0.000  0.538     0.00     0.00 -1    -1e-30      0.00 5.840e-01 3.560e-01 1.065e-02 2.907e-03 2.640e-02 -1.000 6.000e-02 -1.476 -1.287 -1.246 -1.243 -1.232 -1.231 -1.227 -1.223 -1.701 -1.352 -1.285 -1.234 -1.231 -1.629 -1.519
0.06 0.69525 6.00000 4.2992267609 2.6097567081    4.297  2.521  4.0016  3.508    0  0.000  0.538     0.00     0.00 -1    -1e-30      0.00 5.840e-01 3.560e-01 1.065e-02 2.907e-03 2.640e-02 -1.000 6.000e-02 -1.534 -1.281 -1.237 -1.231 -1.217 -1.216 -1.211 -1.206 -1.683 -1.334 -1.266 -1.219 -1.215 -1.612 -1.501
0.06 0.69525 6.00000 4.3108072281 2.6098411083    4.308  2.544  4.0110  3.524    0  0.000  0.538     0.00     0.00 -1    -1e-30      0.00 5.840e-01 3.560e-01 1.065e-02 2.907e-03 2.640e-02 -1.000 6.000e-02 -1.590 -1.273 -1.225 -1.216 -1.200 -1.197 -1.192 -1.187 -1.662 -1.311 -1.243 -1.202 -1.197 -1.592 -1.480
0.06 0.69525 6.00000 4.3221511841 2.6099233627    4.319  2.566  4.0203  3.540    0  0.000  0.538     0.00     0.00 -1    -1e-30      0.00 5.840e-01 3.560e-01 1.065e-02 2.907e-03 2.640e-02 -1.000 6.000e-02 -1.646 -1.266 -1.214 -1.203 -1.184 -1.181 -1.175 -1.169 -1.643 -1.291 -1.222 -1.187 -1.180 -1.574 -1.461
0.06 0.69525 6.00000 4.3332829475 2.6100034714    4.331  2.588  4.0297  3.557    0  0.000  0.538     0.00     0.00 -1    -1e-30      0.00 5.840e-01 3.560e-01 1.065e-02 2.907e-03 2.640e-02 -1.000 6.000e-02 -1.700 -1.258 -1.203 -1.189 -1.168 -1.163 -1.157 -1.150 -1.623 -1.269 -1.200 -1.171 -1.163 -1.555 -1.441
0.06 0.69525 6.00000 4.3442282677 2.6100819111    4.341  2.609  4.0391  3.575    0  0.000  0.538     0.00     0.00 -1    -1e-30      0.00 5.840e-01 3.560e-01 1.065e-02 2.907e-03 2.640e-02 -1.000 6.000e-02 -1.752 -1.250 -1.192 -1.176 -1.152 -1.147 -1.140 -1.133 -1.603 -1.249 -1.179 -1.155 -1.146 -1.537 -1.421
0.06 0.69525 6.00000 4.3585801125 2.6101839542    4.356  2.636  4.0515  3.599    0  0.000  0.538     0.00     0.00 -1    -1e-30      0.00 5.840e-01 3.560e-01 1.065e-02 2.907e-03 2.640e-02 -1.000 6.000e-02 -1.819 -1.235 -1.174 -1.155 -1.128 -1.122 -1.114 -1.105 -1.574 -1.218 -1.147 -1.131 -1.121 -1.509 -1.392
0.06 0.69525 6.00000 4.3727335930 2.6102838516    4.370  2.661  4.0639  3.625    0  0.000  0.538     0.00     0.00 -1    -1e-30      0.00 5.840e-01 3.560e-01 1.065e-02 2.907e-03 2.640e-02 -1.000 6.000e-02 -1.883 -1.217 -1.152 -1.130 -1.100 -1.093 -1.085 -1.075 -1.541 -1.183 -1.112 -1.104 -1.092 -1.478 -1.359
0.06 0.69525 6.00000 4.3867683411 2.6103820801    4.384  2.686  4.0763  3.651    0  0.000  0.538     0.00     0.00 -1    -1e-30      0.00 5.840e-01 3.560e-01 1.065e-02 2.907e-03 2.640e-02 -1.000 6.000e-02 -1.944 -1.195 -1.126 -1.102 -1.070 -1.061 -1.052 -1.042 -1.506 -1.147 -1.075 -1.073 -1.060 -1.444 -1.324
0.06 0.69525 6.00000 4.4000005722 2.6104743481    4.397  2.707  4.0879  3.678    0  0.000  0.538     0.00     0.00 -1    -1e-30      0.00 5.840e-01 3.560e-01 1.065e-02 2.907e-03 2.640e-02 -1.000 6.000e-02 -1.997 -1.170 -1.098 -1.071 -1.037 -1.028 -1.018 -1.007 -1.469 -1.109 -1.037 -1.041 -1.026 -1.408 -1.287
0.06 0.69525 6.00000 4.4038429260 2.6105008125    4.401  2.713  4.0913  3.686    0  0.000  0.538     0.00     0.00 -1    -1e-30      0.00 5.840e-01 3.560e-01 1.065e-02 2.907e-03 2.640e-02 -1.000 6.000e-02 -2.012 -1.162 -1.089 -1.062 -1.027 -1.018 -1.008 -0.996 -1.458 -1.097 -1.025 -1.031 -1.016 -1.398 -1.276
0.06 0.69525 6.00000 4.4193010330 2.6106073856    4.417  2.734  4.1045  3.719    0  0.000  0.538     0.00     0.00 -1    -1e-30      0.00 5.840e-01 3.560e-01 1.065e-02 2.907e-03 2.640e-02 -1.000 6.000e-02 -2.065 -1.124 -1.048 -1.018 -0.981 -0.971 -0.960 -0.948 -1.408 -1.046 -0.973 -0.985 -0.969 -1.349 -1.226
0.06 0.69525 6.00000 4.4366550446 2.6107258797    4.434  2.751  4.1181  3.758    0  0.000  0.538     0.00     0.00 -1    -1e-30      0.00 5.840e-01 3.560e-01 1.065e-02 2.907e-03 2.640e-02 -1.000 6.000e-02 -2.107 -1.073 -0.993 -0.961 -0.921 -0.910 -0.899 -0.886 -1.345 -0.982 -0.908 -0.926 -0.909 -1.286 -1.163
0.06 0.69525 6.00000 4.4417004585 2.6107602119    4.439  2.754  4.1216  3.770    0  0.000  0.538     0.00     0.00 -1    -1e-30      0.00 5.840e-01 3.560e-01 1.065e-02 2.907e-03 2.640e-02 -1.000 6.000e-02 -2.115 -1.056 -0.975 -0.943 -0.902 -0.891 -0.880 -0.866 -1.324 -0.961 -0.888 -0.907 -0.889 -1.267 -1.143
0.06 0.69525 6.00000 4.4627742767 2.6109023094    4.460  2.744  4.1309  3.818    0  0.000  0.538     0.00     0.00 -1    -1e-30      0.00 5.840e-01 3.560e-01 1.065e-02 2.907e-03 2.640e-02 -1.000 6.000e-02 -2.091 -0.968 -0.885 -0.851 -0.809 -0.796 -0.785 -0.771 -1.228 -0.864 -0.791 -0.813 -0.795 -1.171 -1.046
0.06 0.69525 6.00000 4.4850535393 2.6110510826    4.482  2.713  4.1347  3.868    0  0.000  0.538     0.00     0.00 -1    -1e-30      0.00 5.840e-01 3.560e-01 1.065e-02 2.907e-03 2.640e-02 -1.000 6.000e-02 -2.011 -0.861 -0.777 -0.742 -0.699 -0.687 -0.675 -0.661 -1.118 -0.754 -0.680 -0.704 -0.685 -1.061 -0.936
0.06 0.69525 6.00000 4.5004081726 2.6111524105    4.498  2.677  4.1332  3.898    0  0.000  0.538     0.00     0.00 -1    -1e-30      0.00 5.840e-01 3.560e-01 1.065e-02 2.907e-03 2.640e-02 -1.000 6.000e-02 -1.923 -0.783 -0.699 -0.665 -0.622 -0.610 -0.598 -0.584 -1.041 -0.677 -0.604 -0.627 -0.608 -0.984 -0.859
0.06 0.69525 6.00000 4.5142412186 2.6112432480    4.511  2.641  4.1299  3.923    0  0.000  0.538     0.00     0.00 -1    -1e-30      0.00 5.840e-01 3.560e-01 1.065e-02 2.907e-03 2.640e-02 -1.000 6.000e-02 -1.833 -0.715 -0.632 -0.598 -0.556 -0.544 -0.532 -0.519 -0.976 -0.613 -0.539 -0.561 -0.543 -0.919 -0.794
0.06 0.69525 6.00000 4.5279011726 2.6113321781    4.525  2.605  4.1255  3.943    0  0.000  0.538     0.00     0.00 -1    -1e-30      0.00 5.840e-01 3.560e-01 1.065e-02 2.907e-03 2.640e-02 -1.000 6.000e-02 -1.743 -0.654 -0.572 -0.540 -0.498 -0.486 -0.475 -0.462 -0.920 -0.557 -0.483 -0.503 -0.485 -0.862 -0.738
0.06 0.69525 6.00000 4.5424871445 2.6114265919    4.540  2.570  4.1205  3.959    0  0.000  0.538     0.00     0.00 -1    -1e-30      0.00 5.840e-01 3.560e-01 1.065e-02 2.907e-03 2.640e-02 -1.000 6.000e-02 -1.655 -0.601 -0.520 -0.488 -0.447 -0.436 -0.425 -0.412 -0.871 -0.508 -0.435 -0.452 -0.435 -0.812 -0.689
0.06 0.69525 6.00000 4.5596618652 2.6115367413    4.557  2.537  4.1152  3.972    0  0.000  0.538     0.00     0.00 -1    -1e-30      0.00 5.840e-01 3.560e-01 1.065e-02 2.907e-03 2.640e-02 -1.000 6.000e-02 -1.572 -0.555 -0.475 -0.444 -0.405 -0.394 -0.383 -0.370 -0.830 -0.467 -0.394 -0.409 -0.392 -0.771 -0.648
0.06 0.69525 6.00000 4.5843310356 2.6116931438    4.581  2.511  4.1100  3.981    0  0.000  0.538     0.00     0.00 -1    -1e-30      0.00 5.840e-01 3.560e-01 1.065e-02 2.907e-03 2.640e-02 -1.000 6.000e-02 -1.506 -0.524 -0.445 -0.416 -0.377 -0.366 -0.356 -0.343 -0.803 -0.442 -0.369 -0.381 -0.365 -0.744 -0.622
0.06 0.69525 6.00000 4.5999999046 2.6117916107    4.598  2.517  4.1108  3.979    0  0.000  0.538     0.00     0.00 -1    -1e-30      0.00 5.840e-01 3.560e-01 1.065e-02 2.907e-03 2.640e-02 -1.000 6.000e-02 -1.522 -0.535 -0.456 -0.426 -0.387 -0.376 -0.366 -0.353 -0.813 -0.451 -0.379 -0.391 -0.375 -0.754 -0.631
0.06 0.69525 6.00000 4.7175946236 2.6125066280    4.715  2.570  4.1185  3.968    0  0.000  0.538     0.00     0.00 -1    -1e-30      0.00 5.840e-01 3.560e-01 1.065e-02 2.907e-03 2.640e-02 -1.000 6.000e-02 -1.654 -0.614 -0.534 -0.502 -0.462 -0.451 -0.440 -0.427 -0.886 -0.523 -0.450 -0.467 -0.450 -0.828 -0.704
0.06 0.69525 6.00000 4.8000001907 2.6129837036    4.798  2.606  4.1256  3.968    0  0.000  0.538     0.00     0.00 -1    -1e-30      0.00 5.840e-01 3.560e-01 1.065e-02 2.907e-03 2.640e-02 -1.000 6.000e-02 -1.745 -0.656 -0.573 -0.541 -0.499 -0.488 -0.476 -0.463 -0.921 -0.558 -0.485 -0.504 -0.486 -0.863 -0.739
0.06 0.69525 6.00000 4.8305158615 2.6131556034    4.829  2.619  4.1280  3.967    0  0.000  0.538     0.00     0.00 -1    -1e-30      0.00 5.840e-01 3.560e-01 1.065e-02 2.907e-03 2.640e-02 -1.000 6.000e-02 -1.778 -0.673 -0.590 -0.557 -0.515 -0.503 -0.491 -0.478 -0.936 -0.572 -0.499 -0.519 -0.501 -0.878 -0.754
0.06 0.69525 6.00000 5.0000004768 2.6140668392    4.999  2.694  4.1457  3.978    0  0.000  0.538     0.00     0.00 -1    -1e-30      0.00 5.840e-01 3.560e-01 1.065e-02 2.907e-03 2.640e-02 -1.000 6.000e-02 -1.964 -0.736 -0.650 -0.613 -0.568 -0.555 -0.543 -0.528 -0.984 -0.619 -0.545 -0.573 -0.554 -0.927 -0.802
0.06 0.69525 6.00000 5.1102695465 2.6146223545    5.110  2.740  4.1567  3.985    0  0.000  0.538     0.00     0.00 -1    -1e-30      0.00 5.840e-01 3.560e-01 1.065e-02 2.907e-03 2.640e-02 -1.000 6.000e-02 -2.079 -0.774 -0.685 -0.647 -0.600 -0.586 -0.573 -0.558 -1.012 -0.647 -0.573 -0.605 -0.585 -0.957 -0.830
0.06 0.69525 6.00000 5.1999998093 2.6150546074    5.200  2.781  4.1687  4.000    0  0.000  0.538     0.00     0.00 -1    -1e-30      0.00 5.840e-01 3.560e-01 1.065e-02 2.907e-03 2.640e-02 -1.000 6.000e-02 -2.183 -0.794 -0.702 -0.662 -0.612 -0.598 -0.584 -0.568 -1.021 -0.655 -0.581 -0.618 -0.596 -0.967 -0.839
0.06 0.69525 6.00000 5.2541012764 2.6153068542    5.254  2.806  4.1762  4.009    0  0.000  0.538     0.00     0.00 -1    -1e-30      0.00 5.840e-01 3.560e-01 1.065e-02 2.907e-03 2.640e-02 -1.000 6.000e-02 -2.245 -0.804 -0.710 -0.669 -0.618 -0.603 -0.589 -0.573 -1.024 -0.659 -0.584 -0.624 -0.602 -0.971 -0.842
0.06 0.69525 6.00000 5.3379564285 2.6156864166    5.338  2.853  4.1918  4.032    0  0.000  0.538     0.00     0.00 -1    -1e-30      0.00 5.840e-01 3.560e-01 1.065e-02 2.907e-03 2.640e-02 -1.000 6.000e-02 -2.362 -0.811 -0.714 -0.670 -0.617 -0.601 -0.586 -0.569 -1.018 -0.652 -0.577 -0.622 -0.599 -0.966 -0.837
0.06 0.69525 6.00000 5.3919196129 2.6159236431    5.393  2.890  4.2052  4.052    0  0.000  0.538     0.00     0.00 -1    -1e-30      0.00 5.840e-01 3.560e-01 1.065e-02 2.907e-03 2.640e-02 -1.000 6.000e-02 -2.455 -0.810 -0.710 -0.664 -0.608 -0.591 -0.576 -0.557 -1.006 -0.639 -0.565 -0.614 -0.589 -0.955 -0.824
0.06 0.69525 6.00000 5.4000000954 2.6159586906    5.401  2.897  4.2076  4.056    0  0.000  0.538     0.00     0.00 -1    -1e-30      0.00 5.840e-01 3.560e-01 1.065e-02 2.907e-03 2.640e-02 -1.000 6.000e-02 -2.471 -0.808 -0.708 -0.661 -0.605 -0.589 -0.573 -0.554 -1.002 -0.635 -0.562 -0.611 -0.587 -0.951 -0.821
0.06 0.69525 6.00000 5.4265503883 2.6160728931    5.427  2.917  4.2156  4.070    0  0.000  0.538     0.00     0.00 -1    -1e-30      0.00 5.840e-01 3.560e-01 1.065e-02 2.907e-03 2.640e-02 -1.000 6.000e-02 -2.523 -0.804 -0.702 -0.654 -0.597 -0.580 -0.563 -0.544 -0.992 -0.624 -0.552 -0.603 -0.578 -0.941 -0.810
0.06 0.69525 6.00000 5.4924407005 2.6163511276    5.493  2.950  4.2325  4.109    0  0.000  0.538     0.00     0.00 -1    -1e-30      0.00 5.840e-01 3.560e-01 1.065e-02 2.907e-03 2.640e-02 -1.000 6.000e-02 -2.606 -0.768 -0.662 -0.611 -0.551 -0.533 -0.515 -0.495 -0.941 -0.573 -0.504 -0.557 -0.530 -0.892 -0.759
0.06 0.69525 6.00000 5.5747718811 2.6166880131    5.576  2.931  4.2347  4.144    0  0.000  0.538     0.00     0.00 -1    -1e-30      0.00 5.840e-01 3.560e-01 1.065e-02 2.907e-03 2.640e-02 -1.000 6.000e-02 -2.556 -0.703 -0.597 -0.545 -0.484 -0.466 -0.449 -0.428 -0.874 -0.506 -0.438 -0.490 -0.464 -0.825 -0.692
0.06 0.69525 6.00000 5.5920104980 2.6167569160    5.593  2.887  4.2229  4.142    0  0.000  0.538     0.00     0.00 -1    -1e-30      0.00 5.840e-01 3.560e-01 1.065e-02 2.907e-03 2.640e-02 -1.000 6.000e-02 -2.448 -0.677 -0.574 -0.524 -0.466 -0.448 -0.431 -0.412 -0.858 -0.491 -0.420 -0.471 -0.446 -0.808 -0.677
0.06 0.69525 6.00000 5.5966248512 2.6167755127    5.598  2.853  4.2131  4.138    0  0.000  0.538     0.00     0.00 -1    -1e-30      0.00 5.840e-01 3.560e-01 1.065e-02 2.907e-03 2.640e-02 -1.000 6.000e-02 -2.361 -0.659 -0.558 -0.510 -0.453 -0.436 -0.420 -0.401 -0.849 -0.482 -0.409 -0.459 -0.434 -0.798 -0.667
0.06 0.69525 6.00000 5.6000003815 2.6167888641    5.601  2.827  4.2061  4.135    0  0.000  0.538     0.00     0.00 -1    -1e-30      0.00 5.840e-01 3.560e-01 1.065e-02 2.907e-03 2.640e-02 -1.000 6.000e-02 -2.298 -0.645 -0.545 -0.499 -0.443 -0.426 -0.411 -0.392 -0.841 -0.474 -0.400 -0.449 -0.424 -0.790 -0.659
0.06 0.69525 6.00000 5.6003036499 2.6167900562    5.601  2.825  4.2054  4.135    0  0.000  0.538     0.00     0.00 -1    -1e-30      0.00 5.840e-01 3.560e-01 1.065e-02 2.907e-03 2.640e-02 -1.000 6.000e-02 -2.292 -0.644 -0.544 -0.498 -0.442 -0.425 -0.410 -0.391 -0.840 -0.473 -0.399 -0.448 -0.423 -0.789 -0.658
0.06 0.69525 6.00000 5.6041574478 2.6168053150    5.605  2.798  4.1980  4.133    0  0.000  0.538     0.00     0.00 -1    -1e-30      0.00 5.840e-01 3.560e-01 1.065e-02 2.907e-03 2.640e-02 -1.000 6.000e-02 -2.225 -0.629 -0.531 -0.486 -0.431 -0.415 -0.400 -0.382 -0.831 -0.465 -0.390 -0.437 -0.413 -0.780 -0.650
0.06 0.69525 6.00000 5.6089053154 2.6168243885    5.610  2.772  4.1907  4.130    0  0.000  0.538     0.00     0.00 -1    -1e-30      0.00 5.840e-01 3.560e-01 1.065e-02 2.907e-03 2.640e-02 -1.000 6.000e-02 -2.160 -0.615 -0.519 -0.475 -0.422 -0.406 -0.391 -0.374 -0.824 -0.458 -0.383 -0.427 -0.404 -0.772 -0.642
0.06 0.69525 6.00000 5.6150493622 2.6168487072    5.616  2.747  4.1833  4.126    0  0.000  0.538     0.00     0.00 -1    -1e-30      0.00 5.840e-01 3.560e-01 1.065e-02 2.907e-03 2.640e-02 -1.000 6.000e-02 -2.098 -0.605 -0.510 -0.467 -0.416 -0.400 -0.386 -0.369 -0.820 -0.454 -0.379 -0.421 -0.398 -0.767 -0.638
0.06 0.69525 6.00000 5.6282525063 2.6169006824    5.629  2.726  4.1745  4.112    0  0.000  0.538     0.00     0.00 -1    -1e-30      0.00 5.840e-01 3.560e-01 1.065e-02 2.907e-03 2.640e-02 -1.000 6.000e-02 -2.045 -0.614 -0.521 -0.480 -0.430 -0.415 -0.401 -0.385 -0.837 -0.471 -0.397 -0.435 -0.413 -0.783 -0.655
0.06 0.69525 6.00000 5.6335568428 2.6169216633    5.634  2.728  4.1732  4.105    0  0.000  0.538     0.00     0.00 -1    -1e-30      0.00 5.840e-01 3.560e-01 1.065e-02 2.907e-03 2.640e-02 -1.000 6.000e-02 -2.050 -0.629 -0.536 -0.495 -0.446 -0.431 -0.417 -0.400 -0.853 -0.487 -0.413 -0.451 -0.429 -0.799 -0.671
0.06 0.69525 6.00000 5.6480603218 2.6169784069    5.649  2.760  4.1753  4.083    0  0.000  0.538     0.00     0.00 -1    -1e-30      0.00 5.840e-01 3.560e-01 1.065e-02 2.907e-03 2.640e-02 -1.000 6.000e-02 -2.131 -0.695 -0.601 -0.560 -0.510 -0.495 -0.481 -0.464 -0.916 -0.551 -0.476 -0.515 -0.493 -0.863 -0.735
0.06 0.69525 6.00000 5.6645689011 2.6170425415    5.665  2.810  4.1811  4.058    0  0.000  0.538     0.00     0.00 -1    -1e-30      0.00 5.840e-01 3.560e-01 1.065e-02 2.907e-03 2.640e-02 -1.000 6.000e-02 -2.254 -0.778 -0.683 -0.641 -0.589 -0.574 -0.560 -0.543 -0.994 -0.628 -0.554 -0.595 -0.572 -0.941 -0.812
0.06 0.69525 6.00000 5.6787261963 2.6170973778    5.680  2.854  4.1875  4.041    0  0.000  0.538     0.00     0.00 -1    -1e-30      0.00 5.840e-01 3.560e-01 1.065e-02 2.907e-03 2.640e-02 -1.000 6.000e-02 -2.364 -0.842 -0.747 -0.703 -0.651 -0.635 -0.620 -0.603 -1.054 -0.687 -0.613 -0.656 -0.633 -1.001 -0.872
0.06 0.69525 6.00000 5.6949539185 2.6171596050    5.696  2.896  4.1946  4.028    0  0.000  0.538     0.00     0.00 -1    -1e-30      0.00 5.840e-01 3.560e-01 1.065e-02 2.907e-03 2.640e-02 -1.000 6.000e-02 -2.470 -0.899 -0.801 -0.757 -0.703 -0.687 -0.672 -0.654 -1.104 -0.737 -0.663 -0.708 -0.685 -1.052 -0.922
0.06 0.69525 6.00000 5.7172574997 2.6172447205    5.718  2.937  4.2029  4.021    0  0.000  0.538     0.00     0.00 -1    -1e-30      0.00 5.840e-01 3.560e-01 1.065e-02 2.907e-03 2.640e-02 -1.000 6.000e-02 -2.573 -0.944 -0.845 -0.799 -0.744 -0.727 -0.712 -0.694 -1.142 -0.775 -0.701 -0.750 -0.725 -1.091 -0.960
0.06 0.69525 6.00000 5.7565226555 2.6173925400    5.757  2.980  4.2147  4.029    0  0.000  0.538     0.00     0.00 -1    -1e-30      0.00 5.840e-01 3.560e-01 1.065e-02 2.907e-03 2.640e-02 -1.000 6.000e-02 -2.681 -0.968 -0.867 -0.819 -0.761 -0.744 -0.728 -0.709 -1.156 -0.789 -0.716 -0.767 -0.742 -1.106 -0.975
0.06 0.69525 6.00000 5.7944970131 2.6175334454    5.795  3.010  4.2259  4.047    0  0.000  0.538     0.00     0.00 -1    -1e-30      0.00 5.840e-01 3.560e-01 1.065e-02 2.907e-03 2.640e-02 -1.000 6.000e-02 -2.756 -0.964 -0.860 -0.810 -0.751 -0.733 -0.716 -0.697 -1.143 -0.775 -0.705 -0.757 -0.731 -1.093 -0.961
0.06 0.69525 6.00000 5.8000001907 2.6175537109    5.801  3.015  4.2278  4.050    0  0.000  0.538     0.00     0.00 -1    -1e-30      0.00 5.840e-01 3.560e-01 1.065e-02 2.907e-03 2.640e-02 -1.000 6.000e-02 -2.767 -0.962 -0.858 -0.808 -0.748 -0.730 -0.713 -0.693 -1.139 -0.772 -0.701 -0.754 -0.728 -1.090 -0.957
0.06 0.69525 6.00000 5.8311510086 2.6176674366    5.832  3.038  4.2377  4.068    0  0.000  0.538     0.00     0.00 -1    -1e-30      0.00 5.840e-01 3.560e-01 1.065e-02 2.907e-03 2.640e-02 -1.000 6.000e-02 -2.826 -0.952 -0.845 -0.793 -0.732 -0.713 -0.695 -0.675 -1.120 -0.753 -0.685 -0.738 -0.711 -1.071 -0.938
0.06 0.69525 6.00000 5.8756418228 2.6178274155    5.876  3.064  4.2508  4.099    0  0.000  0.538     0.00     0.00 -1    -1e-30      0.00 5.840e-01 3.560e-01 1.065e-02 2.907e-03 2.640e-02 -1.000 6.000e-02 -2.889 -0.923 -0.813 -0.759 -0.695 -0.675 -0.657 -0.636 -1.079 -0.713 -0.648 -0.701 -0.673 -1.031 -0.897
0.06 0.69525 6.00000 5.9456491470 2.6180734634    5.946  3.057  4.2570  4.136    0  0.000  0.538     0.00     0.00 -1    -1e-30      0.00 5.840e-01 3.560e-01 1.065e-02 2.907e-03 2.640e-02 -1.000 6.000e-02 -2.872 -0.862 -0.751 -0.696 -0.631 -0.611 -0.592 -0.570 -1.013 -0.647 -0.584 -0.637 -0.608 -0.966 -0.831
0.06 0.69525 6.00000 6.0000000000 2.6182601452    6.000  3.060  4.2582  4.141    0  0.000  0.538     0.00     0.00 -1    -1e-30      0.00 5.840e-01 3.560e-01 1.065e-02 2.907e-03 2.640e-02 -1.000 6.000e-02 -2.880 -0.861 -0.750 -0.694 -0.629 -0.609 -0.590 -0.568 -1.011 -0.645 -0.582 -0.635 -0.606 -0.964 -0.829
0.06 0.69525 6.00000 6.0848712921 2.6185436249    6.085  3.061  4.2598  4.152    0  0.000  0.538     0.00     0.00 -1    -1e-30      0.00 5.840e-01 3.560e-01 1.065e-02 2.907e-03 2.640e-02 -1.000 6.000e-02 -2.884 -0.855 -0.743 -0.687 -0.621 -0.601 -0.582 -0.561 -1.003 -0.637 -0.575 -0.628 -0.599 -0.956 -0.821
0.06 0.69525 6.00000 6.1966614723 2.6189038754    6.197  3.091  4.2649  4.151    0  0.000  0.538     0.00     0.00 -1    -1e-30      0.00 5.840e-01 3.560e-01 1.065e-02 2.907e-03 2.640e-02 -1.000 6.000e-02 -2.957 -0.893 -0.780 -0.723 -0.656 -0.636 -0.616 -0.594 -1.036 -0.671 -0.609 -0.663 -0.633 -0.989 -0.854
0.06 0.69525 6.00000 6.1999998093 2.6189143658    6.200  3.092  4.2651  4.151    0  0.000  0.538     0.00     0.00 -1    -1e-30      0.00 5.840e-01 3.560e-01 1.065e-02 2.907e-03 2.640e-02 -1.000 6.000e-02 -2.960 -0.894 -0.781 -0.724 -0.657 -0.637 -0.617 -0.595 -1.037 -0.672 -0.610 -0.664 -0.634 -0.990 -0.855
0.06 0.69525 6.00000 6.4000000954 2.6195218563    6.399  3.146  4.2739  4.146    0  0.000  0.538     0.00     0.00 -1    -1e-30      0.00 5.840e-01 3.560e-01 1.065e-02 2.907e-03 2.640e-02 -1.000 6.000e-02 -3.095 -0.968 -0.853 -0.794 -0.725 -0.704 -0.685 -0.662 -1.102 -0.739 -0.678 -0.732 -0.702 -1.056 -0.920
0.06 0.69525 6.00000 7.0000000000 2.6211071014    6.996  3.288  4.2980  4.138    0  0.000  0.538     0.00     0.00 -1    -1e-30      0.00 5.840e-01 3.560e-01 1.065e-02 2.907e-03 2.640e-02 -1.000 6.000e-02 -3.451 -1.157 -1.037 -0.973 -0.899 -0.876 -0.854 -0.830 -1.267 -0.906 -0.846 -0.906 -0.873 -1.223 -1.085
0.06 0.69525 6.00000 7.8270974159 2.6228411198    7.827  3.462  4.3277  4.132    0  0.000  0.538     0.00     0.00 -1    -1e-30      0.00 5.840e-01 3.560e-01 1.065e-02 2.907e-03 2.640e-02 -1.000 6.000e-02 -3.886 -1.389 -1.262 -1.192 -1.110 -1.084 -1.061 -1.033 -1.466 -1.106 -1.043 -1.119 -1.081 -1.425 -1.285
0.06 0.69525 6.00000 8.0000000000 2.6231517792    8.001  3.496  4.3335  4.131    0  0.000  0.538     0.00     0.00 -1    -1e-30      0.00 5.840e-01 3.560e-01 1.065e-02 2.907e-03 2.640e-02 -1.000 6.000e-02 -3.971 -1.435 -1.306 -1.236 -1.152 -1.126 -1.101 -1.074 -1.506 -1.145 -1.082 -1.161 -1.123 -1.465 -1.324
0.06 0.69525 6.00000 9.0000000000 2.6246831417    8.995  3.676  4.3631  4.121    1  0.000  0.538     0.00     0.00 -1    -1e-30      0.00 5.840e-01 3.560e-01 1.065e-02 2.907e-03 2.640e-02 -1.000 6.000e-02 -4.419 -1.683 -1.549 -1.473 -1.382 -1.352 -1.325 -1.295 -1.723 -1.360 -1.293 -1.391 -1.349 -1.685 -1.542
0.06 0.69525 6.00000 10.0000000000 2.6258678436    9.998  3.832  4.3883  4.111    1  0.000  0.538     0.00     0.00 -1    -1e-30      0.00 5.840e-01 3.560e-01 1.065e-02 2.907e-03 2.640e-02 -1.000 6.000e-02 -4.811 -1.908 -1.769 -1.689 -1.593 -1.561 -1.533 -1.500 -1.926 -1.558 -1.488 -1.603 -1.557 -1.889 -1.744
0.06 0.69525 6.00000 11.0000000000 2.6268081665   11.001  3.970  4.4102  4.102    1  0.000  0.538     0.00     0.00 -1    -1e-30      0.00 5.840e-01 3.560e-01 1.065e-02 2.907e-03 2.640e-02 -1.000 6.000e-02 -5.156 -2.281 -2.181 -2.149 -2.174 -2.264 -2.283 -2.584 -3.682 -6.238 -6.478 -2.165 -2.248 -2.908 -3.614
0.06 0.69525 6.00000 11.5380830765 2.6272373199   11.539  4.038  4.4206  4.097    1  0.000  0.538     0.00     0.00 -1    -1e-30      0.00 5.840e-01 3.560e-01 1.065e-02 2.907e-03 2.640e-02 -1.000 6.000e-02 -5.324 -2.372 -2.266 -2.228 -2.244 -2.328 -2.341 -2.640 -3.761 -6.311 -6.546 -2.236 -2.311 -2.988 -3.692
0.06 0.69525 6.00000 12.0000000000 2.6275708675   12.001  4.094  4.4292  4.093    1  0.000  0.538     0.00     0.00 -1    -1e-30      0.00 5.840e-01 3.560e-01 1.065e-02 2.907e-03 2.640e-02 -1.000 6.000e-02 -5.464 -2.446 -2.336 -2.293 -2.301 -2.382 -2.390 -2.686 -3.826 -6.371 -6.603 -2.295 -2.362 -3.055 -3.758
0.06 0.69525 6.00000 14.0000000000 2.6287269592   13.978  4.304  4.4607  4.074    0  0.000  0.545     0.00     0.00 -1 -1.34e-08      0.00 5.840e-01 3.560e-01 1.079e-02 2.911e-03 2.640e-02 -1.000 6.000e-02 -5.991 -2.763 -2.645 -2.593 -2.594 -2.677 -2.675 -2.948 -4.090 -6.616 -6.830 -2.588 -2.651 -3.330 -4.022
0.06 0.69525 6.00000 14.8652763367 2.6291179657   14.840  4.383  4.4719  4.066    0  0.000  0.545     0.00     0.00 -1 -2.02e-08      0.00 5.840e-01 3.560e-01 1.079e-02 2.911e-03 2.640e-02 -1.000 6.000e-02 -6.187 -2.902 -2.787 -2.740 -2.751 -2.846 -2.847 -3.102 -4.198 -6.718 -6.922 -2.744 -2.818 -3.447 -4.130
0.06 0.69525 6.00000 16.0000000000 2.6295573711   15.968  4.479  4.4856  4.056    0  0.000  0.545     0.00     0.00 -1 -3.35e-08      0.00 5.840e-01 3.560e-01 1.079e-02 2.911e-03 2.640e-02 -1.000 6.000e-02 -6.429 -3.073 -2.962 -2.920 -2.945 -3.055 -3.059 -3.293 -4.333 -6.844 -7.035 -2.936 -3.023 -3.591 -4.264
0.06 0.69525 6.00000 18.0000000000 2.6301794052   17.921  4.628  4.5055  4.038    0  0.000  0.545     0.00     0.00 -1 -7.05e-08      0.00 5.840e-01 3.560e-01 1.079e-02 2.911e-03 2.640e-02 -1.000 6.000e-02 -6.799 -3.331 -3.224 -3.188 -3.227 -3.350 -3.359 -3.570 -4.546 -7.049 -7.229 -3.215 -3.317 -3.818 -4.478
0.06 0.69525 6.00000 18.2909450531 2.6302568913   18.205  4.647  4.5079  4.035    0  0.000  0.545     0.00     0.00 -1 -7.74e-08      0.00 5.840e-01 3.560e-01 1.079e-02 2.911e-03 2.640e-02 -1.000 6.000e-02 -6.847 -3.361 -3.254 -3.219 -3.257 -3.380 -3.389 -3.600 -4.574 -7.077 -7.258 -3.246 -3.348 -3.848 -4.507
0.06 0.69525 6.00000 20.0000000000 2.6306605339   19.870  4.754  4.5215  4.020    0  0.000  0.545     0.00     0.00 -1 -1.31e-07      0.00 5.840e-01 3.560e-01 1.079e-02 2.911e-03 2.640e-02 -1.000 6.000e-02 -7.116 -3.533 -3.426 -3.392 -3.430 -3.547 -3.560 -3.769 -4.733 -7.237 -7.421 -3.419 -3.518 -4.017 -4.666
0.06 0.69525 6.00000 24.0000000000 2.6313521862   23.207  4.929  4.5410  3.990    0  0.000  0.545     0.00     0.00 -1 -2.84e-07      0.00 5.840e-01 3.560e-01 1.079e-02 2.911e-03 2.640e-02 -1.000 6.000e-02 -7.553 -3.831 -3.725 -3.692 -3.729 -3.838 -3.857 -4.062 -5.012 -7.518 -7.706 -3.719 -3.815 -4.310 -4.947
0.06 0.69525 6.00000 28.3532981873 2.6318559647   27.511  5.125  4.5613  3.950    0  0.000  0.545     0.00     0.00 -1 -6.82e-07      0.00 5.840e-01 3.560e-01 1.079e-02 2.911e-03 2.640e-02 -1.000 6.000e-02 -8.043 -4.166 -4.059 -4.027 -4.066 -4.173 -4.197 -4.407 -5.380 -7.885 -8.047 -4.058 -4.154 -4.666 -5.313
0.06 0.69525 6.00000 30.0000000000 2.6320033073   29.122  5.191  4.5677  3.934    0  0.000  0.545     0.00     0.00 -1 -9.14e-07      0.00 5.840e-01 3.560e-01 1.079e-02 2.911e-03 2.640e-02 -1.000 6.000e-02 -8.208 -4.280 -4.172 -4.141 -4.181 -4.289 -4.315 -4.527 -5.517 -8.022 -8.168 -4.173 -4.271 -4.794 -5.450
0.06 0.69525 6.00000 35.0000000000 2.6323544979   33.430  5.336  4.5781  3.890    0  0.000  0.545     0.00     0.00 -1 -1.64e-06      0.00 5.840e-01 3.560e-01 1.079e-02 2.911e-03 2.640e-02 -1.000 6.000e-02 -8.570 -4.559 -4.451 -4.420 -4.462 -4.571 -4.600 -4.817 -5.834 -8.339 -8.458 -4.455 -4.555 -5.095 -5.766
0.06 0.69525 6.00000 38.0191802979 2.6325161457   35.901  5.409  4.5814  3.862    0  0.000  0.545     0.00     0.00 -1 -2.17e-06      0.00 5.840e-01 3.560e-01 1.079e-02 2.911e-03 2.640e-02 -1.000 6.000e-02 -8.752 -4.714 -4.606 -4.575 -4.617 -4.727 -4.756 -4.975 -6.001 -8.505 -8.616 -4.611 -4.711 -5.256 -5.933
0.06 0.69525 6.00000 40.0000000000 2.6326069832   37.490  5.453  4.5833  3.844    0  0.000  0.545     0.00     0.00 -1 -2.59e-06      0.00 5.840e-01 3.560e-01 1.079e-02 2.911e-03 2.640e-02 -1.000 6.000e-02 -8.863 -4.810 -4.702 -4.671 -4.714 -4.824 -4.853 -5.074 -6.104 -8.608 -8.714 -4.708 -4.808 -5.357 -6.035
0.06 0.69525 6.00000 45.0000000000 2.6327958107   41.342  5.549  4.5850  3.798    0  0.000  0.545     0.00     0.00 -1 -3.71e-06      0.00 5.840e-01 3.560e-01 1.079e-02 2.911e-03 2.640e-02 -1.000 6.000e-02 -9.101 -5.035 -4.926 -4.896 -4.939 -5.049 -5.079 -5.300 -6.335 -8.839 -8.941 -4.933 -5.034 -5.585 -6.266
0.06 0.69525 6.00000 45.7200851440 2.6328191757   41.876  5.561  4.5850  3.791    0  0.000  0.545     0.00     0.00 -1 -3.89e-06      0.00 5.840e-01 3.560e-01 1.079e-02 2.911e-03 2.640e-02 -1.000 6.000e-02 -9.132 -5.066 -4.957 -4.927 -4.970 -5.080 -5.110 -5.331 -6.366 -8.870 -8.972 -4.964 -5.065 -5.616 -6.297
0.06 0.69525 6.00000 50.0000000000 2.6329421997   44.971  5.629  4.5841  3.750    0  0.000  0.545     0.00     0.00 -1 -5.01e-06      0.00 5.840e-01 3.560e-01 1.079e-02 2.911e-03 2.640e-02 -1.000 6.000e-02 -9.303 -5.244 -5.136 -5.105 -5.148 -5.258 -5.288 -5.508 -6.541 -9.045 -9.149 -5.142 -5.243 -5.792 -6.472
0.06 0.69525 6.00000 55.0000038147 2.6330580711   48.388  5.699  4.5805  3.698    0  0.000  0.545     0.00     0.00 -1 -6.33e-06      0.00 5.840e-01 3.560e-01 1.079e-02 2.911e-03 2.640e-02 -1.000 6.000e-02 -9.477 -5.446 -5.338 -5.307 -5.349 -5.459 -5.488 -5.707 -6.730 -9.234 -9.347 -5.343 -5.443 -5.987 -6.662
0.06 0.69525 6.00000 58.2156944275 2.6331207752   50.496  5.739  4.5771  3.663    0  0.000  0.545     0.00     0.00 -1 -7.23e-06      0.00 5.840e-01 3.560e-01 1.079e-02 2.911e-03 2.640e-02 -1.000 6.000e-02 -9.577 -5.573 -5.465 -5.434 -5.476 -5.585 -5.613 -5.831 -6.845 -9.350 -9.471 -5.469 -5.569 -6.107 -6.777
0.06 0.69525 6.00000 60.0000000000 2.6331522465   51.642  5.760  4.5751  3.644    0  0.000  0.545     0.00     0.00 -1 -7.75e-06      0.00 5.840e-01 3.560e-01 1.079e-02 2.911e-03 2.640e-02 -1.000 6.000e-02 -9.629 -5.642 -5.534 -5.503 -5.544 -5.654 -5.681 -5.897 -6.907 -9.411 -9.538 -5.538 -5.637 -6.172 -6.839
0.06 0.69525 6.00000 65.0000000000 2.6332299709   54.750  5.814  4.5672  3.583    0  0.000  0.499     0.00     0.00 -1  -9.2e-06      0.00 5.838e-01 3.561e-01 9.881e-03 3.948e-03 2.638e-02 -1.000 6.014e-02 -9.766 -5.842 -5.734 -5.703 -5.743 -5.851 -5.877 -6.089 -7.078 -9.583 -9.730 -5.735 -5.833 -6.355 -7.011
0.06 0.69525 6.00000 70.0000000000 2.6332950592   57.744  5.863  4.5601  3.529    0  0.000  0.192     0.00     0.00 -1 -1.07e-05      0.00 5.801e-01 3.588e-01 3.795e-03 1.166e-02 2.555e-02 -1.000 6.106e-02 -9.888 -6.021 -5.914 -5.882 -5.921 -6.028 -6.052 -6.261 -7.231 -9.737 -9.902 -5.913 -6.009 -6.519 -7.165
0.06 0.69525 6.00000 75.0000000000 2.6333501339   60.598  5.907  4.5616  3.512    0  0.000  0.021     0.00     0.00 -1 -1.26e-05      0.00 5.673e-01 3.714e-01 3.820e-04 1.883e-02 2.215e-02 -1.000 6.126e-02 -9.997 -6.118 -6.011 -5.979 -6.018 -6.126 -6.151 -6.360 -7.334 -9.840 -10.001 -6.011 -6.107 -6.620 -7.268
0.06 0.69525 6.00000 80.0000000000 2.6333973408   63.269  5.946  4.5661  3.510    0  0.000  0.014     0.00     0.00 -1 -1.48e-05      0.00 5.530e-01 3.861e-01 2.040e-04 2.180e-02 1.909e-02 -1.000 6.087e-02 -10.094 -6.183 -6.078 -6.049 -6.094 -6.207 -6.234 -6.451 -7.448 -9.956 -10.111 -6.086 -6.188 -6.720 -7.381
0.06 0.69525 6.00000 90.0000000000 2.6334741116   68.002  6.012  4.5783  3.524    0  0.000  0.023     0.00     0.00 -1 -1.95e-05      0.00 5.216e-01 4.181e-01 2.416e-04 2.571e-02 1.456e-02 -1.000 6.030e-02 -10.259 -6.280 -6.185 -6.172 -6.249 -6.389 -6.424 -6.680 -7.752 -10.261 -10.423 -6.237 -6.368 -6.985 -7.683
0.06 0.69525 6.00000 95.0000000000 2.6335055828   70.193  6.040  4.5846  3.535    0  0.000  0.027     0.00     0.00 -1 -2.24e-05      0.00 5.067e-01 4.332e-01 2.566e-04 2.723e-02 1.281e-02 -1.000 6.006e-02 -10.330 -6.318 -6.229 -6.225 -6.319 -6.473 -6.513 -6.788 -7.892 -10.397 -10.568 -6.306 -6.451 -7.111 -7.823
0.06 0.69525 6.00000 100.0000000000 2.6335334778   72.266  6.066  4.5907  3.546    0  0.000  0.032     0.00     0.00 -1 -2.46e-05      0.00 4.927e-01 4.473e-01 2.685e-04 2.839e-02 1.148e-02 -1.000 5.994e-02 -10.395 -5.918 -5.812 -5.920 -5.870 -5.991 -6.043 -6.232 -7.479 -8.189 -9.122 -5.871 -5.991 -6.440 -7.208
0.06 0.69525 6.00000 103.8994598389 2.6335532665   73.827  6.085  4.5951  3.554    0  0.000  0.035     0.00     0.00 -1 -2.65e-05      0.00 4.832e-01 4.569e-01 2.753e-04 2.902e-02 1.075e-02 -1.000 5.985e-02 -10.441 -5.975 -5.872 -5.985 -5.942 -6.066 -6.121 -6.315 -7.575 -8.302 -9.242 -5.942 -6.067 -6.528 -7.304
0.06 0.69525 6.00000 120.0000076294 2.6336188316   79.845  6.153  4.6116  3.586    0  0.000  0.050     0.00     0.00 -1 -3.51e-05      0.00 4.467e-01 4.937e-01 3.004e-04 3.128e-02 8.146e-03 -1.000 5.956e-02 -10.611 -6.196 -6.100 -6.236 -6.215 -6.355 -6.417 -6.628 -7.934 -8.727 -9.691 -6.212 -6.356 -6.856 -7.662
0.06 0.69525 6.00000 146.6082153320 2.6336188316   88.493  6.236  4.6266  3.607    0  0.000  0.068     0.00     0.00 -1 -4.83e-05      0.00 4.107e-01 5.299e-01 3.206e-04 3.287e-02 6.311e-03 -1.000 5.939e-02 -10.821 -6.469 -6.384 -6.542 -6.544 -6.700 -6.767 -6.988 -8.335 -9.201 -10.181 -6.539 -6.700 -7.228 -8.064
0.06 0.69525 6.00000 150.0000000000 2.6336188316   89.501  6.246  4.6283  3.609    0  0.000  0.071     0.00     0.00 -1    -5e-05      0.00 4.066e-01 5.341e-01 3.228e-04 3.304e-02 6.113e-03 -1.000 5.938e-02 -10.844 -6.500 -6.416 -6.577 -6.581 -6.739 -6.807 -7.029 -8.381 -9.254 -10.236 -6.576 -6.739 -7.270 -8.109
0.06 0.69525 6.00000 156.0040740967 2.6336188316   91.369  6.261  4.6302  3.610    0  0.000  0.074     0.00     0.00 -1 -5.27e-05      0.00 4.016e-01 5.390e-01 3.255e-04 3.321e-02 5.909e-03 -1.000 5.935e-02 -10.884 -6.550 -6.467 -6.630 -6.638 -6.798 -6.866 -7.091 -8.447 -9.328 -10.314 -6.633 -6.798 -7.333 -8.176
0.06 0.69525 6.00000 200.0000152588 2.6336188316  103.508  6.358  4.6424  3.616    0  0.000  0.097     0.00     0.00 -1 -7.25e-05      0.00 3.697e-01 5.712e-01 3.416e-04 3.424e-02 4.719e-03 -1.000 5.915e-02 -11.126 -6.862 -6.785 -6.959 -6.991 -7.162 -7.236 -7.471 -8.861 -9.783 -10.794 -6.984 -7.162 -7.725 -8.589
0.06 0.69525 6.00000 211.6075897217 2.6336188316  106.550  6.380  4.6446  3.616    0  0.000  0.102     0.00     0.00 -1 -7.78e-05      0.00 3.637e-01 5.771e-01 3.446e-04 3.441e-02 4.525e-03 -1.000 5.913e-02 -11.180 -6.930 -6.854 -7.030 -7.067 -7.241 -7.316 -7.554 -8.951 -9.882 -10.898 -7.060 -7.241 -7.811 -8.679
0.06 0.69525 6.00000 250.0000000000 2.6336188316  115.643  6.441  4.6511  3.616    0  0.000  0.119     0.00     0.00 -1  -9.6e-05      0.00 3.460e-01 5.949e-01 3.532e-04 3.486e-02 3.998e-03 -1.000 5.909e-02 -11.333 -7.124 -7.053 -7.236 -7.288 -7.470 -7.548 -7.793 -9.209 -10.169 -11.199 -7.279 -7.469 -8.057 -8.937
0.06 0.69525 6.00000 300.0000305176 2.6336188316  126.621  6.507  4.6573  3.615    0  0.000  0.138     0.00     0.00 -1 -0.000119      0.00 3.283e-01 6.126e-01 3.617e-04 3.528e-02 3.514e-03 -1.000 5.907e-02 -11.497 -7.298 -7.233 -7.431 -7.492 -7.682 -7.764 -8.017 -9.450 -10.439 -11.480 -7.483 -7.681 -8.287 -9.178
0.06 0.69525 6.00000 311.1433715820 2.6336188316  129.016  6.520  4.6586  3.615    0  0.000  0.142     0.00     0.00 -1 -0.000124      0.00 3.251e-01 6.159e-01 3.633e-04 3.535e-02 3.430e-03 -1.000 5.906e-02 -11.530 -7.333 -7.269 -7.470 -7.534 -7.725 -7.808 -8.062 -9.498 -10.493 -11.536 -7.524 -7.724 -8.334 -9.226
0.06 0.69525 6.00000 350.0000000000 2.6336188316  136.537  6.561  4.6627  3.615    0  0.000  0.155     0.00     0.00 -1 -0.000185      0.00 3.139e-01 6.271e-01 3.684e-04 3.557e-02 3.172e-03 -1.000 5.900e-02 -11.632 -7.574 -7.518 -7.727 -7.834 -8.042 -8.135 -8.402 -9.889 -10.972 -12.030 -7.821 -8.041 -8.689 -9.617
0.06 0.69525 6.00000 350.0002136230 2.6336188316  128.709  6.535  4.6609  3.608    0  0.000  0.173     0.00     0.00 -1 -0.000296      0.00 2.977e-01 6.433e-01 3.946e-04 3.576e-02 2.927e-03 -1.000 5.900e-02 -11.569 -7.651 -7.593 -7.791 -7.936 -8.150 -8.249 -8.518 -10.044 -11.185 -12.249 -7.919 -8.148 -8.813 -9.771
0.06 0.69525 6.00000 350.0003356934 2.6336188316  119.860  6.498  4.6619  3.618    0  0.000  0.186     0.00     0.00 -1 -0.000253      0.00 2.859e-01 6.552e-01 4.065e-04 3.589e-02 2.762e-03 -1.000 5.890e-02 -11.476 -7.546 -7.489 -7.690 -7.832 -8.046 -8.145 -8.414 -9.937 -11.076 -12.140 -7.815 -8.044 -8.708 -9.665
0.06 0.69525 6.00000 350.0004577637 2.6336188316  110.412  6.454  4.6594  3.616    0  0.000  0.196     0.00     0.00 -1  -0.00021      0.00 2.776e-01 6.634e-01 4.192e-04 3.596e-02 2.668e-03 -1.000 5.900e-02 -11.366 -7.427 -7.370 -7.567 -7.707 -7.919 -8.017 -8.286 -9.804 -10.936 -11.998 -7.690 -7.918 -8.580 -9.532
0.06 0.69525 6.00000 350.0005798340 2.6336188316  101.758  6.410  4.6567  3.614    0  0.000  0.205     0.00     0.00 -1 -0.000178      0.00 2.692e-01 6.719e-01 4.319e-04 3.603e-02 2.578e-03 -1.000 5.891e-02 -11.255 -7.318 -7.259 -7.452 -7.592 -7.803 -7.901 -8.169 -9.684 -10.813 -11.874 -7.576 -7.801 -8.463 -9.412
0.06 0.69525 6.00000 350.0007019043 2.6336188316   93.791  6.366  4.6540  3.613    0  0.000  0.215     0.00     0.00 -1 -0.000147      0.00 2.608e-01 6.802e-01 4.444e-04 3.609e-02 2.497e-03 -1.000 5.891e-02 -11.144 -7.210 -7.150 -7.337 -7.478 -7.688 -7.785 -8.052 -9.565 -10.691 -11.750 -7.462 -7.686 -8.346 -9.293
0.06 0.69525 6.00000 350.0007934570 2.6336188316   86.607  6.322  4.6518  3.613    0  0.000  0.225     0.00     0.00 -1 -0.000122      0.00 2.526e-01 6.885e-01 4.567e-04 3.614e-02 2.424e-03 -1.000 5.891e-02 -11.034 -7.060 -6.998 -7.182 -7.310 -7.515 -7.608 -7.872 -9.369 -10.468 -11.527 -7.295 -7.513 -8.161 -9.097
0.06 0.69525 6.00000 350.0009155273 2.6336188316   79.972  6.277  4.6496  3.614    0  0.000  0.236     0.00     0.00 -1 -0.000102      0.00 2.444e-01 6.967e-01 4.689e-04 3.619e-02 2.358e-03 -1.000 5.891e-02 -10.923 -6.907 -6.843 -7.024 -7.140 -7.339 -7.430 -7.689 -9.171 -10.244 -11.301 -7.125 -7.337 -7.974 -8.899
0.06 0.69525 6.00000 350.0010375977 2.6336188316   73.857  6.232  4.6475  3.616    0  0.000  0.246     0.00     0.00 -1 -8.44e-05      0.00 2.361e-01 7.050e-01 4.811e-04 3.623e-02 2.296e-03 -1.000 5.891e-02 -10.811 -6.743 -6.678 -6.861 -6.961 -7.156 -7.243 -7.500 -8.965 -10.010 -11.066 -6.948 -7.154 -7.780 -8.693
0.06 0.69525 6.00000 350.0011596680 2.6336188316   68.386  6.189  4.6452  3.617    0  0.000  0.257     0.00     0.00 -1 -7.02e-05      0.00 2.280e-01 7.131e-01 4.931e-04 3.626e-02 2.243e-03 -1.000 5.891e-02 -10.702 -6.587 -6.520 -6.703 -6.787 -6.978 -7.062 -7.314 -8.764 -9.780 -10.829 -6.776 -6.976 -7.589 -8.491
0.06 0.69525 6.00000 350.0012817383 2.6336188316   63.332  6.145  4.6428  3.618    0  0.000  0.267     0.00     0.00 -1 -5.84e-05      0.00 2.200e-01 7.211e-01 5.051e-04 3.630e-02 2.194e-03 -1.000 5.891e-02 -10.592 -6.433 -6.364 -6.545 -6.614 -6.800 -6.881 -7.129 -8.562 -9.550 -10.589 -6.604 -6.799 -7.399 -8.290
0.06 0.69525 6.00000 350.0014038086 2.6336188316   58.751  6.102  4.6402  3.618    0  0.000  0.278     0.00     0.00 -1 -4.98e-05      0.00 2.119e-01 7.291e-01 5.169e-04 3.632e-02 2.150e-03 -1.000 5.892e-02 -10.485 -6.291 -6.220 -6.400 -6.457 -6.639 -6.717 -6.962 -8.382 -9.347 -10.379 -6.448 -6.638 -7.227 -8.110
0.06 0.69525 6.00000 350.0015258789 2.6336188316   54.335  6.058  4.6372  3.616    0  0.000  0.290     0.00     0.00 -1 -4.14e-05      0.00 2.033e-01 7.377e-01 5.294e-04 3.635e-02 2.107e-03 -1.000 5.892e-02 -10.375 -6.137 -6.063 -6.241 -6.282 -6.459 -6.535 -6.774 -8.177 -9.115 -10.136 -6.275 -6.458 -7.033 -7.905
0.06 0.69525 6.00000 350.0016174316 2.6336188316   50.360  6.015  4.6347  3.616    0  0.000  0.302     0.00     0.00 -1 -3.44e-05      0.00 1.948e-01 7.462e-01 5.418e-04 3.637e-02 2.068e-03 -1.000 5.892e-02 -10.267 -5.992 -5.915 -6.087 -6.115 -6.285 -6.358 -6.592 -7.977 -8.893 -9.900 -6.109 -6.285 -6.845 -7.705
0.06 0.69525 6.00000 350.0017395020 2.6336188316   46.675  5.971  4.6323  3.617    0  0.000  0.314     0.00     0.00 -1 -2.86e-05      0.00 1.865e-01 7.547e-01 5.541e-04 3.638e-02 2.034e-03 -1.000 5.882e-02 -10.158 -5.847 -5.766 -5.932 -5.948 -6.111 -6.182 -6.409 -7.777 -8.671 -9.664 -5.942 -6.111 -6.656 -7.505
0.06 0.69525 6.00000 350.0018615723 2.6336188316   43.338  5.928  4.6303  3.619    0  0.000  0.326     0.00     0.00 -1 -2.39e-05      0.00 1.779e-01 7.632e-01 5.663e-04 3.640e-02 2.003e-03 -1.000 5.892e-02 -10.051 -5.705 -5.620 -5.780 -5.783 -5.941 -6.008 -6.230 -7.580 -8.451 -9.432 -5.779 -5.941 -6.471 -7.309
0.06 0.69525 6.00000 350.0019836426 2.6336188316   40.166  5.885  4.6279  3.621    0  0.000  0.339     0.00     0.00 -1 -1.99e-05      0.00 1.696e-01 7.716e-01 5.789e-04 3.641e-02 1.978e-03 -1.000 5.882e-02 -9.942 -5.566 -5.478 -5.627 -5.620 -5.771 -5.836 -6.053 -7.385 -8.224 -9.198 -5.617 -5.771 -6.289 -7.114
0.06 0.69525 6.00000 350.0021057129 2.6336188316   37.305  5.842  4.6259  3.624    0  0.000  0.352     0.00     0.00 -1 -1.65e-05      0.00 1.609e-01 7.803e-01 5.914e-04 3.642e-02 1.953e-03 -1.000 5.883e-02 -9.834 -5.431 -5.338 -5.478 -5.461 -5.604 -5.668 -5.880 -7.194 -8.001 -8.968 -5.458 -5.605 -6.110 -6.922
0.06 0.69525 6.00000 350.0022277832 2.6336188316   34.675  5.799  4.6241  3.628    0  0.000  0.365     0.00     0.00 -1 -1.38e-05      0.00 1.521e-01 7.890e-01 6.041e-04 3.643e-02 1.931e-03 -1.000 5.892e-02 -9.727 -5.296 -5.198 -5.329 -5.301 -5.438 -5.499 -5.706 -7.003 -7.779 -8.739 -5.299 -5.439 -5.932 -6.731
0.06 0.69525 6.00000 350.0023498535 2.6336188316   32.223  5.756  4.6222  3.631    0  0.000  0.379     0.00     0.00 -1 -1.15e-05      0.00 1.435e-01 7.976e-01 6.168e-04 3.643e-02 1.914e-03 -1.000 5.883e-02 -9.620 -5.168 -5.067 -5.188 -5.151 -5.280 -5.338 -5.537 -6.812 -7.560 -8.508 -5.150 -5.281 -5.756 -6.541
0.06 0.69525 6.00000 350.0024719238 2.6336188316   29.950  5.713  4.6204  3.635    0  0.000  0.393     0.00     0.00 -1 -9.56e-06      0.00 1.347e-01 8.064e-01 6.299e-04 3.643e-02 1.898e-03 -1.000 5.893e-02 -9.513 -5.042 -4.937 -5.048 -5.001 -5.124 -5.177 -5.369 -6.622 -7.341 -8.277 -5.002 -5.124 -5.579 -6.351
0.06 0.69525 6.00000 350.0025939941 2.6336188316   27.751  5.670  4.6173  3.632    0  0.000  0.408     0.00     0.00 -1 -7.93e-06      0.00 1.257e-01 8.155e-01 6.438e-04 3.643e-02 1.886e-03 -1.000 5.883e-02 -9.406 -4.913 -4.804 -4.904 -4.847 -4.962 -5.011 -5.194 -6.424 -7.112 -8.036 -4.849 -4.963 -5.396 -6.154
0.06 0.69525 6.00000 350.0027160645 2.6336188316   25.767  5.628  4.6145  3.631    0  0.000  0.423     0.00     0.00 -1 -6.59e-06      0.00 1.166e-01 8.246e-01 6.577e-04 3.642e-02 1.875e-03 -1.000 5.883e-02 -9.301 -4.802 -4.693 -4.790 -4.731 -4.843 -4.892 -5.073 -6.296 -6.976 -7.896 -4.733 -4.844 -5.272 -6.026
0.06 0.69525 6.00000 350.0028381348 2.6336188316   23.881  5.585  4.6136  3.637    0  0.000  0.440     0.00     0.00 -1  -5.6e-06      0.00 1.069e-01 8.343e-01 6.723e-04 3.641e-02 1.867e-03 -1.000 5.885e-02 -9.194 -4.695 -4.586 -4.683 -4.624 -4.736 -4.784 -4.965 -6.189 -6.868 -7.789 -4.626 -4.737 -5.165 -5.919
0.06 0.69525 6.00000 350.0029602051 2.6336188316   22.171  5.544  4.6141  3.648    0  0.000  0.458     0.00     0.00 -1 -4.66e-06      0.00 9.731e-02 8.438e-01 6.869e-04 3.641e-02 1.859e-03 -1.000 5.885e-02 -9.090 -4.591 -4.482 -4.579 -4.520 -4.632 -4.681 -4.862 -6.085 -6.765 -7.685 -4.522 -4.633 -5.061 -5.815
0.06 0.69525 6.00000 350.0030822754 2.6336188316   20.547  5.502  4.6157  3.664    0  0.000  0.476     0.00     0.00 -1 -3.87e-06      0.00 8.772e-02 8.535e-01 7.025e-04 3.639e-02 1.854e-03 -1.000 5.882e-02 -8.985 -4.487 -4.377 -4.475 -4.415 -4.528 -4.576 -4.757 -5.981 -6.660 -7.581 -4.417 -4.529 -4.957 -5.710
0.06 0.69525 6.00000 350.0032043457 2.6336188316   19.237  5.467  4.6183  3.680    0  0.000  0.489     0.00     0.00 -1 -3.32e-06      0.00 8.145e-02 8.597e-01 7.158e-04 3.638e-02 1.859e-03 -1.000 5.887e-02 -8.897 -4.399 -4.289 -4.386 -4.327 -4.439 -4.488 -4.669 -5.892 -6.572 -7.493 -4.329 -4.440 -4.869 -5.622
0.06 0.69525 6.00000 350.0032958984 2.6336188316   18.260  5.440  4.6249  3.711    0  0.000  0.501     0.00     0.00 -1 -2.88e-06      0.00 7.621e-02 8.649e-01 7.268e-04 3.636e-02 1.862e-03 -1.000 5.886e-02 -8.831 -4.332 -4.223 -4.320 -4.261 -4.373 -4.422 -4.603 -5.826 -6.506 -7.427 -4.263 -4.374 -4.803 -5.556
0.06 0.69525 6.00000 350.0033264160 2.6336188316   17.642  5.426  4.6370  3.759    0  0.000  0.509     0.00     0.00 -1 -2.73e-06      0.00 7.235e-02 8.688e-01 7.342e-04 3.635e-02 1.864e-03 -1.000 5.887e-02 -8.794 -4.296 -4.186 -4.284 -4.224 -4.337 -4.385 -4.566 -5.790 -6.469 -7.390 -4.226 -4.337 -4.766 -5.519
0.06 0.69525 6.00000 350.0033569336 2.6336188316   17.393  5.422  4.6487  3.803    0  0.000  0.512     0.00     0.00 -1 -2.63e-06      0.00 7.122e-02 8.699e-01 7.371e-04 3.635e-02 1.865e-03 -1.000 5.887e-02 -8.786 -4.288 -4.178 -4.275 -4.216 -4.329 -4.377 -4.558 -5.782 -6.461 -7.382 -4.218 -4.329 -4.758 -5.511
0.06 0.69525 6.00000 350.0033874512 2.6336188316   16.406  5.717  4.5428  3.059    1  0.000  0.540     0.00     0.00 -1  -6.4e-06      0.00 5.867e-02 8.825e-01 7.465e-04 3.636e-02 1.836e-03 -1.000 5.888e-02 -9.522 -5.024 -4.914 -5.011 -4.952 -5.065 -5.113 -5.294 -6.518 -7.197 -8.118 -4.954 -5.065 -5.494 -6.247
0.06 0.69525 6.00000 350.0034179688 2.6336188316   15.837  5.526  4.9674  4.933    1  0.000  0.474     0.00     0.00 -1 -3.69e-06      0.00 5.566e-02 8.855e-01 6.980e-04 3.643e-02 1.833e-03 -1.000 5.884e-02 -9.045 -2.470 -2.436 -2.502 -2.794 -3.066 -3.176 -3.552 -5.276 -6.433 -7.502 -2.793 -3.067 -3.921 -5.002
0.06 0.69525 6.00000 350.0034484863 2.6336188316   15.530  5.475  5.0020  5.114    1  0.000  0.445     0.00     0.00 -1 -3.06e-06      0.00 5.198e-02 8.891e-01 6.765e-04 3.647e-02 1.829e-03 -1.000 5.887e-02 -8.918 -2.094 -2.059 -2.114 -2.408 -2.667 -2.782 -3.149 -4.859 -6.089 -7.207 -2.404 -2.669 -3.503 -4.585
0.06 0.69525 6.00000 350.0034790039 2.6336188316   15.224  5.450  5.0108  5.166    1  0.000  0.493     0.00     0.00 -1 -2.82e-06      0.00 4.019e-02 9.009e-01 7.004e-04 3.647e-02 1.802e-03 -1.000 5.892e-02 -8.855 -1.980 -1.944 -1.999 -2.290 -2.543 -2.664 -3.026 -4.723 -5.941 -7.059 -2.284 -2.546 -3.376 -4.448
0.06 0.69525 6.00000 350.0035400391 2.6336188316   14.323  5.415  5.0115  5.177    1  0.000  0.640     0.00     0.00 -1 -2.53e-06      0.00 2.235e-02 9.188e-01 7.756e-04 3.640e-02 1.750e-03 -1.000 5.883e-02 -8.768 -1.874 -1.834 -1.886 -2.170 -2.418 -2.539 -2.897 -4.587 -5.799 -6.917 -2.164 -2.421 -3.244 -4.312
0.06 0.69525 6.00000 350.0036315918 2.6336188316   13.478  5.381  5.0066  5.165    1  0.000  0.798     0.00     0.00 -1 -2.22e-06      0.00 2.126e-02 9.199e-01 8.812e-04 3.624e-02 1.766e-03 -1.000 5.881e-02 -8.682 -1.781 -1.734 -1.777 -2.046 -2.285 -2.402 -2.752 -4.434 -5.641 -6.760 -2.040 -2.288 -3.096 -4.159
0.06 0.69525 6.00000 350.0036926270 2.6336188316   12.636  5.346  5.0019  5.154    1  0.000  0.833     0.00     0.00 -1  -1.9e-06      0.00 2.160e-02 9.196e-01 9.152e-04 3.617e-02 1.791e-03 -1.000 5.884e-02 -8.594 -1.674 -1.619 -1.649 -1.900 -2.128 -2.239 -2.580 -4.248 -5.448 -6.569 -1.895 -2.131 -2.919 -3.973
0.06 0.69525 6.00000 350.0037536621 2.6336188316   12.044  5.320  4.9942  5.128    1  0.000 11.849     0.00     0.00 -1 -1.64e-06      0.00 2.194e-02 9.040e-01 8.853e-03 2.338e-02 1.908e-03 10.450 7.405e-02 -8.530 -1.611 -1.545 -1.564 -1.793 -2.007 -2.115 -2.444 -4.095 -5.279 -6.398 -1.787 -2.010 -2.778 -3.820
0.06 0.69525 6.00000 350.0037841797 2.6336188316   11.774  5.308  4.9840  5.089    1  0.000 33.827     0.00     0.00 -1 -1.47e-06      0.00 2.211e-02 8.714e-01 3.350e-02 1.027e-02 2.255e-03 11.079 1.065e-01 -8.500 -1.621 -1.547 -1.556 -1.764 -1.966 -2.071 -2.388 -4.023 -5.179 -6.288 -1.759 -1.969 -2.716 -3.748
0.06 0.69525 6.00000 350.0038146973 2.6336188316   11.569  5.301  5.0052  5.173    1  0.000 41.994     0.00     0.00 -1 -1.36e-06      0.00 2.226e-02 8.450e-01 5.651e-02 5.403e-03 2.720e-03 11.309 1.327e-01 -8.483 -1.465 -1.392 -1.400 -1.606 -1.801 -1.910 -2.222 -3.847 -5.009 -6.127 -1.599 -1.805 -2.545 -3.572
0.06 0.69525 6.00000 350.0039367676 2.6336188316   10.653  5.267  5.0040  5.166    1  0.000 29.758     0.00     0.00 -1 -8.42e-07      0.00 2.308e-02 7.214e-01 1.708e-01 3.956e-04 8.381e-03 11.774 2.556e-01 -8.397 -1.286 -1.186 -1.161 -1.290 -1.431 -1.527 -1.782 -3.331 -4.422 -5.523 -1.284 -1.436 -2.072 -3.057
0.06 0.69525 6.00000 350.0040893555 2.6336188316   10.043  5.250  5.0101  5.183    1  0.000 19.900     0.00     0.00 -1    -6e-07      0.00 2.383e-02 6.319e-01 2.506e-01 1.536e-04 1.717e-02 11.920 3.443e-01 -8.354 -1.159 -1.048 -1.008 -1.094 -1.202 -1.288 -1.497 -2.974 -3.996 -5.057 -1.088 -1.206 -1.751 -2.701
0.06 0.69525 6.00000 350.0041503906 2.6336188316    9.755  5.244  5.0193  5.212    1  0.000 16.278     0.00     0.00 -1 -4.93e-07      0.00 2.427e-02 5.844e-01 2.909e-01 1.327e-04 2.393e-02 11.972 3.913e-01 -8.340 -1.071 -0.957 -0.913 -0.982 -1.075 -1.155 -1.337 -2.762 -3.733 -4.752 -0.976 -1.079 -1.564 -2.489
0.06 0.69525 6.00000 350.0042114258 2.6336188316    9.516  5.253  5.0532  5.329    1  0.000 14.140     0.00     0.00 -1 -4.33e-07      0.00 2.468e-02 5.501e-01 3.187e-01 1.284e-04 2.991e-02 12.000 4.252e-01 -8.362 -0.908 -0.800 -0.764 -0.842 -0.935 -1.024 -1.206 -2.640 -3.559 -4.535 -0.833 -0.941 -1.438 -2.367
0.06 0.69525 6.00000 350.0042419434 2.6336188316    9.436  5.445  5.1309  5.443    1  0.000 13.740     0.00     0.00 -1 -7.43e-07      0.00 2.480e-02 5.434e-01 3.240e-01 1.283e-04 3.124e-02 12.004 4.318e-01 -8.843 -1.058 -0.975 -0.970 -1.127 -1.274 -1.416 -1.690 -3.345 -4.476 -5.550 -1.109 -1.285 -2.020 -3.069
#isochrone terminated
