# File generated by CMD 3.3 (http://stev.oapd.inaf.it/cmd) on Wed Dec 18 17:04:50 CET 2019
# isochrones based on PARSEC release v1.2S +  COLIBRI S_35
# Basic references: Bressan et al. (2012), MNRAS, 427, 127 + Chen et al. (2014, 2015), MNRAS, 444, 2525 + MNRAS, 452, 1068 + Tang et al. (2014), MNRAS, 445, 4287 + Marigo et al. (2017), ApJ, 835, 77 + Pastorelli al. (2019), MNRAS in press
# Thermal pulse cycles included 
# On RGB, assumed Reimers mass loss with efficiency eta=0.2
# Photometric system:  2MASS + Spitzer (IRAC+MIPS) + WISE
# Using YBC version of bolometric corrections as in Chen et al. (2019)
# O-rich circumstellar dpmod60alox40 dust from Groenewegen (2006)
# C-rich circumstellar AMCSIC15 dust from Groenewegen (2006)
# IMF: Kroupa (2001, 2002) + Kroupa et al. (2013) canonical two-part-power law IMF corrected for unresolved binaries 
# Kind of output: isochrone tables
# Zini     MH   logAge Mini        int_IMF         Mass   logL    logTe  logg  label   McoreTP C_O  period0 period1 pmode  Mloss  tau1m   X   Y   Xc  Xn  Xo  Cexcess  Z 	 mbolmag  Jmag    Hmag    Ksmag   IRAC_3.6mag  IRAC_4.5mag  IRAC_5.8mag  IRAC_8.0mag  MIPS_24mag  MIPS_70mag  MIPS_160mag  W1mag   W2mag   W3mag   W4mag
0.02 0.14251 10.00000 0.0900000036 1.0816895962    0.090 -3.437  3.3545  5.199    1  0.000  0.545     0.00     0.00 -1 -3.86e-17      0.00 6.949e-01 2.851e-01 3.596e-03 9.702e-04 8.799e-03 -1.000 2.000e-02 13.362 11.223 10.631 10.353 9.904 9.847 9.786 9.686 9.057 9.032 8.983 10.073 9.861 9.618 9.247
0.02 0.14251 10.00000 0.1000000015 1.1711064577    0.100 -3.264  3.3781  5.167    1  0.000  0.545     0.00     0.00 -1 -5.65e-17      0.00 6.945e-01 2.855e-01 3.596e-03 9.702e-04 8.799e-03 -1.000 2.000e-02 12.931 10.793 10.203 9.922 9.474 9.414 9.352 9.253 8.624 8.599 8.551 9.642 9.428 9.185 8.814
0.02 0.14251 10.00000 0.1200000048 1.3193155527    0.120 -3.013  3.4096  5.120    1  0.000  0.545     0.00     0.00 -1  -9.7e-17      0.00 6.937e-01 2.863e-01 3.596e-03 9.702e-04 8.799e-03 -1.000 2.000e-02 12.302 10.166 9.578 9.293 8.845 8.782 8.720 8.622 7.993 7.967 7.921 9.013 8.795 8.554 8.183
0.02 0.14251 10.00000 0.1400000006 1.4384527206    0.140 -2.826  3.4315  5.087    1  0.000  0.545     0.00     0.00 -1 -1.44e-16      0.00 6.930e-01 2.870e-01 3.596e-03 9.702e-04 8.799e-03 -1.000 2.000e-02 11.834 9.731 9.145 8.860 8.436 8.359 8.301 8.214 7.601 7.577 7.554 8.590 8.370 8.156 7.791
0.02 0.14251 10.00000 0.1599999964 1.5372931957    0.160 -2.681  3.4462  5.060    1  0.000  0.545     0.00     0.00 -1 -1.93e-16      0.00 6.924e-01 2.876e-01 3.596e-03 9.702e-04 8.799e-03 -1.000 2.000e-02 11.473 9.403 8.818 8.537 8.138 8.053 7.999 7.924 7.325 7.302 7.303 8.280 8.063 7.876 7.515
0.02 0.14251 10.00000 0.2000000030 1.6938791275    0.200 -2.463  3.4650  5.014    1  0.000  0.545     0.00     0.00 -1 -3.02e-16      0.00 6.913e-01 2.887e-01 3.596e-03 9.702e-04 8.799e-03 -1.000 2.000e-02 10.927 8.901 8.316 8.043 7.675 7.580 7.529 7.465 6.881 6.865 6.901 7.801 7.587 7.431 7.071
0.02 0.14251 10.00000 0.2500000000 1.8403258324    0.250 -2.251  3.4812  4.963    1  0.000  0.545     0.00     0.00 -1 -3.73e-16      0.00 6.905e-01 2.895e-01 3.596e-03 9.702e-04 8.800e-03 -1.000 2.000e-02 10.396 8.409 7.822 7.559 7.218 7.119 7.070 7.014 6.443 6.435 6.499 7.332 7.125 6.992 6.633
0.02 0.14251 10.00000 0.3117099106 1.9757870436    0.312 -2.044  3.4954  4.909    1  0.000  0.545     0.00     0.00 -1 -7.13e-16      0.00 6.916e-01 2.884e-01 3.596e-03 9.703e-04 8.800e-03 -1.000 2.000e-02 9.879 7.927 7.335 7.083 6.766 6.666 6.618 6.565 6.004 6.012 6.099 6.870 6.671 6.555 6.194
0.02 0.14251 10.00000 0.3408235908 2.0281162262    0.341 -1.959  3.5006  4.884    1  0.000  0.545     0.00     0.00 -1 -8.54e-16      0.00 6.948e-01 2.852e-01 3.596e-03 9.702e-04 8.799e-03 -1.000 2.000e-02 9.668 7.727 7.133 6.885 6.578 6.479 6.432 6.381 5.825 5.837 5.930 6.679 6.484 6.374 6.015
0.02 0.14251 10.00000 0.3500000238 2.0434176922    0.350 -1.934  3.5021  4.876    1  0.000  0.545     0.00     0.00 -1 -9.02e-16      0.00 6.956e-01 2.844e-01 3.596e-03 9.702e-04 8.799e-03 -1.000 2.000e-02 9.605 7.667 7.072 6.825 6.521 6.423 6.376 6.326 5.771 5.784 5.879 6.621 6.428 6.320 5.960
0.02 0.14251 10.00000 0.4000000358 2.1185026169    0.400 -1.791  3.5135  4.837    1  0.000  0.545     0.00     0.00 -1 -1.23e-15      0.00 6.959e-01 2.841e-01 3.596e-03 9.702e-04 8.799e-03 -1.000 2.000e-02 9.247 7.337 6.733 6.494 6.213 6.122 6.075 6.028 5.483 5.509 5.615 6.306 6.126 6.029 5.673
0.02 0.14251 10.00000 0.4500000179 2.1822810173    0.450 -1.644  3.5259  4.790    1  0.000  0.545     0.00     0.00 -1 -1.71e-15      0.00 6.959e-01 2.841e-01 3.596e-03 9.702e-04 8.799e-03 -1.000 2.000e-02 8.879 7.001 6.385 6.154 5.898 5.818 5.771 5.726 5.194 5.235 5.350 5.982 5.822 5.735 5.384
0.02 0.14251 10.00000 0.5000000000 2.2374541759    0.500 -1.491  3.5402  4.741    1  0.000  0.545     0.00     0.00 -1 -2.45e-15      0.00 6.960e-01 2.840e-01 3.596e-03 9.702e-04 8.799e-03 -1.000 2.000e-02 8.498 6.655 6.025 5.801 5.574 5.514 5.467 5.424 4.909 4.966 5.088 5.649 5.518 5.442 5.099
0.02 0.14251 10.00000 0.5074948072 2.2450492382    0.507 -1.464  3.5430  4.732    1  0.000  0.545     0.00     0.00 -1 -2.61e-15      0.00 6.993e-01 2.809e-01 3.559e-03 9.602e-04 8.709e-03 -1.000 1.979e-02 8.431 6.596 5.964 5.741 5.519 5.463 5.416 5.373 4.862 4.922 5.045 5.591 5.467 5.393 5.052
0.02 0.14251 10.00000 0.5500000119 2.2836582661    0.550 -1.320  3.5586  4.684    1  0.000  0.545     0.00     0.00 -1 -3.69e-15      0.00 7.182e-01 2.632e-01 3.349e-03 9.038e-04 8.199e-03 -1.000 1.863e-02 8.069 6.276 5.629 5.415 5.220 5.189 5.141 5.095 4.605 4.684 4.811 5.280 5.193 5.124 4.795
0.02 0.14251 10.00000 0.6000000238 2.3211214542    0.600 -1.150  3.5824  4.647    1  0.000  0.544     0.00     0.00 -1 -5.45e-15      0.00 7.216e-01 2.600e-01 3.313e-03 8.943e-04 8.114e-03 -1.000 1.842e-02 7.645 5.919 5.250 5.060 4.906 4.911 4.861 4.806 4.348 4.453 4.579 4.945 4.916 4.848 4.537
0.02 0.14251 10.00000 0.6499999762 2.3520355225    0.650 -0.975  3.6120  4.626    1  0.000  0.544     0.00     0.00 -1 -8.04e-15      0.00 7.246e-01 2.571e-01 3.282e-03 8.862e-04 8.042e-03 -1.000 1.830e-02 7.207 5.554 4.880 4.729 4.630 4.671 4.628 4.568 4.140 4.264 4.389 4.651 4.676 4.623 4.329
0.02 0.14251 10.00000 0.7000000477 2.3779268265    0.700 -0.802  3.6430  4.609    1  0.000  0.544     0.00     0.00 -1 -1.17e-14      0.00 7.273e-01 2.545e-01 3.254e-03 8.787e-04 7.974e-03 -1.000 1.814e-02 6.775 5.202 4.559 4.448 4.399 4.460 4.428 4.371 3.960 4.095 4.222 4.406 4.466 4.433 4.149
0.02 0.14251 10.00000 0.7113565803 2.3832273483    0.711 -0.762  3.6503  4.606    1  0.000  0.542     0.00     0.00 -1 -1.28e-14      0.00 7.279e-01 2.540e-01 3.237e-03 8.766e-04 7.959e-03 -1.000 1.809e-02 6.676 5.124 4.499 4.394 4.351 4.412 4.382 4.328 3.917 4.053 4.182 4.357 4.418 4.389 4.106
0.02 0.14251 10.00000 0.7499752045 2.3998789787    0.750 -0.630  3.6744  4.593    1  0.000  0.537     0.00     0.00 -1 -1.72e-14      0.00 7.301e-01 2.520e-01 3.182e-03 8.698e-04 7.907e-03 -1.000 1.798e-02 6.345 4.865 4.318 4.228 4.192 4.246 4.223 4.176 3.765 3.904 4.035 4.195 4.250 4.237 3.954
0.02 0.14251 10.00000 0.7500000000 2.3998889923    0.750 -0.630  3.6744  4.593    1  0.000  0.537     0.00     0.00 -1 -1.72e-14      0.00 7.301e-01 2.519e-01 3.182e-03 8.698e-04 7.907e-03 -1.000 1.796e-02 6.345 4.865 4.318 4.228 4.192 4.245 4.222 4.175 3.765 3.904 4.035 4.195 4.250 4.237 3.953
0.02 0.14251 10.00000 0.7651335597 2.4058890343    0.765 -0.581  3.6815  4.581    1  0.000  0.537     0.00     0.00 -1 -1.93e-14      0.00 7.314e-01 2.507e-01 3.169e-03 8.662e-04 7.874e-03 -1.000 1.790e-02 6.223 4.766 4.243 4.156 4.121 4.171 4.150 4.106 3.695 3.835 3.966 4.124 4.176 4.167 3.884
0.02 0.14251 10.00000 0.7900968194 2.4152112007    0.790 -0.502  3.6929  4.561    1  0.000  0.536     0.00     0.00 -1 -2.33e-14      0.00 7.335e-01 2.487e-01 3.147e-03 8.604e-04 7.822e-03 -1.000 1.780e-02 6.024 4.603 4.115 4.034 4.002 4.048 4.030 3.989 3.579 3.721 3.853 4.004 4.053 4.050 3.768
0.02 0.14251 10.00000 0.8000000119 2.4187245369    0.800 -0.470  3.6973  4.552    1  0.000  0.536     0.00     0.00 -1 -2.51e-14      0.00 7.343e-01 2.479e-01 3.139e-03 8.582e-04 7.802e-03 -1.000 1.775e-02 5.945 4.539 4.064 3.986 3.955 3.999 3.982 3.942 3.532 3.674 3.806 3.957 4.004 4.004 3.721
0.02 0.14251 10.00000 0.8152222037 2.4239339828    0.815 -0.421  3.7039  4.538    1  0.000  0.536     0.00     0.00 -1 -2.84e-14      0.00 7.358e-01 2.466e-01 3.124e-03 8.542e-04 7.767e-03 -1.000 1.768e-02 5.822 4.440 3.985 3.909 3.879 3.921 3.905 3.867 3.458 3.600 3.732 3.881 3.925 3.929 3.646
0.02 0.14251 10.00000 0.8331722617 2.4297964573    0.833 -0.363  3.7116  4.520    1  0.000  0.536     0.00     0.00 -1 -3.27e-14      0.00 7.374e-01 2.450e-01 3.106e-03 8.495e-04 7.725e-03 -1.000 1.758e-02 5.677 4.322 3.890 3.817 3.788 3.828 3.813 3.777 3.368 3.510 3.643 3.790 3.832 3.839 3.557
0.02 0.14251 10.00000 0.8500000238 2.4350347519    0.849 -0.308  3.7185  4.501    1  0.000  0.536     0.00     0.00 -1 -3.75e-14      0.00 7.390e-01 2.436e-01 3.091e-03 8.453e-04 7.686e-03 -1.000 1.742e-02 5.541 4.210 3.797 3.728 3.701 3.739 3.725 3.691 3.282 3.425 3.557 3.703 3.742 3.753 3.471
0.02 0.14251 10.00000 0.8509402275 2.4353203773    0.850 -0.305  3.7189  4.500    1  0.000  0.536     0.00     0.00 -1 -3.78e-14      0.00 7.391e-01 2.435e-01 3.090e-03 8.450e-04 7.684e-03 -1.000 1.741e-02 5.533 4.204 3.792 3.723 3.696 3.733 3.720 3.686 3.277 3.420 3.552 3.697 3.737 3.748 3.466
0.02 0.14251 10.00000 0.8690705299 2.4406900406    0.868 -0.245  3.7258  4.477    1  0.000  0.536     0.00     0.00 -1 -4.41e-14      0.00 7.411e-01 2.415e-01 3.069e-03 8.393e-04 7.633e-03 -1.000 1.739e-02 5.383 4.080 3.687 3.621 3.595 3.631 3.618 3.586 3.177 3.320 3.453 3.597 3.634 3.647 3.365
0.02 0.14251 10.00000 0.8855187893 2.4453434944    0.885 -0.190  3.7318  4.454    1  0.000  0.536     0.00     0.00 -1 -5.09e-14      0.00 7.430e-01 2.398e-01 3.050e-03 8.343e-04 7.588e-03 -1.000 1.726e-02 5.246 3.966 3.589 3.526 3.501 3.535 3.523 3.492 3.084 3.227 3.360 3.502 3.538 3.554 3.272
0.02 0.14251 10.00000 0.8999999762 2.4492788315    0.899 -0.141  3.7368  4.432    1  0.000  0.536     0.00     0.00 -1 -5.79e-14      0.00 7.445e-01 2.383e-01 3.034e-03 8.300e-04 7.550e-03 -1.000 1.718e-02 5.123 3.864 3.500 3.439 3.416 3.449 3.437 3.408 3.000 3.143 3.277 3.417 3.452 3.470 3.188
0.02 0.14251 10.00000 0.9050448537 2.4506156445    0.904 -0.124  3.7385  4.424    1  0.000  0.536     0.00     0.00 -1 -6.06e-14      0.00 7.452e-01 2.377e-01 3.027e-03 8.281e-04 7.533e-03 -1.000 1.714e-02 5.080 3.828 3.467 3.408 3.386 3.418 3.406 3.378 2.969 3.113 3.246 3.387 3.420 3.440 3.158
0.02 0.14251 10.00000 0.9154308438 2.4533150196    0.914 -0.088  3.7417  4.406    1  0.000  0.536     0.00     0.00 -1 -6.69e-14      0.00 7.465e-01 2.364e-01 3.013e-03 8.244e-04 7.499e-03 -1.000 1.707e-02 4.990 3.751 3.398 3.340 3.319 3.350 3.339 3.312 2.901 3.048 3.181 3.320 3.353 3.365 3.090
0.02 0.14251 10.00000 0.9254644513 2.4558565617    0.924 -0.053  3.7446  4.387    1  0.000  0.536     0.00     0.00 -1 -7.37e-14      0.00 7.478e-01 2.352e-01 3.000e-03 8.207e-04 7.467e-03 -1.000 1.699e-02 4.903 3.676 3.331 3.274 3.254 3.284 3.273 3.247 2.833 2.987 3.116 3.255 3.287 3.281 3.021
0.02 0.14251 10.00000 0.9351136684 2.4582417011    0.934 -0.019  3.7472  4.368    1  0.000  0.536     0.00     0.00 -1  -8.1e-14      0.00 7.491e-01 2.340e-01 2.987e-03 8.174e-04 7.437e-03 -1.000 1.692e-02 4.818 3.603 3.263 3.208 3.189 3.218 3.207 3.182 2.764 2.925 3.052 3.190 3.221 3.199 2.953
0.02 0.14251 10.00000 0.9450736642 2.4606449604    0.944  0.016  3.7495  4.347    1  0.000  0.535     0.00     0.00 -1 -8.93e-14      0.00 7.503e-01 2.329e-01 2.975e-03 8.142e-04 7.408e-03 -1.000 1.687e-02 4.731 3.527 3.193 3.139 3.120 3.148 3.138 3.113 2.693 2.859 2.984 3.121 3.151 3.115 2.881
0.02 0.14251 10.00000 0.9499999881 2.4618122578    0.949  0.033  3.7506  4.336    1  0.000  0.535     0.00     0.00 -1 -9.39e-14      0.00 7.507e-01 2.324e-01 2.970e-03 8.130e-04 7.398e-03 -1.000 1.685e-02 4.687 3.488 3.156 3.103 3.085 3.112 3.102 3.077 2.656 2.825 2.949 3.085 3.115 3.073 2.844
0.02 0.14251 10.00000 0.9544867873 2.4628634453    0.954  0.049  3.7514  4.326    1  0.000  0.535     0.00     0.00 -1 -9.84e-14      0.00 7.513e-01 2.319e-01 2.965e-03 8.115e-04 7.384e-03 -1.000 1.683e-02 4.648 3.452 3.122 3.070 3.051 3.079 3.068 3.044 2.622 2.793 2.916 3.052 3.081 3.034 2.810
0.02 0.14251 10.00000 0.9693236947 2.4662597179    0.968  0.103  3.7540  4.289    1  0.000  0.535     0.00     0.00 -1 -1.16e-13      0.00 7.524e-01 2.308e-01 2.954e-03 8.085e-04 7.357e-03 -1.000 1.676e-02 4.512 3.328 3.004 2.953 2.935 2.962 2.951 2.928 2.503 2.681 2.801 2.936 2.964 2.902 2.690
0.02 0.14251 10.00000 0.9770702720 2.4679858685    0.976  0.133  3.7553  4.268    1  0.000  0.535     0.00     0.00 -1 -1.26e-13      0.00 7.522e-01 2.310e-01 2.956e-03 8.092e-04 7.364e-03 -1.000 1.675e-02 4.437 3.259 2.939 2.888 2.871 2.897 2.886 2.864 2.437 2.618 2.736 2.871 2.899 2.829 2.624
0.02 0.14251 10.00000 0.9830471873 2.4692964554    0.982  0.157  3.7559  4.248    1  0.000  0.535     0.00     0.00 -1 -1.36e-13      0.00 7.516e-01 2.316e-01 2.964e-03 8.113e-04 7.383e-03 -1.000 1.681e-02 4.377 3.202 2.883 2.832 2.815 2.841 2.831 2.808 2.380 2.563 2.681 2.816 2.843 2.769 2.568
0.02 0.14251 10.00000 0.9928272367 2.4714016914    0.992  0.197  3.7565  4.215    1  0.000  0.535     0.00     0.00 -1 -1.54e-13      0.00 7.505e-01 2.326e-01 2.977e-03 8.150e-04 7.417e-03 -1.000 1.693e-02 4.276 3.104 2.787 2.737 2.719 2.745 2.735 2.712 2.284 2.468 2.585 2.720 2.747 2.670 2.471
0.02 0.14251 10.00000 1.0000000000 2.4729156494    0.999  0.228  3.7564  4.187    1  0.000  0.535     0.00     0.00 -1  -1.7e-13      0.00 7.493e-01 2.337e-01 2.992e-03 8.191e-04 7.454e-03 -1.000 1.700e-02 4.201 3.028 2.710 2.660 2.643 2.669 2.658 2.636 2.208 2.392 2.509 2.644 2.671 2.594 2.395
0.02 0.14251 10.00000 1.0026298761 2.4734644890    1.002  0.239  3.7563  4.177    1  0.000  0.535     0.00     0.00 -1 -1.76e-13      0.00 7.489e-01 2.341e-01 2.998e-03 8.206e-04 7.468e-03 -1.000 1.702e-02 4.172 2.999 2.681 2.631 2.614 2.639 2.629 2.606 2.178 2.362 2.479 2.614 2.642 2.565 2.366
0.02 0.14251 10.00000 1.0096957684 2.4749228954    1.009  0.271  3.7554  4.145    1  0.000  0.535     0.00     0.00 -1 -1.94e-13      0.00 7.473e-01 2.357e-01 3.019e-03 8.264e-04 7.521e-03 -1.000 1.707e-02 4.094 2.917 2.597 2.546 2.529 2.555 2.545 2.521 2.094 2.276 2.394 2.529 2.557 2.486 2.282
0.02 0.14251 10.00000 1.0119310617 2.4753792286    1.011  0.281  3.7550  4.134    1  0.000  0.535     0.00     0.00 -1    -2e-13      0.00 7.467e-01 2.362e-01 3.026e-03 8.285e-04 7.540e-03 -1.000 1.710e-02 4.068 2.890 2.569 2.518 2.501 2.527 2.517 2.493 2.067 2.247 2.366 2.501 2.529 2.460 2.254
0.02 0.14251 10.00000 1.0157281160 2.4761493206    1.015  0.298  3.7536  4.113    2  0.000  0.535     0.00     0.00 -1 -2.12e-13      0.00 7.435e-01 2.391e-01 3.063e-03 8.386e-04 7.633e-03 -1.000 1.737e-02 4.025 2.841 2.516 2.465 2.447 2.474 2.463 2.439 2.014 2.191 2.311 2.447 2.476 2.415 2.202
0.02 0.14251 10.00000 1.0232062340 2.4776468277    1.022  0.331  3.7497  4.067    2  0.000  0.535     0.00     0.00 -1 -2.37e-13      0.00 7.378e-01 2.445e-01 3.129e-03 8.564e-04 7.795e-03 -1.000 1.772e-02 3.942 2.740 2.406 2.352 2.333 2.361 2.351 2.325 1.905 2.071 2.195 2.333 2.364 2.326 2.093
0.02 0.14251 10.00000 1.0308275223 2.4791474342    1.029  0.359  3.7406  4.006    2  0.000  0.536     0.00     0.00 -1 -2.67e-13      0.00 7.290e-01 2.528e-01 3.223e-03 8.820e-04 8.024e-03 -1.000 1.825e-02 3.872 2.632 2.275 2.217 2.196 2.228 2.217 2.188 1.778 1.922 2.055 2.197 2.231 2.248 1.967
0.02 0.14251 10.00000 1.0348675251 2.4799325466    1.033  0.368  3.7320  3.965    2  0.000  0.536     0.00     0.00 -1 -2.85e-13      0.00 7.228e-01 2.585e-01 3.286e-03 8.988e-04 8.174e-03 -1.000 1.865e-02 3.851 2.577 2.198 2.136 2.112 2.147 2.135 2.103 1.693 1.836 1.969 2.113 2.150 2.164 1.882
0.02 0.14251 10.00000 1.0376996994 2.4804787636    1.036  0.366  3.7216  3.926    2  0.000  0.536     0.00     0.00 -1 -2.95e-13      0.00 7.175e-01 2.636e-01 3.337e-03 9.126e-04 8.298e-03 -1.000 1.887e-02 3.855 2.541 2.134 2.067 2.039 2.078 2.065 2.029 1.619 1.761 1.894 2.041 2.081 2.090 1.808
0.02 0.14251 10.00000 1.0397166014 2.4808654785    1.038  0.367  3.7117  3.886    2  0.000  0.537     0.00     0.00 -1 -3.08e-13      0.00 7.136e-01 2.673e-01 3.375e-03 9.225e-04 8.385e-03 -1.000 1.907e-02 3.853 2.503 2.068 1.996 1.966 2.008 1.993 1.954 1.544 1.686 1.818 1.968 2.012 2.015 1.733
0.02 0.14251 10.00000 1.0416651964 2.4812376499    1.040  0.383  3.7025  3.833    2  0.000  0.537     0.00     0.00 -1 -3.38e-13      0.00 7.099e-01 2.709e-01 3.407e-03 9.311e-04 8.462e-03 -1.000 1.923e-02 3.812 2.429 1.967 1.891 1.858 1.903 1.887 1.845 1.434 1.575 1.707 1.860 1.907 1.905 1.623
0.02 0.14251 10.00000 1.0434210300 2.4815716743    1.042  0.415  3.6955  3.775    2  0.000  0.537     0.00     0.00 -1 -3.87e-13      0.00 7.064e-01 2.742e-01 3.433e-03 9.380e-04 8.524e-03 -1.000 1.935e-02 3.734 2.328 1.845 1.765 1.730 1.777 1.760 1.715 1.304 1.445 1.576 1.732 1.782 1.776 1.493
0.02 0.14251 10.00000 1.0439078808 2.4816641808    1.042  0.425  3.6937  3.758    2  0.000  0.537     0.00     0.00 -1 -4.04e-13      0.00 7.055e-01 2.752e-01 3.440e-03 9.399e-04 8.541e-03 -1.000 1.939e-02 3.708 2.296 1.808 1.727 1.691 1.739 1.722 1.676 1.265 1.406 1.537 1.694 1.744 1.736 1.454
0.02 0.14251 10.00000 1.0452042818 2.4819095135    1.044  0.468  3.6907  3.703    3  0.000  0.537     0.00     0.00 -1 -4.73e-13      0.00 7.025e-01 2.779e-01 3.452e-03 9.441e-04 8.575e-03 -1.000 1.951e-02 3.600 2.178 1.681 1.599 1.561 1.610 1.593 1.545 1.134 1.275 1.406 1.564 1.615 1.606 1.323
0.02 0.14251 10.00000 1.0462530851 2.4821076393    1.045  0.508  3.6887  3.656    3  0.000  0.535     0.00     0.00 -1 -5.44e-13      0.00 7.000e-01 2.805e-01 3.453e-03 9.497e-04 8.600e-03 -1.000 1.958e-02 3.501 2.073 1.570 1.486 1.448 1.498 1.480 1.432 1.020 1.161 1.292 1.451 1.503 1.492 1.209
0.02 0.14251 10.00000 1.0473674536 2.4823176861    1.046  0.555  3.6870  3.603    3  0.000  0.530     0.00     0.00 -1 -6.43e-13      0.00 6.968e-01 2.836e-01 3.431e-03 9.687e-04 8.623e-03 -1.000 1.961e-02 3.383 1.951 1.442 1.357 1.318 1.369 1.351 1.302 0.889 1.030 1.160 1.322 1.374 1.362 1.078
0.02 0.14251 10.00000 1.0482881069 2.4824907780    1.046  0.597  3.6858  3.556    3  0.000  0.522     0.00     0.00 -1 -7.48e-13      0.00 6.940e-01 2.863e-01 3.380e-03 1.016e-03 8.640e-03 -1.000 1.966e-02 3.276 1.841 1.328 1.243 1.203 1.254 1.236 1.186 0.773 0.914 1.044 1.207 1.259 1.246 0.962
0.02 0.14251 10.00000 1.0491561890 2.4826536179    1.047  0.641  3.6848  3.508    3  0.000  0.509     0.00     0.00 -1 -8.74e-13      0.00 6.913e-01 2.890e-01 3.301e-03 1.103e-03 8.652e-03 -1.000 1.970e-02 3.167 1.728 1.212 1.127 1.086 1.138 1.119 1.068 0.656 0.796 0.926 1.090 1.143 1.128 0.844
0.02 0.14251 10.00000 1.0499069691 2.4827942848    1.048  0.682  3.6838  3.464    3  0.000  0.495     0.00     0.00 -1 -1.01e-12      0.00 6.890e-01 2.913e-01 3.218e-03 1.204e-03 8.662e-03 -1.000 1.972e-02 3.065 1.623 1.105 1.018 0.977 1.029 1.011 0.959 0.546 0.686 0.817 0.981 1.035 1.019 0.735
0.02 0.14251 10.00000 1.0499999523 2.4828116894    1.048  0.687  3.6837  3.458    3  0.000  0.494     0.00     0.00 -1 -1.03e-12      0.00 6.887e-01 2.916e-01 3.207e-03 1.217e-03 8.663e-03 -1.000 1.972e-02 3.052 1.610 1.091 1.004 0.963 1.015 0.997 0.945 0.532 0.672 0.803 0.967 1.021 1.005 0.721
0.02 0.14251 10.00000 1.0503411293 2.4828753471    1.049  0.707  3.6833  3.437    3  0.000  0.487     0.00     0.00 -1  -1.1e-12      0.00 6.876e-01 2.927e-01 3.168e-03 1.267e-03 8.668e-03 -1.000 1.975e-02 3.003 1.559 1.039 0.953 0.911 0.964 0.945 0.893 0.479 0.620 0.750 0.915 0.969 0.952 0.668
0.02 0.14251 10.00000 1.0510655642 2.4830107689    1.049  0.751  3.6822  3.388    3  0.000  0.476     0.00     0.00 -1 -1.29e-12      0.00 6.853e-01 2.949e-01 3.096e-03 1.359e-03 8.675e-03 -1.000 1.980e-02 2.892 1.444 0.921 0.834 0.791 0.845 0.826 0.772 0.359 0.500 0.630 0.795 0.850 0.832 0.548
0.02 0.14251 10.00000 1.0516966581 2.4831285477    1.050  0.793  3.6811  3.342    3  0.000  0.468     0.00     0.00 -1 -1.49e-12      0.00 6.836e-01 2.966e-01 3.048e-03 1.421e-03 8.681e-03 -1.000 1.980e-02 2.786 1.335 0.809 0.721 0.678 0.732 0.713 0.659 0.245 0.386 0.517 0.681 0.738 0.718 0.434
0.02 0.14251 10.00000 1.0522812605 2.4832375050    1.050  0.836  3.6799  3.296    3  0.000  0.462     0.00     0.00 -1 -1.74e-12      0.00 6.823e-01 2.979e-01 3.012e-03 1.467e-03 8.685e-03 -1.000 1.980e-02 2.681 1.226 0.697 0.607 0.563 0.619 0.600 0.544 0.130 0.271 0.403 0.567 0.625 0.603 0.319
0.02 0.14251 10.00000 1.0528612137 2.4833452702    1.051  0.881  3.6786  3.245    3  0.000  0.458     0.00     0.00 -1 -2.04e-12      0.00 6.811e-01 2.991e-01 2.983e-03 1.505e-03 8.688e-03 -1.000 1.981e-02 2.568 1.108 0.575 0.485 0.440 0.497 0.477 0.420 0.007 0.148 0.279 0.444 0.503 0.479 0.195
0.02 0.14251 10.00000 1.0533504486 2.4834361076    1.051  0.922  3.6773  3.199    3  0.000  0.455     0.00     0.00 -1 -2.36e-12      0.00 6.803e-01 2.999e-01 2.965e-03 1.529e-03 8.691e-03 -1.000 1.981e-02 2.464 1.001 0.463 0.372 0.327 0.385 0.365 0.306 -0.107 0.035 0.166 0.331 0.391 0.366 0.082
0.02 0.14251 10.00000 1.0539491177 2.4835474491    1.052  0.977  3.6754  3.136    3  0.000  0.452     0.00     0.00 -1 -2.88e-12      0.00 6.795e-01 3.007e-01 2.946e-03 1.553e-03 8.693e-03 -1.000 1.981e-02 2.326 0.857 0.313 0.221 0.174 0.234 0.214 0.154 -0.260 -0.118 0.014 0.179 0.240 0.213 -0.071
0.02 0.14251 10.00000 1.0544694662 2.4836437702    1.052  1.031  3.6735  3.075    3  0.000  0.450     0.00     0.00 -1 -3.49e-12      0.00 6.789e-01 3.012e-01 2.935e-03 1.568e-03 8.694e-03 -1.000 1.982e-02 2.192 0.717 0.167 0.073 0.026 0.087 0.067 0.005 -0.409 -0.266 -0.134 0.030 0.093 0.064 -0.220
0.02 0.14251 10.00000 1.0548300743 2.4837105274    1.053  1.071  3.6719  3.029    3  0.000  0.449     0.00     0.00 -1 -4.03e-12      0.00 6.787e-01 3.014e-01 2.931e-03 1.574e-03 8.695e-03 -1.000 1.989e-02 2.092 0.611 0.057 -0.038 -0.087 -0.024 -0.045 -0.108 -0.522 -0.379 -0.247 -0.082 -0.018 -0.049 -0.333
0.02 0.14251 10.00000 1.0551716089 2.4837737083    1.053  1.113  3.6702  2.981    3  0.000  0.449     0.00     0.00 -1  -4.7e-12      0.00 6.786e-01 3.016e-01 2.927e-03 1.578e-03 8.695e-03 -1.000 1.982e-02 1.988 0.502 -0.057 -0.153 -0.202 -0.139 -0.160 -0.224 -0.638 -0.495 -0.363 -0.198 -0.132 -0.166 -0.449
0.02 0.14251 10.00000 1.0555700064 2.4838473797    1.053  1.166  3.6680  2.919    3  0.000  0.449     0.00     0.00 -1 -5.68e-12      0.00 6.786e-01 3.016e-01 2.926e-03 1.580e-03 8.696e-03 -1.000 1.981e-02 1.856 0.364 -0.202 -0.300 -0.351 -0.287 -0.308 -0.374 -0.788 -0.645 -0.513 -0.346 -0.280 -0.315 -0.599
0.02 0.14251 10.00000 1.0559233427 2.4839127064    1.054  1.218  3.6657  2.858    3  0.000  0.449     0.00     0.00 -1 -6.87e-12      0.00 6.785e-01 3.016e-01 2.926e-03 1.580e-03 8.696e-03 -1.000 1.981e-02 1.726 0.227 -0.346 -0.446 -0.498 -0.432 -0.454 -0.521 -0.936 -0.793 -0.662 -0.493 -0.425 -0.463 -0.747
0.02 0.14251 10.00000 1.0562529564 2.4839737415    1.054  1.270  3.6632  2.795    3  0.000  0.449     0.00     0.00 -1 -8.32e-12      0.00 6.785e-01 3.017e-01 2.925e-03 1.581e-03 8.696e-03 -1.000 1.981e-02 1.594 0.088 -0.492 -0.594 -0.648 -0.581 -0.603 -0.672 -1.087 -0.945 -0.814 -0.642 -0.574 -0.614 -0.898
0.02 0.14251 10.00000 1.0565434694 2.4840271473    1.054  1.321  3.6608  2.735    3  0.000  0.448     0.00     0.00 -1    -1e-11      0.00 6.785e-01 3.017e-01 2.925e-03 1.581e-03 8.696e-03 -1.000 1.981e-02 1.467 -0.046 -0.634 -0.738 -0.793 -0.725 -0.748 -0.818 -1.233 -1.091 -0.961 -0.787 -0.718 -0.760 -1.044
0.02 0.14251 10.00000 1.0568195581 2.4840781689    1.054  1.374  3.6581  2.672    3  0.000  0.448     0.00     0.00 -1 -1.22e-11      0.00 6.785e-01 3.017e-01 2.925e-03 1.582e-03 8.696e-03 -1.000 1.981e-02 1.336 -0.184 -0.780 -0.886 -0.942 -0.874 -0.896 -0.968 -1.384 -1.242 -1.112 -0.936 -0.866 -0.910 -1.195
0.02 0.14251 10.00000 1.0570783615 2.4841258526    1.054  1.424  3.6555  2.611    3  0.000  0.448     0.00     0.00 -1 -1.46e-11      0.00 6.785e-01 3.017e-01 2.924e-03 1.582e-03 8.696e-03 -1.000 1.981e-02 1.210 -0.317 -0.921 -1.030 -1.087 -1.018 -1.041 -1.114 -1.530 -1.389 -1.259 -1.081 -1.010 -1.056 -1.341
0.02 0.14251 10.00000 1.0573780537 2.4841809273    1.054  1.471  3.6531  2.554    3  0.000  0.448     0.00     0.00 -1 -1.75e-11      0.00 6.785e-01 3.017e-01 2.924e-03 1.583e-03 8.696e-03 -1.000 1.982e-02 1.092 -0.441 -1.053 -1.164 -1.223 -1.152 -1.175 -1.250 -1.667 -1.525 -1.396 -1.216 -1.144 -1.192 -1.478
0.02 0.14251 10.00000 1.0574967861 2.4842028618    1.054  1.485  3.6525  2.538    3  0.000  0.448     0.00     0.00 -1 -1.84e-11      0.00 6.785e-01 3.017e-01 2.924e-03 1.583e-03 8.696e-03 -1.000 1.982e-02 1.058 -0.476 -1.090 -1.201 -1.260 -1.190 -1.213 -1.288 -1.705 -1.564 -1.434 -1.254 -1.182 -1.231 -1.516
0.02 0.14251 10.00000 1.0576642752 2.4842336178    1.055  1.464  3.6539  2.564    3  0.000  0.448     0.00     0.00 -1 -1.72e-11      0.00 6.785e-01 3.017e-01 2.923e-03 1.584e-03 8.696e-03 -1.000 1.982e-02 1.109 -0.422 -1.031 -1.141 -1.200 -1.129 -1.152 -1.227 -1.643 -1.502 -1.372 -1.193 -1.122 -1.169 -1.454
0.02 0.14251 10.00000 1.0578048229 2.4842596054    1.055  1.420  3.6567  2.620    3  0.000  0.448     0.00     0.00 -1 -1.47e-11      0.00 6.785e-01 3.017e-01 2.923e-03 1.584e-03 8.697e-03 -1.000 1.982e-02 1.219 -0.305 -0.905 -1.013 -1.070 -1.001 -1.023 -1.096 -1.512 -1.371 -1.241 -1.064 -0.993 -1.038 -1.323
0.02 0.14251 10.00000 1.0578434467 2.4842667580    1.055  1.410  3.6574  2.633    3  0.000  0.448     0.00     0.00 -1  -1.4e-11      0.00 6.785e-01 3.017e-01 2.923e-03 1.584e-03 8.697e-03 -1.000 1.982e-02 1.246 -0.276 -0.874 -0.982 -1.038 -0.969 -0.992 -1.065 -1.481 -1.339 -1.209 -1.032 -0.962 -1.007 -1.292
0.02 0.14251 10.00000 1.0578905344 2.4842753410    1.055  1.422  3.6567  2.618    3  0.000  0.448     0.00     0.00 -1 -1.46e-11      0.00 6.785e-01 3.017e-01 2.923e-03 1.584e-03 8.697e-03 -1.000 1.982e-02 1.215 -0.309 -0.909 -1.017 -1.074 -1.004 -1.027 -1.100 -1.516 -1.375 -1.245 -1.068 -0.997 -1.042 -1.327
0.02 0.14251 10.00000 1.0580866337 2.4843113422    1.055  1.471  3.6540  2.558    3  0.000  0.448     0.00     0.00 -1 -1.74e-11      0.00 6.785e-01 3.017e-01 2.923e-03 1.584e-03 8.697e-03 -1.000 1.982e-02 1.092 -0.439 -1.048 -1.158 -1.217 -1.146 -1.169 -1.244 -1.660 -1.519 -1.389 -1.210 -1.139 -1.186 -1.471
0.02 0.14251 10.00000 1.0582835674 2.4843475819    1.055  1.521  3.6512  2.497    3  0.000  0.448     0.00     0.00 -1 -2.09e-11      0.00 6.785e-01 3.017e-01 2.923e-03 1.585e-03 8.697e-03 -1.000 1.982e-02 0.967 -0.571 -1.189 -1.301 -1.361 -1.290 -1.313 -1.389 -1.806 -1.665 -1.536 -1.355 -1.282 -1.332 -1.617
0.02 0.14251 10.00000 1.0584650040 2.4843809605    1.055  1.570  3.6484  2.436    3  0.000  0.448     0.00     0.00 -1  -2.5e-11      0.00 6.785e-01 3.017e-01 2.922e-03 1.585e-03 8.697e-03 -1.000 1.982e-02 0.844 -0.702 -1.328 -1.443 -1.505 -1.430 -1.454 -1.534 -1.951 -1.810 -1.681 -1.498 -1.422 -1.476 -1.762
0.02 0.14251 10.00000 1.0586282015 2.4844110012    1.055  1.618  3.6456  2.378    3  0.000  0.448     0.00     0.00 -1 -2.99e-11      0.00 6.785e-01 3.017e-01 2.922e-03 1.585e-03 8.697e-03 -1.000 1.982e-02 0.725 -0.829 -1.463 -1.581 -1.644 -1.567 -1.592 -1.674 -2.091 -1.951 -1.822 -1.637 -1.559 -1.617 -1.902
0.02 0.14251 10.00000 1.0587807894 2.4844388962    1.055  1.666  3.6428  2.318    3  0.000  0.448     0.00     0.00 -1 -3.58e-11      0.00 6.785e-01 3.017e-01 2.922e-03 1.586e-03 8.697e-03 -1.000 1.982e-02 0.604 -0.958 -1.600 -1.722 -1.786 -1.706 -1.732 -1.817 -2.234 -2.094 -1.966 -1.779 -1.698 -1.760 -2.045
0.02 0.14251 10.00000 1.0589183569 2.4844641685    1.055  1.714  3.6399  2.259    3  0.000  0.448     0.00     0.00 -1 -4.28e-11      0.00 6.785e-01 3.017e-01 2.922e-03 1.586e-03 8.697e-03 -1.000 1.982e-02 0.485 -1.085 -1.735 -1.860 -1.926 -1.844 -1.869 -1.958 -2.375 -2.235 -2.108 -1.919 -1.834 -1.901 -2.186
0.02 0.14251 10.00000 1.0590415001 2.4844868183    1.055  1.760  3.6370  2.201    3  0.000  0.448     0.00     0.00 -1 -5.09e-11      0.00 6.785e-01 3.017e-01 2.921e-03 1.586e-03 8.697e-03 -1.000 1.982e-02 0.369 -1.209 -1.867 -1.995 -2.063 -1.978 -2.004 -2.096 -2.514 -2.374 -2.247 -2.055 -1.968 -2.039 -2.325
0.02 0.14251 10.00000 1.0591564178 2.4845077991    1.055  1.808  3.6341  2.142    3  0.000  0.448     0.00     0.00 -1 -6.08e-11      0.00 6.785e-01 3.017e-01 2.921e-03 1.586e-03 8.697e-03 -1.000 1.982e-02 0.251 -1.335 -2.001 -2.133 -2.203 -2.114 -2.141 -2.236 -2.654 -2.515 -2.388 -2.194 -2.105 -2.179 -2.465
0.02 0.14251 10.00000 1.0592597723 2.4845268726    1.054  1.854  3.6311  2.084    3  0.000  0.448     0.00     0.00 -1 -7.22e-11      0.00 6.785e-01 3.017e-01 2.921e-03 1.587e-03 8.697e-03 -1.000 1.982e-02 0.136 -1.457 -2.132 -2.267 -2.339 -2.248 -2.275 -2.373 -2.792 -2.653 -2.526 -2.330 -2.238 -2.317 -2.603
0.02 0.14251 10.00000 1.0593553782 2.4845442772    1.054  1.900  3.6281  2.026    3  0.000  0.448     0.00     0.00 -1  -8.6e-11      0.00 6.785e-01 3.017e-01 2.921e-03 1.587e-03 8.697e-03 -1.000 1.982e-02 0.021 -1.580 -2.264 -2.403 -2.476 -2.382 -2.410 -2.511 -2.930 -2.792 -2.666 -2.467 -2.372 -2.455 -2.741
0.02 0.14251 10.00000 1.0594406128 2.4845600128    1.054  1.945  3.6251  1.969    3  0.000  0.448     0.00     0.00 -1 -1.02e-10      0.00 6.784e-01 3.017e-01 2.921e-03 1.587e-03 8.697e-03 -1.000 1.982e-02 -0.092 -1.699 -2.388 -2.533 -2.607 -2.510 -2.540 -2.643 -3.044 -3.197 -3.295 -2.598 -2.499 -2.592 -2.864
0.02 0.14251 10.00000 1.0595189333 2.4845743179    1.054  1.990  3.6220  1.911    3  0.000  0.448     0.00     0.00 -1 -1.21e-10      0.00 6.784e-01 3.017e-01 2.921e-03 1.587e-03 8.697e-03 -1.000 1.982e-02 -0.204 -1.817 -2.510 -2.661 -2.737 -2.635 -2.669 -2.772 -3.141 -3.827 -4.332 -2.728 -2.624 -2.730 -2.977
0.02 0.14251 10.00000 1.0595916510 2.4845876694    1.054  2.035  3.6189  1.853    3  0.000  0.448     0.00     0.00 -1 -1.43e-10      0.00 6.784e-01 3.017e-01 2.921e-03 1.587e-03 8.697e-03 -1.000 1.982e-02 -0.317 -1.937 -2.632 -2.791 -2.869 -2.763 -2.799 -2.902 -3.240 -4.463 -5.381 -2.859 -2.751 -2.870 -3.092
0.02 0.14251 10.00000 1.0596560240 2.4845993519    1.053  2.079  3.6158  1.797    3  0.000  0.448     0.00     0.00 -1 -1.69e-10      0.00 6.784e-01 3.017e-01 2.921e-03 1.587e-03 8.697e-03 -1.000 1.982e-02 -0.427 -2.051 -2.750 -2.916 -2.996 -2.885 -2.925 -3.027 -3.335 -5.079 -6.395 -2.985 -2.874 -3.005 -3.202
0.02 0.14251 10.00000 1.0597155094 2.4846103191    1.053  2.123  3.6127  1.741    3  0.000  0.448     0.00     0.00 -1    -2e-10      0.00 6.784e-01 3.017e-01 2.921e-03 1.587e-03 8.697e-03 -1.000 1.982e-02 -0.536 -2.166 -2.869 -3.042 -3.123 -3.009 -3.053 -3.152 -3.430 -5.697 -7.415 -3.112 -2.998 -3.139 -3.314
0.02 0.14251 10.00000 1.0597696304 2.4846203327    1.053  2.166  3.6096  1.685    3  0.000  0.448     0.00     0.00 -1 -2.36e-10      0.00 6.784e-01 3.017e-01 2.920e-03 1.588e-03 8.697e-03 -1.000 1.982e-02 -0.644 -2.280 -2.986 -3.166 -3.249 -3.131 -3.179 -3.275 -3.524 -6.308 -8.422 -3.237 -3.120 -3.272 -3.423
0.02 0.14251 10.00000 1.0598186255 2.4846291542    1.052  2.208  3.6065  1.630    3  0.000  0.448     0.00     0.00 -1 -2.77e-10      0.00 6.784e-01 3.017e-01 2.920e-03 1.588e-03 8.697e-03 -1.000 1.982e-02 -0.749 -2.390 -3.100 -3.288 -3.372 -3.250 -3.304 -3.396 -3.617 -6.908 -9.411 -3.360 -3.240 -3.402 -3.531
0.02 0.14251 10.00000 1.0598646402 2.4846377373    1.052  2.251  3.6033  1.575    3  0.000  0.448     0.00     0.00 -1 -3.26e-10      0.00 6.784e-01 3.017e-01 2.920e-03 1.588e-03 8.697e-03 -1.000 1.982e-02 -0.856 -2.502 -3.217 -3.412 -3.497 -3.372 -3.431 -3.518 -3.711 -7.518 -10.416 -3.485 -3.362 -3.533 -3.641
0.02 0.14251 10.00000 1.0599062443 2.4846453667    1.051  2.292  3.6001  1.520    3  0.000  0.448     0.00     0.00 -1 -3.82e-10      0.00 6.784e-01 3.017e-01 2.920e-03 1.588e-03 8.697e-03 -1.000 1.982e-02 -0.960 -2.612 -3.330 -3.533 -3.620 -3.491 -3.555 -3.636 -3.802 -8.115 -11.401 -3.607 -3.481 -3.662 -3.748
0.02 0.14251 10.00000 1.0599442720 2.4846522808    1.051  2.333  3.5969  1.466    3  0.000  0.448     0.00     0.00 -1 -4.48e-10      0.00 6.784e-01 3.017e-01 2.920e-03 1.588e-03 8.697e-03 -1.000 1.982e-02 -1.063 -2.722 -3.447 -3.656 -3.745 -3.612 -3.682 -3.760 -3.918 -8.417 -11.845 -3.732 -3.603 -3.789 -3.869
0.02 0.14251 10.00000 1.0599797964 2.4846587181    1.050  2.375  3.5936  1.411    3  0.000  0.448     0.00     0.00 -1 -5.25e-10      0.00 6.784e-01 3.017e-01 2.920e-03 1.588e-03 8.697e-03 -1.000 1.982e-02 -1.166 -2.833 -3.567 -3.781 -3.872 -3.737 -3.809 -3.887 -4.049 -8.547 -11.976 -3.859 -3.728 -3.917 -3.999
0.02 0.14251 10.00000 1.0600113869 2.4846644402    1.050  2.414  3.5904  1.359    3  0.000  0.448     0.00     0.00 -1 -6.12e-10      0.00 6.784e-01 3.017e-01 2.920e-03 1.588e-03 8.697e-03 -1.000 1.982e-02 -1.265 -2.940 -3.682 -3.901 -3.994 -3.857 -3.932 -4.009 -4.174 -8.672 -12.101 -3.980 -3.848 -4.040 -4.125
0.02 0.14251 10.00000 1.0600408316 2.4846699238    1.049  2.453  3.5872  1.306    3  0.000  0.448     0.00     0.00 -1 -7.12e-10      0.00 6.784e-01 3.017e-01 2.920e-03 1.588e-03 8.698e-03 -1.000 1.982e-02 -1.363 -3.047 -3.797 -4.022 -4.117 -3.976 -4.055 -4.131 -4.300 -8.798 -12.227 -4.102 -3.967 -4.163 -4.250
0.02 0.14251 10.00000 1.0600687265 2.4846749306    1.048  2.493  3.5838  1.253    3  0.000  0.448     0.00     0.00 -1 -8.31e-10      0.00 6.784e-01 3.017e-01 2.920e-03 1.588e-03 8.698e-03 -1.000 1.982e-02 -1.463 -3.156 -3.913 -4.144 -4.241 -4.097 -4.180 -4.256 -4.428 -8.926 -12.355 -4.226 -4.089 -4.288 -4.378
0.02 0.14251 10.00000 1.0600936413 2.4846794605    1.048  2.532  3.5805  1.201    3  0.000  0.448     0.00     0.00 -1 -9.66e-10      0.00 6.784e-01 3.017e-01 2.920e-03 1.588e-03 8.698e-03 -1.000 1.982e-02 -1.559 -3.261 -4.026 -4.262 -4.362 -4.215 -4.301 -4.376 -4.552 -9.051 -12.479 -4.346 -4.207 -4.410 -4.502
0.02 0.14251 10.00000 1.0601164103 2.4846837521    1.047  2.569  3.5772  1.149    3  0.000  0.448     0.00     0.00 -1 -1.12e-09      0.00 6.784e-01 3.017e-01 2.920e-03 1.588e-03 8.698e-03 -1.000 1.982e-02 -1.653 -3.364 -4.137 -4.378 -4.480 -4.330 -4.421 -4.495 -4.674 -9.173 -12.601 -4.463 -4.322 -4.529 -4.625
0.02 0.14251 10.00000 1.0601375103 2.4846875668    1.046  2.606  3.5738  1.099    3  0.000  0.448     0.00     0.00 -1  -1.3e-09      0.00 6.784e-01 3.017e-01 2.920e-03 1.588e-03 8.698e-03 -1.000 1.982e-02 -1.746 -3.467 -4.247 -4.494 -4.598 -4.445 -4.539 -4.613 -4.796 -9.294 -12.723 -4.580 -4.437 -4.648 -4.746
0.02 0.14251 10.00000 1.0601577759 2.4846913815    1.045  2.644  3.5704  1.046    3  0.000  0.448     0.00     0.00 -1  -1.5e-09      0.00 6.784e-01 3.017e-01 2.920e-03 1.588e-03 8.698e-03 -1.000 1.982e-02 -1.841 -3.571 -4.359 -4.612 -4.718 -4.561 -4.660 -4.734 -4.920 -9.419 -12.847 -4.700 -4.554 -4.770 -4.870
0.02 0.14251 10.00000 1.0601799488 2.4846954346    1.044  2.689  3.5662  0.984    3  0.000  0.448     0.00     0.00 -1 -1.79e-09      0.00 6.784e-01 3.017e-01 2.920e-03 1.588e-03 8.698e-03 -1.000 1.982e-02 -1.953 -3.696 -4.492 -4.752 -4.862 -4.701 -4.805 -4.879 -5.069 -9.567 -12.996 -4.842 -4.695 -4.916 -5.019
0.02 0.14251 10.00000 1.0602004528 2.4846990108    1.043  2.733  3.5618  0.922    3  0.000  0.448     0.00     0.00 -1 -2.14e-09      0.00 6.784e-01 3.017e-01 2.920e-03 1.588e-03 8.698e-03 -1.000 1.982e-02 -2.063 -3.820 -4.624 -4.892 -5.005 -4.841 -4.950 -5.023 -5.218 -9.716 -13.144 -4.984 -4.835 -5.061 -5.168
0.02 0.14251 10.00000 1.0602190495 2.4847025871    1.041  2.776  3.5575  0.861    3  0.000  0.448     0.00     0.00 -1 -2.54e-09      0.00 6.784e-01 3.017e-01 2.920e-03 1.588e-03 8.698e-03 -1.000 1.982e-02 -2.170 -3.942 -4.753 -5.028 -5.145 -4.978 -5.092 -5.164 -5.363 -9.862 -13.290 -5.122 -4.972 -5.204 -5.313
0.02 0.14251 10.00000 1.0602360964 2.4847056866    1.040  2.818  3.5532  0.802    3  0.000  0.448     0.00     0.00 -1    -3e-09      0.00 6.784e-01 3.018e-01 2.920e-03 1.588e-03 8.698e-03 -1.000 1.982e-02 -2.275 -4.060 -4.879 -5.162 -5.282 -5.111 -5.230 -5.302 -5.506 -10.004 -13.433 -5.258 -5.106 -5.343 -5.456
0.02 0.14251 10.00000 1.0602519512 2.4847085476    1.038  2.860  3.5489  0.741    3  0.000  0.448     0.00     0.00 -1 -3.56e-09      0.00 6.784e-01 3.018e-01 2.920e-03 1.588e-03 8.698e-03 -1.000 1.982e-02 -2.380 -4.179 -5.006 -5.297 -5.420 -5.246 -5.371 -5.442 -5.650 -10.148 -13.577 -5.395 -5.241 -5.484 -5.600
0.02 0.14251 10.00000 1.0602663755 2.4847111702    1.036  2.901  3.5445  0.682    3  0.000  0.448     0.00     0.00 -1  -4.2e-09      0.00 6.784e-01 3.018e-01 2.920e-03 1.588e-03 8.698e-03 -1.000 1.982e-02 -2.482 -4.296 -5.129 -5.428 -5.555 -5.377 -5.508 -5.579 -5.791 -10.289 -13.718 -5.528 -5.373 -5.622 -5.741
0.02 0.14251 10.00000 1.0602797270 2.4847135544    1.034  2.941  3.5401  0.624    3  0.000  0.448     0.00     0.00 -1 -4.95e-09      0.00 6.784e-01 3.018e-01 2.920e-03 1.588e-03 8.698e-03 -1.000 1.982e-02 -2.583 -4.411 -5.251 -5.558 -5.688 -5.508 -5.643 -5.714 -5.931 -10.428 -13.857 -5.659 -5.504 -5.759 -5.881
0.02 0.14251 10.00000 1.0602921247 2.4847159386    1.032  2.980  3.5358  0.566    3  0.000  0.448     0.00     0.00 -1 -5.82e-09      0.00 6.784e-01 3.018e-01 2.920e-03 1.589e-03 8.698e-03 -1.000 1.982e-02 -2.681 -4.524 -5.369 -5.685 -5.818 -5.635 -5.775 -5.845 -6.066 -10.564 -13.993 -5.787 -5.632 -5.892 -6.016
0.02 0.14251 10.00000 1.0603036880 2.4847180843    1.029  3.019  3.5314  0.509    3  0.000  0.448     0.00     0.00 -1 -6.83e-09      0.00 6.784e-01 3.018e-01 2.920e-03 1.589e-03 8.698e-03 -1.000 1.982e-02 -2.778 -4.635 -5.486 -5.811 -5.948 -5.762 -5.907 -5.977 -6.202 -10.700 -14.128 -5.915 -5.759 -6.025 -6.152
0.02 0.14251 10.00000 1.0603144169 2.4847199917    1.026  3.057  3.5271  0.452    3  0.000  0.448     0.00     0.00 -1 -7.99e-09      0.00 6.784e-01 3.018e-01 2.920e-03 1.589e-03 8.698e-03 -1.000 1.982e-02 -2.873 -4.745 -5.600 -5.935 -6.075 -5.888 -6.037 -6.107 -6.336 -10.833 -14.262 -6.040 -5.885 -6.156 -6.286
0.02 0.14251 10.00000 1.0603241920 2.4847216606    1.023  3.094  3.5227  0.397    3  0.000  0.448     0.00     0.00 -1 -9.32e-09      0.00 6.784e-01 3.018e-01 2.920e-03 1.589e-03 8.698e-03 -1.000 1.982e-02 -2.964 -4.851 -5.711 -6.055 -6.199 -6.011 -6.164 -6.233 -6.467 -10.963 -14.392 -6.161 -6.009 -6.285 -6.417
0.02 0.14251 10.00000 1.0603333712 2.4847233295    1.020  3.130  3.5184  0.343    3  0.000  0.448     0.00     0.00 -1 -1.09e-08      0.00 6.784e-01 3.018e-01 2.920e-03 1.589e-03 8.698e-03 -1.000 1.982e-02 -3.054 -4.956 -5.820 -6.174 -6.321 -6.132 -6.289 -6.358 -6.596 -11.092 -14.520 -6.280 -6.131 -6.411 -6.546
0.02 0.14251 10.00000 1.0603418350 2.4847249985    1.017  3.165  3.5140  0.289    3  0.000  0.448     0.00     0.00 -1 -1.26e-08      0.00 6.784e-01 3.018e-01 2.920e-03 1.589e-03 8.698e-03 -1.000 1.982e-02 -3.142 -5.057 -5.926 -6.290 -6.441 -6.251 -6.411 -6.479 -6.722 -11.218 -14.646 -6.396 -6.250 -6.535 -6.672
0.02 0.14251 10.00000 1.0603497028 2.4847264290    1.013  3.199  3.5096  0.236    3  0.000  0.448     0.00     0.00 -1 -1.46e-08      0.00 6.784e-01 3.018e-01 2.920e-03 1.589e-03 8.698e-03 -1.000 1.982e-02 -3.227 -5.156 -6.030 -6.404 -6.558 -6.367 -6.531 -6.599 -6.847 -11.341 -14.770 -6.510 -6.366 -6.657 -6.797
0.02 0.14251 10.00000 1.0603570938 2.4847278595    1.009  3.232  3.5053  0.183    3  0.000  0.448     0.00     0.00 -1 -1.68e-08      0.00 6.784e-01 3.018e-01 2.920e-03 1.589e-03 8.698e-03 -1.000 1.982e-02 -3.310 -5.254 -6.132 -6.513 -6.670 -6.479 -6.644 -6.709 -6.964 -11.458 -14.886 -6.615 -6.478 -6.772 -6.915
0.02 0.14251 10.00000 1.0603640079 2.4847290516    1.005  3.265  3.5011  0.132    3  0.000  0.448     0.00     0.00 -1 -1.93e-08      0.00 6.784e-01 3.018e-01 2.920e-03 1.589e-03 8.698e-03 -1.000 1.982e-02 -3.392 -5.348 -6.231 -6.620 -6.780 -6.589 -6.756 -6.819 -7.080 -11.573 -15.001 -6.720 -6.588 -6.886 -7.031
0.02 0.14251 10.00000 1.0603706837 2.4847302437    1.000  3.297  3.4967  0.080    3  0.000  0.448     0.00     0.00 -1 -2.22e-08      0.00 6.784e-01 3.018e-01 2.920e-03 1.589e-03 8.698e-03 -1.000 1.982e-02 -3.473 -5.442 -6.331 -6.729 -6.892 -6.699 -6.868 -6.930 -7.198 -11.689 -15.117 -6.826 -6.698 -7.001 -7.149
0.02 0.14251 10.00000 1.0603768826 2.4847314358    0.995  3.329  3.4925  0.029    3  0.000  0.448     0.00     0.00 -1 -2.54e-08      0.00 6.784e-01 3.018e-01 2.920e-03 1.589e-03 8.698e-03 -1.000 1.982e-02 -3.551 -5.531 -6.426 -6.833 -7.000 -6.804 -6.977 -7.037 -7.312 -11.801 -15.229 -6.927 -6.803 -7.112 -7.263
0.02 0.14251 10.00000 1.0603827238 2.4847323895    0.990  3.359  3.4881 -0.021    3  0.000  0.448     0.00     0.00 -1  -2.9e-08      0.00 6.784e-01 3.018e-01 2.920e-03 1.589e-03 8.698e-03 -1.000 1.982e-02 -3.628 -5.620 -6.520 -6.935 -7.105 -6.909 -7.082 -7.141 -7.424 -11.911 -15.340 -7.025 -6.908 -7.222 -7.376
0.02 0.14251 10.00000 1.0603883266 2.4847335815    0.984  3.389  3.4839 -0.070    3  0.000  0.448     0.00     0.00 -1  -3.3e-08      0.00 6.784e-01 3.018e-01 2.920e-03 1.589e-03 8.698e-03 -1.000 1.982e-02 -3.703 -5.706 -6.612 -7.033 -7.206 -7.013 -7.185 -7.242 -7.535 -12.021 -15.449 -7.118 -7.012 -7.330 -7.487
0.02 0.14251 10.00000 1.0603920221 2.4847340584    0.979  3.406  3.4814 -0.100    3  0.000  0.448     0.00     0.00 -1 -3.59e-08      0.00 6.784e-01 3.018e-01 2.920e-03 1.589e-03 8.698e-03 -1.000 1.982e-02 -3.746 -5.757 -6.666 -7.091 -7.265 -7.075 -7.246 -7.302 -7.600 -12.085 -15.514 -7.173 -7.073 -7.394 -7.552
0.02 0.14251 10.00000 1.0603920221 2.4847340584    0.980  1.667  3.6606  2.357    4  0.000  0.465     0.00     0.00 -1    -1e-30      0.00 6.807e-01 2.996e-01 3.024e-03 1.448e-03 8.669e-03 -1.000 1.970e-02 0.603 -0.914 -1.495 -1.603 -1.663 -1.590 -1.612 -1.689 -2.106 -1.966 -1.836 -1.657 -1.582 -1.632 -1.917
0.02 0.14251 10.00000 1.0604938269 2.4847528934    0.980  1.676  3.6600  2.345    4  0.000  0.465     0.00     0.00 -1    -1e-30      0.00 6.807e-01 2.996e-01 3.024e-03 1.448e-03 8.669e-03 -1.000 1.970e-02 0.580 -0.939 -1.522 -1.631 -1.691 -1.618 -1.640 -1.718 -2.135 -1.994 -1.865 -1.685 -1.610 -1.660 -1.946
0.02 0.14251 10.00000 1.0605911016 2.4847705364    0.980  1.679  3.6598  2.341    4  0.000  0.465     0.00     0.00 -1    -1e-30      0.00 6.807e-01 2.996e-01 3.024e-03 1.448e-03 8.669e-03 -1.000 1.970e-02 0.572 -0.948 -1.532 -1.640 -1.700 -1.627 -1.649 -1.727 -2.144 -2.003 -1.874 -1.694 -1.619 -1.670 -1.955
0.02 0.14251 10.00000 1.0606884956 2.4847884178    0.980  1.678  3.6602  2.344    4  0.000  0.465     0.00     0.00 -1    -1e-30      0.00 6.807e-01 2.996e-01 3.024e-03 1.448e-03 8.670e-03 -1.000 1.970e-02 0.575 -0.944 -1.526 -1.635 -1.695 -1.622 -1.644 -1.721 -2.138 -1.998 -1.869 -1.689 -1.614 -1.664 -1.950
0.02 0.14251 10.00000 1.0607901812 2.4848070145    0.980  1.675  3.6607  2.349    4  0.000  0.465     0.00     0.00 -1    -1e-30      0.00 6.807e-01 2.996e-01 3.024e-03 1.448e-03 8.670e-03 -1.000 1.970e-02 0.582 -0.935 -1.516 -1.624 -1.684 -1.611 -1.633 -1.710 -2.127 -1.987 -1.857 -1.678 -1.603 -1.653 -1.939
0.02 0.14251 10.00000 1.0608875751 2.4848246574    0.980  1.672  3.6612  2.354    4  0.000  0.465     0.00     0.00 -1    -1e-30      0.00 6.807e-01 2.996e-01 3.024e-03 1.448e-03 8.670e-03 -1.000 1.970e-02 0.590 -0.926 -1.505 -1.613 -1.672 -1.600 -1.621 -1.699 -2.116 -1.975 -1.846 -1.666 -1.592 -1.641 -1.927
0.02 0.14251 10.00000 1.0609889030 2.4848432541    0.980  1.669  3.6617  2.359    4  0.000  0.465     0.00     0.00 -1    -1e-30      0.00 6.807e-01 2.996e-01 3.024e-03 1.448e-03 8.670e-03 -1.000 1.970e-02 0.598 -0.916 -1.494 -1.601 -1.660 -1.588 -1.610 -1.686 -2.103 -1.963 -1.833 -1.654 -1.580 -1.629 -1.915
0.02 0.14251 10.00000 1.0610874891 2.4848613739    0.981  1.666  3.6622  2.365    4  0.000  0.465     0.00     0.00 -1    -1e-30      0.00 6.807e-01 2.996e-01 3.024e-03 1.448e-03 8.670e-03 -1.000 1.970e-02 0.606 -0.907 -1.483 -1.590 -1.649 -1.577 -1.599 -1.675 -2.092 -1.951 -1.822 -1.643 -1.569 -1.618 -1.903
0.02 0.14251 10.00000 1.0611879826 2.4848797321    0.981  1.663  3.6627  2.370    4  0.000  0.465     0.00     0.00 -1    -1e-30      0.00 6.807e-01 2.996e-01 3.024e-03 1.448e-03 8.670e-03 -1.000 1.970e-02 0.613 -0.898 -1.473 -1.579 -1.638 -1.566 -1.588 -1.664 -2.081 -1.940 -1.810 -1.632 -1.558 -1.607 -1.892
0.02 0.14251 10.00000 1.0612850189 2.4848973751    0.981  1.660  3.6631  2.374    4  0.000  0.465     0.00     0.00 -1    -1e-30      0.00 6.807e-01 2.996e-01 3.023e-03 1.448e-03 8.670e-03 -1.000 1.970e-02 0.620 -0.890 -1.463 -1.569 -1.628 -1.556 -1.578 -1.654 -2.070 -1.930 -1.800 -1.622 -1.549 -1.596 -1.882
0.02 0.14251 10.00000 1.0613834858 2.4849152565    0.981  1.658  3.6635  2.378    4  0.000  0.465     0.00     0.00 -1    -1e-30      0.00 6.807e-01 2.996e-01 3.023e-03 1.448e-03 8.670e-03 -1.000 1.970e-02 0.626 -0.882 -1.455 -1.560 -1.619 -1.548 -1.569 -1.645 -2.062 -1.921 -1.791 -1.613 -1.540 -1.587 -1.873
0.02 0.14251 10.00000 1.0614875555 2.4849343300    0.981  1.655  3.6639  2.382    4  0.000  0.465     0.00     0.00 -1    -1e-30      0.00 6.807e-01 2.996e-01 3.023e-03 1.448e-03 8.670e-03 -1.000 1.970e-02 0.631 -0.876 -1.447 -1.552 -1.611 -1.540 -1.561 -1.636 -2.053 -1.912 -1.783 -1.605 -1.532 -1.579 -1.864
0.02 0.14251 10.00000 1.0615818501 2.4849514961    0.981  1.654  3.6643  2.385    4  0.000  0.465     0.00     0.00 -1    -1e-30      0.00 6.807e-01 2.996e-01 3.023e-03 1.448e-03 8.670e-03 -1.000 1.970e-02 0.636 -0.871 -1.441 -1.546 -1.604 -1.533 -1.555 -1.630 -2.046 -1.905 -1.776 -1.598 -1.526 -1.572 -1.858
0.02 0.14251 10.00000 1.0616817474 2.4849698544    0.981  1.652  3.6646  2.388    4  0.000  0.465     0.00     0.00 -1    -1e-30      0.00 6.807e-01 2.996e-01 3.023e-03 1.448e-03 8.670e-03 -1.000 1.970e-02 0.640 -0.866 -1.435 -1.540 -1.598 -1.527 -1.548 -1.623 -2.040 -1.899 -1.769 -1.592 -1.520 -1.566 -1.851
0.02 0.14251 10.00000 1.0617042780 2.4849739075    0.981  1.652  3.6647  2.389    4  0.000  0.465     0.00     0.00 -1    -1e-30      0.00 6.807e-01 2.996e-01 3.023e-03 1.448e-03 8.670e-03 -1.000 1.970e-02 0.640 -0.865 -1.434 -1.538 -1.596 -1.526 -1.547 -1.622 -2.039 -1.898 -1.768 -1.590 -1.518 -1.565 -1.850
0.02 0.14251 10.00000 1.0617789030 2.4849874973    0.981  1.651  3.6649  2.391    4  0.000  0.465     0.00     0.00 -1    -1e-30      0.00 6.807e-01 2.996e-01 3.023e-03 1.448e-03 8.670e-03 -1.000 1.970e-02 0.643 -0.862 -1.430 -1.535 -1.593 -1.522 -1.543 -1.618 -2.035 -1.894 -1.764 -1.587 -1.515 -1.561 -1.846
0.02 0.14251 10.00000 1.0618740320 2.4850049019    0.982  1.650  3.6651  2.393    4  0.000  0.465     0.00     0.00 -1    -1e-30      0.00 6.807e-01 2.996e-01 3.023e-03 1.449e-03 8.670e-03 -1.000 1.970e-02 0.646 -0.858 -1.426 -1.530 -1.588 -1.518 -1.539 -1.613 -2.030 -1.889 -1.760 -1.582 -1.510 -1.556 -1.841
0.02 0.14251 10.00000 1.0619672537 2.4850218296    0.982  1.649  3.6653  2.394    4  0.000  0.465     0.00     0.00 -1    -1e-30      0.00 6.807e-01 2.996e-01 3.023e-03 1.449e-03 8.670e-03 -1.000 1.970e-02 0.648 -0.856 -1.423 -1.527 -1.585 -1.515 -1.536 -1.610 -2.027 -1.886 -1.756 -1.579 -1.507 -1.553 -1.838
0.02 0.14251 10.00000 1.0620671511 2.4850399494    0.982  1.648  3.6655  2.396    4  0.000  0.465     0.00     0.00 -1    -1e-30      0.00 6.807e-01 2.996e-01 3.023e-03 1.449e-03 8.670e-03 -1.000 1.970e-02 0.649 -0.854 -1.420 -1.524 -1.582 -1.512 -1.533 -1.607 -2.024 -1.883 -1.753 -1.576 -1.505 -1.550 -1.835
0.02 0.14251 10.00000 1.0621633530 2.4850575924    0.982  1.648  3.6656  2.396    4  0.000  0.465     0.00     0.00 -1    -1e-30      0.00 6.807e-01 2.996e-01 3.023e-03 1.449e-03 8.670e-03 -1.000 1.970e-02 0.649 -0.854 -1.420 -1.524 -1.581 -1.511 -1.532 -1.606 -2.023 -1.882 -1.752 -1.575 -1.504 -1.549 -1.834
0.02 0.14251 10.00000 1.0622568130 2.4850745201    0.982  1.649  3.6657  2.396    4  0.000  0.465     0.00     0.00 -1    -1e-30      0.00 6.807e-01 2.996e-01 3.023e-03 1.449e-03 8.670e-03 -1.000 1.970e-02 0.648 -0.854 -1.420 -1.524 -1.582 -1.512 -1.533 -1.607 -2.024 -1.882 -1.753 -1.576 -1.504 -1.549 -1.835
0.02 0.14251 10.00000 1.0623507500 2.4850916862    0.982  1.649  3.6657  2.396    4  0.000  0.465     0.00     0.00 -1    -1e-30      0.00 6.807e-01 2.996e-01 3.023e-03 1.449e-03 8.670e-03 -1.000 1.970e-02 0.646 -0.856 -1.422 -1.526 -1.583 -1.513 -1.534 -1.608 -2.025 -1.884 -1.754 -1.577 -1.506 -1.551 -1.836
0.02 0.14251 10.00000 1.0623966455 2.4851000309    0.982  1.650  3.6657  2.395    4  0.000  0.465     0.00     0.00 -1    -1e-30      0.00 6.807e-01 2.996e-01 3.023e-03 1.449e-03 8.670e-03 -1.000 1.970e-02 0.645 -0.857 -1.423 -1.527 -1.584 -1.515 -1.536 -1.610 -2.026 -1.885 -1.756 -1.579 -1.507 -1.552 -1.838
0.02 0.14251 10.00000 1.0624511242 2.4851100445    0.982  1.651  3.6657  2.394    4  0.000  0.465     0.00     0.00 -1    -1e-30      0.00 6.807e-01 2.996e-01 3.023e-03 1.449e-03 8.670e-03 -1.000 1.970e-02 0.643 -0.859 -1.425 -1.529 -1.587 -1.517 -1.538 -1.612 -2.029 -1.888 -1.758 -1.581 -1.509 -1.555 -1.840
0.02 0.14251 10.00000 1.0625486374 2.4851276875    0.982  1.653  3.6656  2.392    4  0.000  0.465     0.00     0.00 -1    -1e-30      0.00 6.807e-01 2.996e-01 3.023e-03 1.449e-03 8.670e-03 -1.000 1.970e-02 0.638 -0.864 -1.431 -1.535 -1.592 -1.522 -1.543 -1.618 -2.035 -1.893 -1.764 -1.586 -1.515 -1.560 -1.846
0.02 0.14251 10.00000 1.0626411438 2.4851446152    0.982  1.655  3.6654  2.389    4  0.000  0.465     0.00     0.00 -1    -1e-30      0.00 6.807e-01 2.996e-01 3.023e-03 1.449e-03 8.670e-03 -1.000 1.970e-02 0.632 -0.871 -1.438 -1.542 -1.600 -1.530 -1.551 -1.625 -2.042 -1.901 -1.771 -1.594 -1.522 -1.568 -1.853
0.02 0.14251 10.00000 1.0627397299 2.4851624966    0.983  1.658  3.6651  2.385    4  0.000  0.465     0.00     0.00 -1    -1e-30      0.00 6.807e-01 2.996e-01 3.023e-03 1.449e-03 8.670e-03 -1.000 1.970e-02 0.624 -0.880 -1.447 -1.552 -1.610 -1.539 -1.560 -1.635 -2.052 -1.911 -1.781 -1.604 -1.532 -1.578 -1.863
0.02 0.14251 10.00000 1.0628396273 2.4851806164    0.983  1.663  3.6648  2.379    4  0.000  0.465     0.00     0.00 -1    -1e-30      0.00 6.807e-01 2.996e-01 3.023e-03 1.449e-03 8.670e-03 -1.000 1.970e-02 0.614 -0.891 -1.460 -1.564 -1.623 -1.552 -1.573 -1.648 -2.065 -1.924 -1.794 -1.617 -1.544 -1.591 -1.876
0.02 0.14251 10.00000 1.0629348755 2.4851980209    0.983  1.668  3.6643  2.372    4  0.000  0.465     0.00     0.00 -1    -1e-30      0.00 6.807e-01 2.996e-01 3.023e-03 1.449e-03 8.670e-03 -1.000 1.970e-02 0.601 -0.905 -1.475 -1.580 -1.638 -1.567 -1.589 -1.664 -2.081 -1.940 -1.810 -1.632 -1.560 -1.607 -1.892
0.02 0.14251 10.00000 1.0630303621 2.4852154255    0.983  1.673  3.6638  2.364    4  0.000  0.465     0.00     0.00 -1    -1e-30      0.00 6.807e-01 2.996e-01 3.023e-03 1.449e-03 8.670e-03 -1.000 1.970e-02 0.587 -0.921 -1.493 -1.598 -1.657 -1.585 -1.607 -1.682 -2.099 -1.958 -1.829 -1.651 -1.578 -1.625 -1.911
0.02 0.14251 10.00000 1.0631232262 2.4852323532    0.983  1.680  3.6632  2.356    4  0.000  0.465     0.00     0.00 -1    -1e-30      0.00 6.807e-01 2.996e-01 3.023e-03 1.449e-03 8.670e-03 -1.000 1.970e-02 0.570 -0.939 -1.512 -1.618 -1.677 -1.605 -1.627 -1.703 -2.120 -1.979 -1.850 -1.671 -1.597 -1.646 -1.931
0.02 0.14251 10.00000 1.0632163286 2.4852492809    0.983  1.687  3.6626  2.346    4  0.000  0.465     0.00     0.00 -1    -1e-30      0.00 6.807e-01 2.996e-01 3.023e-03 1.449e-03 8.670e-03 -1.000 1.970e-02 0.553 -0.959 -1.533 -1.640 -1.699 -1.627 -1.648 -1.725 -2.142 -2.001 -1.872 -1.693 -1.619 -1.668 -1.953
0.02 0.14251 10.00000 1.0633151531 2.4852671623    0.983  1.695  3.6619  2.336    4  0.000  0.465     0.00     0.00 -1    -1e-30      0.00 6.807e-01 2.996e-01 3.023e-03 1.450e-03 8.670e-03 -1.000 1.970e-02 0.533 -0.980 -1.557 -1.664 -1.724 -1.651 -1.673 -1.750 -2.167 -2.026 -1.897 -1.718 -1.643 -1.693 -1.978
0.02 0.14251 10.00000 1.0634115934 2.4852848053    0.983  1.715  3.6601  2.308    4  0.000  0.465     0.00     0.00 -1    -1e-30      0.00 6.807e-01 2.996e-01 3.022e-03 1.450e-03 8.670e-03 -1.000 1.970e-02 0.483 -1.036 -1.618 -1.727 -1.788 -1.713 -1.735 -1.814 -2.231 -2.091 -1.962 -1.781 -1.705 -1.757 -2.042
0.02 0.14251 10.00000 1.0635019541 2.4853010178    0.984  1.752  3.6567  2.258    4  0.000  0.465     0.00     0.00 -1    -1e-30      0.00 6.807e-01 2.996e-01 3.022e-03 1.450e-03 8.670e-03 -1.000 1.970e-02 0.390 -1.139 -1.730 -1.842 -1.905 -1.827 -1.850 -1.932 -2.349 -2.209 -2.080 -1.898 -1.819 -1.875 -2.160
0.02 0.14251 10.00000 1.0635480881 2.4853096008    0.984  1.786  3.6537  2.212    4  0.000  0.465     0.00     0.00 -1    -1e-30      0.00 6.807e-01 2.996e-01 3.022e-03 1.450e-03 8.670e-03 -1.000 1.970e-02 0.306 -1.232 -1.833 -1.948 -2.012 -1.932 -1.955 -2.040 -2.457 -2.317 -2.189 -2.005 -1.923 -1.983 -2.268
0.02 0.14251 10.00000 1.0635756254 2.4853146076    0.984  1.821  3.6504  2.163    4  0.000  0.465     0.00     0.00 -1    -1e-30      0.00 6.807e-01 2.996e-01 3.022e-03 1.450e-03 8.670e-03 -1.000 1.970e-02 0.217 -1.330 -1.941 -2.059 -2.124 -2.042 -2.065 -2.153 -2.570 -2.430 -2.302 -2.117 -2.032 -2.096 -2.382
0.02 0.14251 10.00000 1.0635921955 2.4853174686    0.984  1.860  3.6470  2.111    4  0.000  0.465     0.00     0.00 -1    -1e-30      0.00 6.807e-01 2.996e-01 3.022e-03 1.450e-03 8.670e-03 -1.000 1.970e-02 0.121 -1.435 -2.056 -2.177 -2.245 -2.159 -2.184 -2.274 -2.692 -2.552 -2.425 -2.237 -2.150 -2.218 -2.503
0.02 0.14251 10.00000 1.0636011362 2.4853191376    0.984  1.898  3.6436  2.059    4  0.000  0.465     0.00     0.00 -1    -1e-30      0.00 6.807e-01 2.996e-01 3.022e-03 1.450e-03 8.670e-03 -1.000 1.970e-02 0.024 -1.542 -2.172 -2.298 -2.367 -2.278 -2.303 -2.397 -2.815 -2.675 -2.548 -2.359 -2.268 -2.341 -2.626
0.02 0.14251 10.00000 1.0636060238 2.4853200912    0.984  1.938  3.6401  2.005    4  0.000  0.465     0.00     0.00 -1    -1e-30      0.00 6.807e-01 2.996e-01 3.022e-03 1.450e-03 8.670e-03 -1.000 1.970e-02 -0.075 -1.650 -2.291 -2.420 -2.490 -2.399 -2.425 -2.522 -2.940 -2.800 -2.673 -2.482 -2.389 -2.465 -2.751
0.02 0.14251 10.00000 1.0636090040 2.4853205681    0.984  1.975  3.6369  1.955    4  0.000  0.465     0.00     0.00 -1    -1e-30      0.00 6.807e-01 2.996e-01 3.022e-03 1.450e-03 8.670e-03 -1.000 1.970e-02 -0.168 -1.749 -2.396 -2.530 -2.603 -2.507 -2.535 -2.635 -3.026 -3.302 -3.493 -2.594 -2.497 -2.585 -2.850
0.02 0.14251 10.00000 1.0636109114 2.4853208065    0.984  2.012  3.6337  1.905    4  0.000  0.465     0.00     0.00 -1    -1e-30      0.00 6.807e-01 2.996e-01 3.022e-03 1.450e-03 8.670e-03 -1.000 1.970e-02 -0.260 -1.849 -2.500 -2.641 -2.714 -2.615 -2.645 -2.746 -3.109 -3.848 -4.395 -2.706 -2.604 -2.705 -2.947
0.02 0.14251 10.00000 1.0636119843 2.4853210449    0.984  2.036  3.6316  1.873    7  0.000  0.465     0.00     0.00 -1    -1e-30      0.00 6.807e-01 2.996e-01 3.022e-03 1.450e-03 8.670e-03 -1.000 1.970e-02 -0.320 -1.913 -2.567 -2.712 -2.787 -2.684 -2.717 -2.818 -3.163 -4.201 -4.977 -2.778 -2.673 -2.782 -3.009
0.02 0.14251 10.00000 1.0636124611 2.4853212833    0.984  2.048  3.6306  1.857    7  0.000  0.465     0.00     0.00 -1    -1e-30      0.00 6.807e-01 2.996e-01 3.022e-03 1.450e-03 8.670e-03 -1.000 1.970e-02 -0.351 -1.946 -2.601 -2.748 -2.824 -2.720 -2.753 -2.855 -3.190 -4.382 -5.275 -2.814 -2.709 -2.821 -3.041
0.02 0.14251 10.00000 1.0636140108 2.4853215218    0.984  2.093  3.6268  1.797    7  0.000  0.465     0.00     0.00 -1    -1e-30      0.00 6.807e-01 2.996e-01 3.022e-03 1.450e-03 8.670e-03 -1.000 1.970e-02 -0.462 -2.064 -2.725 -2.879 -2.956 -2.848 -2.885 -2.987 -3.289 -5.031 -6.347 -2.947 -2.837 -2.963 -3.157
0.02 0.14251 10.00000 1.0636154413 2.4853217602    0.984  2.134  3.6233  1.743    7  0.000  0.465     0.00     0.00 -1    -1e-30      0.00 6.807e-01 2.996e-01 3.022e-03 1.450e-03 8.670e-03 -1.000 1.970e-02 -0.564 -2.172 -2.838 -3.000 -3.079 -2.967 -3.007 -3.107 -3.380 -5.630 -7.335 -3.069 -2.956 -3.093 -3.263
0.02 0.14251 10.00000 1.0636168718 2.4853219986    0.984  2.172  3.6200  1.691    7  0.000  0.465     0.00     0.00 -1    -1e-30      0.00 6.807e-01 2.996e-01 3.022e-03 1.450e-03 8.670e-03 -1.000 1.970e-02 -0.660 -2.275 -2.946 -3.114 -3.194 -3.079 -3.122 -3.221 -3.466 -6.196 -8.269 -3.184 -3.068 -3.215 -3.363
0.02 0.14251 10.00000 1.0636206865 2.4853227139    0.984  2.187  3.6188  1.671    7  0.000  0.465     0.00     0.00 -1    -1e-30      0.00 6.807e-01 2.996e-01 3.022e-03 1.450e-03 8.670e-03 -1.000 1.970e-02 -0.697 -2.313 -2.986 -3.158 -3.238 -3.121 -3.166 -3.264 -3.498 -6.409 -8.620 -3.227 -3.110 -3.261 -3.401
0.02 0.14251 10.00000 1.0636234283 2.4853231907    0.984  2.153  3.6218  1.717    7  0.000  0.465     0.00     0.00 -1    -1e-30      0.00 6.807e-01 2.996e-01 3.022e-03 1.450e-03 8.670e-03 -1.000 1.970e-02 -0.612 -2.223 -2.891 -3.056 -3.135 -3.022 -3.063 -3.163 -3.422 -5.906 -7.791 -3.125 -3.010 -3.153 -3.312
0.02 0.14251 10.00000 1.0636301041 2.4853243828    0.984  2.106  3.6258  1.780    7  0.000  0.465     0.00     0.00 -1    -1e-30      0.00 6.807e-01 2.996e-01 3.022e-03 1.450e-03 8.670e-03 -1.000 1.970e-02 -0.495 -2.099 -2.761 -2.918 -2.995 -2.886 -2.924 -3.025 -3.318 -5.221 -6.660 -2.986 -2.875 -3.004 -3.190
0.02 0.14251 10.00000 1.0637006760 2.4853372574    0.983  2.088  3.6272  1.804    7  0.000  0.465     0.00     0.00 -1 -5.51e-10      0.00 6.807e-01 2.983e-01 3.022e-03 1.450e-03 8.670e-03 -1.000 2.100e-02 -0.450 -2.051 -2.711 -2.865 -2.941 -2.834 -2.870 -2.972 -3.278 -4.960 -6.230 -2.932 -2.823 -2.947 -3.144
0.02 0.14251 10.00000 1.0637489557 2.4853460789    0.982  2.129  3.6236  1.747    7  0.000  0.465     0.00     0.00 -1 -6.95e-10      0.00 6.807e-01 2.983e-01 3.022e-03 1.450e-03 8.670e-03 -1.000 2.100e-02 -0.553 -2.161 -2.827 -2.988 -3.066 -2.955 -2.994 -3.095 -3.370 -5.575 -7.246 -3.057 -2.944 -3.080 -3.252
0.02 0.14251 10.00000 1.0637899637 2.4853534698    0.981  2.171  3.6200  1.691    7  0.000  0.465     0.00     0.00 -1 -8.54e-10      0.00 6.807e-01 2.983e-01 3.022e-03 1.450e-03 8.670e-03 -1.000 2.100e-02 -0.658 -2.272 -2.943 -3.112 -3.192 -3.077 -3.120 -3.219 -3.463 -6.194 -8.268 -3.182 -3.065 -3.213 -3.361
0.02 0.14251 10.00000 1.0638241768 2.4853596687    0.980  2.212  3.6164  1.635    7  0.000  0.465     0.00     0.00 -1 -1.06e-09      0.00 6.807e-01 2.983e-01 3.022e-03 1.450e-03 8.670e-03 -1.000 2.100e-02 -0.761 -2.382 -3.058 -3.235 -3.316 -3.197 -3.245 -3.340 -3.555 -6.806 -9.277 -3.305 -3.186 -3.344 -3.469
0.02 0.14251 10.00000 1.0638533831 2.4853649139    0.979  2.254  3.6128  1.578    7  0.000  0.465     0.00     0.00 -1 -1.32e-09      0.00 6.807e-01 2.983e-01 3.022e-03 1.450e-03 8.670e-03 -1.000 2.100e-02 -0.865 -2.492 -3.174 -3.358 -3.441 -3.318 -3.370 -3.462 -3.648 -7.422 -10.294 -3.430 -3.307 -3.475 -3.577
0.02 0.14251 10.00000 1.0638781786 2.4853694439    0.978  2.295  3.6092  1.522    7  0.000  0.465     0.00     0.00 -1 -1.62e-09      0.00 6.807e-01 2.983e-01 3.022e-03 1.450e-03 8.670e-03 -1.000 2.100e-02 -0.968 -2.601 -3.289 -3.482 -3.565 -3.440 -3.497 -3.583 -3.741 -8.038 -11.311 -3.554 -3.429 -3.606 -3.686
0.02 0.14251 10.00000 1.0638995171 2.4853732586    0.977  2.336  3.6056  1.466    7  0.000  0.465     0.00     0.00 -1 -1.99e-09      0.00 6.807e-01 2.983e-01 3.022e-03 1.450e-03 8.670e-03 -1.000 2.100e-02 -1.071 -2.712 -3.408 -3.607 -3.692 -3.564 -3.625 -3.708 -3.858 -8.357 -11.785 -3.681 -3.553 -3.735 -3.809
0.02 0.14251 10.00000 1.0639183521 2.4853768349    0.976  2.378  3.6019  1.409    7  0.000  0.465     0.00     0.00 -1 -2.45e-09      0.00 6.807e-01 2.983e-01 3.022e-03 1.450e-03 8.670e-03 -1.000 2.100e-02 -1.174 -2.824 -3.529 -3.734 -3.822 -3.691 -3.755 -3.837 -3.991 -8.490 -11.918 -3.810 -3.680 -3.866 -3.942
0.02 0.14251 10.00000 1.0639349222 2.4853796959    0.974  2.418  3.5982  1.353    7  0.000  0.465     0.00     0.00 -1    -3e-09      0.00 6.807e-01 2.983e-01 3.022e-03 1.450e-03 8.670e-03 -1.000 2.100e-02 -1.276 -2.934 -3.650 -3.861 -3.951 -3.816 -3.884 -3.965 -4.123 -8.622 -12.050 -3.938 -3.806 -3.995 -4.074
0.02 0.14251 10.00000 1.0639500618 2.4853825569    0.972  2.459  3.5945  1.297    7  0.000  0.465     0.00     0.00 -1 -3.63e-09      0.00 6.807e-01 2.983e-01 3.022e-03 1.450e-03 8.670e-03 -1.000 2.100e-02 -1.377 -3.045 -3.770 -3.987 -4.079 -3.942 -4.014 -4.094 -4.255 -8.754 -12.182 -4.066 -3.932 -4.124 -4.206
0.02 0.14251 10.00000 1.0639641285 2.4853849411    0.971  2.499  3.5908  1.241    7  0.000  0.465     0.00     0.00 -1 -4.47e-09      0.00 6.807e-01 2.983e-01 3.022e-03 1.450e-03 8.670e-03 -1.000 2.100e-02 -1.478 -3.155 -3.890 -4.113 -4.208 -4.067 -4.143 -4.222 -4.387 -8.886 -12.314 -4.194 -4.058 -4.253 -4.338
0.02 0.14251 10.00000 1.0639772415 2.4853873253    0.968  2.540  3.5870  1.185    7  0.000  0.465     0.00     0.00 -1 -5.43e-09      0.00 6.807e-01 2.983e-01 3.021e-03 1.450e-03 8.670e-03 -1.000 2.100e-02 -1.579 -3.266 -4.010 -4.239 -4.336 -4.192 -4.271 -4.350 -4.519 -9.018 -12.446 -4.321 -4.183 -4.382 -4.470
0.02 0.14251 10.00000 1.0639896393 2.4853897095    0.966  2.580  3.5821  1.124    7  0.000  0.464     0.00     0.00 -1 -6.59e-09      0.00 6.807e-01 2.983e-01 3.020e-03 1.451e-03 8.670e-03 -1.000 2.100e-02 -1.680 -3.379 -4.136 -4.373 -4.473 -4.325 -4.410 -4.487 -4.661 -9.160 -12.588 -4.457 -4.316 -4.520 -4.612
0.02 0.14251 10.00000 1.0639988184 2.4853913784    0.964  2.611  3.5743  1.060    7  0.000  0.464     0.00     0.00 -1 -7.67e-09      0.00 6.807e-01 2.983e-01 3.017e-03 1.453e-03 8.670e-03 -1.000 2.100e-02 -1.757 -3.477 -4.254 -4.502 -4.606 -4.452 -4.546 -4.622 -4.804 -9.302 -12.731 -4.589 -4.445 -4.657 -4.754
0.02 0.14251 10.00000 1.0640100241 2.4853932858    0.961  2.651  3.5700  1.001    7  0.000  0.463     0.00     0.00 -1  -9.3e-09      0.00 6.807e-01 2.983e-01 3.012e-03 1.458e-03 8.670e-03 -1.000 2.100e-02 -1.858 -3.590 -4.377 -4.632 -4.739 -4.581 -4.680 -4.755 -4.941 -9.440 -12.869 -4.721 -4.574 -4.791 -4.892
0.02 0.14251 10.00000 1.0640202761 2.4853951931    0.957  2.691  3.5657  0.943    7  0.000  0.462     0.00     0.00 -1 -1.14e-08      0.00 6.807e-01 2.983e-01 3.004e-03 1.465e-03 8.670e-03 -1.000 2.100e-02 -1.958 -3.704 -4.499 -4.761 -4.872 -4.710 -4.815 -4.888 -5.079 -9.578 -13.006 -4.852 -4.703 -4.926 -5.030
0.02 0.14251 10.00000 1.0640296936 2.4853968620    0.953  2.732  3.5613  0.882    7  0.000  0.461     0.00     0.00 -1 -1.37e-08      0.00 6.807e-01 2.983e-01 2.996e-03 1.474e-03 8.670e-03 -1.000 2.100e-02 -2.060 -3.820 -4.623 -4.893 -5.007 -4.842 -4.952 -5.025 -5.220 -9.719 -13.147 -4.986 -4.836 -5.064 -5.171
0.02 0.14251 10.00000 1.0640369654 2.4853982925    0.950  2.772  3.5568  0.823    7  0.000  0.460     0.00     0.00 -1 -1.66e-08      0.00 6.807e-01 2.983e-01 2.989e-03 1.484e-03 8.670e-03 -1.000 2.100e-02 -2.160 -3.934 -4.746 -5.023 -5.141 -4.972 -5.088 -5.160 -5.360 -9.859 -13.287 -5.118 -4.967 -5.200 -5.311
0.02 0.14251 10.00000 1.0640418530 2.4853992462    0.947  2.812  3.5522  0.763    7  0.000  0.458     0.00     0.00 -1    -2e-08      0.00 6.807e-01 2.983e-01 2.981e-03 1.493e-03 8.670e-03 -1.000 2.100e-02 -2.260 -4.049 -4.869 -5.154 -5.276 -5.104 -5.225 -5.297 -5.502 -10.000 -13.428 -5.251 -5.098 -5.338 -5.452
0.02 0.14251 10.00000 1.0640456676 2.4853997231    0.944  2.851  3.5477  0.705    7  0.000  0.458     0.00     0.00 -1 -2.42e-08      0.00 6.807e-01 2.983e-01 2.976e-03 1.500e-03 8.670e-03 -1.000 2.100e-02 -2.357 -4.160 -4.988 -5.282 -5.406 -5.231 -5.357 -5.429 -5.639 -10.137 -13.565 -5.380 -5.226 -5.472 -5.589
0.02 0.14251 10.00000 1.0640491247 2.4854004383    0.941  2.890  3.5429  0.645    7  0.000  0.457     0.00     0.00 -1  -2.9e-08      0.00 6.807e-01 2.983e-01 2.970e-03 1.507e-03 8.670e-03 -1.000 2.100e-02 -2.456 -4.274 -5.109 -5.412 -5.540 -5.361 -5.494 -5.565 -5.779 -10.277 -13.706 -5.513 -5.357 -5.609 -5.729
0.02 0.14251 10.00000 1.0640522242 2.4854009151    0.937  2.929  3.5383  0.586    7  0.000  0.456     0.00     0.00 -1 -3.44e-08      0.00 6.806e-01 2.984e-01 2.966e-03 1.512e-03 8.670e-03 -1.000 2.100e-02 -2.552 -4.386 -5.228 -5.539 -5.671 -5.489 -5.627 -5.697 -5.916 -10.414 -13.843 -5.641 -5.486 -5.743 -5.866
0.02 0.14251 10.00000 1.0640554428 2.4854016304    0.934  2.968  3.5332  0.524    7  0.000  0.456     0.00     0.00 -1 -4.14e-08      0.00 6.806e-01 2.984e-01 2.962e-03 1.516e-03 8.670e-03 -1.000 2.100e-02 -2.651 -4.502 -5.351 -5.673 -5.808 -5.623 -5.766 -5.836 -6.060 -10.557 -13.986 -5.776 -5.619 -5.883 -6.010
0.02 0.14251 10.00000 1.0640585423 2.4854021072    0.929  3.010  3.5277  0.459    7  0.000  0.455     0.00     0.00 -1 -4.99e-08      0.00 6.806e-01 2.984e-01 2.960e-03 1.519e-03 8.670e-03 -1.000 2.100e-02 -2.754 -4.624 -5.479 -5.812 -5.952 -5.765 -5.914 -5.983 -6.212 -10.709 -14.138 -5.917 -5.762 -6.033 -6.162
0.02 0.14251 10.00000 1.0640614033 2.4854025841    0.924  3.047  3.5226  0.399    7  0.000  0.455     0.00     0.00 -1 -5.94e-08      0.00 6.806e-01 2.984e-01 2.960e-03 1.519e-03 8.670e-03 -1.000 2.100e-02 -2.847 -4.735 -5.595 -5.939 -6.083 -5.895 -6.048 -6.117 -6.355 -10.850 -14.279 -6.045 -5.893 -6.172 -6.305
0.02 0.14251 10.00000 1.0640643835 2.4854032993    0.917  3.085  3.5174  0.337    7  0.000  0.455     0.00     0.00 -1 -7.09e-08      0.00 6.806e-01 2.984e-01 2.960e-03 1.520e-03 8.670e-03 -1.000 2.100e-02 -2.942 -4.846 -5.712 -6.068 -6.216 -6.027 -6.185 -6.253 -6.500 -10.993 -14.423 -6.174 -6.025 -6.314 -6.450
0.02 0.14251 10.00000 1.0640673637 2.4854037762    0.909  3.120  3.5121  0.277    7  0.000  0.455     0.00     0.00 -1 -8.43e-08      0.00 6.806e-01 2.984e-01 2.960e-03 1.520e-03 8.670e-03 -1.000 2.100e-02 -3.031 -4.952 -5.824 -6.191 -6.344 -6.153 -6.316 -6.384 -6.640 -11.131 -14.561 -6.297 -6.152 -6.451 -6.591
0.02 0.14251 10.00000 1.0640707016 2.4854044914    0.899  3.156  3.5067  0.215    7  0.000  0.455     0.00     0.00 -1    -1e-07      0.00 6.806e-01 2.984e-01 2.960e-03 1.520e-03 8.670e-03 -1.000 2.100e-02 -3.120 -5.058 -5.935 -6.313 -6.470 -6.279 -6.444 -6.510 -6.781 -11.269 -14.699 -6.417 -6.278 -6.588 -6.732
0.02 0.14251 10.00000 1.0640742779 2.4854049683    0.886  3.192  3.5009  0.149    7  0.000  0.455     0.00     0.00 -1 -1.22e-07      0.00 6.806e-01 2.984e-01 2.960e-03 1.520e-03 8.670e-03 -1.000 2.100e-02 -3.209 -5.166 -6.050 -6.438 -6.598 -6.407 -6.574 -6.638 -6.925 -11.409 -14.841 -6.537 -6.406 -6.729 -6.877
0.02 0.14251 10.00000 1.0640761852 2.4854054451    0.877  3.207  3.4982  0.119    7  0.000  0.455     0.00     0.00 -1 -1.33e-07      0.00 6.806e-01 2.984e-01 2.960e-03 1.520e-03 8.670e-03 -1.000 2.100e-02 -3.247 -5.212 -6.099 -6.493 -6.655 -6.463 -6.632 -6.695 -6.991 -11.472 -14.905 -6.590 -6.462 -6.792 -6.943
0.02 0.14251 10.00000 1.0640769005 2.4854054451    0.873  3.203  3.4986  0.122    7  0.000  0.455     0.00     0.00 -1 -1.33e-07      0.00 6.806e-01 2.984e-01 2.960e-03 1.520e-03 8.670e-03 -1.000 2.100e-02 -3.238 -5.201 -6.088 -6.481 -6.643 -6.451 -6.620 -6.683 -6.979 -11.460 -14.893 -6.579 -6.450 -6.780 -6.931
0.02 0.14251 10.00000 1.0640770197 2.4854054451    0.873  3.095  3.5132  0.288    7  0.000  0.455     0.00     0.00 -1 -8.51e-08      0.00 6.806e-01 2.984e-01 2.960e-03 1.520e-03 8.670e-03 -1.000 2.100e-02 -2.969 -4.886 -5.757 -6.122 -6.274 -6.084 -6.245 -6.313 -6.569 -11.060 -14.490 -6.228 -6.083 -6.380 -6.520
0.02 0.14251 10.00000 1.0640771389 2.4854054451    0.873  3.163  3.5044  0.186    7  0.000  0.455     0.00     0.00 -1 -1.13e-07      0.00 6.806e-01 2.984e-01 2.960e-03 1.520e-03 8.670e-03 -1.000 2.100e-02 -3.137 -5.082 -5.962 -6.344 -6.502 -6.311 -6.477 -6.543 -6.822 -11.308 -14.740 -6.446 -6.310 -6.628 -6.774
0.02 0.14251 10.00000 1.0640772581 2.4854056835    0.872  3.172  3.5030  0.170    7  0.000  0.455     0.00     0.00 -1 -1.18e-07      0.00 6.806e-01 2.984e-01 2.960e-03 1.520e-03 8.670e-03 -1.000 2.100e-02 -3.161 -5.111 -5.992 -6.377 -6.536 -6.345 -6.511 -6.576 -6.860 -11.345 -14.777 -6.478 -6.344 -6.664 -6.812
0.02 0.14251 10.00000 1.0640774965 2.4854056835    0.872  3.182  3.5017  0.156    7  0.000  0.455     0.00     0.00 -1 -1.23e-07      0.00 6.806e-01 2.984e-01 2.960e-03 1.520e-03 8.670e-03 -1.000 2.100e-02 -3.184 -5.138 -6.021 -6.408 -6.567 -6.377 -6.543 -6.608 -6.895 -11.379 -14.811 -6.508 -6.376 -6.698 -6.847
0.02 0.14251 10.00000 1.0640776157 2.4854056835    0.871  3.206  3.4979  0.115    7  0.000  0.455     0.00     0.00 -1 -1.35e-07      0.00 6.806e-01 2.984e-01 2.960e-03 1.520e-03 8.670e-03 -1.000 2.100e-02 -3.246 -5.211 -6.099 -6.493 -6.655 -6.464 -6.632 -6.696 -6.994 -11.474 -14.907 -6.590 -6.462 -6.795 -6.946
0.02 0.14251 10.00000 1.0640777349 2.4854056835    0.870  3.237  3.4933  0.065    7  0.000  0.455     0.00     0.00 -1 -1.53e-07      0.00 6.806e-01 2.984e-01 2.960e-03 1.520e-03 8.670e-03 -1.000 2.100e-02 -3.323 -5.301 -6.195 -6.599 -6.765 -6.571 -6.743 -6.804 -7.118 -11.594 -15.028 -6.693 -6.570 -6.915 -7.071
0.02 0.14251 10.00000 1.0640779734 2.4854056835    0.869  3.267  3.4886  0.016    7  0.000  0.455     0.00     0.00 -1 -1.73e-07      0.00 6.806e-01 2.984e-01 2.960e-03 1.520e-03 8.670e-03 -1.000 2.100e-02 -3.398 -5.388 -6.289 -6.702 -6.871 -6.676 -6.850 -6.909 -7.239 -11.711 -15.146 -6.792 -6.675 -7.032 -7.193
0.02 0.14251 10.00000 1.0640783310 2.4854056835    0.867  3.298  3.4836 -0.036    7  0.000  0.455     0.00     0.00 -1 -1.98e-07      0.00 6.806e-01 2.984e-01 2.960e-03 1.520e-03 8.670e-03 -1.000 2.100e-02 -3.476 -5.478 -6.386 -6.807 -6.979 -6.787 -6.959 -7.016 -7.368 -11.836 -15.271 -6.889 -6.785 -7.156 -7.322
0.02 0.14251 10.00000 1.0640786886 2.4854059219    0.864  3.322  3.4796 -0.077    7  0.518  0.455     0.00     0.00 -1 -2.19e-07      0.00 6.806e-01 2.984e-01 2.960e-03 1.520e-03 8.670e-03 -1.000 2.100e-02 -3.535 -5.548 -6.461 -6.887 -7.063 -6.874 -7.044 -7.101 -7.474 -11.937 -15.374 -6.965 -6.872 -7.259 -7.429
0.02 0.14251 10.00000 1.0640790462 2.4854059219    0.860  3.333  3.4776 -0.098    8  0.518  0.476   209.16    96.46  0  -2.3e-07      0.00 6.806e-01 2.996e-01 3.105e-03 1.522e-03 8.690e-03 -1.000 1.976e-02 -3.562 -5.579 -6.494 -6.923 -7.100 -6.913 -7.082 -7.139 -7.522 -11.984 -15.420 -6.998 -6.910 -7.305 -7.477
0.02 0.14251 10.00000 1.0640790462 2.4854059219    0.860  3.044  3.5192  0.357    8  0.519  0.476    78.39    41.29  1 -7.25e-08      0.00 6.806e-01 2.996e-01 3.105e-03 1.522e-03 8.690e-03 -1.000 1.976e-02 -2.840 -4.739 -5.602 -5.954 -6.101 -5.913 -6.069 -6.138 -6.384 -10.877 -14.307 -6.061 -5.911 -6.199 -6.335
0.02 0.14251 10.00000 1.0640791655 2.4854059219    0.860  2.915  3.5379  0.561    8  0.519  0.476    50.56    28.26  1 -4.25e-08      0.00 6.806e-01 2.996e-01 3.105e-03 1.522e-03 8.690e-03 -1.000 1.976e-02 -2.518 -4.354 -5.195 -5.508 -5.641 -5.458 -5.596 -5.668 -5.887 -10.385 -13.813 -5.611 -5.455 -5.713 -5.837
0.02 0.14251 10.00000 1.0640792847 2.4854059219    0.859  2.759  3.5606  0.808    8  0.519  0.476    29.67    17.82  1 -2.17e-08      0.00 6.806e-01 2.996e-01 3.105e-03 1.522e-03 8.690e-03 -1.000 1.976e-02 -2.127 -3.889 -4.691 -4.964 -5.081 -4.914 -5.025 -5.099 -5.296 -9.794 -13.223 -5.059 -4.908 -5.138 -5.246
0.02 0.14251 10.00000 1.0640794039 2.4854059219    0.857  2.790  3.5557  0.756    8  0.519  0.476    33.17    19.61  1  -2.5e-08      0.00 6.806e-01 2.996e-01 3.105e-03 1.522e-03 8.690e-03 -1.000 1.976e-02 -2.205 -3.983 -4.795 -5.076 -5.196 -5.026 -5.142 -5.216 -5.417 -9.916 -13.344 -5.173 -5.020 -5.256 -5.368
0.02 0.14251 10.00000 1.0640796423 2.4854059219    0.855  2.924  3.5358  0.541    8  0.519  0.476    52.74    29.27  1 -4.47e-08      0.00 6.806e-01 2.996e-01 3.105e-03 1.522e-03 8.690e-03 -1.000 1.976e-02 -2.541 -4.384 -5.228 -5.545 -5.679 -5.495 -5.636 -5.707 -5.928 -10.426 -13.854 -5.648 -5.492 -5.753 -5.878
0.02 0.14251 10.00000 1.0640798807 2.4854061604    0.853  3.088  3.5114  0.279    8  0.519  0.476    92.81    47.67  0 -8.85e-08      0.00 6.806e-01 2.996e-01 3.105e-03 1.522e-03 8.690e-03 -1.000 1.976e-02 -2.950 -4.873 -5.747 -6.115 -6.268 -6.077 -6.240 -6.308 -6.567 -11.057 -14.488 -6.221 -6.076 -6.377 -6.518
0.02 0.14251 10.00000 1.0640802383 2.4854061604    0.851  3.221  3.4915  0.065    8  0.519  0.476   147.33    71.01  0 -1.52e-07      0.00 6.806e-01 2.996e-01 3.105e-03 1.522e-03 8.690e-03 -1.000 1.976e-02 -3.283 -5.265 -6.163 -6.569 -6.735 -6.541 -6.713 -6.773 -7.089 -11.565 -14.998 -6.660 -6.539 -6.885 -7.042
0.02 0.14251 10.00000 1.0640805960 2.4854061604    0.848  3.306  3.4785 -0.074    8  0.519  0.476   198.56    91.80  0 -2.15e-07      0.00 6.806e-01 2.996e-01 3.105e-03 1.522e-03 8.690e-03 -1.000 1.976e-02 -3.495 -5.511 -6.425 -6.852 -7.027 -6.839 -7.008 -7.064 -7.436 -11.900 -15.336 -6.926 -6.836 -7.220 -7.391
0.02 0.14251 10.00000 1.0640810728 2.4854061604    0.845  3.350  3.4714 -0.148    8  0.520  0.476   232.98   105.28  0 -2.58e-07      0.00 6.806e-01 2.996e-01 3.105e-03 1.522e-03 8.690e-03 -1.000 1.976e-02 -3.606 -5.639 -6.561 -6.996 -7.176 -6.995 -7.159 -7.216 -7.626 -12.083 -15.521 -7.060 -6.992 -7.402 -7.581
0.02 0.14251 10.00000 1.0640815496 2.4854063988    0.841  3.371  3.4676 -0.185    8  0.520  0.476   252.32   112.63  0 -2.82e-07      0.00 6.806e-01 2.996e-01 3.105e-03 1.522e-03 8.690e-03 -1.000 1.976e-02 -3.657 -5.698 -6.624 -7.064 -7.247 -7.069 -7.232 -7.288 -7.716 -12.170 -15.609 -7.123 -7.065 -7.489 -7.672
0.02 0.14251 10.00000 1.0640820265 2.4854063988    0.837  3.382  3.4677 -0.199    8  0.520  0.476   259.65   115.28  0 -3.02e-07      0.00 6.806e-01 2.996e-01 3.105e-03 1.522e-03 8.690e-03 -1.000 1.976e-02 -3.686 -5.727 -6.653 -7.094 -7.278 -7.101 -7.264 -7.322 -7.759 -12.210 -15.650 -7.155 -7.097 -7.531 -7.715
0.02 0.14251 10.00000 1.0640820265 2.4854063988    0.837  3.153  3.4986  0.155    8  0.520  0.476   121.19    59.66  0 -1.21e-07      0.00 6.806e-01 2.996e-01 3.105e-03 1.522e-03 8.690e-03 -1.000 1.976e-02 -3.112 -5.074 -5.962 -6.353 -6.513 -6.322 -6.489 -6.551 -6.842 -11.325 -14.757 -6.448 -6.321 -6.644 -6.794
0.02 0.14251 10.00000 1.0640821457 2.4854063988    0.836  2.971  3.5251  0.442    8  0.520  0.476    65.18    34.89  1 -5.77e-08      0.00 6.806e-01 2.996e-01 3.105e-03 1.522e-03 8.690e-03 -1.000 1.976e-02 -2.657 -4.536 -5.394 -5.732 -5.874 -5.686 -5.837 -5.906 -6.141 -10.637 -14.066 -5.837 -5.684 -5.960 -6.092
0.02 0.14251 10.00000 1.0640821457 2.4854063988    0.836  2.813  3.5481  0.691    8  0.520  0.476    38.08    21.92  1 -2.97e-08      0.00 6.806e-01 2.996e-01 3.105e-03 1.522e-03 8.690e-03 -1.000 1.976e-02 -2.263 -4.065 -4.891 -5.185 -5.310 -5.134 -5.260 -5.333 -5.542 -10.040 -13.468 -5.284 -5.129 -5.375 -5.492
0.02 0.14251 10.00000 1.0640822649 2.4854063988    0.835  2.843  3.5436  0.643    8  0.520  0.476    42.29    23.99  1  -3.4e-08      0.00 6.806e-01 2.996e-01 3.105e-03 1.522e-03 8.690e-03 -1.000 1.976e-02 -2.339 -4.155 -4.989 -5.290 -5.419 -5.240 -5.371 -5.443 -5.656 -10.154 -13.583 -5.391 -5.236 -5.487 -5.606
0.02 0.14251 10.00000 1.0640823841 2.4854063988    0.833  2.975  3.5243  0.433    8  0.520  0.476    66.45    35.43  1 -5.93e-08      0.00 6.806e-01 2.996e-01 3.105e-03 1.522e-03 8.690e-03 -1.000 1.976e-02 -2.667 -4.548 -5.407 -5.748 -5.890 -5.702 -5.854 -5.923 -6.160 -10.655 -14.084 -5.853 -5.700 -5.978 -6.110
0.02 0.14251 10.00000 1.0640826225 2.4854066372    0.832  3.135  3.5006  0.177    8  0.521  0.476   115.34    57.04  0 -1.15e-07      0.00 6.806e-01 2.996e-01 3.105e-03 1.522e-03 8.690e-03 -1.000 1.976e-02 -3.067 -5.025 -5.910 -6.297 -6.456 -6.265 -6.431 -6.494 -6.780 -11.264 -14.696 -6.393 -6.264 -6.583 -6.731
0.02 0.14251 10.00000 1.0640828609 2.4854066372    0.830  3.265  3.4813 -0.031    8  0.521  0.476   180.64    83.99  0 -1.93e-07      0.00 6.806e-01 2.996e-01 3.105e-03 1.522e-03 8.690e-03 -1.000 1.976e-02 -3.392 -5.400 -6.312 -6.734 -6.905 -6.714 -6.884 -6.938 -7.292 -11.760 -15.195 -6.810 -6.712 -7.079 -7.246
0.02 0.14251 10.00000 1.0640830994 2.4854066372    0.827  3.347  3.4690 -0.163    8  0.521  0.476   240.28   107.38  0 -2.68e-07      0.00 6.806e-01 2.996e-01 3.105e-03 1.522e-03 8.690e-03 -1.000 1.976e-02 -3.596 -5.635 -6.560 -6.997 -7.178 -6.999 -7.162 -7.217 -7.638 -12.094 -15.532 -7.057 -6.995 -7.412 -7.594
0.02 0.14251 10.00000 1.0640833378 2.4854066372    0.825  3.388  3.4626 -0.231    8  0.521  0.476   278.26   121.77  0 -3.17e-07      0.00 6.806e-01 2.996e-01 3.105e-03 1.522e-03 8.690e-03 -1.000 1.976e-02 -3.699 -5.753 -6.684 -7.128 -7.314 -7.143 -7.301 -7.357 -7.810 -12.260 -15.700 -7.180 -7.138 -7.577 -7.766
0.02 0.14251 10.00000 1.0640836954 2.4854066372    0.822  3.405  3.4596 -0.262    8  0.521  0.476   297.20   128.75  0 -3.42e-07      0.01 6.806e-01 2.996e-01 3.105e-03 1.522e-03 8.690e-03 -1.000 1.976e-02 -3.742 -5.802 -6.737 -7.184 -7.372 -7.205 -7.361 -7.417 -7.887 -12.334 -15.776 -7.231 -7.199 -7.651 -7.844
0.02 0.14251 10.00000 1.0640840530 2.4854068756    0.819  3.413  3.4611 -0.266    8  0.522  0.476   299.72   129.52  0 -3.61e-07      0.01 6.806e-01 2.996e-01 3.105e-03 1.522e-03 8.690e-03 -1.000 1.976e-02 -3.763 -5.820 -6.753 -7.200 -7.390 -7.221 -7.380 -7.439 -7.920 -12.363 -15.806 -7.253 -7.216 -7.684 -7.877
0.02 0.14251 10.00000 1.0640840530 2.4854068756    0.819  3.188  3.4913  0.080    8  0.522  0.476   142.18    67.97  0 -1.48e-07      0.00 6.806e-01 2.996e-01 3.105e-03 1.522e-03 8.690e-03 -1.000 1.976e-02 -3.200 -5.183 -6.081 -6.486 -6.652 -6.458 -6.629 -6.688 -7.004 -11.480 -14.913 -6.576 -6.456 -6.800 -6.957
0.02 0.14251 10.00000 1.0640841722 2.4854068756    0.818  3.007  3.5181  0.368    8  0.522  0.476    76.35    39.70  1 -7.14e-08      0.00 6.806e-01 2.996e-01 3.105e-03 1.522e-03 8.690e-03 -1.000 1.976e-02 -2.747 -4.649 -5.515 -5.868 -6.015 -5.826 -5.983 -6.051 -6.298 -10.791 -14.221 -5.974 -5.825 -6.113 -6.249
0.02 0.14251 10.00000 1.0640841722 2.4854068756    0.817  2.849  3.5415  0.619    8  0.522  0.476    44.43    24.85  1 -3.71e-08      0.00 6.806e-01 2.996e-01 3.105e-03 1.522e-03 8.690e-03 -1.000 1.976e-02 -2.352 -4.176 -5.013 -5.319 -5.448 -5.268 -5.402 -5.473 -5.689 -10.187 -13.616 -5.420 -5.264 -5.518 -5.639
0.02 0.14251 10.00000 1.0640842915 2.4854068756    0.816  2.879  3.5370  0.571    8  0.522  0.476    49.30    27.18  1 -4.22e-08      0.00 6.806e-01 2.996e-01 3.105e-03 1.522e-03 8.690e-03 -1.000 1.976e-02 -2.427 -4.265 -5.108 -5.423 -5.555 -5.373 -5.511 -5.582 -5.802 -10.300 -13.728 -5.525 -5.369 -5.628 -5.752
0.02 0.14251 10.00000 1.0640844107 2.4854068756    0.814  3.008  3.5176  0.363    8  0.522  0.476    77.27    40.05  1 -7.28e-08      0.00 6.806e-01 2.996e-01 3.105e-03 1.522e-03 8.690e-03 -1.000 1.976e-02 -2.751 -4.654 -5.521 -5.876 -6.023 -5.834 -5.991 -6.059 -6.307 -10.800 -14.230 -5.981 -5.832 -6.122 -6.258
0.02 0.14251 10.00000 1.0640846491 2.4854068756    0.812  3.167  3.4938  0.109    8  0.522  0.476   133.69    64.27  0 -1.39e-07      0.00 6.806e-01 2.996e-01 3.105e-03 1.522e-03 8.690e-03 -1.000 1.976e-02 -3.146 -5.122 -6.017 -6.417 -6.580 -6.388 -6.557 -6.617 -6.925 -11.403 -14.836 -6.508 -6.386 -6.723 -6.877
0.02 0.14251 10.00000 1.0640848875 2.4854068756    0.810  3.295  3.4745 -0.098    8  0.522  0.476   208.77    94.38  0 -2.32e-07      0.00 6.806e-01 2.996e-01 3.105e-03 1.522e-03 8.690e-03 -1.000 1.976e-02 -3.466 -5.492 -6.410 -6.840 -7.017 -6.833 -6.998 -7.053 -7.447 -11.907 -15.344 -6.907 -6.830 -7.226 -7.402
0.02 0.14251 10.00000 1.0640851259 2.4854071140    0.807  3.375  3.4621 -0.229    8  0.522  0.476   276.93   120.35  0 -3.19e-07      0.00 6.806e-01 2.996e-01 3.105e-03 1.522e-03 8.690e-03 -1.000 1.976e-02 -3.667 -5.721 -6.653 -7.098 -7.284 -7.113 -7.270 -7.326 -7.781 -12.231 -15.671 -7.148 -7.107 -7.548 -7.737
0.02 0.14251 10.00000 1.0640853643 2.4854071140    0.804  3.415  3.4558 -0.296    8  0.523  0.476   319.82   136.11  0 -3.76e-07      0.01 6.806e-01 2.996e-01 3.105e-03 1.522e-03 8.690e-03 -1.000 1.976e-02 -3.767 -5.835 -6.771 -7.218 -7.408 -7.246 -7.398 -7.455 -7.958 -12.399 -15.843 -7.258 -7.240 -7.715 -7.914
0.02 0.14251 10.00000 1.0640857220 2.4854071140    0.801  3.431  3.4530 -0.325    8  0.523  0.476   340.61   143.50  0 -4.04e-07      0.01 6.806e-01 2.996e-01 3.105e-03 1.522e-03 8.690e-03 -1.000 1.976e-02 -3.807 -5.881 -6.819 -7.268 -7.460 -7.303 -7.453 -7.511 -8.035 -12.473 -15.918 -7.304 -7.296 -7.789 -7.992
0.02 0.14251 10.00000 1.0640860796 2.4854071140    0.797  3.438  3.4554 -0.325    8  0.523  0.476   340.46   143.20  0 -4.29e-07      0.01 6.806e-01 2.996e-01 3.105e-03 1.522e-03 8.690e-03 -1.000 1.976e-02 -3.825 -5.894 -6.831 -7.281 -7.475 -7.315 -7.469 -7.530 -8.064 -12.496 -15.943 -7.325 -7.309 -7.819 -8.022
0.02 0.14251 10.00000 1.0640860796 2.4854071140    0.797  3.218  3.4848  0.012    8  0.523  0.476   164.39    76.30  0  -1.8e-07      0.00 6.806e-01 2.996e-01 3.105e-03 1.522e-03 8.690e-03 -1.000 1.976e-02 -3.275 -5.274 -6.181 -6.598 -6.767 -6.574 -6.744 -6.800 -7.143 -11.613 -15.047 -6.678 -6.572 -6.933 -7.097
0.02 0.14251 10.00000 1.0640861988 2.4854071140    0.797  3.038  3.5120  0.302    8  0.523  0.476    88.06    44.47  0 -8.77e-08      0.00 6.806e-01 2.996e-01 3.105e-03 1.522e-03 8.690e-03 -1.000 1.976e-02 -2.824 -4.745 -5.618 -5.984 -6.136 -5.946 -6.108 -6.175 -6.435 -10.925 -14.355 -6.089 -5.944 -6.245 -6.386
0.02 0.14251 10.00000 1.0640861988 2.4854071140    0.795  2.880  3.5359  0.555    8  0.523  0.476    51.01    27.73  1 -4.58e-08      0.00 6.806e-01 2.996e-01 3.105e-03 1.522e-03 8.690e-03 -1.000 1.976e-02 -2.429 -4.271 -5.115 -5.432 -5.565 -5.382 -5.522 -5.592 -5.814 -10.311 -13.740 -5.534 -5.378 -5.639 -5.764
0.02 0.14251 10.00000 1.0640863180 2.4854071140    0.794  2.909  3.5314  0.507    8  0.523  0.476    56.59    30.30  1 -5.21e-08      0.00 6.806e-01 2.996e-01 3.105e-03 1.522e-03 8.690e-03 -1.000 1.976e-02 -2.502 -4.359 -5.210 -5.535 -5.672 -5.485 -5.631 -5.701 -5.929 -10.425 -13.854 -5.639 -5.482 -5.751 -5.879
0.02 0.14251 10.00000 1.0640865564 2.4854073524    0.792  3.037  3.5119  0.299    8  0.524  0.476    88.51    44.57  0  -8.9e-08      0.00 6.806e-01 2.996e-01 3.105e-03 1.522e-03 8.690e-03 -1.000 1.976e-02 -2.822 -4.743 -5.617 -5.984 -6.136 -5.945 -6.107 -6.174 -6.435 -10.925 -14.356 -6.089 -5.944 -6.246 -6.387
0.02 0.14251 10.00000 1.0640866756 2.4854073524    0.790  3.193  3.4880  0.046    8  0.524  0.476   152.76    71.35  0 -1.68e-07      0.00 6.806e-01 2.996e-01 3.105e-03 1.522e-03 8.690e-03 -1.000 1.976e-02 -3.213 -5.203 -6.106 -6.518 -6.685 -6.491 -6.663 -6.720 -7.052 -11.524 -14.958 -6.603 -6.490 -6.845 -7.006
0.02 0.14251 10.00000 1.0640869141 2.4854073524    0.787  3.319  3.4686 -0.159    8  0.524  0.476   238.00   104.54  0 -2.77e-07      0.00 6.806e-01 2.996e-01 3.105e-03 1.522e-03 8.690e-03 -1.000 1.976e-02 -3.528 -5.568 -6.493 -6.930 -7.111 -6.933 -7.095 -7.150 -7.580 -12.033 -15.472 -6.989 -6.929 -7.352 -7.536
0.02 0.14251 10.00000 1.0640871525 2.4854073524    0.784  3.398  3.4562 -0.289    8  0.524  0.476   315.04   133.00  0  -3.8e-07      0.01 6.806e-01 2.996e-01 3.105e-03 1.522e-03 8.690e-03 -1.000 1.976e-02 -3.726 -5.793 -6.729 -7.176 -7.366 -7.204 -7.356 -7.414 -7.921 -12.360 -15.804 -7.217 -7.197 -7.678 -7.878
0.02 0.14251 10.00000 1.0640875101 2.4854073524    0.780  3.437  3.4500 -0.355    8  0.524  0.476   363.06   150.08  0 -4.46e-07      0.01 6.806e-01 2.996e-01 3.105e-03 1.522e-03 8.690e-03 -1.000 1.976e-02 -3.823 -5.902 -6.843 -7.296 -7.492 -7.339 -7.487 -7.547 -8.100 -12.532 -15.980 -7.329 -7.331 -7.849 -8.058
0.02 0.14251 10.00000 1.0640878677 2.4854075909    0.776  3.453  3.4474 -0.383    8  0.525  0.476   385.84   157.84  0  -4.8e-07      0.01 6.806e-01 2.996e-01 3.105e-03 1.522e-03 8.690e-03 -1.000 1.976e-02 -3.861 -5.946 -6.888 -7.344 -7.546 -7.396 -7.544 -7.608 -8.179 -12.608 -16.057 -7.379 -7.388 -7.925 -8.138
0.02 0.14251 10.00000 1.0640882254 2.4854075909    0.772  3.459  3.4502 -0.381    8  0.525  0.476   383.96   156.80  0  -5.1e-07      0.01 6.806e-01 2.996e-01 3.105e-03 1.522e-03 8.690e-03 -1.000 1.976e-02 -3.878 -5.956 -6.898 -7.355 -7.557 -7.404 -7.556 -7.622 -8.211 -12.632 -16.083 -7.396 -7.397 -7.957 -8.170
0.02 0.14251 10.00000 1.0640882254 2.4854075909    0.771  3.245  3.4792 -0.051    8  0.525  0.476   188.30    84.68  0  -2.2e-07      0.00 6.806e-01 2.996e-01 3.105e-03 1.522e-03 8.690e-03 -1.000 1.976e-02 -3.342 -5.355 -6.269 -6.694 -6.868 -6.679 -6.848 -6.904 -7.285 -11.746 -15.183 -6.769 -6.677 -7.069 -7.240
0.02 0.14251 10.00000 1.0640883446 2.4854075909    0.771  3.065  3.5070  0.240    8  0.525  0.476   100.68    49.27  0 -1.09e-07      0.00 6.806e-01 2.996e-01 3.105e-03 1.522e-03 8.690e-03 -1.000 1.976e-02 -2.893 -4.830 -5.708 -6.085 -6.240 -6.050 -6.214 -6.280 -6.557 -11.043 -14.475 -6.187 -6.048 -6.364 -6.509
0.02 0.14251 10.00000 1.0640883446 2.4854075909    0.769  2.907  3.5314  0.494    8  0.525  0.476    58.09    30.60  1 -5.72e-08      0.00 6.806e-01 2.996e-01 3.105e-03 1.522e-03 8.690e-03 -1.000 1.976e-02 -2.498 -4.355 -5.206 -5.532 -5.669 -5.482 -5.628 -5.698 -5.929 -10.425 -13.854 -5.636 -5.479 -5.751 -5.879
0.02 0.14251 10.00000 1.0640884638 2.4854075909    0.767  2.936  3.5268  0.446    8  0.525  0.476    64.53    33.48  1 -6.51e-08      0.00 6.806e-01 2.996e-01 3.105e-03 1.522e-03 8.690e-03 -1.000 1.976e-02 -2.571 -4.444 -5.300 -5.635 -5.776 -5.589 -5.738 -5.808 -6.046 -10.541 -13.970 -5.741 -5.586 -5.865 -5.997
0.02 0.14251 10.00000 1.0640887022 2.4854075909    0.764  3.063  3.5070  0.238    8  0.525  0.476   100.99    49.23  0  -1.1e-07      0.00 6.806e-01 2.996e-01 3.105e-03 1.522e-03 8.690e-03 -1.000 1.976e-02 -2.888 -4.825 -5.703 -6.080 -6.235 -6.045 -6.209 -6.275 -6.553 -11.039 -14.471 -6.182 -6.043 -6.360 -6.505
0.02 0.14251 10.00000 1.0640889406 2.4854075909    0.761  3.218  3.4828 -0.015    8  0.526  0.476   174.36    78.79  0 -2.06e-07      0.00 6.806e-01 2.996e-01 3.105e-03 1.522e-03 8.690e-03 -1.000 1.976e-02 -3.274 -5.277 -6.188 -6.608 -6.779 -6.587 -6.758 -6.814 -7.181 -11.645 -15.081 -6.686 -6.585 -6.967 -7.136
0.02 0.14251 10.00000 1.0640891790 2.4854078293    0.758  3.342  3.4630 -0.221    8  0.526  0.476   271.93   115.45  0 -3.38e-07      0.01 6.806e-01 2.996e-01 3.105e-03 1.522e-03 8.690e-03 -1.000 1.976e-02 -3.586 -5.637 -6.569 -7.013 -7.199 -7.027 -7.187 -7.244 -7.717 -12.161 -15.603 -7.065 -7.022 -7.482 -7.674
0.02 0.14251 10.00000 1.0640894175 2.4854078293    0.753  3.421  3.4505 -0.352    8  0.526  0.476   360.53   146.95  0 -4.63e-07      0.01 6.806e-01 2.996e-01 3.105e-03 1.522e-03 8.690e-03 -1.000 1.976e-02 -3.781 -5.859 -6.800 -7.252 -7.449 -7.296 -7.445 -7.506 -8.070 -12.498 -15.947 -7.287 -7.288 -7.818 -8.028
0.02 0.14251 10.00000 1.0640897751 2.4854078293    0.748  3.459  3.4442 -0.418    8  0.526  0.476   416.37   165.94  0 -5.46e-07      0.01 6.806e-01 2.996e-01 3.105e-03 1.522e-03 8.690e-03 -1.000 1.976e-02 -3.878 -5.967 -6.912 -7.372 -7.581 -7.437 -7.585 -7.654 -8.276 -12.694 -16.147 -7.407 -7.428 -8.016 -8.237
0.02 0.14251 10.00000 1.0640901327 2.4854078293    0.743  3.474  3.4415 -0.447    8  0.527  0.476   443.59   174.68  0 -5.91e-07      0.02 6.806e-01 2.996e-01 3.105e-03 1.522e-03 8.690e-03 -1.000 1.976e-02 -3.916 -6.010 -6.956 -7.419 -7.632 -7.494 -7.640 -7.713 -8.365 -12.776 -16.232 -7.454 -7.484 -8.100 -8.326
0.02 0.14251 10.00000 1.0640904903 2.4854080677    0.737  3.481  3.4453 -0.442    8  0.527  0.476   438.98   172.43  0 -6.36e-07      0.02 6.806e-01 2.996e-01 3.105e-03 1.522e-03 8.690e-03 -1.000 1.976e-02 -3.933 -6.018 -6.964 -7.428 -7.642 -7.499 -7.651 -7.727 -8.404 -12.806 -16.265 -7.472 -7.491 -8.140 -8.367
0.02 0.14251 10.00000 1.0640904903 2.4854080677    0.737  3.274  3.4732 -0.123    8  0.527  0.476   220.53    95.08  0 -2.83e-07      0.00 6.806e-01 2.996e-01 3.105e-03 1.522e-03 8.690e-03 -1.000 1.976e-02 -3.414 -5.442 -6.362 -6.795 -6.974 -6.792 -6.958 -7.016 -7.444 -11.895 -15.336 -6.862 -6.788 -7.220 -7.401
0.02 0.14251 10.00000 1.0640906096 2.4854080677    0.736  3.095  3.5016  0.168    8  0.527  0.476   117.63    55.19  0 -1.41e-07      0.00 6.806e-01 2.996e-01 3.105e-03 1.522e-03 8.690e-03 -1.000 1.976e-02 -2.967 -4.921 -5.805 -6.192 -6.351 -6.161 -6.328 -6.393 -6.696 -11.175 -14.609 -6.291 -6.160 -6.497 -6.648
0.02 0.14251 10.00000 1.0640906096 2.4854080677    0.734  2.937  3.5267  0.425    8  0.527  0.476    67.53    34.11  1  -7.5e-08      0.00 6.806e-01 2.996e-01 3.105e-03 1.522e-03 8.690e-03 -1.000 1.976e-02 -2.572 -4.446 -5.301 -5.638 -5.779 -5.592 -5.742 -5.813 -6.055 -10.548 -13.979 -5.744 -5.590 -5.874 -6.006
0.02 0.14251 10.00000 1.0640907288 2.4854080677    0.731  2.966  3.5219  0.376    8  0.527  0.476    75.12    37.34  0 -8.54e-08      0.00 6.806e-01 2.996e-01 3.105e-03 1.522e-03 8.690e-03 -1.000 1.976e-02 -2.644 -4.534 -5.394 -5.741 -5.886 -5.699 -5.853 -5.923 -6.174 -10.666 -14.097 -5.848 -5.697 -5.991 -6.126
0.02 0.14251 10.00000 1.0640909672 2.4854080677    0.728  3.091  3.5017  0.168    8  0.528  0.476   117.71    54.92  0 -1.43e-07      0.00 6.806e-01 2.996e-01 3.105e-03 1.522e-03 8.690e-03 -1.000 1.976e-02 -2.957 -4.910 -5.794 -6.181 -6.340 -6.150 -6.317 -6.382 -6.686 -11.165 -14.599 -6.280 -6.149 -6.488 -6.639
0.02 0.14251 10.00000 1.0640912056 2.4854080677    0.724  3.243  3.4768 -0.086    8  0.528  0.476   203.66    87.96  0 -2.64e-07      0.00 6.806e-01 2.996e-01 3.105e-03 1.522e-03 8.690e-03 -1.000 1.976e-02 -3.337 -5.356 -6.272 -6.701 -6.878 -6.692 -6.860 -6.918 -7.334 -11.786 -15.226 -6.773 -6.689 -7.113 -7.290
0.02 0.14251 10.00000 1.0640914440 2.4854080677    0.719  3.366  3.4564 -0.293    8  0.528  0.476   318.72   129.10  0 -4.31e-07      0.01 6.806e-01 2.996e-01 3.105e-03 1.522e-03 8.690e-03 -1.000 1.976e-02 -3.644 -5.709 -6.646 -7.094 -7.286 -7.125 -7.279 -7.339 -7.884 -12.313 -15.762 -7.138 -7.118 -7.639 -7.843
0.02 0.14251 10.00000 1.0640916824 2.4854083061    0.713  3.443  3.4434 -0.426    8  0.528  0.476   424.19   164.59  0 -5.88e-07      0.02 6.806e-01 2.996e-01 3.105e-03 1.522e-03 8.690e-03 -1.000 1.976e-02 -3.836 -5.926 -6.871 -7.333 -7.544 -7.403 -7.551 -7.623 -8.279 -12.689 -16.145 -7.369 -7.394 -8.015 -8.241
0.02 0.14251 10.00000 1.0640920401 2.4854083061    0.707  3.480  3.4368 -0.494    8  0.529  0.476   491.51   186.02  0 -6.94e-07      0.02 6.806e-01 2.996e-01 3.105e-03 1.522e-03 8.690e-03 -1.000 1.976e-02 -3.931 -6.031 -6.980 -7.447 -7.669 -7.539 -7.683 -7.762 -8.477 -12.874 -16.335 -7.481 -7.528 -8.203 -8.440
0.02 0.14251 10.00000 1.0640923977 2.4854083061    0.700  3.495  3.4342 -0.524    8  0.529  0.476   524.84   195.75  0 -7.55e-07      0.02 6.806e-01 2.996e-01 3.105e-03 1.522e-03 8.690e-03 -1.000 1.976e-02 -3.968 -6.072 -7.023 -7.492 -7.720 -7.596 -7.739 -7.823 -8.577 -12.966 -16.430 -7.528 -7.584 -8.298 -8.541
0.02 0.14251 10.00000 1.0640927553 2.4854083061    0.692  3.502  3.4489 -0.476    8  0.529  0.476   474.23   178.12  0 -8.64e-07      0.03 6.806e-01 2.996e-01 3.105e-03 1.522e-03 8.690e-03 -1.000 1.976e-02 -3.984 -6.053 -7.002 -7.475 -7.703 -7.563 -7.726 -7.822 -8.661 -13.022 -16.498 -7.541 -7.554 -8.383 -8.630
0.02 0.14251 10.00000 1.0640927553 2.4854083061    0.692  3.301  3.4672 -0.202    8  0.529  0.476   262.84   106.89  0  -3.8e-07      0.01 6.806e-01 2.996e-01 3.105e-03 1.522e-03 8.690e-03 -1.000 1.976e-02 -3.482 -5.522 -6.450 -6.893 -7.080 -6.905 -7.070 -7.132 -7.640 -12.071 -15.519 -6.956 -6.900 -7.405 -7.598
0.02 0.14251 10.00000 1.0640928745 2.4854083061    0.690  3.124  3.4974  0.095    8  0.530  0.476   138.55    61.35  0 -1.94e-07      0.00 6.806e-01 2.996e-01 3.105e-03 1.522e-03 8.690e-03 -1.000 1.976e-02 -3.039 -5.004 -5.892 -6.290 -6.455 -6.264 -6.435 -6.501 -6.846 -11.314 -14.751 -6.389 -6.262 -6.641 -6.800
0.02 0.14251 10.00000 1.0640928745 2.4854083061    0.687  2.966  3.5248  0.360    8  0.530  0.476    78.26    37.34  0 -1.05e-07      0.00 6.806e-01 2.996e-01 3.105e-03 1.522e-03 8.690e-03 -1.000 1.976e-02 -2.645 -4.526 -5.381 -5.724 -5.869 -5.682 -5.834 -5.907 -6.169 -10.657 -14.089 -5.832 -5.680 -5.985 -6.121
0.02 0.14251 10.00000 1.0640931129 2.4854085445    0.682  2.995  3.5204  0.310    8  0.530  0.476    87.18    40.81  0 -1.21e-07      0.00 6.806e-01 2.996e-01 3.105e-03 1.522e-03 8.690e-03 -1.000 1.976e-02 -2.718 -4.614 -5.474 -5.826 -5.975 -5.788 -5.943 -6.017 -6.291 -10.776 -14.210 -5.936 -5.786 -6.105 -6.244
0.02 0.14251 10.00000 1.0640932322 2.4854085445    0.676  3.119  3.4994  0.098    8  0.530  0.476   137.80    60.29  0 -2.03e-07      0.00 6.806e-01 2.996e-01 3.105e-03 1.522e-03 8.690e-03 -1.000 1.976e-02 -3.028 -4.988 -5.873 -6.268 -6.432 -6.242 -6.413 -6.481 -6.835 -11.300 -14.739 -6.370 -6.241 -6.630 -6.789
0.02 0.14251 10.00000 1.0640934706 2.4854085445    0.669  3.270  3.4732 -0.161    8  0.530  0.476   241.76    97.32  0 -3.76e-07      0.01 6.806e-01 2.996e-01 3.105e-03 1.522e-03 8.690e-03 -1.000 1.976e-02 -3.405 -5.431 -6.351 -6.788 -6.973 -6.793 -6.963 -7.028 -7.532 -11.961 -15.410 -6.862 -6.789 -7.301 -7.492
0.02 0.14251 10.00000 1.0640937090 2.4854085445    0.661  3.392  3.4519 -0.374    8  0.530  0.476   383.43   143.68  0 -6.18e-07      0.02 6.806e-01 2.996e-01 3.105e-03 1.522e-03 8.690e-03 -1.000 1.976e-02 -3.710 -5.780 -6.722 -7.181 -7.388 -7.237 -7.393 -7.467 -8.152 -12.548 -16.009 -7.230 -7.229 -7.891 -8.116
0.02 0.14251 10.00000 1.0640940666 2.4854085445    0.652  3.469  3.4392 -0.508    8  0.531  0.476   513.58   182.92  0 -8.61e-07      0.03 6.806e-01 2.996e-01 3.105e-03 1.522e-03 8.690e-03 -1.000 1.976e-02 -3.902 -5.990 -6.943 -7.416 -7.648 -7.521 -7.673 -7.767 -8.614 -12.979 -16.453 -7.466 -7.510 -8.327 -8.581
0.02 0.14251 10.00000 1.0640943050 2.4854087830    0.641  3.507  3.4346 -0.572    8  0.531  0.476   592.25   204.07  0 -1.05e-06      0.04 6.806e-01 2.996e-01 3.105e-03 1.522e-03 8.690e-03 -1.000 1.976e-02 -3.999 -6.089 -7.047 -7.528 -7.775 -7.659 -7.812 -7.920 -8.871 -13.214 -16.697 -7.585 -7.647 -8.571 -8.841
0.02 0.14251 10.00000 1.0640947819 2.4854087830    0.630  3.524  3.4358 -0.591    8  0.532  0.476   621.17   209.03  0 -1.21e-06      0.05 6.806e-01 2.996e-01 3.105e-03 1.522e-03 8.690e-03 -1.000 1.976e-02 -4.039 -6.122 -7.083 -7.569 -7.824 -7.709 -7.867 -7.985 -9.013 -13.338 -16.829 -7.637 -7.697 -8.705 -8.986
0.02 0.14251 10.00000 1.0640951395 2.4854087830    0.618  3.532  3.4893 -0.394    8  0.532  0.476   409.12   142.60  0 -1.66e-06      0.09 6.806e-01 2.996e-01 3.105e-03 1.522e-03 8.690e-03 -1.000 1.976e-02 -4.060 -6.000 -6.909 -7.376 -7.649 -7.533 -7.756 -7.976 -9.393 -13.647 -17.174 -7.578 -7.520 -9.049 -9.374
0.02 0.14251 10.00000 1.0640974045 2.4854092598    0.534 -9.999  4.0000  1.828    9  0.535  0.000     0.00     0.00 -1    -1e-30      0.00 6.806e-01 2.996e-01 3.105e-03 1.522e-03 8.690e-03 -1.000 1.976e-02 29.767 30.026 30.055 30.067 30.075 30.074 30.078 30.083 29.604 29.952 30.020 30.074 30.075 29.677 29.786
#isochrone terminated
