# File generated by CMD 3.3 (http://stev.oapd.inaf.it/cmd) on Wed Apr 22 15:19:26 CEST 2020
# isochrones based on PARSEC release v1.2S +  COLIBRI S_35
# Basic references: Bressan et al. (2012), MNRAS, 427, 127 + Chen et al. (2014, 2015), MNRAS, 444, 2525 + MNRAS, 452, 1068 + Tang et al. (2014), MNRAS, 445, 4287 + Marigo et al. (2017), ApJ, 835, 77 + Pastorelli al. (2019), MNRAS in press
# Thermal pulse cycles included 
# On RGB, assumed Reimers mass loss with efficiency eta=0.2
# Photometric system:  2MASS + Spitzer (IRAC+MIPS) + WISE
# Using YBC version of bolometric corrections as in Chen et al. (2019)
# O-rich circumstellar dpmod60alox40 dust from Groenewegen (2006)
# C-rich circumstellar AMCSIC15 dust from Groenewegen (2006)
# IMF: Kroupa (2001, 2002) + Kroupa et al. (2013) canonical two-part-power law IMF corrected for unresolved binaries 
# Kind of output: isochrone tables
# Zini     MH   logAge Mini        int_IMF         Mass   logL    logTe  logg  label   McoreTP C_O  period0 period1 pmode  Mloss  tau1m   X   Y   Xc  Xn  Xo  Cexcess  Z 	 mbolmag  Jmag    Hmag    Ksmag   IRAC_3.6mag  IRAC_4.5mag  IRAC_5.8mag  IRAC_8.0mag  MIPS_24mag  MIPS_70mag  MIPS_160mag  W1mag   W2mag   W3mag   W4mag
0.007 -0.33541 5.00000 0.0900000036 1.0816895962    0.090 -0.711  3.4816  2.982    0  0.000  0.545     0.00     0.00 -1 -2.66e-13      0.00 7.318e-01 2.611e-01 1.272e-03 3.431e-04 3.112e-03 -1.000 7.072e-03 6.549 4.546 3.961 3.707 3.390 3.247 3.218 3.166 2.564 2.549 2.631 3.513 3.253 3.140 2.754
0.007 -0.33541 5.00000 0.0923781991 1.1040880680    0.092 -0.693  3.4827  2.979    0  0.000  0.545     0.00     0.00 -1 -2.75e-13      0.00 7.318e-01 2.611e-01 1.272e-03 3.431e-04 3.112e-03 -1.000 7.072e-03 6.502 4.502 3.912 3.661 3.348 3.206 3.178 3.126 2.526 2.512 2.595 3.471 3.212 3.101 2.716
0.007 -0.33541 5.00000 0.0996483564 1.1681623459    0.100 -0.638  3.4860  2.970    0  0.000  0.545     0.00     0.00 -1 -3.04e-13      0.00 7.318e-01 2.611e-01 1.272e-03 3.431e-04 3.112e-03 -1.000 7.072e-03 6.365 4.373 3.769 3.525 3.225 3.086 3.059 3.008 2.412 2.402 2.488 3.346 3.092 2.986 2.602
0.007 -0.33541 5.00000 0.1032159179 1.1974220276    0.103 -0.615  3.4877  2.969    0  0.000  0.545     0.00     0.00 -1 -3.15e-13      0.00 7.318e-01 2.611e-01 1.272e-03 3.431e-04 3.112e-03 -1.000 7.072e-03 6.307 4.319 3.709 3.468 3.175 3.037 3.010 2.960 2.366 2.358 2.446 3.294 3.043 2.940 2.556
0.007 -0.33541 5.00000 0.1220946237 1.3329657316    0.122 -0.500  3.4962  2.961    0  0.000  0.545     0.00     0.00 -1 -3.81e-13      0.00 7.318e-01 2.611e-01 1.272e-03 3.431e-04 3.112e-03 -1.000 7.072e-03 6.019 4.053 3.406 3.180 2.920 2.795 2.770 2.725 2.140 2.142 2.236 3.037 2.801 2.710 2.330
0.007 -0.33541 5.00000 0.1349604875 1.4106166363    0.135 -0.429  3.5021  2.957    0  0.000  0.545     0.00     0.00 -1 -4.28e-13      0.00 7.318e-01 2.611e-01 1.272e-03 3.431e-04 3.112e-03 -1.000 7.072e-03 5.843 3.894 3.221 3.005 2.768 2.651 2.628 2.585 2.008 2.016 2.115 2.881 2.658 2.575 2.198
0.007 -0.33541 5.00000 0.1382417977 1.4288911819    0.138 -0.412  3.5036  2.956    0  0.000  0.545     0.00     0.00 -1 -4.41e-13      0.00 7.318e-01 2.611e-01 1.272e-03 3.431e-04 3.112e-03 -1.000 7.072e-03 5.799 3.854 3.175 2.960 2.729 2.615 2.592 2.550 1.975 1.985 2.085 2.842 2.622 2.541 2.164
0.007 -0.33541 5.00000 0.1448120028 1.4638426304    0.145 -0.381  3.5066  2.958    0  0.000  0.545     0.00     0.00 -1 -4.61e-13      0.00 7.318e-01 2.611e-01 1.272e-03 3.431e-04 3.112e-03 -1.000 7.072e-03 5.723 3.787 3.096 2.885 2.665 2.556 2.533 2.492 1.921 1.935 2.038 2.775 2.563 2.485 2.110
0.007 -0.33541 5.00000 0.1662813425 1.5650687218    0.166 -0.287  3.5164  2.963    0  0.000  0.545     0.00     0.00 -1 -5.31e-13      0.00 7.318e-01 2.611e-01 1.272e-03 3.431e-04 3.112e-03 -1.000 7.072e-03 5.488 3.586 2.853 2.655 2.467 2.375 2.353 2.313 1.755 1.785 1.896 2.570 2.383 2.314 1.945
0.007 -0.33541 5.00000 0.1804414392 1.6229647398    0.180 -0.230  3.5229  2.968    0  0.000  0.545     0.00     0.00 -1 -5.79e-13      0.00 7.318e-01 2.611e-01 1.272e-03 3.431e-04 3.112e-03 -1.000 7.072e-03 5.346 3.466 2.706 2.516 2.349 2.270 2.247 2.208 1.660 1.699 1.814 2.446 2.277 2.214 1.850
0.007 -0.33541 5.00000 0.1959273815 1.6798769236    0.196 -0.171  3.5299  2.972    0  0.000  0.545     0.00     0.00 -1 -6.33e-13      0.00 7.318e-01 2.611e-01 1.272e-03 3.431e-04 3.112e-03 -1.000 7.072e-03 5.198 3.341 2.554 2.371 2.226 2.163 2.141 2.104 1.566 1.613 1.731 2.318 2.170 2.114 1.756
0.007 -0.33541 5.00000 0.2058196068 1.7132569551    0.205 -0.134  3.5344  2.974    0  0.000  0.545     0.00     0.00 -1 -6.71e-13      0.00 7.318e-01 2.611e-01 1.272e-03 3.431e-04 3.112e-03 -1.000 7.072e-03 5.106 3.265 2.463 2.284 2.150 2.097 2.074 2.037 1.507 1.559 1.679 2.238 2.105 2.051 1.697
0.007 -0.33541 5.00000 0.2245517820 1.7710932493    0.224 -0.074  3.5426  2.985    0  0.000  0.545     0.00     0.00 -1 -7.28e-13      0.00 7.318e-01 2.611e-01 1.272e-03 3.431e-04 3.112e-03 -1.000 7.072e-03 4.956 3.146 2.319 2.146 2.031 1.996 1.973 1.936 1.419 1.481 1.603 2.110 2.004 1.955 1.608
0.007 -0.33541 5.00000 0.2509437799 1.8427156210    0.250  0.011  3.5539  2.993    0  0.000  0.545     0.00     0.00 -1 -8.29e-13      0.00 7.318e-01 2.611e-01 1.272e-03 3.431e-04 3.112e-03 -1.000 7.072e-03 4.743 2.973 2.124 1.958 1.864 1.853 1.827 1.787 1.289 1.365 1.490 1.930 1.860 1.814 1.479
0.007 -0.33541 5.00000 0.2785088420 1.9077539444    0.278  0.092  3.5645  3.000    0  0.000  0.545     0.00     0.00 -1 -9.43e-13      0.00 7.318e-01 2.611e-01 1.272e-03 3.431e-04 3.112e-03 -1.000 7.072e-03 4.540 2.807 1.950 1.789 1.708 1.717 1.689 1.644 1.164 1.254 1.379 1.761 1.725 1.678 1.353
0.007 -0.33541 5.00000 0.2926155925 1.9378845692    0.292  0.126  3.5695  3.008    0  0.000  0.545     0.00     0.00 -1 -9.84e-13      0.00 7.318e-01 2.611e-01 1.272e-03 3.431e-04 3.112e-03 -1.000 7.072e-03 4.456 2.741 1.885 1.727 1.650 1.667 1.637 1.589 1.118 1.214 1.339 1.696 1.675 1.627 1.307
0.007 -0.33541 5.00000 0.3359940946 2.0198462009    0.335  0.241  3.5837  3.010    0  0.000  0.545     0.00     0.00 -1 -1.19e-12      0.00 7.318e-01 2.611e-01 1.272e-03 3.431e-04 3.112e-03 -1.000 7.072e-03 4.169 2.497 1.664 1.513 1.440 1.473 1.438 1.382 0.933 1.045 1.170 1.471 1.480 1.428 1.122
0.007 -0.33541 5.00000 0.3408574164 2.0281734467    0.340  0.251  3.5852  3.011    0  0.000  0.545     0.00     0.00 -1 -1.21e-12      0.00 7.318e-01 2.611e-01 1.272e-03 3.431e-04 3.112e-03 -1.000 7.072e-03 4.142 2.474 1.644 1.494 1.422 1.457 1.421 1.364 0.917 1.030 1.155 1.451 1.463 1.411 1.106
0.007 -0.33541 5.00000 0.3759840429 2.0840597153    0.375  0.336  3.5952  3.009    0  0.000  0.545     0.00     0.00 -1 -1.41e-12      0.00 7.318e-01 2.611e-01 1.272e-03 3.431e-04 3.112e-03 -1.000 7.072e-03 3.929 2.287 1.477 1.336 1.269 1.311 1.275 1.214 0.779 0.900 1.024 1.290 1.317 1.266 0.968
0.007 -0.33541 5.00000 0.3890992403 2.1032118797    0.388  0.365  3.5986  3.009    0  0.000  0.545     0.00     0.00 -1 -1.48e-12      0.00 7.318e-01 2.611e-01 1.272e-03 3.431e-04 3.112e-03 -1.000 7.072e-03 3.858 2.224 1.423 1.284 1.218 1.262 1.226 1.165 0.733 0.856 0.981 1.237 1.268 1.218 0.922
0.007 -0.33541 5.00000 0.4373410344 2.1670360565    0.437  0.471  3.6099  2.999    0  0.000  0.545     0.00     0.00 -1  -1.8e-12      0.00 7.318e-01 2.611e-01 1.272e-03 3.431e-04 3.112e-03 -1.000 7.072e-03 3.593 1.984 1.212 1.082 1.020 1.069 1.035 0.972 0.549 0.678 0.803 1.034 1.075 1.028 0.738
0.007 -0.33541 5.00000 0.4855828285 2.2223072052    0.485  0.552  3.6192  3.001    0  0.000  0.545     0.00     0.00 -1 -2.05e-12      0.00 7.318e-01 2.611e-01 1.272e-03 3.431e-04 3.112e-03 -1.000 7.072e-03 3.391 1.801 1.055 0.932 0.874 0.927 0.894 0.832 0.415 0.548 0.673 0.885 0.932 0.891 0.604
0.007 -0.33541 5.00000 0.5338246226 2.2697980404    0.533  0.641  3.6269  2.984    0  0.000  0.545     0.00     0.00 -1 -2.45e-12      0.00 7.318e-01 2.611e-01 1.272e-03 3.431e-04 3.112e-03 -1.000 7.072e-03 3.168 1.595 0.871 0.754 0.699 0.753 0.723 0.662 0.246 0.381 0.507 0.708 0.759 0.721 0.435
0.007 -0.33541 5.00000 0.5671941042 2.2973992825    0.566  0.687  3.6316  2.983    0  0.000  0.545     0.00     0.00 -1 -2.65e-12      0.00 7.318e-01 2.611e-01 1.272e-03 3.431e-04 3.112e-03 -1.000 7.072e-03 3.053 1.492 0.781 0.667 0.615 0.669 0.640 0.580 0.165 0.301 0.427 0.623 0.674 0.639 0.354
0.007 -0.33541 5.00000 0.5820664167 2.3085346222    0.581  0.705  3.6337  2.984    0  0.000  0.545     0.00     0.00 -1 -2.73e-12      0.00 7.318e-01 2.611e-01 1.272e-03 3.431e-04 3.112e-03 -1.000 7.072e-03 3.007 1.450 0.746 0.634 0.583 0.636 0.608 0.548 0.133 0.270 0.396 0.590 0.642 0.607 0.322
0.007 -0.33541 5.00000 0.5843304396 2.3101727962    0.584  0.708  3.6339  2.984    0  0.000  0.545     0.00     0.00 -1 -2.74e-12      0.00 7.318e-01 2.611e-01 1.272e-03 3.431e-04 3.112e-03 -1.000 7.072e-03 3.000 1.444 0.740 0.628 0.577 0.631 0.602 0.543 0.128 0.265 0.391 0.585 0.637 0.602 0.317
0.007 -0.33541 5.00000 0.6303082108 2.3405330181    0.630  0.780  3.6392  2.966    0  0.000  0.545     0.00     0.00 -1 -3.18e-12      0.00 7.318e-01 2.611e-01 1.272e-03 3.431e-04 3.112e-03 -1.000 7.072e-03 2.819 1.276 0.588 0.480 0.432 0.485 0.458 0.399 -0.016 0.122 0.248 0.438 0.490 0.458 0.173
0.007 -0.33541 5.00000 0.6785501242 2.3673565388    0.678  0.842  3.6440  2.955    0  0.000  0.545     0.00     0.00 -1 -3.57e-12      0.00 7.318e-01 2.611e-01 1.272e-03 3.431e-04 3.112e-03 -1.000 7.072e-03 2.665 1.134 0.462 0.358 0.310 0.363 0.337 0.279 -0.136 0.002 0.129 0.317 0.368 0.339 0.053
0.007 -0.33541 5.00000 0.7267918587 2.3901269436    0.726  0.908  3.6496  2.942    0  0.000  0.541     0.00     0.00 -1 -4.08e-12      0.00 7.318e-01 2.611e-01 1.262e-03 3.428e-04 3.112e-03 -1.000 7.072e-03 2.500 0.983 0.331 0.231 0.185 0.236 0.211 0.155 -0.260 -0.123 0.005 0.190 0.241 0.214 -0.071
0.007 -0.33541 5.00000 0.7755740285 2.4098718166    0.775  0.962  3.6545  2.936    0  0.000  0.538     0.00     0.00 -1  -4.5e-12      0.00 7.318e-01 2.611e-01 1.255e-03 3.426e-04 3.112e-03 -1.000 7.072e-03 2.365 0.862 0.227 0.130 0.085 0.135 0.111 0.056 -0.359 -0.221 -0.094 0.090 0.140 0.115 -0.170
0.007 -0.33541 5.00000 0.7825287580 2.4124572277    0.782  0.968  3.6550  2.935    0  0.000  0.538     0.00     0.00 -1 -4.55e-12      0.00 7.318e-01 2.611e-01 1.255e-03 3.426e-04 3.112e-03 -1.000 7.072e-03 2.350 0.848 0.214 0.118 0.072 0.122 0.099 0.044 -0.371 -0.233 -0.106 0.078 0.127 0.103 -0.182
0.007 -0.33541 5.00000 0.8243562579 2.4269537926    0.824  1.011  3.6576  2.925    0  0.000  0.538     0.00     0.00 -1 -4.95e-12      0.00 7.318e-01 2.611e-01 1.255e-03 3.426e-04 3.112e-03 -1.000 7.072e-03 2.243 0.748 0.124 0.029 -0.016 0.033 0.010 -0.043 -0.459 -0.321 -0.194 -0.011 0.039 0.016 -0.270
0.007 -0.33541 5.00000 0.8437778354 2.4331259727    0.843  1.028  3.6587  2.923    0  0.000  0.538     0.00     0.00 -1  -5.1e-12      0.00 7.318e-01 2.611e-01 1.255e-03 3.426e-04 3.112e-03 -1.000 7.072e-03 2.201 0.709 0.088 -0.005 -0.050 -0.001 -0.024 -0.077 -0.493 -0.355 -0.227 -0.045 0.004 -0.018 -0.304
0.007 -0.33541 5.00000 0.8731384277 2.4418597221    0.872  1.056  3.6603  2.916    0  0.000  0.538     0.00     0.00 -1 -5.39e-12      0.00 7.318e-01 2.611e-01 1.255e-03 3.426e-04 3.112e-03 -1.000 7.072e-03 2.131 0.643 0.028 -0.065 -0.109 -0.060 -0.083 -0.136 -0.552 -0.414 -0.286 -0.104 -0.055 -0.077 -0.363
0.007 -0.33541 5.00000 0.9219205379 2.4549660683    0.921  1.100  3.6628  2.905    0  0.000  0.538     0.00     0.00 -1 -5.89e-12      0.00 7.318e-01 2.611e-01 1.255e-03 3.426e-04 3.112e-03 -1.000 7.072e-03 2.020 0.539 -0.067 -0.158 -0.202 -0.154 -0.176 -0.229 -0.644 -0.506 -0.378 -0.198 -0.149 -0.170 -0.456
0.007 -0.33541 5.00000 0.9707027674 2.4665691853    0.970  1.138  3.6651  2.899    0  0.000  0.538     0.00     0.00 -1  -6.3e-12      0.00 7.318e-01 2.611e-01 1.255e-03 3.426e-04 3.112e-03 -1.000 7.073e-03 1.924 0.450 -0.148 -0.238 -0.281 -0.233 -0.255 -0.307 -0.723 -0.585 -0.456 -0.276 -0.228 -0.248 -0.534
0.007 -0.33541 5.00000 1.0194849968 2.4769048691    1.019  1.176  3.6672  2.891    0  0.000  0.538     0.00     0.00 -1 -6.58e-12      0.00 7.318e-01 2.611e-01 1.255e-03 3.426e-04 3.112e-03 -1.000 7.072e-03 1.829 0.362 -0.230 -0.318 -0.361 -0.314 -0.335 -0.386 -0.802 -0.664 -0.536 -0.357 -0.309 -0.327 -0.613
0.007 -0.33541 5.00000 1.0682671070 2.4861624241    1.067  1.212  3.6692  2.883    0  0.000  0.538     0.00     0.00 -1 -6.53e-12      0.00 7.318e-01 2.611e-01 1.255e-03 3.426e-04 3.112e-03 -1.000 7.072e-03 1.741 0.279 -0.306 -0.393 -0.436 -0.389 -0.409 -0.460 -0.876 -0.738 -0.609 -0.431 -0.384 -0.401 -0.687
0.007 -0.33541 5.00000 1.1170494556 2.4944963455    1.116  1.246  3.6709  2.876    0  0.000  0.538     0.00     0.00 -1 -6.43e-12      0.00 7.318e-01 2.611e-01 1.255e-03 3.426e-04 3.112e-03 -1.000 7.072e-03 1.656 0.199 -0.380 -0.467 -0.509 -0.462 -0.482 -0.533 -0.949 -0.810 -0.682 -0.504 -0.457 -0.474 -0.760
0.007 -0.33541 5.00000 1.1658315659 2.5020334721    1.165  1.278  3.6726  2.869    0  0.000  0.538     0.00     0.00 -1 -6.26e-12      0.00 7.318e-01 2.611e-01 1.255e-03 3.426e-04 3.112e-03 -1.000 7.072e-03 1.576 0.124 -0.449 -0.535 -0.576 -0.530 -0.550 -0.600 -1.016 -0.878 -0.749 -0.572 -0.525 -0.541 -0.827
0.007 -0.33541 5.00000 1.2146137953 2.5088784695    1.214  1.307  3.6742  2.864    0  0.000  0.538     0.00     0.00 -1 -5.99e-12      0.00 7.318e-01 2.611e-01 1.255e-03 3.426e-04 3.112e-03 -1.000 7.072e-03 1.503 0.056 -0.512 -0.596 -0.638 -0.592 -0.612 -0.661 -1.077 -0.939 -0.810 -0.634 -0.587 -0.603 -0.888
0.007 -0.33541 5.00000 1.2633960247 2.5151193142    1.263  1.336  3.6756  2.858    0  0.000  0.538     0.00     0.00 -1 -5.69e-12      0.00 7.318e-01 2.611e-01 1.255e-03 3.426e-04 3.112e-03 -1.000 7.072e-03 1.430 -0.012 -0.575 -0.659 -0.700 -0.655 -0.674 -0.724 -1.139 -1.001 -0.872 -0.696 -0.650 -0.665 -0.951
0.007 -0.33541 5.00000 1.3121781349 2.5208294392    1.312  1.365  3.6769  2.850    0  0.000  0.538     0.00     0.00 -1 -5.35e-12      0.00 7.318e-01 2.611e-01 1.255e-03 3.426e-04 3.112e-03 -1.000 7.072e-03 1.357 -0.082 -0.640 -0.723 -0.765 -0.720 -0.739 -0.788 -1.204 -1.065 -0.937 -0.760 -0.715 -0.729 -1.015
0.007 -0.33541 5.00000 1.3609604836 2.5260713100    1.361  1.392  3.6782  2.845    0  0.000  0.538     0.00     0.00 -1 -4.91e-12      0.00 7.318e-01 2.611e-01 1.255e-03 3.426e-04 3.112e-03 -1.000 7.072e-03 1.291 -0.144 -0.697 -0.780 -0.821 -0.776 -0.795 -0.844 -1.260 -1.121 -0.993 -0.817 -0.772 -0.785 -1.071
0.007 -0.33541 5.00000 1.4013509750 2.5300953388    1.401  1.412  3.6793  2.842    0  0.000  0.538     0.00     0.00 -1 -4.47e-12      0.00 7.318e-01 2.611e-01 1.255e-03 3.426e-04 3.112e-03 -1.000 7.072e-03 1.240 -0.192 -0.742 -0.824 -0.865 -0.820 -0.839 -0.887 -1.303 -1.165 -1.036 -0.861 -0.816 -0.828 -1.114
0.007 -0.33541 5.00000 1.4097425938 2.5308983326    1.410  1.416  3.6795  2.841    0  0.000  0.538     0.00     0.00 -1 -4.38e-12      0.00 7.318e-01 2.611e-01 1.255e-03 3.426e-04 3.112e-03 -1.000 7.072e-03 1.231 -0.200 -0.749 -0.831 -0.872 -0.828 -0.847 -0.895 -1.311 -1.172 -1.043 -0.868 -0.823 -0.836 -1.122
0.007 -0.33541 5.00000 1.4585247040 2.5353558064    1.459  1.438  3.6807  2.839    0  0.000  0.538     0.00     0.00 -1 -3.78e-12      0.00 7.318e-01 2.611e-01 1.255e-03 3.426e-04 3.112e-03 -1.000 7.083e-03 1.175 -0.252 -0.797 -0.879 -0.919 -0.875 -0.894 -0.942 -1.358 -1.219 -1.090 -0.915 -0.871 -0.883 -1.169
0.007 -0.33541 5.00000 1.5073068142 2.5394830704    1.507  1.462  3.6817  2.833    0  0.000  0.538     0.00     0.00 -1 -3.15e-12      0.00 7.318e-01 2.611e-01 1.255e-03 3.426e-04 3.112e-03 -1.000 7.073e-03 1.114 -0.309 -0.851 -0.932 -0.972 -0.929 -0.947 -0.994 -1.410 -1.272 -1.143 -0.968 -0.924 -0.935 -1.221
0.007 -0.33541 5.00000 1.5560891628 2.5433144569    1.556  1.484  3.6828  2.829    0  0.000  0.538     0.00     0.00 -1 -2.44e-12      0.00 7.318e-01 2.611e-01 1.255e-03 3.426e-04 3.112e-03 -1.000 7.079e-03 1.060 -0.361 -0.899 -0.980 -1.020 -0.976 -0.994 -1.041 -1.457 -1.318 -1.189 -1.016 -0.971 -0.982 -1.268
0.007 -0.33541 5.00000 1.6048712730 2.5468788147    1.604  1.504  3.6839  2.826    0  0.000  0.538     0.00     0.00 -1 -1.65e-12      0.00 7.318e-01 2.611e-01 1.255e-03 3.426e-04 3.112e-03 -1.000 7.086e-03 1.009 -0.408 -0.943 -1.023 -1.062 -1.019 -1.037 -1.084 -1.500 -1.361 -1.232 -1.058 -1.014 -1.025 -1.311
0.007 -0.33541 5.00000 1.6536533833 2.5502026081    1.653  1.525  3.6848  2.823    0  0.000  0.538     0.00     0.00 -1 -4.46e-14      0.00 7.318e-01 2.611e-01 1.255e-03 3.426e-04 3.112e-03 -1.000 7.073e-03 0.958 -0.456 -0.988 -1.068 -1.107 -1.064 -1.082 -1.128 -1.544 -1.405 -1.276 -1.103 -1.059 -1.069 -1.355
0.007 -0.33541 5.00000 1.7024356127 2.5533084869    1.702  1.544  3.6858  2.820    0  0.000  0.538     0.00     0.00 -1    -1e-30      0.00 7.318e-01 2.611e-01 1.255e-03 3.426e-04 3.112e-03 -1.000 7.092e-03 0.910 -0.501 -1.030 -1.109 -1.148 -1.105 -1.123 -1.169 -1.584 -1.446 -1.317 -1.144 -1.101 -1.110 -1.396
0.007 -0.33541 5.00000 1.7512178421 2.5562160015    1.750  1.564  3.6866  2.816    0  0.000  0.538     0.00     0.00 -1    -1e-30      0.00 7.318e-01 2.611e-01 1.255e-03 3.426e-04 3.112e-03 -1.000 7.077e-03 0.861 -0.548 -1.074 -1.152 -1.191 -1.149 -1.166 -1.212 -1.628 -1.488 -1.360 -1.187 -1.144 -1.153 -1.439
0.007 -0.33541 5.00000 1.7854349613 2.5581467152    1.784  1.579  3.6871  2.811    0  0.000  0.538     0.00     0.00 -1    -1e-30      0.00 7.318e-01 2.611e-01 1.255e-03 3.426e-04 3.112e-03 -1.000 7.073e-03 0.823 -0.583 -1.108 -1.186 -1.225 -1.183 -1.200 -1.246 -1.661 -1.522 -1.393 -1.221 -1.178 -1.187 -1.472
0.007 -0.33541 5.00000 1.7999999523 2.5589430332    1.799  1.584  3.6874  2.811    0  0.000  0.538     0.00     0.00 -1    -1e-30      0.00 7.318e-01 2.611e-01 1.255e-03 3.426e-04 3.112e-03 -1.000 7.077e-03 0.811 -0.595 -1.119 -1.197 -1.235 -1.193 -1.210 -1.256 -1.671 -1.532 -1.403 -1.231 -1.188 -1.197 -1.483
0.007 -0.33541 5.00000 1.8487784863 2.5615050793    1.848  1.599  3.6883  2.811    0  0.000  0.538     0.00     0.00 -1    -1e-30      0.00 7.318e-01 2.611e-01 1.255e-03 3.426e-04 3.112e-03 -1.000 7.072e-03 0.772 -0.631 -1.152 -1.229 -1.268 -1.225 -1.243 -1.288 -1.703 -1.564 -1.435 -1.264 -1.221 -1.229 -1.515
0.007 -0.33541 5.00000 1.8975570202 2.5639162064    1.897  1.618  3.6890  2.806    0  0.000  0.538     0.00     0.00 -1    -1e-30      0.00 7.318e-01 2.611e-01 1.255e-03 3.426e-04 3.112e-03 -1.000 7.091e-03 0.725 -0.675 -1.194 -1.271 -1.309 -1.267 -1.284 -1.329 -1.744 -1.605 -1.476 -1.305 -1.262 -1.270 -1.555
0.007 -0.33541 5.00000 1.9463355541 2.5661890507    1.946  1.633  3.6899  2.806    0  0.000  0.538     0.00     0.00 -1    -1e-30      0.00 7.318e-01 2.611e-01 1.255e-03 3.426e-04 3.112e-03 -1.000 7.094e-03 0.688 -0.710 -1.226 -1.302 -1.340 -1.298 -1.315 -1.361 -1.776 -1.636 -1.507 -1.336 -1.294 -1.301 -1.587
0.007 -0.33541 5.00000 1.9951140881 2.5683343410    1.995  1.647  3.6907  2.806    0  0.000  0.538     0.00     0.00 -1    -1e-30      0.00 7.317e-01 2.611e-01 1.255e-03 3.426e-04 3.112e-03 -1.000 7.121e-03 0.653 -0.742 -1.255 -1.331 -1.369 -1.328 -1.344 -1.389 -1.804 -1.665 -1.536 -1.365 -1.323 -1.330 -1.615
0.007 -0.33541 5.00000 2.0185730457 2.5693237782    2.018  1.655  3.6910  2.804    0  0.000  0.538     0.00     0.00 -1    -1e-30      0.00 7.318e-01 2.611e-01 1.255e-03 3.426e-04 3.112e-03 -1.000 7.103e-03 0.633 -0.761 -1.274 -1.349 -1.387 -1.346 -1.362 -1.407 -1.822 -1.683 -1.554 -1.383 -1.341 -1.348 -1.633
0.007 -0.33541 5.00000 2.0438926220 2.5703623295    2.043  1.663  3.6914  2.803    0  0.000  0.538     0.00     0.00 -1    -1e-30      0.00 7.318e-01 2.612e-01 1.255e-03 3.426e-04 3.112e-03 -1.000 7.078e-03 0.612 -0.780 -1.292 -1.367 -1.405 -1.363 -1.380 -1.425 -1.840 -1.700 -1.571 -1.401 -1.359 -1.365 -1.651
0.007 -0.33541 5.00000 2.0926709175 2.5722820759    2.092  1.677  3.6922  2.803    0  0.000  0.538     0.00     0.00 -1    -1e-30      0.00 7.317e-01 2.611e-01 1.255e-03 3.426e-04 3.112e-03 -1.000 7.108e-03 0.579 -0.811 -1.320 -1.395 -1.433 -1.392 -1.408 -1.452 -1.867 -1.728 -1.599 -1.429 -1.387 -1.393 -1.678
0.007 -0.33541 5.00000 2.1414496899 2.5741014481    2.140  1.691  3.6929  2.801    0  0.000  0.538     0.00     0.00 -1    -1e-30      0.00 7.318e-01 2.612e-01 1.255e-03 3.426e-04 3.112e-03 -1.000 7.079e-03 0.543 -0.843 -1.350 -1.425 -1.462 -1.422 -1.438 -1.482 -1.897 -1.757 -1.628 -1.459 -1.417 -1.423 -1.708
0.007 -0.33541 5.00000 2.1902279854 2.5758280754    2.189  1.704  3.6936  2.801    0  0.000  0.538     0.00     0.00 -1    -1e-30      0.00 7.318e-01 2.611e-01 1.255e-03 3.426e-04 3.112e-03 -1.000 7.098e-03 0.511 -0.873 -1.378 -1.452 -1.489 -1.449 -1.465 -1.509 -1.923 -1.784 -1.655 -1.486 -1.445 -1.449 -1.734
0.007 -0.33541 5.00000 2.2390067577 2.5774683952    2.238  1.715  3.6944  2.802    0  0.000  0.538     0.00     0.00 -1    -1e-30      0.00 7.317e-01 2.612e-01 1.255e-03 3.426e-04 3.112e-03 -1.000 7.072e-03 0.482 -0.900 -1.402 -1.476 -1.513 -1.473 -1.489 -1.532 -1.947 -1.807 -1.678 -1.509 -1.469 -1.473 -1.758
0.007 -0.33541 5.00000 2.2877850533 2.5790286064    2.286  1.727  3.6950  2.802    0  0.000  0.538     0.00     0.00 -1    -1e-30      0.00 7.317e-01 2.612e-01 1.255e-03 3.426e-04 3.112e-03 -1.000 7.129e-03 0.451 -0.928 -1.428 -1.502 -1.538 -1.499 -1.515 -1.557 -1.972 -1.832 -1.703 -1.535 -1.494 -1.498 -1.783
0.007 -0.33541 5.00000 2.3025016785 2.5794844627    2.301  1.732  3.6952  2.801    0  0.000  0.538     0.00     0.00 -1    -1e-30      0.00 7.317e-01 2.612e-01 1.255e-03 3.426e-04 3.112e-03 -1.000 7.123e-03 0.441 -0.937 -1.437 -1.511 -1.547 -1.508 -1.524 -1.566 -1.981 -1.841 -1.712 -1.544 -1.503 -1.507 -1.792
0.007 -0.33541 5.00000 2.3365635872 2.5805141926    2.335  1.740  3.6957  2.801    0  0.000  0.538     0.00     0.00 -1    -1e-30      0.00 7.317e-01 2.612e-01 1.255e-03 3.426e-04 3.112e-03 -1.000 7.096e-03 0.420 -0.957 -1.455 -1.529 -1.565 -1.526 -1.542 -1.584 -1.999 -1.859 -1.730 -1.562 -1.522 -1.525 -1.810
0.007 -0.33541 5.00000 2.3853423595 2.5819299221    2.384  1.751  3.6964  2.802    0  0.000  0.538     0.00     0.00 -1    -1e-30      0.00 7.317e-01 2.612e-01 1.255e-03 3.426e-04 3.112e-03 -1.000 7.084e-03 0.393 -0.981 -1.477 -1.550 -1.586 -1.547 -1.563 -1.605 -2.020 -1.880 -1.751 -1.583 -1.543 -1.546 -1.831
0.007 -0.33541 5.00000 2.4145452976 2.5827462673    2.413  1.732  3.6982  2.833    0  0.000  0.538     0.00     0.00 -1    -1e-30      0.00 7.317e-01 2.612e-01 1.255e-03 3.426e-04 3.112e-03 -1.000 7.083e-03 0.440 -0.928 -1.418 -1.490 -1.526 -1.488 -1.503 -1.544 -1.959 -1.819 -1.689 -1.523 -1.484 -1.485 -1.770
0.007 -0.33541 5.00000 2.4830393791 2.5845742226    2.482  1.689  3.7024  2.906    0  0.000  0.538     0.00     0.00 -1    -1e-30      0.00 7.317e-01 2.612e-01 1.255e-03 3.426e-04 3.112e-03 -1.000 7.077e-03 0.548 -0.804 -1.282 -1.352 -1.387 -1.350 -1.365 -1.404 -1.818 -1.677 -1.548 -1.384 -1.346 -1.344 -1.629
0.007 -0.33541 5.00000 2.5698676109 2.5867314339    2.569  1.647  3.7068  2.980    0  0.000  0.538     0.00     0.00 -1    -1e-30      0.00 7.318e-01 2.612e-01 1.255e-03 3.426e-04 3.112e-03 -1.000 7.072e-03 0.653 -0.684 -1.149 -1.218 -1.251 -1.215 -1.230 -1.267 -1.680 -1.540 -1.409 -1.248 -1.211 -1.207 -1.491
0.007 -0.33541 5.00000 2.5804562569 2.5869832039    2.580  1.643  3.7072  2.988    0  0.000  0.538     0.00     0.00 -1    -1e-30      0.00 7.318e-01 2.612e-01 1.255e-03 3.426e-04 3.112e-03 -1.000 7.072e-03 0.663 -0.673 -1.137 -1.205 -1.237 -1.202 -1.217 -1.254 -1.667 -1.526 -1.396 -1.234 -1.198 -1.194 -1.478
0.007 -0.33541 5.00000 2.6454162598 2.5884764194    2.645  1.652  3.7083  2.993    0  0.000  0.538     0.00     0.00 -1    -1e-30      0.00 7.318e-01 2.611e-01 1.255e-03 3.426e-04 3.112e-03 -1.000 7.072e-03 0.639 -0.693 -1.154 -1.221 -1.254 -1.219 -1.233 -1.270 -1.683 -1.542 -1.412 -1.251 -1.215 -1.210 -1.494
0.007 -0.33541 5.00000 2.7604568005 2.5909237862    2.760  1.672  3.7099  2.998    0  0.000  0.538     0.00     0.00 -1    -1e-30      0.00 7.318e-01 2.611e-01 1.255e-03 3.426e-04 3.113e-03 -1.000 7.072e-03 0.589 -0.737 -1.194 -1.261 -1.293 -1.258 -1.272 -1.309 -1.722 -1.581 -1.451 -1.290 -1.254 -1.248 -1.533
0.007 -0.33541 5.00000 2.7755703926 2.5912280083    2.775  1.675  3.7101  2.999    0  0.000  0.538     0.00     0.00 -1    -1e-30      0.00 7.318e-01 2.611e-01 1.255e-03 3.426e-04 3.113e-03 -1.000 7.072e-03 0.583 -0.743 -1.199 -1.266 -1.298 -1.263 -1.277 -1.314 -1.727 -1.586 -1.456 -1.295 -1.259 -1.253 -1.538
0.007 -0.33541 5.00000 2.8323869705 2.5923385620    2.832  1.687  3.7107  2.998    0  0.000  0.538     0.00     0.00 -1    -1e-30      0.00 7.318e-01 2.611e-01 1.255e-03 3.426e-04 3.113e-03 -1.000 7.072e-03 0.553 -0.771 -1.225 -1.291 -1.323 -1.288 -1.302 -1.339 -1.752 -1.611 -1.481 -1.320 -1.285 -1.279 -1.563
0.007 -0.33541 5.00000 2.9706845284 2.5948383808    2.970  1.718  3.7120  2.993    0  0.000  0.538     0.00     0.00 -1    -1e-30      0.00 7.318e-01 2.611e-01 1.255e-03 3.426e-04 3.113e-03 -1.000 7.072e-03 0.476 -0.843 -1.293 -1.359 -1.391 -1.357 -1.371 -1.406 -1.819 -1.679 -1.548 -1.388 -1.353 -1.346 -1.631
0.007 -0.33541 5.00000 3.1112813950 2.5971195698    3.110  1.747  3.7133  2.989    0  0.000  0.538     0.00     0.00 -1    -1e-30      0.00 7.318e-01 2.611e-01 1.255e-03 3.426e-04 3.113e-03 -1.000 7.072e-03 0.403 -0.911 -1.357 -1.423 -1.454 -1.421 -1.435 -1.470 -1.883 -1.742 -1.612 -1.451 -1.417 -1.410 -1.694
0.007 -0.33541 5.00000 3.1657986641 2.5979416370    3.164  1.759  3.7137  2.986    0  0.000  0.538     0.00     0.00 -1    -1e-30      0.00 7.318e-01 2.611e-01 1.255e-03 3.426e-04 3.113e-03 -1.000 7.072e-03 0.372 -0.940 -1.385 -1.450 -1.482 -1.448 -1.462 -1.497 -1.910 -1.769 -1.639 -1.479 -1.445 -1.437 -1.721
0.007 -0.33541 5.00000 3.2841503620 2.5996189117    3.282  1.783  3.7148  2.983    0  0.000  0.538     0.00     0.00 -1    -1e-30      0.00 7.318e-01 2.611e-01 1.255e-03 3.426e-04 3.113e-03 -1.000 7.072e-03 0.314 -0.995 -1.437 -1.502 -1.533 -1.500 -1.514 -1.548 -1.961 -1.820 -1.690 -1.530 -1.496 -1.488 -1.772
0.007 -0.33541 5.00000 3.3609127998 2.6006343365    3.359  1.799  3.7154  2.979    0  0.000  0.538     0.00     0.00 -1    -1e-30      0.00 7.318e-01 2.611e-01 1.255e-03 3.426e-04 3.113e-03 -1.000 7.072e-03 0.274 -1.032 -1.472 -1.537 -1.568 -1.535 -1.549 -1.583 -1.996 -1.855 -1.725 -1.565 -1.532 -1.523 -1.807
0.007 -0.33541 5.00000 3.4245975018 2.6014373302    3.422  1.810  3.7159  2.978    0  0.000  0.538     0.00     0.00 -1    -1e-30      0.00 7.318e-01 2.611e-01 1.255e-03 3.426e-04 3.113e-03 -1.000 7.072e-03 0.244 -1.060 -1.499 -1.563 -1.594 -1.561 -1.575 -1.609 -2.022 -1.881 -1.751 -1.591 -1.558 -1.549 -1.833
0.007 -0.33541 5.00000 3.5560266972 2.6029901505    3.553  1.837  3.7170  2.971    0  0.000  0.538     0.00     0.00 -1    -1e-30      0.00 7.318e-01 2.611e-01 1.255e-03 3.426e-04 3.113e-03 -1.000 7.072e-03 0.177 -1.123 -1.558 -1.622 -1.653 -1.621 -1.634 -1.668 -2.081 -1.940 -1.810 -1.650 -1.617 -1.608 -1.892
0.007 -0.33541 5.00000 3.5906043053 2.6033768654    3.587  1.843  3.7173  2.971    0  0.000  0.538     0.00     0.00 -1    -1e-30      0.00 7.318e-01 2.611e-01 1.255e-03 3.426e-04 3.113e-03 -1.000 7.072e-03 0.162 -1.137 -1.572 -1.636 -1.666 -1.634 -1.648 -1.681 -2.094 -1.953 -1.823 -1.663 -1.631 -1.621 -1.905
0.007 -0.33541 5.00000 3.7511405945 2.6050662994    3.748  1.877  3.7184  2.961    0  0.000  0.538     0.00     0.00 -1    -1e-30      0.00 7.318e-01 2.611e-01 1.255e-03 3.426e-04 3.113e-03 -1.000 7.072e-03 0.078 -1.216 -1.647 -1.711 -1.741 -1.710 -1.723 -1.756 -2.169 -2.028 -1.898 -1.738 -1.706 -1.696 -1.980
0.007 -0.33541 5.00000 3.8183526993 2.6057250500    3.816  1.889  3.7190  2.959    0  0.000  0.538     0.00     0.00 -1    -1e-30      0.00 7.318e-01 2.611e-01 1.255e-03 3.426e-04 3.113e-03 -1.000 7.072e-03 0.048 -1.245 -1.674 -1.737 -1.768 -1.736 -1.750 -1.783 -2.195 -2.054 -1.924 -1.765 -1.733 -1.722 -2.006
0.007 -0.33541 5.00000 3.9462547302 2.6069080830    3.945  1.914  3.7200  2.952    0  0.000  0.538     0.00     0.00 -1    -1e-30      0.00 7.318e-01 2.611e-01 1.255e-03 3.426e-04 3.113e-03 -1.000 7.072e-03 -0.015 -1.304 -1.730 -1.793 -1.823 -1.792 -1.806 -1.838 -2.251 -2.110 -1.980 -1.820 -1.789 -1.777 -2.062
0.007 -0.33541 5.00000 4.1413688660 2.6085517406    4.139  1.957  3.7214  2.936    0  0.000  0.538     0.00     0.00 -1    -1e-30      0.00 7.318e-01 2.611e-01 1.255e-03 3.426e-04 3.113e-03 -1.000 7.072e-03 -0.122 -1.405 -1.827 -1.890 -1.919 -1.889 -1.902 -1.934 -2.347 -2.206 -2.076 -1.917 -1.886 -1.874 -2.158
0.007 -0.33541 5.00000 4.2323966026 2.6092591286    4.229  1.975  3.7222  2.930    0  0.000  0.538     0.00     0.00 -1    -1e-30      0.00 7.318e-01 2.611e-01 1.255e-03 3.426e-04 3.113e-03 -1.000 7.072e-03 -0.168 -1.448 -1.868 -1.930 -1.960 -1.930 -1.943 -1.974 -2.387 -2.246 -2.116 -1.957 -1.927 -1.914 -2.198
0.007 -0.33541 5.00000 4.3364834785 2.6100265980    4.333  1.997  3.7231  2.922    0  0.000  0.538     0.00     0.00 -1    -1e-30      0.00 7.318e-01 2.611e-01 1.255e-03 3.426e-04 3.113e-03 -1.000 7.072e-03 -0.223 -1.499 -1.917 -1.979 -2.008 -1.978 -1.991 -2.022 -2.435 -2.294 -2.164 -2.005 -1.975 -1.962 -2.246
0.007 -0.33541 5.00000 4.5315971375 2.6113562584    4.528  2.046  3.7246  2.898    0  0.000  0.538     0.00     0.00 -1    -1e-30      0.00 7.318e-01 2.611e-01 1.255e-03 3.426e-04 3.113e-03 -1.000 7.072e-03 -0.345 -1.615 -2.028 -2.089 -2.118 -2.090 -2.102 -2.133 -2.545 -2.405 -2.275 -2.116 -2.087 -2.072 -2.356
0.007 -0.33541 5.00000 4.7242608070 2.6125459671    4.721  2.095  3.7264  2.875    0  0.000  0.538     0.00     0.00 -1    -1e-30      0.00 7.318e-01 2.611e-01 1.255e-03 3.426e-04 3.113e-03 -1.000 7.072e-03 -0.467 -1.730 -2.138 -2.198 -2.227 -2.199 -2.212 -2.241 -2.654 -2.513 -2.383 -2.224 -2.196 -2.180 -2.465
0.007 -0.33541 5.00000 4.7267112732 2.6125602722    4.724  2.096  3.7265  2.875    0  0.000  0.538     0.00     0.00 -1    -1e-30      0.00 7.318e-01 2.611e-01 1.255e-03 3.426e-04 3.113e-03 -1.000 7.072e-03 -0.469 -1.732 -2.140 -2.200 -2.229 -2.201 -2.213 -2.243 -2.655 -2.515 -2.385 -2.226 -2.198 -2.182 -2.466
0.007 -0.33541 5.00000 4.9218254089 2.6136555672    4.919  2.151  3.7286  2.845    0  0.000  0.538     0.00     0.00 -1    -1e-30      0.00 7.318e-01 2.611e-01 1.255e-03 3.426e-04 3.113e-03 -1.000 7.072e-03 -0.608 -1.862 -2.264 -2.323 -2.351 -2.325 -2.337 -2.365 -2.778 -2.637 -2.507 -2.349 -2.322 -2.305 -2.589
0.007 -0.33541 5.00000 4.9754328728 2.6139390469    4.973  2.168  3.7293  2.836    0  0.000  0.538     0.00     0.00 -1    -1e-30      0.00 7.318e-01 2.611e-01 1.255e-03 3.426e-04 3.113e-03 -1.000 7.072e-03 -0.650 -1.901 -2.301 -2.360 -2.388 -2.362 -2.374 -2.402 -2.815 -2.674 -2.544 -2.386 -2.359 -2.341 -2.626
0.007 -0.33541 5.00000 5.1169390678 2.6146550179    5.116  2.226  3.7314  2.798    0  0.000  0.538     0.00     0.00 -1    -1e-30      0.00 7.318e-01 2.611e-01 1.255e-03 3.426e-04 3.113e-03 -1.000 7.072e-03 -0.796 -2.039 -2.433 -2.491 -2.519 -2.494 -2.506 -2.532 -2.945 -2.805 -2.675 -2.516 -2.491 -2.472 -2.756
0.007 -0.33541 5.00000 5.3120536804 2.6155707836    5.311  2.312  3.7349  2.743    0  0.000  0.538     0.00     0.00 -1    -1e-30      0.00 7.318e-01 2.611e-01 1.255e-03 3.426e-04 3.113e-03 -1.000 7.072e-03 -1.009 -2.238 -2.622 -2.679 -2.706 -2.683 -2.694 -2.720 -3.132 -2.992 -2.863 -2.703 -2.680 -2.659 -2.944
0.007 -0.33541 5.00000 5.3329534531 2.6156642437    5.332  2.321  3.7353  2.737    0  0.000  0.538     0.00     0.00 -1    -1e-30      0.00 7.318e-01 2.611e-01 1.255e-03 3.426e-04 3.113e-03 -1.000 7.072e-03 -1.033 -2.260 -2.643 -2.700 -2.726 -2.704 -2.715 -2.740 -3.153 -3.013 -2.884 -2.724 -2.701 -2.680 -2.964
0.007 -0.33541 5.00000 5.5071678162 2.6164121628    5.507  2.413  3.7401  2.678    0  0.000  0.538     0.00     0.00 -1    -1e-30      0.00 7.318e-01 2.611e-01 1.255e-03 3.426e-04 3.113e-03 -1.000 7.072e-03 -1.263 -2.472 -2.841 -2.896 -2.922 -2.902 -2.913 -2.936 -3.349 -3.209 -3.080 -2.920 -2.900 -2.875 -3.160
0.007 -0.33541 5.00000 5.5859441757 2.6167328358    5.586  2.454  3.7426  2.653    0  0.000  0.538     0.00     0.00 -1    -1e-30      0.00 7.318e-01 2.611e-01 1.255e-03 3.426e-04 3.113e-03 -1.000 7.072e-03 -1.365 -2.564 -2.926 -2.981 -3.006 -2.987 -2.998 -3.020 -3.435 -3.290 -3.164 -3.003 -2.985 -2.973 -3.247
0.007 -0.33541 5.00000 5.7056989670 2.6172006130    5.706  2.511  3.7472  2.624    0  0.000  0.538     0.00     0.00 -1    -1e-30      0.00 7.318e-01 2.611e-01 1.255e-03 3.426e-04 3.113e-03 -1.000 7.072e-03 -1.508 -2.687 -3.036 -3.089 -3.114 -3.098 -3.108 -3.128 -3.549 -3.393 -3.271 -3.112 -3.096 -3.111 -3.361
0.007 -0.33541 5.00000 5.8492918015 2.6177330017    5.849  2.571  3.7540  2.602    0  0.000  0.538     0.00     0.00 -1    -1e-30      0.00 7.318e-01 2.611e-01 1.255e-03 3.426e-04 3.113e-03 -1.000 7.072e-03 -1.657 -2.809 -3.139 -3.189 -3.213 -3.201 -3.210 -3.227 -3.657 -3.484 -3.369 -3.211 -3.199 -3.255 -3.469
0.007 -0.33541 5.00000 5.9042310715 2.6179287434    5.904  2.591  3.7573  2.599    0  0.000  0.538     0.00     0.00 -1    -1e-30      0.00 7.318e-01 2.611e-01 1.255e-03 3.426e-04 3.113e-03 -1.000 7.072e-03 -1.709 -2.846 -3.166 -3.216 -3.239 -3.228 -3.237 -3.252 -3.687 -3.505 -3.394 -3.237 -3.227 -3.302 -3.500
0.007 -0.33541 5.00000 6.0216794014 2.6183333397    6.021  2.634  3.7654  2.597    0  0.000  0.538     0.00     0.00 -1    -1e-30      0.00 7.318e-01 2.611e-01 1.255e-03 3.426e-04 3.113e-03 -1.000 7.072e-03 -1.815 -2.916 -3.216 -3.263 -3.284 -3.278 -3.286 -3.298 -3.742 -3.541 -3.438 -3.283 -3.277 -3.400 -3.556
0.007 -0.33541 5.00000 6.1027631760 2.6186022758    6.102  2.662  3.7731  2.605    0  0.000  0.538     0.00     0.00 -1    -1e-30      0.00 7.318e-01 2.611e-01 1.255e-03 3.426e-04 3.113e-03 -1.000 7.072e-03 -1.886 -2.951 -3.230 -3.274 -3.295 -3.292 -3.299 -3.309 -3.763 -3.542 -3.445 -3.293 -3.291 -3.460 -3.577
0.007 -0.33541 5.00000 6.1474332809 2.6187469959    6.146  2.677  3.7778  2.612    0  0.000  0.538     0.00     0.00 -1    -1e-30      0.00 7.318e-01 2.611e-01 1.255e-03 3.426e-04 3.113e-03 -1.000 7.072e-03 -1.924 -2.965 -3.231 -3.274 -3.294 -3.292 -3.299 -3.308 -3.768 -3.535 -3.440 -3.293 -3.292 -3.491 -3.583
0.007 -0.33541 5.00000 6.2545938492 2.6190845966    6.253  2.714  3.7914  2.637    0  0.000  0.538     0.00     0.00 -1    -1e-30      0.00 7.318e-01 2.611e-01 1.255e-03 3.426e-04 3.113e-03 -1.000 7.072e-03 -2.016 -2.991 -3.225 -3.264 -3.283 -3.286 -3.290 -3.297 -3.774 -3.506 -3.425 -3.281 -3.286 -3.568 -3.590
0.007 -0.33541 5.00000 6.3012952805 2.6192274094    6.300  2.731  3.7979  2.650    0  0.000  0.538     0.00     0.00 -1    -1e-30      0.00 7.318e-01 2.611e-01 1.255e-03 3.426e-04 3.113e-03 -1.000 7.072e-03 -2.057 -3.000 -3.219 -3.256 -3.274 -3.279 -3.283 -3.288 -3.772 -3.487 -3.414 -3.273 -3.279 -3.601 -3.589
0.007 -0.33541 5.00000 6.3420381546 2.6193501949    6.340  2.745  3.8035  2.661    0  0.000  0.538     0.00     0.00 -1    -1e-30      0.00 7.318e-01 2.611e-01 1.255e-03 3.426e-04 3.113e-03 -1.000 7.072e-03 -2.091 -3.007 -3.213 -3.249 -3.267 -3.272 -3.275 -3.280 -3.771 -3.471 -3.405 -3.265 -3.272 -3.630 -3.588
0.007 -0.33541 5.00000 6.4501171112 2.6196672916    6.446  2.782  3.8187  2.692    0  0.000  0.538     0.00     0.00 -1    -1e-30      0.00 7.318e-01 2.611e-01 1.255e-03 3.426e-04 3.113e-03 -1.000 7.072e-03 -2.186 -3.023 -3.197 -3.229 -3.246 -3.252 -3.255 -3.258 -3.760 -3.436 -3.381 -3.244 -3.252 -3.669 -3.577
0.007 -0.33541 5.00000 6.4998273849 2.6198089123    6.495  2.800  3.8259  2.706    0  0.000  0.538     0.00     0.00 -1    -1e-30      0.00 7.318e-01 2.611e-01 1.255e-03 3.426e-04 3.113e-03 -1.000 7.072e-03 -2.231 -3.031 -3.189 -3.220 -3.236 -3.243 -3.246 -3.249 -3.750 -3.425 -3.369 -3.235 -3.243 -3.660 -3.567
0.007 -0.33541 5.00000 6.5508933067 2.6199519634    6.545  2.819  3.8336  2.721    0  0.000  0.538     0.00     0.00 -1    -1e-30      0.00 7.318e-01 2.611e-01 1.255e-03 3.426e-04 3.113e-03 -1.000 7.072e-03 -2.278 -3.037 -3.179 -3.209 -3.225 -3.232 -3.234 -3.237 -3.737 -3.411 -3.355 -3.223 -3.232 -3.648 -3.555
0.007 -0.33541 5.00000 6.6499791145 2.6202223301    6.643  2.857  3.8488  2.750    0  0.000  0.538     0.00     0.00 -1    -1e-30      0.00 7.318e-01 2.611e-01 1.255e-03 3.426e-04 3.113e-03 -1.000 7.072e-03 -2.373 -3.048 -3.160 -3.188 -3.203 -3.210 -3.212 -3.215 -3.714 -3.386 -3.329 -3.202 -3.210 -3.626 -3.531
0.007 -0.33541 5.00000 6.7473340034 2.6204788685    6.740  2.896  3.8641  2.779    0  0.000  0.538     0.00     0.00 -1    -1e-30      0.00 7.318e-01 2.611e-01 1.255e-03 3.426e-04 3.113e-03 -1.000 7.072e-03 -2.470 -3.058 -3.141 -3.167 -3.181 -3.188 -3.191 -3.194 -3.691 -3.361 -3.303 -3.181 -3.188 -3.604 -3.509
0.007 -0.33541 5.00000 6.8424453735 2.6207215786    6.834  2.935  3.8795  2.807    0  0.000  0.538     0.00     0.00 -1    -1e-30      0.00 7.318e-01 2.611e-01 1.255e-03 3.426e-04 3.113e-03 -1.000 7.072e-03 -2.568 -3.065 -3.124 -3.148 -3.161 -3.168 -3.170 -3.173 -3.669 -3.337 -3.279 -3.161 -3.168 -3.583 -3.486
0.007 -0.33541 5.00000 6.9350976944 2.6209506989    6.926  2.975  3.8949  2.835    0  0.000  0.538     0.00     0.00 -1    -1e-30      0.00 7.318e-01 2.611e-01 1.255e-03 3.426e-04 3.113e-03 -1.000 7.072e-03 -2.668 -3.072 -3.108 -3.130 -3.142 -3.149 -3.151 -3.153 -3.648 -3.315 -3.255 -3.142 -3.149 -3.563 -3.465
0.007 -0.33541 5.00000 7.0252113342 2.6211669445    7.015  3.015  3.9102  2.862    0  0.000  0.538     0.00     0.00 -1    -1e-30      0.00 7.318e-01 2.611e-01 1.255e-03 3.426e-04 3.113e-03 -1.000 7.072e-03 -2.768 -3.078 -3.096 -3.115 -3.126 -3.132 -3.133 -3.135 -3.628 -3.294 -3.234 -3.126 -3.132 -3.545 -3.446
0.007 -0.33541 5.00000 7.0954227448 2.6213309765    7.086  3.047  3.9225  2.883    0  0.000  0.538     0.00     0.00 -1    -1e-30      0.00 7.318e-01 2.611e-01 1.255e-03 3.426e-04 3.113e-03 -1.000 7.072e-03 -2.848 -3.081 -3.087 -3.103 -3.113 -3.119 -3.120 -3.122 -3.614 -3.279 -3.218 -3.113 -3.119 -3.531 -3.432
0.007 -0.33541 5.00000 7.1599292755 2.6214783192    7.151  3.077  3.9339  2.903    0  0.000  0.538     0.00     0.00 -1    -1e-30      0.00 7.318e-01 2.611e-01 1.255e-03 3.426e-04 3.113e-03 -1.000 7.072e-03 -2.923 -3.083 -3.080 -3.093 -3.101 -3.107 -3.107 -3.109 -3.600 -3.265 -3.204 -3.101 -3.107 -3.518 -3.418
0.007 -0.33541 5.00000 7.2384605408 2.6216537952    7.229  3.114  3.9480  2.927    0  0.000  0.538     0.00     0.00 -1    -1e-30      0.00 7.318e-01 2.611e-01 1.255e-03 3.426e-04 3.113e-03 -1.000 7.072e-03 -3.016 -3.083 -3.071 -3.080 -3.085 -3.090 -3.090 -3.091 -3.582 -3.245 -3.184 -3.086 -3.090 -3.500 -3.400
0.007 -0.33541 5.00000 7.3152375221 2.6218211651    7.307  3.151  3.9622  2.951    0  0.000  0.538     0.00     0.00 -1    -1e-30      0.00 7.318e-01 2.611e-01 1.255e-03 3.426e-04 3.113e-03 -1.000 7.072e-03 -3.108 -3.082 -3.062 -3.067 -3.069 -3.073 -3.072 -3.072 -3.561 -3.224 -3.163 -3.069 -3.072 -3.481 -3.379
0.007 -0.33541 5.00000 7.3904671669 2.6219813824    7.382  3.188  3.9764  2.976    0  0.000  0.538     0.00     0.00 -1    -1e-30      0.00 7.318e-01 2.611e-01 1.255e-03 3.426e-04 3.113e-03 -1.000 7.072e-03 -3.199 -3.079 -3.052 -3.053 -3.052 -3.054 -3.053 -3.052 -3.540 -3.202 -3.140 -3.053 -3.054 -3.460 -3.358
0.007 -0.33541 5.00000 7.4645261765 2.6221351624    7.457  3.224  3.9907  3.002    0  0.000  0.538     0.00     0.00 -1    -1e-30      0.00 7.318e-01 2.611e-01 1.255e-03 3.426e-04 3.113e-03 -1.000 7.072e-03 -3.290 -3.075 -3.042 -3.039 -3.033 -3.035 -3.033 -3.031 -3.517 -3.178 -3.117 -3.035 -3.034 -3.439 -3.335
0.007 -0.33541 5.00000 7.5375618935 2.6222836971    7.530  3.260  4.0051  3.028    0  0.000  0.538     0.00     0.00 -1    -1e-30      0.00 7.318e-01 2.611e-01 1.255e-03 3.426e-04 3.113e-03 -1.000 7.072e-03 -3.379 -3.068 -3.031 -3.024 -3.015 -3.015 -3.012 -3.009 -3.494 -3.154 -3.092 -3.016 -3.014 -3.416 -3.312
0.007 -0.33541 5.00000 7.6094088554 2.6224265099    7.602  3.295  4.0195  3.054    0  0.000  0.538     0.00     0.00 -1    -1e-30      0.00 7.318e-01 2.611e-01 1.255e-03 3.426e-04 3.113e-03 -1.000 7.072e-03 -3.467 -3.060 -3.018 -3.007 -2.995 -2.994 -2.990 -2.987 -3.469 -3.129 -3.066 -2.997 -2.993 -3.393 -3.287
0.007 -0.33541 5.00000 7.6802840233 2.6225645542    7.673  3.329  4.0339  3.081    0  0.000  0.538     0.00     0.00 -1    -1e-30      0.00 7.318e-01 2.611e-01 1.255e-03 3.426e-04 3.113e-03 -1.000 7.072e-03 -3.553 -3.050 -3.003 -2.989 -2.974 -2.972 -2.967 -2.963 -3.444 -3.102 -3.038 -2.976 -2.971 -3.369 -3.262
0.007 -0.33541 5.00000 7.7503728867 2.6226980686    7.744  3.363  4.0483  3.109    0  0.000  0.538     0.00     0.00 -1    -1e-30      0.00 7.318e-01 2.611e-01 1.255e-03 3.426e-04 3.113e-03 -1.000 7.072e-03 -3.638 -3.037 -2.986 -2.969 -2.951 -2.948 -2.943 -2.937 -3.417 -3.073 -3.008 -2.953 -2.947 -3.343 -3.235
0.007 -0.33541 5.00000 7.8198246956 2.6228275299    7.814  3.396  4.0628  3.138    0  0.000  0.538     0.00     0.00 -1    -1e-30      0.00 7.318e-01 2.611e-01 1.255e-03 3.426e-04 3.113e-03 -1.000 7.072e-03 -3.720 -3.021 -2.966 -2.946 -2.925 -2.921 -2.915 -2.910 -3.387 -3.041 -2.976 -2.928 -2.920 -3.314 -3.205
0.007 -0.33541 5.00000 7.8887882233 2.6229536533    7.883  3.428  4.0773  3.168    0  0.000  0.538     0.00     0.00 -1    -1e-30      0.00 7.318e-01 2.611e-01 1.255e-03 3.426e-04 3.113e-03 -1.000 7.072e-03 -3.800 -3.002 -2.942 -2.921 -2.897 -2.892 -2.886 -2.879 -3.354 -3.007 -2.941 -2.900 -2.891 -3.283 -3.172
0.007 -0.33541 5.00000 7.9574217796 2.6230766773    7.952  3.459  4.0917  3.198    0  0.000  0.538     0.00     0.00 -1    -1e-30      0.00 7.318e-01 2.611e-01 1.255e-03 3.426e-04 3.113e-03 -1.000 7.072e-03 -3.878 -2.979 -2.916 -2.892 -2.866 -2.860 -2.853 -2.845 -3.319 -2.970 -2.903 -2.868 -2.859 -3.249 -3.137
0.007 -0.33541 5.00000 8.0258665085 2.6231968403    8.021  3.489  4.1062  3.230    0  0.000  0.538     0.00     0.00 -1    -1e-30      0.00 7.318e-01 2.611e-01 1.255e-03 3.426e-04 3.113e-03 -1.000 7.072e-03 -3.953 -2.953 -2.886 -2.860 -2.831 -2.825 -2.817 -2.808 -3.280 -2.930 -2.862 -2.834 -2.823 -3.212 -3.098
0.007 -0.33541 5.00000 8.0880823135 2.6233041286    8.083  3.516  4.1194  3.259    0  0.000  0.538     0.00     0.00 -1    -1e-30      0.00 7.318e-01 2.611e-01 1.255e-03 3.426e-04 3.113e-03 -1.000 7.072e-03 -4.020 -2.926 -2.856 -2.828 -2.797 -2.789 -2.781 -2.772 -3.242 -2.891 -2.822 -2.800 -2.788 -3.175 -3.060
0.007 -0.33541 5.00000 8.1360301971 2.6233856678    8.131  3.535  4.1292  3.282    0  0.000  0.538     0.00     0.00 -1    -1e-30      0.00 7.318e-01 2.611e-01 1.255e-03 3.426e-04 3.113e-03 -1.000 7.072e-03 -4.068 -2.905 -2.832 -2.802 -2.769 -2.761 -2.753 -2.743 -3.212 -2.860 -2.791 -2.773 -2.760 -3.146 -3.030
0.007 -0.33541 5.00000 8.2067203522 2.6235036850    8.201  3.563  4.1436  3.316    0  0.000  0.538     0.00     0.00 -1    -1e-30      0.00 7.318e-01 2.611e-01 1.255e-03 3.426e-04 3.113e-03 -1.000 7.072e-03 -4.137 -2.870 -2.795 -2.762 -2.727 -2.718 -2.708 -2.698 -3.166 -2.813 -2.744 -2.730 -2.717 -3.100 -2.984
0.007 -0.33541 5.00000 8.2778024673 2.6236200333    8.272  3.589  4.1580  3.351    0  0.000  0.538     0.00     0.00 -1    -1e-30      0.00 7.318e-01 2.611e-01 1.255e-03 3.426e-04 3.113e-03 -1.000 7.072e-03 -4.202 -2.833 -2.754 -2.719 -2.681 -2.672 -2.661 -2.650 -3.116 -2.763 -2.696 -2.685 -2.670 -3.052 -2.935
0.007 -0.33541 5.00000 8.3492708206 2.6237347126    8.343  3.614  4.1724  3.387    0  0.000  0.538     0.00     0.00 -1    -1e-30      0.00 7.318e-01 2.611e-01 1.255e-03 3.426e-04 3.113e-03 -1.000 7.072e-03 -4.266 -2.794 -2.711 -2.674 -2.634 -2.623 -2.612 -2.600 -3.065 -2.711 -2.646 -2.638 -2.622 -3.001 -2.883
0.007 -0.33541 5.00000 8.4213027954 2.6238479614    8.415  3.639  4.1866  3.423    0  0.000  0.538     0.00     0.00 -1    -1e-30      0.00 7.318e-01 2.611e-01 1.255e-03 3.426e-04 3.113e-03 -1.000 7.072e-03 -4.327 -2.752 -2.666 -2.627 -2.584 -2.573 -2.561 -2.548 -3.012 -2.659 -2.596 -2.588 -2.571 -2.949 -2.830
0.007 -0.33541 5.00000 8.4940528870 2.6239602566    8.487  3.662  4.2008  3.460    0  0.000  0.538     0.00     0.00 -1    -1e-30      0.00 7.318e-01 2.611e-01 1.255e-03 3.426e-04 3.113e-03 -1.000 7.072e-03 -4.385 -2.708 -2.619 -2.578 -2.532 -2.520 -2.508 -2.494 -2.956 -2.605 -2.545 -2.537 -2.519 -2.894 -2.774
0.007 -0.33541 5.00000 8.5676641464 2.6240713596    8.560  3.684  4.2149  3.498    0  0.000  0.538     0.00     0.00 -1    -1e-30      0.00 7.318e-01 2.611e-01 1.255e-03 3.426e-04 3.113e-03 -1.000 7.072e-03 -4.441 -2.663 -2.571 -2.527 -2.479 -2.466 -2.453 -2.439 -2.900 -2.549 -2.492 -2.484 -2.464 -2.839 -2.718
0.007 -0.33541 5.00000 8.6422853470 2.6241819859    8.635  3.706  4.2290  3.536    0  0.000  0.538     0.00     0.00 -1    -1e-30      0.00 7.318e-01 2.611e-01 1.255e-03 3.426e-04 3.113e-03 -1.000 7.072e-03 -4.495 -2.616 -2.521 -2.475 -2.424 -2.410 -2.396 -2.382 -2.842 -2.492 -2.437 -2.429 -2.408 -2.781 -2.660
0.007 -0.33541 5.00000 8.7180795670 2.6242921352    8.710  3.727  4.2429  3.575    0  0.000  0.538     0.00     0.00 -1    -1e-30      0.00 7.318e-01 2.611e-01 1.255e-03 3.426e-04 3.113e-03 -1.000 7.072e-03 -4.546 -2.568 -2.470 -2.422 -2.369 -2.354 -2.339 -2.324 -2.782 -2.433 -2.379 -2.374 -2.352 -2.723 -2.601
0.007 -0.33541 5.00000 8.7952136993 2.6244020462    8.787  3.746  4.2568  3.614    0  0.000  0.538     0.00     0.00 -1    -1e-30      0.00 7.318e-01 2.611e-01 1.255e-03 3.426e-04 3.113e-03 -1.000 7.072e-03 -4.596 -2.519 -2.418 -2.367 -2.312 -2.296 -2.281 -2.265 -2.722 -2.373 -2.319 -2.317 -2.294 -2.663 -2.540
0.007 -0.33541 5.00000 8.8738727570 2.6245117188    8.865  3.766  4.2705  3.654    0  0.000  0.538     0.00     0.00 -1    -1e-30      0.00 7.318e-01 2.611e-01 1.255e-03 3.426e-04 3.113e-03 -1.000 7.072e-03 -4.644 -2.469 -2.365 -2.312 -2.254 -2.238 -2.222 -2.205 -2.660 -2.310 -2.256 -2.260 -2.236 -2.603 -2.478
0.007 -0.33541 5.00000 8.9542694092 2.6246216297    8.945  3.784  4.2843  3.694    0  0.000  0.538     0.00     0.00 -1    -1e-30      0.00 7.318e-01 2.611e-01 1.255e-03 3.426e-04 3.113e-03 -1.000 7.072e-03 -4.690 -2.419 -2.312 -2.257 -2.196 -2.178 -2.162 -2.144 -2.596 -2.246 -2.192 -2.202 -2.176 -2.541 -2.414
0.007 -0.33541 5.00000 9.0366239548 2.6247317791    9.027  3.802  4.2979  3.735    0  0.000  0.538     0.00     0.00 -1    -1e-30      0.00 7.318e-01 2.611e-01 1.255e-03 3.426e-04 3.113e-03 -1.000 7.072e-03 -4.735 -2.368 -2.257 -2.200 -2.137 -2.118 -2.101 -2.081 -2.531 -2.181 -2.127 -2.143 -2.116 -2.478 -2.349
0.007 -0.33541 5.00000 9.0807418823 2.6247899532    9.072  3.811  4.3050  3.757    0  0.000  0.538     0.00     0.00 -1    -1e-30      0.00 7.318e-01 2.611e-01 1.255e-03 3.426e-04 3.113e-03 -1.000 7.072e-03 -4.758 -2.341 -2.229 -2.171 -2.106 -2.087 -2.068 -2.049 -2.497 -2.146 -2.092 -2.112 -2.084 -2.445 -2.315
0.007 -0.33541 5.00000 9.1272850037 2.6248505116    9.118  3.820  4.3121  3.778    0  0.000  0.538     0.00     0.00 -1    -1e-30      0.00 7.318e-01 2.611e-01 1.255e-03 3.426e-04 3.113e-03 -1.000 7.072e-03 -4.780 -2.314 -2.201 -2.141 -2.075 -2.055 -2.036 -2.015 -2.463 -2.112 -2.057 -2.081 -2.052 -2.411 -2.281
0.007 -0.33541 5.00000 9.2288532257 2.6249804497    9.220  3.839  4.3271  3.824    0  0.000  0.538     0.00     0.00 -1    -1e-30      0.00 7.318e-01 2.611e-01 1.255e-03 3.426e-04 3.113e-03 -1.000 7.072e-03 -4.827 -2.257 -2.140 -2.078 -2.008 -1.987 -1.967 -1.945 -2.389 -2.038 -1.983 -2.015 -1.984 -2.340 -2.207
0.007 -0.33541 5.00000 9.3343639374 2.6251118183    9.326  3.857  4.3419  3.871    0  0.000  0.538     0.00     0.00 -1    -1e-30      0.00 7.318e-01 2.611e-01 1.255e-03 3.426e-04 3.113e-03 -1.000 7.072e-03 -4.872 -2.199 -2.079 -2.015 -1.941 -1.919 -1.898 -1.874 -2.316 -1.965 -1.908 -1.949 -1.916 -2.268 -2.134
0.007 -0.33541 5.00000 9.4448099136 2.6252458096    9.437  3.874  4.3566  3.918    0  0.000  0.538     0.00     0.00 -1    -1e-30      0.00 7.318e-01 2.611e-01 1.255e-03 3.426e-04 3.113e-03 -1.000 7.072e-03 -4.914 -2.142 -2.019 -1.951 -1.874 -1.850 -1.827 -1.802 -2.242 -1.891 -1.832 -1.882 -1.847 -2.195 -2.061
0.007 -0.33541 5.00000 9.5024833679 2.6253142357    9.495  3.882  4.3641  3.942    0  0.000  0.538     0.00     0.00 -1    -1e-30      0.00 7.318e-01 2.611e-01 1.255e-03 3.426e-04 3.113e-03 -1.000 7.072e-03 -4.936 -2.112 -1.987 -1.919 -1.840 -1.815 -1.792 -1.766 -2.205 -1.853 -1.794 -1.848 -1.812 -2.158 -2.023
0.007 -0.33541 5.00000 9.5877885818 2.6254138947    9.581  3.892  4.3739  3.975    0  0.000  0.538     0.00     0.00 -1    -1e-30      0.00 7.318e-01 2.611e-01 1.255e-03 3.426e-04 3.113e-03 -1.000 7.072e-03 -4.961 -2.071 -1.944 -1.874 -1.792 -1.766 -1.742 -1.715 -2.154 -1.802 -1.741 -1.800 -1.763 -2.108 -1.972
0.007 -0.33541 5.00000 9.7562112808 2.6256046295    9.750  3.906  4.3906  4.035    0  0.000  0.538     0.00     0.00 -1    -1e-30      0.00 7.318e-01 2.611e-01 1.255e-03 3.426e-04 3.113e-03 -1.000 7.072e-03 -4.996 -1.995 -1.864 -1.790 -1.704 -1.676 -1.652 -1.624 -2.061 -1.707 -1.645 -1.713 -1.673 -2.015 -1.879
0.007 -0.33541 5.00000 9.9740304947 2.6258404255    9.968  3.911  4.4052  4.099    0  0.000  0.538     0.00     0.00 -1    -1e-30      0.00 7.318e-01 2.611e-01 1.255e-03 3.426e-04 3.113e-03 -1.000 7.072e-03 -5.007 -1.940 -1.842 -1.781 -1.682 -1.653 -2.043 -2.952 -2.543 -2.253 -3.736 -1.694 -1.659 -2.902 -2.741
0.007 -0.33541 5.00000 10.0734024048 2.6259441376   10.068  3.911  4.4107  4.125    0  0.000  0.538     0.00     0.00 -1    -1e-30      0.00 7.318e-01 2.611e-01 1.255e-03 3.426e-04 3.113e-03 -1.000 7.072e-03 -5.008 -1.900 -1.798 -1.728 -1.635 -1.607 -1.997 -2.905 -2.499 -2.219 -3.702 -1.645 -1.613 -2.856 -2.698
0.007 -0.33541 5.00000 10.1574048996 2.6260299683   10.153  3.912  4.4153  4.146    0  0.000  0.538     0.00     0.00 -1    -1e-30      0.00 7.318e-01 2.611e-01 1.255e-03 3.426e-04 3.113e-03 -1.000 7.072e-03 -5.009 -1.867 -1.762 -1.685 -1.596 -1.571 -1.960 -2.868 -2.464 -2.190 -3.674 -1.606 -1.576 -2.819 -2.663
0.007 -0.33541 5.00000 10.4584407806 2.6263246536   10.455  3.931  4.4331  4.211    0  0.000  0.538     0.00     0.00 -1    -1e-30      0.00 7.318e-01 2.611e-01 1.255e-03 3.426e-04 3.113e-03 -1.000 7.072e-03 -5.056 -1.796 -1.677 -1.588 -1.514 -1.497 -1.886 -2.794 -2.380 -2.106 -3.581 -1.519 -1.503 -2.744 -2.581
0.007 -0.33541 5.00000 10.7017917633 2.6265490055   10.699  3.956  4.4484  4.257    0  0.000  0.538     0.00     0.00 -1    -1e-30      0.00 7.318e-01 2.611e-01 1.255e-03 3.426e-04 3.113e-03 -1.000 7.072e-03 -5.120 -1.778 -1.645 -1.549 -1.492 -1.488 -1.877 -2.785 -2.350 -2.051 -3.512 -1.493 -1.494 -2.730 -2.549
0.007 -0.33541 5.00000 10.9599504471 2.6267743111   10.959  3.977  4.4601  4.294    0  0.000  0.538     0.00     0.00 -1    -1e-30      0.00 7.318e-01 2.611e-01 1.255e-03 3.426e-04 3.113e-03 -1.000 7.072e-03 -5.172 -1.732 -1.598 -1.514 -1.465 -1.455 -1.844 -2.752 -2.322 -2.012 -3.478 -1.467 -1.461 -2.699 -2.524
0.007 -0.33541 5.00000 11.0660619736 2.6268634796   11.065  3.984  4.4641  4.307    0  0.000  0.538     0.00     0.00 -1    -1e-30      0.00 7.318e-01 2.611e-01 1.255e-03 3.426e-04 3.113e-03 -1.000 7.072e-03 -5.189 -1.713 -1.579 -1.502 -1.455 -1.442 -1.831 -2.739 -2.312 -1.998 -3.467 -1.458 -1.448 -2.687 -2.515
0.007 -0.33541 5.00000 11.5939407349 2.6272792816   11.592  4.005  4.4744  4.347    0  0.000  0.538     0.00     0.00 -1 -2.19e-30      0.00 7.318e-01 2.611e-01 1.256e-03 3.426e-04 3.113e-03 -1.000 7.072e-03 -5.243 -1.669 -1.537 -1.481 -1.440 -1.417 -1.806 -2.715 -2.299 -1.974 -3.449 -1.446 -1.423 -2.667 -2.505
0.007 -0.33541 5.00000 11.8751249313 2.6274836063   11.872  4.016  4.4779  4.360    0  0.000  0.538     0.00     0.00 -1 -3.28e-30      0.00 7.318e-01 2.611e-01 1.256e-03 3.426e-04 3.113e-03 -1.000 7.072e-03 -5.269 -1.673 -1.540 -1.481 -1.441 -1.418 -1.807 -2.715 -2.297 -1.972 -3.442 -1.446 -1.424 -2.666 -2.504
0.007 -0.33541 5.00000 12.0587215424 2.6276111603   12.055  4.030  4.4801  4.361    0  0.000  0.538     0.00     0.00 -1 -4.24e-30      0.00 7.318e-01 2.611e-01 1.256e-03 3.426e-04 3.113e-03 -1.000 7.072e-03 -5.306 -1.699 -1.565 -1.502 -1.460 -1.438 -1.827 -2.735 -2.315 -1.991 -3.457 -1.465 -1.444 -2.686 -2.522
0.007 -0.33541 5.00000 12.5800561905 2.6279497147   12.574  4.073  4.4864  4.363    0  0.000  0.540     0.00     0.00 -1 -2.34e-24      0.00 7.318e-01 2.612e-01 1.260e-03 3.428e-04 3.112e-03 -1.000 7.072e-03 -5.411 -1.774 -1.638 -1.561 -1.517 -1.498 -1.884 -2.792 -2.368 -2.046 -3.500 -1.520 -1.503 -2.742 -2.573
0.007 -0.33541 5.00000 12.9332113266 2.6281614304   12.926  4.103  4.4909  4.362    0  0.000  0.541     0.00     0.00 -1 -1.31e-20      0.00 7.317e-01 2.612e-01 1.263e-03 3.428e-04 3.112e-03 -1.000 7.072e-03 -5.488 -1.829 -1.691 -1.605 -1.558 -1.541 -1.927 -2.835 -2.407 -2.086 -3.533 -1.561 -1.547 -2.784 -2.611
0.007 -0.33541 5.00000 14.0440425873 2.6287481785   14.033  4.208  4.5066  4.355    0  0.000  0.545     0.00     0.00 -1 -1.95e-09      0.00 7.317e-01 2.612e-01 1.272e-03 3.431e-04 3.112e-03 -1.000 7.072e-03 -5.751 -2.007 -1.866 -1.765 -1.706 -1.686 -2.070 -2.978 -2.548 -2.229 -3.666 -1.710 -1.692 -2.926 -2.751
0.007 -0.33541 5.00000 16.0293617249 2.6295678616   16.029  4.371  4.5302  4.345    0  0.000  0.545     0.00     0.00 -1 -4.28e-09      0.00 7.317e-01 2.612e-01 1.272e-03 3.431e-04 3.112e-03 -1.000 7.072e-03 -6.157 -2.276 -2.127 -2.033 -1.949 -1.912 -2.296 -3.204 -2.792 -2.464 -3.919 -1.959 -1.917 -3.154 -2.992
0.007 -0.33541 5.00000 18.0146789551 2.6301834583   18.002  4.511  4.5505  4.336    0  0.000  0.545     0.00     0.00 -1 -8.39e-09      0.00 7.317e-01 2.612e-01 1.272e-03 3.431e-04 3.112e-03 -1.000 7.072e-03 -6.508 -2.536 -2.370 -2.263 -2.151 -2.123 -2.510 -3.418 -3.005 -2.679 -4.122 -2.162 -2.128 -3.368 -3.206
0.007 -0.33541 5.00000 20.0000000000 2.6306605339   19.995  4.633  4.5677  4.329    0  0.000  0.545     0.00     0.00 -1 -1.45e-08      0.00 7.317e-01 2.612e-01 1.272e-03 3.431e-04 3.112e-03 -1.000 7.072e-03 -6.812 -2.694 -2.523 -2.427 -2.356 -2.331 -2.718 -3.626 -3.197 -2.854 -4.307 -2.362 -2.337 -3.574 -3.400
0.007 -0.33541 5.00000 24.0000000000 2.6313521862   23.998  4.837  4.5956  4.315    0  0.000  0.545     0.00     0.00 -1 -3.55e-08      0.00 7.317e-01 2.612e-01 1.272e-03 3.431e-04 3.112e-03 -1.000 7.072e-03 -7.323 -3.005 -2.848 -2.748 -2.666 -2.642 -3.028 -3.936 -3.530 -3.189 -4.668 -2.673 -2.648 -3.887 -3.729
0.007 -0.33541 5.00000 28.0000000000 2.6318216324   27.978  5.003  4.6177  4.305    0  0.000  0.545     0.00     0.00 -1 -6.98e-08      0.00 7.317e-01 2.612e-01 1.272e-03 3.431e-04 3.112e-03 -1.000 7.072e-03 -7.737 -3.238 -3.104 -3.016 -2.927 -2.907 -3.294 -4.203 -3.807 -3.520 -5.009 -2.934 -2.912 -4.154 -4.004
0.007 -0.33541 5.00000 30.0000000000 2.6320033073   29.975  5.073  4.6267  4.300    0  0.000  0.545     0.00     0.00 -1 -9.18e-08      0.00 7.317e-01 2.612e-01 1.272e-03 3.431e-04 3.112e-03 -1.000 7.072e-03 -7.913 -3.342 -3.214 -3.132 -3.043 -3.024 -3.412 -4.320 -3.928 -3.664 -5.162 -3.050 -3.030 -4.272 -4.125
0.007 -0.33541 5.00000 35.0000000000 2.6323544979   34.962  5.227  4.6464  4.292    0  0.000  0.545     0.00     0.00 -1 -1.62e-07      0.00 7.317e-01 2.612e-01 1.272e-03 3.431e-04 3.112e-03 -1.000 7.072e-03 -8.297 -3.592 -3.457 -3.375 -3.295 -3.276 -3.667 -4.576 -4.222 -4.040 -5.642 -3.302 -3.283 -4.533 -4.414
0.007 -0.33541 5.00000 40.0000000000 2.6326069832   39.966  5.354  4.6607  4.281    0  0.000  0.545     0.00     0.00 -1 -2.56e-07      0.00 7.317e-01 2.612e-01 1.272e-03 3.431e-04 3.112e-03 -1.000 7.072e-03 -8.614 -3.820 -3.678 -3.594 -3.517 -3.496 -3.885 -4.794 -4.447 -4.278 -5.896 -3.524 -3.502 -4.753 -4.639
0.007 -0.33541 5.00000 45.0000000000 2.6327958107   44.969  5.462  4.6727  4.272    0  0.000  0.545     0.00     0.00 -1 -3.72e-07      0.00 7.317e-01 2.612e-01 1.272e-03 3.431e-04 3.112e-03 -1.000 7.072e-03 -8.885 -4.021 -3.873 -3.784 -3.709 -3.685 -4.075 -4.984 -4.645 -4.499 -6.133 -3.715 -3.691 -4.944 -4.837
0.007 -0.33541 5.00000 50.0000000000 2.6329421997   49.944  5.556  4.6833  4.265    0  0.000  0.545     0.00     0.00 -1 -5.13e-07      0.00 7.317e-01 2.612e-01 1.272e-03 3.431e-04 3.112e-03 -1.000 7.072e-03 -9.121 -4.198 -4.047 -3.954 -3.883 -3.861 -4.251 -5.161 -4.836 -4.747 -6.414 -3.888 -3.868 -5.123 -5.025
0.007 -0.33541 5.00000 55.0000000000 2.6330580711   54.904  5.639  4.6925  4.261    0  0.000  0.545     0.00     0.00 -1  -6.8e-07      0.00 7.317e-01 2.612e-01 1.272e-03 3.431e-04 3.112e-03 -1.000 7.072e-03 -9.327 -4.353 -4.198 -4.103 -4.037 -4.018 -4.409 -5.318 -5.008 -4.973 -6.671 -4.042 -4.025 -5.282 -5.194
0.007 -0.33541 5.00000 60.0000000000 2.6331522465   59.882  5.711  4.6986  4.251    0  0.000  0.545     0.00     0.00 -1 -8.46e-07      0.00 7.317e-01 2.612e-01 1.272e-03 3.431e-04 3.112e-03 -1.000 7.072e-03 -9.507 -4.502 -4.345 -4.248 -4.186 -4.170 -4.561 -5.471 -5.173 -5.181 -6.905 -4.190 -4.176 -5.436 -5.356
0.007 -0.33541 5.00000 64.9999923706 2.6332299709   64.890  5.777  4.7052  4.246    0  0.000  0.545     0.00     0.00 -1 -1.05e-06      0.00 7.317e-01 2.612e-01 1.272e-03 3.431e-04 3.112e-03 -1.000 7.072e-03 -9.672 -4.586 -4.440 -4.361 -4.319 -4.327 -4.737 -5.651 -5.569 -5.993 -7.912 -4.320 -4.337 -5.649 -5.724
0.007 -0.33541 5.00000 70.0000000000 2.6332950592   69.829  5.837  4.7109  4.241    0  0.000  0.545     0.00     0.00 -1 -1.27e-06      0.00 7.317e-01 2.612e-01 1.272e-03 3.431e-04 3.112e-03 -1.000 7.072e-03 -9.823 -4.700 -4.556 -4.479 -4.444 -4.456 -4.865 -5.779 -5.711 -6.153 -8.078 -4.444 -4.465 -5.780 -5.865
0.007 -0.33541 5.00000 74.9999923706 2.6333501339   74.810  5.891  4.7156  4.235    0  0.000  0.545     0.00     0.00 -1  -1.5e-06      0.00 7.317e-01 2.612e-01 1.272e-03 3.431e-04 3.112e-03 -1.000 7.072e-03 -9.959 -4.807 -4.665 -4.589 -4.559 -4.572 -4.982 -5.896 -5.839 -6.294 -8.223 -4.558 -4.582 -5.899 -5.991
0.007 -0.33541 5.00000 80.0000000000 2.6333973408   79.665  5.939  4.7184  4.225    0  0.000  0.545     0.00     0.00 -1 -1.74e-06      0.00 7.317e-01 2.612e-01 1.272e-03 3.431e-04 3.112e-03 -1.000 7.072e-03 -10.079 -4.910 -4.769 -4.694 -4.667 -4.680 -5.090 -6.004 -5.956 -6.420 -8.351 -4.665 -4.690 -6.008 -6.106
0.007 -0.33541 5.00000 90.0000000000 2.6334741116   89.780  6.030  4.7250  4.214    0  0.000  0.545     0.00     0.00 -1  -2.3e-06      0.00 7.317e-01 2.612e-01 1.272e-03 3.431e-04 3.112e-03 -1.000 7.072e-03 -10.305 -5.095 -4.957 -4.882 -4.858 -4.873 -5.283 -6.198 -6.164 -6.645 -8.581 -4.856 -4.883 -6.204 -6.312
0.007 -0.33541 5.00000 99.9999923706 2.6335334778   99.698  6.107  4.7303  4.202    0  0.000  0.545     0.00     0.00 -1 -2.89e-06      0.00 7.317e-01 2.612e-01 1.272e-03 3.431e-04 3.112e-03 -1.000 7.072e-03 -10.498 -5.265 -5.129 -5.055 -5.032 -5.050 -5.462 -6.377 -6.366 -6.868 -8.813 -5.029 -5.060 -6.387 -6.512
0.007 -0.33541 5.00000 120.0000000000 2.6336188316  119.501  6.237  4.7381  4.183    0  0.000  0.545     0.00     0.00 -1 -4.21e-06      0.00 7.317e-01 2.612e-01 1.272e-03 3.431e-04 3.112e-03 -1.000 7.072e-03 -10.822 -5.555 -5.422 -5.350 -5.331 -5.354 -5.770 -6.686 -6.719 -7.266 -9.227 -5.328 -5.365 -6.704 -6.860
0.007 -0.33541 5.00000 150.0000000000 2.6336188316  149.264  6.387  4.7429  4.148    0  0.000  0.545     0.00     0.00 -1 -6.54e-06      0.00 7.317e-01 2.612e-01 1.272e-03 3.431e-04 3.112e-03 -1.000 7.072e-03 -11.197 -5.917 -5.787 -5.718 -5.703 -5.731 -6.150 -7.067 -7.140 -7.740 -9.722 -5.699 -5.742 -7.092 -7.277
0.007 -0.33541 5.00000 199.9999847412 2.6336188316  198.863  6.571  4.7449  4.097    0  0.000  0.545     0.00     0.00 -1 -1.13e-05      0.00 7.317e-01 2.612e-01 1.272e-03 3.431e-04 3.112e-03 -1.000 7.072e-03 -11.657 -6.379 -6.262 -6.217 -6.261 -6.325 -6.763 -7.685 -8.002 -8.942 -11.040 -6.248 -6.339 -7.752 -8.108
0.007 -0.33541 5.00000 241.3659362793 2.6336188316  239.713  6.685  4.7462  4.069    0  0.000  0.545     0.00     0.00 -1 -1.57e-05      0.00 7.317e-01 2.612e-01 1.272e-03 3.431e-04 3.112e-03 -1.000 7.072e-03 -11.943 -6.667 -6.554 -6.513 -6.567 -6.637 -7.079 -8.001 -8.365 -9.361 -11.477 -6.553 -6.652 -8.076 -8.465
0.007 -0.33541 5.00000 250.0000000000 2.6336188316  248.252  6.707  4.7465  4.064    0  0.000  0.545     0.00     0.00 -1 -1.67e-05      0.00 7.317e-01 2.612e-01 1.272e-03 3.431e-04 3.112e-03 -1.000 7.072e-03 -11.997 -6.721 -6.608 -6.568 -6.624 -6.695 -7.138 -8.061 -8.432 -9.439 -11.559 -6.610 -6.711 -8.137 -8.532
0.007 -0.33541 5.00000 300.0000000000 2.6336188316  297.602  6.814  4.7475  4.040    0  0.000  0.545     0.00     0.00 -1 -2.23e-05      0.00 7.317e-01 2.612e-01 1.272e-03 3.431e-04 3.112e-03 -1.000 7.072e-03 -12.265 -6.992 -6.882 -6.846 -6.910 -6.987 -7.433 -8.357 -8.768 -9.824 -11.957 -6.895 -7.003 -8.440 -8.862
0.007 -0.33541 5.00000 350.0000000000 2.6336188316  123.453  6.710  5.0597  5.011    0  0.000  3.908     0.00     0.00 -1 -0.000101      0.00 1.576e-01 4.085e-01 3.021e-01 7.389e-05 1.234e-01 11.044 4.339e-01 -12.004 -5.719 -5.776 -5.998 -6.395 -6.771 -6.871 -7.315 -9.087 -10.173 -11.188 -6.409 -6.767 -7.697 -8.815
0.007 -0.33541 5.00000 350.0011291504 2.6336188316  346.293  6.903  4.7341  3.963    0  0.000  0.545     0.00     0.00 -1 -1.47e-05      0.00 7.317e-01 2.612e-01 1.272e-03 3.431e-04 3.112e-03 -1.000 7.072e-03 -12.486 -7.266 -7.148 -7.107 -7.161 -7.229 -7.671 -8.594 -8.966 -10.003 -12.130 -7.148 -7.245 -8.668 -9.064
0.007 -0.33541 5.00000 350.0027770996 2.6336188316  344.496  6.903  4.7126  3.874    0  0.000  0.426     0.00     0.00 -1 -5.94e-06      0.00 7.309e-01 2.620e-01 9.530e-04 9.318e-04 2.868e-03 -1.000 7.094e-03 -12.489 -7.414 -7.272 -7.190 -7.145 -7.151 -7.559 -8.472 -8.414 -8.936 -10.927 -7.146 -7.161 -8.472 -8.565
0.007 -0.33541 5.00000 350.0046386719 2.6336188316  341.199  6.906  4.6870  3.765    0  0.000  0.288     0.00     0.00 -1 -2.09e-06      0.00 7.263e-01 2.666e-01 5.597e-04 2.116e-03 2.043e-03 -1.000 7.074e-03 -12.495 -7.581 -7.441 -7.364 -7.315 -7.323 -7.732 -8.645 -8.554 -9.024 -10.986 -7.317 -7.333 -8.641 -8.710
0.007 -0.33541 5.00000 350.0059204102 2.6336188316  337.750  6.909  4.6694  3.687    0  0.000  0.116     0.00     0.00 -1 -1.03e-06      0.00 7.152e-01 2.778e-01 1.180e-04 3.652e-03 8.805e-04 -1.000 7.021e-03 -12.503 -7.787 -7.666 -7.615 -7.613 -7.650 -8.073 -8.990 -9.029 -9.604 -11.593 -7.607 -7.662 -9.016 -9.175
0.007 -0.33541 5.00000 350.0068664551 2.6336188316  334.371  6.912  4.6554  3.624    0  0.000  0.216     0.00     0.00 -1 -6.36e-07      0.00 7.045e-01 2.885e-01 1.328e-04 3.933e-03 5.394e-04 -1.000 6.979e-03 -12.510 -7.876 -7.755 -7.679 -7.625 -7.625 -8.027 -8.939 -8.734 -8.832 -10.595 -7.627 -7.633 -8.924 -8.910
0.007 -0.33541 5.00000 350.0075378418 2.6336188316  331.156  6.915  4.6438  3.570    0  0.000  0.386     0.00     0.00 -1 -4.43e-07      0.00 6.932e-01 2.998e-01 1.428e-04 4.039e-03 4.050e-04 -1.000 6.953e-03 -12.518 -8.005 -7.893 -7.834 -7.819 -7.844 -8.260 -9.175 -9.120 -9.396 -11.208 -7.815 -7.855 -9.187 -9.279
0.007 -0.33541 5.00000 350.0081176758 2.6336188316  327.883  6.919  4.6336  3.521    0  0.000  0.624     0.00     0.00 -1 -3.29e-07      0.00 6.812e-01 3.118e-01 1.505e-04 4.076e-03 3.524e-04 -1.000 6.937e-03 -12.526 -8.097 -7.980 -7.920 -7.911 -7.941 -8.360 -9.276 -9.281 -9.685 -11.549 -7.907 -7.952 -9.296 -9.431
0.007 -0.33541 5.00000 350.0086364746 2.6336188316  324.402  6.922  4.6243  3.476    0  0.000  0.894     0.00     0.00 -1 -2.57e-07      0.00 6.672e-01 3.259e-01 1.572e-04 4.083e-03 3.366e-04 -1.000 6.931e-03 -12.535 -8.163 -8.038 -7.969 -7.945 -7.967 -8.382 -9.297 -9.297 -9.767 -11.674 -7.943 -7.978 -9.311 -9.445
0.007 -0.33541 5.00000 350.0090332031 2.6336188316  321.082  6.925  4.6159  3.435    0  0.000  1.073     0.00     0.00 -1  -2.1e-07      0.00 6.532e-01 3.399e-01 1.625e-04 4.076e-03 3.375e-04 -1.000 6.890e-03 -12.543 -8.242 -8.119 -8.052 -8.026 -8.044 -8.457 -9.372 -9.361 -9.871 -11.809 -8.025 -8.054 -9.382 -9.508
0.007 -0.33541 5.00000 350.0093994141 2.6336188316  317.836  6.929  4.6083  3.397    0  0.000  1.174     0.00     0.00 -1 -1.77e-07      0.00 6.385e-01 3.545e-01 1.669e-04 4.066e-03 3.433e-04 -1.000 6.932e-03 -12.551 -8.309 -8.196 -8.159 -8.195 -8.299 -8.329 -8.528 -9.479 -11.944 -12.049 -8.193 -8.289 -8.774 -9.414
0.007 -0.33541 5.00000 350.0097045898 2.6336188316  314.676  6.932  4.6016  3.363    0  0.000  1.221     0.00     0.00 -1 -1.54e-07      0.00 6.235e-01 3.696e-01 1.708e-04 4.056e-03 3.507e-04 -1.000 6.891e-03 -12.559 -8.369 -8.257 -8.222 -8.260 -8.366 -8.397 -8.597 -9.557 -12.023 -12.133 -8.257 -8.355 -8.847 -9.492
0.007 -0.33541 5.00000 350.0099792480 2.6336188316  311.285  6.935  4.5955  3.330    0  0.000  1.241     0.00     0.00 -1 -1.36e-07      0.00 6.066e-01 3.864e-01 1.745e-04 4.045e-03 3.588e-04 -1.000 6.933e-03 -12.567 -8.425 -8.312 -8.277 -8.314 -8.419 -8.450 -8.649 -9.609 -12.080 -12.200 -8.311 -8.407 -8.899 -9.544
0.007 -0.33541 5.00000 350.0102233887 2.6336188316  307.984  6.938  4.5894  3.298    0  0.000  1.252     0.00     0.00 -1 -1.22e-07      0.00 5.899e-01 4.031e-01 1.777e-04 4.035e-03 3.662e-04 -1.000 6.959e-03 -12.575 -8.479 -8.366 -8.330 -8.365 -8.468 -8.497 -8.695 -9.653 -12.129 -12.263 -8.361 -8.455 -8.945 -9.587
0.007 -0.33541 5.00000 350.0104675293 2.6336188316  304.621  6.942  4.5840  3.268    0  0.000  1.261     0.00     0.00 -1 -1.11e-07      0.00 5.718e-01 4.213e-01 1.808e-04 4.026e-03 3.730e-04 -1.000 6.928e-03 -12.584 -8.528 -8.415 -8.378 -8.411 -8.513 -8.541 -8.738 -9.693 -12.175 -12.320 -8.407 -8.499 -8.987 -9.627
0.007 -0.33541 5.00000 350.0106811523 2.6336188316  301.359  6.945  4.5790  3.240    0  0.000  1.270     0.00     0.00 -1 -1.01e-07      0.00 5.538e-01 4.392e-01 1.835e-04 4.018e-03 3.791e-04 -1.000 6.935e-03 -12.592 -8.574 -8.461 -8.423 -8.454 -8.555 -8.581 -8.777 -9.730 -12.217 -12.372 -8.450 -8.540 -9.026 -9.664
0.007 -0.33541 5.00000 350.0108642578 2.6336188316  298.156  6.948  4.5734  3.210    0  0.000  1.277     0.00     0.00 -1 -9.39e-08      0.00 5.379e-01 4.551e-01 1.859e-04 4.011e-03 3.846e-04 -1.000 6.974e-03 -12.600 -8.624 -8.511 -8.472 -8.501 -8.601 -8.625 -8.820 -9.771 -12.263 -12.430 -8.496 -8.585 -9.068 -9.705
0.007 -0.33541 5.00000 350.0110473633 2.6336188316  294.754  6.951  4.5683  3.181    0  0.000  1.286     0.00     0.00 -1 -8.78e-08      0.00 5.199e-01 4.732e-01 1.883e-04 4.004e-03 3.898e-04 -1.000 6.905e-03 -12.608 -8.671 -8.558 -8.518 -8.546 -8.644 -8.667 -8.860 -9.809 -12.307 -12.485 -8.540 -8.627 -9.109 -9.743
0.007 -0.33541 5.00000 350.0112609863 2.6336188316  290.102  6.956  4.5612  3.141    0  0.000  1.301     0.00     0.00 -1 -8.14e-08      0.00 4.942e-01 4.988e-01 1.913e-04 3.996e-03 3.963e-04 -1.000 6.935e-03 -12.620 -8.585 -8.471 -8.461 -8.463 -8.561 -8.588 -8.773 -9.779 -11.841 -12.218 -8.460 -8.548 -9.006 -9.664
0.007 -0.33541 5.00000 350.0114746094 2.6336188316  285.020  6.961  4.5558  3.107    0  0.000  1.318     0.00     0.00 -1 -7.54e-08      0.00 4.656e-01 5.274e-01 1.943e-04 3.988e-03 4.026e-04 -1.000 6.980e-03 -12.633 -8.628 -8.514 -8.503 -8.503 -8.600 -8.626 -8.810 -9.818 -11.885 -12.270 -8.500 -8.586 -9.044 -9.702
0.007 -0.33541 5.00000 350.0116882324 2.6336188316  279.852  6.966  4.5512  3.076    0  0.000  1.338     0.00     0.00 -1 -6.99e-08      0.00 4.365e-01 5.566e-01 1.971e-04 3.980e-03 4.083e-04 -1.000 6.943e-03 -12.645 -8.667 -8.552 -8.541 -8.540 -8.635 -8.660 -8.844 -9.853 -11.924 -12.316 -8.535 -8.620 -9.079 -9.736
0.007 -0.33541 5.00000 350.0118103027 2.6336188316  275.719  6.970  4.5457  3.043    0  0.000  1.354     0.00     0.00 -1 -6.63e-08      0.00 4.142e-01 5.789e-01 1.993e-04 3.975e-03 4.125e-04 -1.000 6.977e-03 -12.656 -8.704 -8.590 -8.579 -8.579 -8.675 -8.700 -8.885 -9.898 -11.972 -12.366 -8.574 -8.660 -9.121 -9.781
0.007 -0.33541 5.00000 350.0119628906 2.6336188316  263.953  6.972  4.5728  3.131    0  0.000  1.419     0.00     0.00 -1 -1.63e-07      0.00 3.500e-01 6.431e-01 2.024e-04 3.970e-03 4.159e-04 -1.000 6.902e-03 -12.661 -8.284 -8.172 -8.232 -8.185 -8.287 -8.325 -8.501 -9.728 -10.415 -11.316 -8.188 -8.287 -8.706 -9.458
0.007 -0.33541 5.00000 350.0121154785 2.6336188316  237.523  6.940  4.5927  3.196    0  0.000  1.516     0.00     0.00 -1 -1.54e-07      0.00 2.887e-01 7.044e-01 2.058e-04 3.965e-03 4.183e-04 -1.000 6.929e-03 -12.581 -8.167 -8.055 -8.117 -8.073 -8.180 -8.219 -8.400 -9.640 -10.332 -11.224 -8.077 -8.179 -8.607 -9.370
0.007 -0.33541 5.00000 350.0122070312 2.6336188316  216.369  6.903  4.5887  3.177    0  0.000  1.541     0.00     0.00 -1 -1.31e-07      0.00 2.695e-01 7.235e-01 2.076e-04 3.961e-03 4.213e-04 -1.000 6.962e-03 -12.487 -8.082 -7.969 -8.031 -7.986 -8.092 -8.131 -8.311 -9.548 -10.239 -11.134 -7.990 -8.092 -8.518 -9.279
0.007 -0.33541 5.00000 350.0122680664 2.6336188316  206.068  6.884  4.5833  3.154    0  0.000  1.557     0.00     0.00 -1 -1.19e-07      0.00 2.601e-01 7.329e-01 2.086e-04 3.959e-03 4.228e-04 -1.000 6.962e-03 -12.439 -8.043 -7.931 -7.992 -7.947 -8.051 -8.090 -8.268 -9.502 -10.192 -11.088 -7.950 -8.051 -8.475 -9.232
0.007 -0.33541 5.00000 350.0122985840 2.6336188316  200.543  6.873  4.5776  3.130    0  0.000  1.567     0.00     0.00 -1 -1.12e-07      0.00 2.558e-01 7.373e-01 2.092e-04 3.958e-03 4.236e-04 -1.000 6.983e-03 -12.412 -8.027 -7.914 -7.975 -7.929 -8.032 -8.070 -8.247 -9.477 -10.166 -11.064 -7.932 -8.031 -8.453 -9.207
0.007 -0.33541 5.00000 350.0123596191 2.6336188316  191.086  6.853  4.5731  3.110    0  0.000  1.591     0.00     0.00 -1 -1.01e-07      0.00 2.461e-01 7.470e-01 2.103e-04 3.955e-03 4.251e-04 -1.000 6.951e-03 -12.363 -7.987 -7.874 -7.935 -7.888 -7.989 -8.028 -8.204 -9.431 -10.118 -11.019 -7.891 -7.989 -8.409 -9.161
0.007 -0.33541 5.00000 350.0123901367 2.6336188316  184.842  6.840  4.5696  3.095    0  0.000  1.612     0.00     0.00 -1 -9.39e-08      0.00 2.395e-01 7.536e-01 2.112e-04 3.953e-03 4.260e-04 -1.000 6.951e-03 -12.330 -7.960 -7.847 -7.908 -7.860 -7.961 -8.000 -8.174 -9.399 -10.086 -10.988 -7.863 -7.961 -8.379 -9.129
0.007 -0.33541 5.00000 350.0124206543 2.6336188316  181.295  6.832  4.5602  3.057    0  0.000  1.627     0.00     0.00 -1 -8.56e-08      0.00 2.373e-01 7.557e-01 2.118e-04 3.952e-03 4.266e-04 -1.000 6.957e-03 -12.311 -7.958 -7.845 -7.905 -7.856 -7.955 -7.992 -8.165 -9.384 -10.068 -10.974 -7.859 -7.954 -8.369 -9.114
0.007 -0.33541 5.00000 350.0124511719 2.6336188316  178.764  6.827  4.5619  3.063    0  0.000  1.639     0.00     0.00 -1 -8.41e-08      0.00 2.338e-01 7.592e-01 2.122e-04 3.951e-03 4.269e-04 -1.000 6.962e-03 -12.297 -7.941 -7.828 -7.888 -7.839 -7.938 -7.976 -8.149 -9.369 -10.054 -10.959 -7.842 -7.938 -8.353 -9.099
0.007 -0.33541 5.00000 350.0124816895 2.6336188316  171.955  6.811  4.5544  3.032    0  0.000  1.684     0.00     0.00 -1 -7.31e-08      0.00 2.269e-01 7.661e-01 2.137e-04 3.949e-03 4.278e-04 -1.000 6.953e-03 -12.258 -7.916 -7.803 -7.863 -7.813 -7.910 -7.947 -8.118 -9.333 -10.016 -10.925 -7.815 -7.909 -8.322 -9.063
0.007 -0.33541 5.00000 350.0125122070 2.6336188316  167.076  6.800  4.5550  3.033    0  0.000  1.738     0.00     0.00 -1 -6.72e-08      0.00 2.208e-01 7.723e-01 2.152e-04 3.947e-03 4.284e-04 -1.000 6.938e-03 -12.230 -7.887 -7.775 -7.834 -7.784 -7.881 -7.919 -8.090 -9.305 -9.988 -10.896 -7.787 -7.881 -8.294 -9.035
0.007 -0.33541 5.00000 350.0125427246 2.6336188316  161.098  6.791  4.6083  3.239    0  0.000  1.813     0.00     0.00 -1 -1.89e-07      0.00 1.995e-01 7.936e-01 2.170e-04 3.944e-03 4.285e-04 -1.000 6.956e-03 -12.208 -7.765 -7.653 -7.715 -7.672 -7.781 -7.821 -8.004 -9.250 -9.948 -10.840 -7.677 -7.781 -8.211 -8.981
0.007 -0.33541 5.00000 350.0125732422 2.6336188316  154.945  6.798  4.7791  3.899    0  0.000  2.024     0.00     0.00 -1 -2.03e-07      0.00 1.737e-01 8.193e-01 2.215e-04 3.938e-03 4.279e-04 -1.000 6.970e-03 -12.224 -6.707 -6.592 -6.634 -6.608 -6.726 -6.769 -6.972 -8.335 -9.095 -10.005 -6.615 -6.727 -7.203 -8.065
0.007 -0.33541 5.00000 350.0126037598 2.6336188316  146.203  6.796  4.9111  4.403    0  0.000 41.616     0.00     0.00 -1 -2.05e-07      0.00 1.367e-01 8.353e-01 1.979e-02 1.793e-03 6.833e-04 10.070 2.799e-02 -12.221 -5.692 -5.565 -5.517 -5.558 -5.657 -5.718 -5.897 -7.311 -8.287 -9.293 -5.561 -5.659 -6.118 -7.038
0.007 -0.33541 5.00000 350.0126342773 2.6336188316  139.441  6.784  4.9678  4.621    0  0.000 30.261     0.00     0.00 -1 -1.98e-07      0.00 9.909e-02 8.463e-01 4.489e-02 1.588e-03 2.080e-03 10.562 5.464e-02 -12.191 -5.228 -5.102 -5.053 -5.094 -5.183 -5.246 -5.407 -6.771 -7.717 -8.722 -5.094 -5.186 -5.603 -6.499
0.007 -0.33541 5.00000 350.0126647949 2.6336188316  135.068  6.769  4.9738  4.646    0  0.000 31.514     0.00     0.00 -1  -1.7e-07      0.00 9.268e-02 7.906e-01 1.033e-01 4.345e-05 4.850e-03 10.952 1.167e-01 -12.153 -5.137 -5.004 -4.942 -4.959 -5.020 -5.080 -5.201 -6.471 -7.382 -8.377 -4.957 -5.023 -5.357 -6.199
0.007 -0.33541 5.00000 350.0126953125 2.6336188316  127.578  6.743  4.9704  4.634    0  0.000 16.951     0.00     0.00 -1 -1.31e-07      0.00 9.298e-02 7.162e-01 1.679e-01 4.359e-05 1.424e-02 11.149 1.908e-01 -12.089 -5.098 -4.965 -4.903 -4.921 -4.982 -5.042 -5.164 -6.436 -7.348 -8.343 -4.918 -4.985 -5.320 -6.164
0.007 -0.33541 5.00000 350.0127563477 2.6336188316  120.154  6.717  4.9666  4.619    0  0.000  9.133     0.00     0.00 -1 -9.32e-08      0.00 9.336e-02 6.197e-01 2.446e-01 4.377e-05 3.366e-02 11.292 2.870e-01 -12.024 -5.061 -4.929 -4.867 -4.885 -4.946 -5.007 -5.129 -6.404 -7.317 -8.314 -4.883 -4.949 -5.287 -6.131
0.007 -0.33541 5.00000 350.0128479004 2.6336188316  113.264  6.695  4.9629  4.601    0  0.000  5.502     0.00     0.00 -1 -5.81e-08      0.00 9.392e-02 4.967e-01 3.185e-01 4.403e-05 8.192e-02 11.358 4.093e-01 -11.967 -5.033 -4.901 -4.839 -4.857 -4.919 -4.980 -5.103 -6.379 -7.294 -8.292 -4.855 -4.922 -5.262 -6.107
0.007 -0.33541 5.00000 350.0129394531 2.6336188316  105.592  6.669  4.9617  4.592    0  0.000  2.523     0.00     0.00 -1  -6.3e-08      0.00 9.462e-02 3.212e-01 3.594e-01 4.436e-05 2.155e-01 11.241 5.841e-01 -11.902 -4.977 -4.845 -4.783 -4.801 -4.863 -4.924 -5.047 -6.325 -7.240 -8.238 -4.799 -4.866 -5.206 -6.052
0.007 -0.33541 5.00000 350.0130004883 2.6336188316   99.652  6.646  4.9657  4.605    0  0.000  1.313     0.00     0.00 -1 -7.54e-08      0.00 9.505e-02 2.088e-01 3.295e-01 4.456e-05 3.567e-01 10.735 6.962e-01 -11.846 -4.891 -4.758 -4.696 -4.714 -4.775 -4.836 -4.959 -6.234 -7.148 -8.145 -4.712 -4.778 -5.117 -5.962
0.007 -0.33541 5.00000 350.0130310059 2.6336188316   95.160  6.627  4.9723  4.630    0  0.000  0.785     0.00     0.00 -1 -8.27e-08      0.00 9.531e-02 1.414e-01 2.724e-01 4.468e-05 4.796e-01 -1.000 7.633e-01 -11.799 -4.793 -4.661 -4.599 -4.616 -4.677 -4.738 -4.859 -6.129 -7.041 -8.036 -4.614 -4.680 -5.015 -5.857
0.007 -0.33541 5.00000 350.0130615234 2.6336188316   87.229  6.615  5.0389  4.871    0  0.000  0.368     0.00     0.00 -1 -1.07e-07      0.00 9.569e-02 7.138e-02 1.584e-01 4.486e-05 6.477e-01 -1.000 8.329e-01 -11.768 -4.320 -4.200 -4.148 -4.186 -4.246 -4.312 -4.399 -5.582 -6.462 -7.413 -4.178 -4.250 -4.495 -5.309
0.007 -0.33541 5.00000 350.0130920410 2.6336188316   86.487  6.654  4.8409  4.037    0  0.000  0.356     0.00     0.00 -1 -1.53e-07      0.00 9.572e-02 6.817e-02 1.528e-01 4.487e-05 6.520e-01 -1.000 8.361e-01 -11.865 -5.898 -5.779 -5.768 -5.795 -5.910 -5.972 -6.187 -7.632 -8.498 -9.393 -5.798 -5.911 -6.446 -7.360
#isochrone terminated
