# File generated by CMD 3.3 (http://stev.oapd.inaf.it/cmd) on Tue Apr 21 14:57:33 CEST 2020
# isochrones based on PARSEC release v1.2S +  COLIBRI S_35
# Basic references: Bressan et al. (2012), MNRAS, 427, 127 + Chen et al. (2014, 2015), MNRAS, 444, 2525 + MNRAS, 452, 1068 + Tang et al. (2014), MNRAS, 445, 4287 + Marigo et al. (2017), ApJ, 835, 77 + Pastorelli al. (2019), MNRAS in press
# Thermal pulse cycles included 
# On RGB, assumed Reimers mass loss with efficiency eta=0.2
# Photometric system:  2MASS + Spitzer (IRAC+MIPS) + WISE
# Using YBC version of bolometric corrections as in Chen et al. (2019)
# O-rich circumstellar dpmod60alox40 dust from Groenewegen (2006)
# C-rich circumstellar AMCSIC15 dust from Groenewegen (2006)
# IMF: Kroupa (2001, 2002) + Kroupa et al. (2013) canonical two-part-power law IMF corrected for unresolved binaries 
# Kind of output: isochrone tables
# Zini     MH   logAge Mini        int_IMF         Mass   logL    logTe  logg  label   McoreTP C_O  period0 period1 pmode  Mloss  tau1m   X   Y   Xc  Xn  Xo  Cexcess  Z 	 mbolmag  Jmag    Hmag    Ksmag   IRAC_3.6mag  IRAC_4.5mag  IRAC_5.8mag  IRAC_8.0mag  MIPS_24mag  MIPS_70mag  MIPS_160mag  W1mag   W2mag   W3mag   W4mag
0.007 -0.33541 10.00000 0.0900000036 1.0816895962    0.090 -3.357  3.3920  5.269    1  0.000  0.545     0.00     0.00 -1 -4.28e-17      0.00 7.304e-01 2.625e-01 1.272e-03 3.431e-04 3.112e-03 -1.000 7.072e-03 13.162 10.994 10.487 10.267 9.756 9.687 9.642 9.539 8.901 8.877 8.813 9.929 9.701 9.460 9.091
0.007 -0.33541 10.00000 0.0996483564 1.1681623459    0.100 -3.160  3.4207  5.232    1  0.000  0.545     0.00     0.00 -1 -6.67e-17      0.00 7.298e-01 2.631e-01 1.272e-03 3.431e-04 3.112e-03 -1.000 7.072e-03 12.671 10.515 10.004 9.777 9.277 9.203 9.158 9.058 8.425 8.401 8.342 9.447 9.216 8.983 8.614
0.007 -0.33541 10.00000 0.1189450845 1.3123229742    0.119 -2.903  3.4521  5.176    1  0.000  0.545     0.00     0.00 -1 -1.18e-16      0.00 7.288e-01 2.641e-01 1.272e-03 3.431e-04 3.112e-03 -1.000 7.072e-03 12.028 9.960 9.424 9.180 8.762 8.671 8.632 8.561 7.962 7.940 7.925 8.907 8.681 8.510 8.151
0.007 -0.33541 10.00000 0.1382417977 1.4288911819    0.138 -2.721  3.4716  5.137    1  0.000  0.545     0.00     0.00 -1 -1.74e-16      0.00 7.279e-01 2.650e-01 1.272e-03 3.431e-04 3.112e-03 -1.000 7.072e-03 11.572 9.558 9.012 8.766 8.389 8.289 8.253 8.194 7.614 7.597 7.617 8.519 8.297 8.160 7.803
0.007 -0.33541 10.00000 0.1575385332 1.5260194540    0.157 -2.579  3.4851  5.106    1  0.000  0.545     0.00     0.00 -1 -2.34e-16      0.00 7.271e-01 2.659e-01 1.272e-03 3.431e-04 3.112e-03 -1.000 7.072e-03 11.218 9.243 8.690 8.447 8.096 7.991 7.955 7.903 7.333 7.324 7.370 8.214 7.998 7.879 7.523
0.007 -0.33541 10.00000 0.1961319745 1.6805894375    0.196 -2.362  3.5031  5.056    1  0.000  0.545     0.00     0.00 -1 -3.66e-16      0.00 7.258e-01 2.671e-01 1.272e-03 3.431e-04 3.112e-03 -1.000 7.072e-03 10.675 8.750 8.191 7.954 7.636 7.529 7.492 7.447 6.892 6.895 6.972 7.741 7.534 7.437 7.081
0.007 -0.33541 10.00000 0.2443737835 1.8258324862    0.244 -2.153  3.5179  5.001    1  0.000  0.545     0.00     0.00 -1 -5.65e-16      0.00 7.249e-01 2.680e-01 1.272e-03 3.431e-04 3.112e-03 -1.000 7.072e-03 10.152 8.268 7.704 7.473 7.181 7.075 7.036 6.994 6.448 6.468 6.565 7.274 7.079 6.993 6.638
0.007 -0.33541 10.00000 0.2926155925 1.9378845692    0.292 -1.988  3.5282  4.956    1  0.000  0.545     0.00     0.00 -1 -7.95e-16      0.00 7.246e-01 2.683e-01 1.271e-03 3.431e-04 3.112e-03 -1.000 7.072e-03 9.739 7.882 7.312 7.087 6.814 6.713 6.674 6.635 6.098 6.127 6.234 6.901 6.716 6.641 6.288
0.007 -0.33541 10.00000 0.3408574164 2.0281734467    0.340 -1.845  3.5367  4.914    1  0.000  0.545     0.00     0.00 -1 -2.06e-16      0.00 7.303e-01 2.626e-01 1.272e-03 3.431e-04 3.112e-03 -1.000 7.072e-03 9.383 7.549 6.973 6.751 6.495 6.401 6.361 6.325 5.797 5.834 5.945 6.577 6.404 6.336 5.986
0.007 -0.33541 10.00000 0.3890992403 2.1032118797    0.388 -1.701  3.5470  4.868    1  0.000  0.545     0.00     0.00 -1 -1.28e-15      0.00 7.316e-01 2.613e-01 1.272e-03 3.431e-04 3.112e-03 -1.000 7.072e-03 9.022 7.216 6.632 6.415 6.177 6.093 6.054 6.020 5.502 5.550 5.667 6.254 6.096 6.036 5.692
0.007 -0.33541 10.00000 0.4373410344 2.1670360565    0.437 -1.546  3.5600  4.816    1  0.000  0.545     0.00     0.00 -1 -2.11e-15      0.00 7.317e-01 2.612e-01 1.272e-03 3.431e-04 3.112e-03 -1.000 7.072e-03 8.635 6.866 6.272 6.059 5.844 5.775 5.734 5.700 5.198 5.261 5.382 5.911 5.778 5.725 5.388
0.007 -0.33541 10.00000 0.4855828285 2.2223072052    0.485 -1.380  3.5769  4.763    1  0.000  0.545     0.00     0.00 -1 -3.13e-15      0.00 7.317e-01 2.612e-01 1.272e-03 3.431e-04 3.112e-03 -1.000 7.072e-03 8.220 6.500 5.893 5.689 5.498 5.453 5.407 5.370 4.889 4.973 5.096 5.550 5.455 5.404 5.078
0.007 -0.33541 10.00000 0.5338246226 2.2697980404    0.533 -1.196  3.5990  4.709    1  0.000  0.545     0.00     0.00 -1 -4.84e-15      0.00 7.489e-01 2.445e-01 1.191e-03 3.214e-04 2.916e-03 -1.000 6.621e-03 7.761 6.102 5.473 5.293 5.141 5.126 5.079 5.034 4.581 4.687 4.810 5.175 5.128 5.079 4.770
0.007 -0.33541 10.00000 0.5820664167 2.3085346222    0.581 -1.012  3.6263  4.671    1  0.000  0.544     0.00     0.00 -1  -7.4e-15      0.00 7.593e-01 2.343e-01 1.150e-03 3.106e-04 2.819e-03 -1.000 6.424e-03 7.299 5.705 5.057 4.921 4.827 4.844 4.804 4.758 4.330 4.454 4.579 4.845 4.847 4.813 4.519
0.007 -0.33541 10.00000 0.6303082108 2.3405330181    0.630 -0.828  3.6577  4.648    1  0.000  0.544     0.00     0.00 -1 -1.11e-14      0.00 7.628e-01 2.309e-01 1.137e-03 3.069e-04 2.785e-03 -1.000 6.320e-03 6.840 5.330 4.725 4.627 4.580 4.618 4.592 4.553 4.139 4.274 4.404 4.587 4.621 4.614 4.328
0.007 -0.33541 10.00000 0.6451044083 2.3492512703    0.644 -0.773  3.6673  4.641    1  0.000  0.544     0.00     0.00 -1 -1.26e-14      0.00 7.639e-01 2.298e-01 1.132e-03 3.057e-04 2.775e-03 -1.000 6.300e-03 6.701 5.220 4.641 4.550 4.509 4.547 4.524 4.487 4.075 4.212 4.342 4.514 4.551 4.549 4.264
0.007 -0.33541 10.00000 0.6785501242 2.3673565388    0.678 -0.650  3.6882  4.624    1  0.000  0.544     0.00     0.00 -1 -1.67e-14      0.00 7.665e-01 2.273e-01 1.122e-03 3.031e-04 2.752e-03 -1.000 6.241e-03 6.394 4.980 4.467 4.387 4.351 4.384 4.366 4.335 3.924 4.064 4.195 4.354 4.387 4.396 4.113
0.007 -0.33541 10.00000 0.6856243610 2.3709268570    0.685 -0.624  3.6923  4.619    1  0.000  0.543     0.00     0.00 -1 -1.77e-14      0.00 7.671e-01 2.267e-01 1.118e-03 3.024e-04 2.746e-03 -1.000 6.210e-03 6.330 4.930 4.429 4.352 4.316 4.348 4.331 4.301 3.890 4.031 4.162 4.319 4.351 4.362 4.079
0.007 -0.33541 10.00000 0.7038677931 2.3797540665    0.703 -0.558  3.7028  4.606    1  0.000  0.542     0.00     0.00 -1 -2.06e-14      0.00 7.688e-01 2.250e-01 1.108e-03 3.005e-04 2.730e-03 -1.000 6.196e-03 6.165 4.802 4.332 4.260 4.227 4.256 4.241 4.213 3.803 3.944 4.076 4.229 4.259 4.275 3.991
0.007 -0.33541 10.00000 0.7200570703 2.3871583939    0.720 -0.500  3.7118  4.594    1  0.000  0.540     0.00     0.00 -1 -2.36e-14      0.00 7.703e-01 2.235e-01 1.099e-03 2.989e-04 2.716e-03 -1.000 6.180e-03 6.019 4.689 4.245 4.177 4.146 4.174 4.160 4.134 3.724 3.866 3.999 4.149 4.176 4.196 3.913
0.007 -0.33541 10.00000 0.7267918587 2.3901269436    0.726 -0.475  3.7156  4.589    1  0.000  0.540     0.00     0.00 -1  -2.5e-14      0.00 7.709e-01 2.229e-01 1.096e-03 2.982e-04 2.710e-03 -1.000 6.193e-03 5.958 4.643 4.209 4.143 4.112 4.139 4.126 4.101 3.691 3.833 3.966 4.115 4.142 4.163 3.880
0.007 -0.33541 10.00000 0.7298631668 2.3914599419    0.729 -0.464  3.7172  4.586    1  0.000  0.539     0.00     0.00 -1 -2.57e-14      0.00 7.713e-01 2.225e-01 1.094e-03 2.977e-04 2.706e-03 -1.000 6.190e-03 5.930 4.621 4.192 4.126 4.096 4.122 4.110 4.085 3.675 3.817 3.950 4.099 4.125 4.147 3.864
0.007 -0.33541 10.00000 0.7432514429 2.3971226215    0.743 -0.416  3.7241  4.573    1  0.000  0.538     0.00     0.00 -1 -2.89e-14      0.00 7.729e-01 2.210e-01 1.086e-03 2.960e-04 2.691e-03 -1.000 6.125e-03 5.809 4.526 4.116 4.053 4.024 4.049 4.037 4.014 3.605 3.747 3.880 4.027 4.051 4.076 3.794
0.007 -0.33541 10.00000 0.7561409473 2.4023571014    0.755 -0.369  3.7305  4.559    1  0.000  0.537     0.00     0.00 -1 -3.24e-14      0.00 7.743e-01 2.196e-01 1.078e-03 2.944e-04 2.677e-03 -1.000 6.087e-03 5.692 4.435 4.042 3.982 3.954 3.977 3.966 3.945 3.535 3.678 3.811 3.956 3.979 4.007 3.724
0.007 -0.33541 10.00000 0.7679463029 2.4069743156    0.767 -0.325  3.7363  4.546    1  0.000  0.536     0.00     0.00 -1 -3.61e-14      0.00 7.757e-01 2.182e-01 1.071e-03 2.928e-04 2.663e-03 -1.000 6.047e-03 5.584 4.351 3.973 3.915 3.888 3.910 3.900 3.880 3.471 3.614 3.747 3.890 3.912 3.942 3.660
0.007 -0.33541 10.00000 0.7755740285 2.4098718166    0.775 -0.297  3.7400  4.537    1  0.000  0.536     0.00     0.00 -1 -3.87e-14      0.00 7.766e-01 2.173e-01 1.067e-03 2.918e-04 2.654e-03 -1.000 6.060e-03 5.514 4.296 3.927 3.871 3.845 3.866 3.856 3.837 3.428 3.571 3.705 3.847 3.868 3.899 3.617
0.007 -0.33541 10.00000 0.7793377042 2.4112775326    0.779 -0.284  3.7416  4.531    1  0.000  0.536     0.00     0.00 -1 -4.01e-14      0.00 7.771e-01 2.168e-01 1.065e-03 2.912e-04 2.649e-03 -1.000 6.062e-03 5.479 4.268 3.904 3.848 3.823 3.843 3.834 3.815 3.404 3.550 3.683 3.825 3.845 3.869 3.593
0.007 -0.33541 10.00000 0.7921156883 2.4159357548    0.791 -0.236  3.7471  4.513    1  0.000  0.536     0.00     0.00 -1 -4.53e-14      0.00 7.791e-01 2.150e-01 1.056e-03 2.891e-04 2.630e-03 -1.000 5.983e-03 5.360 4.174 3.822 3.769 3.746 3.764 3.755 3.738 3.320 3.479 3.606 3.747 3.766 3.756 3.508
0.007 -0.33541 10.00000 0.8038143516 2.4200513363    0.803 -0.192  3.7518  4.494    1  0.000  0.536     0.00     0.00 -1 -5.08e-14      0.00 7.808e-01 2.132e-01 1.049e-03 2.872e-04 2.613e-03 -1.000 5.945e-03 5.251 4.086 3.745 3.694 3.672 3.689 3.680 3.664 3.240 3.411 3.533 3.674 3.691 3.652 3.428
0.007 -0.33541 10.00000 0.8149725795 2.4238502979    0.814 -0.150  3.7562  4.475    1  0.000  0.535     0.00     0.00 -1 -5.68e-14      0.00 7.825e-01 2.116e-01 1.042e-03 2.853e-04 2.596e-03 -1.000 5.916e-03 5.145 4.000 3.669 3.620 3.599 3.614 3.605 3.591 3.161 3.343 3.459 3.600 3.615 3.550 3.349
0.007 -0.33541 10.00000 0.8243562579 2.4269537926    0.823 -0.114  3.7598  4.458    1  0.000  0.535     0.00     0.00 -1 -6.26e-14      0.00 7.840e-01 2.101e-01 1.036e-03 2.837e-04 2.582e-03 -1.000 5.872e-03 5.054 3.925 3.603 3.556 3.535 3.548 3.540 3.527 3.093 3.283 3.396 3.536 3.550 3.463 3.280
0.007 -0.33541 10.00000 0.8315584660 2.4292814732    0.830 -0.086  3.7622  4.444    1  0.000  0.535     0.00     0.00 -1 -6.76e-14      0.00 7.854e-01 2.088e-01 1.031e-03 2.822e-04 2.568e-03 -1.000 5.821e-03 4.984 3.866 3.549 3.503 3.483 3.496 3.488 3.475 3.038 3.234 3.344 3.484 3.497 3.395 3.225
0.007 -0.33541 10.00000 0.8438006043 2.4331328869    0.843 -0.036  3.7662  4.416    1  0.000  0.535     0.00     0.00 -1 -7.76e-14      0.00 7.879e-01 2.064e-01 1.021e-03 2.794e-04 2.543e-03 -1.000 5.748e-03 4.860 3.761 3.452 3.408 3.390 3.401 3.394 3.382 2.940 3.146 3.252 3.391 3.402 3.276 3.126
0.007 -0.33541 10.00000 0.8549115062 2.4365191460    0.854  0.010  3.7696  4.389    1  0.000  0.535     0.00     0.00 -1 -8.85e-14      0.00 7.901e-01 2.042e-01 1.011e-03 2.769e-04 2.521e-03 -1.000 5.728e-03 4.744 3.662 3.360 3.318 3.300 3.310 3.304 3.293 2.846 3.061 3.162 3.302 3.311 3.165 3.032
0.007 -0.33541 10.00000 0.8652560115 2.4395818710    0.864  0.055  3.7725  4.361    1  0.000  0.535     0.00     0.00 -1 -1.01e-13      0.00 7.923e-01 2.021e-01 1.003e-03 2.746e-04 2.500e-03 -1.000 5.681e-03 4.633 3.565 3.269 3.229 3.212 3.221 3.215 3.205 2.754 2.976 3.075 3.213 3.222 3.058 2.940
0.007 -0.33541 10.00000 0.8731384277 2.4418597221    0.872  0.089  3.7745  4.339    1  0.000  0.535     0.00     0.00 -1 -1.11e-13      0.00 7.939e-01 2.004e-01 9.957e-04 2.728e-04 2.484e-03 -1.000 5.637e-03 4.547 3.489 3.198 3.158 3.142 3.150 3.144 3.135 2.681 2.908 3.005 3.143 3.151 2.975 2.867
0.007 -0.33541 10.00000 0.8818247914 2.4443156719    0.880  0.128  3.7762  4.312    1  0.000  0.534     0.00     0.00 -1 -1.25e-13      0.00 7.964e-01 1.980e-01 9.858e-04 2.701e-04 2.460e-03 -1.000 5.591e-03 4.451 3.403 3.116 3.077 3.061 3.069 3.063 3.053 2.598 2.829 2.925 3.062 3.070 2.882 2.784
0.007 -0.33541 10.00000 0.8920106888 2.4471256733    0.890  0.173  3.7778  4.277    1  0.000  0.534     0.00     0.00 -1 -1.43e-13      0.00 7.989e-01 1.956e-01 9.759e-04 2.674e-04 2.436e-03 -1.000 5.515e-03 4.336 3.296 3.012 2.974 2.959 2.966 2.960 2.951 2.494 2.728 2.823 2.960 2.967 2.769 2.679
0.007 -0.33541 10.00000 0.9005195498 2.4494171143    0.899  0.215  3.7789  4.245    1  0.000  0.534     0.00     0.00 -1 -1.63e-13      0.00 7.993e-01 1.952e-01 9.740e-04 2.669e-04 2.432e-03 -1.000 5.530e-03 4.234 3.199 2.918 2.880 2.865 2.871 2.866 2.857 2.398 2.636 2.729 2.866 2.872 2.668 2.583
0.007 -0.33541 10.00000 0.9020835757 2.4498329163    0.900  0.222  3.7790  4.238    1  0.000  0.534     0.00     0.00 -1 -1.68e-13      0.00 7.994e-01 1.951e-01 9.739e-04 2.669e-04 2.432e-03 -1.000 5.529e-03 4.214 3.180 2.899 2.862 2.847 2.853 2.848 2.839 2.380 2.618 2.711 2.848 2.854 2.649 2.565
0.007 -0.33541 10.00000 0.9066188931 2.4510293007    0.905  0.246  3.7792  4.218    1  0.000  0.534     0.00     0.00 -1  -1.8e-13      0.00 7.994e-01 1.951e-01 9.740e-04 2.669e-04 2.432e-03 -1.000 5.527e-03 4.156 3.122 2.842 2.805 2.790 2.796 2.791 2.782 2.322 2.561 2.654 2.791 2.797 2.591 2.508
0.007 -0.33541 10.00000 0.9163604975 2.4535531998    0.914  0.298  3.7788  4.168    1  0.000  0.534     0.00     0.00 -1 -2.13e-13      0.00 7.989e-01 1.956e-01 9.776e-04 2.679e-04 2.441e-03 -1.000 5.536e-03 4.025 2.990 2.709 2.671 2.656 2.663 2.657 2.648 2.189 2.427 2.520 2.658 2.664 2.460 2.375
0.007 -0.33541 10.00000 0.9219205379 2.4549660683    0.920  0.329  3.7778  4.136    1  0.000  0.534     0.00     0.00 -1 -2.37e-13      0.00 7.980e-01 1.964e-01 9.822e-04 2.692e-04 2.453e-03 -1.000 5.590e-03 3.947 2.907 2.625 2.586 2.571 2.578 2.572 2.563 2.106 2.340 2.435 2.573 2.579 2.381 2.291
0.007 -0.33541 10.00000 0.9269046187 2.4562160969    0.925  0.359  3.7764  4.103    1  0.000  0.534     0.00     0.00 -1 -2.64e-13      0.00 7.966e-01 1.978e-01 9.905e-04 2.715e-04 2.474e-03 -1.000 5.610e-03 3.873 2.827 2.541 2.502 2.487 2.494 2.488 2.479 2.023 2.254 2.350 2.488 2.495 2.306 2.208
0.007 -0.33541 10.00000 0.9297401905 2.4569203854    0.928  0.376  3.7748  4.080    2  0.000  0.534     0.00     0.00 -1 -2.82e-13      0.00 7.939e-01 2.004e-01 1.004e-03 2.751e-04 2.507e-03 -1.000 5.694e-03 3.829 2.775 2.485 2.446 2.431 2.438 2.432 2.423 1.969 2.196 2.293 2.432 2.439 2.260 2.155
0.007 -0.33541 10.00000 0.9361684322 2.4584989548    0.934  0.416  3.7690  4.020    2  0.000  0.534     0.00     0.00 -1 -3.29e-13      0.00 7.837e-01 2.104e-01 1.051e-03 2.880e-04 2.624e-03 -1.000 5.942e-03 3.729 2.647 2.344 2.302 2.286 2.296 2.290 2.279 1.832 2.045 2.147 2.287 2.297 2.154 2.019
0.007 -0.33541 10.00000 0.9409800172 2.4596643448    0.939  0.443  3.7606  3.962    2  0.000  0.535     0.00     0.00 -1 -3.73e-13      0.00 7.715e-01 2.222e-01 1.102e-03 3.018e-04 2.748e-03 -1.000 6.248e-03 3.662 2.542 2.220 2.175 2.156 2.170 2.162 2.148 1.713 1.905 2.016 2.158 2.171 2.078 1.900
0.007 -0.33541 10.00000 0.9441628456 2.4604277611    0.942  0.455  3.7504  3.911    2  0.000  0.535     0.00     0.00 -1 -4.07e-13      0.00 7.616e-01 2.319e-01 1.141e-03 3.122e-04 2.841e-03 -1.000 6.475e-03 3.633 2.467 2.122 2.071 2.050 2.068 2.059 2.041 1.619 1.786 1.908 2.051 2.069 2.038 1.807
0.007 -0.33541 10.00000 0.9462534189 2.4609258175    0.944  0.459  3.7400  3.867    2  0.000  0.536     0.00     0.00 -1 -4.32e-13      0.00 7.550e-01 2.384e-01 1.166e-03 3.189e-04 2.900e-03 -1.000 6.587e-03 3.624 2.414 2.043 1.987 1.963 1.985 1.975 1.954 1.545 1.687 1.819 1.965 1.987 2.016 1.734
0.007 -0.33541 10.00000 0.9478219151 2.4612979889    0.946  0.464  3.7304  3.823    2  0.000  0.536     0.00     0.00 -1 -4.59e-13      0.00 7.505e-01 2.428e-01 1.182e-03 3.232e-04 2.938e-03 -1.000 6.678e-03 3.610 2.361 1.965 1.905 1.879 1.904 1.893 1.869 1.459 1.601 1.733 1.881 1.906 1.931 1.648
0.007 -0.33541 10.00000 0.9493694901 2.4616637230    0.947  0.483  3.7214  3.769    2  0.000  0.537     0.00     0.00 -1 -5.09e-13      0.00 7.467e-01 2.465e-01 1.196e-03 3.268e-04 2.970e-03 -1.000 6.741e-03 3.562 2.278 1.856 1.794 1.765 1.793 1.781 1.754 1.344 1.485 1.617 1.768 1.796 1.816 1.533
0.007 -0.33541 10.00000 0.9508817792 2.4620196819    0.949  0.520  3.7143  3.704    2  0.000  0.537     0.00     0.00 -1 -5.96e-13      0.00 7.432e-01 2.500e-01 1.206e-03 3.297e-04 2.996e-03 -1.000 6.798e-03 3.469 2.159 1.717 1.651 1.621 1.651 1.638 1.609 1.198 1.339 1.471 1.624 1.654 1.670 1.387
0.007 -0.33541 10.00000 0.9515010118 2.4621651173    0.949  0.540  3.7119  3.675    2  0.000  0.537     0.00     0.00 -1 -6.46e-13      0.00 7.417e-01 2.514e-01 1.210e-03 3.307e-04 3.005e-03 -1.000 6.842e-03 3.420 2.101 1.652 1.585 1.555 1.585 1.572 1.542 1.131 1.272 1.403 1.557 1.588 1.603 1.320
0.007 -0.33541 10.00000 0.9520662427 2.4622976780    0.950  0.562  3.7103  3.646    3  0.000  0.537     0.00     0.00 -1 -7.03e-13      0.00 7.404e-01 2.528e-01 1.213e-03 3.315e-04 3.012e-03 -1.000 6.872e-03 3.364 2.039 1.585 1.518 1.487 1.518 1.504 1.473 1.062 1.203 1.334 1.489 1.521 1.535 1.251
0.007 -0.33541 10.00000 0.9531775117 2.4625577927    0.951  0.611  3.7075  3.587    3  0.000  0.537     0.00     0.00 -1 -8.38e-13      0.00 7.376e-01 2.555e-01 1.218e-03 3.330e-04 3.024e-03 -1.000 6.894e-03 3.242 1.907 1.445 1.377 1.345 1.377 1.363 1.331 0.919 1.060 1.191 1.348 1.380 1.392 1.108
0.007 -0.33541 10.00000 0.9541929364 2.4627950191    0.952  0.662  3.7054  3.529    3  0.000  0.536     0.00     0.00 -1 -1.01e-12      0.00 7.347e-01 2.584e-01 1.218e-03 3.349e-04 3.034e-03 -1.000 6.901e-03 3.116 1.774 1.306 1.236 1.204 1.236 1.222 1.189 0.777 0.918 1.048 1.206 1.239 1.250 0.966
0.007 -0.33541 10.00000 0.9549444914 2.4629700184    0.953  0.703  3.7040  3.482    3  0.000  0.532     0.00     0.00 -1 -1.17e-12      0.00 7.323e-01 2.608e-01 1.213e-03 3.388e-04 3.040e-03 -1.000 6.899e-03 3.013 1.666 1.194 1.124 1.091 1.123 1.109 1.076 0.664 0.804 0.935 1.094 1.127 1.136 0.853
0.007 -0.33541 10.00000 0.9556639194 2.4631373882    0.953  0.745  3.7028  3.435    3  0.000  0.526     0.00     0.00 -1 -1.36e-12      0.00 7.299e-01 2.632e-01 1.201e-03 3.497e-04 3.046e-03 -1.000 6.917e-03 2.906 1.555 1.079 1.008 0.975 1.008 0.994 0.960 0.547 0.688 0.818 0.978 1.012 1.020 0.736
0.007 -0.33541 10.00000 0.9564993978 2.4633312225    0.954  0.799  3.7013  3.375    3  0.000  0.515     0.00     0.00 -1 -1.65e-12      0.00 7.270e-01 2.661e-01 1.176e-03 3.768e-04 3.051e-03 -1.000 6.939e-03 2.771 1.415 0.934 0.863 0.829 0.863 0.848 0.813 0.401 0.541 0.672 0.832 0.867 0.874 0.590
0.007 -0.33541 10.00000 0.9571345448 2.4634783268    0.955  0.844  3.7000  3.326    3  0.000  0.504     0.00     0.00 -1 -1.93e-12      0.00 7.248e-01 2.682e-01 1.153e-03 4.043e-04 3.054e-03 -1.000 6.956e-03 2.660 1.300 0.815 0.744 0.709 0.744 0.729 0.693 0.280 0.421 0.551 0.712 0.747 0.753 0.469
0.007 -0.33541 10.00000 0.9576745629 2.4636032581    0.955  0.885  3.6989  3.281    3  0.000  0.495     0.00     0.00 -1 -2.24e-12      0.00 7.231e-01 2.699e-01 1.134e-03 4.280e-04 3.057e-03 -1.000 6.966e-03 2.558 1.193 0.705 0.633 0.598 0.633 0.618 0.581 0.169 0.309 0.439 0.601 0.637 0.642 0.358
0.007 -0.33541 10.00000 0.9583119750 2.4637506008    0.956  0.937  3.6973  3.222    3  0.000  0.486     0.00     0.00 -1 -2.69e-12      0.00 7.212e-01 2.718e-01 1.113e-03 4.546e-04 3.059e-03 -1.000 6.975e-03 2.427 1.057 0.564 0.491 0.455 0.492 0.476 0.438 0.026 0.166 0.296 0.459 0.496 0.499 0.214
0.007 -0.33541 10.00000 0.9587770104 2.4638578892    0.956  0.979  3.6960  3.176    3  0.000  0.480     0.00     0.00 -1 -3.13e-12      0.00 7.200e-01 2.730e-01 1.100e-03 4.709e-04 3.061e-03 -1.000 6.983e-03 2.323 0.948 0.451 0.377 0.342 0.379 0.363 0.324 -0.089 0.051 0.182 0.345 0.383 0.384 0.100
0.007 -0.33541 10.00000 0.9591937065 2.4639539719    0.957  1.019  3.6947  3.130    3  0.000  0.476     0.00     0.00 -1 -3.62e-12      0.00 7.190e-01 2.740e-01 1.091e-03 4.828e-04 3.062e-03 -1.000 6.991e-03 2.222 0.842 0.341 0.267 0.231 0.269 0.253 0.213 -0.200 -0.060 0.070 0.234 0.273 0.273 -0.011
0.007 -0.33541 10.00000 0.9595870376 2.4640445709    0.957  1.060  3.6933  3.084    3  0.000  0.473     0.00     0.00 -1 -4.19e-12      0.00 7.183e-01 2.747e-01 1.084e-03 4.920e-04 3.062e-03 -1.000 7.001e-03 2.119 0.735 0.229 0.154 0.117 0.156 0.140 0.099 -0.314 -0.174 -0.044 0.121 0.161 0.159 -0.125
0.007 -0.33541 10.00000 0.9600447416 2.4641497135    0.957  1.112  3.6914  3.024    3  0.000  0.470     0.00     0.00 -1 -5.06e-12      0.00 7.176e-01 2.754e-01 1.078e-03 5.003e-04 3.063e-03 -1.000 7.012e-03 1.989 0.597 0.085 0.010 -0.027 0.013 -0.003 -0.046 -0.460 -0.320 -0.190 -0.024 0.018 0.014 -0.271
0.007 -0.33541 10.00000 0.9604564905 2.4642443657    0.958  1.164  3.6894  2.965    3  0.000  0.468     0.00     0.00 -1  -6.1e-12      0.00 7.171e-01 2.759e-01 1.073e-03 5.057e-04 3.064e-03 -1.000 7.007e-03 1.860 0.461 -0.058 -0.134 -0.172 -0.130 -0.147 -0.192 -0.606 -0.466 -0.336 -0.168 -0.126 -0.132 -0.417
0.007 -0.33541 10.00000 0.9608156085 2.4643268585    0.958  1.214  3.6874  2.907    3  0.000  0.467     0.00     0.00 -1 -7.31e-12      0.00 7.168e-01 2.762e-01 1.071e-03 5.088e-04 3.065e-03 -1.000 6.984e-03 1.735 0.329 -0.195 -0.273 -0.311 -0.269 -0.286 -0.332 -0.746 -0.607 -0.477 -0.307 -0.264 -0.272 -0.557
0.007 -0.33541 10.00000 0.9611374140 2.4644007683    0.958  1.263  3.6853  2.850    3  0.000  0.466     0.00     0.00 -1 -8.74e-12      0.00 7.167e-01 2.763e-01 1.070e-03 5.102e-04 3.065e-03 -1.000 6.971e-03 1.613 0.200 -0.331 -0.410 -0.449 -0.406 -0.424 -0.470 -0.885 -0.746 -0.617 -0.445 -0.401 -0.411 -0.696
0.007 -0.33541 10.00000 0.9614356160 2.4644689560    0.958  1.313  3.6831  2.791    3  0.000  0.466     0.00     0.00 -1 -1.05e-11      0.00 7.166e-01 2.764e-01 1.070e-03 5.108e-04 3.065e-03 -1.000 6.970e-03 1.488 0.069 -0.469 -0.549 -0.589 -0.545 -0.563 -0.611 -1.027 -0.888 -0.759 -0.585 -0.541 -0.552 -0.838
0.007 -0.33541 10.00000 0.9617083073 2.4645314217    0.959  1.362  3.6808  2.732    3  0.000  0.466     0.00     0.00 -1 -1.26e-11      0.00 7.166e-01 2.764e-01 1.069e-03 5.111e-04 3.065e-03 -1.000 6.970e-03 1.364 -0.063 -0.608 -0.689 -0.730 -0.686 -0.704 -0.753 -1.169 -1.031 -0.903 -0.726 -0.681 -0.694 -0.980
0.007 -0.33541 10.00000 0.9619410634 2.4645848274    0.959  1.409  3.6786  2.677    3  0.000  0.466     0.00     0.00 -1 -1.49e-11      0.00 7.166e-01 2.764e-01 1.069e-03 5.113e-04 3.065e-03 -1.000 6.970e-03 1.248 -0.185 -0.737 -0.820 -0.862 -0.816 -0.835 -0.885 -1.302 -1.164 -1.036 -0.857 -0.812 -0.827 -1.113
0.007 -0.33541 10.00000 0.9621626735 2.4646356106    0.959  1.456  3.6762  2.620    3  0.000  0.466     0.00     0.00 -1 -1.78e-11      0.00 7.166e-01 2.764e-01 1.069e-03 5.115e-04 3.065e-03 -1.000 6.970e-03 1.129 -0.312 -0.871 -0.955 -0.998 -0.952 -0.971 -1.022 -1.439 -1.301 -1.174 -0.993 -0.947 -0.963 -1.250
0.007 -0.33541 10.00000 0.9623622894 2.4646811485    0.959  1.502  3.6739  2.565    3  0.000  0.466     0.00     0.00 -1 -2.11e-11      0.00 7.166e-01 2.764e-01 1.069e-03 5.116e-04 3.065e-03 -1.000 6.970e-03 1.014 -0.434 -1.001 -1.086 -1.130 -1.083 -1.102 -1.155 -1.572 -1.435 -1.307 -1.125 -1.078 -1.096 -1.383
0.007 -0.33541 10.00000 0.9625481367 2.4647235870    0.959  1.547  3.6715  2.510    3  0.000  0.466     0.00     0.00 -1 -2.49e-11      0.00 7.166e-01 2.764e-01 1.069e-03 5.118e-04 3.065e-03 -1.000 6.970e-03 0.901 -0.554 -1.129 -1.215 -1.260 -1.212 -1.232 -1.285 -1.703 -1.566 -1.439 -1.255 -1.207 -1.227 -1.514
0.007 -0.33541 10.00000 0.9627248645 2.4647641182    0.959  1.590  3.6693  2.459    3  0.000  0.466     0.00     0.00 -1 -2.91e-11      0.00 7.166e-01 2.765e-01 1.069e-03 5.119e-04 3.065e-03 -1.000 6.970e-03 0.795 -0.668 -1.250 -1.338 -1.383 -1.334 -1.354 -1.409 -1.827 -1.691 -1.564 -1.378 -1.328 -1.351 -1.638
0.007 -0.33541 10.00000 0.9629389048 2.4648129940    0.959  1.633  3.6670  2.407    3  0.000  0.466     0.00     0.00 -1 -3.42e-11      0.00 7.166e-01 2.765e-01 1.069e-03 5.121e-04 3.065e-03 -1.000 6.970e-03 0.688 -0.781 -1.370 -1.460 -1.506 -1.455 -1.475 -1.533 -1.951 -1.815 -1.688 -1.501 -1.449 -1.475 -1.762
0.007 -0.33541 10.00000 0.9630160332 2.4648306370    0.959  1.642  3.6666  2.396    3  0.000  0.465     0.00     0.00 -1 -3.56e-11      0.00 7.166e-01 2.765e-01 1.069e-03 5.122e-04 3.065e-03 -1.000 6.970e-03 0.665 -0.806 -1.397 -1.487 -1.533 -1.481 -1.502 -1.560 -1.978 -1.842 -1.716 -1.528 -1.476 -1.502 -1.789
0.007 -0.33541 10.00000 0.9631875157 2.4648697376    0.959  1.605  3.6692  2.443    3  0.000  0.465     0.00     0.00 -1 -3.13e-11      0.00 7.166e-01 2.765e-01 1.069e-03 5.123e-04 3.065e-03 -1.000 6.970e-03 0.756 -0.707 -1.289 -1.377 -1.422 -1.373 -1.393 -1.449 -1.867 -1.730 -1.604 -1.417 -1.367 -1.391 -1.678
0.007 -0.33541 10.00000 0.9632613659 2.4648864269    0.959  1.582  3.6707  2.472    3  0.000  0.465     0.00     0.00 -1 -2.87e-11      0.00 7.165e-01 2.765e-01 1.068e-03 5.124e-04 3.065e-03 -1.000 6.970e-03 0.814 -0.644 -1.221 -1.308 -1.353 -1.304 -1.325 -1.379 -1.797 -1.660 -1.533 -1.348 -1.299 -1.321 -1.608
0.007 -0.33541 10.00000 0.9633169174 2.4648993015    0.959  1.600  3.6698  2.451    3  0.000  0.465     0.00     0.00 -1 -3.03e-11      0.00 7.165e-01 2.765e-01 1.068e-03 5.125e-04 3.065e-03 -1.000 6.970e-03 0.770 -0.692 -1.272 -1.360 -1.405 -1.355 -1.376 -1.431 -1.849 -1.712 -1.586 -1.400 -1.350 -1.373 -1.660
0.007 -0.33541 10.00000 0.9634604454 2.4649319649    0.959  1.647  3.6671  2.393    3  0.000  0.465     0.00     0.00 -1 -3.59e-11      0.00 7.165e-01 2.765e-01 1.068e-03 5.126e-04 3.065e-03 -1.000 6.970e-03 0.652 -0.818 -1.406 -1.496 -1.542 -1.490 -1.511 -1.569 -1.987 -1.851 -1.725 -1.537 -1.485 -1.511 -1.798
0.007 -0.33541 10.00000 0.9635980725 2.4649631977    0.959  1.694  3.6644  2.336    3  0.000  0.465     0.00     0.00 -1 -4.26e-11      0.00 7.165e-01 2.765e-01 1.068e-03 5.127e-04 3.065e-03 -1.000 6.970e-03 0.536 -0.942 -1.539 -1.631 -1.678 -1.624 -1.646 -1.705 -2.124 -1.988 -1.862 -1.672 -1.618 -1.648 -1.935
0.007 -0.33541 10.00000 0.9637227654 2.4649918079    0.959  1.739  3.6617  2.280    3  0.000  0.465     0.00     0.00 -1 -5.04e-11      0.00 7.165e-01 2.765e-01 1.068e-03 5.128e-04 3.065e-03 -1.000 6.970e-03 0.423 -1.063 -1.668 -1.761 -1.809 -1.754 -1.776 -1.838 -2.257 -2.121 -1.996 -1.804 -1.748 -1.781 -2.068
0.007 -0.33541 10.00000 0.9638421535 2.4650189877    0.958  1.785  3.6590  2.222    3  0.000  0.465     0.00     0.00 -1 -5.99e-11      0.00 7.165e-01 2.765e-01 1.068e-03 5.129e-04 3.065e-03 -1.000 6.970e-03 0.307 -1.188 -1.801 -1.897 -1.946 -1.888 -1.911 -1.975 -2.394 -2.259 -2.134 -1.940 -1.882 -1.918 -2.205
0.007 -0.33541 10.00000 0.9639473557 2.4650428295    0.958  1.829  3.6562  2.167    3  0.000  0.465     0.00     0.00 -1 -7.08e-11      0.00 7.165e-01 2.765e-01 1.068e-03 5.130e-04 3.065e-03 -1.000 6.970e-03 0.196 -1.307 -1.929 -2.026 -2.076 -2.016 -2.040 -2.107 -2.526 -2.391 -2.266 -2.070 -2.010 -2.049 -2.337
0.007 -0.33541 10.00000 0.9640470147 2.4650654793    0.958  1.875  3.6534  2.110    3  0.000  0.465     0.00     0.00 -1 -8.39e-11      0.00 7.165e-01 2.765e-01 1.068e-03 5.131e-04 3.065e-03 -1.000 6.970e-03 0.083 -1.428 -2.060 -2.159 -2.210 -2.148 -2.172 -2.241 -2.661 -2.526 -2.402 -2.204 -2.141 -2.184 -2.472
0.007 -0.33541 10.00000 0.9641354084 2.4650857449    0.958  1.918  3.6506  2.055    3  0.000  0.465     0.00     0.00 -1 -9.88e-11      0.00 7.165e-01 2.765e-01 1.068e-03 5.132e-04 3.065e-03 -1.000 6.970e-03 -0.026 -1.545 -2.186 -2.287 -2.339 -2.275 -2.299 -2.371 -2.791 -2.656 -2.532 -2.333 -2.268 -2.314 -2.602
0.007 -0.33541 10.00000 0.9642180800 2.4651045799    0.958  1.962  3.6478  2.000    3  0.000  0.465     0.00     0.00 -1 -1.16e-10      0.00 7.165e-01 2.765e-01 1.068e-03 5.132e-04 3.065e-03 -1.000 6.970e-03 -0.135 -1.662 -2.313 -2.416 -2.469 -2.403 -2.428 -2.502 -2.921 -2.787 -2.663 -2.463 -2.395 -2.445 -2.732
0.007 -0.33541 10.00000 0.9642949104 2.4651219845    0.957  2.006  3.6449  1.945    3  0.000  0.465     0.00     0.00 -1 -1.37e-10      0.00 7.165e-01 2.765e-01 1.068e-03 5.133e-04 3.065e-03 -1.000 6.970e-03 -0.245 -1.780 -2.435 -2.543 -2.597 -2.526 -2.554 -2.632 -3.017 -3.396 -3.667 -2.591 -2.519 -2.583 -2.844
0.007 -0.33541 10.00000 0.9643647075 2.4651379585    0.957  2.050  3.6421  1.889    3  0.000  0.465     0.00     0.00 -1 -1.62e-10      0.00 7.165e-01 2.765e-01 1.068e-03 5.134e-04 3.065e-03 -1.000 6.970e-03 -0.354 -1.896 -2.556 -2.668 -2.725 -2.649 -2.679 -2.760 -3.112 -4.002 -4.665 -2.718 -2.641 -2.720 -2.954
0.007 -0.33541 10.00000 0.9644291997 2.4651525021    0.957  2.093  3.6391  1.834    3  0.000  0.465     0.00     0.00 -1 -1.91e-10      0.00 7.165e-01 2.765e-01 1.068e-03 5.134e-04 3.065e-03 -1.000 6.970e-03 -0.463 -2.012 -2.676 -2.794 -2.852 -2.772 -2.805 -2.889 -3.207 -4.611 -5.669 -2.845 -2.764 -2.858 -3.064
0.007 -0.33541 10.00000 0.9644864798 2.4651656151    0.956  2.135  3.6362  1.780    3  0.000  0.465     0.00     0.00 -1 -2.24e-10      0.00 7.165e-01 2.765e-01 1.068e-03 5.135e-04 3.065e-03 -1.000 6.970e-03 -0.568 -2.123 -2.792 -2.915 -2.975 -2.891 -2.926 -3.012 -3.299 -5.200 -6.639 -2.968 -2.883 -2.989 -3.171
0.007 -0.33541 10.00000 0.9645404220 2.4651777744    0.956  2.178  3.6333  1.726    3  0.000  0.465     0.00     0.00 -1 -2.63e-10      0.00 7.165e-01 2.765e-01 1.068e-03 5.135e-04 3.066e-03 -1.000 6.971e-03 -0.674 -2.236 -2.910 -3.037 -3.100 -3.012 -3.050 -3.137 -3.392 -5.799 -7.624 -3.092 -3.003 -3.123 -3.279
0.007 -0.33541 10.00000 0.9645891786 2.4651889801    0.955  2.219  3.6303  1.672    3  0.000  0.465     0.00     0.00 -1 -3.08e-10      0.00 7.165e-01 2.765e-01 1.068e-03 5.136e-04 3.066e-03 -1.000 6.970e-03 -0.778 -2.346 -3.025 -3.158 -3.222 -3.131 -3.171 -3.259 -3.483 -6.385 -8.590 -3.214 -3.122 -3.254 -3.385
0.007 -0.33541 10.00000 0.9646351337 2.4651994705    0.955  2.261  3.6274  1.618    3  0.000  0.465     0.00     0.00 -1 -3.61e-10      0.00 7.165e-01 2.765e-01 1.068e-03 5.136e-04 3.066e-03 -1.000 6.970e-03 -0.883 -2.457 -3.141 -3.280 -3.346 -3.251 -3.294 -3.383 -3.575 -6.980 -9.570 -3.338 -3.242 -3.386 -3.493
0.007 -0.33541 10.00000 0.9646772742 2.4652090073    0.954  2.303  3.6243  1.564    3  0.000  0.465     0.00     0.00 -1 -4.23e-10      0.00 7.165e-01 2.766e-01 1.068e-03 5.136e-04 3.066e-03 -1.000 6.970e-03 -0.987 -2.567 -3.256 -3.401 -3.468 -3.371 -3.416 -3.504 -3.667 -7.571 -10.545 -3.460 -3.362 -3.517 -3.600
0.007 -0.33541 10.00000 0.9647154212 2.4652175903    0.954  2.344  3.6214  1.511    3  0.000  0.465     0.00     0.00 -1 -4.93e-10      0.00 7.165e-01 2.766e-01 1.068e-03 5.137e-04 3.066e-03 -1.000 6.970e-03 -1.089 -2.674 -3.368 -3.519 -3.588 -3.488 -3.536 -3.622 -3.756 -8.149 -11.496 -3.580 -3.478 -3.644 -3.704
0.007 -0.33541 10.00000 0.9647517800 2.4652259350    0.953  2.385  3.6184  1.457    3  0.000  0.465     0.00     0.00 -1 -5.78e-10      0.00 7.165e-01 2.766e-01 1.068e-03 5.137e-04 3.066e-03 -1.000 6.970e-03 -1.193 -2.785 -3.488 -3.643 -3.714 -3.612 -3.661 -3.747 -3.877 -8.376 -11.804 -3.705 -3.602 -3.771 -3.828
0.007 -0.33541 10.00000 0.9647841454 2.4652333260    0.952  2.425  3.6154  1.405    3  0.000  0.465     0.00     0.00 -1 -6.74e-10      0.00 7.165e-01 2.766e-01 1.068e-03 5.137e-04 3.066e-03 -1.000 6.970e-03 -1.293 -2.891 -3.603 -3.763 -3.835 -3.732 -3.783 -3.868 -4.000 -8.499 -11.928 -3.826 -3.722 -3.892 -3.951
0.007 -0.33541 10.00000 0.9648146629 2.4652402401    0.951  2.466  3.6124  1.352    3  0.000  0.465     0.00     0.00 -1 -7.86e-10      0.00 7.165e-01 2.766e-01 1.067e-03 5.138e-04 3.066e-03 -1.000 6.970e-03 -1.394 -3.000 -3.721 -3.885 -3.958 -3.853 -3.905 -3.990 -4.126 -8.625 -12.053 -3.949 -3.844 -4.015 -4.077
0.007 -0.33541 10.00000 0.9648427963 2.4652466774    0.951  2.506  3.6093  1.299    3  0.000  0.465     0.00     0.00 -1 -9.17e-10      0.00 7.165e-01 2.766e-01 1.067e-03 5.138e-04 3.066e-03 -1.000 6.971e-03 -1.495 -3.107 -3.838 -4.006 -4.081 -3.975 -4.028 -4.113 -4.251 -8.750 -12.179 -4.072 -3.965 -4.138 -4.202
0.007 -0.33541 10.00000 0.9648683071 2.4652523994    0.950  2.545  3.6062  1.247    3  0.000  0.465     0.00     0.00 -1 -1.07e-09      0.00 7.165e-01 2.766e-01 1.067e-03 5.138e-04 3.066e-03 -1.000 6.971e-03 -1.593 -3.211 -3.951 -4.124 -4.201 -4.092 -4.148 -4.232 -4.373 -8.872 -12.301 -4.191 -4.083 -4.258 -4.324
0.007 -0.33541 10.00000 0.9648922682 2.4652578831    0.949  2.585  3.6032  1.195    3  0.000  0.465     0.00     0.00 -1 -1.24e-09      0.00 7.165e-01 2.766e-01 1.067e-03 5.138e-04 3.066e-03 -1.000 6.971e-03 -1.691 -3.316 -4.065 -4.243 -4.321 -4.211 -4.268 -4.351 -4.496 -8.995 -12.423 -4.310 -4.201 -4.378 -4.447
0.007 -0.33541 10.00000 0.9649143219 2.4652628899    0.948  2.623  3.6001  1.144    3  0.000  0.465     0.00     0.00 -1 -1.44e-09      0.00 7.165e-01 2.766e-01 1.067e-03 5.138e-04 3.066e-03 -1.000 6.971e-03 -1.788 -3.418 -4.177 -4.360 -4.440 -4.328 -4.387 -4.469 -4.617 -9.116 -12.545 -4.429 -4.318 -4.497 -4.568
0.007 -0.33541 10.00000 0.9649343491 2.4652674198    0.946  2.661  3.5971  1.094    3  0.000  0.465     0.00     0.00 -1 -1.66e-09      0.00 7.165e-01 2.766e-01 1.067e-03 5.139e-04 3.066e-03 -1.000 6.971e-03 -1.882 -3.518 -4.286 -4.474 -4.555 -4.442 -4.502 -4.584 -4.735 -9.234 -12.662 -4.544 -4.432 -4.613 -4.685
0.007 -0.33541 10.00000 0.9649540186 2.4652719498    0.945  2.700  3.5940  1.041    3  0.000  0.465     0.00     0.00 -1 -1.94e-09      0.00 7.165e-01 2.766e-01 1.067e-03 5.139e-04 3.066e-03 -1.000 6.970e-03 -1.980 -3.623 -4.401 -4.594 -4.677 -4.561 -4.624 -4.705 -4.859 -9.358 -12.786 -4.664 -4.551 -4.734 -4.809
0.007 -0.33541 10.00000 0.9649755359 2.4652767181    0.943  2.746  3.5901  0.979    3  0.000  0.465     0.00     0.00 -1 -2.31e-09      0.00 7.165e-01 2.766e-01 1.067e-03 5.139e-04 3.066e-03 -1.000 6.970e-03 -2.096 -3.746 -4.536 -4.735 -4.820 -4.702 -4.768 -4.848 -5.005 -9.504 -12.933 -4.807 -4.692 -4.878 -4.956
0.007 -0.33541 10.00000 0.9649950862 2.4652812481    0.942  2.791  3.5863  0.918    3  0.000  0.465     0.00     0.00 -1 -2.75e-09      0.00 7.165e-01 2.766e-01 1.067e-03 5.139e-04 3.066e-03 -1.000 6.971e-03 -2.208 -3.866 -4.667 -4.873 -4.960 -4.840 -4.909 -4.988 -5.149 -9.648 -13.077 -4.946 -4.831 -5.019 -5.100
0.007 -0.33541 10.00000 0.9650100470 2.4652845860    0.940  2.828  3.5831  0.868    3  0.000  0.465     0.00     0.00 -1 -3.18e-09      0.00 7.165e-01 2.766e-01 1.067e-03 5.139e-04 3.066e-03 -1.000 6.971e-03 -2.300 -3.965 -4.774 -4.985 -5.075 -4.952 -5.025 -5.102 -5.267 -9.766 -13.195 -5.060 -4.944 -5.135 -5.218
0.007 -0.33541 10.00000 0.9650242925 2.4652879238    0.938  2.865  3.5799  0.817    3  0.000  0.465     0.00     0.00 -1 -3.67e-09      0.00 7.165e-01 2.766e-01 1.067e-03 5.139e-04 3.066e-03 -1.000 6.971e-03 -2.392 -4.064 -4.883 -5.100 -5.191 -5.066 -5.142 -5.219 -5.387 -9.886 -13.314 -5.175 -5.058 -5.252 -5.337
0.007 -0.33541 10.00000 0.9650395513 2.4652912617    0.936  2.907  3.5761  0.758    3  0.000  0.465     0.00     0.00 -1 -4.33e-09      0.00 7.165e-01 2.766e-01 1.067e-03 5.140e-04 3.066e-03 -1.000 6.971e-03 -2.498 -4.179 -5.007 -5.231 -5.325 -5.198 -5.277 -5.353 -5.525 -10.024 -13.452 -5.308 -5.190 -5.387 -5.476
0.007 -0.33541 10.00000 0.9650539756 2.4652945995    0.933  2.950  3.5722  0.699    3  0.000  0.465     0.00     0.00 -1 -5.13e-09      0.00 7.165e-01 2.766e-01 1.067e-03 5.140e-04 3.066e-03 -1.000 6.971e-03 -2.605 -4.294 -5.134 -5.364 -5.460 -5.330 -5.414 -5.489 -5.665 -10.164 -13.593 -5.442 -5.323 -5.524 -5.616
0.007 -0.33541 10.00000 0.9650673866 2.4652976990    0.931  2.992  3.5682  0.639    3  0.000  0.465     0.00     0.00 -1 -6.06e-09      0.00 7.165e-01 2.766e-01 1.067e-03 5.140e-04 3.066e-03 -1.000 6.971e-03 -2.711 -4.409 -5.259 -5.496 -5.595 -5.462 -5.550 -5.624 -5.805 -10.303 -13.732 -5.576 -5.455 -5.661 -5.755
0.007 -0.33541 10.00000 0.9650796652 2.4653005600    0.928  3.033  3.5643  0.581    3  0.000  0.465     0.00     0.00 -1 -7.13e-09      0.00 7.165e-01 2.766e-01 1.067e-03 5.140e-04 3.066e-03 -1.000 6.971e-03 -2.813 -4.522 -5.380 -5.624 -5.726 -5.591 -5.683 -5.756 -5.941 -10.440 -13.868 -5.705 -5.584 -5.794 -5.891
0.007 -0.33541 10.00000 0.9650910497 2.4653029442    0.924  3.074  3.5603  0.523    3  0.000  0.465     0.00     0.00 -1 -8.39e-09      0.00 7.165e-01 2.766e-01 1.067e-03 5.140e-04 3.066e-03 -1.000 6.971e-03 -2.915 -4.633 -5.501 -5.752 -5.857 -5.719 -5.815 -5.888 -6.077 -10.576 -14.004 -5.834 -5.713 -5.927 -6.027
0.007 -0.33541 10.00000 0.9651014805 2.4653053284    0.921  3.113  3.5563  0.466    3  0.000  0.465     0.00     0.00 -1 -9.82e-09      0.00 7.165e-01 2.766e-01 1.067e-03 5.140e-04 3.066e-03 -1.000 6.971e-03 -3.012 -4.742 -5.619 -5.876 -5.984 -5.844 -5.945 -6.017 -6.210 -10.709 -14.137 -5.960 -5.839 -6.057 -6.160
0.007 -0.33541 10.00000 0.9651112556 2.4653077126    0.917  3.152  3.5522  0.409    3  0.000  0.465     0.00     0.00 -1 -1.15e-08      0.00 7.165e-01 2.766e-01 1.067e-03 5.140e-04 3.066e-03 -1.000 6.970e-03 -3.110 -4.852 -5.737 -6.001 -6.112 -5.972 -6.076 -6.147 -6.345 -10.844 -14.272 -6.086 -5.966 -6.189 -6.295
0.007 -0.33541 10.00000 0.9651203156 2.4653096199    0.913  3.190  3.5482  0.353    3  0.000  0.465     0.00     0.00 -1 -1.34e-08      0.00 7.165e-01 2.766e-01 1.067e-03 5.140e-04 3.066e-03 -1.000 6.970e-03 -3.205 -4.959 -5.851 -6.123 -6.237 -6.096 -6.204 -6.275 -6.477 -10.976 -14.404 -6.209 -6.091 -6.319 -6.427
0.007 -0.33541 10.00000 0.9651286602 2.4653115273    0.908  3.227  3.5441  0.298    3  0.000  0.465     0.00     0.00 -1 -1.56e-08      0.00 7.165e-01 2.766e-01 1.067e-03 5.140e-04 3.066e-03 -1.000 6.971e-03 -3.297 -5.063 -5.963 -6.242 -6.359 -6.218 -6.330 -6.401 -6.607 -11.106 -14.534 -6.329 -6.213 -6.446 -6.557
0.007 -0.33541 10.00000 0.9651364088 2.4653134346    0.904  3.263  3.5400  0.243    3  0.000  0.465     0.00     0.00 -1 -1.81e-08      0.00 7.165e-01 2.766e-01 1.067e-03 5.140e-04 3.066e-03 -1.000 6.971e-03 -3.387 -5.164 -6.072 -6.358 -6.479 -6.336 -6.453 -6.524 -6.734 -11.233 -14.661 -6.447 -6.333 -6.571 -6.684
0.007 -0.33541 10.00000 0.9651436210 2.4653148651    0.898  3.298  3.5361  0.190    3  0.000  0.465     0.00     0.00 -1 -2.09e-08      0.00 7.165e-01 2.766e-01 1.067e-03 5.140e-04 3.066e-03 -1.000 6.971e-03 -3.474 -5.265 -6.178 -6.471 -6.595 -6.453 -6.572 -6.643 -6.858 -11.357 -14.785 -6.561 -6.450 -6.692 -6.808
0.007 -0.33541 10.00000 0.9651508331 2.4653165340    0.892  3.334  3.5320  0.135    3  0.000  0.465     0.00     0.00 -1 -2.43e-08      0.00 7.165e-01 2.766e-01 1.067e-03 5.140e-04 3.066e-03 -1.000 6.971e-03 -3.564 -5.369 -6.287 -6.588 -6.715 -6.573 -6.696 -6.767 -6.986 -11.485 -14.913 -6.678 -6.570 -6.817 -6.936
0.007 -0.33541 10.00000 0.9651574492 2.4653182030    0.886  3.367  3.5282  0.084    3  0.000  0.465     0.00     0.00 -1 -2.79e-08      0.00 7.165e-01 2.766e-01 1.067e-03 5.141e-04 3.066e-03 -1.000 6.971e-03 -3.647 -5.464 -6.386 -6.695 -6.825 -6.683 -6.809 -6.880 -7.104 -11.602 -15.030 -6.786 -6.680 -6.932 -7.053
0.007 -0.33541 10.00000 0.9651616216 2.4653191566    0.882  3.387  3.5259  0.052    3  0.000  0.465     0.00     0.00 -1 -3.04e-08      0.00 7.165e-01 2.766e-01 1.067e-03 5.141e-04 3.066e-03 -1.000 6.971e-03 -3.697 -5.522 -6.447 -6.760 -6.892 -6.750 -6.878 -6.949 -7.176 -11.674 -15.102 -6.852 -6.748 -7.003 -7.125
0.007 -0.33541 10.00000 0.9651616216 2.4653191566    0.882  1.709  3.6885  2.380    4  0.000  0.485     0.00     0.00 -1    -1e-30      0.00 7.196e-01 2.735e-01 1.111e-03 4.552e-04 3.053e-03 -1.000 6.918e-03 0.497 -0.907 -1.425 -1.502 -1.542 -1.497 -1.515 -1.565 -1.982 -1.845 -1.718 -1.538 -1.492 -1.507 -1.793
0.007 -0.33541 10.00000 0.9652395248 2.4653367996    0.882  1.719  3.6878  2.367    4  0.000  0.485     0.00     0.00 -1    -1e-30      0.00 7.196e-01 2.735e-01 1.111e-03 4.552e-04 3.053e-03 -1.000 6.918e-03 0.472 -0.934 -1.454 -1.532 -1.572 -1.526 -1.544 -1.595 -2.012 -1.875 -1.748 -1.568 -1.521 -1.537 -1.823
0.007 -0.33541 10.00000 0.9653155208 2.4653539658    0.882  1.723  3.6876  2.363    4  0.000  0.485     0.00     0.00 -1    -1e-30      0.00 7.196e-01 2.735e-01 1.111e-03 4.552e-04 3.053e-03 -1.000 6.918e-03 0.463 -0.944 -1.465 -1.543 -1.583 -1.537 -1.555 -1.606 -2.023 -1.886 -1.759 -1.579 -1.532 -1.548 -1.834
0.007 -0.33541 10.00000 0.9653916359 2.4653713703    0.882  1.724  3.6877  2.363    4  0.000  0.485     0.00     0.00 -1    -1e-30      0.00 7.196e-01 2.735e-01 1.111e-03 4.553e-04 3.053e-03 -1.000 6.918e-03 0.461 -0.946 -1.466 -1.544 -1.584 -1.538 -1.556 -1.607 -2.024 -1.887 -1.760 -1.580 -1.533 -1.549 -1.835
0.007 -0.33541 10.00000 0.9654689431 2.4653887749    0.882  1.723  3.6881  2.365    4  0.000  0.485     0.00     0.00 -1    -1e-30      0.00 7.196e-01 2.735e-01 1.111e-03 4.553e-04 3.053e-03 -1.000 6.918e-03 0.462 -0.943 -1.462 -1.539 -1.580 -1.534 -1.552 -1.602 -2.020 -1.882 -1.755 -1.576 -1.529 -1.544 -1.831
0.007 -0.33541 10.00000 0.9655495286 2.4654071331    0.882  1.721  3.6886  2.369    4  0.000  0.485     0.00     0.00 -1    -1e-30      0.00 7.196e-01 2.735e-01 1.111e-03 4.554e-04 3.053e-03 -1.000 6.918e-03 0.467 -0.937 -1.454 -1.531 -1.572 -1.526 -1.544 -1.594 -2.011 -1.874 -1.747 -1.567 -1.521 -1.536 -1.822
0.007 -0.33541 10.00000 0.9656282663 2.4654250145    0.882  1.719  3.6892  2.373    4  0.000  0.485     0.00     0.00 -1    -1e-30      0.00 7.196e-01 2.735e-01 1.111e-03 4.554e-04 3.053e-03 -1.000 6.918e-03 0.472 -0.929 -1.445 -1.522 -1.562 -1.517 -1.534 -1.585 -2.001 -1.864 -1.737 -1.558 -1.512 -1.526 -1.813
0.007 -0.33541 10.00000 0.9657062292 2.4654426575    0.882  1.717  3.6897  2.378    4  0.000  0.485     0.00     0.00 -1    -1e-30      0.00 7.196e-01 2.735e-01 1.111e-03 4.554e-04 3.053e-03 -1.000 6.918e-03 0.478 -0.922 -1.436 -1.513 -1.552 -1.507 -1.525 -1.575 -1.992 -1.854 -1.727 -1.548 -1.503 -1.516 -1.803
0.007 -0.33541 10.00000 0.9657854438 2.4654605389    0.882  1.715  3.6902  2.382    4  0.000  0.485     0.00     0.00 -1    -1e-30      0.00 7.196e-01 2.735e-01 1.111e-03 4.555e-04 3.053e-03 -1.000 6.918e-03 0.484 -0.915 -1.427 -1.503 -1.543 -1.498 -1.516 -1.565 -1.982 -1.844 -1.717 -1.539 -1.493 -1.507 -1.793
0.007 -0.33541 10.00000 0.9658675790 2.4654793739    0.882  1.713  3.6907  2.386    4  0.000  0.485     0.00     0.00 -1    -1e-30      0.00 7.196e-01 2.735e-01 1.111e-03 4.555e-04 3.053e-03 -1.000 6.918e-03 0.489 -0.908 -1.419 -1.495 -1.534 -1.490 -1.507 -1.556 -1.973 -1.835 -1.708 -1.530 -1.485 -1.498 -1.784
0.007 -0.33541 10.00000 0.9659410119 2.4654958248    0.882  1.711  3.6912  2.389    4  0.000  0.485     0.00     0.00 -1    -1e-30      0.00 7.196e-01 2.735e-01 1.111e-03 4.555e-04 3.053e-03 -1.000 6.918e-03 0.493 -0.902 -1.412 -1.488 -1.527 -1.483 -1.500 -1.549 -1.966 -1.828 -1.701 -1.523 -1.478 -1.491 -1.777
0.007 -0.33541 10.00000 0.9660173059 2.4655132294    0.883  1.710  3.6916  2.393    4  0.000  0.485     0.00     0.00 -1    -1e-30      0.00 7.196e-01 2.735e-01 1.111e-03 4.556e-04 3.053e-03 -1.000 6.918e-03 0.496 -0.897 -1.406 -1.481 -1.521 -1.476 -1.494 -1.542 -1.959 -1.821 -1.694 -1.517 -1.472 -1.484 -1.770
0.007 -0.33541 10.00000 0.9660918117 2.4655301571    0.883  1.708  3.6920  2.395    4  0.000  0.485     0.00     0.00 -1    -1e-30      0.00 7.196e-01 2.735e-01 1.111e-03 4.556e-04 3.053e-03 -1.000 6.918e-03 0.499 -0.893 -1.401 -1.476 -1.515 -1.471 -1.488 -1.537 -1.954 -1.816 -1.689 -1.511 -1.466 -1.478 -1.765
0.007 -0.33541 10.00000 0.9661648870 2.4655466080    0.883  1.707  3.6923  2.397    4  0.000  0.485     0.00     0.00 -1    -1e-30      0.00 7.196e-01 2.735e-01 1.111e-03 4.556e-04 3.053e-03 -1.000 6.918e-03 0.501 -0.890 -1.396 -1.471 -1.510 -1.466 -1.484 -1.532 -1.949 -1.811 -1.684 -1.506 -1.462 -1.473 -1.760
0.007 -0.33541 10.00000 0.9662432075 2.4655644894    0.883  1.707  3.6926  2.400    4  0.000  0.485     0.00     0.00 -1    -1e-30      0.00 7.196e-01 2.735e-01 1.111e-03 4.557e-04 3.053e-03 -1.000 6.918e-03 0.504 -0.886 -1.392 -1.467 -1.506 -1.462 -1.479 -1.527 -1.944 -1.806 -1.679 -1.502 -1.457 -1.469 -1.755
0.007 -0.33541 10.00000 0.9662626386 2.4655687809    0.883  1.706  3.6927  2.400    4  0.000  0.485     0.00     0.00 -1    -1e-30      0.00 7.196e-01 2.735e-01 1.111e-03 4.557e-04 3.053e-03 -1.000 6.918e-03 0.504 -0.886 -1.391 -1.466 -1.505 -1.461 -1.478 -1.526 -1.943 -1.805 -1.678 -1.501 -1.456 -1.468 -1.754
0.007 -0.33541 10.00000 0.9663388133 2.4655859470    0.883  1.706  3.6930  2.402    4  0.000  0.485     0.00     0.00 -1    -1e-30      0.00 7.196e-01 2.735e-01 1.111e-03 4.557e-04 3.053e-03 -1.000 6.918e-03 0.505 -0.883 -1.388 -1.462 -1.501 -1.458 -1.475 -1.523 -1.939 -1.802 -1.674 -1.497 -1.453 -1.464 -1.750
0.007 -0.33541 10.00000 0.9664142132 2.4656031132    0.883  1.705  3.6932  2.403    4  0.000  0.485     0.00     0.00 -1    -1e-30      0.00 7.196e-01 2.735e-01 1.111e-03 4.557e-04 3.054e-03 -1.000 6.918e-03 0.506 -0.881 -1.385 -1.460 -1.499 -1.455 -1.472 -1.520 -1.937 -1.799 -1.672 -1.495 -1.451 -1.462 -1.748
0.007 -0.33541 10.00000 0.9664908051 2.4656205177    0.883  1.705  3.6934  2.404    4  0.000  0.485     0.00     0.00 -1    -1e-30      0.00 7.196e-01 2.735e-01 1.111e-03 4.558e-04 3.054e-03 -1.000 6.918e-03 0.507 -0.881 -1.384 -1.458 -1.497 -1.454 -1.471 -1.518 -1.935 -1.797 -1.670 -1.493 -1.449 -1.460 -1.746
0.007 -0.33541 10.00000 0.9665684700 2.4656381607    0.883  1.706  3.6935  2.404    4  0.000  0.485     0.00     0.00 -1    -1e-30      0.00 7.196e-01 2.735e-01 1.111e-03 4.558e-04 3.054e-03 -1.000 6.918e-03 0.506 -0.881 -1.383 -1.458 -1.496 -1.453 -1.470 -1.518 -1.934 -1.797 -1.669 -1.493 -1.449 -1.459 -1.745
0.007 -0.33541 10.00000 0.9666487575 2.4656562805    0.883  1.706  3.6936  2.404    4  0.000  0.485     0.00     0.00 -1    -1e-30      0.00 7.196e-01 2.735e-01 1.111e-03 4.558e-04 3.054e-03 -1.000 6.918e-03 0.505 -0.882 -1.384 -1.459 -1.497 -1.454 -1.471 -1.519 -1.935 -1.798 -1.670 -1.493 -1.450 -1.460 -1.746
0.007 -0.33541 10.00000 0.9667236209 2.4656732082    0.883  1.707  3.6936  2.404    4  0.000  0.485     0.00     0.00 -1    -1e-30      0.00 7.196e-01 2.735e-01 1.111e-03 4.559e-04 3.054e-03 -1.000 6.918e-03 0.503 -0.884 -1.386 -1.461 -1.499 -1.456 -1.473 -1.521 -1.937 -1.799 -1.672 -1.495 -1.451 -1.462 -1.748
0.007 -0.33541 10.00000 0.9668036103 2.4656913280    0.883  1.708  3.6935  2.402    4  0.000  0.485     0.00     0.00 -1    -1e-30      0.00 7.196e-01 2.735e-01 1.110e-03 4.559e-04 3.054e-03 -1.000 6.918e-03 0.500 -0.887 -1.390 -1.464 -1.503 -1.460 -1.476 -1.524 -1.941 -1.803 -1.676 -1.499 -1.455 -1.466 -1.752
0.007 -0.33541 10.00000 0.9668374658 2.4656989574    0.883  1.709  3.6935  2.401    4  0.000  0.485     0.00     0.00 -1    -1e-30      0.00 7.196e-01 2.735e-01 1.110e-03 4.559e-04 3.054e-03 -1.000 6.918e-03 0.498 -0.889 -1.391 -1.466 -1.505 -1.461 -1.478 -1.526 -1.943 -1.805 -1.678 -1.501 -1.457 -1.467 -1.754
0.007 -0.33541 10.00000 0.9668437839 2.4657003880    0.883  1.709  3.6935  2.401    4  0.000  0.485     0.00     0.00 -1    -1e-30      0.00 7.196e-01 2.735e-01 1.110e-03 4.559e-04 3.054e-03 -1.000 6.918e-03 0.498 -0.889 -1.392 -1.466 -1.505 -1.462 -1.479 -1.526 -1.943 -1.805 -1.678 -1.501 -1.457 -1.468 -1.754
0.007 -0.33541 10.00000 0.9669178724 2.4657170773    0.884  1.711  3.6933  2.399    4  0.000  0.485     0.00     0.00 -1    -1e-30      0.00 7.195e-01 2.735e-01 1.110e-03 4.560e-04 3.054e-03 -1.000 6.918e-03 0.493 -0.894 -1.398 -1.472 -1.511 -1.468 -1.485 -1.532 -1.949 -1.811 -1.684 -1.507 -1.463 -1.474 -1.760
0.007 -0.33541 10.00000 0.9669894576 2.4657332897    0.884  1.713  3.6931  2.396    4  0.000  0.485     0.00     0.00 -1    -1e-30      0.00 7.195e-01 2.735e-01 1.110e-03 4.560e-04 3.054e-03 -1.000 6.918e-03 0.487 -0.901 -1.405 -1.480 -1.518 -1.475 -1.492 -1.540 -1.956 -1.819 -1.692 -1.514 -1.470 -1.481 -1.768
0.007 -0.33541 10.00000 0.9670618773 2.4657497406    0.884  1.716  3.6928  2.392    4  0.000  0.485     0.00     0.00 -1    -1e-30      0.00 7.195e-01 2.735e-01 1.110e-03 4.560e-04 3.054e-03 -1.000 6.918e-03 0.480 -0.909 -1.414 -1.489 -1.527 -1.484 -1.501 -1.549 -1.966 -1.828 -1.701 -1.523 -1.479 -1.491 -1.777
0.007 -0.33541 10.00000 0.9671326876 2.4657657146    0.884  1.719  3.6924  2.387    4  0.000  0.485     0.00     0.00 -1    -1e-30      0.00 7.195e-01 2.735e-01 1.110e-03 4.561e-04 3.054e-03 -1.000 6.918e-03 0.472 -0.918 -1.424 -1.499 -1.538 -1.494 -1.512 -1.560 -1.977 -1.839 -1.712 -1.534 -1.490 -1.501 -1.788
0.007 -0.33541 10.00000 0.9672056437 2.4657821655    0.884  1.723  3.6920  2.382    4  0.000  0.485     0.00     0.00 -1    -1e-30      0.00 7.195e-01 2.735e-01 1.110e-03 4.561e-04 3.054e-03 -1.000 6.918e-03 0.463 -0.929 -1.436 -1.512 -1.551 -1.507 -1.524 -1.573 -1.989 -1.852 -1.725 -1.547 -1.502 -1.514 -1.800
0.007 -0.33541 10.00000 0.9672785401 2.4657986164    0.884  1.727  3.6916  2.376    4  0.000  0.485     0.00     0.00 -1    -1e-30      0.00 7.195e-01 2.735e-01 1.110e-03 4.561e-04 3.054e-03 -1.000 6.918e-03 0.452 -0.942 -1.450 -1.526 -1.565 -1.520 -1.538 -1.587 -2.004 -1.866 -1.739 -1.561 -1.516 -1.528 -1.815
0.007 -0.33541 10.00000 0.9673497677 2.4658148289    0.884  1.732  3.6910  2.368    4  0.000  0.485     0.00     0.00 -1    -1e-30      0.00 7.195e-01 2.735e-01 1.110e-03 4.562e-04 3.054e-03 -1.000 6.918e-03 0.439 -0.956 -1.466 -1.542 -1.582 -1.537 -1.554 -1.604 -2.021 -1.883 -1.756 -1.578 -1.532 -1.546 -1.832
0.007 -0.33541 10.00000 0.9674208164 2.4658308029    0.884  1.739  3.6902  2.358    4  0.000  0.485     0.00     0.00 -1    -1e-30      0.00 7.195e-01 2.736e-01 1.110e-03 4.562e-04 3.054e-03 -1.000 6.918e-03 0.422 -0.977 -1.489 -1.565 -1.605 -1.560 -1.577 -1.627 -2.044 -1.907 -1.780 -1.601 -1.555 -1.569 -1.855
0.007 -0.33541 10.00000 0.9674928188 2.4658470154    0.884  1.748  3.6892  2.345    4  0.000  0.485     0.00     0.00 -1    -1e-30      0.00 7.195e-01 2.736e-01 1.110e-03 4.562e-04 3.054e-03 -1.000 6.918e-03 0.399 -1.003 -1.518 -1.595 -1.635 -1.589 -1.607 -1.658 -2.075 -1.937 -1.811 -1.631 -1.584 -1.599 -1.886
0.007 -0.33541 10.00000 0.9675648808 2.4658632278    0.884  1.754  3.6886  2.337    4  0.000  0.485     0.00     0.00 -1    -1e-30      0.00 7.195e-01 2.736e-01 1.110e-03 4.563e-04 3.054e-03 -1.000 6.918e-03 0.385 -1.019 -1.536 -1.613 -1.653 -1.607 -1.625 -1.676 -2.093 -1.956 -1.829 -1.649 -1.602 -1.618 -1.904
0.007 -0.33541 10.00000 0.9676356316 2.4658792019    0.884  1.771  3.6867  2.313    4  0.000  0.485     0.00     0.00 -1    -1e-30      0.00 7.195e-01 2.736e-01 1.110e-03 4.563e-04 3.054e-03 -1.000 6.918e-03 0.343 -1.068 -1.591 -1.669 -1.710 -1.663 -1.681 -1.733 -2.151 -2.014 -1.887 -1.706 -1.657 -1.675 -1.962
0.007 -0.33541 10.00000 0.9677084088 2.4658956528    0.884  1.800  3.6837  2.272    4  0.000  0.485     0.00     0.00 -1    -1e-30      0.00 7.195e-01 2.736e-01 1.110e-03 4.563e-04 3.054e-03 -1.000 6.918e-03 0.271 -1.150 -1.682 -1.762 -1.804 -1.755 -1.774 -1.828 -2.246 -2.110 -1.983 -1.800 -1.750 -1.770 -2.057
0.007 -0.33541 10.00000 0.9677550197 2.4659063816    0.884  1.837  3.6799  2.220    4  0.000  0.485     0.00     0.00 -1    -1e-30      0.00 7.195e-01 2.736e-01 1.110e-03 4.563e-04 3.054e-03 -1.000 6.918e-03 0.178 -1.256 -1.799 -1.881 -1.924 -1.873 -1.892 -1.949 -2.368 -2.232 -2.106 -1.920 -1.867 -1.892 -2.179
0.007 -0.33541 10.00000 0.9677798152 2.4659118652    0.885  1.878  3.6757  2.161    4  0.000  0.485     0.00     0.00 -1    -1e-30      0.00 7.195e-01 2.736e-01 1.110e-03 4.564e-04 3.054e-03 -1.000 6.918e-03 0.075 -1.373 -1.929 -2.014 -2.059 -2.004 -2.024 -2.084 -2.503 -2.368 -2.243 -2.054 -1.998 -2.027 -2.315
0.007 -0.33541 10.00000 0.9677910209 2.4659144878    0.885  1.919  3.6716  2.104    4  0.000  0.485     0.00     0.00 -1    -1e-30      0.00 7.195e-01 2.736e-01 1.110e-03 4.564e-04 3.054e-03 -1.000 6.918e-03 -0.027 -1.488 -2.058 -2.145 -2.191 -2.134 -2.155 -2.218 -2.637 -2.502 -2.377 -2.186 -2.128 -2.161 -2.448
0.007 -0.33541 10.00000 0.9677962065 2.4659154415    0.885  1.958  3.6677  2.049    4  0.000  0.485     0.00     0.00 -1    -1e-30      0.00 7.195e-01 2.736e-01 1.110e-03 4.564e-04 3.054e-03 -1.000 6.918e-03 -0.126 -1.599 -2.180 -2.270 -2.318 -2.258 -2.280 -2.346 -2.765 -2.631 -2.506 -2.313 -2.252 -2.289 -2.576
0.007 -0.33541 10.00000 0.9677989483 2.4659161568    0.885  1.996  3.6641  1.997    4  0.000  0.485     0.00     0.00 -1    -1e-30      0.00 7.195e-01 2.736e-01 1.110e-03 4.564e-04 3.054e-03 -1.000 6.918e-03 -0.220 -1.704 -2.294 -2.387 -2.437 -2.373 -2.397 -2.466 -2.864 -3.041 -3.156 -2.431 -2.367 -2.414 -2.685
0.007 -0.33541 10.00000 0.9678006768 2.4659166336    0.885  2.032  3.6606  1.947    4  0.000  0.485     0.00     0.00 -1    -1e-30      0.00 7.195e-01 2.736e-01 1.110e-03 4.564e-04 3.054e-03 -1.000 6.918e-03 -0.310 -1.804 -2.396 -2.495 -2.547 -2.478 -2.505 -2.580 -2.902 -4.202 -5.179 -2.541 -2.470 -2.546 -2.756
0.007 -0.33541 10.00000 0.9678013325 2.4659166336    0.885  2.050  3.6589  1.922    4  0.000  0.485     0.00     0.00 -1    -1e-30      0.00 7.195e-01 2.736e-01 1.110e-03 4.564e-04 3.054e-03 -1.000 6.918e-03 -0.355 -1.854 -2.448 -2.550 -2.603 -2.531 -2.560 -2.636 -2.934 -4.596 -5.850 -2.597 -2.523 -2.608 -2.799
0.007 -0.33541 10.00000 0.9678013921 2.4659166336    0.884  2.051  3.6589  1.921    7  0.000  0.485     0.00     0.00 -1  -6.7e-10      0.00 7.195e-01 2.721e-01 1.110e-03 4.564e-04 3.054e-03 -1.000 8.408e-03 -0.357 -1.856 -2.450 -2.552 -2.605 -2.532 -2.562 -2.638 -2.935 -4.609 -5.872 -2.599 -2.525 -2.610 -2.801
0.007 -0.33541 10.00000 0.9678018689 2.4659168720    0.884  2.066  3.6574  1.901    7  0.000  0.485     0.00     0.00 -1 -7.23e-10      0.00 7.195e-01 2.721e-01 1.110e-03 4.564e-04 3.054e-03 -1.000 8.408e-03 -0.394 -1.898 -2.504 -2.604 -2.657 -2.586 -2.613 -2.689 -3.047 -3.831 -4.412 -2.651 -2.579 -2.647 -2.886
0.007 -0.33541 10.00000 0.9678030610 2.4659171104    0.884  2.103  3.6540  1.849    7  0.000  0.485     0.00     0.00 -1 -8.84e-10      0.00 7.195e-01 2.721e-01 1.110e-03 4.564e-04 3.054e-03 -1.000 8.408e-03 -0.488 -2.002 -2.615 -2.719 -2.774 -2.699 -2.728 -2.808 -3.134 -4.395 -5.342 -2.768 -2.692 -2.774 -2.987
0.007 -0.33541 10.00000 0.9678041339 2.4659173489    0.884  2.140  3.6506  1.799    7  0.000  0.485     0.00     0.00 -1 -1.08e-09      0.00 7.195e-01 2.721e-01 1.110e-03 4.564e-04 3.054e-03 -1.000 8.408e-03 -0.580 -2.103 -2.723 -2.832 -2.888 -2.810 -2.841 -2.924 -3.219 -4.947 -6.252 -2.882 -2.802 -2.897 -3.086
0.007 -0.33541 10.00000 0.9678053260 2.4659175873    0.884  2.172  3.6478  1.756    7  0.000  0.485     0.00     0.00 -1 -1.27e-09      0.00 7.195e-01 2.721e-01 1.110e-03 4.564e-04 3.054e-03 -1.000 8.408e-03 -0.659 -2.189 -2.814 -2.928 -2.986 -2.904 -2.937 -3.022 -3.291 -5.416 -7.026 -2.979 -2.895 -3.002 -3.170
0.007 -0.33541 10.00000 0.9678065181 2.4659178257    0.884  2.197  3.6455  1.722    7  0.000  0.485     0.00     0.00 -1 -1.46e-09      0.00 7.195e-01 2.721e-01 1.110e-03 4.564e-04 3.054e-03 -1.000 8.408e-03 -0.722 -2.258 -2.888 -3.005 -3.064 -2.979 -3.014 -3.101 -3.348 -5.793 -7.648 -3.057 -2.970 -3.086 -3.237
0.007 -0.33541 10.00000 0.9678098559 2.4659185410    0.884  2.193  3.6459  1.727    7  0.000  0.485     0.00     0.00 -1 -1.43e-09      0.00 7.195e-01 2.721e-01 1.110e-03 4.564e-04 3.054e-03 -1.000 8.408e-03 -0.713 -2.248 -2.877 -2.993 -3.052 -2.968 -3.003 -3.089 -3.340 -5.737 -7.556 -3.045 -2.959 -3.074 -3.227
0.007 -0.33541 10.00000 0.9678117037 2.4659190178    0.884  2.166  3.6483  1.763    7  0.000  0.485     0.00     0.00 -1 -1.24e-09      0.00 7.195e-01 2.721e-01 1.110e-03 4.564e-04 3.054e-03 -1.000 8.408e-03 -0.646 -2.174 -2.799 -2.911 -2.969 -2.887 -2.920 -3.005 -3.278 -5.337 -6.895 -2.962 -2.879 -2.984 -3.155
0.007 -0.33541 10.00000 0.9678163528 2.4659202099    0.884  2.136  3.6510  1.804    7  0.000  0.485     0.00     0.00 -1 -1.06e-09      0.00 7.195e-01 2.721e-01 1.110e-03 4.564e-04 3.054e-03 -1.000 8.408e-03 -0.571 -2.092 -2.711 -2.820 -2.876 -2.798 -2.829 -2.911 -3.209 -4.890 -6.158 -2.870 -2.790 -2.884 -3.075
0.007 -0.33541 10.00000 0.9678316712 2.4659235477    0.883  2.118  3.6527  1.829    7  0.000  0.485     0.00     0.00 -1 -9.65e-10      0.00 7.195e-01 2.721e-01 1.110e-03 4.564e-04 3.054e-03 -1.000 8.408e-03 -0.524 -2.041 -2.657 -2.763 -2.818 -2.742 -2.772 -2.853 -3.166 -4.613 -5.703 -2.812 -2.734 -2.822 -3.025
0.007 -0.33541 10.00000 0.9678752422 2.4659333229    0.882  2.145  3.6502  1.792    7  0.000  0.485     0.00     0.00 -1 -1.12e-09      0.00 7.195e-01 2.721e-01 1.110e-03 4.564e-04 3.054e-03 -1.000 8.408e-03 -0.591 -2.115 -2.736 -2.846 -2.902 -2.823 -2.855 -2.938 -3.228 -5.025 -6.383 -2.896 -2.815 -2.913 -3.097
0.007 -0.33541 10.00000 0.9679066539 2.4659404755    0.880  2.186  3.6463  1.734    7  0.000  0.485     0.00     0.00 -1 -1.39e-09      0.00 7.195e-01 2.721e-01 1.110e-03 4.564e-04 3.054e-03 -1.000 8.408e-03 -0.696 -2.230 -2.858 -2.973 -3.032 -2.948 -2.983 -3.069 -3.324 -5.658 -7.428 -3.025 -2.940 -3.053 -3.210
0.007 -0.33541 10.00000 0.9679364562 2.4659471512    0.879  2.232  3.6422  1.671    7  0.000  0.485     0.00     0.00 -1 -1.78e-09      0.00 7.195e-01 2.721e-01 1.110e-03 4.564e-04 3.054e-03 -1.000 8.408e-03 -0.809 -2.353 -2.989 -3.111 -3.172 -3.083 -3.121 -3.209 -3.427 -6.339 -8.552 -3.165 -3.074 -3.203 -3.330
0.007 -0.33541 10.00000 0.9679624438 2.4659531116    0.877  2.275  3.6384  1.612    7  0.000  0.485     0.00     0.00 -1 -2.26e-09      0.00 7.195e-01 2.721e-01 1.110e-03 4.564e-04 3.054e-03 -1.000 8.408e-03 -0.917 -2.470 -3.113 -3.242 -3.305 -3.212 -3.252 -3.343 -3.525 -6.990 -9.627 -3.297 -3.203 -3.345 -3.445
0.007 -0.33541 10.00000 0.9679846764 2.4659581184    0.875  2.317  3.6345  1.553    7  0.000  0.485     0.00     0.00 -1 -2.81e-09      0.00 7.195e-01 2.721e-01 1.110e-03 4.564e-04 3.054e-03 -1.000 8.408e-03 -1.023 -2.584 -3.235 -3.370 -3.435 -3.339 -3.382 -3.472 -3.621 -7.630 -10.683 -3.427 -3.329 -3.485 -3.557
0.007 -0.33541 10.00000 0.9680038095 2.4659624100    0.873  2.359  3.6308  1.496    7  0.000  0.485     0.00     0.00 -1 -3.52e-09      0.00 7.195e-01 2.721e-01 1.110e-03 4.565e-04 3.054e-03 -1.000 8.408e-03 -1.127 -2.696 -3.353 -3.495 -3.562 -3.463 -3.508 -3.598 -3.718 -8.216 -11.645 -3.554 -3.453 -3.620 -3.669
0.007 -0.33541 10.00000 0.9680206180 2.4659662247    0.871  2.400  3.6272  1.439    7  0.000  0.485     0.00     0.00 -1 -4.36e-09      0.00 7.195e-01 2.721e-01 1.110e-03 4.565e-04 3.054e-03 -1.000 8.408e-03 -1.230 -2.807 -3.476 -3.623 -3.692 -3.590 -3.637 -3.727 -3.849 -8.348 -11.777 -3.683 -3.580 -3.749 -3.800
0.007 -0.33541 10.00000 0.9680353999 2.4659695625    0.868  2.441  3.6236  1.382    7  0.000  0.485     0.00     0.00 -1 -5.43e-09      0.00 7.195e-01 2.721e-01 1.110e-03 4.565e-04 3.054e-03 -1.000 8.408e-03 -1.332 -2.918 -3.598 -3.749 -3.820 -3.717 -3.765 -3.854 -3.980 -8.479 -11.907 -3.811 -3.707 -3.877 -3.931
0.007 -0.33541 10.00000 0.9680486917 2.4659724236    0.865  2.481  3.6200  1.326    7  0.000  0.484     0.00     0.00 -1 -6.77e-09      0.00 7.195e-01 2.721e-01 1.110e-03 4.565e-04 3.054e-03 -1.000 8.402e-03 -1.433 -3.028 -3.719 -3.875 -3.947 -3.842 -3.892 -3.981 -4.110 -8.609 -12.037 -3.938 -3.832 -4.004 -4.061
0.007 -0.33541 10.00000 0.9680609107 2.4659752846    0.862  2.522  3.6163  1.269    7  0.000  0.484     0.00     0.00 -1 -8.38e-09      0.00 7.195e-01 2.721e-01 1.110e-03 4.567e-04 3.054e-03 -1.000 8.398e-03 -1.535 -3.137 -3.840 -4.001 -4.075 -3.969 -4.019 -4.108 -4.240 -8.739 -12.168 -4.066 -3.958 -4.133 -4.191
0.007 -0.33541 10.00000 0.9680721760 2.4659779072    0.858  2.563  3.6115  1.207    7  0.000  0.484     0.00     0.00 -1 -1.03e-08      0.00 7.195e-01 2.721e-01 1.109e-03 4.573e-04 3.054e-03 -1.000 8.398e-03 -1.637 -3.249 -3.967 -4.135 -4.211 -4.103 -4.155 -4.243 -4.380 -8.879 -12.307 -4.201 -4.092 -4.268 -4.331
0.007 -0.33541 10.00000 0.9680827856 2.4659802914    0.854  2.603  3.6063  1.143    7  0.000  0.482     0.00     0.00 -1 -1.29e-08      0.00 7.195e-01 2.721e-01 1.106e-03 4.596e-04 3.054e-03 -1.000 8.379e-03 -1.739 -3.360 -4.096 -4.271 -4.350 -4.239 -4.294 -4.380 -4.522 -9.021 -12.450 -4.339 -4.228 -4.407 -4.473
0.007 -0.33541 10.00000 0.9680904746 2.4659819603    0.850  2.634  3.6009  1.089    7  0.000  0.481     0.00     0.00 -1 -1.52e-08      0.00 7.195e-01 2.722e-01 1.102e-03 4.631e-04 3.054e-03 -1.000 8.321e-03 -1.815 -3.446 -4.200 -4.384 -4.464 -4.351 -4.409 -4.493 -4.640 -9.139 -12.568 -4.453 -4.341 -4.521 -4.591
0.007 -0.33541 10.00000 0.9681000113 2.4659841061    0.844  2.674  3.5972  1.031    7  0.000  0.478     0.00     0.00 -1 -1.87e-08      0.00 7.195e-01 2.722e-01 1.096e-03 4.702e-04 3.054e-03 -1.000 8.308e-03 -1.915 -3.553 -4.319 -4.508 -4.590 -4.475 -4.536 -4.619 -4.769 -9.269 -12.697 -4.578 -4.465 -4.647 -4.720
0.007 -0.33541 10.00000 0.9681093693 2.4659862518    0.837  2.715  3.5933  0.971    7  0.000  0.475     0.00     0.00 -1 -2.34e-08      0.00 7.195e-01 2.722e-01 1.089e-03 4.781e-04 3.054e-03 -1.000 8.313e-03 -2.017 -3.663 -4.440 -4.636 -4.720 -4.602 -4.666 -4.748 -4.903 -9.402 -12.830 -4.707 -4.593 -4.778 -4.853
0.007 -0.33541 10.00000 0.9681178927 2.4659881592    0.829  2.755  3.5894  0.911    7  0.000  0.473     0.00     0.00 -1 -2.92e-08      0.00 7.195e-01 2.722e-01 1.083e-03 4.853e-04 3.054e-03 -1.000 8.361e-03 -2.118 -3.771 -4.560 -4.763 -4.849 -4.730 -4.797 -4.877 -5.036 -9.535 -12.963 -4.836 -4.720 -4.908 -4.987
0.007 -0.33541 10.00000 0.9681257606 2.4659898281    0.820  2.795  3.5853  0.850    7  0.000  0.470     0.00     0.00 -1 -3.65e-08      0.00 7.195e-01 2.722e-01 1.078e-03 4.915e-04 3.054e-03 -1.000 8.361e-03 -2.218 -3.880 -4.681 -4.890 -4.979 -4.857 -4.928 -5.007 -5.170 -9.669 -13.097 -4.965 -4.848 -5.039 -5.121
0.007 -0.33541 10.00000 0.9681321383 2.4659912586    0.811  2.835  3.5812  0.788    7  0.000  0.469     0.00     0.00 -1 -4.52e-08      0.00 7.195e-01 2.722e-01 1.074e-03 4.967e-04 3.054e-03 -1.000 8.358e-03 -2.318 -3.989 -4.801 -5.018 -5.109 -4.985 -5.059 -5.137 -5.304 -9.803 -13.232 -5.094 -4.976 -5.170 -5.255
0.007 -0.33541 10.00000 0.9681365490 2.4659924507    0.803  2.872  3.5773  0.732    7  0.000  0.467     0.00     0.00 -1 -5.49e-08      0.00 7.195e-01 2.722e-01 1.070e-03 5.011e-04 3.054e-03 -1.000 8.350e-03 -2.410 -4.089 -4.913 -5.136 -5.229 -5.102 -5.181 -5.258 -5.429 -9.928 -13.356 -5.213 -5.094 -5.292 -5.380
0.007 -0.33541 10.00000 0.9681400061 2.4659931660    0.796  2.909  3.5733  0.675    7  0.000  0.466     0.00     0.00 -1  -6.7e-08      0.00 7.195e-01 2.722e-01 1.067e-03 5.051e-04 3.054e-03 -1.000 8.335e-03 -2.503 -4.191 -5.025 -5.255 -5.351 -5.221 -5.304 -5.380 -5.556 -10.054 -13.483 -5.334 -5.214 -5.415 -5.506
0.007 -0.33541 10.00000 0.9681431651 2.4659938812    0.787  2.947  3.5691  0.615    7  0.000  0.465     0.00     0.00 -1 -8.25e-08      0.00 7.195e-01 2.723e-01 1.064e-03 5.086e-04 3.054e-03 -1.000 8.279e-03 -2.598 -4.295 -5.141 -5.378 -5.477 -5.344 -5.431 -5.506 -5.686 -10.185 -13.613 -5.458 -5.337 -5.542 -5.636
0.007 -0.33541 10.00000 0.9681460857 2.4659945965    0.777  2.985  3.5647  0.554    7  0.000  0.463     0.00     0.00 -1 -1.02e-07      0.00 7.194e-01 2.723e-01 1.062e-03 5.114e-04 3.054e-03 -1.000 8.286e-03 -2.693 -4.401 -5.257 -5.501 -5.604 -5.468 -5.560 -5.635 -5.827 -10.323 -13.752 -5.583 -5.461 -5.679 -5.778
0.007 -0.33541 10.00000 0.9681486487 2.4659950733    0.767  3.020  3.5605  0.497    7  0.000  0.463     0.00     0.00 -1 -1.23e-07      0.00 7.194e-01 2.723e-01 1.060e-03 5.134e-04 3.054e-03 -1.000 8.302e-03 -2.781 -4.499 -5.366 -5.617 -5.722 -5.584 -5.681 -5.755 -5.959 -10.453 -13.883 -5.700 -5.578 -5.806 -5.910
0.007 -0.33541 10.00000 0.9681510329 2.4659955502    0.755  3.055  3.5561  0.437    7  0.000  0.462     0.00     0.00 -1 -1.51e-07      0.00 7.194e-01 2.723e-01 1.059e-03 5.148e-04 3.054e-03 -1.000 8.308e-03 -2.868 -4.599 -5.475 -5.734 -5.843 -5.704 -5.805 -5.879 -6.097 -10.588 -14.020 -5.818 -5.699 -5.940 -6.048
0.007 -0.33541 10.00000 0.9681537151 2.4659962654    0.738  3.093  3.5513  0.370    7  0.000  0.462     0.00     0.00 -1 -1.92e-07      0.00 7.194e-01 2.723e-01 1.059e-03 5.156e-04 3.054e-03 -1.000 8.308e-03 -2.963 -4.708 -5.593 -5.860 -5.973 -5.835 -5.940 -6.015 -6.253 -10.739 -14.173 -5.947 -5.829 -6.091 -6.205
0.007 -0.33541 10.00000 0.9681566954 2.4659969807    0.713  3.133  3.5463  0.296    7  0.000  0.462     0.00     0.00 -1 -2.53e-07      0.00 7.194e-01 2.723e-01 1.058e-03 5.158e-04 3.054e-03 -1.000 8.308e-03 -3.061 -4.821 -5.715 -5.992 -6.110 -5.971 -6.081 -6.158 -6.432 -10.909 -14.346 -6.081 -5.966 -6.264 -6.385
0.007 -0.33541 10.00000 0.9681585431 2.4659972191    0.693  3.163  3.5429  0.239    7  0.000  0.462     0.00     0.00 -1 -3.11e-07      0.00 7.194e-01 2.723e-01 1.058e-03 5.158e-04 3.054e-03 -1.000 8.308e-03 -3.138 -4.907 -5.808 -6.092 -6.214 -6.075 -6.189 -6.268 -6.571 -11.042 -14.481 -6.183 -6.070 -6.398 -6.526
0.007 -0.33541 10.00000 0.9681589007 2.4659974575    0.689  3.179  3.5410  0.213    7  0.000  0.462     0.00     0.00 -1 -3.41e-07      0.00 7.194e-01 2.723e-01 1.058e-03 5.158e-04 3.054e-03 -1.000 8.308e-03 -3.177 -4.951 -5.856 -6.144 -6.268 -6.129 -6.245 -6.326 -6.652 -11.116 -14.557 -6.237 -6.124 -6.474 -6.607
0.007 -0.33541 10.00000 0.9681594372 2.4659974575    0.680  3.196  3.5395  0.184    7  0.000  0.462     0.00     0.00 -1 -3.84e-07      0.00 7.194e-01 2.723e-01 1.058e-03 5.165e-04 3.054e-03 -1.000 8.308e-03 -3.221 -4.999 -5.906 -6.197 -6.324 -6.185 -6.304 -6.386 -6.742 -11.199 -14.643 -6.292 -6.180 -6.560 -6.699
0.007 -0.33541 10.00000 0.9681597948 2.4659976959    0.674  3.186  3.5414  0.198    7  0.000  0.462     0.00     0.00 -1 -3.76e-07      0.00 7.194e-01 2.723e-01 1.058e-03 5.166e-04 3.054e-03 -1.000 8.308e-03 -3.194 -4.968 -5.871 -6.159 -6.284 -6.146 -6.263 -6.346 -6.699 -11.156 -14.599 -6.253 -6.141 -6.518 -6.655
0.007 -0.33541 10.00000 0.9681598544 2.4659976959    0.672  3.127  3.5487  0.285    7  0.000  0.460     0.00     0.00 -1 -2.95e-07      0.00 7.194e-01 2.723e-01 1.053e-03 5.224e-04 3.053e-03 -1.000 8.308e-03 -3.048 -4.801 -5.689 -5.964 -6.081 -5.944 -6.052 -6.131 -6.427 -10.898 -14.337 -6.053 -5.938 -6.258 -6.382
0.007 -0.33541 10.00000 0.9681599140 2.4659976959    0.671  3.202  3.5396  0.173    7  0.000  0.460     0.00     0.00 -1 -4.08e-07      0.00 7.194e-01 2.723e-01 1.053e-03 5.224e-04 3.053e-03 -1.000 8.308e-03 -3.236 -5.015 -5.921 -6.213 -6.340 -6.202 -6.321 -6.405 -6.777 -11.229 -14.674 -6.308 -6.197 -6.592 -6.734
0.007 -0.33541 10.00000 0.9681599736 2.4659976959    0.670  3.153  3.5459  0.247    7  0.000  0.460     0.00     0.00 -1 -3.32e-07      0.00 7.194e-01 2.723e-01 1.053e-03 5.224e-04 3.053e-03 -1.000 8.308e-03 -3.111 -4.873 -5.767 -6.047 -6.167 -6.030 -6.141 -6.223 -6.547 -11.010 -14.452 -6.138 -6.024 -6.372 -6.503
0.007 -0.33541 10.00000 0.9681600332 2.4659976959    0.670  3.125  3.5491  0.287    7  0.000  0.460     0.00     0.00 -1 -2.95e-07      0.00 7.194e-01 2.723e-01 1.053e-03 5.224e-04 3.053e-03 -1.000 8.308e-03 -3.043 -4.795 -5.683 -5.957 -6.074 -5.937 -6.044 -6.124 -6.420 -10.891 -14.330 -6.046 -5.931 -6.251 -6.375
0.007 -0.33541 10.00000 0.9681600928 2.4659976959    0.670  3.114  3.5503  0.303    7  0.000  0.460     0.00     0.00 -1 -2.82e-07      0.00 7.194e-01 2.723e-01 1.053e-03 5.224e-04 3.053e-03 -1.000 8.308e-03 -3.015 -4.764 -5.649 -5.920 -6.036 -5.899 -6.005 -6.085 -6.375 -10.847 -14.285 -6.009 -5.893 -6.207 -6.329
0.007 -0.33541 10.00000 0.9681603312 2.4659976959    0.667  3.139  3.5475  0.265    7  0.000  0.460     0.00     0.00 -1  -3.2e-07      0.00 7.194e-01 2.723e-01 1.053e-03 5.226e-04 3.053e-03 -1.000 8.308e-03 -3.077 -4.834 -5.724 -6.002 -6.121 -5.983 -6.093 -6.174 -6.490 -10.955 -14.396 -6.092 -5.978 -6.317 -6.445
0.007 -0.33541 10.00000 0.9681605101 2.4659976959    0.665  3.167  3.5443  0.223    7  0.000  0.460     0.00     0.00 -1 -3.64e-07      0.00 7.194e-01 2.723e-01 1.052e-03 5.231e-04 3.053e-03 -1.000 8.299e-03 -3.147 -4.913 -5.810 -6.093 -6.216 -6.079 -6.192 -6.275 -6.624 -11.081 -14.524 -6.186 -6.073 -6.445 -6.580
0.007 -0.33541 10.00000 0.9681606889 2.4659976959    0.662  3.196  3.5410  0.180    7  0.000  0.459     0.00     0.00 -1 -4.18e-07      0.00 7.194e-01 2.723e-01 1.052e-03 5.237e-04 3.053e-03 -1.000 8.286e-03 -3.219 -4.993 -5.897 -6.187 -6.313 -6.176 -6.293 -6.378 -6.759 -11.208 -14.654 -6.282 -6.170 -6.574 -6.716
0.007 -0.33541 10.00000 0.9681608677 2.4659979343    0.659  3.221  3.5382  0.141    7  0.000  0.459     0.00     0.00 -1 -4.71e-07      0.00 7.194e-01 2.724e-01 1.052e-03 5.242e-04 3.053e-03 -1.000 8.276e-03 -3.281 -5.065 -5.972 -6.268 -6.397 -6.261 -6.381 -6.468 -6.875 -11.317 -14.765 -6.365 -6.255 -6.685 -6.833
0.007 -0.33541 10.00000 0.9681610465 2.4659979343    0.656  3.248  3.5353  0.101    7  0.000  0.459     0.00     0.00 -1 -5.34e-07      0.00 7.194e-01 2.724e-01 1.051e-03 5.245e-04 3.053e-03 -1.000 8.265e-03 -3.349 -5.141 -6.052 -6.353 -6.487 -6.351 -6.475 -6.563 -7.004 -11.438 -14.889 -6.453 -6.346 -6.807 -6.963
0.007 -0.33541 10.00000 0.9681612849 2.4659979343    0.650  3.278  3.5327  0.056    7  0.000  0.459     0.00     0.00 -1 -6.26e-07      0.01 7.194e-01 2.724e-01 1.051e-03 5.248e-04 3.053e-03 -1.000 8.261e-03 -3.425 -5.224 -6.140 -6.447 -6.585 -6.451 -6.579 -6.672 -7.175 -11.595 -15.051 -6.550 -6.446 -6.970 -7.136
0.007 -0.33541 10.00000 0.9681616426 2.4659979343    0.641  3.308  3.5318  0.016    7  0.000  0.459     0.00     0.00 -1 -7.44e-07      0.01 7.194e-01 2.724e-01 1.051e-03 5.251e-04 3.053e-03 -1.000 8.261e-03 -3.499 -5.301 -6.218 -6.529 -6.671 -6.538 -6.669 -6.768 -7.341 -11.743 -15.206 -6.635 -6.533 -7.126 -7.305
0.007 -0.33541 10.00000 0.9681618810 2.4659981728    0.631  3.327  3.5347  0.002    7  0.000  0.459     0.00     0.00 -1 -8.57e-07      0.01 7.194e-01 2.724e-01 1.051e-03 5.253e-04 3.053e-03 -1.000 8.261e-03 -3.548 -5.340 -6.252 -6.561 -6.706 -6.577 -6.707 -6.816 -7.475 -11.857 -15.327 -6.672 -6.571 -7.249 -7.441
0.007 -0.33541 10.00000 0.9681620002 2.4659981728    0.627  3.335  3.5387  0.007    7  0.000  0.459     0.00     0.00 -1 -9.06e-07      0.01 7.194e-01 2.724e-01 1.050e-03 5.254e-04 3.053e-03 -1.000 8.261e-03 -3.567 -5.347 -6.251 -6.555 -6.700 -6.575 -6.702 -6.817 -7.522 -11.893 -15.367 -6.668 -6.567 -7.292 -7.489
0.007 -0.33541 10.00000 0.9681621194 2.4659981728    0.621  3.339  3.5430  0.016    7  0.000  0.459     0.00     0.00 -1 -9.42e-07      0.01 7.194e-01 2.724e-01 1.050e-03 5.255e-04 3.053e-03 -1.000 8.261e-03 -3.578 -5.346 -6.241 -6.539 -6.683 -6.561 -6.686 -6.806 -7.549 -11.911 -15.388 -6.653 -6.552 -7.316 -7.517
0.007 -0.33541 10.00000 1.0010852814 2.4731423855    0.527 -2.792  3.9974  7.892    9  0.527  0.000     0.00     0.00 -1    -1e-30      0.00 7.183e-01 2.748e-01 1.102e-03 5.296e-04 3.066e-03 -1.000 6.928e-03 11.749 11.948 11.925 11.934 12.016 11.031 10.060 8.671 3.920 -0.870 -4.298 12.123 10.927 7.006 4.209
#isochrone terminated
