# File generated by CMD 3.3 (http://stev.oapd.inaf.it/cmd) on Wed Apr 22 15:18:09 CEST 2020
# isochrones based on PARSEC release v1.2S +  COLIBRI S_35
# Basic references: Bressan et al. (2012), MNRAS, 427, 127 + Chen et al. (2014, 2015), MNRAS, 444, 2525 + MNRAS, 452, 1068 + Tang et al. (2014), MNRAS, 445, 4287 + Marigo et al. (2017), ApJ, 835, 77 + Pastorelli al. (2019), MNRAS in press
# Thermal pulse cycles included 
# On RGB, assumed Reimers mass loss with efficiency eta=0.2
# Photometric system:  2MASS + Spitzer (IRAC+MIPS) + WISE
# Using YBC version of bolometric corrections as in Chen et al. (2019)
# O-rich circumstellar dpmod60alox40 dust from Groenewegen (2006)
# C-rich circumstellar AMCSIC15 dust from Groenewegen (2006)
# IMF: Kroupa (2001, 2002) + Kroupa et al. (2013) canonical two-part-power law IMF corrected for unresolved binaries 
# Kind of output: isochrone tables
# Zini     MH   logAge Mini        int_IMF         Mass   logL    logTe  logg  label   McoreTP C_O  period0 period1 pmode  Mloss  tau1m   X   Y   Xc  Xn  Xo  Cexcess  Z 	 mbolmag  Jmag    Hmag    Ksmag   IRAC_3.6mag  IRAC_4.5mag  IRAC_5.8mag  IRAC_8.0mag  MIPS_24mag  MIPS_70mag  MIPS_160mag  W1mag   W2mag   W3mag   W4mag
0.004 -0.58336 5.00000 0.0900000036 1.0816895962    0.090 -0.677  3.5011  3.026    0  0.000  0.545     0.00     0.00 -1 -2.74e-13      0.00 7.400e-01 2.560e-01 7.193e-04 1.940e-04 1.760e-03 -1.000 4.000e-03 6.463 4.526 3.929 3.695 3.414 3.274 3.249 3.206 2.624 2.626 2.720 3.526 3.279 3.193 2.814
0.004 -0.58336 5.00000 0.1000000015 1.1711064577    0.100 -0.604  3.5057  3.017    0  0.000  0.545     0.00     0.00 -1  -3.1e-13      0.00 7.400e-01 2.560e-01 7.193e-04 1.940e-04 1.760e-03 -1.000 4.000e-03 6.281 4.358 3.743 3.516 3.250 3.116 3.091 3.050 2.474 2.483 2.581 3.359 3.121 3.041 2.664
0.004 -0.58336 5.00000 0.1170929745 1.2998490334    0.117 -0.496  3.5137  3.009    0  0.000  0.545     0.00     0.00 -1 -3.71e-13      0.00 7.400e-01 2.560e-01 7.193e-04 1.940e-04 1.760e-03 -1.000 4.000e-03 6.009 4.115 3.467 3.250 3.011 2.889 2.864 2.824 2.259 2.281 2.387 3.114 2.894 2.822 2.449
0.004 -0.58336 5.00000 0.1199999973 1.3193154335    0.120 -0.478  3.5150  3.007    0  0.000  0.545     0.00     0.00 -1 -3.83e-13      0.00 7.400e-01 2.560e-01 7.193e-04 1.940e-04 1.760e-03 -1.000 4.000e-03 5.965 4.075 3.422 3.206 2.972 2.852 2.826 2.787 2.224 2.247 2.355 3.074 2.857 2.785 2.413
0.004 -0.58336 5.00000 0.1300837249 1.3823618889    0.130 -0.425  3.5194  3.007    0  0.000  0.545     0.00     0.00 -1 -4.16e-13      0.00 7.400e-01 2.560e-01 7.193e-04 1.940e-04 1.760e-03 -1.000 4.000e-03 5.833 3.960 3.288 3.078 2.857 2.744 2.718 2.679 2.122 2.153 2.265 2.955 2.749 2.681 2.312
0.004 -0.58336 5.00000 0.1400000006 1.4384527206    0.140 -0.374  3.5237  3.005    0  0.000  0.545     0.00     0.00 -1 -4.51e-13      0.00 7.400e-01 2.560e-01 7.193e-04 1.940e-04 1.760e-03 -1.000 4.000e-03 5.706 3.849 3.158 2.953 2.748 2.644 2.618 2.581 2.030 2.067 2.181 2.842 2.649 2.586 2.220
0.004 -0.58336 5.00000 0.1524065286 1.5017602444    0.152 -0.318  3.5288  3.006    0  0.000  0.545     0.00     0.00 -1 -4.92e-13      0.00 7.400e-01 2.560e-01 7.193e-04 1.940e-04 1.760e-03 -1.000 4.000e-03 5.565 3.728 3.013 2.814 2.627 2.535 2.510 2.476 1.932 1.975 2.092 2.718 2.540 2.484 2.122
0.004 -0.58336 5.00000 0.1731134653 1.5937715769    0.173 -0.233  3.5377  3.012    0  0.000  0.545     0.00     0.00 -1 -5.57e-13      0.00 7.400e-01 2.560e-01 7.193e-04 1.940e-04 1.760e-03 -1.000 4.000e-03 5.353 3.544 2.796 2.608 2.447 2.371 2.347 2.315 1.783 1.834 1.954 2.533 2.377 2.328 1.973
0.004 -0.58336 5.00000 0.1880580932 1.6517180204    0.188 -0.176  3.5443  3.018    0  0.000  0.545     0.00     0.00 -1 -6.05e-13      0.00 7.400e-01 2.560e-01 7.193e-04 1.940e-04 1.760e-03 -1.000 4.000e-03 5.211 3.422 2.652 2.471 2.329 2.266 2.242 2.212 1.689 1.746 1.867 2.410 2.272 2.229 1.878
0.004 -0.58336 5.00000 0.2048023492 1.7099214792    0.205 -0.112  3.5514  3.019    0  0.000  0.545     0.00     0.00 -1 -6.71e-13      0.00 7.400e-01 2.560e-01 7.193e-04 1.940e-04 1.760e-03 -1.000 4.000e-03 5.050 3.286 2.492 2.320 2.196 2.148 2.125 2.094 1.582 1.647 1.770 2.271 2.154 2.116 1.772
0.004 -0.58336 5.00000 0.2239376009 1.7692975998    0.224 -0.051  3.5589  3.027    0  0.000  0.545     0.00     0.00 -1 -7.33e-13      0.00 7.400e-01 2.560e-01 7.193e-04 1.940e-04 1.760e-03 -1.000 4.000e-03 4.897 3.162 2.348 2.182 2.076 2.045 2.020 1.988 1.489 1.565 1.689 2.141 2.051 2.015 1.679
0.004 -0.58336 5.00000 0.2450765222 1.8276662827    0.245  0.015  3.5671  3.033    0  0.000  0.545     0.00     0.00 -1 -8.09e-13      0.00 7.400e-01 2.560e-01 7.193e-04 1.940e-04 1.760e-03 -1.000 4.000e-03 4.733 3.033 2.205 2.045 1.952 1.939 1.909 1.872 1.390 1.479 1.604 2.003 1.944 1.906 1.579
0.004 -0.58336 5.00000 0.2638355494 1.8742321730    0.264  0.076  3.5742  3.032    0  0.000  0.545     0.00     0.00 -1 -8.99e-13      0.00 7.400e-01 2.560e-01 7.193e-04 1.940e-04 1.760e-03 -1.000 4.000e-03 4.579 2.904 2.076 1.919 1.833 1.834 1.802 1.760 1.291 1.391 1.516 1.875 1.839 1.798 1.480
0.004 -0.58336 5.00000 0.2965527773 1.9459584951    0.296  0.164  3.5854  3.039    0  0.000  0.545     0.00     0.00 -1 -1.03e-12      0.00 7.400e-01 2.560e-01 7.193e-04 1.940e-04 1.760e-03 -1.000 4.000e-03 4.360 2.715 1.903 1.753 1.672 1.685 1.648 1.599 1.147 1.260 1.384 1.702 1.689 1.644 1.336
0.004 -0.58336 5.00000 0.3000000119 1.9529139996    0.300  0.171  3.5864  3.042    0  0.000  0.545     0.00     0.00 -1 -1.04e-12      0.00 7.400e-01 2.560e-01 7.193e-04 1.940e-04 1.760e-03 -1.000 4.000e-03 4.343 2.701 1.891 1.742 1.661 1.674 1.637 1.587 1.137 1.250 1.374 1.690 1.678 1.633 1.326
0.004 -0.58336 5.00000 0.3101902902 1.9728822708    0.310  0.195  3.5898  3.046    0  0.000  0.545     0.00     0.00 -1 -1.07e-12      0.00 7.400e-01 2.560e-01 7.193e-04 1.940e-04 1.760e-03 -1.000 4.000e-03 4.282 2.649 1.846 1.699 1.618 1.634 1.596 1.543 1.097 1.214 1.337 1.644 1.638 1.590 1.286
0.004 -0.58336 5.00000 0.3499999642 2.0434174538    0.350  0.294  3.6022  3.049    0  0.000  0.545     0.00     0.00 -1 -1.26e-12      0.00 7.400e-01 2.560e-01 7.193e-04 1.940e-04 1.760e-03 -1.000 4.000e-03 4.036 2.426 1.652 1.515 1.440 1.464 1.428 1.374 0.941 1.066 1.190 1.459 1.468 1.427 1.130
0.004 -0.58336 5.00000 0.3681636751 2.0722215176    0.368  0.343  3.6074  3.043    0  0.000  0.545     0.00     0.00 -1 -1.39e-12      0.00 7.400e-01 2.560e-01 7.193e-04 1.940e-04 1.760e-03 -1.000 4.000e-03 3.914 2.315 1.555 1.422 1.348 1.375 1.339 1.285 0.856 0.982 1.110 1.365 1.379 1.338 1.045
0.004 -0.58336 5.00000 0.3999999762 2.1185023785    0.400  0.414  3.6157  3.041    0  0.000  0.545     0.00     0.00 -1 -1.57e-12      0.00 7.400e-01 2.560e-01 7.193e-04 1.940e-04 1.760e-03 -1.000 4.000e-03 3.735 2.152 1.414 1.286 1.217 1.249 1.214 1.160 0.737 0.866 0.998 1.230 1.253 1.216 0.926
0.004 -0.58336 5.00000 0.4217942059 2.1475093365    0.422  0.467  3.6208  3.031    0  0.000  0.545     0.00     0.00 -1 -1.75e-12      0.00 7.400e-01 2.560e-01 7.193e-04 1.940e-04 1.760e-03 -1.000 4.000e-03 3.602 2.029 1.303 1.180 1.114 1.148 1.115 1.062 0.642 0.773 0.905 1.126 1.153 1.119 0.831
0.004 -0.58336 5.00000 0.4499999881 2.1822810173    0.450  0.536  3.6270  3.015    0  0.000  0.545     0.00     0.00 -1 -2.03e-12      0.00 7.400e-01 2.560e-01 7.193e-04 1.940e-04 1.760e-03 -1.000 4.000e-03 3.429 1.870 1.157 1.039 0.978 1.015 0.984 0.932 0.515 0.648 0.777 0.988 1.019 0.991 0.703
0.004 -0.58336 5.00000 0.4999999702 2.2374541759    0.500  0.624  3.6361  3.009    0  0.000  0.545     0.00     0.00 -1 -2.37e-12      0.00 7.400e-01 2.560e-01 7.193e-04 1.940e-04 1.760e-03 -1.000 4.000e-03 3.210 1.672 0.980 0.870 0.815 0.854 0.826 0.777 0.362 0.497 0.622 0.823 0.858 0.837 0.551
0.004 -0.58336 5.00000 0.5288863778 2.2653720379    0.529  0.666  3.6404  3.009    0  0.000  0.545     0.00     0.00 -1 -2.53e-12      0.00 7.400e-01 2.560e-01 7.193e-04 1.940e-04 1.760e-03 -1.000 4.000e-03 3.105 1.577 0.896 0.790 0.738 0.777 0.751 0.703 0.288 0.424 0.549 0.745 0.781 0.763 0.477
0.004 -0.58336 5.00000 0.5500000119 2.2836582661    0.550  0.704  3.6435  3.000    0  0.000  0.545     0.00     0.00 -1 -2.74e-12      0.00 7.400e-01 2.560e-01 7.193e-04 1.940e-04 1.760e-03 -1.000 4.000e-03 3.011 1.491 0.821 0.717 0.666 0.705 0.680 0.632 0.217 0.353 0.480 0.672 0.709 0.691 0.406
0.004 -0.58336 5.00000 0.5999999642 2.3211214542    0.600  0.792  3.6493  2.973    0  0.000  0.545     0.00     0.00 -1 -3.32e-12      0.00 7.400e-01 2.560e-01 7.193e-04 1.940e-04 1.760e-03 -1.000 4.000e-03 2.790 1.286 0.636 0.536 0.486 0.526 0.501 0.454 0.039 0.176 0.307 0.492 0.530 0.513 0.228
0.004 -0.58336 5.00000 0.6332929730 2.3423295021    0.633  0.831  3.6528  2.972    0  0.000  0.545     0.00     0.00 -1 -3.53e-12      0.00 7.400e-01 2.560e-01 7.193e-04 1.940e-04 1.760e-03 -1.000 4.008e-03 2.692 1.198 0.560 0.463 0.414 0.454 0.429 0.383 -0.033 0.105 0.238 0.420 0.458 0.442 0.156
0.004 -0.58336 5.00000 0.6499999166 2.3520352840    0.650  0.851  3.6545  2.970    0  0.000  0.545     0.00     0.00 -1 -3.66e-12      0.00 7.400e-01 2.560e-01 7.193e-04 1.940e-04 1.760e-03 -1.000 4.016e-03 2.642 1.152 0.521 0.424 0.376 0.415 0.391 0.345 -0.071 0.067 0.201 0.382 0.419 0.404 0.118
0.004 -0.58336 5.00000 0.6593553424 2.3572239876    0.659  0.860  3.6554  2.971    0  0.000  0.545     0.00     0.00 -1 -3.71e-12      0.00 7.400e-01 2.560e-01 7.193e-04 1.940e-04 1.760e-03 -1.000 4.015e-03 2.620 1.133 0.504 0.408 0.360 0.399 0.375 0.329 -0.087 0.051 0.186 0.366 0.403 0.388 0.102
0.004 -0.58336 5.00000 0.6999999881 2.3779268265    0.700  0.917  3.6589  2.954    0  0.000  0.545     0.00     0.00 -1 -4.18e-12      0.00 7.400e-01 2.560e-01 7.193e-04 1.940e-04 1.760e-03 -1.000 4.010e-03 2.478 1.001 0.384 0.291 0.244 0.283 0.259 0.213 -0.203 -0.064 0.072 0.249 0.287 0.272 -0.014
0.004 -0.58336 5.00000 0.7477272749 2.3989636898    0.748  0.975  3.6654  2.951    0  0.000  0.538     0.00     0.00 -1 -4.64e-12      0.00 7.400e-01 2.560e-01 7.102e-04 1.938e-04 1.760e-03 -1.000 4.018e-03 2.334 0.875 0.278 0.188 0.143 0.180 0.159 0.115 -0.300 -0.163 -0.030 0.148 0.184 0.175 -0.111
0.004 -0.58336 5.00000 0.7948349714 2.4169046879    0.795  1.023  3.6686  2.941    0  0.000  0.538     0.00     0.00 -1  -5.1e-12      0.00 7.400e-01 2.560e-01 7.098e-04 1.938e-04 1.760e-03 -1.000 4.016e-03 2.211 0.762 0.174 0.086 0.042 0.079 0.059 0.017 -0.399 -0.263 -0.132 0.047 0.083 0.076 -0.210
0.004 -0.58336 5.00000 0.7954545617 2.4171245098    0.795  1.024  3.6686  2.941    0  0.000  0.538     0.00     0.00 -1  -5.1e-12      0.00 7.400e-01 2.560e-01 7.098e-04 1.938e-04 1.760e-03 -1.000 4.016e-03 2.210 0.760 0.173 0.085 0.041 0.078 0.058 0.015 -0.401 -0.264 -0.133 0.046 0.082 0.074 -0.212
0.004 -0.58336 5.00000 0.8367158175 2.4309198856    0.836  1.067  3.6709  2.929    0  0.000  0.538     0.00     0.00 -1 -5.57e-12      0.00 7.400e-01 2.560e-01 7.098e-04 1.938e-04 1.760e-03 -1.000 4.039e-03 2.103 0.660 0.080 -0.007 -0.050 -0.014 -0.033 -0.075 -0.491 -0.354 -0.225 -0.045 -0.010 -0.016 -0.302
0.004 -0.58336 5.00000 0.8431818485 2.4329414368    0.843  1.073  3.6713  2.928    0  0.000  0.538     0.00     0.00 -1 -5.63e-12      0.00 7.400e-01 2.560e-01 7.098e-04 1.938e-04 1.760e-03 -1.000 4.044e-03 2.087 0.646 0.067 -0.019 -0.063 -0.027 -0.046 -0.087 -0.503 -0.367 -0.238 -0.058 -0.023 -0.028 -0.315
0.004 -0.58336 5.00000 0.8746370077 2.4422874451    0.874  1.100  3.6730  2.924    0  0.000  0.538     0.00     0.00 -1 -5.91e-12      0.00 7.400e-01 2.560e-01 7.098e-04 1.938e-04 1.760e-03 -1.000 4.046e-03 2.020 0.584 0.010 -0.075 -0.118 -0.082 -0.101 -0.142 -0.558 -0.422 -0.293 -0.114 -0.078 -0.083 -0.369
0.004 -0.58336 5.00000 0.8909090757 2.4468255043    0.890  1.115  3.6738  2.920    0  0.000  0.538     0.00     0.00 -1 -6.09e-12      0.00 7.399e-01 2.560e-01 7.098e-04 1.938e-04 1.760e-03 -1.000 4.046e-03 1.982 0.548 -0.022 -0.107 -0.150 -0.114 -0.133 -0.174 -0.590 -0.454 -0.325 -0.146 -0.111 -0.115 -0.401
0.004 -0.58336 5.00000 0.9386363626 2.4590983391    0.938  1.155  3.6762  2.912    0  0.000  0.538     0.00     0.00 -1 -6.55e-12      0.00 7.400e-01 2.560e-01 7.098e-04 1.938e-04 1.760e-03 -1.000 4.012e-03 1.884 0.457 -0.106 -0.190 -0.232 -0.197 -0.215 -0.255 -0.672 -0.535 -0.407 -0.228 -0.193 -0.196 -0.483
0.004 -0.58336 5.00000 0.9863637090 2.4700157642    0.986  1.191  3.6783  2.906    0  0.000  0.538     0.00     0.00 -1    -7e-12      0.00 7.400e-01 2.560e-01 7.098e-04 1.938e-04 1.760e-03 -1.000 4.000e-03 1.792 0.372 -0.184 -0.266 -0.308 -0.274 -0.292 -0.331 -0.747 -0.611 -0.483 -0.304 -0.270 -0.272 -0.558
0.004 -0.58336 5.00000 1.0340908766 2.4797821045    1.034  1.229  3.6802  2.897    0  0.000  0.538     0.00     0.00 -1 -7.17e-12      0.00 7.400e-01 2.560e-01 7.098e-04 1.938e-04 1.760e-03 -1.000 4.022e-03 1.699 0.284 -0.266 -0.347 -0.389 -0.354 -0.372 -0.411 -0.827 -0.691 -0.563 -0.385 -0.351 -0.352 -0.638
0.004 -0.58336 5.00000 1.0774884224 2.4878044128    1.077  1.259  3.6819  2.891    0  0.000  0.538     0.00     0.00 -1 -7.08e-12      0.00 7.399e-01 2.560e-01 7.098e-04 1.938e-04 1.760e-03 -1.000 4.049e-03 1.624 0.215 -0.329 -0.410 -0.451 -0.417 -0.435 -0.474 -0.890 -0.753 -0.623 -0.447 -0.413 -0.414 -0.701
0.004 -0.58336 5.00000 1.0818182230 2.4885642529    1.081  1.262  3.6820  2.890    0  0.000  0.538     0.00     0.00 -1 -7.07e-12      0.00 7.399e-01 2.560e-01 7.098e-04 1.938e-04 1.760e-03 -1.000 4.052e-03 1.616 0.208 -0.336 -0.416 -0.458 -0.423 -0.441 -0.480 -0.896 -0.759 -0.629 -0.453 -0.420 -0.421 -0.707
0.004 -0.58336 5.00000 1.1295454502 2.4964985847    1.129  1.293  3.6837  2.884    0  0.000  0.538     0.00     0.00 -1 -6.91e-12      0.00 7.400e-01 2.560e-01 7.098e-04 1.938e-04 1.760e-03 -1.000 4.034e-03 1.538 0.135 -0.402 -0.482 -0.523 -0.489 -0.507 -0.546 -0.962 -0.824 -0.692 -0.519 -0.485 -0.486 -0.773
0.004 -0.58336 5.00000 1.1772727966 2.5036973953    1.176  1.325  3.6852  2.876    0  0.000  0.538     0.00     0.00 -1 -6.73e-12      0.00 7.400e-01 2.560e-01 7.098e-04 1.938e-04 1.760e-03 -1.000 4.013e-03 1.457 0.060 -0.472 -0.551 -0.592 -0.558 -0.576 -0.615 -1.031 -0.892 -0.758 -0.588 -0.555 -0.556 -0.842
0.004 -0.58336 5.00000 1.1824628115 2.5044400692    1.182  1.328  3.6854  2.876    0  0.000  0.538     0.00     0.00 -1  -6.7e-12      0.00 7.400e-01 2.560e-01 7.098e-04 1.938e-04 1.760e-03 -1.000 4.012e-03 1.449 0.052 -0.480 -0.559 -0.599 -0.565 -0.583 -0.622 -1.038 -0.899 -0.765 -0.595 -0.562 -0.563 -0.849
0.004 -0.58336 5.00000 1.2250000238 2.5102550983    1.224  1.354  3.6867  2.871    0  0.000  0.538     0.00     0.00 -1 -6.45e-12      0.00 7.400e-01 2.560e-01 7.098e-04 1.938e-04 1.760e-03 -1.000 4.019e-03 1.386 -0.007 -0.534 -0.612 -0.653 -0.619 -0.637 -0.676 -1.092 -0.952 -0.816 -0.649 -0.615 -0.617 -0.903
0.004 -0.58336 5.00000 1.2727272511 2.5162503719    1.272  1.380  3.6881  2.867    0  0.000  0.538     0.00     0.00 -1 -6.07e-12      0.00 7.400e-01 2.560e-01 7.098e-04 1.938e-04 1.760e-03 -1.000 4.044e-03 1.320 -0.067 -0.590 -0.667 -0.708 -0.674 -0.692 -0.731 -1.147 -1.007 -0.869 -0.704 -0.670 -0.672 -0.958
0.004 -0.58336 5.00000 1.2759410143 2.5166356564    1.276  1.382  3.6881  2.867    0  0.000  0.538     0.00     0.00 -1 -6.04e-12      0.00 7.400e-01 2.560e-01 7.098e-04 1.938e-04 1.760e-03 -1.000 4.044e-03 1.316 -0.071 -0.594 -0.671 -0.712 -0.678 -0.696 -0.734 -1.150 -1.010 -0.873 -0.708 -0.674 -0.675 -0.961
0.004 -0.58336 5.00000 1.3204547167 2.5217502117    1.320  1.406  3.6894  2.863    0  0.000  0.538     0.00     0.00 -1 -5.65e-12      0.00 7.399e-01 2.560e-01 7.098e-04 1.938e-04 1.760e-03 -1.000 4.048e-03 1.256 -0.127 -0.645 -0.722 -0.762 -0.728 -0.746 -0.785 -1.201 -1.060 -0.921 -0.758 -0.725 -0.726 -1.012
0.004 -0.58336 5.00000 1.3681819439 2.5268108845    1.368  1.433  3.6905  2.855    0  0.000  0.538     0.00     0.00 -1 -5.21e-12      0.00 7.399e-01 2.560e-01 7.098e-04 1.938e-04 1.760e-03 -1.000 4.069e-03 1.188 -0.192 -0.706 -0.782 -0.822 -0.788 -0.806 -0.845 -1.261 -1.120 -0.980 -0.818 -0.785 -0.786 -1.072
0.004 -0.58336 5.00000 1.4125369787 2.5311632156    1.413  1.454  3.6916  2.853    0  0.000  0.538     0.00     0.00 -1 -4.66e-12      0.00 7.399e-01 2.560e-01 7.098e-04 1.938e-04 1.760e-03 -1.000 4.062e-03 1.135 -0.240 -0.751 -0.826 -0.866 -0.833 -0.851 -0.889 -1.305 -1.164 -1.023 -0.862 -0.829 -0.830 -1.116
0.004 -0.58336 5.00000 1.4159091711 2.5314812660    1.416  1.455  3.6917  2.852    0  0.000  0.538     0.00     0.00 -1 -4.62e-12      0.00 7.399e-01 2.560e-01 7.098e-04 1.938e-04 1.760e-03 -1.000 4.060e-03 1.132 -0.243 -0.754 -0.829 -0.869 -0.836 -0.854 -0.892 -1.308 -1.167 -1.026 -0.865 -0.832 -0.833 -1.119
0.004 -0.58336 5.00000 1.4636363983 2.5358030796    1.464  1.480  3.6927  2.847    0  0.000  0.538     0.00     0.00 -1 -4.02e-12      0.00 7.399e-01 2.560e-01 7.098e-04 1.938e-04 1.760e-03 -1.000 4.058e-03 1.071 -0.300 -0.808 -0.883 -0.922 -0.889 -0.907 -0.945 -1.360 -1.219 -1.079 -0.918 -0.886 -0.885 -1.171
0.004 -0.58336 5.00000 1.4822784662 2.5374045372    1.482  1.489  3.6931  2.845    0  0.000  0.538     0.00     0.00 -1 -3.74e-12      0.00 7.399e-01 2.560e-01 7.098e-04 1.938e-04 1.760e-03 -1.000 4.054e-03 1.049 -0.321 -0.827 -0.902 -0.942 -0.909 -0.926 -0.964 -1.380 -1.238 -1.098 -0.938 -0.905 -0.905 -1.191
0.004 -0.58336 5.00000 1.5113636255 2.5398125648    1.511  1.501  3.6938  2.843    0  0.000  0.538     0.00     0.00 -1 -3.33e-12      0.00 7.399e-01 2.560e-01 7.098e-04 1.938e-04 1.760e-03 -1.000 4.056e-03 1.017 -0.351 -0.855 -0.930 -0.969 -0.936 -0.954 -0.991 -1.407 -1.266 -1.125 -0.965 -0.933 -0.932 -1.218
0.004 -0.58336 5.00000 1.5590909719 2.5435411930    1.559  1.521  3.6948  2.841    0  0.000  0.538     0.00     0.00 -1 -2.56e-12      0.00 7.399e-01 2.560e-01 7.098e-04 1.938e-04 1.760e-03 -1.000 4.041e-03 0.967 -0.396 -0.897 -0.971 -1.011 -0.978 -0.996 -1.033 -1.448 -1.307 -1.167 -1.007 -0.975 -0.973 -1.259
0.004 -0.58336 5.00000 1.6068181992 2.5470159054    1.606  1.543  3.6957  2.835    0  0.000  0.538     0.00     0.00 -1 -1.74e-12      0.00 7.399e-01 2.561e-01 7.098e-04 1.938e-04 1.760e-03 -1.000 4.000e-03 0.912 -0.448 -0.946 -1.020 -1.059 -1.027 -1.044 -1.081 -1.497 -1.355 -1.215 -1.055 -1.024 -1.022 -1.308
0.004 -0.58336 5.00000 1.6090233326 2.5471708775    1.609  1.544  3.6957  2.835    0  0.000  0.538     0.00     0.00 -1 -1.42e-12      0.00 7.399e-01 2.561e-01 7.098e-04 1.938e-04 1.760e-03 -1.000 4.000e-03 0.910 -0.451 -0.949 -1.022 -1.061 -1.029 -1.046 -1.083 -1.499 -1.357 -1.217 -1.057 -1.026 -1.024 -1.310
0.004 -0.58336 5.00000 1.6545455456 2.5502614975    1.654  1.560  3.6967  2.835    0  0.000  0.538     0.00     0.00 -1 -2.25e-14      0.00 7.399e-01 2.561e-01 7.098e-04 1.938e-04 1.760e-03 -1.000 4.007e-03 0.870 -0.487 -0.981 -1.055 -1.093 -1.062 -1.079 -1.115 -1.531 -1.389 -1.249 -1.090 -1.058 -1.056 -1.342
0.004 -0.58336 5.00000 1.7022727728 2.5532984734    1.701  1.582  3.6974  2.829    0  0.000  0.538     0.00     0.00 -1    -1e-30      0.00 7.399e-01 2.560e-01 7.098e-04 1.938e-04 1.760e-03 -1.000 4.055e-03 0.816 -0.538 -1.031 -1.104 -1.142 -1.111 -1.128 -1.164 -1.579 -1.438 -1.297 -1.139 -1.107 -1.105 -1.390
0.004 -0.58336 5.00000 1.7500000000 2.5561456680    1.749  1.596  3.6984  2.831    0  0.000  0.538     0.00     0.00 -1    -1e-30      0.00 7.399e-01 2.560e-01 7.098e-04 1.938e-04 1.760e-03 -1.000 4.047e-03 0.781 -0.570 -1.060 -1.132 -1.170 -1.139 -1.156 -1.192 -1.607 -1.466 -1.325 -1.167 -1.136 -1.132 -1.418
0.004 -0.58336 5.00000 1.7716640234 2.5573799610    1.771  1.604  3.6988  2.829    0  0.000  0.538     0.00     0.00 -1    -1e-30      0.00 7.399e-01 2.560e-01 7.098e-04 1.938e-04 1.760e-03 -1.000 4.039e-03 0.760 -0.590 -1.078 -1.150 -1.189 -1.157 -1.174 -1.210 -1.625 -1.484 -1.343 -1.185 -1.154 -1.151 -1.436
0.004 -0.58336 5.00000 1.7999999523 2.5589430332    1.799  1.616  3.6992  2.826    0  0.000  0.538     0.00     0.00 -1    -1e-30      0.00 7.399e-01 2.561e-01 7.098e-04 1.938e-04 1.760e-03 -1.000 4.025e-03 0.731 -0.617 -1.104 -1.176 -1.214 -1.183 -1.200 -1.235 -1.651 -1.509 -1.368 -1.210 -1.180 -1.176 -1.462
0.004 -0.58336 5.00000 1.8491491079 2.5615239143    1.848  1.631  3.7001  2.826    0  0.000  0.538     0.00     0.00 -1    -1e-30      0.00 7.399e-01 2.560e-01 7.098e-04 1.938e-04 1.760e-03 -1.000 4.048e-03 0.692 -0.653 -1.137 -1.209 -1.247 -1.216 -1.233 -1.268 -1.683 -1.542 -1.401 -1.243 -1.213 -1.209 -1.494
0.004 -0.58336 5.00000 1.8500000238 2.5615673065    1.849  1.632  3.7001  2.826    0  0.000  0.538     0.00     0.00 -1    -1e-30      0.00 7.399e-01 2.560e-01 7.098e-04 1.938e-04 1.760e-03 -1.000 4.049e-03 0.691 -0.653 -1.138 -1.209 -1.247 -1.216 -1.233 -1.268 -1.684 -1.542 -1.401 -1.244 -1.213 -1.209 -1.495
0.004 -0.58336 5.00000 1.8999999762 2.5640332699    1.899  1.648  3.7009  2.824    0  0.000  0.538     0.00     0.00 -1    -1e-30      0.00 7.399e-01 2.561e-01 7.098e-04 1.938e-04 1.760e-03 -1.000 4.000e-03 0.650 -0.692 -1.174 -1.245 -1.283 -1.252 -1.269 -1.304 -1.719 -1.578 -1.437 -1.279 -1.249 -1.245 -1.530
0.004 -0.58336 5.00000 1.9454091787 2.5661470890    1.945  1.662  3.7017  2.824    0  0.000  0.538     0.00     0.00 -1    -1e-30      0.00 7.399e-01 2.561e-01 7.098e-04 1.938e-04 1.760e-03 -1.000 4.023e-03 0.615 -0.724 -1.204 -1.275 -1.312 -1.282 -1.298 -1.333 -1.749 -1.607 -1.466 -1.309 -1.279 -1.274 -1.560
0.004 -0.58336 5.00000 1.9500000477 2.5663545132    1.950  1.663  3.7017  2.824    0  0.000  0.538     0.00     0.00 -1    -1e-30      0.00 7.399e-01 2.561e-01 7.098e-04 1.938e-04 1.760e-03 -1.000 4.024e-03 0.612 -0.727 -1.206 -1.277 -1.315 -1.284 -1.301 -1.336 -1.751 -1.609 -1.468 -1.311 -1.281 -1.276 -1.562
0.004 -0.58336 5.00000 2.0000000000 2.5685424805    2.000  1.682  3.7024  2.819    0  0.000  0.538     0.00     0.00 -1    -1e-30      0.00 7.399e-01 2.561e-01 7.098e-04 1.938e-04 1.760e-03 -1.000 4.023e-03 0.565 -0.771 -1.249 -1.320 -1.357 -1.327 -1.343 -1.378 -1.793 -1.652 -1.511 -1.354 -1.324 -1.319 -1.604
0.004 -0.58336 5.00000 2.0499999523 2.5706083775    2.050  1.694  3.7032  2.821    0  0.000  0.538     0.00     0.00 -1    -1e-30      0.00 7.399e-01 2.561e-01 7.098e-04 1.938e-04 1.760e-03 -1.000 4.039e-03 0.536 -0.797 -1.273 -1.343 -1.380 -1.350 -1.366 -1.401 -1.816 -1.674 -1.533 -1.376 -1.347 -1.341 -1.627
0.004 -0.58336 5.00000 2.0903382301 2.5721926689    2.089  1.705  3.7038  2.820    0  0.000  0.538     0.00     0.00 -1    -1e-30      0.00 7.399e-01 2.561e-01 7.098e-04 1.938e-04 1.760e-03 -1.000 4.033e-03 0.507 -0.825 -1.298 -1.368 -1.405 -1.375 -1.392 -1.426 -1.841 -1.699 -1.558 -1.402 -1.372 -1.366 -1.652
0.004 -0.58336 5.00000 2.0999999046 2.5725615025    2.099  1.708  3.7039  2.820    0  0.000  0.538     0.00     0.00 -1    -1e-30      0.00 7.399e-01 2.561e-01 7.098e-04 1.938e-04 1.760e-03 -1.000 4.030e-03 0.500 -0.831 -1.304 -1.374 -1.411 -1.381 -1.397 -1.432 -1.847 -1.705 -1.564 -1.407 -1.378 -1.372 -1.658
0.004 -0.58336 5.00000 2.1500000954 2.5744106770    2.149  1.721  3.7047  2.820    0  0.000  0.538     0.00     0.00 -1    -1e-30      0.00 7.399e-01 2.561e-01 7.098e-04 1.938e-04 1.760e-03 -1.000 4.022e-03 0.468 -0.860 -1.331 -1.400 -1.437 -1.408 -1.424 -1.458 -1.873 -1.731 -1.590 -1.434 -1.405 -1.398 -1.684
0.004 -0.58336 5.00000 2.1532621384 2.5745279789    2.152  1.722  3.7048  2.820    0  0.000  0.538     0.00     0.00 -1    -1e-30      0.00 7.399e-01 2.561e-01 7.098e-04 1.938e-04 1.760e-03 -1.000 4.023e-03 0.466 -0.862 -1.333 -1.402 -1.439 -1.410 -1.426 -1.460 -1.875 -1.733 -1.592 -1.436 -1.407 -1.400 -1.686
0.004 -0.58336 5.00000 2.2000000477 2.5761635303    2.199  1.737  3.7052  2.816    0  0.000  0.538     0.00     0.00 -1    -1e-30      0.00 7.399e-01 2.561e-01 7.098e-04 1.938e-04 1.760e-03 -1.000 4.011e-03 0.427 -0.899 -1.368 -1.438 -1.475 -1.445 -1.461 -1.495 -1.910 -1.768 -1.627 -1.471 -1.442 -1.435 -1.721
0.004 -0.58336 5.00000 2.2179934978 2.5767719746    2.217  1.741  3.7055  2.817    0  0.000  0.538     0.00     0.00 -1    -1e-30      0.00 7.399e-01 2.561e-01 7.098e-04 1.938e-04 1.760e-03 -1.000 4.015e-03 0.418 -0.908 -1.376 -1.445 -1.482 -1.453 -1.469 -1.502 -1.918 -1.776 -1.635 -1.479 -1.450 -1.443 -1.729
0.004 -0.58336 5.00000 2.2500000000 2.5778269768    2.249  1.746  3.7061  2.820    0  0.000  0.538     0.00     0.00 -1    -1e-30      0.00 7.399e-01 2.561e-01 7.098e-04 1.938e-04 1.760e-03 -1.000 4.031e-03 0.404 -0.919 -1.386 -1.455 -1.491 -1.462 -1.478 -1.512 -1.927 -1.785 -1.644 -1.488 -1.459 -1.452 -1.738
0.004 -0.58336 5.00000 2.2706983089 2.5784909725    2.269  1.752  3.7064  2.820    0  0.000  0.538     0.00     0.00 -1    -1e-30      0.00 7.399e-01 2.561e-01 7.098e-04 1.938e-04 1.760e-03 -1.000 4.016e-03 0.391 -0.931 -1.397 -1.466 -1.503 -1.473 -1.489 -1.523 -1.938 -1.796 -1.655 -1.499 -1.470 -1.463 -1.749
0.004 -0.58336 5.00000 2.2999999523 2.5794074535    2.299  1.758  3.7068  2.820    0  0.000  0.538     0.00     0.00 -1    -1e-30      0.00 7.399e-01 2.561e-01 7.098e-04 1.938e-04 1.760e-03 -1.000 4.003e-03 0.374 -0.947 -1.411 -1.480 -1.516 -1.487 -1.503 -1.537 -1.952 -1.810 -1.669 -1.513 -1.484 -1.477 -1.763
0.004 -0.58336 5.00000 2.3499999046 2.5809109211    2.349  1.772  3.7074  2.818    0  0.000  0.538     0.00     0.00 -1    -1e-30      0.00 7.399e-01 2.561e-01 7.098e-04 1.938e-04 1.760e-03 -1.000 4.003e-03 0.340 -0.978 -1.441 -1.510 -1.546 -1.517 -1.533 -1.566 -1.981 -1.840 -1.699 -1.543 -1.514 -1.507 -1.793
0.004 -0.58336 5.00000 2.4000000954 2.5823426247    2.399  1.781  3.7081  2.822    0  0.000  0.538     0.00     0.00 -1    -1e-30      0.00 7.399e-01 2.561e-01 7.098e-04 1.938e-04 1.760e-03 -1.000 4.000e-03 0.318 -0.998 -1.459 -1.527 -1.563 -1.534 -1.550 -1.583 -1.998 -1.856 -1.715 -1.560 -1.531 -1.524 -1.809
0.004 -0.58336 5.00000 2.4192442894 2.5828754902    2.418  1.765  3.7094  2.846    0  0.000  0.538     0.00     0.00 -1    -1e-30      0.00 7.399e-01 2.561e-01 7.098e-04 1.938e-04 1.760e-03 -1.000 4.000e-03 0.357 -0.954 -1.411 -1.478 -1.514 -1.486 -1.502 -1.534 -1.949 -1.807 -1.666 -1.511 -1.483 -1.474 -1.760
0.004 -0.58336 5.00000 2.5003051758 2.5850169659    2.500  1.700  3.7148  2.947    0  0.000  0.538     0.00     0.00 -1    -1e-30      0.00 7.400e-01 2.560e-01 7.099e-04 1.938e-04 1.761e-03 -1.000 4.000e-03 0.520 -0.770 -1.211 -1.276 -1.311 -1.285 -1.300 -1.329 -1.744 -1.602 -1.461 -1.308 -1.282 -1.270 -1.555
0.004 -0.58336 5.00000 2.5884823799 2.5871722698    2.588  1.652  3.7193  3.029    0  0.000  0.538     0.00     0.00 -1    -1e-30      0.00 7.400e-01 2.560e-01 7.099e-04 1.938e-04 1.761e-03 -1.000 4.000e-03 0.641 -0.631 -1.058 -1.122 -1.156 -1.132 -1.146 -1.174 -1.588 -1.446 -1.304 -1.153 -1.129 -1.113 -1.399
0.004 -0.58336 5.00000 2.5999999046 2.5874414444    2.600  1.647  3.7198  3.037    0  0.000  0.537     0.00     0.00 -1    -1e-30      0.00 7.400e-01 2.560e-01 7.099e-04 1.938e-04 1.761e-03 -1.000 4.000e-03 0.653 -0.617 -1.043 -1.107 -1.141 -1.117 -1.131 -1.158 -1.572 -1.430 -1.289 -1.138 -1.114 -1.098 -1.383
0.004 -0.58336 5.00000 2.7111656666 2.5899045467    2.711  1.673  3.7209  3.034    0  0.000  0.537     0.00     0.00 -1    -1e-30      0.00 7.400e-01 2.560e-01 7.099e-04 1.938e-04 1.761e-03 -1.000 4.000e-03 0.587 -0.679 -1.102 -1.165 -1.198 -1.175 -1.189 -1.215 -1.629 -1.488 -1.347 -1.195 -1.172 -1.155 -1.441
0.004 -0.58336 5.00000 2.7999999523 2.5917119980    2.800  1.694  3.7218  3.031    0  0.000  0.537     0.00     0.00 -1    -1e-30      0.00 7.400e-01 2.560e-01 7.099e-04 1.938e-04 1.761e-03 -1.000 4.000e-03 0.535 -0.727 -1.148 -1.211 -1.244 -1.220 -1.234 -1.261 -1.675 -1.533 -1.392 -1.241 -1.218 -1.200 -1.486
0.004 -0.58336 5.00000 2.9539473057 2.5945501328    2.954  1.729  3.7232  3.024    0  0.000  0.537     0.00     0.00 -1    -1e-30      0.00 7.400e-01 2.560e-01 7.099e-04 1.938e-04 1.761e-03 -1.000 4.000e-03 0.448 -0.810 -1.227 -1.289 -1.322 -1.299 -1.312 -1.338 -1.752 -1.611 -1.471 -1.319 -1.296 -1.278 -1.564
0.004 -0.58336 5.00000 3.0000000000 2.5953342915    3.000  1.740  3.7236  3.022    0  0.000  0.537     0.00     0.00 -1    -1e-30      0.00 7.400e-01 2.560e-01 7.099e-04 1.938e-04 1.761e-03 -1.000 4.000e-03 0.421 -0.835 -1.251 -1.313 -1.345 -1.323 -1.336 -1.362 -1.776 -1.635 -1.495 -1.343 -1.320 -1.302 -1.587
0.004 -0.58336 5.00000 3.0927531719 2.5968325138    3.093  1.759  3.7244  3.019    0  0.000  0.537     0.00     0.00 -1    -1e-30      0.00 7.400e-01 2.560e-01 7.099e-04 1.938e-04 1.761e-03 -1.000 4.000e-03 0.373 -0.880 -1.294 -1.356 -1.388 -1.365 -1.379 -1.404 -1.818 -1.677 -1.537 -1.385 -1.363 -1.344 -1.630
0.004 -0.58336 5.00000 3.2000000477 2.5984411240    3.199  1.783  3.7253  3.013    0  0.000  0.537     0.00     0.00 -1    -1e-30      0.00 7.400e-01 2.560e-01 7.099e-04 1.938e-04 1.761e-03 -1.000 4.000e-03 0.312 -0.937 -1.349 -1.410 -1.442 -1.420 -1.433 -1.458 -1.872 -1.732 -1.591 -1.439 -1.418 -1.398 -1.684
0.004 -0.58336 5.00000 3.2322001457 2.5989000797    3.231  1.789  3.7256  3.012    0  0.000  0.537     0.00     0.00 -1    -1e-30      0.00 7.400e-01 2.560e-01 7.099e-04 1.938e-04 1.761e-03 -1.000 4.000e-03 0.296 -0.951 -1.363 -1.424 -1.456 -1.434 -1.447 -1.472 -1.886 -1.745 -1.605 -1.453 -1.431 -1.412 -1.697
0.004 -0.58336 5.00000 3.4000000954 2.6011312008    3.398  1.826  3.7269  3.003    0  0.000  0.537     0.00     0.00 -1    -1e-30      0.00 7.400e-01 2.560e-01 7.099e-04 1.938e-04 1.761e-03 -1.000 4.000e-03 0.205 -1.038 -1.446 -1.507 -1.538 -1.517 -1.530 -1.554 -1.968 -1.828 -1.688 -1.535 -1.514 -1.494 -1.780
0.004 -0.58336 5.00000 3.4356496334 2.6015729904    3.434  1.833  3.7273  3.002    0  0.000  0.537     0.00     0.00 -1    -1e-30      0.00 7.400e-01 2.560e-01 7.099e-04 1.938e-04 1.761e-03 -1.000 4.000e-03 0.188 -1.053 -1.460 -1.521 -1.552 -1.531 -1.544 -1.568 -1.983 -1.842 -1.702 -1.549 -1.529 -1.508 -1.794
0.004 -0.58336 5.00000 3.5999999046 2.6034805775    3.598  1.868  3.7285  2.992    0  0.000  0.537     0.00     0.00 -1    -1e-30      0.00 7.400e-01 2.560e-01 7.099e-04 1.938e-04 1.761e-03 -1.000 4.000e-03 0.100 -1.137 -1.541 -1.601 -1.632 -1.611 -1.624 -1.648 -2.062 -1.922 -1.782 -1.629 -1.609 -1.587 -1.873
0.004 -0.58336 5.00000 3.6547152996 2.6040720940    3.653  1.880  3.7289  2.988    0  0.000  0.537     0.00     0.00 -1    -1e-30      0.00 7.400e-01 2.560e-01 7.099e-04 1.938e-04 1.761e-03 -1.000 4.000e-03 0.070 -1.165 -1.568 -1.628 -1.658 -1.638 -1.650 -1.674 -2.089 -1.949 -1.809 -1.656 -1.635 -1.614 -1.900
0.004 -0.58336 5.00000 3.7999999523 2.6055479050    3.798  1.915  3.7300  2.974    0  0.000  0.537     0.00     0.00 -1    -1e-30      0.00 7.400e-01 2.560e-01 7.099e-04 1.938e-04 1.761e-03 -1.000 4.000e-03 -0.018 -1.249 -1.650 -1.709 -1.739 -1.719 -1.732 -1.755 -2.169 -2.030 -1.890 -1.737 -1.717 -1.695 -1.980
0.004 -0.58336 5.00000 3.8325004578 2.6058604717    3.831  1.922  3.7303  2.973    0  0.000  0.537     0.00     0.00 -1    -1e-30      0.00 7.400e-01 2.560e-01 7.099e-04 1.938e-04 1.761e-03 -1.000 4.000e-03 -0.034 -1.264 -1.663 -1.723 -1.753 -1.733 -1.745 -1.768 -2.183 -2.043 -1.904 -1.750 -1.730 -1.708 -1.994
0.004 -0.58336 5.00000 4.0000000000 2.6073791981    4.001  1.961  3.7316  2.957    0  0.000  0.537     0.00     0.00 -1    -1e-30      0.00 7.400e-01 2.560e-01 7.099e-04 1.938e-04 1.761e-03 -1.000 4.000e-03 -0.133 -1.358 -1.753 -1.812 -1.842 -1.822 -1.835 -1.858 -2.272 -2.133 -1.994 -1.839 -1.820 -1.797 -2.083
0.004 -0.58336 5.00000 4.0721416473 2.6079893112    4.072  1.979  3.7322  2.949    0  0.000  0.537     0.00     0.00 -1    -1e-30      0.00 7.400e-01 2.560e-01 7.099e-04 1.938e-04 1.761e-03 -1.000 4.000e-03 -0.178 -1.400 -1.794 -1.853 -1.883 -1.863 -1.876 -1.898 -2.313 -2.173 -2.034 -1.880 -1.861 -1.838 -2.124
0.004 -0.58336 5.00000 4.1999998093 2.6090114117    4.198  2.017  3.7333  2.930    0  0.000  0.537     0.00     0.00 -1    -1e-30      0.00 7.400e-01 2.560e-01 7.099e-04 1.938e-04 1.761e-03 -1.000 4.000e-03 -0.272 -1.489 -1.880 -1.938 -1.968 -1.949 -1.961 -1.983 -2.398 -2.259 -2.120 -1.965 -1.947 -1.923 -2.209
0.004 -0.58336 5.00000 4.2692813873 2.6095359325    4.267  2.033  3.7340  2.923    0  0.000  0.537     0.00     0.00 -1    -1e-30      0.00 7.400e-01 2.560e-01 7.099e-04 1.938e-04 1.761e-03 -1.000 4.000e-03 -0.312 -1.527 -1.916 -1.974 -2.004 -1.985 -1.997 -2.019 -2.434 -2.295 -2.156 -2.001 -1.983 -1.959 -2.245
0.004 -0.58336 5.00000 4.4000000954 2.6104743481    4.397  2.066  3.7353  2.909    0  0.000  0.537     0.00     0.00 -1    -1e-30      0.00 7.400e-01 2.560e-01 7.099e-04 1.938e-04 1.761e-03 -1.000 4.000e-03 -0.394 -1.603 -1.989 -2.046 -2.075 -2.057 -2.069 -2.091 -2.505 -2.367 -2.228 -2.073 -2.056 -2.031 -2.317
0.004 -0.58336 5.00000 4.5999999046 2.6117916107    4.598  2.129  3.7376  2.874    0  0.000  0.537     0.00     0.00 -1    -1e-30      0.00 7.400e-01 2.560e-01 7.099e-04 1.938e-04 1.761e-03 -1.000 4.000e-03 -0.552 -1.752 -2.131 -2.187 -2.216 -2.199 -2.211 -2.231 -2.646 -2.508 -2.370 -2.213 -2.197 -2.171 -2.457
0.004 -0.58336 5.00000 4.6022853851 2.6118059158    4.600  2.130  3.7376  2.874    0  0.000  0.537     0.00     0.00 -1    -1e-30      0.00 7.400e-01 2.560e-01 7.099e-04 1.938e-04 1.761e-03 -1.000 4.000e-03 -0.554 -1.753 -2.132 -2.189 -2.217 -2.201 -2.212 -2.233 -2.648 -2.509 -2.371 -2.215 -2.199 -2.173 -2.459
0.004 -0.58336 5.00000 4.8000001907 2.6129837036    4.798  2.214  3.7405  2.819    0  0.000  0.537     0.00     0.00 -1    -1e-30      0.00 7.400e-01 2.560e-01 7.099e-04 1.938e-04 1.761e-03 -1.000 4.000e-03 -0.766 -1.953 -2.324 -2.380 -2.408 -2.393 -2.404 -2.423 -2.838 -2.700 -2.563 -2.405 -2.391 -2.364 -2.650
0.004 -0.58336 5.00000 4.8634128571 2.6133382320    4.862  2.242  3.7415  2.801    0  0.000  0.537     0.00     0.00 -1    -1e-30      0.00 7.400e-01 2.560e-01 7.099e-04 1.938e-04 1.761e-03 -1.000 4.000e-03 -0.836 -2.019 -2.387 -2.442 -2.470 -2.455 -2.467 -2.485 -2.902 -2.762 -2.626 -2.468 -2.454 -2.433 -2.713
0.004 -0.58336 5.00000 5.0000004768 2.6140668392    4.999  2.316  3.7445  2.751    0  0.000  0.537     0.00     0.00 -1    -1e-30      0.00 7.400e-01 2.560e-01 7.099e-04 1.938e-04 1.761e-03 -1.000 4.000e-03 -1.021 -2.192 -2.552 -2.606 -2.633 -2.620 -2.631 -2.649 -3.069 -2.921 -2.789 -2.631 -2.618 -2.615 -2.880
0.004 -0.58336 5.00000 5.0528826714 2.6143367290    5.052  2.346  3.7458  2.730    0  0.000  0.537     0.00     0.00 -1    -1e-30      0.00 7.400e-01 2.560e-01 7.099e-04 1.938e-04 1.761e-03 -1.000 4.000e-03 -1.095 -2.262 -2.618 -2.671 -2.698 -2.686 -2.697 -2.714 -3.136 -2.985 -2.855 -2.696 -2.685 -2.689 -2.948
0.004 -0.58336 5.00000 5.1999998093 2.6150546074    5.200  2.429  3.7503  2.679    0  0.000  0.537     0.00     0.00 -1    -1e-30      0.00 7.400e-01 2.560e-01 7.099e-04 1.938e-04 1.761e-03 -1.000 4.000e-03 -1.302 -2.450 -2.793 -2.845 -2.871 -2.861 -2.871 -2.887 -3.315 -3.153 -3.028 -2.869 -2.860 -2.891 -3.127
0.004 -0.58336 5.00000 5.2470660210 2.6152744293    5.247  2.455  3.7519  2.663    0  0.000  0.537     0.00     0.00 -1    -1e-30      0.00 7.400e-01 2.560e-01 7.099e-04 1.938e-04 1.761e-03 -1.000 4.000e-03 -1.368 -2.509 -2.849 -2.900 -2.926 -2.916 -2.926 -2.941 -3.371 -3.206 -3.083 -2.923 -2.915 -2.956 -3.183
0.004 -0.58336 5.00000 5.4000000954 2.6159586906    5.401  2.527  3.7586  2.630    0  0.000  0.537     0.00     0.00 -1    -1e-30      0.00 7.400e-01 2.560e-01 7.099e-04 1.938e-04 1.761e-03 -1.000 4.000e-03 -1.547 -2.660 -2.983 -3.031 -3.056 -3.050 -3.058 -3.071 -3.509 -3.328 -3.213 -3.053 -3.049 -3.129 -3.322
0.004 -0.58336 5.00000 5.4114265442 2.6160080433    5.412  2.532  3.7592  2.628    0  0.000  0.537     0.00     0.00 -1    -1e-30      0.00 7.400e-01 2.560e-01 7.099e-04 1.938e-04 1.761e-03 -1.000 4.000e-03 -1.559 -2.671 -2.991 -3.040 -3.064 -3.059 -3.067 -3.079 -3.518 -3.336 -3.221 -3.062 -3.058 -3.141 -3.331
0.004 -0.58336 5.00000 5.5962338448 2.6167738438    5.597  2.607  3.7719  2.619    0  0.000  0.537     0.00     0.00 -1    -1e-30      0.00 7.400e-01 2.560e-01 7.099e-04 1.938e-04 1.761e-03 -1.000 4.000e-03 -1.746 -2.801 -3.090 -3.133 -3.155 -3.156 -3.162 -3.170 -3.626 -3.411 -3.311 -3.153 -3.155 -3.316 -3.440
0.004 -0.58336 5.00000 5.5999999046 2.6167888641    5.601  2.608  3.7722  2.619    0  0.000  0.537     0.00     0.00 -1    -1e-30      0.00 7.400e-01 2.560e-01 7.099e-04 1.938e-04 1.761e-03 -1.000 4.000e-03 -1.750 -2.803 -3.091 -3.134 -3.157 -3.157 -3.163 -3.172 -3.628 -3.412 -3.312 -3.154 -3.157 -3.319 -3.442
0.004 -0.58336 5.00000 5.6108694077 2.6168320179    5.612  2.612  3.7732  2.620    0  0.000  0.537     0.00     0.00 -1    -1e-30      0.00 7.400e-01 2.560e-01 7.099e-04 1.938e-04 1.761e-03 -1.000 4.000e-03 -1.760 -2.809 -3.094 -3.138 -3.160 -3.160 -3.166 -3.175 -3.632 -3.414 -3.315 -3.158 -3.160 -3.328 -3.446
0.004 -0.58336 5.00000 5.7229666710 2.6172664165    5.724  2.655  3.7859  2.637    0  0.000  0.537     0.00     0.00 -1    -1e-30      0.00 7.400e-01 2.560e-01 7.099e-04 1.938e-04 1.761e-03 -1.000 4.000e-03 -1.866 -2.855 -3.108 -3.148 -3.168 -3.172 -3.177 -3.183 -3.656 -3.405 -3.319 -3.166 -3.172 -3.419 -3.471
0.004 -0.58336 5.00000 5.8000001907 2.6175537109    5.801  2.684  3.7968  2.657    0  0.000  0.537     0.00     0.00 -1    -1e-30      0.00 7.400e-01 2.560e-01 7.099e-04 1.938e-04 1.761e-03 -1.000 4.000e-03 -1.940 -2.876 -3.104 -3.141 -3.159 -3.165 -3.169 -3.174 -3.660 -3.381 -3.307 -3.158 -3.165 -3.481 -3.476
0.004 -0.58336 5.00000 5.8159275055 2.6176118851    5.817  2.690  3.7992  2.662    0  0.000  0.537     0.00     0.00 -1    -1e-30      0.00 7.400e-01 2.560e-01 7.099e-04 1.938e-04 1.761e-03 -1.000 4.000e-03 -1.955 -2.880 -3.102 -3.138 -3.157 -3.163 -3.166 -3.171 -3.660 -3.374 -3.304 -3.155 -3.163 -3.494 -3.476
0.004 -0.58336 5.00000 5.9150004387 2.6179664135    5.916  2.729  3.8147  2.692    0  0.000  0.537     0.00     0.00 -1    -1e-30      0.00 7.400e-01 2.560e-01 7.099e-04 1.938e-04 1.761e-03 -1.000 4.000e-03 -2.051 -2.899 -3.088 -3.120 -3.137 -3.144 -3.146 -3.151 -3.655 -3.335 -3.282 -3.135 -3.144 -3.562 -3.473
0.004 -0.58336 5.00000 6.0000000000 2.6182601452    6.000  2.763  3.8284  2.719    0  0.000  0.537     0.00     0.00 -1    -1e-30      0.00 7.400e-01 2.560e-01 7.099e-04 1.938e-04 1.761e-03 -1.000 4.000e-03 -2.137 -2.914 -3.073 -3.102 -3.118 -3.126 -3.128 -3.132 -3.635 -3.313 -3.259 -3.117 -3.126 -3.543 -3.453
0.004 -0.58336 5.00000 6.0110030174 2.6182973385    6.011  2.767  3.8301  2.722    0  0.000  0.537     0.00     0.00 -1    -1e-30      0.00 7.400e-01 2.560e-01 7.099e-04 1.938e-04 1.761e-03 -1.000 4.000e-03 -2.148 -2.916 -3.070 -3.100 -3.116 -3.123 -3.126 -3.130 -3.633 -3.310 -3.256 -3.115 -3.123 -3.541 -3.450
0.004 -0.58336 5.00000 6.0972290039 2.6185841560    6.097  2.803  3.8444  2.750    0  0.000  0.537     0.00     0.00 -1    -1e-30      0.00 7.400e-01 2.560e-01 7.099e-04 1.938e-04 1.761e-03 -1.000 4.000e-03 -2.237 -2.928 -3.053 -3.081 -3.096 -3.104 -3.106 -3.110 -3.612 -3.287 -3.232 -3.095 -3.104 -3.521 -3.429
0.004 -0.58336 5.00000 6.1819972992 2.6188573837    6.182  2.839  3.8588  2.777    0  0.000  0.537     0.00     0.00 -1    -1e-30      0.00 7.400e-01 2.560e-01 7.099e-04 1.938e-04 1.761e-03 -1.000 4.000e-03 -2.328 -2.939 -3.036 -3.062 -3.077 -3.084 -3.087 -3.090 -3.590 -3.264 -3.208 -3.076 -3.084 -3.501 -3.408
0.004 -0.58336 5.00000 6.1999998093 2.6189143658    6.200  2.847  3.8619  2.783    0  0.000  0.537     0.00     0.00 -1    -1e-30      0.00 7.400e-01 2.560e-01 7.099e-04 1.938e-04 1.761e-03 -1.000 4.000e-03 -2.347 -2.941 -3.032 -3.058 -3.073 -3.080 -3.082 -3.086 -3.586 -3.259 -3.203 -3.072 -3.080 -3.497 -3.404
0.004 -0.58336 5.00000 6.2413091660 2.6190433502    6.241  2.865  3.8690  2.796    0  0.000  0.537     0.00     0.00 -1    -1e-30      0.00 7.400e-01 2.560e-01 7.099e-04 1.938e-04 1.761e-03 -1.000 4.000e-03 -2.392 -2.945 -3.023 -3.048 -3.062 -3.069 -3.072 -3.076 -3.575 -3.247 -3.191 -3.062 -3.070 -3.486 -3.393
0.004 -0.58336 5.00000 6.3253016472 2.6193001270    6.324  2.902  3.8838  2.824    0  0.000  0.537     0.00     0.00 -1    -1e-30      0.00 7.400e-01 2.560e-01 7.099e-04 1.938e-04 1.761e-03 -1.000 4.000e-03 -2.486 -2.951 -3.006 -3.029 -3.043 -3.050 -3.052 -3.055 -3.553 -3.224 -3.166 -3.042 -3.050 -3.466 -3.371
0.004 -0.58336 5.00000 6.4000000954 2.6195218563    6.399  2.937  3.8972  2.848    0  0.000  0.537     0.00     0.00 -1    -1e-30      0.00 7.400e-01 2.560e-01 7.099e-04 1.938e-04 1.761e-03 -1.000 4.000e-03 -2.572 -2.956 -2.991 -3.013 -3.025 -3.032 -3.035 -3.037 -3.534 -3.203 -3.145 -3.025 -3.032 -3.448 -3.351
0.004 -0.58336 5.00000 6.4244594574 2.6195931435    6.423  2.948  3.9016  2.856    0  0.000  0.537     0.00     0.00 -1    -1e-30      0.00 7.400e-01 2.560e-01 7.099e-04 1.938e-04 1.761e-03 -1.000 4.000e-03 -2.600 -2.957 -2.987 -3.007 -3.020 -3.027 -3.029 -3.031 -3.527 -3.196 -3.138 -3.019 -3.027 -3.442 -3.345
0.004 -0.58336 5.00000 6.5065279007 2.6198277473    6.505  2.986  3.9166  2.884    0  0.000  0.537     0.00     0.00 -1    -1e-30      0.00 7.400e-01 2.560e-01 7.099e-04 1.938e-04 1.761e-03 -1.000 4.000e-03 -2.695 -2.959 -2.972 -2.990 -3.001 -3.008 -3.009 -3.012 -3.506 -3.174 -3.115 -3.001 -3.008 -3.422 -3.324
0.004 -0.58336 5.00000 6.5869169235 2.6200513840    6.585  3.024  3.9316  2.911    0  0.000  0.537     0.00     0.00 -1    -1e-30      0.00 7.400e-01 2.560e-01 7.099e-04 1.938e-04 1.761e-03 -1.000 4.000e-03 -2.790 -2.960 -2.959 -2.973 -2.982 -2.988 -2.989 -2.992 -3.485 -3.152 -3.093 -2.982 -2.988 -3.402 -3.303
0.004 -0.58336 5.00000 6.6656780243 2.6202642918    6.663  3.062  3.9465  2.938    0  0.000  0.537     0.00     0.00 -1    -1e-30      0.00 7.400e-01 2.560e-01 7.099e-04 1.938e-04 1.761e-03 -1.000 4.000e-03 -2.885 -2.957 -2.946 -2.956 -2.962 -2.967 -2.968 -2.969 -3.462 -3.128 -3.068 -2.962 -2.967 -3.379 -3.279
0.004 -0.58336 5.00000 6.7428569794 2.6204674244    6.740  3.099  3.9614  2.965    0  0.000  0.537     0.00     0.00 -1    -1e-30      0.00 7.400e-01 2.560e-01 7.099e-04 1.938e-04 1.761e-03 -1.000 4.000e-03 -2.978 -2.952 -2.933 -2.939 -2.941 -2.946 -2.945 -2.946 -3.437 -3.102 -3.043 -2.942 -2.945 -3.355 -3.255
0.004 -0.58336 5.00000 6.8185453415 2.6206614971    6.815  3.136  3.9763  2.993    0  0.000  0.537     0.00     0.00 -1    -1e-30      0.00 7.400e-01 2.560e-01 7.099e-04 1.938e-04 1.761e-03 -1.000 4.000e-03 -3.070 -2.946 -2.919 -2.921 -2.920 -2.923 -2.922 -2.921 -3.411 -3.076 -3.016 -2.921 -2.923 -3.330 -3.229
0.004 -0.58336 5.00000 6.8928537369 2.6208472252    6.889  3.172  3.9912  3.021    0  0.000  0.537     0.00     0.00 -1    -1e-30      0.00 7.400e-01 2.560e-01 7.099e-04 1.938e-04 1.761e-03 -1.000 4.000e-03 -3.161 -2.937 -2.905 -2.902 -2.898 -2.899 -2.897 -2.896 -3.384 -3.049 -2.989 -2.899 -2.899 -3.304 -3.202
0.004 -0.58336 5.00000 6.9659385681 2.6210253239    6.961  3.208  4.0061  3.049    0  0.000  0.537     0.00     0.00 -1    -1e-30      0.00 7.400e-01 2.560e-01 7.099e-04 1.938e-04 1.761e-03 -1.000 4.000e-03 -3.250 -2.926 -2.889 -2.883 -2.874 -2.875 -2.872 -2.870 -3.357 -3.021 -2.960 -2.876 -2.874 -3.278 -3.175
0.004 -0.58336 5.00000 7.0000000000 2.6211071014    6.996  3.224  4.0131  3.063    0  0.000  0.537     0.00     0.00 -1    -1e-30      0.00 7.400e-01 2.560e-01 7.099e-04 1.938e-04 1.761e-03 -1.000 4.000e-03 -3.291 -2.920 -2.881 -2.873 -2.863 -2.863 -2.860 -2.857 -3.343 -3.007 -2.946 -2.864 -2.862 -3.265 -3.161
0.004 -0.58336 5.00000 7.0702648163 2.6212725639    7.067  3.257  4.0272  3.091    0  0.000  0.537     0.00     0.00 -1    -1e-30      0.00 7.400e-01 2.560e-01 7.099e-04 1.938e-04 1.761e-03 -1.000 4.000e-03 -3.373 -2.906 -2.863 -2.851 -2.839 -2.838 -2.834 -2.831 -3.315 -2.978 -2.916 -2.840 -2.837 -3.238 -3.133
0.004 -0.58336 5.00000 7.1423435211 2.6214385033    7.139  3.290  4.0418  3.121    0  0.000  0.537     0.00     0.00 -1    -1e-30      0.00 7.400e-01 2.560e-01 7.099e-04 1.938e-04 1.761e-03 -1.000 4.000e-03 -3.455 -2.890 -2.842 -2.827 -2.812 -2.810 -2.805 -2.801 -3.284 -2.945 -2.883 -2.814 -2.809 -3.208 -3.102
0.004 -0.58336 5.00000 7.2141451836 2.6215999126    7.211  3.322  4.0565  3.152    0  0.000  0.537     0.00     0.00 -1    -1e-30      0.00 7.400e-01 2.560e-01 7.099e-04 1.938e-04 1.761e-03 -1.000 4.000e-03 -3.536 -2.870 -2.818 -2.801 -2.782 -2.779 -2.774 -2.770 -3.251 -2.910 -2.846 -2.784 -2.778 -3.175 -3.069
0.004 -0.58336 5.00000 7.2858161926 2.6217575073    7.283  3.354  4.0711  3.183    0  0.000  0.537     0.00     0.00 -1    -1e-30      0.00 7.400e-01 2.560e-01 7.099e-04 1.938e-04 1.761e-03 -1.000 4.000e-03 -3.614 -2.848 -2.791 -2.772 -2.750 -2.746 -2.741 -2.735 -3.215 -2.872 -2.807 -2.753 -2.746 -3.141 -3.033
0.004 -0.58336 5.00000 7.3575096130 2.6219115257    7.355  3.384  4.0858  3.216    0  0.000  0.537     0.00     0.00 -1    -1e-30      0.00 7.400e-01 2.560e-01 7.099e-04 1.938e-04 1.761e-03 -1.000 4.000e-03 -3.690 -2.822 -2.762 -2.739 -2.715 -2.711 -2.704 -2.698 -3.176 -2.831 -2.766 -2.718 -2.710 -3.103 -2.994
0.004 -0.58336 5.00000 7.4293704033 2.6220626831    7.427  3.414  4.1004  3.249    0  0.000  0.537     0.00     0.00 -1    -1e-30      0.00 7.400e-01 2.560e-01 7.099e-04 1.938e-04 1.761e-03 -1.000 4.000e-03 -3.764 -2.793 -2.729 -2.704 -2.678 -2.672 -2.665 -2.658 -3.134 -2.788 -2.721 -2.681 -2.671 -3.062 -2.952
0.004 -0.58336 5.00000 7.5015406609 2.6222109795    7.500  3.442  4.1150  3.283    0  0.000  0.537     0.00     0.00 -1    -1e-30      0.00 7.400e-01 2.560e-01 7.099e-04 1.938e-04 1.761e-03 -1.000 4.000e-03 -3.835 -2.761 -2.693 -2.666 -2.637 -2.630 -2.623 -2.615 -3.089 -2.741 -2.675 -2.640 -2.629 -3.019 -2.907
0.004 -0.58336 5.00000 7.5741829872 2.6223568916    7.573  3.470  4.1296  3.318    0  0.000  0.537     0.00     0.00 -1    -1e-30      0.00 7.400e-01 2.560e-01 7.099e-04 1.938e-04 1.761e-03 -1.000 4.000e-03 -3.904 -2.726 -2.654 -2.625 -2.593 -2.586 -2.578 -2.569 -3.041 -2.693 -2.627 -2.596 -2.585 -2.972 -2.859
0.004 -0.58336 5.00000 7.6474418640 2.6225008965    7.647  3.496  4.1441  3.354    0  0.000  0.537     0.00     0.00 -1    -1e-30      0.00 7.400e-01 2.560e-01 7.099e-04 1.938e-04 1.761e-03 -1.000 4.000e-03 -3.970 -2.688 -2.613 -2.581 -2.547 -2.539 -2.530 -2.520 -2.991 -2.642 -2.577 -2.551 -2.538 -2.923 -2.809
0.004 -0.58336 5.00000 7.7401084900 2.6226785183    7.740  3.528  4.1623  3.400    0  0.000  0.537     0.00     0.00 -1    -1e-30      0.00 7.400e-01 2.560e-01 7.099e-04 1.938e-04 1.761e-03 -1.000 4.000e-03 -4.050 -2.638 -2.558 -2.524 -2.486 -2.477 -2.467 -2.457 -2.925 -2.576 -2.514 -2.490 -2.476 -2.859 -2.743
0.004 -0.58336 5.00000 7.8152914047 2.6228191853    7.815  3.553  4.1768  3.438    0  0.000  0.537     0.00     0.00 -1    -1e-30      0.00 7.400e-01 2.560e-01 7.099e-04 1.938e-04 1.761e-03 -1.000 4.000e-03 -4.112 -2.595 -2.512 -2.475 -2.435 -2.425 -2.414 -2.403 -2.871 -2.522 -2.462 -2.439 -2.424 -2.805 -2.689
0.004 -0.58336 5.00000 7.8915705681 2.6229586601    7.892  3.576  4.1912  3.476    0  0.000  0.537     0.00     0.00 -1    -1e-30      0.00 7.400e-01 2.560e-01 7.099e-04 1.938e-04 1.761e-03 -1.000 4.000e-03 -4.171 -2.550 -2.464 -2.425 -2.382 -2.371 -2.360 -2.348 -2.814 -2.467 -2.409 -2.386 -2.370 -2.749 -2.632
0.004 -0.58336 5.00000 7.9690847397 2.6230974197    7.970  3.599  4.2056  3.515    0  0.000  0.537     0.00     0.00 -1    -1e-30      0.00 7.400e-01 2.560e-01 7.099e-04 1.938e-04 1.761e-03 -1.000 4.000e-03 -4.228 -2.503 -2.414 -2.373 -2.328 -2.316 -2.304 -2.291 -2.756 -2.411 -2.355 -2.332 -2.314 -2.692 -2.574
0.004 -0.58336 5.00000 8.0000000000 2.6231517792    8.001  3.608  4.2112  3.530    0  0.000  0.537     0.00     0.00 -1    -1e-30      0.00 7.400e-01 2.560e-01 7.099e-04 1.938e-04 1.761e-03 -1.000 4.000e-03 -4.250 -2.485 -2.394 -2.352 -2.306 -2.294 -2.281 -2.269 -2.733 -2.388 -2.332 -2.310 -2.292 -2.669 -2.551
0.004 -0.58336 5.00000 8.0702867508 2.6232738495    8.071  3.627  4.2236  3.564    0  0.000  0.537     0.00     0.00 -1    -1e-30      0.00 7.400e-01 2.560e-01 7.099e-04 1.938e-04 1.761e-03 -1.000 4.000e-03 -4.297 -2.444 -2.350 -2.306 -2.258 -2.245 -2.232 -2.219 -2.683 -2.337 -2.283 -2.262 -2.243 -2.619 -2.501
0.004 -0.58336 5.00000 8.1576375961 2.6234219074    8.158  3.649  4.2385  3.606    0  0.000  0.537     0.00     0.00 -1    -1e-30      0.00 7.400e-01 2.560e-01 7.099e-04 1.938e-04 1.761e-03 -1.000 4.000e-03 -4.353 -2.393 -2.296 -2.249 -2.199 -2.185 -2.171 -2.157 -2.620 -2.274 -2.220 -2.203 -2.183 -2.557 -2.438
0.004 -0.58336 5.00000 8.2471094131 2.6235699654    8.246  3.671  4.2534  3.649    0  0.000  0.537     0.00     0.00 -1    -1e-30      0.00 7.400e-01 2.560e-01 7.099e-04 1.938e-04 1.761e-03 -1.000 4.000e-03 -4.407 -2.341 -2.241 -2.192 -2.138 -2.124 -2.109 -2.094 -2.555 -2.209 -2.156 -2.144 -2.122 -2.494 -2.373
0.004 -0.58336 5.00000 8.3388366699 2.6237180233    8.337  3.692  4.2682  3.692    0  0.000  0.537     0.00     0.00 -1    -1e-30      0.00 7.400e-01 2.560e-01 7.099e-04 1.938e-04 1.761e-03 -1.000 4.000e-03 -4.460 -2.288 -2.185 -2.134 -2.078 -2.062 -2.047 -2.031 -2.489 -2.142 -2.089 -2.083 -2.060 -2.430 -2.308
0.004 -0.58336 5.00000 8.4330129623 2.6238660812    8.431  3.713  4.2829  3.735    0  0.000  0.537     0.00     0.00 -1    -1e-30      0.00 7.400e-01 2.560e-01 7.099e-04 1.938e-04 1.761e-03 -1.000 4.000e-03 -4.511 -2.236 -2.129 -2.076 -2.017 -2.000 -1.984 -1.967 -2.423 -2.074 -2.022 -2.022 -1.998 -2.365 -2.241
0.004 -0.58336 5.00000 8.5545330048 2.6240518093    8.551  3.737  4.3011  3.789    0  0.000  0.537     0.00     0.00 -1    -1e-30      0.00 7.400e-01 2.560e-01 7.099e-04 1.938e-04 1.761e-03 -1.000 4.000e-03 -4.574 -2.170 -2.060 -2.003 -1.941 -1.922 -1.905 -1.887 -2.338 -1.989 -1.936 -1.947 -1.920 -2.284 -2.156
0.004 -0.58336 5.00000 8.6550903320 2.6242008209    8.651  3.757  4.3157  3.833    0  0.000  0.537     0.00     0.00 -1    -1e-30      0.00 7.400e-01 2.560e-01 7.099e-04 1.938e-04 1.761e-03 -1.000 4.000e-03 -4.623 -2.117 -2.004 -1.945 -1.879 -1.860 -1.841 -1.821 -2.270 -1.920 -1.867 -1.886 -1.857 -2.217 -2.088
0.004 -0.58336 5.00000 8.7589969635 2.6243507862    8.754  3.776  4.3301  3.876    0  0.000  0.537     0.00     0.00 -1    -1e-30      0.00 7.400e-01 2.560e-01 7.099e-04 1.938e-04 1.761e-03 -1.000 4.000e-03 -4.670 -2.065 -1.948 -1.887 -1.818 -1.797 -1.778 -1.756 -2.201 -1.852 -1.798 -1.825 -1.795 -2.151 -2.020
0.004 -0.58336 5.00000 8.8667545319 2.6245019436    8.861  3.795  4.3444  3.920    0  0.000  0.537     0.00     0.00 -1    -1e-30      0.00 7.400e-01 2.560e-01 7.099e-04 1.938e-04 1.761e-03 -1.000 4.000e-03 -4.717 -2.012 -1.893 -1.829 -1.757 -1.734 -1.714 -1.691 -2.133 -1.784 -1.729 -1.764 -1.732 -2.085 -1.952
0.004 -0.58336 5.00000 8.9792222977 2.6246552467    8.973  3.813  4.3587  3.965    0  0.000  0.537     0.00     0.00 -1    -1e-30      0.00 7.400e-01 2.560e-01 7.099e-04 1.938e-04 1.761e-03 -1.000 4.000e-03 -4.763 -1.960 -1.838 -1.771 -1.695 -1.671 -1.650 -1.625 -2.066 -1.717 -1.660 -1.703 -1.669 -2.018 -1.884
0.004 -0.58336 5.00000 9.0000000000 2.6246831417    8.995  3.816  4.3613  3.973    0  0.000  0.537     0.00     0.00 -1    -1e-30      0.00 7.400e-01 2.560e-01 7.099e-04 1.938e-04 1.761e-03 -1.000 4.000e-03 -4.771 -1.951 -1.828 -1.761 -1.684 -1.660 -1.638 -1.613 -2.054 -1.704 -1.648 -1.692 -1.657 -2.006 -1.872
0.004 -0.58336 5.00000 9.0065689087 2.6246919632    9.001  3.817  4.3621  3.975    0  0.000  0.537     0.00     0.00 -1    -1e-30      0.00 7.400e-01 2.560e-01 7.099e-04 1.938e-04 1.761e-03 -1.000 4.000e-03 -4.774 -1.948 -1.825 -1.758 -1.681 -1.657 -1.634 -1.610 -2.050 -1.701 -1.644 -1.689 -1.654 -2.003 -1.868
0.004 -0.58336 5.00000 9.0696067810 2.6247754097    9.064  3.827  4.3693  3.998    0  0.000  0.537     0.00     0.00 -1    -1e-30      0.00 7.400e-01 2.560e-01 7.099e-04 1.938e-04 1.761e-03 -1.000 4.000e-03 -4.797 -1.922 -1.797 -1.729 -1.650 -1.625 -1.602 -1.576 -2.017 -1.667 -1.610 -1.658 -1.622 -1.969 -1.835
0.004 -0.58336 5.00000 9.1012229919 2.6248166561    9.096  3.831  4.3728  4.009    0  0.000  0.537     0.00     0.00 -1    -1e-30      0.00 7.400e-01 2.560e-01 7.099e-04 1.938e-04 1.761e-03 -1.000 4.000e-03 -4.808 -1.909 -1.784 -1.715 -1.635 -1.609 -1.586 -1.560 -2.000 -1.651 -1.593 -1.643 -1.607 -1.953 -1.818
0.004 -0.58336 5.00000 9.2369432449 2.6249904633    9.232  3.848  4.3870  4.055    0  0.000  0.537     0.00     0.00 -1    -1e-30      0.00 7.400e-01 2.560e-01 7.099e-04 1.938e-04 1.761e-03 -1.000 4.000e-03 -4.851 -1.858 -1.729 -1.657 -1.574 -1.547 -1.523 -1.496 -1.935 -1.585 -1.525 -1.582 -1.544 -1.888 -1.753
0.004 -0.58336 5.00000 9.3923473358 2.6251826286    9.388  3.865  4.4016  4.104    0  0.000  0.537     0.00     0.00 -1    -1e-30      0.00 7.400e-01 2.560e-01 7.099e-04 1.938e-04 1.761e-03 -1.000 4.000e-03 -4.893 -1.890 -1.779 -1.714 -1.620 -1.587 -1.975 -2.883 -2.466 -2.157 -3.609 -1.632 -1.593 -2.832 -2.665
0.004 -0.58336 5.00000 9.6184787750 2.6254491806    9.615  3.887  4.4205  4.168    0  0.000  0.537     0.00     0.00 -1    -1e-30      0.00 7.400e-01 2.560e-01 7.099e-04 1.938e-04 1.761e-03 -1.000 4.000e-03 -4.947 -1.807 -1.683 -1.584 -1.492 -1.464 -1.850 -2.758 -2.343 -2.052 -3.510 -1.501 -1.469 -2.707 -2.542
0.004 -0.58336 5.00000 9.8295688629 2.6256854534    9.827  3.906  4.4360  4.221    0  0.000  0.537     0.00     0.00 -1    -1e-30      0.00 7.400e-01 2.560e-01 7.099e-04 1.938e-04 1.761e-03 -1.000 4.000e-03 -4.994 -1.728 -1.613 -1.524 -1.433 -1.411 -1.799 -2.707 -2.286 -1.987 -3.458 -1.441 -1.417 -2.655 -2.486
0.004 -0.58336 5.00000 10.0000000000 2.6258678436    9.998  3.920  4.4474  4.259    0  0.000  0.537     0.00     0.00 -1    -1e-30      0.00 7.400e-01 2.560e-01 7.099e-04 1.938e-04 1.761e-03 -1.000 4.000e-03 -5.031 -1.675 -1.569 -1.493 -1.401 -1.386 -1.776 -2.684 -2.261 -1.946 -3.431 -1.408 -1.392 -2.632 -2.462
0.004 -0.58336 5.00000 10.0102653503 2.6258785725   10.008  3.921  4.4481  4.262    0  0.000  0.537     0.00     0.00 -1    -1e-30      0.00 7.400e-01 2.560e-01 7.099e-04 1.938e-04 1.761e-03 -1.000 4.000e-03 -5.033 -1.672 -1.566 -1.491 -1.398 -1.384 -1.774 -2.682 -2.260 -1.943 -3.430 -1.405 -1.391 -2.631 -2.460
0.004 -0.58336 5.00000 10.2912807465 2.6261634827   10.290  3.942  4.4634  4.314    0  0.000  0.537     0.00     0.00 -1    -1e-30      0.00 7.400e-01 2.560e-01 7.099e-04 1.938e-04 1.761e-03 -1.000 4.000e-03 -5.084 -1.633 -1.512 -1.424 -1.346 -1.330 -1.720 -2.628 -2.222 -1.871 -3.398 -1.351 -1.336 -2.579 -2.423
0.004 -0.58336 5.00000 10.7399692535 2.6265830994   10.741  3.961  4.4778  4.371    0  0.000  0.537     0.00     0.00 -1    -1e-30      0.00 7.400e-01 2.560e-01 7.099e-04 1.938e-04 1.761e-03 -1.000 4.000e-03 -5.133 -1.590 -1.456 -1.362 -1.295 -1.273 -1.661 -2.570 -2.179 -1.802 -3.357 -1.301 -1.279 -2.524 -2.379
0.004 -0.58336 5.00000 11.0000000000 2.6268081665   11.001  3.967  4.4814  4.390    0  0.000  0.537     0.00     0.00 -1    -1e-30      0.00 7.400e-01 2.560e-01 7.099e-04 1.938e-04 1.761e-03 -1.000 4.000e-03 -5.147 -1.577 -1.443 -1.351 -1.284 -1.259 -1.646 -2.555 -2.161 -1.790 -3.330 -1.290 -1.264 -2.508 -2.361
0.004 -0.58336 5.00000 11.1653070450 2.6269452572   11.167  3.971  4.4834  4.401    0  0.000  0.537     0.00     0.00 -1    -1e-30      0.00 7.400e-01 2.560e-01 7.099e-04 1.938e-04 1.761e-03 -1.000 4.000e-03 -5.158 -1.573 -1.438 -1.348 -1.280 -1.254 -1.641 -2.549 -2.154 -1.787 -3.318 -1.287 -1.259 -2.502 -2.353
0.004 -0.58336 5.00000 11.5669689178 2.6272592545   11.568  3.987  4.4867  4.414    0  0.000  0.537     0.00     0.00 -1    -1e-30      0.00 7.400e-01 2.560e-01 7.099e-04 1.938e-04 1.761e-03 -1.000 4.000e-03 -5.197 -1.589 -1.452 -1.365 -1.297 -1.268 -1.654 -2.563 -2.163 -1.805 -3.321 -1.305 -1.273 -2.515 -2.363
0.004 -0.58336 5.00000 11.7666959763 2.6274061203   11.768  4.003  4.4891  4.414    0  0.000  0.537     0.00     0.00 -1    -1e-30      0.00 7.400e-01 2.560e-01 7.099e-04 1.938e-04 1.761e-03 -1.000 4.000e-03 -5.239 -1.616 -1.478 -1.392 -1.324 -1.292 -1.678 -2.587 -2.185 -1.833 -3.338 -1.332 -1.298 -2.538 -2.384
0.004 -0.58336 5.00000 12.0000000000 2.6275708675   12.001  4.025  4.4920  4.413    0  0.000  0.537     0.00     0.00 -1    -1e-30      0.00 7.400e-01 2.560e-01 7.099e-04 1.938e-04 1.761e-03 -1.000 4.000e-03 -5.292 -1.650 -1.511 -1.425 -1.357 -1.324 -1.709 -2.617 -2.212 -1.869 -3.359 -1.366 -1.329 -2.568 -2.411
0.004 -0.58336 5.00000 12.7672882080 2.6280636787   12.764  4.092  4.5014  4.410    0  0.000  0.540     0.00     0.00 -1  -3.1e-22      0.00 7.400e-01 2.560e-01 7.137e-04 1.939e-04 1.761e-03 -1.000 4.000e-03 -5.460 -1.757 -1.614 -1.533 -1.463 -1.424 -1.807 -2.715 -2.300 -1.980 -3.430 -1.472 -1.429 -2.664 -2.499
0.004 -0.58336 5.00000 14.0000000000 2.6287269592   13.992  4.209  4.5185  4.401    0  0.000  0.545     0.00     0.00 -1 -1.32e-09      0.00 7.399e-01 2.561e-01 7.193e-04 1.940e-04 1.760e-03 -1.000 4.000e-03 -5.752 -1.939 -1.793 -1.707 -1.627 -1.593 -1.979 -2.887 -2.468 -2.122 -3.560 -1.636 -1.598 -2.836 -2.669
0.004 -0.58336 5.00000 16.0000000000 2.6295573711   16.002  4.372  4.5418  4.389    0  0.000  0.545     0.00     0.00 -1 -2.88e-09      0.00 7.399e-01 2.561e-01 7.193e-04 1.940e-04 1.760e-03 -1.000 4.000e-03 -6.160 -2.383 -2.229 -2.113 -1.984 -1.962 -2.358 -3.266 -2.826 -2.475 -3.920 -1.996 -1.970 -3.211 -3.027
0.004 -0.58336 5.00000 18.0000000000 2.6301794052   17.989  4.511  4.5612  4.378    0  0.000  0.545     0.00     0.00 -1 -5.48e-09      0.00 7.399e-01 2.561e-01 7.193e-04 1.940e-04 1.760e-03 -1.000 4.000e-03 -6.508 -2.588 -2.420 -2.286 -2.173 -2.165 -2.562 -3.469 -3.022 -2.670 -4.096 -2.180 -2.173 -3.413 -3.223
0.004 -0.58336 5.00000 20.0000000000 2.6306605339   19.995  4.633  4.5780  4.369    0  0.000  0.545     0.00     0.00 -1 -9.27e-09      0.00 7.399e-01 2.561e-01 7.193e-04 1.940e-04 1.760e-03 -1.000 4.000e-03 -6.813 -2.657 -2.480 -2.340 -2.270 -2.270 -2.661 -3.569 -3.128 -2.771 -4.177 -2.270 -2.277 -3.513 -3.329
0.004 -0.58336 5.00000 23.9999980927 2.6313521862   23.936  4.919  4.5858  4.193    0  0.000  0.545     0.00     0.00 -1 -3.12e-08      0.00 7.399e-01 2.561e-01 7.193e-04 1.940e-04 1.760e-03 -1.000 4.000e-03 -7.528 -3.315 -3.155 -3.035 -2.948 -2.927 -3.312 -4.220 -3.805 -3.466 -4.917 -2.954 -2.933 -4.170 -4.006
0.004 -0.58336 5.00000 24.0000000000 2.6313521862   24.000  4.839  4.6058  4.355    0  0.000  0.545     0.00     0.00 -1 -2.29e-08      0.00 7.399e-01 2.561e-01 7.193e-04 1.940e-04 1.760e-03 -1.000 4.000e-03 -7.327 -2.956 -2.810 -2.695 -2.596 -2.575 -2.959 -3.867 -3.455 -3.096 -4.547 -2.602 -2.580 -3.818 -3.657
0.004 -0.58336 5.00000 27.9515151978 2.6318168640   27.928  5.000  4.6271  4.345    0  0.000  0.545     0.00     0.00 -1 -4.33e-08      0.00 7.399e-01 2.561e-01 7.193e-04 1.940e-04 1.760e-03 -1.000 4.000e-03 -7.729 -3.150 -3.027 -2.944 -2.839 -2.823 -3.212 -4.120 -3.716 -3.399 -4.824 -2.847 -2.829 -4.071 -3.914
0.004 -0.58336 5.00000 31.9030303955 2.6321518421   31.800  5.130  4.6421  4.331    0  0.000  0.545     0.00     0.00 -1 -6.97e-08      0.00 7.399e-01 2.561e-01 7.193e-04 1.940e-04 1.760e-03 -1.000 4.000e-03 -8.054 -3.341 -3.221 -3.142 -3.049 -3.032 -3.421 -4.329 -3.927 -3.628 -5.096 -3.056 -3.038 -4.280 -4.125
0.004 -0.58336 5.00000 33.8787879944 2.6322860718   33.784  5.190  4.6494  4.326    0  0.000  0.545     0.00     0.00 -1 -8.71e-08      0.00 7.399e-01 2.561e-01 7.193e-04 1.940e-04 1.760e-03 -1.000 4.000e-03 -8.205 -3.427 -3.308 -3.232 -3.144 -3.127 -3.516 -4.424 -4.022 -3.733 -5.222 -3.150 -3.133 -4.375 -4.220
0.004 -0.58336 5.00000 38.8181800842 2.6325540543   38.731  5.322  4.6664  4.321    0  0.000  0.545     0.00     0.00 -1 -1.41e-07      0.00 7.399e-01 2.561e-01 7.193e-04 1.940e-04 1.760e-03 -1.000 4.000e-03 -8.536 -3.709 -3.554 -3.457 -3.381 -3.360 -3.745 -4.654 -4.288 -4.115 -5.729 -3.387 -3.365 -4.610 -4.482
0.004 -0.58336 5.00000 43.7575759888 2.6327536106   43.686  5.433  4.6794  4.315    0  0.000  0.545     0.00     0.00 -1 -2.08e-07      0.00 7.399e-01 2.561e-01 7.193e-04 1.940e-04 1.760e-03 -1.000 4.000e-03 -8.813 -3.898 -3.747 -3.648 -3.564 -3.544 -3.929 -4.838 -4.469 -4.303 -5.921 -3.570 -3.549 -4.794 -4.663
0.004 -0.58336 5.00000 48.6969680786 2.6329073906   48.618  5.530  4.6909  4.310    0  0.000  0.545     0.00     0.00 -1 -2.88e-07      0.00 7.399e-01 2.561e-01 7.193e-04 1.940e-04 1.760e-03 -1.000 4.000e-03 -9.056 -4.054 -3.903 -3.806 -3.727 -3.706 -4.095 -5.003 -4.628 -4.467 -6.089 -3.733 -3.712 -4.958 -4.822
0.004 -0.58336 5.00000 53.6363601685 2.6330289841   53.531  5.615  4.7003  4.305    0  0.000  0.545     0.00     0.00 -1 -3.77e-07      0.00 7.399e-01 2.561e-01 7.193e-04 1.940e-04 1.760e-03 -1.000 4.000e-03 -9.267 -4.197 -4.049 -3.955 -3.877 -3.857 -4.246 -5.155 -4.779 -4.629 -6.264 -3.884 -3.863 -5.109 -4.973
0.004 -0.58336 5.00000 58.5757560730 2.6331272125   58.450  5.689  4.7073  4.297    0  0.000  0.545     0.00     0.00 -1 -4.79e-07      0.00 7.399e-01 2.561e-01 7.193e-04 1.940e-04 1.760e-03 -1.000 4.000e-03 -9.452 -4.347 -4.204 -4.112 -4.026 -4.006 -4.396 -5.305 -4.951 -4.838 -6.487 -4.034 -4.012 -5.263 -5.143
0.004 -0.58336 5.00000 63.5151481628 2.6332082748   63.408  5.756  4.7140  4.292    0  0.000  0.545     0.00     0.00 -1 -5.87e-07      0.00 7.399e-01 2.561e-01 7.193e-04 1.940e-04 1.760e-03 -1.000 4.000e-03 -9.620 -4.484 -4.341 -4.251 -4.160 -4.140 -4.531 -5.441 -5.107 -5.033 -6.698 -4.168 -4.146 -5.401 -5.296
0.004 -0.58336 5.00000 68.4545440674 2.6332759857   68.309  5.816  4.7179  4.280    0  0.000  0.545     0.00     0.00 -1 -7.08e-07      0.00 7.399e-01 2.561e-01 7.193e-04 1.940e-04 1.760e-03 -1.000 4.000e-03 -9.770 -4.623 -4.480 -4.391 -4.298 -4.278 -4.670 -5.580 -5.262 -5.224 -6.905 -4.306 -4.285 -5.542 -5.448
0.004 -0.58336 5.00000 73.3939361572 2.6333334446   73.122  5.871  4.7253  4.284    0  0.000  0.545     0.00     0.00 -1  -8.3e-07      0.00 7.399e-01 2.561e-01 7.193e-04 1.940e-04 1.760e-03 -1.000 4.000e-03 -9.908 -4.726 -4.581 -4.491 -4.397 -4.378 -4.772 -5.681 -5.384 -5.388 -7.085 -4.405 -4.385 -5.646 -5.567
0.004 -0.58336 5.00000 78.3333282471 2.6333823204   78.117  5.922  4.7299  4.280    0  0.000  0.545     0.00     0.00 -1 -9.68e-07      0.00 7.399e-01 2.561e-01 7.193e-04 1.940e-04 1.760e-03 -1.000 4.000e-03 -10.036 -4.839 -4.694 -4.609 -4.523 -4.508 -4.904 -5.814 -5.552 -5.612 -7.333 -4.530 -4.515 -5.785 -5.731
0.004 -0.58336 5.00000 93.1515121460 2.6334943771   92.987  6.053  4.7380  4.257    0  0.000  0.545     0.00     0.00 -1 -1.43e-06      0.00 7.399e-01 2.561e-01 7.193e-04 1.940e-04 1.760e-03 -1.000 4.000e-03 -10.364 -5.028 -4.891 -4.813 -4.778 -4.794 -5.205 -6.120 -6.077 -6.518 -8.425 -4.777 -4.804 -6.126 -6.228
0.004 -0.58336 5.00000 98.0909042358 2.6335232258   97.900  6.091  4.7415  4.255    0  0.000  0.545     0.00     0.00 -1 -1.59e-06      0.00 7.399e-01 2.561e-01 7.193e-04 1.940e-04 1.760e-03 -1.000 4.000e-03 -10.459 -5.104 -4.968 -4.891 -4.858 -4.876 -5.289 -6.204 -6.178 -6.636 -8.546 -4.857 -4.886 -6.213 -6.328
0.004 -0.58336 5.00000 103.0302963257 2.6335489750  102.605  6.125  4.7434  4.249    0  0.000  0.545     0.00     0.00 -1 -1.76e-06      0.00 7.399e-01 2.561e-01 7.193e-04 1.940e-04 1.760e-03 -1.000 4.000e-03 -10.544 -5.179 -5.043 -4.967 -4.936 -4.956 -5.370 -6.285 -6.270 -6.740 -8.652 -4.934 -4.966 -6.296 -6.418
0.004 -0.58336 5.00000 122.7878723145 2.6336188316  122.205  6.249  4.7505  4.230    0  0.000  0.545     0.00     0.00 -1 -2.54e-06      0.00 7.399e-01 2.561e-01 7.193e-04 1.940e-04 1.760e-03 -1.000 4.000e-03 -10.853 -5.451 -5.318 -5.246 -5.221 -5.246 -5.664 -6.579 -6.600 -7.116 -9.038 -5.218 -5.257 -6.596 -6.743
0.004 -0.58336 5.00000 152.4242401123 2.6336188316  151.660  6.395  4.7573  4.205    0  0.000  0.545     0.00     0.00 -1 -3.83e-06      0.00 7.399e-01 2.561e-01 7.193e-04 1.940e-04 1.760e-03 -1.000 4.000e-03 -11.218 -5.808 -5.683 -5.621 -5.616 -5.652 -6.074 -6.991 -7.066 -7.640 -9.581 -5.610 -5.664 -7.020 -7.205
0.004 -0.58336 5.00000 201.8181610107 2.6336188316  200.977  6.575  4.7640  4.174    0  0.000  0.545     0.00     0.00 -1 -6.33e-06      0.00 7.399e-01 2.561e-01 7.193e-04 1.940e-04 1.760e-03 -1.000 4.000e-03 -11.669 -6.277 -6.160 -6.108 -6.135 -6.189 -6.620 -7.539 -7.702 -8.366 -10.329 -6.125 -6.202 -7.587 -7.833
0.004 -0.58336 5.00000 251.2121124268 2.6336188316  250.133  6.709  4.7659  4.143    0  0.000  0.545     0.00     0.00 -1  -9.2e-06      0.00 7.399e-01 2.561e-01 7.193e-04 1.940e-04 1.760e-03 -1.000 4.000e-03 -12.003 -6.641 -6.527 -6.482 -6.528 -6.593 -7.030 -7.951 -8.168 -8.897 -10.879 -6.515 -6.607 -8.010 -8.294
0.004 -0.58336 5.00000 300.6060485840 2.6336188316  299.172  6.815  4.7664  4.117    0  0.000  0.545     0.00     0.00 -1 -1.25e-05      0.00 7.399e-01 2.561e-01 7.193e-04 1.940e-04 1.760e-03 -1.000 4.000e-03 -12.267 -6.851 -6.751 -6.723 -6.789 -6.866 -7.313 -8.236 -8.627 -9.615 -11.706 -6.774 -6.882 -8.322 -8.727
0.004 -0.58336 5.00000 350.0000000000 2.6336188316  270.363  7.018  4.5040  2.820    0  0.000  1.530     0.00     0.00 -1  -3.2e-05      0.00 3.561e-01 6.400e-01 1.103e-04 2.262e-03 2.217e-04 -1.000 3.911e-03 -12.775 -8.525 -8.411 -8.402 -8.405 -8.497 -8.531 -8.694 -9.941 -10.655 -11.521 -8.409 -8.497 -8.896 -9.671
0.004 -0.58336 5.00000 350.0008544922 2.6336188316  348.133  6.903  4.7557  4.052    0  0.000  0.545     0.00     0.00 -1 -9.85e-06      0.00 7.399e-01 2.561e-01 7.193e-04 1.940e-04 1.760e-03 -1.000 4.000e-03 -12.487 -7.141 -7.020 -6.961 -6.969 -7.012 -7.438 -8.356 -8.494 -9.244 -11.274 -6.962 -7.025 -8.394 -8.624
0.004 -0.58336 5.00000 350.0034179688 2.6336188316  346.469  6.907  4.7231  3.915    0  0.000  0.545     0.00     0.00 -1 -2.33e-06      0.00 7.399e-01 2.561e-01 7.193e-04 1.940e-04 1.760e-03 -1.000 4.000e-03 -12.497 -7.290 -7.153 -7.075 -7.033 -7.047 -7.460 -8.374 -8.363 -8.967 -10.966 -7.033 -7.057 -8.382 -8.508
0.004 -0.58336 5.00000 350.0048522949 2.6336188316  344.906  6.911  4.7022  3.826    0  0.000  0.545     0.00     0.00 -1 -1.09e-06      0.00 7.399e-01 2.561e-01 7.193e-04 1.940e-04 1.760e-03 -1.000 4.000e-03 -12.507 -7.414 -7.279 -7.205 -7.162 -7.177 -7.590 -8.503 -8.430 -8.939 -10.928 -7.161 -7.187 -8.502 -8.587
0.004 -0.58336 5.00000 350.0058593750 2.6336188316  343.383  6.914  4.6856  3.754    0  0.000  0.545     0.00     0.00 -1 -6.48e-07      0.00 7.399e-01 2.561e-01 7.193e-04 1.940e-04 1.760e-03 -1.000 4.000e-03 -12.515 -7.628 -7.489 -7.396 -7.303 -7.281 -7.672 -8.581 -8.261 -8.247 -9.994 -7.311 -7.287 -8.544 -8.449
0.004 -0.58336 5.00000 350.0066528320 2.6336188316  341.742  6.918  4.6713  3.691    0  0.000  0.067     0.00     0.00 -1 -4.21e-07      0.00 7.367e-01 2.593e-01 6.834e-05 1.668e-03 9.514e-04 -1.000 4.000e-03 -12.525 -7.719 -7.584 -7.493 -7.409 -7.392 -7.785 -8.695 -8.389 -8.357 -10.081 -7.416 -7.399 -8.660 -8.576
0.004 -0.58336 5.00000 350.0072937012 2.6336188316  340.121  6.922  4.6598  3.639    0  0.000  0.126     0.00     0.00 -1 -3.09e-07      0.00 7.311e-01 2.650e-01 7.748e-05 2.063e-03 4.869e-04 -1.000 3.907e-03 -12.534 -7.834 -7.709 -7.634 -7.586 -7.592 -7.998 -8.911 -8.762 -8.925 -10.708 -7.587 -7.601 -8.904 -8.930
0.004 -0.58336 5.00000 350.0078125000 2.6336188316  338.535  6.925  4.6491  3.591    0  0.000  0.235     0.00     0.00 -1 -2.38e-07      0.00 7.252e-01 2.709e-01 8.293e-05 2.213e-03 3.078e-04 -1.000 3.908e-03 -12.543 -7.965 -7.855 -7.800 -7.802 -7.841 -8.266 -9.184 -9.273 -9.742 -11.630 -7.795 -7.853 -9.220 -9.414
0.004 -0.58336 5.00000 350.0082702637 2.6336188316  336.910  6.929  4.6385  3.543    0  0.000  0.400     0.00     0.00 -1  -1.9e-07      0.00 7.195e-01 2.765e-01 8.680e-05 2.268e-03 2.398e-04 -1.000 3.908e-03 -12.552 -8.080 -7.968 -7.913 -7.915 -7.953 -8.378 -9.296 -9.405 -10.023 -12.000 -7.909 -7.966 -9.331 -9.540
0.004 -0.58336 5.00000 350.0086669922 2.6336188316  335.250  6.932  4.6284  3.497    0  0.000  0.652     0.00     0.00 -1 -1.57e-07      0.00 7.132e-01 2.829e-01 8.996e-05 2.292e-03 2.082e-04 -1.000 3.909e-03 -12.560 -8.174 -8.059 -7.998 -7.983 -8.007 -8.424 -9.340 -9.380 -10.046 -12.076 -7.981 -8.018 -9.357 -9.520
0.004 -0.58336 5.00000 350.0090332031 2.6336188316  333.539  6.936  4.6185  3.452    0  0.000  0.955     0.00     0.00 -1 -1.36e-07      0.00 7.055e-01 2.906e-01 9.263e-05 2.299e-03 1.960e-04 -1.000 3.909e-03 -12.569 -8.237 -8.118 -8.051 -8.018 -8.029 -8.438 -9.352 -9.306 -9.892 -11.902 -8.018 -8.038 -9.353 -9.454
0.004 -0.58336 5.00000 350.0093078613 2.6336188316  332.000  6.939  4.6091  3.409    0  0.000  1.129     0.00     0.00 -1  -1.2e-07      0.00 6.993e-01 2.968e-01 9.464e-05 2.298e-03 1.949e-04 -1.000 3.909e-03 -12.577 -8.288 -8.167 -8.097 -8.055 -8.060 -8.466 -9.379 -9.292 -9.805 -11.788 -8.057 -8.069 -9.373 -9.445
0.004 -0.58336 5.00000 350.0095825195 2.6336188316  330.426  6.942  4.5997  3.366    0  0.000  1.232     0.00     0.00 -1 -1.08e-07      0.00 6.927e-01 3.034e-01 9.648e-05 2.295e-03 1.967e-04 -1.000 3.910e-03 -12.585 -8.338 -8.214 -8.140 -8.091 -8.091 -8.494 -9.406 -9.285 -9.735 -11.695 -8.093 -8.099 -9.395 -9.442
0.004 -0.58336 5.00000 350.0097961426 2.6336188316  328.809  6.945  4.5900  3.322    0  0.000  1.283     0.00     0.00 -1 -9.78e-08      0.00 6.860e-01 3.101e-01 9.816e-05 2.290e-03 1.996e-04 -1.000 3.910e-03 -12.593 -8.521 -8.398 -8.316 -8.238 -8.225 -8.622 -9.533 -9.300 -9.510 -11.326 -8.244 -8.232 -9.506 -9.474
0.004 -0.58336 5.00000 350.0100402832 2.6336188316  327.160  6.948  4.5806  3.279    0  0.000  1.308     0.00     0.00 -1 -8.77e-08      0.00 6.784e-01 3.177e-01 9.972e-05 2.285e-03 2.029e-04 -1.000 3.910e-03 -12.601 -8.589 -8.457 -8.366 -8.274 -8.254 -8.647 -9.557 -9.272 -9.349 -11.112 -8.283 -8.261 -9.523 -9.454
0.004 -0.58336 5.00000 350.0102844238 2.6336188316  324.887  6.953  4.5662  3.214    0  0.000  1.321     0.00     0.00 -1 -7.95e-08      0.00 6.684e-01 3.277e-01 1.017e-04 2.280e-03 2.073e-04 -1.000 3.910e-03 -12.611 -8.660 -8.525 -8.434 -8.338 -8.313 -8.702 -9.611 -9.273 -9.198 -10.884 -8.347 -8.319 -9.571 -9.462
0.004 -0.58336 5.00000 350.0105285645 2.6336188316  322.746  6.957  4.5521  3.151    0  0.000  1.327     0.00     0.00 -1 -7.23e-08      0.00 6.580e-01 3.380e-01 1.033e-04 2.274e-03 2.112e-04 -1.000 3.911e-03 -12.621 -8.709 -8.578 -8.496 -8.405 -8.380 -8.768 -9.677 -9.301 -9.112 -10.727 -8.414 -8.386 -9.631 -9.494
0.004 -0.58336 5.00000 350.0107421875 2.6336188316  320.742  6.960  4.5374  3.085    0  0.000  1.330     0.00     0.00 -1 -6.57e-08      0.00 6.486e-01 3.475e-01 1.047e-04 2.270e-03 2.146e-04 -1.000 3.911e-03 -12.631 -8.814 -8.712 -8.685 -8.737 -8.852 -8.879 -9.081 -10.057 -12.578 -12.779 -8.729 -8.832 -9.336 -9.989
0.004 -0.58336 5.00000 350.0108947754 2.6336188316  318.820  6.964  4.5226  3.020    0  0.000  1.334     0.00     0.00 -1 -6.05e-08      0.00 6.386e-01 3.574e-01 1.060e-04 2.265e-03 2.176e-04 -1.000 4.000e-03 -12.640 -8.892 -8.791 -8.765 -8.822 -8.941 -8.969 -9.174 -10.164 -12.689 -12.890 -8.813 -8.920 -9.432 -10.095
0.004 -0.58336 5.00000 350.0110473633 2.6336188316  317.176  6.967  4.5077  2.955    0  0.000  1.337     0.00     0.00 -1 -5.56e-08      0.00 6.305e-01 3.656e-01 1.070e-04 2.263e-03 2.200e-04 -1.000 3.911e-03 -12.647 -8.968 -8.869 -8.845 -8.906 -9.030 -9.058 -9.266 -10.269 -12.799 -13.000 -8.896 -9.007 -9.527 -10.199
0.004 -0.58336 5.00000 350.0111389160 2.6336188316  316.164  6.969  4.4978  2.912    0  0.000  1.340     0.00     0.00 -1 -5.28e-08      0.00 6.246e-01 3.715e-01 1.076e-04 2.261e-03 2.215e-04 -1.000 3.911e-03 -12.653 -9.027 -8.931 -8.912 -8.980 -9.110 -9.140 -9.357 -10.377 -12.914 -13.120 -8.969 -9.086 -9.623 -10.307
0.004 -0.58336 5.00000 350.0111999512 2.6336188316  315.250  6.971  4.4877  2.869    0  0.000  1.341     0.00     0.00 -1 -5.05e-08      0.00 6.193e-01 3.768e-01 1.082e-04 2.259e-03 2.228e-04 -1.000 3.911e-03 -12.657 -9.115 -9.029 -9.030 -9.120 -9.270 -9.308 -9.558 -10.625 -13.184 -13.412 -9.105 -9.247 -9.835 -10.552
0.004 -0.58336 5.00000 350.0112915039 2.6336188316  314.438  6.973  4.4776  2.825    0  0.000  1.343     0.00     0.00 -1 -4.75e-08      0.00 6.148e-01 3.813e-01 1.087e-04 2.258e-03 2.239e-04 -1.000 3.911e-03 -12.662 -9.202 -9.126 -9.148 -9.260 -9.430 -9.475 -9.759 -10.873 -13.453 -13.705 -9.242 -9.406 -10.046 -10.797
0.004 -0.58336 5.00000 350.0113525391 2.6336188316  313.746  6.974  4.4671  2.781    0  0.000  1.345     0.00     0.00 -1  -4.5e-08      0.00 6.112e-01 3.849e-01 1.091e-04 2.256e-03 2.249e-04 -1.000 3.911e-03 -12.665 -9.290 -9.226 -9.268 -9.404 -9.594 -9.647 -9.964 -11.127 -13.730 -14.005 -9.381 -9.570 -10.264 -11.049
0.004 -0.58336 5.00000 350.0113830566 2.6336188316  313.156  6.976  4.4561  2.735    0  0.000  1.346     0.00     0.00 -1 -4.19e-08      0.00 6.086e-01 3.875e-01 1.095e-04 2.255e-03 2.258e-04 -1.000 3.911e-03 -12.669 -9.384 -9.331 -9.394 -9.555 -9.767 -9.828 -10.182 -11.396 -14.023 -14.322 -9.528 -9.743 -10.493 -11.315
0.004 -0.58336 5.00000 350.0114440918 2.6336188316  312.582  6.977  4.4455  2.690    0  0.000  1.347     0.00     0.00 -1  -3.9e-08      0.00 6.056e-01 3.905e-01 1.099e-04 2.254e-03 2.267e-04 -1.000 3.911e-03 -12.672 -9.437 -9.391 -9.466 -9.640 -9.864 -9.930 -10.303 -11.546 -14.186 -14.499 -9.611 -9.840 -10.621 -11.464
0.004 -0.58336 5.00000 350.0114746094 2.6336188316  312.055  6.978  4.4356  2.648    0  0.000  1.348     0.00     0.00 -1 -3.64e-08      0.00 6.020e-01 3.941e-01 1.102e-04 2.253e-03 2.275e-04 -1.000 3.912e-03 -12.676 -9.440 -9.394 -9.469 -9.643 -9.867 -9.933 -10.307 -11.549 -14.189 -14.502 -9.615 -9.843 -10.625 -11.467
0.004 -0.58336 5.00000 350.0115356445 2.6336188316  311.617  6.979  4.4253  2.605    0  0.000  1.349     0.00     0.00 -1 -3.34e-08      0.00 5.996e-01 3.965e-01 1.105e-04 2.252e-03 2.282e-04 -1.000 3.912e-03 -12.679 -8.429 -8.315 -8.306 -8.309 -8.401 -8.435 -8.598 -9.845 -10.559 -11.425 -8.313 -8.401 -8.799 -9.575
0.004 -0.58336 5.00000 350.0115661621 2.6336188316  311.215  6.981  4.4134  2.556    0  0.000  1.351     0.00     0.00 -1 -3.06e-08      0.00 5.975e-01 3.986e-01 1.108e-04 2.251e-03 2.289e-04 -1.000 3.912e-03 -12.681 -8.432 -8.318 -8.309 -8.312 -8.404 -8.438 -8.601 -9.848 -10.562 -11.428 -8.315 -8.404 -8.802 -9.577
0.004 -0.58336 5.00000 350.0115966797 2.6336188316  310.887  6.982  4.4029  2.513    0  0.000  1.351     0.00     0.00 -1 -2.88e-08      0.00 5.957e-01 4.004e-01 1.111e-04 2.250e-03 2.295e-04 -1.000 3.912e-03 -12.684 -8.434 -8.320 -8.311 -8.314 -8.407 -8.441 -8.604 -9.850 -10.564 -11.431 -8.318 -8.406 -8.805 -9.580
0.004 -0.58336 5.00000 350.0116577148 2.6336188316  310.574  6.983  4.3927  2.470    0  0.000  1.352     0.00     0.00 -1 -2.83e-08      0.00 5.935e-01 4.026e-01 1.113e-04 2.249e-03 2.301e-04 -1.000 3.912e-03 -12.686 -8.437 -8.323 -8.314 -8.317 -8.409 -8.443 -8.606 -9.853 -10.567 -11.433 -8.320 -8.409 -8.807 -9.582
0.004 -0.58336 5.00000 350.0116882324 2.6336188316  310.258  6.984  4.3817  2.425    0  0.000  1.353     0.00     0.00 -1 -2.83e-08      0.00 5.914e-01 4.047e-01 1.116e-04 2.248e-03 2.307e-04 -1.000 3.912e-03 -12.689 -8.439 -8.325 -8.316 -8.319 -8.412 -8.446 -8.609 -9.855 -10.569 -11.436 -8.323 -8.411 -8.810 -9.585
0.004 -0.58336 5.00000 350.0117187500 2.6336188316  309.723  6.985  4.3564  2.321    0  0.000  1.354     0.00     0.00 -1 -2.79e-08      0.00 5.885e-01 4.076e-01 1.120e-04 2.247e-03 2.317e-04 -1.000 3.912e-03 -12.693 -8.444 -8.329 -8.321 -8.324 -8.416 -8.450 -8.613 -9.860 -10.574 -11.440 -8.327 -8.416 -8.814 -9.589
0.004 -0.58336 5.00000 350.0117797852 2.6336188316  307.430  6.987  4.3538  2.306    0  0.000  1.361     0.00     0.00 -1 -2.77e-08      0.00 5.756e-01 4.204e-01 1.124e-04 2.246e-03 2.324e-04 -1.000 4.000e-03 -12.697 -8.447 -8.333 -8.324 -8.327 -8.420 -8.454 -8.617 -9.863 -10.577 -11.444 -8.331 -8.419 -8.818 -9.593
0.004 -0.58336 5.00000 350.0118713379 2.6336188316  302.766  6.990  4.3549  2.301    0  0.000  1.376     0.00     0.00 -1 -2.67e-08      0.00 5.483e-01 4.478e-01 1.132e-04 2.245e-03 2.339e-04 -1.000 3.912e-03 -12.704 -8.455 -8.340 -8.332 -8.335 -8.427 -8.461 -8.624 -9.870 -10.585 -11.451 -8.338 -8.426 -8.825 -9.600
0.004 -0.58336 5.00000 350.0119323730 2.6336188316  300.328  6.991  4.3585  2.310    0  0.000  1.385     0.00     0.00 -1 -1.37e-07      0.00 5.328e-01 4.633e-01 1.136e-04 2.243e-03 2.347e-04 -1.000 3.912e-03 -12.708 -8.459 -8.344 -8.336 -8.339 -8.431 -8.465 -8.628 -9.875 -10.589 -11.455 -8.342 -8.430 -8.829 -9.604
0.004 -0.58336 5.00000 350.0119934082 2.6336188316  297.422  6.993  4.3608  2.313    0  0.000  1.395     0.00     0.00 -1 -1.37e-07      0.00 5.161e-01 4.799e-01 1.141e-04 2.242e-03 2.356e-04 -1.000 4.000e-03 -12.713 -8.463 -8.349 -8.341 -8.343 -8.436 -8.470 -8.633 -9.879 -10.593 -11.460 -8.347 -8.435 -8.834 -9.609
0.004 -0.58336 5.00000 350.0120239258 2.6336188316  295.691  6.995  4.3623  2.315    0  0.000  1.402     0.00     0.00 -1 -1.37e-07      0.00 5.057e-01 4.904e-01 1.145e-04 2.242e-03 2.362e-04 -1.000 3.912e-03 -12.716 -8.467 -8.353 -8.344 -8.347 -8.439 -8.473 -8.636 -9.883 -10.597 -11.463 -8.350 -8.439 -8.837 -9.612
0.004 -0.58336 5.00000 350.0120544434 2.6336188316  294.379  6.996  4.3620  2.311    0  0.000  1.407     0.00     0.00 -1 -1.35e-07      0.00 4.982e-01 4.978e-01 1.147e-04 2.241e-03 2.367e-04 -1.000 3.912e-03 -12.719 -8.469 -8.355 -8.346 -8.349 -8.442 -8.476 -8.639 -9.885 -10.599 -11.466 -8.353 -8.441 -8.840 -9.615
0.004 -0.58336 5.00000 350.0120849609 2.6336188316  292.551  6.997  4.3588  2.294    0  0.000  1.413     0.00     0.00 -1 -2.45e-08      0.00 4.882e-01 5.079e-01 1.151e-04 2.240e-03 2.373e-04 -1.000 3.912e-03 -12.722 -8.473 -8.359 -8.350 -8.353 -8.445 -8.479 -8.642 -9.889 -10.603 -11.469 -8.356 -8.445 -8.843 -9.618
0.004 -0.58336 5.00000 350.0121154785 2.6336188316  291.211  6.998  4.3609  2.300    0  0.000  1.419     0.00     0.00 -1 -2.46e-08      0.00 4.801e-01 5.159e-01 1.153e-04 2.240e-03 2.378e-04 -1.000 4.000e-03 -12.725 -8.475 -8.361 -8.352 -8.355 -8.448 -8.482 -8.645 -9.891 -10.605 -11.472 -8.359 -8.447 -8.846 -9.621
0.004 -0.58336 5.00000 350.0121459961 2.6336188316  290.258  6.999  4.3591  2.290    0  0.000  1.423     0.00     0.00 -1 -2.42e-08      0.00 4.746e-01 5.215e-01 1.155e-04 2.239e-03 2.381e-04 -1.000 3.912e-03 -12.727 -8.477 -8.363 -8.354 -8.357 -8.450 -8.484 -8.647 -9.893 -10.607 -11.474 -8.361 -8.449 -8.848 -9.623
0.004 -0.58336 5.00000 350.0121765137 2.6336188316  288.852  7.000  4.3608  2.294    0  0.000  1.429     0.00     0.00 -1 -2.38e-08      0.00 4.656e-01 5.304e-01 1.158e-04 2.238e-03 2.386e-04 -1.000 3.912e-03 -12.730 -8.480 -8.366 -8.357 -8.360 -8.453 -8.487 -8.650 -9.896 -10.610 -11.477 -8.364 -8.452 -8.851 -9.626
0.004 -0.58336 5.00000 350.0122375488 2.6336188316  284.793  7.003  4.3677  2.313    0  0.000  1.446     0.00     0.00 -1 -1.33e-07      0.00 4.419e-01 5.542e-01 1.164e-04 2.238e-03 2.396e-04 -1.000 3.912e-03 -12.737 -8.487 -8.373 -8.364 -8.367 -8.460 -8.494 -8.657 -9.903 -10.617 -11.484 -8.371 -8.459 -8.858 -9.633
0.004 -0.58336 5.00000 350.0122680664 2.6336188316  284.367  7.003  4.3671  2.309    0  0.000  1.449     0.00     0.00 -1 -1.32e-07      0.00 4.390e-01 5.571e-01 1.165e-04 2.238e-03 2.397e-04 -1.000 3.912e-03 -12.738 -8.488 -8.374 -8.365 -8.368 -8.461 -8.495 -8.658 -9.904 -10.618 -11.485 -8.372 -8.460 -8.859 -9.634
0.004 -0.58336 5.00000 350.0122985840 2.6336188316  281.230  7.006  4.3703  2.314    0  0.000  1.464     0.00     0.00 -1 -1.33e-07      0.00 4.199e-01 5.761e-01 1.171e-04 2.236e-03 2.406e-04 -1.000 3.912e-03 -12.744 -8.495 -8.380 -8.372 -8.375 -8.467 -8.501 -8.664 -9.911 -10.625 -11.491 -8.378 -8.467 -8.865 -9.640
0.004 -0.58336 5.00000 350.0123291016 2.6336188316  279.988  7.007  4.3722  2.319    0  0.000  1.470     0.00     0.00 -1 -1.31e-07      0.00 4.122e-01 5.838e-01 1.173e-04 2.236e-03 2.409e-04 -1.000 4.000e-03 -12.747 -8.497 -8.383 -8.374 -8.377 -8.470 -8.504 -8.667 -9.913 -10.627 -11.494 -8.381 -8.469 -8.868 -9.643
0.004 -0.58336 5.00000 350.0123596191 2.6336188316  278.406  7.008  4.3647  2.285    0  0.000  1.478     0.00     0.00 -1 -1.31e-07      0.00 4.031e-01 5.929e-01 1.176e-04 2.235e-03 2.415e-04 -1.000 4.000e-03 -12.751 -8.501 -8.387 -8.378 -8.381 -8.474 -8.508 -8.671 -9.917 -10.631 -11.498 -8.385 -8.473 -8.872 -9.647
0.004 -0.58336 5.00000 350.0123901367 2.6336188316  277.059  7.010  4.3654  2.284    0  0.000  1.486     0.00     0.00 -1 -1.33e-07      0.00 3.940e-01 6.021e-01 1.179e-04 2.234e-03 2.419e-04 -1.000 3.912e-03 -12.755 -8.505 -8.391 -8.382 -8.385 -8.478 -8.512 -8.675 -9.921 -10.635 -11.501 -8.389 -8.477 -8.876 -9.651
0.004 -0.58336 5.00000 350.0124206543 2.6336188316  275.109  7.011  4.3759  2.322    0  0.000  1.496     0.00     0.00 -1 -2.23e-08      0.00 3.828e-01 6.133e-01 1.182e-04 2.234e-03 2.423e-04 -1.000 3.912e-03 -12.758 -8.509 -8.395 -8.386 -8.389 -8.481 -8.515 -8.678 -9.925 -10.639 -11.505 -8.392 -8.481 -8.879 -9.654
0.004 -0.58336 5.00000 350.0124511719 2.6336188316  273.488  7.013  4.3708  2.297    0  0.000  1.504     0.00     0.00 -1 -2.23e-08      0.00 3.744e-01 6.216e-01 1.185e-04 2.234e-03 2.428e-04 -1.000 4.000e-03 -12.763 -8.513 -8.399 -8.390 -8.393 -8.485 -8.519 -8.682 -9.929 -10.643 -11.509 -8.397 -8.485 -8.883 -9.659
0.004 -0.58336 5.00000 350.0124816895 2.6336188316  271.930  7.015  4.3693  2.287    0  0.000  1.512     0.00     0.00 -1 -1.31e-07      0.00 3.657e-01 6.304e-01 1.188e-04 2.233e-03 2.433e-04 -1.000 3.913e-03 -12.767 -8.517 -8.403 -8.394 -8.397 -8.490 -8.524 -8.687 -9.933 -10.647 -11.514 -8.401 -8.489 -8.888 -9.663
0.004 -0.58336 5.00000 350.0125122070 2.6336188316  271.277  7.016  4.3822  2.336    0  0.000  1.518     0.00     0.00 -1 -2.21e-08      0.00 3.596e-01 6.365e-01 1.189e-04 2.233e-03 2.435e-04 -1.000 3.913e-03 -12.770 -8.520 -8.406 -8.397 -8.400 -8.492 -8.526 -8.689 -9.936 -10.650 -11.516 -8.404 -8.492 -8.890 -9.666
0.004 -0.58336 5.00000 350.0125427246 2.6336188316  267.051  7.019  4.4379  2.549    0  0.000  1.547     0.00     0.00 -1 -2.24e-07      0.00 3.333e-01 6.627e-01 1.195e-04 2.232e-03 2.439e-04 -1.000 4.000e-03 -12.778 -8.529 -8.414 -8.406 -8.409 -8.501 -8.535 -8.698 -9.945 -10.659 -11.525 -8.412 -8.501 -8.899 -9.674
0.004 -0.58336 5.00000 350.0125732422 2.6336188316  255.924  7.049  4.4535  2.563    0  0.000  1.628     0.00     0.00 -1 -2.78e-07      0.00 2.677e-01 7.284e-01 1.204e-04 2.232e-03 2.439e-04 -1.000 3.913e-03 -12.854 -8.604 -8.490 -8.481 -8.484 -8.576 -8.610 -8.773 -10.020 -10.734 -11.600 -8.488 -8.576 -8.975 -9.750
0.004 -0.58336 5.00000 350.0126037598 2.6336188316  240.107  7.056  4.8286  4.029    0  0.000  1.178     0.00     0.00 -1 -3.41e-07      0.00 1.720e-01 8.241e-01 1.109e-04 2.248e-03 2.432e-04 -1.000 3.965e-03 -12.869 -6.931 -6.806 -6.767 -6.779 -6.867 -6.902 -7.059 -8.390 -9.299 -10.289 -6.785 -6.867 -7.252 -8.118
0.004 -0.58336 5.00000 350.0126342773 2.6336188316  229.102  7.047  4.9709  4.586    0  0.000  1.620     0.00     0.00 -1 -3.71e-07      0.00 9.920e-02 8.969e-01 1.166e-04 2.243e-03 2.418e-04 -1.000 3.948e-03 -12.848 -5.860 -5.744 -5.713 -5.782 -5.902 -5.969 -6.188 -7.703 -8.758 -9.804 -5.782 -5.905 -6.454 -7.429
0.004 -0.58336 5.00000 350.0126647949 2.6336188316  219.291  7.026  4.9732  4.598    0  0.000 11.396     0.00     0.00 -1 -2.39e-07      0.00 9.374e-02 7.048e-01 1.780e-01 2.457e-05 1.851e-02 11.164 2.015e-01 -12.796 -5.784 -5.651 -5.589 -5.607 -5.667 -5.728 -5.849 -7.119 -8.030 -9.025 -5.604 -5.670 -6.004 -6.847
0.004 -0.58336 5.00000 350.0127258301 2.6336188316  205.740  6.999  4.9669  4.572    0  0.000  6.396     0.00     0.00 -1 -1.64e-07      0.00 9.415e-02 6.003e-01 2.536e-01 2.468e-05 4.686e-02 11.286 3.055e-01 -12.727 -5.763 -5.631 -5.569 -5.587 -5.648 -5.709 -5.831 -7.105 -8.019 -9.015 -5.585 -5.651 -5.989 -6.833
0.004 -0.58336 5.00000 350.0127868652 2.6336188316  193.314  6.974  4.9592  4.539    0  0.000  3.258     0.00     0.00 -1 -1.14e-07      0.00 9.473e-02 4.539e-01 3.267e-01 2.483e-05 1.193e-01 11.319 4.513e-01 -12.665 -5.759 -5.627 -5.565 -5.584 -5.645 -5.706 -5.830 -7.110 -8.026 -9.024 -5.582 -5.648 -5.990 -6.837
0.004 -0.58336 5.00000 350.0128784180 2.6336188316  178.957  6.943  4.9540  4.516    0  0.000  1.380     0.00     0.00 -1 -1.52e-07      0.00 9.534e-02 2.753e-01 3.305e-01 2.499e-05 2.932e-01 10.985 6.294e-01 -12.587 -5.721 -5.589 -5.527 -5.545 -5.608 -5.669 -5.794 -7.077 -7.995 -8.995 -5.544 -5.611 -5.956 -6.804
0.004 -0.58336 5.00000 350.0129394531 2.6336188316  165.514  6.910  4.9563  4.524    0  0.000  0.734     0.00     0.00 -1 -1.72e-07      0.00 9.575e-02 1.751e-01 2.627e-01 2.510e-05 4.596e-01 -1.000 7.291e-01 -12.505 -5.622 -5.489 -5.427 -5.446 -5.508 -5.569 -5.694 -6.975 -7.892 -8.892 -5.444 -5.511 -5.855 -6.703
0.004 -0.58336 5.00000 350.0129699707 2.6336188316  156.127  6.885  4.9622  4.547    0  0.000  0.472     0.00     0.00 -1 -1.79e-07      0.00 9.600e-02 1.241e-01 1.980e-01 2.517e-05 5.728e-01 -1.000 7.799e-01 -12.444 -5.515 -5.382 -5.320 -5.339 -5.400 -5.461 -5.584 -6.862 -7.777 -8.775 -5.337 -5.403 -5.743 -6.589
0.004 -0.58336 5.00000 350.0130004883 2.6336188316  148.762  6.865  4.9693  4.575    0  0.000  0.324     0.00     0.00 -1 -1.84e-07      0.00 9.619e-02 9.124e-02 1.429e-01 2.522e-05 6.540e-01 -1.000 8.126e-01 -12.393 -5.410 -5.278 -5.215 -5.233 -5.294 -5.355 -5.477 -6.749 -7.662 -8.658 -5.231 -5.297 -5.634 -6.477
0.004 -0.58336 5.00000 350.0130310059 2.6336188316  137.469  6.886  4.3872  2.190    0  0.000  0.186     0.00     0.00 -1 -3.28e-07      0.00 9.644e-02 5.017e-02 7.157e-02 2.528e-05 7.207e-01 -1.000 8.534e-01 -12.446 -7.948 -7.838 -7.935 -7.876 -7.989 -8.037 -8.218 -9.442 -10.121 -11.042 -7.878 -7.989 -8.418 -9.171
#isochrone terminated
