# File generated by CMD 3.3 (http://stev.oapd.inaf.it/cmd) on Tue Apr 21 15:00:51 CEST 2020
# isochrones based on PARSEC release v1.2S +  COLIBRI S_35
# Basic references: Bressan et al. (2012), MNRAS, 427, 127 + Chen et al. (2014, 2015), MNRAS, 444, 2525 + MNRAS, 452, 1068 + Tang et al. (2014), MNRAS, 445, 4287 + Marigo et al. (2017), ApJ, 835, 77 + Pastorelli al. (2019), MNRAS in press
# Thermal pulse cycles included 
# On RGB, assumed Reimers mass loss with efficiency eta=0.2
# Photometric system:  2MASS + Spitzer (IRAC+MIPS) + WISE
# Using YBC version of bolometric corrections as in Chen et al. (2019)
# O-rich circumstellar dpmod60alox40 dust from Groenewegen (2006)
# C-rich circumstellar AMCSIC15 dust from Groenewegen (2006)
# IMF: Kroupa (2001, 2002) + Kroupa et al. (2013) canonical two-part-power law IMF corrected for unresolved binaries 
# Kind of output: isochrone tables
# Zini     MH   logAge Mini        int_IMF         Mass   logL    logTe  logg  label   McoreTP C_O  period0 period1 pmode  Mloss  tau1m   X   Y   Xc  Xn  Xo  Cexcess  Z 	 mbolmag  Jmag    Hmag    Ksmag   IRAC_3.6mag  IRAC_4.5mag  IRAC_5.8mag  IRAC_8.0mag  MIPS_24mag  MIPS_70mag  MIPS_160mag  W1mag   W2mag   W3mag   W4mag
0.01 -0.17553 10.00000 0.0900000036 1.0816895962    0.090 -3.387  3.3785  5.246    1  0.000  0.545     0.00     0.00 -1  -4.1e-17      0.00 7.217e-01 2.683e-01 1.798e-03 4.851e-04 4.400e-03 -1.000 1.000e-02 13.238 11.089 10.529 10.290 9.804 9.749 9.695 9.592 8.958 8.934 8.877 9.976 9.764 9.516 9.148
0.01 -0.17553 10.00000 0.0938181132 1.1172884703    0.094 -3.310  3.3897  5.231    1  0.000  0.545     0.00     0.00 -1 -4.87e-17      0.00 7.215e-01 2.685e-01 1.798e-03 4.851e-04 4.400e-03 -1.000 1.000e-02 13.046 10.897 10.338 10.097 9.612 9.556 9.502 9.399 8.765 8.742 8.685 9.784 9.571 9.324 8.955
0.01 -0.17553 10.00000 0.1000000015 1.1711064577    0.100 -3.193  3.4068  5.210    1  0.000  0.545     0.00     0.00 -1 -6.34e-17      0.00 7.212e-01 2.688e-01 1.798e-03 4.851e-04 4.400e-03 -1.000 1.000e-02 12.752 10.604 10.044 9.801 9.318 9.260 9.206 9.103 8.469 8.446 8.390 9.489 9.274 9.028 8.659
0.01 -0.17553 10.00000 0.1200000048 1.3193155527    0.120 -2.926  3.4410  5.158    1  0.000  0.545     0.00     0.00 -1 -1.14e-16      0.00 7.202e-01 2.698e-01 1.798e-03 4.851e-04 4.400e-03 -1.000 1.000e-02 12.084 9.999 9.430 9.175 8.747 8.670 8.621 8.540 7.933 7.911 7.889 8.897 8.681 8.483 8.123
0.01 -0.17553 10.00000 0.1400000006 1.4384527206    0.140 -2.744  3.4599  5.120    1  0.000  0.545     0.00     0.00 -1 -1.67e-16      0.00 7.194e-01 2.706e-01 1.798e-03 4.851e-04 4.400e-03 -1.000 1.000e-02 11.631 9.596 9.021 8.764 8.375 8.286 8.240 8.172 7.584 7.565 7.578 8.509 8.295 8.131 7.773
0.01 -0.17553 10.00000 0.1549638361 1.5139793158    0.155 -2.636  3.4702  5.097    1  0.000  0.545     0.00     0.00 -1 -2.09e-16      0.00 7.188e-01 2.712e-01 1.798e-03 4.851e-04 4.400e-03 -1.000 1.000e-02 11.359 9.351 8.774 8.519 8.149 8.056 8.012 7.950 7.371 7.356 7.387 8.275 8.064 7.917 7.561
0.01 -0.17553 10.00000 0.1599999964 1.5372931957    0.160 -2.601  3.4735  5.090    1  0.000  0.545     0.00     0.00 -1 -2.25e-16      0.00 7.186e-01 2.714e-01 1.798e-03 4.851e-04 4.400e-03 -1.000 1.000e-02 11.274 9.274 8.696 8.442 8.078 7.984 7.940 7.880 7.304 7.291 7.327 8.202 7.992 7.850 7.494
0.01 -0.17553 10.00000 0.1710740924 1.5853601694    0.171 -2.535  3.4791  5.075    1  0.000  0.545     0.00     0.00 -1 -2.58e-16      0.00 7.182e-01 2.718e-01 1.798e-03 4.851e-04 4.400e-03 -1.000 1.000e-02 11.107 9.122 8.543 8.291 7.937 7.842 7.798 7.741 7.170 7.159 7.205 8.057 7.849 7.715 7.360
0.01 -0.17553 10.00000 0.2000000030 1.6938791275    0.200 -2.380  3.4923  5.040    1  0.000  0.545     0.00     0.00 -1 -3.54e-16      0.00 7.174e-01 2.726e-01 1.798e-03 4.851e-04 4.400e-03 -1.000 1.000e-02 10.720 8.771 8.190 7.942 7.611 7.511 7.467 7.414 6.852 6.853 6.925 7.719 7.516 7.399 7.042
0.01 -0.17553 10.00000 0.2500000000 1.8403258324    0.250 -2.171  3.5067  4.986    1  0.000  0.545     0.00     0.00 -1 -1.56e-16      0.00 7.166e-01 2.734e-01 1.798e-03 4.851e-04 4.400e-03 -1.000 1.000e-02 10.198 8.286 7.702 7.461 7.156 7.058 7.014 6.968 6.417 6.429 6.520 7.255 7.062 6.962 6.607
0.01 -0.17553 10.00000 0.3000000119 1.9529139996    0.300 -2.005  3.5172  4.940    1  0.000  0.545     0.00     0.00 -1 -7.67e-16      0.00 7.162e-01 2.738e-01 1.798e-03 4.851e-04 4.400e-03 -1.000 1.000e-02 9.782 7.897 7.309 7.074 6.788 6.692 6.649 6.605 6.062 6.085 6.188 6.879 6.696 6.605 6.252
0.01 -0.17553 10.00000 0.3500000238 2.0434176922    0.350 -1.859  3.5259  4.896    1  0.000  0.545     0.00     0.00 -1 -1.05e-15      0.00 7.227e-01 2.673e-01 1.798e-03 4.851e-04 4.400e-03 -1.000 1.000e-02 9.416 7.554 6.961 6.731 6.461 6.370 6.327 6.285 5.750 5.783 5.893 6.547 6.374 6.291 5.940
0.01 -0.17553 10.00000 0.4000000358 2.1185026169    0.400 -1.710  3.5370  4.850    1  0.000  0.545     0.00     0.00 -1 -1.46e-15      0.00 7.229e-01 2.671e-01 1.798e-03 4.851e-04 4.400e-03 -1.000 1.000e-02 9.045 7.211 6.611 6.386 6.137 6.057 6.014 5.974 5.451 5.495 5.612 6.217 6.060 5.987 5.640
0.01 -0.17553 10.00000 0.4500000179 2.1822810173    0.450 -1.552  3.5505  4.797    1  0.000  0.545     0.00     0.00 -1  -2.1e-15      0.00 7.229e-01 2.671e-01 1.798e-03 4.851e-04 4.400e-03 -1.000 1.000e-02 8.650 6.851 6.242 6.023 5.798 5.733 5.688 5.651 5.143 5.202 5.324 5.868 5.736 5.671 5.332
0.01 -0.17553 10.00000 0.5000000000 2.2374541759    0.500 -1.383  3.5680  4.743    1  0.000  0.545     0.00     0.00 -1 -3.13e-15      0.00 7.230e-01 2.670e-01 1.798e-03 4.851e-04 4.400e-03 -1.000 1.000e-02 8.226 6.477 5.856 5.645 5.447 5.406 5.358 5.316 4.831 4.912 5.037 5.503 5.409 5.348 5.020
0.01 -0.17553 10.00000 0.5500000119 2.2836582661    0.550 -1.194  3.5906  4.687    1  0.000  0.544     0.00     0.00 -1 -4.91e-15      0.00 7.470e-01 2.438e-01 1.652e-03 4.461e-04 4.046e-03 -1.000 9.198e-03 7.756 6.070 5.428 5.240 5.080 5.071 5.021 4.971 4.514 4.619 4.743 5.117 5.073 5.014 4.703
0.01 -0.17553 10.00000 0.6000000238 2.3211214542    0.600 -1.011  3.6185  4.653    1  0.000  0.544     0.00     0.00 -1 -7.45e-15      0.00 7.506e-01 2.404e-01 1.633e-03 4.407e-04 3.999e-03 -1.000 9.065e-03 7.298 5.678 5.017 4.872 4.770 4.794 4.752 4.699 4.270 4.393 4.518 4.790 4.798 4.753 4.459
0.01 -0.17553 10.00000 0.6499999762 2.3520355225    0.650 -0.825  3.6515  4.634    1  0.000  0.544     0.00     0.00 -1 -1.12e-14      0.00 7.538e-01 2.372e-01 1.614e-03 4.359e-04 3.956e-03 -1.000 9.019e-03 6.832 5.296 4.673 4.569 4.522 4.570 4.541 4.494 4.083 4.218 4.346 4.529 4.574 4.556 4.272
0.01 -0.17553 10.00000 0.6661058664 2.3608641624    0.666 -0.766  3.6617  4.626    1  0.000  0.544     0.00     0.00 -1 -1.28e-14      0.00 7.549e-01 2.361e-01 1.608e-03 4.343e-04 3.942e-03 -1.000 8.995e-03 6.685 5.179 4.584 4.489 4.448 4.495 4.470 4.427 4.015 4.152 4.282 4.453 4.500 4.488 4.204
0.01 -0.17553 10.00000 0.7000000477 2.3779268265    0.700 -0.646  3.6823  4.610    1  0.000  0.544     0.00     0.00 -1 -1.68e-14      0.00 7.572e-01 2.339e-01 1.595e-03 4.309e-04 3.911e-03 -1.000 8.900e-03 6.384 4.942 4.413 4.330 4.295 4.336 4.316 4.279 3.868 4.008 4.139 4.298 4.340 4.340 4.057
0.01 -0.17553 10.00000 0.7089750171 2.3821320534    0.709 -0.614  3.6875  4.604    1  0.000  0.542     0.00     0.00 -1 -1.81e-14      0.00 7.581e-01 2.331e-01 1.587e-03 4.296e-04 3.901e-03 -1.000 8.833e-03 6.305 4.879 4.366 4.285 4.251 4.291 4.272 4.237 3.827 3.967 4.099 4.254 4.295 4.298 4.015
0.01 -0.17553 10.00000 0.7217117548 2.3878936768    0.722 -0.569  3.6946  4.596    1  0.000  0.540     0.00     0.00 -1 -2.01e-14      0.00 7.591e-01 2.320e-01 1.575e-03 4.278e-04 3.886e-03 -1.000 8.850e-03 6.193 4.791 4.300 4.223 4.190 4.228 4.211 4.177 3.767 3.909 4.040 4.193 4.232 4.239 3.956
0.01 -0.17553 10.00000 0.7339320779 2.3932061195    0.734 -0.526  3.7014  4.587    1  0.000  0.539     0.00     0.00 -1 -2.22e-14      0.00 7.601e-01 2.310e-01 1.564e-03 4.262e-04 3.873e-03 -1.000 8.824e-03 6.085 4.708 4.236 4.163 4.132 4.167 4.151 4.119 3.710 3.851 3.983 4.134 4.171 4.181 3.898
0.01 -0.17553 10.00000 0.7456690073 2.3981201649    0.746 -0.485  3.7078  4.579    1  0.000  0.537     0.00     0.00 -1 -2.44e-14      0.00 7.611e-01 2.301e-01 1.554e-03 4.246e-04 3.860e-03 -1.000 8.788e-03 5.982 4.627 4.175 4.104 4.074 4.108 4.094 4.063 3.654 3.796 3.928 4.076 4.112 4.125 3.843
0.01 -0.17553 10.00000 0.7500000000 2.3998889923    0.750 -0.470  3.7101  4.575    1  0.000  0.536     0.00     0.00 -1 -2.53e-14      0.00 7.615e-01 2.298e-01 1.551e-03 4.240e-04 3.855e-03 -1.000 8.726e-03 5.944 4.598 4.152 4.083 4.053 4.086 4.072 4.043 3.634 3.776 3.908 4.055 4.090 4.105 3.822
0.01 -0.17553 10.00000 0.7545966506 2.4017407894    0.754 -0.454  3.7124  4.571    1  0.000  0.536     0.00     0.00 -1 -2.63e-14      0.00 7.620e-01 2.293e-01 1.548e-03 4.233e-04 3.849e-03 -1.000 8.713e-03 5.904 4.567 4.127 4.058 4.029 4.062 4.048 4.019 3.610 3.752 3.885 4.031 4.065 4.081 3.799
0.01 -0.17553 10.00000 0.7705121040 2.4079563618    0.770 -0.398  3.7200  4.555    1  0.000  0.536     0.00     0.00 -1 -3.01e-14      0.00 7.636e-01 2.277e-01 1.539e-03 4.207e-04 3.826e-03 -1.000 8.666e-03 5.766 4.456 4.038 3.973 3.946 3.977 3.964 3.937 3.528 3.670 3.803 3.948 3.980 3.999 3.717
0.01 -0.17553 10.00000 0.7857629657 2.4136416912    0.785 -0.345  3.7270  4.538    1  0.000  0.536     0.00     0.00 -1 -3.44e-14      0.00 7.653e-01 2.261e-01 1.529e-03 4.182e-04 3.804e-03 -1.000 8.652e-03 5.632 4.350 3.951 3.889 3.862 3.891 3.879 3.853 3.445 3.588 3.721 3.864 3.894 3.916 3.634
0.01 -0.17553 10.00000 0.7978261113 2.4179618359    0.797 -0.303  3.7325  4.524    1  0.000  0.536     0.00     0.00 -1 -3.82e-14      0.00 7.666e-01 2.248e-01 1.522e-03 4.163e-04 3.787e-03 -1.000 8.599e-03 5.527 4.266 3.881 3.821 3.796 3.823 3.812 3.788 3.379 3.522 3.655 3.797 3.826 3.850 3.568
0.01 -0.17553 10.00000 0.7999045849 2.4186911583    0.799 -0.295  3.7334  4.521    1  0.000  0.536     0.00     0.00 -1  -3.9e-14      0.00 7.668e-01 2.246e-01 1.520e-03 4.159e-04 3.783e-03 -1.000 8.593e-03 5.508 4.251 3.869 3.809 3.784 3.811 3.800 3.776 3.368 3.511 3.644 3.785 3.814 3.838 3.556
0.01 -0.17553 10.00000 0.8127758503 2.4231119156    0.812 -0.250  3.7387  4.504    1  0.000  0.536     0.00     0.00 -1 -4.38e-14      0.00 7.685e-01 2.229e-01 1.511e-03 4.134e-04 3.761e-03 -1.000 8.557e-03 5.394 4.159 3.791 3.733 3.710 3.736 3.726 3.703 3.295 3.438 3.572 3.711 3.738 3.766 3.484
0.01 -0.17553 10.00000 0.8248143792 2.4271032810    0.824 -0.207  3.7435  4.487    1  0.000  0.536     0.00     0.00 -1  -4.9e-14      0.00 7.701e-01 2.214e-01 1.502e-03 4.110e-04 3.740e-03 -1.000 8.525e-03 5.286 4.073 3.716 3.661 3.639 3.663 3.654 3.632 3.220 3.371 3.501 3.640 3.666 3.674 3.409
0.01 -0.17553 10.00000 0.8364520669 2.4308364391    0.836 -0.164  3.7480  4.468    1  0.000  0.536     0.00     0.00 -1 -5.47e-14      0.00 7.716e-01 2.199e-01 1.494e-03 4.088e-04 3.719e-03 -1.000 8.476e-03 5.181 3.988 3.641 3.589 3.568 3.591 3.581 3.561 3.143 3.305 3.431 3.569 3.593 3.574 3.331
0.01 -0.17553 10.00000 0.8456522226 2.4337043762    0.845 -0.131  3.7514  4.453    1  0.000  0.536     0.00     0.00 -1 -5.98e-14      0.00 7.728e-01 2.188e-01 1.487e-03 4.069e-04 3.703e-03 -1.000 8.423e-03 5.096 3.918 3.580 3.529 3.509 3.531 3.521 3.503 3.080 3.250 3.372 3.511 3.533 3.493 3.268
0.01 -0.17553 10.00000 0.8549692035 2.4365363121    0.854 -0.096  3.7546  4.436    1  0.000  0.535     0.00     0.00 -1 -6.58e-14      0.00 7.743e-01 2.173e-01 1.479e-03 4.047e-04 3.682e-03 -1.000 8.390e-03 5.009 3.845 3.514 3.465 3.446 3.466 3.457 3.439 3.012 3.191 3.309 3.447 3.468 3.408 3.200
0.01 -0.17553 10.00000 0.8670587540 2.4401068687    0.866 -0.049  3.7585  4.411    1  0.000  0.535     0.00     0.00 -1 -7.48e-14      0.00 7.763e-01 2.154e-01 1.467e-03 4.017e-04 3.656e-03 -1.000 8.308e-03 4.893 3.747 3.425 3.377 3.359 3.377 3.369 3.352 2.920 3.109 3.223 3.360 3.379 3.296 3.108
0.01 -0.17553 10.00000 0.8782668114 2.4433164597    0.877 -0.005  3.7620  4.386    1  0.000  0.535     0.00     0.00 -1 -8.46e-14      0.00 7.781e-01 2.136e-01 1.457e-03 3.989e-04 3.631e-03 -1.000 8.258e-03 4.783 3.653 3.339 3.293 3.275 3.292 3.284 3.269 2.833 3.029 3.140 3.276 3.294 3.190 3.020
0.01 -0.17553 10.00000 0.8888061047 2.4462497234    0.887  0.038  3.7649  4.360    1  0.000  0.535     0.00     0.00 -1 -9.55e-14      0.00 7.799e-01 2.119e-01 1.447e-03 3.963e-04 3.607e-03 -1.000 8.235e-03 4.676 3.561 3.253 3.208 3.192 3.208 3.200 3.185 2.746 2.950 3.057 3.193 3.209 3.088 2.932
0.01 -0.17553 10.00000 0.8934782743 2.4475245476    0.892  0.056  3.7661  4.349    1  0.000  0.535     0.00     0.00 -1 -1.01e-13      0.00 7.807e-01 2.111e-01 1.443e-03 3.951e-04 3.596e-03 -1.000 8.222e-03 4.629 3.520 3.215 3.171 3.154 3.170 3.162 3.148 2.707 2.914 3.020 3.155 3.171 3.043 2.894
0.01 -0.17553 10.00000 0.8944200873 2.4477796555    0.893  0.060  3.7664  4.346    1  0.000  0.535     0.00     0.00 -1 -1.02e-13      0.00 7.809e-01 2.109e-01 1.442e-03 3.947e-04 3.593e-03 -1.000 8.217e-03 4.620 3.511 3.207 3.163 3.147 3.162 3.154 3.140 2.699 2.907 3.012 3.148 3.163 3.034 2.886
0.01 -0.17553 10.00000 0.9095752835 2.4518017769    0.908  0.122  3.7693  4.304    1  0.000  0.535     0.00     0.00 -1 -1.22e-13      0.00 7.840e-01 2.079e-01 1.424e-03 3.900e-04 3.551e-03 -1.000 8.107e-03 4.466 3.372 3.074 3.031 3.016 3.030 3.023 3.010 2.565 2.780 2.882 3.017 3.032 2.884 2.751
0.01 -0.17553 10.00000 0.9213559031 2.4548234940    0.920  0.172  3.7711  4.266    1  0.000  0.535     0.00     0.00 -1 -1.43e-13      0.00 7.851e-01 2.069e-01 1.418e-03 3.885e-04 3.538e-03 -1.000 8.049e-03 4.339 3.254 2.960 2.919 2.904 2.917 2.910 2.898 2.450 2.670 2.770 2.905 2.918 2.760 2.636
0.01 -0.17553 10.00000 0.9263401031 2.4560754299    0.925  0.195  3.7717  4.248    1  0.000  0.534     0.00     0.00 -1 -1.54e-13      0.00 7.850e-01 2.070e-01 1.419e-03 3.886e-04 3.540e-03 -1.000 8.000e-03 4.283 3.201 2.909 2.867 2.853 2.866 2.859 2.847 2.398 2.619 2.719 2.854 2.867 2.705 2.584
0.01 -0.17553 10.00000 0.9308729172 2.4572005272    0.929  0.216  3.7721  4.231    1  0.000  0.535     0.00     0.00 -1 -1.64e-13      0.00 7.849e-01 2.071e-01 1.420e-03 3.890e-04 3.542e-03 -1.000 8.056e-03 4.230 3.150 2.859 2.818 2.803 2.816 2.809 2.797 2.348 2.570 2.670 2.804 2.817 2.653 2.534
0.01 -0.17553 10.00000 0.9387536049 2.4591267109    0.937  0.254  3.7721  4.196    1  0.000  0.535     0.00     0.00 -1 -1.85e-13      0.00 7.842e-01 2.077e-01 1.425e-03 3.903e-04 3.554e-03 -1.000 8.098e-03 4.134 3.055 2.764 2.722 2.708 2.721 2.714 2.702 2.253 2.475 2.575 2.709 2.722 2.557 2.439
0.01 -0.17553 10.00000 0.9413043261 2.4597423077    0.940  0.267  3.7719  4.184    1  0.000  0.535     0.00     0.00 -1 -1.93e-13      0.00 7.838e-01 2.081e-01 1.428e-03 3.912e-04 3.562e-03 -1.000 8.116e-03 4.102 3.022 2.730 2.689 2.674 2.687 2.680 2.668 2.220 2.441 2.541 2.675 2.689 2.525 2.406
0.01 -0.17553 10.00000 0.9485207200 2.4614632130    0.947  0.304  3.7710  4.147    1  0.000  0.535     0.00     0.00 -1 -2.18e-13      0.00 7.828e-01 2.091e-01 1.436e-03 3.935e-04 3.583e-03 -1.000 8.169e-03 4.010 2.926 2.632 2.590 2.576 2.589 2.582 2.569 2.122 2.341 2.442 2.577 2.590 2.432 2.308
0.01 -0.17553 10.00000 0.9545087218 2.4628684521    0.953  0.336  3.7695  4.111    1  0.000  0.534     0.00     0.00 -1 -2.44e-13      0.00 7.807e-01 2.111e-01 1.451e-03 3.977e-04 3.622e-03 -1.000 8.278e-03 3.930 2.839 2.541 2.499 2.484 2.498 2.491 2.478 2.033 2.248 2.350 2.485 2.500 2.351 2.219
0.01 -0.17553 10.00000 0.9561331868 2.4632463455    0.955  0.345  3.7688  4.100    1  0.000  0.534     0.00     0.00 -1 -2.53e-13      0.00 7.794e-01 2.123e-01 1.460e-03 4.001e-04 3.644e-03 -1.000 8.307e-03 3.908 2.813 2.514 2.471 2.456 2.471 2.463 2.450 2.006 2.219 2.322 2.457 2.472 2.328 2.192
0.01 -0.17553 10.00000 0.9627309442 2.4647653103    0.961  0.381  3.7641  4.048    2  0.000  0.534     0.00     0.00 -1  -2.9e-13      0.00 7.717e-01 2.197e-01 1.509e-03 4.133e-04 3.764e-03 -1.000 8.591e-03 3.817 2.701 2.392 2.347 2.331 2.347 2.339 2.325 1.886 2.088 2.196 2.332 2.349 2.232 2.073
0.01 -0.17553 10.00000 0.9694200158 2.4662814140    0.968  0.414  3.7548  3.981    2  0.000  0.535     0.00     0.00 -1 -3.36e-13      0.00 7.598e-01 2.312e-01 1.578e-03 4.321e-04 3.933e-03 -1.000 8.959e-03 3.736 2.577 2.246 2.197 2.179 2.200 2.191 2.172 1.745 1.924 2.042 2.180 2.201 2.140 1.933
0.01 -0.17553 10.00000 0.9729968309 2.4670820236    0.971  0.424  3.7445  3.932    2  0.000  0.536     0.00     0.00 -1 -3.64e-13      0.00 7.513e-01 2.395e-01 1.625e-03 4.446e-04 4.045e-03 -1.000 9.220e-03 3.711 2.508 2.152 2.098 2.077 2.102 2.092 2.070 1.656 1.809 1.938 2.078 2.104 2.106 1.845
0.01 -0.17553 10.00000 0.9752095342 2.4675741196    0.974  0.425  3.7345  3.892    2  0.000  0.536     0.00     0.00 -1 -3.83e-13      0.00 7.456e-01 2.450e-01 1.655e-03 4.525e-04 4.115e-03 -1.000 9.386e-03 3.708 2.464 2.082 2.024 2.001 2.030 2.019 1.993 1.584 1.727 1.860 2.002 2.032 2.055 1.773
0.01 -0.17553 10.00000 0.9770688415 2.4679856300    0.975  0.428  3.7241  3.847    2  0.000  0.536     0.00     0.00 -1 -4.05e-13      0.00 7.411e-01 2.493e-01 1.677e-03 4.585e-04 4.169e-03 -1.000 9.526e-03 3.699 2.414 2.004 1.942 1.916 1.948 1.936 1.907 1.498 1.640 1.772 1.917 1.951 1.969 1.686
0.01 -0.17553 10.00000 0.9788483381 2.4683775902    0.977  0.445  3.7143  3.792    2  0.000  0.537     0.00     0.00 -1 -4.48e-13      0.00 7.373e-01 2.531e-01 1.696e-03 4.636e-04 4.213e-03 -1.000 9.569e-03 3.657 2.335 1.897 1.830 1.802 1.837 1.824 1.791 1.382 1.523 1.655 1.804 1.840 1.853 1.570
0.01 -0.17553 10.00000 0.9804034829 2.4687190056    0.979  0.479  3.7076  3.732    2  0.000  0.537     0.00     0.00 -1 -5.17e-13      0.00 7.339e-01 2.564e-01 1.710e-03 4.672e-04 4.246e-03 -1.000 9.661e-03 3.572 2.225 1.768 1.698 1.668 1.704 1.691 1.656 1.245 1.387 1.518 1.670 1.708 1.717 1.434
0.01 -0.17553 10.00000 0.9810122848 2.4688522816    0.979  0.498  3.7056  3.705    2  0.000  0.537     0.00     0.00 -1 -5.59e-13      0.00 7.326e-01 2.578e-01 1.714e-03 4.684e-04 4.256e-03 -1.000 9.662e-03 3.525 2.172 1.708 1.637 1.606 1.644 1.630 1.594 1.184 1.325 1.456 1.609 1.648 1.655 1.372
0.01 -0.17553 10.00000 0.9818131328 2.4690272808    0.980  0.527  3.7034  3.668    3  0.000  0.537     0.00     0.00 -1 -6.22e-13      0.00 7.308e-01 2.595e-01 1.720e-03 4.699e-04 4.269e-03 -1.000 9.710e-03 3.453 2.092 1.622 1.551 1.519 1.557 1.542 1.506 1.095 1.236 1.367 1.521 1.561 1.567 1.284
0.01 -0.17553 10.00000 0.9829591513 2.4692771435    0.981  0.574  3.7008  3.611    3  0.000  0.537     0.00     0.00 -1 -7.36e-13      0.00 7.279e-01 2.623e-01 1.725e-03 4.721e-04 4.286e-03 -1.000 9.753e-03 3.336 1.966 1.489 1.416 1.383 1.422 1.407 1.369 0.958 1.099 1.230 1.386 1.426 1.430 1.147
0.01 -0.17553 10.00000 0.9839084744 2.4694836140    0.982  0.617  3.6991  3.561    3  0.000  0.535     0.00     0.00 -1 -8.61e-13      0.00 7.254e-01 2.649e-01 1.725e-03 4.743e-04 4.297e-03 -1.000 9.729e-03 3.227 1.852 1.369 1.295 1.261 1.301 1.286 1.247 0.835 0.976 1.107 1.264 1.305 1.308 1.024
0.01 -0.17553 10.00000 0.9847245812 2.4696607590    0.983  0.659  3.6978  3.515    3  0.000  0.531     0.00     0.00 -1 -9.98e-13      0.00 7.228e-01 2.675e-01 1.713e-03 4.828e-04 4.306e-03 -1.000 9.781e-03 3.123 1.743 1.257 1.182 1.148 1.188 1.172 1.133 0.721 0.862 0.993 1.151 1.192 1.194 0.910
0.01 -0.17553 10.00000 0.9855023623 2.4698293209    0.984  0.701  3.6967  3.468    3  0.000  0.523     0.00     0.00 -1 -1.16e-12      0.00 7.202e-01 2.700e-01 1.691e-03 5.030e-04 4.313e-03 -1.000 9.799e-03 3.017 1.634 1.143 1.068 1.034 1.074 1.058 1.018 0.606 0.747 0.878 1.037 1.078 1.079 0.795
0.01 -0.17553 10.00000 0.9862549901 2.4699921608    0.984  0.746  3.6955  3.419    3  0.000  0.512     0.00     0.00 -1 -1.36e-12      0.00 7.178e-01 2.723e-01 1.659e-03 5.381e-04 4.319e-03 -1.000 9.855e-03 2.906 1.518 1.024 0.949 0.914 0.955 0.939 0.898 0.486 0.627 0.758 0.917 0.959 0.958 0.675
0.01 -0.17553 10.00000 0.9869602919 2.4701445103    0.985  0.790  3.6943  3.370    3  0.000  0.500     0.00     0.00 -1  -1.6e-12      0.00 7.154e-01 2.747e-01 1.620e-03 5.861e-04 4.323e-03 -1.000 9.874e-03 2.794 1.402 0.904 0.828 0.792 0.835 0.819 0.776 0.364 0.506 0.638 0.795 0.839 0.836 0.553
0.01 -0.17553 10.00000 0.9875664711 2.4702751637    0.986  0.832  3.6932  3.324    3  0.000  0.490     0.00     0.00 -1 -1.86e-12      0.00 7.136e-01 2.766e-01 1.589e-03 6.247e-04 4.327e-03 -1.000 9.829e-03 2.689 1.293 0.792 0.715 0.679 0.722 0.706 0.662 0.250 0.393 0.524 0.682 0.727 0.723 0.439
0.01 -0.17553 10.00000 0.9881448746 2.4703996181    0.986  0.875  3.6920  3.276    3  0.000  0.481     0.00     0.00 -1 -2.16e-12      0.00 7.118e-01 2.783e-01 1.563e-03 6.586e-04 4.330e-03 -1.000 9.866e-03 2.582 1.181 0.677 0.599 0.562 0.607 0.590 0.546 0.134 0.277 0.409 0.566 0.612 0.606 0.323
0.01 -0.17553 10.00000 0.9886868596 2.4705162048    0.987  0.919  3.6907  3.228    3  0.000  0.475     0.00     0.00 -1 -2.53e-12      0.00 7.105e-01 2.796e-01 1.544e-03 6.829e-04 4.333e-03 -1.000 9.877e-03 2.472 1.068 0.559 0.481 0.443 0.489 0.472 0.426 0.014 0.158 0.290 0.447 0.494 0.486 0.203
0.01 -0.17553 10.00000 0.9891304374 2.4706115723    0.987  0.957  3.6894  3.185    3  0.000  0.471     0.00     0.00 -1  -2.9e-12      0.00 7.095e-01 2.806e-01 1.530e-03 7.004e-04 4.335e-03 -1.000 9.878e-03 2.377 0.968 0.455 0.377 0.338 0.385 0.368 0.321 -0.091 0.053 0.185 0.342 0.390 0.381 0.097
0.01 -0.17553 10.00000 0.9892430305 2.4706356525    0.987  0.967  3.6891  3.174    3  0.000  0.470     0.00     0.00 -1 -3.01e-12      0.00 7.092e-01 2.809e-01 1.527e-03 7.048e-04 4.335e-03 -1.000 9.878e-03 2.352 0.942 0.429 0.350 0.311 0.358 0.341 0.293 -0.119 0.026 0.158 0.315 0.363 0.353 0.070
0.01 -0.17553 10.00000 0.9896656871 2.4707262516    0.988  1.008  3.6878  3.128    3  0.000  0.467     0.00     0.00 -1 -3.48e-12      0.00 7.085e-01 2.817e-01 1.517e-03 7.171e-04 4.336e-03 -1.000 9.879e-03 2.250 0.836 0.319 0.239 0.200 0.248 0.230 0.182 -0.231 -0.086 0.047 0.204 0.253 0.242 -0.042
0.01 -0.17553 10.00000 0.9900637269 2.4708116055    0.988  1.049  3.6864  3.081    3  0.000  0.464     0.00     0.00 -1 -4.03e-12      0.00 7.078e-01 2.823e-01 1.510e-03 7.271e-04 4.337e-03 -1.000 9.879e-03 2.147 0.728 0.206 0.126 0.086 0.135 0.117 0.067 -0.345 -0.200 -0.067 0.090 0.140 0.127 -0.156
0.01 -0.17553 10.00000 0.9904174209 2.4708874226    0.988  1.088  3.6849  3.036    3  0.000  0.463     0.00     0.00 -1 -4.64e-12      0.00 7.074e-01 2.827e-01 1.505e-03 7.333e-04 4.337e-03 -1.000 9.902e-03 2.049 0.625 0.099 0.017 -0.023 0.027 0.008 -0.043 -0.455 -0.309 -0.176 -0.019 0.032 0.017 -0.266
0.01 -0.17553 10.00000 0.9908524156 2.4709804058    0.989  1.142  3.6828  2.975    3  0.000  0.461     0.00     0.00 -1 -5.63e-12      0.00 7.070e-01 2.831e-01 1.500e-03 7.390e-04 4.338e-03 -1.000 9.902e-03 1.916 0.485 -0.047 -0.130 -0.171 -0.120 -0.139 -0.191 -0.604 -0.458 -0.324 -0.167 -0.115 -0.132 -0.415
0.01 -0.17553 10.00000 0.9912312627 2.4710612297    0.989  1.193  3.6807  2.915    3  0.000  0.460     0.00     0.00 -1 -6.77e-12      0.00 7.068e-01 2.833e-01 1.498e-03 7.424e-04 4.338e-03 -1.000 9.900e-03 1.788 0.350 -0.188 -0.272 -0.314 -0.262 -0.281 -0.335 -0.748 -0.602 -0.469 -0.310 -0.257 -0.276 -0.559
0.01 -0.17553 10.00000 0.9915697575 2.4711337090    0.989  1.243  3.6786  2.856    3  0.000  0.460     0.00     0.00 -1 -8.14e-12      0.00 7.068e-01 2.833e-01 1.498e-03 7.431e-04 4.338e-03 -1.000 9.900e-03 1.662 0.218 -0.328 -0.413 -0.456 -0.403 -0.423 -0.478 -0.891 -0.746 -0.613 -0.452 -0.398 -0.418 -0.702
0.01 -0.17553 10.00000 0.9918825626 2.4712004662    0.989  1.294  3.6763  2.796    3  0.000  0.460     0.00     0.00 -1 -9.82e-12      0.00 7.068e-01 2.833e-01 1.498e-03 7.434e-04 4.338e-03 -1.000 9.900e-03 1.534 0.082 -0.470 -0.557 -0.601 -0.547 -0.567 -0.623 -1.037 -0.892 -0.759 -0.597 -0.541 -0.564 -0.848
0.01 -0.17553 10.00000 0.9921570420 2.4712588787    0.989  1.344  3.6739  2.738    3  0.000  0.460     0.00     0.00 -1 -1.18e-11      0.00 7.068e-01 2.833e-01 1.497e-03 7.437e-04 4.339e-03 -1.000 9.900e-03 1.411 -0.048 -0.608 -0.696 -0.741 -0.686 -0.706 -0.764 -1.178 -1.033 -0.901 -0.736 -0.680 -0.705 -0.989
0.01 -0.17553 10.00000 0.9924110770 2.4713129997    0.990  1.393  3.6716  2.679    3  0.000  0.460     0.00     0.00 -1 -1.41e-11      0.00 7.067e-01 2.834e-01 1.497e-03 7.440e-04 4.339e-03 -1.000 9.900e-03 1.287 -0.179 -0.746 -0.836 -0.882 -0.826 -0.846 -0.905 -1.320 -1.176 -1.043 -0.877 -0.820 -0.847 -1.131
0.01 -0.17553 10.00000 0.9926427007 2.4713623524    0.990  1.442  3.6691  2.620    3  0.000  0.460     0.00     0.00 -1 -1.69e-11      0.00 7.067e-01 2.834e-01 1.497e-03 7.442e-04 4.339e-03 -1.000 9.900e-03 1.165 -0.308 -0.883 -0.975 -1.022 -0.965 -0.986 -1.046 -1.461 -1.317 -1.185 -1.017 -0.959 -0.988 -1.272
0.01 -0.17553 10.00000 0.9928530455 2.4714071751    0.990  1.489  3.6667  2.563    3  0.000  0.460     0.00     0.00 -1 -2.01e-11      0.00 7.067e-01 2.834e-01 1.497e-03 7.445e-04 4.339e-03 -1.000 9.900e-03 1.047 -0.432 -1.015 -1.109 -1.157 -1.099 -1.120 -1.182 -1.597 -1.453 -1.322 -1.152 -1.093 -1.123 -1.408
0.01 -0.17553 10.00000 0.9930597544 2.4714510441    0.990  1.536  3.6642  2.506    3  0.000  0.460     0.00     0.00 -1 -2.39e-11      0.00 7.067e-01 2.834e-01 1.497e-03 7.447e-04 4.339e-03 -1.000 9.900e-03 0.930 -0.557 -1.148 -1.243 -1.292 -1.234 -1.255 -1.318 -1.734 -1.591 -1.459 -1.287 -1.227 -1.260 -1.545
0.01 -0.17553 10.00000 0.9933331609 2.4715092182    0.990  1.584  3.6617  2.448    3  0.000  0.460     0.00     0.00 -1 -2.86e-11      0.00 7.067e-01 2.834e-01 1.496e-03 7.450e-04 4.339e-03 -1.000 9.900e-03 0.810 -0.685 -1.283 -1.380 -1.431 -1.370 -1.392 -1.457 -1.873 -1.730 -1.599 -1.425 -1.363 -1.399 -1.684
0.01 -0.17553 10.00000 0.9933764338 2.4715185165    0.990  1.587  3.6616  2.445    3  0.000  0.460     0.00     0.00 -1 -2.91e-11      0.00 7.067e-01 2.834e-01 1.496e-03 7.450e-04 4.339e-03 -1.000 9.900e-03 0.803 -0.692 -1.291 -1.388 -1.439 -1.378 -1.400 -1.465 -1.881 -1.738 -1.607 -1.433 -1.371 -1.407 -1.692
0.01 -0.17553 10.00000 0.9935317636 2.4715514183    0.990  1.558  3.6636  2.482    3  0.000  0.460     0.00     0.00 -1 -2.63e-11      0.00 7.067e-01 2.834e-01 1.496e-03 7.452e-04 4.339e-03 -1.000 9.900e-03 0.875 -0.614 -1.206 -1.302 -1.352 -1.292 -1.314 -1.378 -1.793 -1.650 -1.519 -1.346 -1.286 -1.319 -1.605
0.01 -0.17553 10.00000 0.9936414361 2.4715747833    0.990  1.527  3.6657  2.522    3  0.000  0.460     0.00     0.00 -1 -2.34e-11      0.00 7.067e-01 2.834e-01 1.496e-03 7.453e-04 4.339e-03 -1.000 9.900e-03 0.953 -0.529 -1.115 -1.209 -1.258 -1.200 -1.221 -1.283 -1.699 -1.555 -1.424 -1.253 -1.194 -1.225 -1.510
0.01 -0.17553 10.00000 0.9936597943 2.4715785980    0.990  1.521  3.6661  2.529    3  0.000  0.460     0.00     0.00 -1 -2.28e-11      0.00 7.067e-01 2.834e-01 1.496e-03 7.453e-04 4.339e-03 -1.000 9.900e-03 0.968 -0.513 -1.098 -1.191 -1.240 -1.182 -1.203 -1.265 -1.681 -1.537 -1.406 -1.235 -1.176 -1.207 -1.492
0.01 -0.17553 10.00000 0.9936976433 2.4715867043    0.990  1.532  3.6655  2.515    3  0.000  0.460     0.00     0.00 -1 -2.37e-11      0.00 7.067e-01 2.834e-01 1.496e-03 7.454e-04 4.339e-03 -1.000 9.900e-03 0.940 -0.544 -1.130 -1.225 -1.274 -1.215 -1.237 -1.299 -1.715 -1.571 -1.440 -1.268 -1.209 -1.241 -1.526
0.01 -0.17553 10.00000 0.9938647747 2.4716222286    0.990  1.582  3.6627  2.455    3  0.000  0.460     0.00     0.00 -1 -2.82e-11      0.00 7.067e-01 2.834e-01 1.496e-03 7.456e-04 4.339e-03 -1.000 9.900e-03 0.815 -0.676 -1.271 -1.368 -1.418 -1.358 -1.379 -1.444 -1.860 -1.717 -1.586 -1.413 -1.351 -1.386 -1.671
0.01 -0.17553 10.00000 0.9940242767 2.4716560841    0.990  1.630  3.6599  2.395    3  0.000  0.460     0.00     0.00 -1 -3.37e-11      0.00 7.067e-01 2.834e-01 1.496e-03 7.457e-04 4.339e-03 -1.000 9.900e-03 0.694 -0.806 -1.410 -1.508 -1.560 -1.497 -1.519 -1.587 -2.003 -1.860 -1.729 -1.554 -1.490 -1.529 -1.814
0.01 -0.17553 10.00000 0.9941691756 2.4716868401    0.990  1.677  3.6572  2.337    3  0.000  0.460     0.00     0.00 -1 -4.01e-11      0.00 7.067e-01 2.834e-01 1.496e-03 7.459e-04 4.339e-03 -1.000 9.900e-03 0.577 -0.932 -1.544 -1.645 -1.697 -1.632 -1.655 -1.725 -2.141 -1.999 -1.868 -1.691 -1.625 -1.667 -1.952
0.01 -0.17553 10.00000 0.9943031073 2.4717152119    0.990  1.724  3.6544  2.279    3  0.000  0.460     0.00     0.00 -1 -4.78e-11      0.00 7.067e-01 2.834e-01 1.496e-03 7.460e-04 4.339e-03 -1.000 9.900e-03 0.459 -1.057 -1.678 -1.781 -1.835 -1.766 -1.790 -1.863 -2.279 -2.137 -2.007 -1.829 -1.759 -1.805 -2.090
0.01 -0.17553 10.00000 0.9944270253 2.4717414379    0.990  1.771  3.6516  2.221    3  0.000  0.460     0.00     0.00 -1 -5.69e-11      0.00 7.067e-01 2.834e-01 1.496e-03 7.462e-04 4.339e-03 -1.000 9.900e-03 0.342 -1.183 -1.812 -1.918 -1.973 -1.902 -1.926 -2.001 -2.418 -2.276 -2.146 -1.966 -1.894 -1.944 -2.229
0.01 -0.17553 10.00000 0.9945386052 2.4717650414    0.989  1.817  3.6487  2.163    3  0.000  0.460     0.00     0.00 -1 -6.76e-11      0.00 7.067e-01 2.834e-01 1.495e-03 7.463e-04 4.339e-03 -1.000 9.900e-03 0.227 -1.306 -1.945 -2.052 -2.109 -2.035 -2.059 -2.138 -2.555 -2.413 -2.283 -2.102 -2.027 -2.080 -2.366
0.01 -0.17553 10.00000 0.9946411848 2.4717869759    0.989  1.863  3.6458  2.106    3  0.000  0.460     0.00     0.00 -1 -8.03e-11      0.00 7.067e-01 2.834e-01 1.495e-03 7.464e-04 4.339e-03 -1.000 9.900e-03 0.112 -1.429 -2.076 -2.187 -2.244 -2.168 -2.193 -2.274 -2.691 -2.549 -2.420 -2.237 -2.159 -2.217 -2.502
0.01 -0.17553 10.00000 0.9947355390 2.4718067646    0.989  1.909  3.6429  2.048    3  0.000  0.459     0.00     0.00 -1 -9.53e-11      0.00 7.067e-01 2.834e-01 1.495e-03 7.465e-04 4.339e-03 -1.000 9.900e-03 -0.002 -1.551 -2.208 -2.321 -2.380 -2.300 -2.326 -2.410 -2.827 -2.686 -2.557 -2.372 -2.292 -2.353 -2.638
0.01 -0.17553 10.00000 0.9948214889 2.4718251228    0.989  1.954  3.6400  1.992    3  0.000  0.459     0.00     0.00 -1 -1.13e-10      0.00 7.067e-01 2.834e-01 1.495e-03 7.466e-04 4.339e-03 -1.000 9.900e-03 -0.114 -1.671 -2.336 -2.452 -2.513 -2.430 -2.457 -2.544 -2.956 -2.893 -2.825 -2.505 -2.421 -2.488 -2.769
0.01 -0.17553 10.00000 0.9948997498 2.4718415737    0.989  1.998  3.6371  1.935    3  0.000  0.459     0.00     0.00 -1 -1.33e-10      0.00 7.067e-01 2.834e-01 1.495e-03 7.467e-04 4.339e-03 -1.000 9.900e-03 -0.225 -1.789 -2.458 -2.580 -2.642 -2.556 -2.585 -2.675 -3.053 -3.515 -3.849 -2.634 -2.546 -2.627 -2.882
0.01 -0.17553 10.00000 0.9949716926 2.4718568325    0.988  2.043  3.6341  1.878    3  0.000  0.459     0.00     0.00 -1 -1.58e-10      0.00 7.067e-01 2.834e-01 1.495e-03 7.468e-04 4.339e-03 -1.000 9.900e-03 -0.337 -1.906 -2.580 -2.707 -2.771 -2.681 -2.713 -2.805 -3.150 -4.138 -4.875 -2.763 -2.672 -2.767 -2.995
0.01 -0.17553 10.00000 0.9950379133 2.4718708992    0.988  2.087  3.6311  1.822    3  0.000  0.459     0.00     0.00 -1 -1.87e-10      0.00 7.066e-01 2.835e-01 1.495e-03 7.468e-04 4.339e-03 -1.000 9.900e-03 -0.448 -2.024 -2.702 -2.835 -2.901 -2.807 -2.842 -2.935 -3.247 -4.762 -5.903 -2.893 -2.797 -2.906 -3.108
0.01 -0.17553 10.00000 0.9950966239 2.4718832970    0.987  2.130  3.6281  1.767    3  0.000  0.459     0.00     0.00 -1  -2.2e-10      0.00 7.066e-01 2.835e-01 1.495e-03 7.469e-04 4.339e-03 -1.000 9.900e-03 -0.555 -2.136 -2.819 -2.958 -3.025 -2.929 -2.966 -3.060 -3.341 -5.365 -6.896 -3.017 -2.919 -3.040 -3.217
0.01 -0.17553 10.00000 0.9951516986 2.4718949795    0.987  2.173  3.6250  1.711    3  0.000  0.459     0.00     0.00 -1 -2.59e-10      0.00 7.066e-01 2.835e-01 1.495e-03 7.470e-04 4.339e-03 -1.000 9.900e-03 -0.664 -2.251 -2.938 -3.083 -3.152 -3.052 -3.093 -3.186 -3.436 -5.978 -7.906 -3.143 -3.042 -3.175 -3.328
0.01 -0.17553 10.00000 0.9952018261 2.4719057083    0.987  2.216  3.6220  1.656    3  0.000  0.459     0.00     0.00 -1 -3.05e-10      0.00 7.066e-01 2.835e-01 1.495e-03 7.470e-04 4.339e-03 -1.000 9.900e-03 -0.771 -2.363 -3.056 -3.206 -3.277 -3.175 -3.218 -3.310 -3.529 -6.582 -8.902 -3.268 -3.164 -3.308 -3.437
0.01 -0.17553 10.00000 0.9952479005 2.4719152451    0.986  2.259  3.6190  1.601    3  0.000  0.459     0.00     0.00 -1 -3.58e-10      0.00 7.066e-01 2.835e-01 1.495e-03 7.471e-04 4.339e-03 -1.000 9.900e-03 -0.877 -2.474 -3.172 -3.329 -3.401 -3.296 -3.342 -3.432 -3.622 -7.183 -9.891 -3.392 -3.286 -3.440 -3.545
0.01 -0.17553 10.00000 0.9952909350 2.4719245434    0.986  2.301  3.6159  1.546    3  0.000  0.459     0.00     0.00 -1 -4.21e-10      0.00 7.066e-01 2.835e-01 1.495e-03 7.471e-04 4.339e-03 -1.000 9.900e-03 -0.983 -2.586 -3.288 -3.452 -3.526 -3.418 -3.468 -3.555 -3.716 -7.788 -10.890 -3.516 -3.408 -3.572 -3.654
0.01 -0.17553 10.00000 0.9953292012 2.4719326496    0.985  2.342  3.6129  1.493    3  0.000  0.459     0.00     0.00 -1 -4.92e-10      0.00 7.066e-01 2.835e-01 1.495e-03 7.472e-04 4.339e-03 -1.000 9.900e-03 -1.086 -2.693 -3.402 -3.572 -3.647 -3.537 -3.590 -3.674 -3.811 -8.310 -11.738 -3.637 -3.527 -3.699 -3.762
0.01 -0.17553 10.00000 0.9953652620 2.4719402790    0.984  2.384  3.6098  1.438    3  0.000  0.459     0.00     0.00 -1 -5.76e-10      0.00 7.066e-01 2.835e-01 1.495e-03 7.472e-04 4.339e-03 -1.000 9.900e-03 -1.189 -2.804 -3.521 -3.696 -3.773 -3.661 -3.716 -3.799 -3.940 -8.438 -11.867 -3.763 -3.651 -3.825 -3.890
0.01 -0.17553 10.00000 0.9953981638 2.4719471931    0.984  2.425  3.6067  1.385    3  0.000  0.459     0.00     0.00 -1 -6.74e-10      0.00 7.066e-01 2.835e-01 1.495e-03 7.472e-04 4.339e-03 -1.000 9.900e-03 -1.292 -2.913 -3.639 -3.819 -3.897 -3.784 -3.840 -3.923 -4.067 -8.566 -11.994 -3.887 -3.774 -3.950 -4.017
0.01 -0.17553 10.00000 0.9954280853 2.4719533920    0.983  2.465  3.6036  1.332    3  0.000  0.459     0.00     0.00 -1 -7.85e-10      0.00 7.066e-01 2.835e-01 1.495e-03 7.473e-04 4.339e-03 -1.000 9.900e-03 -1.392 -3.020 -3.755 -3.939 -4.020 -3.904 -3.963 -4.045 -4.191 -8.690 -12.119 -4.009 -3.894 -4.072 -4.142
0.01 -0.17553 10.00000 0.9954562187 2.4719593525    0.982  2.505  3.6005  1.279    3  0.000  0.459     0.00     0.00 -1 -9.17e-10      0.00 7.066e-01 2.835e-01 1.495e-03 7.473e-04 4.339e-03 -1.000 9.900e-03 -1.493 -3.127 -3.872 -4.061 -4.143 -4.026 -4.086 -4.168 -4.317 -8.816 -12.245 -4.132 -4.016 -4.196 -4.268
0.01 -0.17553 10.00000 0.9954819083 2.4719648361    0.981  2.545  3.5973  1.226    3  0.000  0.459     0.00     0.00 -1 -1.07e-09      0.00 7.066e-01 2.835e-01 1.495e-03 7.473e-04 4.339e-03 -1.000 9.900e-03 -1.592 -3.233 -3.987 -4.182 -4.265 -4.146 -4.209 -4.289 -4.442 -8.941 -12.370 -4.253 -4.136 -4.318 -4.393
0.01 -0.17553 10.00000 0.9955050349 2.4719698429    0.980  2.583  3.5943  1.175    3  0.000  0.459     0.00     0.00 -1 -1.24e-09      0.00 7.066e-01 2.835e-01 1.495e-03 7.474e-04 4.339e-03 -1.000 9.900e-03 -1.687 -3.336 -4.098 -4.298 -4.383 -4.261 -4.327 -4.406 -4.563 -9.061 -12.490 -4.370 -4.252 -4.436 -4.513
0.01 -0.17553 10.00000 0.9955272079 2.4719743729    0.979  2.622  3.5911  1.123    3  0.000  0.459     0.00     0.00 -1 -1.44e-09      0.00 7.066e-01 2.835e-01 1.495e-03 7.474e-04 4.339e-03 -1.000 9.900e-03 -1.785 -3.441 -4.212 -4.417 -4.504 -4.380 -4.448 -4.527 -4.686 -9.185 -12.614 -4.491 -4.371 -4.557 -4.637
0.01 -0.17553 10.00000 0.9955471158 2.4719786644    0.978  2.660  3.5879  1.072    3  0.000  0.459     0.00     0.00 -1 -1.67e-09      0.00 7.066e-01 2.835e-01 1.495e-03 7.474e-04 4.339e-03 -1.000 9.900e-03 -1.879 -3.541 -4.322 -4.532 -4.621 -4.494 -4.566 -4.644 -4.806 -9.305 -12.733 -4.607 -4.485 -4.675 -4.757
0.01 -0.17553 10.00000 0.9955652356 2.4719824791    0.977  2.696  3.5849  1.023    3  0.000  0.459     0.00     0.00 -1 -1.92e-09      0.00 7.066e-01 2.835e-01 1.495e-03 7.474e-04 4.339e-03 -1.000 9.900e-03 -1.970 -3.638 -4.427 -4.643 -4.734 -4.605 -4.679 -4.756 -4.922 -9.421 -12.849 -4.719 -4.596 -4.788 -4.873
0.01 -0.17553 10.00000 0.9955828190 2.4719862938    0.975  2.733  3.5817  0.973    3  0.000  0.459     0.00     0.00 -1 -2.22e-09      0.00 7.066e-01 2.835e-01 1.495e-03 7.474e-04 4.339e-03 -1.000 9.900e-03 -2.063 -3.739 -4.537 -4.757 -4.850 -4.719 -4.796 -4.873 -5.042 -9.541 -12.969 -4.835 -4.710 -4.905 -4.993
0.01 -0.17553 10.00000 0.9955986142 2.4719896317    0.974  2.769  3.5785  0.923    3  0.000  0.459     0.00     0.00 -1 -2.55e-09      0.00 7.066e-01 2.835e-01 1.495e-03 7.475e-04 4.339e-03 -1.000 9.900e-03 -2.153 -3.836 -4.642 -4.868 -4.963 -4.830 -4.911 -4.986 -5.159 -9.657 -13.086 -4.947 -4.821 -5.020 -5.109
0.01 -0.17553 10.00000 0.9956166148 2.4719934464    0.972  2.812  3.5745  0.864    3  0.000  0.459     0.00     0.00 -1 -3.01e-09      0.00 7.066e-01 2.835e-01 1.495e-03 7.475e-04 4.339e-03 -1.000 9.900e-03 -2.260 -3.954 -4.769 -5.002 -5.100 -4.964 -5.049 -5.124 -5.300 -9.799 -13.227 -5.083 -4.956 -5.158 -5.251
0.01 -0.17553 10.00000 0.9956332445 2.4719967842    0.970  2.855  3.5705  0.804    3  0.000  0.459     0.00     0.00 -1 -3.56e-09      0.00 7.066e-01 2.835e-01 1.495e-03 7.475e-04 4.339e-03 -1.000 9.900e-03 -2.367 -4.070 -4.896 -5.136 -5.236 -5.097 -5.187 -5.261 -5.441 -9.940 -13.368 -5.218 -5.089 -5.296 -5.392
0.01 -0.17553 10.00000 0.9956486821 2.4720001221    0.968  2.897  3.5665  0.745    3  0.000  0.459     0.00     0.00 -1 -4.21e-09      0.00 7.066e-01 2.835e-01 1.495e-03 7.475e-04 4.339e-03 -1.000 9.900e-03 -2.473 -4.187 -5.022 -5.268 -5.372 -5.230 -5.324 -5.397 -5.582 -10.081 -13.509 -5.352 -5.223 -5.434 -5.533
0.01 -0.17553 10.00000 0.9956627488 2.4720032215    0.966  2.938  3.5625  0.687    3  0.000  0.459     0.00     0.00 -1 -4.96e-09      0.00 7.066e-01 2.835e-01 1.495e-03 7.475e-04 4.339e-03 -1.000 9.900e-03 -2.576 -4.301 -5.144 -5.397 -5.504 -5.359 -5.457 -5.530 -5.719 -10.218 -13.646 -5.482 -5.352 -5.568 -5.670
0.01 -0.17553 10.00000 0.9956756234 2.4720058441    0.963  2.978  3.5586  0.630    3  0.000  0.459     0.00     0.00 -1 -5.81e-09      0.00 7.066e-01 2.835e-01 1.495e-03 7.475e-04 4.339e-03 -1.000 9.900e-03 -2.675 -4.412 -5.263 -5.524 -5.633 -5.485 -5.588 -5.660 -5.854 -10.352 -13.780 -5.610 -5.479 -5.699 -5.804
0.01 -0.17553 10.00000 0.9956874847 2.4720082283    0.961  3.017  3.5546  0.574    3  0.000  0.459     0.00     0.00 -1  -6.8e-09      0.00 7.066e-01 2.835e-01 1.495e-03 7.476e-04 4.339e-03 -1.000 9.900e-03 -2.773 -4.520 -5.380 -5.647 -5.759 -5.609 -5.717 -5.788 -5.986 -10.484 -13.913 -5.735 -5.604 -5.829 -5.936
0.01 -0.17553 10.00000 0.9956985116 2.4720106125    0.958  3.055  3.5506  0.518    3  0.000  0.459     0.00     0.00 -1 -7.93e-09      0.00 7.066e-01 2.835e-01 1.495e-03 7.476e-04 4.339e-03 -1.000 9.900e-03 -2.868 -4.627 -5.495 -5.769 -5.884 -5.731 -5.843 -5.914 -6.116 -10.615 -14.043 -5.858 -5.726 -5.957 -6.066
0.01 -0.17553 10.00000 0.9957087636 2.4720127583    0.955  3.093  3.5466  0.463    3  0.000  0.459     0.00     0.00 -1 -9.23e-09      0.00 7.066e-01 2.835e-01 1.495e-03 7.476e-04 4.339e-03 -1.000 9.900e-03 -2.962 -4.734 -5.609 -5.890 -6.008 -5.854 -5.970 -6.041 -6.247 -10.745 -14.174 -5.980 -5.849 -6.085 -6.197
0.01 -0.17553 10.00000 0.9957181215 2.4720149040    0.951  3.129  3.5426  0.409    3  0.000  0.459     0.00     0.00 -1 -1.07e-08      0.00 7.066e-01 2.835e-01 1.495e-03 7.476e-04 4.339e-03 -1.000 9.900e-03 -3.053 -4.838 -5.719 -6.008 -6.129 -5.974 -6.094 -6.165 -6.375 -10.873 -14.302 -6.099 -5.970 -6.210 -6.325
0.01 -0.17553 10.00000 0.9957269430 2.4720165730    0.947  3.165  3.5385  0.355    3  0.000  0.459     0.00     0.00 -1 -1.24e-08      0.00 7.066e-01 2.835e-01 1.495e-03 7.476e-04 4.339e-03 -1.000 9.900e-03 -3.143 -4.941 -5.829 -6.125 -6.249 -6.094 -6.218 -6.288 -6.503 -11.001 -14.429 -6.218 -6.090 -6.335 -6.453
0.01 -0.17553 10.00000 0.9957350492 2.4720184803    0.944  3.200  3.5345  0.303    3  0.000  0.459     0.00     0.00 -1 -1.43e-08      0.00 7.066e-01 2.835e-01 1.495e-03 7.476e-04 4.339e-03 -1.000 9.900e-03 -3.229 -5.041 -5.934 -6.237 -6.365 -6.209 -6.337 -6.407 -6.626 -11.124 -14.552 -6.331 -6.206 -6.456 -6.576
0.01 -0.17553 10.00000 0.9957426190 2.4720199108    0.939  3.234  3.5306  0.251    3  0.000  0.459     0.00     0.00 -1 -1.65e-08      0.00 7.066e-01 2.835e-01 1.495e-03 7.476e-04 4.339e-03 -1.000 9.900e-03 -3.314 -5.140 -6.037 -6.348 -6.480 -6.324 -6.454 -6.524 -6.747 -11.245 -14.674 -6.443 -6.321 -6.575 -6.697
0.01 -0.17553 10.00000 0.9957498908 2.4720215797    0.935  3.268  3.5265  0.199    3  0.000  0.459     0.00     0.00 -1  -1.9e-08      0.00 7.066e-01 2.835e-01 1.494e-03 7.476e-04 4.339e-03 -1.000 9.900e-03 -3.399 -5.238 -6.140 -6.459 -6.594 -6.438 -6.572 -6.642 -6.869 -11.367 -14.795 -6.554 -6.435 -6.694 -6.819
0.01 -0.17553 10.00000 0.9957563877 2.4720230103    0.930  3.299  3.5226  0.150    3  0.000  0.459     0.00     0.00 -1 -2.16e-08      0.00 7.066e-01 2.835e-01 1.494e-03 7.476e-04 4.339e-03 -1.000 9.900e-03 -3.478 -5.331 -6.236 -6.563 -6.702 -6.545 -6.683 -6.753 -6.984 -11.482 -14.910 -6.660 -6.543 -6.807 -6.934
0.01 -0.17553 10.00000 0.9957628250 2.4720242023    0.924  3.331  3.5187  0.099    3  0.000  0.459     0.00     0.00 -1 -2.48e-08      0.00 7.066e-01 2.835e-01 1.494e-03 7.476e-04 4.339e-03 -1.000 9.900e-03 -3.558 -5.425 -6.333 -6.669 -6.811 -6.654 -6.795 -6.865 -7.102 -11.599 -15.027 -6.767 -6.653 -6.922 -7.051
0.01 -0.17553 10.00000 0.9957687855 2.4720256329    0.919  3.362  3.5149  0.051    3  0.000  0.459     0.00     0.00 -1 -2.82e-08      0.00 7.066e-01 2.835e-01 1.494e-03 7.476e-04 4.339e-03 -1.000 9.900e-03 -3.634 -5.513 -6.425 -6.769 -6.914 -6.757 -6.901 -6.971 -7.212 -11.709 -15.137 -6.866 -6.756 -7.030 -7.162
0.01 -0.17553 10.00000 0.9957755804 2.4720270634    0.911  3.395  3.5108 -0.002    3  0.000  0.459     0.00     0.00 -1 -3.25e-08      0.00 7.066e-01 2.835e-01 1.494e-03 7.476e-04 4.339e-03 -1.000 9.900e-03 -3.718 -5.611 -6.526 -6.879 -7.028 -6.871 -7.017 -7.088 -7.334 -11.830 -15.259 -6.976 -6.870 -7.149 -7.284
0.01 -0.17553 10.00000 0.9957755804 2.4720270634    0.912  1.696  3.6785  2.368    4  0.000  0.480     0.00     0.00 -1    -1e-30      0.00 7.098e-01 2.804e-01 1.555e-03 6.656e-04 4.322e-03 -1.000 9.825e-03 0.530 -0.917 -1.458 -1.545 -1.591 -1.534 -1.553 -1.615 -2.030 -1.887 -1.756 -1.587 -1.527 -1.556 -1.841
0.01 -0.17553 10.00000 0.9958672523 2.4720463753    0.912  1.705  3.6779  2.356    4  0.000  0.480     0.00     0.00 -1    -1e-30      0.00 7.098e-01 2.804e-01 1.555e-03 6.657e-04 4.322e-03 -1.000 9.825e-03 0.507 -0.942 -1.485 -1.572 -1.619 -1.560 -1.580 -1.642 -2.058 -1.914 -1.783 -1.614 -1.554 -1.584 -1.869
0.01 -0.17553 10.00000 0.9959506392 2.4720640182    0.912  1.709  3.6778  2.352    4  0.000  0.480     0.00     0.00 -1    -1e-30      0.00 7.097e-01 2.804e-01 1.555e-03 6.657e-04 4.323e-03 -1.000 9.825e-03 0.499 -0.951 -1.494 -1.581 -1.628 -1.570 -1.589 -1.651 -2.067 -1.924 -1.793 -1.623 -1.563 -1.593 -1.878
0.01 -0.17553 10.00000 0.9960353374 2.4720818996    0.912  1.709  3.6780  2.353    4  0.000  0.480     0.00     0.00 -1    -1e-30      0.00 7.097e-01 2.804e-01 1.555e-03 6.658e-04 4.323e-03 -1.000 9.825e-03 0.498 -0.951 -1.493 -1.581 -1.627 -1.569 -1.588 -1.650 -2.066 -1.923 -1.792 -1.622 -1.562 -1.592 -1.877
0.01 -0.17553 10.00000 0.9961206317 2.4720997810    0.912  1.707  3.6784  2.356    4  0.000  0.480     0.00     0.00 -1    -1e-30      0.00 7.097e-01 2.804e-01 1.555e-03 6.658e-04 4.323e-03 -1.000 9.826e-03 0.502 -0.946 -1.487 -1.574 -1.620 -1.562 -1.581 -1.644 -2.059 -1.916 -1.785 -1.616 -1.556 -1.585 -1.870
0.01 -0.17553 10.00000 0.9962066412 2.4721181393    0.912  1.705  3.6789  2.361    4  0.000  0.480     0.00     0.00 -1    -1e-30      0.00 7.097e-01 2.804e-01 1.555e-03 6.659e-04 4.323e-03 -1.000 9.826e-03 0.508 -0.938 -1.478 -1.564 -1.611 -1.553 -1.572 -1.634 -2.050 -1.906 -1.775 -1.606 -1.547 -1.576 -1.861
0.01 -0.17553 10.00000 0.9962905645 2.4721357822    0.912  1.702  3.6794  2.365    4  0.000  0.480     0.00     0.00 -1    -1e-30      0.00 7.097e-01 2.804e-01 1.555e-03 6.660e-04 4.323e-03 -1.000 9.826e-03 0.514 -0.930 -1.468 -1.554 -1.601 -1.543 -1.562 -1.624 -2.039 -1.896 -1.765 -1.596 -1.537 -1.565 -1.850
0.01 -0.17553 10.00000 0.9963768721 2.4721539021    0.912  1.700  3.6799  2.370    4  0.000  0.480     0.00     0.00 -1    -1e-30      0.00 7.097e-01 2.804e-01 1.555e-03 6.660e-04 4.323e-03 -1.000 9.826e-03 0.521 -0.922 -1.458 -1.544 -1.590 -1.533 -1.552 -1.613 -2.029 -1.885 -1.754 -1.585 -1.527 -1.555 -1.840
0.01 -0.17553 10.00000 0.9964649677 2.4721724987    0.912  1.697  3.6805  2.375    4  0.000  0.479     0.00     0.00 -1    -1e-30      0.00 7.097e-01 2.804e-01 1.554e-03 6.661e-04 4.323e-03 -1.000 9.826e-03 0.527 -0.914 -1.448 -1.534 -1.580 -1.523 -1.542 -1.603 -2.018 -1.875 -1.744 -1.575 -1.517 -1.544 -1.829
0.01 -0.17553 10.00000 0.9965512753 2.4721908569    0.912  1.695  3.6810  2.379    4  0.000  0.479     0.00     0.00 -1    -1e-30      0.00 7.097e-01 2.804e-01 1.554e-03 6.661e-04 4.323e-03 -1.000 9.827e-03 0.533 -0.907 -1.440 -1.525 -1.571 -1.514 -1.533 -1.593 -2.009 -1.865 -1.734 -1.566 -1.508 -1.535 -1.820
0.01 -0.17553 10.00000 0.9966411591 2.4722096920    0.913  1.693  3.6814  2.383    4  0.000  0.479     0.00     0.00 -1    -1e-30      0.00 7.097e-01 2.804e-01 1.554e-03 6.662e-04 4.323e-03 -1.000 9.827e-03 0.537 -0.900 -1.432 -1.517 -1.562 -1.506 -1.525 -1.585 -2.001 -1.857 -1.726 -1.558 -1.500 -1.527 -1.812
0.01 -0.17553 10.00000 0.9967319965 2.4722290039    0.913  1.691  3.6819  2.386    4  0.000  0.479     0.00     0.00 -1    -1e-30      0.00 7.097e-01 2.805e-01 1.554e-03 6.663e-04 4.323e-03 -1.000 9.827e-03 0.542 -0.895 -1.425 -1.510 -1.555 -1.499 -1.518 -1.578 -1.993 -1.850 -1.719 -1.551 -1.493 -1.520 -1.804
0.01 -0.17553 10.00000 0.9968239665 2.4722483158    0.913  1.690  3.6822  2.389    4  0.000  0.479     0.00     0.00 -1    -1e-30      0.00 7.097e-01 2.805e-01 1.554e-03 6.663e-04 4.323e-03 -1.000 9.827e-03 0.545 -0.890 -1.419 -1.504 -1.549 -1.493 -1.512 -1.571 -1.987 -1.843 -1.712 -1.544 -1.487 -1.513 -1.798
0.01 -0.17553 10.00000 0.9969136119 2.4722671509    0.913  1.689  3.6826  2.392    4  0.000  0.479     0.00     0.00 -1    -1e-30      0.00 7.097e-01 2.805e-01 1.554e-03 6.664e-04 4.323e-03 -1.000 9.827e-03 0.548 -0.886 -1.414 -1.498 -1.543 -1.488 -1.506 -1.566 -1.981 -1.838 -1.706 -1.539 -1.482 -1.507 -1.792
0.01 -0.17553 10.00000 0.9969506264 2.4722750187    0.913  1.688  3.6827  2.393    4  0.000  0.479     0.00     0.00 -1    -1e-30      0.00 7.097e-01 2.805e-01 1.554e-03 6.664e-04 4.323e-03 -1.000 9.828e-03 0.549 -0.884 -1.412 -1.496 -1.541 -1.486 -1.504 -1.564 -1.979 -1.835 -1.704 -1.537 -1.480 -1.505 -1.790
0.01 -0.17553 10.00000 0.9969781041 2.4722807407    0.913  1.688  3.6828  2.394    4  0.000  0.479     0.00     0.00 -1    -1e-30      0.00 7.097e-01 2.805e-01 1.554e-03 6.664e-04 4.323e-03 -1.000 9.827e-03 0.550 -0.883 -1.411 -1.495 -1.540 -1.484 -1.503 -1.562 -1.978 -1.834 -1.703 -1.535 -1.478 -1.504 -1.789
0.01 -0.17553 10.00000 0.9970630407 2.4722986221    0.913  1.687  3.6830  2.395    4  0.000  0.479     0.00     0.00 -1    -1e-30      0.00 7.097e-01 2.805e-01 1.554e-03 6.665e-04 4.323e-03 -1.000 9.828e-03 0.552 -0.881 -1.408 -1.492 -1.536 -1.481 -1.499 -1.559 -1.974 -1.830 -1.699 -1.532 -1.475 -1.500 -1.785
0.01 -0.17553 10.00000 0.9971455336 2.4723160267    0.913  1.687  3.6832  2.397    4  0.000  0.479     0.00     0.00 -1    -1e-30      0.00 7.097e-01 2.805e-01 1.554e-03 6.666e-04 4.323e-03 -1.000 9.828e-03 0.553 -0.879 -1.405 -1.489 -1.534 -1.479 -1.497 -1.556 -1.972 -1.828 -1.697 -1.529 -1.473 -1.498 -1.783
0.01 -0.17553 10.00000 0.9972246885 2.4723327160    0.913  1.687  3.6834  2.397    4  0.000  0.479     0.00     0.00 -1    -1e-30      0.00 7.097e-01 2.805e-01 1.554e-03 6.666e-04 4.323e-03 -1.000 9.828e-03 0.553 -0.878 -1.404 -1.488 -1.532 -1.477 -1.495 -1.555 -1.970 -1.826 -1.695 -1.528 -1.471 -1.496 -1.781
0.01 -0.17553 10.00000 0.9973098040 2.4723505974    0.913  1.687  3.6835  2.398    4  0.000  0.479     0.00     0.00 -1    -1e-30      0.00 7.097e-01 2.805e-01 1.554e-03 6.667e-04 4.323e-03 -1.000 9.828e-03 0.553 -0.878 -1.404 -1.487 -1.532 -1.477 -1.495 -1.554 -1.970 -1.826 -1.695 -1.527 -1.471 -1.496 -1.781
0.01 -0.17553 10.00000 0.9973902702 2.4723675251    0.913  1.687  3.6835  2.398    4  0.000  0.479     0.00     0.00 -1    -1e-30      0.00 7.097e-01 2.805e-01 1.554e-03 6.667e-04 4.323e-03 -1.000 9.828e-03 0.552 -0.879 -1.404 -1.488 -1.533 -1.477 -1.496 -1.555 -1.970 -1.827 -1.695 -1.528 -1.472 -1.497 -1.781
0.01 -0.17553 10.00000 0.9974727631 2.4723849297    0.914  1.688  3.6835  2.397    4  0.000  0.479     0.00     0.00 -1    -1e-30      0.00 7.097e-01 2.805e-01 1.554e-03 6.668e-04 4.323e-03 -1.000 9.829e-03 0.550 -0.881 -1.407 -1.490 -1.535 -1.480 -1.498 -1.557 -1.973 -1.829 -1.698 -1.530 -1.474 -1.499 -1.784
0.01 -0.17553 10.00000 0.9975537658 2.4724020958    0.914  1.689  3.6835  2.395    4  0.000  0.479     0.00     0.00 -1    -1e-30      0.00 7.097e-01 2.805e-01 1.554e-03 6.668e-04 4.323e-03 -1.000 9.829e-03 0.547 -0.884 -1.410 -1.493 -1.538 -1.483 -1.501 -1.560 -1.976 -1.832 -1.701 -1.534 -1.477 -1.502 -1.787
0.01 -0.17553 10.00000 0.9975594282 2.4724032879    0.914  1.689  3.6835  2.395    4  0.000  0.479     0.00     0.00 -1    -1e-30      0.00 7.097e-01 2.805e-01 1.554e-03 6.668e-04 4.323e-03 -1.000 9.829e-03 0.546 -0.884 -1.410 -1.494 -1.538 -1.483 -1.502 -1.561 -1.976 -1.832 -1.701 -1.534 -1.477 -1.502 -1.787
0.01 -0.17553 10.00000 0.9975992441 2.4724116325    0.914  1.690  3.6834  2.394    4  0.000  0.479     0.00     0.00 -1    -1e-30      0.00 7.097e-01 2.805e-01 1.554e-03 6.669e-04 4.323e-03 -1.000 9.829e-03 0.544 -0.887 -1.413 -1.496 -1.541 -1.486 -1.504 -1.563 -1.979 -1.835 -1.704 -1.537 -1.480 -1.505 -1.790
0.01 -0.17553 10.00000 0.9976818562 2.4724290371    0.914  1.692  3.6833  2.392    4  0.000  0.479     0.00     0.00 -1    -1e-30      0.00 7.097e-01 2.805e-01 1.554e-03 6.669e-04 4.323e-03 -1.000 9.829e-03 0.539 -0.892 -1.418 -1.502 -1.547 -1.491 -1.510 -1.569 -1.985 -1.841 -1.710 -1.542 -1.485 -1.511 -1.796
0.01 -0.17553 10.00000 0.9977641106 2.4724464417    0.914  1.695  3.6831  2.388    4  0.000  0.479     0.00     0.00 -1    -1e-30      0.00 7.097e-01 2.805e-01 1.554e-03 6.670e-04 4.323e-03 -1.000 9.829e-03 0.533 -0.900 -1.426 -1.510 -1.555 -1.499 -1.518 -1.577 -1.993 -1.849 -1.718 -1.551 -1.493 -1.519 -1.804
0.01 -0.17553 10.00000 0.9978515506 2.4724647999    0.914  1.698  3.6827  2.384    4  0.000  0.479     0.00     0.00 -1    -1e-30      0.00 7.097e-01 2.805e-01 1.554e-03 6.671e-04 4.323e-03 -1.000 9.830e-03 0.524 -0.909 -1.437 -1.521 -1.566 -1.510 -1.529 -1.588 -2.004 -1.860 -1.729 -1.561 -1.504 -1.530 -1.815
0.01 -0.17553 10.00000 0.9979398847 2.4724833965    0.914  1.703  3.6823  2.378    4  0.000  0.479     0.00     0.00 -1    -1e-30      0.00 7.097e-01 2.805e-01 1.554e-03 6.671e-04 4.323e-03 -1.000 9.830e-03 0.514 -0.921 -1.450 -1.535 -1.580 -1.524 -1.543 -1.603 -2.018 -1.874 -1.743 -1.575 -1.518 -1.544 -1.829
0.01 -0.17553 10.00000 0.9980223775 2.4725005627    0.914  1.708  3.6818  2.371    4  0.000  0.479     0.00     0.00 -1    -1e-30      0.00 7.097e-01 2.805e-01 1.554e-03 6.672e-04 4.323e-03 -1.000 9.830e-03 0.501 -0.936 -1.466 -1.551 -1.596 -1.540 -1.559 -1.619 -2.034 -1.891 -1.760 -1.592 -1.534 -1.561 -1.846
0.01 -0.17553 10.00000 0.9981063604 2.4725182056    0.914  1.713  3.6812  2.363    4  0.000  0.479     0.00     0.00 -1    -1e-30      0.00 7.097e-01 2.805e-01 1.554e-03 6.672e-04 4.323e-03 -1.000 9.830e-03 0.487 -0.952 -1.484 -1.569 -1.615 -1.558 -1.577 -1.637 -2.053 -1.909 -1.779 -1.610 -1.552 -1.579 -1.864
0.01 -0.17553 10.00000 0.9981886148 2.4725356102    0.914  1.720  3.6805  2.353    4  0.000  0.479     0.00     0.00 -1    -1e-30      0.00 7.097e-01 2.805e-01 1.554e-03 6.673e-04 4.323e-03 -1.000 9.830e-03 0.471 -0.971 -1.505 -1.590 -1.636 -1.579 -1.598 -1.659 -2.075 -1.931 -1.800 -1.632 -1.572 -1.601 -1.886
0.01 -0.17553 10.00000 0.9982726574 2.4725532532    0.914  1.727  3.6798  2.343    4  0.000  0.479     0.00     0.00 -1    -1e-30      0.00 7.097e-01 2.805e-01 1.554e-03 6.673e-04 4.323e-03 -1.000 9.831e-03 0.453 -0.991 -1.527 -1.614 -1.660 -1.602 -1.621 -1.683 -2.098 -1.955 -1.824 -1.655 -1.595 -1.625 -1.909
0.01 -0.17553 10.00000 0.9983623028 2.4725720882    0.915  1.739  3.6786  2.327    4  0.000  0.479     0.00     0.00 -1    -1e-30      0.00 7.097e-01 2.805e-01 1.554e-03 6.674e-04 4.323e-03 -1.000 9.831e-03 0.423 -1.025 -1.565 -1.652 -1.698 -1.639 -1.659 -1.721 -2.137 -1.994 -1.863 -1.693 -1.633 -1.663 -1.948
0.01 -0.17553 10.00000 0.9984349608 2.4725873470    0.915  1.728  3.6797  2.342    4  0.000  0.479     0.00     0.00 -1    -1e-30      0.00 7.097e-01 2.805e-01 1.554e-03 6.675e-04 4.323e-03 -1.000 9.831e-03 0.450 -0.994 -1.531 -1.617 -1.663 -1.605 -1.624 -1.686 -2.102 -1.958 -1.828 -1.658 -1.599 -1.628 -1.913
0.01 -0.17553 10.00000 0.9985207915 2.4726054668    0.915  1.748  3.6777  2.314    4  0.000  0.479     0.00     0.00 -1    -1e-30      0.00 7.097e-01 2.805e-01 1.553e-03 6.675e-04 4.323e-03 -1.000 9.831e-03 0.399 -1.051 -1.594 -1.682 -1.729 -1.669 -1.689 -1.752 -2.168 -2.025 -1.894 -1.724 -1.663 -1.694 -1.979
0.01 -0.17553 10.00000 0.9986041784 2.4726228714    0.915  1.782  3.6743  2.267    4  0.000  0.479     0.00     0.00 -1    -1e-30      0.00 7.097e-01 2.805e-01 1.553e-03 6.676e-04 4.323e-03 -1.000 9.831e-03 0.315 -1.146 -1.699 -1.789 -1.837 -1.775 -1.795 -1.861 -2.277 -2.134 -2.004 -1.832 -1.768 -1.803 -2.088
0.01 -0.17553 10.00000 0.9986523390 2.4726331234    0.915  1.820  3.6706  2.214    4  0.000  0.479     0.00     0.00 -1    -1e-30      0.00 7.097e-01 2.805e-01 1.553e-03 6.676e-04 4.323e-03 -1.000 9.831e-03 0.221 -1.253 -1.817 -1.909 -1.959 -1.894 -1.915 -1.984 -2.400 -2.257 -2.127 -1.954 -1.887 -1.926 -2.211
0.01 -0.17553 10.00000 0.9986767173 2.4726381302    0.915  1.858  3.6669  2.162    4  0.000  0.479     0.00     0.00 -1    -1e-30      0.00 7.097e-01 2.805e-01 1.553e-03 6.676e-04 4.323e-03 -1.000 9.831e-03 0.126 -1.359 -1.934 -2.029 -2.081 -2.013 -2.034 -2.106 -2.522 -2.380 -2.250 -2.075 -2.005 -2.048 -2.333
0.01 -0.17553 10.00000 0.9986896515 2.4726407528    0.915  1.896  3.6632  2.108    4  0.000  0.479     0.00     0.00 -1    -1e-30      0.00 7.097e-01 2.805e-01 1.553e-03 6.676e-04 4.323e-03 -1.000 9.832e-03 0.030 -1.466 -2.053 -2.151 -2.204 -2.133 -2.155 -2.230 -2.647 -2.504 -2.375 -2.198 -2.125 -2.173 -2.458
0.01 -0.17553 10.00000 0.9986962676 2.4726421833    0.915  1.934  3.6596  2.056    4  0.000  0.479     0.00     0.00 -1    -1e-30      0.00 7.097e-01 2.805e-01 1.553e-03 6.676e-04 4.323e-03 -1.000 9.832e-03 -0.065 -1.572 -2.170 -2.271 -2.326 -2.252 -2.275 -2.353 -2.769 -2.627 -2.498 -2.320 -2.244 -2.295 -2.580
0.01 -0.17553 10.00000 0.9986999631 2.4726431370    0.915  1.973  3.6560  2.002    4  0.000  0.479     0.00     0.00 -1    -1e-30      0.00 7.097e-01 2.805e-01 1.553e-03 6.676e-04 4.323e-03 -1.000 9.832e-03 -0.162 -1.679 -2.289 -2.393 -2.449 -2.372 -2.396 -2.477 -2.893 -2.751 -2.622 -2.442 -2.364 -2.419 -2.704
0.01 -0.17553 10.00000 0.9987022281 2.4726436138    0.915  2.011  3.6524  1.950    4  0.000  0.479     0.00     0.00 -1    -1e-30      0.00 7.097e-01 2.805e-01 1.553e-03 6.677e-04 4.323e-03 -1.000 9.832e-03 -0.258 -1.786 -2.402 -2.511 -2.569 -2.488 -2.514 -2.598 -2.984 -3.311 -3.541 -2.562 -2.479 -2.548 -2.809
0.01 -0.17553 10.00000 0.9987037778 2.4726438522    0.915  2.048  3.6490  1.899    4  0.000  0.479     0.00     0.00 -1    -1e-30      0.00 7.097e-01 2.805e-01 1.553e-03 6.677e-04 4.323e-03 -1.000 9.832e-03 -0.350 -1.886 -2.509 -2.622 -2.682 -2.597 -2.625 -2.713 -3.068 -3.861 -4.449 -2.675 -2.588 -2.671 -2.907
0.01 -0.17553 10.00000 0.9987038374 2.4726438522    0.915  2.050  3.6488  1.896    7  0.000  0.479     0.00     0.00 -1 -5.95e-10      0.00 7.097e-01 2.790e-01 1.553e-03 6.677e-04 4.323e-03 -1.000 1.130e-02 -0.355 -1.892 -2.515 -2.629 -2.689 -2.604 -2.632 -2.720 -3.073 -3.894 -4.502 -2.682 -2.594 -2.678 -2.913
0.01 -0.17553 10.00000 0.9987045527 2.4726440907    0.915  2.071  3.6470  1.868    7  0.000  0.479     0.00     0.00 -1 -6.67e-10      0.00 7.097e-01 2.790e-01 1.553e-03 6.677e-04 4.323e-03 -1.000 1.130e-02 -0.407 -1.948 -2.575 -2.691 -2.752 -2.665 -2.695 -2.784 -3.120 -4.201 -5.009 -2.745 -2.656 -2.747 -2.968
0.01 -0.17553 10.00000 0.9987059832 2.4726443291    0.915  2.113  3.6432  1.811    7  0.000  0.479     0.00     0.00 -1 -8.33e-10      0.00 7.097e-01 2.790e-01 1.553e-03 6.677e-04 4.323e-03 -1.000 1.130e-02 -0.513 -2.062 -2.696 -2.818 -2.881 -2.790 -2.822 -2.914 -3.216 -4.827 -6.042 -2.874 -2.780 -2.886 -3.080
0.01 -0.17553 10.00000 0.9987074137 2.4726445675    0.915  2.140  3.6409  1.775    7  0.000  0.479     0.00     0.00 -1 -9.48e-10      0.00 7.097e-01 2.790e-01 1.553e-03 6.677e-04 4.323e-03 -1.000 1.130e-02 -0.579 -2.134 -2.772 -2.899 -2.963 -2.869 -2.903 -2.996 -3.277 -5.224 -6.696 -2.955 -2.859 -2.974 -3.151
0.01 -0.17553 10.00000 0.9987112880 2.4726455212    0.915  2.136  3.6413  1.781    7  0.000  0.479     0.00     0.00 -1 -9.36e-10      0.00 7.097e-01 2.790e-01 1.553e-03 6.677e-04 4.323e-03 -1.000 1.130e-02 -0.569 -2.123 -2.761 -2.886 -2.950 -2.857 -2.891 -2.984 -3.268 -5.164 -6.596 -2.943 -2.847 -2.960 -3.140
0.01 -0.17553 10.00000 0.9987155795 2.4726462364    0.915  2.107  3.6438  1.819    7  0.000  0.479     0.00     0.00 -1 -8.01e-10      0.00 7.097e-01 2.790e-01 1.553e-03 6.677e-04 4.323e-03 -1.000 1.130e-02 -0.497 -2.046 -2.678 -2.800 -2.862 -2.772 -2.804 -2.895 -3.202 -4.737 -5.894 -2.855 -2.762 -2.866 -3.064
0.01 -0.17553 10.00000 0.9987549186 2.4726545811    0.914  2.108  3.6436  1.817    7  0.000  0.479     0.00     0.00 -1 -8.06e-10      0.00 7.097e-01 2.790e-01 1.553e-03 6.677e-04 4.323e-03 -1.000 1.130e-02 -0.501 -2.049 -2.682 -2.804 -2.867 -2.776 -2.808 -2.900 -3.205 -4.763 -5.937 -2.859 -2.766 -2.870 -3.068
0.01 -0.17553 10.00000 0.9987974167 2.4726634026    0.912  2.149  3.6400  1.762    7  0.000  0.479     0.00     0.00 -1    -1e-09      0.00 7.097e-01 2.790e-01 1.553e-03 6.677e-04 4.323e-03 -1.000 1.130e-02 -0.601 -2.158 -2.798 -2.926 -2.990 -2.895 -2.930 -3.024 -3.297 -5.368 -6.936 -2.982 -2.886 -3.003 -3.175
0.01 -0.17553 10.00000 0.9988243580 2.4726691246    0.911  2.188  3.6364  1.707    7  0.000  0.479     0.00     0.00 -1 -1.24e-09      0.00 7.097e-01 2.790e-01 1.553e-03 6.677e-04 4.323e-03 -1.000 1.130e-02 -0.700 -2.265 -2.911 -3.045 -3.111 -3.013 -3.051 -3.145 -3.387 -5.964 -7.920 -3.103 -3.003 -3.134 -3.280
0.01 -0.17553 10.00000 0.9988506436 2.4726746082    0.910  2.228  3.6329  1.652    7  0.000  0.479     0.00     0.00 -1 -1.54e-09      0.00 7.097e-01 2.790e-01 1.553e-03 6.678e-04 4.323e-03 -1.000 1.130e-02 -0.800 -2.372 -3.025 -3.165 -3.233 -3.132 -3.172 -3.266 -3.477 -6.562 -8.906 -3.225 -3.122 -3.264 -3.385
0.01 -0.17553 10.00000 0.9988759160 2.4726798534    0.909  2.269  3.6292  1.596    7  0.000  0.479     0.00     0.00 -1  -1.9e-09      0.00 7.097e-01 2.790e-01 1.553e-03 6.678e-04 4.323e-03 -1.000 1.130e-02 -0.903 -2.482 -3.141 -3.288 -3.358 -3.254 -3.297 -3.390 -3.570 -7.177 -9.922 -3.349 -3.244 -3.397 -3.494
0.01 -0.17553 10.00000 0.9988979101 2.4726846218    0.907  2.310  3.6256  1.540    7  0.000  0.479     0.00     0.00 -1 -2.37e-09      0.00 7.097e-01 2.790e-01 1.553e-03 6.678e-04 4.323e-03 -1.000 1.130e-02 -1.005 -2.590 -3.256 -3.410 -3.481 -3.375 -3.421 -3.512 -3.661 -7.787 -10.929 -3.472 -3.365 -3.528 -3.601
0.01 -0.17553 10.00000 0.9989175797 2.4726886749    0.905  2.351  3.6221  1.485    7  0.000  0.479     0.00     0.00 -1 -2.93e-09      0.00 7.097e-01 2.790e-01 1.553e-03 6.678e-04 4.323e-03 -1.000 1.130e-02 -1.106 -2.698 -3.372 -3.532 -3.605 -3.497 -3.546 -3.634 -3.763 -8.262 -11.690 -3.596 -3.487 -3.658 -3.714
0.01 -0.17553 10.00000 0.9989351034 2.4726924896    0.903  2.391  3.6185  1.429    7  0.000  0.479     0.00     0.00 -1  -3.6e-09      0.00 7.097e-01 2.790e-01 1.553e-03 6.679e-04 4.323e-03 -1.000 1.130e-02 -1.208 -2.808 -3.493 -3.658 -3.732 -3.622 -3.673 -3.761 -3.893 -8.392 -11.820 -3.723 -3.612 -3.785 -3.844
0.01 -0.17553 10.00000 0.9989506602 2.4726955891    0.901  2.432  3.6149  1.373    7  0.000  0.479     0.00     0.00 -1 -4.44e-09      0.00 7.097e-01 2.790e-01 1.553e-03 6.679e-04 4.323e-03 -1.000 1.130e-02 -1.309 -2.917 -3.613 -3.783 -3.860 -3.748 -3.800 -3.887 -4.023 -8.522 -11.950 -3.850 -3.737 -3.912 -3.974
0.01 -0.17553 10.00000 0.9989644885 2.4726984501    0.899  2.472  3.6114  1.317    7  0.000  0.479     0.00     0.00 -1 -5.48e-09      0.00 7.097e-01 2.791e-01 1.553e-03 6.679e-04 4.323e-03 -1.000 1.127e-02 -1.410 -3.025 -3.732 -3.907 -3.986 -3.872 -3.925 -4.012 -4.151 -8.650 -12.079 -3.975 -3.861 -4.038 -4.102
0.01 -0.17553 10.00000 0.9989771247 2.4727013111    0.896  2.512  3.6079  1.262    7  0.000  0.479     0.00     0.00 -1 -6.77e-09      0.00 7.096e-01 2.791e-01 1.553e-03 6.680e-04 4.323e-03 -1.000 1.123e-02 -1.510 -3.133 -3.850 -4.031 -4.111 -3.995 -4.051 -4.137 -4.280 -8.779 -12.207 -4.100 -3.985 -4.164 -4.231
0.01 -0.17553 10.00000 0.9989887476 2.4727036953    0.893  2.552  3.6043  1.207    7  0.000  0.479     0.00     0.00 -1 -8.29e-09      0.00 7.096e-01 2.791e-01 1.552e-03 6.683e-04 4.323e-03 -1.000 1.123e-02 -1.610 -3.240 -3.967 -4.154 -4.236 -4.118 -4.176 -4.261 -4.408 -8.907 -12.335 -4.225 -4.107 -4.289 -4.358
0.01 -0.17553 10.00000 0.9989997745 2.4727058411    0.890  2.592  3.5972  1.136    7  0.000  0.478     0.00     0.00 -1 -1.02e-08      0.00 7.096e-01 2.792e-01 1.550e-03 6.694e-04 4.323e-03 -1.000 1.120e-02 -1.709 -3.353 -4.104 -4.301 -4.386 -4.264 -4.327 -4.410 -4.563 -9.062 -12.491 -4.373 -4.254 -4.439 -4.514
0.01 -0.17553 10.00000 0.9990100861 2.4727082253    0.886  2.631  3.5918  1.074    7  0.000  0.477     0.00     0.00 -1 -1.25e-08      0.00 7.096e-01 2.792e-01 1.546e-03 6.730e-04 4.323e-03 -1.000 1.120e-02 -1.808 -3.463 -4.230 -4.435 -4.523 -4.398 -4.465 -4.546 -4.705 -9.203 -12.632 -4.509 -4.388 -4.576 -4.655
0.01 -0.17553 10.00000 0.9990200996 2.4727101326    0.881  2.671  3.5881  1.017    7  0.000  0.475     0.00     0.00 -1 -1.53e-08      0.00 7.096e-01 2.792e-01 1.540e-03 6.796e-04 4.323e-03 -1.000 1.120e-02 -1.906 -3.569 -4.347 -4.558 -4.648 -4.520 -4.591 -4.671 -4.833 -9.332 -12.760 -4.634 -4.511 -4.702 -4.784
0.01 -0.17553 10.00000 0.9990295768 2.4727122784    0.876  2.710  3.5842  0.959    7  0.000  0.473     0.00     0.00 -1 -1.87e-08      0.00 7.096e-01 2.792e-01 1.534e-03 6.876e-04 4.323e-03 -1.000 1.120e-02 -2.006 -3.677 -4.466 -4.684 -4.776 -4.645 -4.720 -4.799 -4.965 -9.464 -12.893 -4.761 -4.636 -4.831 -4.916
0.01 -0.17553 10.00000 0.9990385175 2.4727141857    0.869  2.750  3.5802  0.900    7  0.000  0.471     0.00     0.00 -1 -2.29e-08      0.00 7.096e-01 2.792e-01 1.527e-03 6.956e-04 4.323e-03 -1.000 1.120e-02 -2.104 -3.785 -4.584 -4.809 -4.904 -4.770 -4.850 -4.927 -5.098 -9.596 -13.025 -4.888 -4.762 -4.960 -5.048
0.01 -0.17553 10.00000 0.9990469217 2.4727158546    0.862  2.791  3.5759  0.838    7  0.000  0.469     0.00     0.00 -1 -2.83e-08      0.00 7.096e-01 2.792e-01 1.521e-03 7.027e-04 4.323e-03 -1.000 1.123e-02 -2.207 -3.898 -4.708 -4.940 -5.038 -4.902 -4.986 -5.062 -5.237 -9.736 -13.164 -5.021 -4.894 -5.096 -5.188
0.01 -0.17553 10.00000 0.9990534186 2.4727172852    0.855  2.832  3.5714  0.776    7  0.000  0.468     0.00     0.00 -1 -3.51e-08      0.00 7.096e-01 2.792e-01 1.516e-03 7.088e-04 4.323e-03 -1.000 1.127e-02 -2.310 -4.012 -4.833 -5.073 -5.174 -5.034 -5.123 -5.198 -5.378 -9.877 -13.305 -5.155 -5.027 -5.234 -5.329
0.01 -0.17553 10.00000 0.9990576506 2.4727180004    0.850  2.870  3.5674  0.719    7  0.000  0.466     0.00     0.00 -1 -4.24e-08      0.00 7.096e-01 2.792e-01 1.512e-03 7.140e-04 4.323e-03 -1.000 1.126e-02 -2.404 -4.117 -4.947 -5.194 -5.297 -5.155 -5.248 -5.323 -5.507 -10.006 -13.434 -5.278 -5.148 -5.359 -5.457
0.01 -0.17553 10.00000 0.9990611672 2.4727187157    0.844  2.908  3.5631  0.661    7  0.000  0.465     0.00     0.00 -1 -5.14e-08      0.00 7.096e-01 2.792e-01 1.508e-03 7.189e-04 4.323e-03 -1.000 1.120e-02 -2.500 -4.225 -5.065 -5.319 -5.425 -5.280 -5.378 -5.452 -5.640 -10.139 -13.567 -5.404 -5.273 -5.490 -5.591
0.01 -0.17553 10.00000 0.9990643263 2.4727194309    0.838  2.947  3.5585  0.601    7  0.000  0.464     0.00     0.00 -1  -6.2e-08      0.00 7.096e-01 2.792e-01 1.504e-03 7.230e-04 4.323e-03 -1.000 1.120e-02 -2.597 -4.334 -5.185 -5.446 -5.556 -5.408 -5.511 -5.584 -5.777 -10.276 -13.704 -5.533 -5.402 -5.623 -5.728
0.01 -0.17553 10.00000 0.9990672469 2.4727201462    0.831  2.986  3.5537  0.539    7  0.000  0.463     0.00     0.00 -1 -7.57e-08      0.00 7.096e-01 2.792e-01 1.502e-03 7.262e-04 4.323e-03 -1.000 1.120e-02 -2.695 -4.445 -5.306 -5.575 -5.688 -5.537 -5.646 -5.718 -5.919 -10.417 -13.845 -5.664 -5.532 -5.761 -5.869
0.01 -0.17553 10.00000 0.9990696907 2.4727206230    0.824  3.021  3.5494  0.482    7  0.000  0.463     0.00     0.00 -1 -9.02e-08      0.00 7.096e-01 2.792e-01 1.500e-03 7.283e-04 4.323e-03 -1.000 1.120e-02 -2.783 -4.546 -5.415 -5.693 -5.809 -5.656 -5.769 -5.841 -6.052 -10.548 -13.978 -5.782 -5.651 -5.890 -6.003
0.01 -0.17553 10.00000 0.9990724921 2.4727210999    0.815  3.061  3.5440  0.416    7  0.000  0.462     0.00     0.00 -1 -1.12e-07      0.00 7.096e-01 2.792e-01 1.499e-03 7.300e-04 4.323e-03 -1.000 1.120e-02 -2.883 -4.663 -5.542 -5.829 -5.949 -5.795 -5.914 -5.986 -6.209 -10.703 -14.133 -5.920 -5.791 -6.043 -6.160
0.01 -0.17553 10.00000 0.9990752935 2.4727218151    0.803  3.099  3.5387  0.350    7  0.000  0.462     0.00     0.00 -1 -1.37e-07      0.00 7.096e-01 2.792e-01 1.498e-03 7.306e-04 4.323e-03 -1.000 1.120e-02 -2.978 -4.775 -5.662 -5.959 -6.085 -5.929 -6.053 -6.126 -6.364 -10.855 -14.286 -6.053 -5.926 -6.193 -6.315
0.01 -0.17553 10.00000 0.9990783334 2.4727225304    0.786  3.138  3.5331  0.280    7  0.000  0.462     0.00     0.00 -1 -1.71e-07      0.00 7.096e-01 2.792e-01 1.498e-03 7.306e-04 4.323e-03 -1.000 1.120e-02 -3.074 -4.890 -5.784 -6.092 -6.222 -6.067 -6.195 -6.268 -6.525 -11.012 -14.445 -6.188 -6.064 -6.349 -6.476
0.01 -0.17553 10.00000 0.9990812540 2.4727230072    0.767  3.172  3.5278  0.214    7  0.000  0.462     0.00     0.00 -1 -2.13e-07      0.00 7.096e-01 2.792e-01 1.498e-03 7.306e-04 4.323e-03 -1.000 1.120e-02 -3.160 -4.994 -5.895 -6.212 -6.348 -6.193 -6.326 -6.400 -6.683 -11.164 -14.599 -6.309 -6.190 -6.502 -6.635
0.01 -0.17553 10.00000 0.9990819097 2.4727232456    0.762  3.191  3.5250  0.181    7  0.000  0.462     0.00     0.00 -1 -2.37e-07      0.00 7.096e-01 2.792e-01 1.498e-03 7.306e-04 4.323e-03 -1.000 1.120e-02 -3.208 -5.051 -5.954 -6.278 -6.415 -6.261 -6.397 -6.471 -6.765 -11.244 -14.680 -6.375 -6.258 -6.582 -6.719
0.01 -0.17553 10.00000 0.9990823269 2.4727232456    0.758  3.176  3.5270  0.202    7  0.000  0.462     0.00     0.00 -1 -2.25e-07      0.00 7.096e-01 2.792e-01 1.498e-03 7.306e-04 4.323e-03 -1.000 1.120e-02 -3.169 -5.006 -5.907 -6.227 -6.363 -6.208 -6.342 -6.416 -6.705 -11.185 -14.621 -6.324 -6.206 -6.524 -6.659
0.01 -0.17553 10.00000 0.9990823865 2.4727232456    0.758  3.123  3.5338  0.282    7  0.000  0.462     0.00     0.00 -1 -1.81e-07      0.00 7.096e-01 2.792e-01 1.498e-03 7.306e-04 4.323e-03 -1.000 1.120e-02 -3.038 -4.851 -5.744 -6.051 -6.181 -6.026 -6.154 -6.228 -6.490 -10.975 -14.409 -6.147 -6.023 -6.314 -6.442
0.01 -0.17553 10.00000 0.9990824461 2.4727232456    0.758  3.182  3.5261  0.192    7  0.000  0.462     0.00     0.00 -1  -2.3e-07      0.00 7.096e-01 2.793e-01 1.497e-03 7.317e-04 4.323e-03 -1.000 1.117e-02 -3.184 -5.023 -5.925 -6.247 -6.384 -6.229 -6.364 -6.438 -6.730 -11.209 -14.645 -6.344 -6.226 -6.547 -6.683
0.01 -0.17553 10.00000 0.9990825057 2.4727232456    0.757  3.128  3.5332  0.273    7  0.000  0.462     0.00     0.00 -1 -1.86e-07      0.00 7.096e-01 2.793e-01 1.497e-03 7.317e-04 4.323e-03 -1.000 1.117e-02 -3.051 -4.867 -5.761 -6.069 -6.200 -6.044 -6.173 -6.247 -6.512 -10.996 -14.430 -6.165 -6.041 -6.336 -6.464
0.01 -0.17553 10.00000 0.9990827441 2.4727232456    0.755  3.129  3.5330  0.271    7  0.000  0.462     0.00     0.00 -1 -1.88e-07      0.00 7.096e-01 2.793e-01 1.497e-03 7.317e-04 4.323e-03 -1.000 1.117e-02 -3.053 -4.869 -5.763 -6.072 -6.203 -6.047 -6.176 -6.250 -6.517 -11.001 -14.435 -6.168 -6.044 -6.341 -6.469
0.01 -0.17553 10.00000 0.9990829229 2.4727234840    0.754  3.132  3.5327  0.266    7  0.000  0.462     0.00     0.00 -1 -1.92e-07      0.00 7.096e-01 2.793e-01 1.497e-03 7.317e-04 4.323e-03 -1.000 1.117e-02 -3.060 -4.877 -5.771 -6.080 -6.211 -6.056 -6.185 -6.259 -6.529 -11.012 -14.447 -6.176 -6.053 -6.352 -6.482
0.01 -0.17553 10.00000 0.9990831017 2.4727234840    0.753  3.134  3.5325  0.263    7  0.000  0.462     0.00     0.00 -1 -1.95e-07      0.00 7.096e-01 2.793e-01 1.497e-03 7.317e-04 4.323e-03 -1.000 1.117e-02 -3.064 -4.882 -5.776 -6.086 -6.217 -6.062 -6.191 -6.266 -6.537 -11.020 -14.455 -6.182 -6.059 -6.360 -6.490
0.01 -0.17553 10.00000 0.9990832806 2.4727234840    0.752  3.171  3.5273  0.204    7  0.000  0.462     0.00     0.00 -1 -2.29e-07      0.00 7.096e-01 2.793e-01 1.497e-03 7.317e-04 4.323e-03 -1.000 1.117e-02 -3.158 -4.993 -5.894 -6.213 -6.349 -6.195 -6.328 -6.403 -6.694 -11.173 -14.609 -6.310 -6.192 -6.512 -6.647
0.01 -0.17553 10.00000 0.9990834594 2.4727234840    0.750  3.217  3.5210  0.132    7  0.000  0.462     0.00     0.00 -1 -2.77e-07      0.00 7.096e-01 2.793e-01 1.497e-03 7.317e-04 4.323e-03 -1.000 1.117e-02 -3.273 -5.129 -6.037 -6.369 -6.511 -6.357 -6.497 -6.572 -6.890 -11.363 -14.801 -6.468 -6.355 -6.702 -6.844
0.01 -0.17553 10.00000 0.9990837574 2.4727234840    0.747  3.260  3.5150  0.063    7  0.000  0.462     0.00     0.00 -1 -3.34e-07      0.00 7.096e-01 2.793e-01 1.497e-03 7.317e-04 4.323e-03 -1.000 1.117e-02 -3.381 -5.257 -6.170 -6.515 -6.663 -6.509 -6.654 -6.732 -7.089 -11.552 -14.993 -6.615 -6.508 -6.893 -7.044
0.01 -0.17553 10.00000 0.9990840554 2.4727237225    0.743  3.304  3.5087 -0.008    7  0.000  0.462     0.00     0.00 -1 -4.09e-07      0.00 7.096e-01 2.793e-01 1.497e-03 7.317e-04 4.323e-03 -1.000 1.117e-02 -3.489 -5.387 -6.305 -6.663 -6.816 -6.664 -6.814 -6.893 -7.290 -11.742 -15.188 -6.762 -6.663 -7.087 -7.246
0.01 -0.17553 10.00000 0.9990844727 2.4727237225    0.737  3.339  3.5032 -0.069    7  0.000  0.462     0.00     0.00 -1 -4.82e-07      0.01 7.096e-01 2.793e-01 1.497e-03 7.326e-04 4.323e-03 -1.000 1.117e-02 -3.578 -5.494 -6.416 -6.785 -6.945 -6.796 -6.949 -7.029 -7.467 -11.910 -15.358 -6.884 -6.795 -7.258 -7.425
0.01 -0.17553 10.00000 0.9990850091 2.4727237225    0.727  3.376  3.4976 -0.134    7  0.522  0.461     0.00     0.00 -1 -5.82e-07      0.01 7.096e-01 2.793e-01 1.496e-03 7.332e-04 4.323e-03 -1.000 1.117e-02 -3.669 -5.604 -6.530 -6.910 -7.078 -6.932 -7.089 -7.172 -7.671 -12.098 -15.551 -7.009 -6.930 -7.453 -7.631
0.01 -0.17553 10.00000 0.9990854859 2.4727239609    0.714  3.392  3.4948 -0.169    7  0.522  0.461     0.00     0.00 -1 -6.56e-07      0.01 7.096e-01 2.793e-01 1.496e-03 7.333e-04 4.323e-03 -1.000 1.117e-02 -3.711 -5.654 -6.582 -6.968 -7.140 -6.996 -7.155 -7.240 -7.777 -12.194 -15.650 -7.067 -6.993 -7.554 -7.739
0.01 -0.17553 10.00000 0.9990855455 2.4727239609    0.714  3.392  3.4948 -0.169    8  0.522  0.483   242.97   102.40  0 -6.55e-07      0.01 7.096e-01 2.806e-01 1.569e-03 7.346e-04 4.334e-03 -1.000 9.838e-03 -3.711 -5.655 -6.582 -6.968 -7.140 -6.996 -7.155 -7.239 -7.773 -12.191 -15.647 -7.066 -6.993 -7.551 -7.735
0.01 -0.17553 10.00000 0.9990856051 2.4727239609    0.713  3.123  3.5302  0.241    8  0.522  0.483   100.20    47.56  0 -2.18e-07      0.00 7.096e-01 2.806e-01 1.569e-03 7.346e-04 4.334e-03 -1.000 9.838e-03 -3.036 -4.862 -5.760 -6.073 -6.206 -6.052 -6.183 -6.257 -6.544 -11.023 -14.459 -6.170 -6.048 -6.364 -6.497
0.01 -0.17553 10.00000 0.9990856647 2.4727239609    0.711  2.988  3.5499  0.453    8  0.522  0.483    63.43    31.99  1 -1.24e-07      0.00 7.096e-01 2.806e-01 1.569e-03 7.346e-04 4.334e-03 -1.000 9.838e-03 -2.700 -4.462 -5.329 -5.607 -5.724 -5.572 -5.685 -5.759 -5.985 -10.477 -13.908 -5.698 -5.567 -5.821 -5.936
0.01 -0.17553 10.00000 0.9990858436 2.4727239609    0.707  2.825  3.5737  0.709    8  0.522  0.483    36.60    19.82  1 -6.24e-08      0.00 7.096e-01 2.806e-01 1.569e-03 7.346e-04 4.334e-03 -1.000 9.838e-03 -2.294 -3.993 -4.804 -5.043 -5.144 -5.004 -5.091 -5.169 -5.347 -9.846 -13.274 -5.126 -4.997 -5.204 -5.297
0.01 -0.17553 10.00000 0.9990860820 2.4727239609    0.701  2.850  3.5706  0.668    8  0.522  0.483    39.99    21.31  1 -7.15e-08      0.00 7.096e-01 2.806e-01 1.569e-03 7.346e-04 4.334e-03 -1.000 9.838e-03 -2.355 -4.061 -4.881 -5.125 -5.228 -5.087 -5.177 -5.254 -5.439 -9.936 -13.365 -5.210 -5.079 -5.293 -5.389
0.01 -0.17553 10.00000 0.9990863800 2.4727241993    0.693  2.979  3.5524  0.461    8  0.522  0.483    62.53    31.16  1  -1.3e-07      0.00 7.096e-01 2.806e-01 1.569e-03 7.346e-04 4.334e-03 -1.000 9.838e-03 -2.678 -4.434 -5.294 -5.569 -5.684 -5.534 -5.644 -5.719 -5.948 -10.438 -13.870 -5.659 -5.528 -5.785 -5.899
0.01 -0.17553 10.00000 0.9990867376 2.4727241993    0.684  3.141  3.5296  0.202    8  0.522  0.483   109.38    50.14  0 -2.69e-07      0.00 7.096e-01 2.806e-01 1.569e-03 7.346e-04 4.334e-03 -1.000 9.838e-03 -3.082 -4.910 -5.807 -6.123 -6.259 -6.105 -6.238 -6.315 -6.634 -11.105 -14.544 -6.222 -6.102 -6.450 -6.589
0.01 -0.17553 10.00000 0.9990871549 2.4727241993    0.673  3.272  3.5113 -0.009    8  0.523  0.483   172.95    73.77  0 -4.86e-07      0.01 7.096e-01 2.806e-01 1.569e-03 7.346e-04 4.334e-03 -1.000 9.838e-03 -3.410 -5.298 -6.214 -6.569 -6.724 -6.573 -6.723 -6.808 -7.261 -11.699 -15.150 -6.673 -6.571 -7.052 -7.220
0.01 -0.17553 10.00000 0.9990876317 2.4727244377    0.660  3.355  3.5002 -0.144    8  0.523  0.483   232.27    94.02  0  -7.2e-07      0.01 7.096e-01 2.806e-01 1.569e-03 7.346e-04 4.334e-03 -1.000 9.838e-03 -3.617 -5.541 -6.465 -6.845 -7.016 -6.874 -7.033 -7.127 -7.723 -12.125 -15.588 -6.952 -6.871 -7.494 -7.686
0.01 -0.17553 10.00000 0.9990881681 2.4727244377    0.647  3.396  3.4951 -0.215    8  0.523  0.483   271.82   106.05  0 -9.11e-07      0.02 7.096e-01 2.806e-01 1.569e-03 7.346e-04 4.334e-03 -1.000 9.838e-03 -3.721 -5.659 -6.588 -6.979 -7.161 -7.024 -7.189 -7.293 -8.001 -12.376 -15.849 -7.089 -7.021 -7.758 -7.967
0.01 -0.17553 10.00000 0.9990888238 2.4727246761    0.632  3.414  3.4936 -0.249    8  0.524  0.483   293.95   111.29  0 -1.05e-06      0.02 7.096e-01 2.806e-01 1.569e-03 7.346e-04 4.334e-03 -1.000 9.838e-03 -3.764 -5.705 -6.635 -7.032 -7.222 -7.090 -7.258 -7.372 -8.164 -12.521 -16.002 -7.148 -7.086 -7.910 -8.133
0.01 -0.17553 10.00000 0.9990894794 2.4727246761    0.616  3.422  3.4974 -0.253    8  0.524  0.483   299.28   110.25  0  -1.2e-06      0.03 7.096e-01 2.806e-01 1.569e-03 7.346e-04 4.334e-03 -1.000 9.838e-03 -3.785 -5.709 -6.637 -7.032 -7.228 -7.103 -7.275 -7.405 -8.304 -12.641 -16.131 -7.161 -7.098 -8.036 -8.275
0.01 -0.17553 10.00000 0.9990894794 2.4727246761    0.616  3.211  3.5240  0.064    8  0.524  0.483   150.94    60.98  0 -5.04e-07      0.01 7.096e-01 2.806e-01 1.569e-03 7.346e-04 4.334e-03 -1.000 9.838e-03 -3.257 -5.102 -6.004 -6.337 -6.485 -6.336 -6.478 -6.570 -7.064 -11.488 -14.944 -6.445 -6.333 -6.855 -7.024
0.01 -0.17553 10.00000 0.9990894794 2.4727246761    0.615  3.026  3.5507  0.355    8  0.524  0.483    80.58    35.40  0 -2.33e-07      0.00 7.096e-01 2.806e-01 1.569e-03 7.346e-04 4.334e-03 -1.000 9.838e-03 -2.795 -4.558 -5.418 -5.699 -5.820 -5.671 -5.783 -5.865 -6.163 -10.633 -14.073 -5.794 -5.665 -5.993 -6.118
0.01 -0.17553 10.00000 0.9990895391 2.4727246761    0.614  2.862  3.5746  0.614    8  0.524  0.483    46.19    21.84  1 -1.15e-07      0.00 7.096e-01 2.806e-01 1.569e-03 7.346e-04 4.334e-03 -1.000 9.838e-03 -2.386 -4.086 -4.890 -5.132 -5.234 -5.094 -5.181 -5.263 -5.470 -9.960 -13.391 -5.217 -5.086 -5.324 -5.422
0.01 -0.17553 10.00000 0.9990895987 2.4727249146    0.612  2.885  3.5713  0.577    8  0.524  0.483    50.08    23.35  1 -1.29e-07      0.00 7.096e-01 2.806e-01 1.569e-03 7.346e-04 4.334e-03 -1.000 9.838e-03 -2.443 -4.151 -4.963 -5.210 -5.315 -5.173 -5.264 -5.345 -5.564 -10.051 -13.483 -5.297 -5.165 -5.415 -5.516
0.01 -0.17553 10.00000 0.9990896583 2.4727249146    0.610  3.011  3.5527  0.375    8  0.524  0.483    77.51    33.94  0 -2.25e-07      0.00 7.096e-01 2.806e-01 1.569e-03 7.346e-04 4.334e-03 -1.000 9.838e-03 -2.758 -4.515 -5.371 -5.649 -5.768 -5.620 -5.729 -5.812 -6.105 -10.576 -14.015 -5.742 -5.613 -5.936 -6.059
0.01 -0.17553 10.00000 0.9990897179 2.4727249146    0.607  3.169  3.5288  0.120    8  0.524  0.483   134.58    54.42  0 -4.41e-07      0.01 7.096e-01 2.806e-01 1.569e-03 7.346e-04 4.334e-03 -1.000 9.838e-03 -3.152 -4.982 -5.878 -6.200 -6.342 -6.193 -6.329 -6.418 -6.869 -11.303 -14.755 -6.306 -6.189 -6.667 -6.829
0.01 -0.17553 10.00000 0.9990898371 2.4727249146    0.604  3.296  3.5090 -0.089    8  0.524  0.483   211.89    80.09  0 -7.53e-07      0.01 7.096e-01 2.806e-01 1.569e-03 7.346e-04 4.334e-03 -1.000 9.838e-03 -3.471 -5.363 -6.281 -6.646 -6.814 -6.673 -6.830 -6.932 -7.585 -11.974 -15.443 -6.761 -6.670 -7.351 -7.550
0.01 -0.17553 10.00000 0.9990898967 2.4727249146    0.601  3.376  3.4963 -0.222    8  0.524  0.483   283.07   102.16  0 -1.05e-06      0.02 7.096e-01 2.806e-01 1.569e-03 7.346e-04 4.334e-03 -1.000 9.838e-03 -3.670 -5.600 -6.529 -6.922 -7.110 -6.979 -7.147 -7.264 -8.079 -12.432 -15.915 -7.040 -6.975 -7.822 -8.048
0.01 -0.17553 10.00000 0.9990900159 2.4727249146    0.597  3.415  3.4901 -0.288    8  0.524  0.483   327.72   114.99  0 -1.25e-06      0.03 7.096e-01 2.806e-01 1.569e-03 7.346e-04 4.334e-03 -1.000 9.838e-03 -3.767 -5.713 -6.648 -7.056 -7.258 -7.135 -7.309 -7.438 -8.358 -12.691 -16.181 -7.179 -7.129 -8.087 -8.330
0.01 -0.17553 10.00000 0.9990901947 2.4727249146    0.593  3.429  3.4882 -0.314    8  0.524  0.483   347.55   119.79  0 -1.36e-06      0.04 7.096e-01 2.806e-01 1.569e-03 7.346e-04 4.334e-03 -1.000 9.838e-03 -3.804 -5.753 -6.690 -7.103 -7.311 -7.193 -7.368 -7.503 -8.474 -12.797 -16.292 -7.228 -7.186 -8.196 -8.448
0.01 -0.17553 10.00000 0.9990903139 2.4727249146    0.588  3.435  3.5209 -0.192    8  0.525  0.483   268.51    94.75  0 -1.57e-06      0.04 7.096e-01 2.806e-01 1.569e-03 7.346e-04 4.334e-03 -1.000 9.838e-03 -3.817 -5.654 -6.563 -6.926 -7.126 -7.021 -7.189 -7.364 -8.545 -12.834 -16.345 -7.084 -7.011 -8.243 -8.523
0.01 -0.17553 10.00000 0.9990903139 2.4727249146    0.588  3.225  3.5248  0.033    8  0.525  0.483   165.36    62.26  0 -6.23e-07      0.01 7.096e-01 2.806e-01 1.569e-03 7.346e-04 4.334e-03 -1.000 9.838e-03 -3.293 -5.134 -6.035 -6.369 -6.521 -6.375 -6.519 -6.619 -7.206 -11.607 -15.071 -6.482 -6.371 -6.985 -7.170
0.01 -0.17553 10.00000 0.9990903735 2.4727249146    0.587  3.041  3.5572  0.347    8  0.525  0.483    84.16    34.65  0 -2.92e-07      0.00 7.096e-01 2.806e-01 1.569e-03 7.346e-04 4.334e-03 -1.000 9.838e-03 -2.831 -4.577 -5.420 -5.695 -5.815 -5.670 -5.778 -5.867 -6.232 -10.682 -14.128 -5.791 -5.663 -6.056 -6.190
0.01 -0.17553 10.00000 0.9990903735 2.4727249146    0.585  2.877  3.5867  0.627    8  0.525  0.483    46.01    20.49  1 -1.44e-07      0.00 7.096e-01 2.806e-01 1.569e-03 7.346e-04 4.334e-03 -1.000 9.838e-03 -2.423 -4.101 -4.864 -5.090 -5.189 -5.055 -5.129 -5.218 -5.444 -9.926 -13.360 -5.174 -5.045 -5.303 -5.397
0.01 -0.17553 10.00000 0.9990904331 2.4727249146    0.584  2.900  3.5845  0.594    8  0.525  0.483    49.55    21.74  1 -1.61e-07      0.00 7.096e-01 2.806e-01 1.569e-03 7.346e-04 4.334e-03 -1.000 9.838e-03 -2.480 -4.164 -4.932 -5.163 -5.263 -5.128 -5.205 -5.294 -5.536 -10.014 -13.449 -5.248 -5.118 -5.391 -5.490
0.01 -0.17553 10.00000 0.9990904927 2.4727249146    0.581  3.026  3.5645  0.387    8  0.525  0.483    77.73    31.87  0 -2.83e-07      0.00 7.096e-01 2.806e-01 1.569e-03 7.346e-04 4.334e-03 -1.000 9.838e-03 -2.794 -4.522 -5.346 -5.609 -5.726 -5.584 -5.684 -5.775 -6.140 -10.588 -14.034 -5.705 -5.576 -5.967 -6.098
0.01 -0.17553 10.00000 0.9990906119 2.4727249146    0.579  3.183  3.5387  0.124    8  0.525  0.483   137.40    51.71  0 -5.59e-07      0.01 7.096e-01 2.806e-01 1.569e-03 7.346e-04 4.334e-03 -1.000 9.838e-03 -3.187 -4.985 -5.864 -6.173 -6.317 -6.173 -6.303 -6.406 -6.980 -11.381 -14.844 -6.285 -6.167 -6.766 -6.944
0.01 -0.17553 10.00000 0.9990906715 2.4727249146    0.575  3.310  3.5183 -0.087    8  0.525  0.483   218.12    76.30  0  -9.6e-07      0.02 7.096e-01 2.806e-01 1.569e-03 7.346e-04 4.334e-03 -1.000 9.838e-03 -3.506 -5.364 -6.272 -6.626 -6.797 -6.664 -6.820 -6.944 -7.762 -12.113 -15.599 -6.754 -6.659 -7.509 -7.733
0.01 -0.17553 10.00000 0.9990907907 2.4727251530    0.571  3.390  3.5068 -0.216    8  0.525  0.483   289.63    96.23  0 -1.35e-06      0.04 7.096e-01 2.806e-01 1.569e-03 7.346e-04 4.334e-03 -1.000 9.838e-03 -3.705 -5.592 -6.515 -6.899 -7.097 -6.981 -7.153 -7.304 -8.341 -12.654 -16.155 -7.042 -6.973 -8.055 -8.315
0.01 -0.17553 10.00000 0.9990909696 2.4727251530    0.567  3.429  3.5035 -0.271    8  0.525  0.483   328.94   105.70  0 -1.63e-06      0.05 7.096e-01 2.806e-01 1.569e-03 7.346e-04 4.334e-03 -1.000 9.838e-03 -3.803 -5.695 -6.622 -7.017 -7.229 -7.122 -7.300 -7.467 -8.624 -12.916 -16.426 -7.170 -7.113 -8.323 -8.602
0.01 -0.17553 10.00000 0.9990910888 2.4727251530    0.562  3.444  3.5058 -0.280    8  0.525  0.483   339.06   106.34  0  -1.8e-06      0.06 7.096e-01 2.806e-01 1.569e-03 7.346e-04 4.334e-03 -1.000 9.838e-03 -3.840 -5.720 -6.646 -7.042 -7.261 -7.163 -7.345 -7.528 -8.770 -13.050 -16.565 -7.206 -7.153 -8.456 -8.749
0.01 -0.17553 10.00000 0.9990912676 2.4727251530    0.557  3.450  3.5482 -0.121    8  0.525  0.483   243.26    77.84  0  -2.1e-06      0.07 7.096e-01 2.806e-01 1.569e-03 7.346e-04 4.334e-03 -1.000 9.838e-03 -3.854 -5.599 -6.464 -6.801 -7.029 -6.972 -7.136 -7.388 -8.945 -13.182 -16.709 -6.996 -6.948 -8.600 -8.928
0.01 -0.17553 10.00000 0.9990921617 2.4727253914    0.525 -9.999  4.0000  1.885    9  0.526  0.000     0.00     0.00 -1    -1e-30      0.00 7.096e-01 2.806e-01 1.569e-03 7.346e-04 4.334e-03 -1.000 9.838e-03 29.767 30.038 30.065 30.076 30.082 30.081 30.084 30.087 29.605 29.949 30.014 30.081 30.081 29.681 29.787
#isochrone terminated
