# File generated by CMD 3.3 (http://stev.oapd.inaf.it/cmd) on Wed Apr 22 16:22:48 CEST 2020
# isochrones based on PARSEC release v1.2S +  COLIBRI S_35
# Basic references: Bressan et al. (2012), MNRAS, 427, 127 + Chen et al. (2014, 2015), MNRAS, 444, 2525 + MNRAS, 452, 1068 + Tang et al. (2014), MNRAS, 445, 4287 + Marigo et al. (2017), ApJ, 835, 77 + Pastorelli al. (2019), MNRAS in press
# Thermal pulse cycles included 
# On RGB, assumed Reimers mass loss with efficiency eta=0.2
# Photometric system:  2MASS + Spitzer (IRAC+MIPS) + WISE
# Using YBC version of bolometric corrections as in Chen et al. (2019)
# O-rich circumstellar dpmod60alox40 dust from Groenewegen (2006)
# C-rich circumstellar AMCSIC15 dust from Groenewegen (2006)
# IMF: Kroupa (2001, 2002) + Kroupa et al. (2013) canonical two-part-power law IMF corrected for unresolved binaries 
# Kind of output: isochrone tables
# Zini     MH   logAge Mini        int_IMF         Mass   logL    logTe  logg  label   McoreTP C_O  period0 period1 pmode  Mloss  tau1m   X   Y   Xc  Xn  Xo  Cexcess  Z 	 mbolmag  Jmag    Hmag    Ksmag   IRAC_3.6mag  IRAC_4.5mag  IRAC_5.8mag  IRAC_8.0mag  MIPS_24mag  MIPS_70mag  MIPS_160mag  W1mag   W2mag   W3mag   W4mag
0.04 0.47971 6.00000 0.1000000015 1.1711064577    0.100 -1.266  3.4218  3.343    0  0.000  0.545     0.00     0.00 -1 -4.63e-14      0.00 6.390e-01 3.210e-01 7.193e-03 1.940e-03 1.760e-02 -1.000 4.000e-02 7.935 5.816 5.293 4.926 4.462 4.311 4.243 4.151 3.496 3.446 3.484 4.605 4.314 4.092 3.686
0.04 0.47971 6.00000 0.1199999973 1.3193154335    0.120 -1.107  3.4319  3.304    0  0.000  0.545     0.00     0.00 -1 -6.38e-14      0.00 6.390e-01 3.210e-01 7.193e-03 1.940e-03 1.760e-02 -1.000 4.000e-02 7.538 5.422 4.892 4.549 4.112 3.965 3.904 3.820 3.173 3.126 3.174 4.253 3.970 3.766 3.363
0.04 0.47971 6.00000 0.1400000006 1.4384527206    0.140 -0.979  3.4413  3.280    0  0.000  0.545     0.00     0.00 -1 -8.17e-14      0.00 6.390e-01 3.210e-01 7.193e-03 1.940e-03 1.760e-02 -1.000 4.000e-02 7.217 5.106 4.558 4.241 3.835 3.694 3.639 3.562 2.923 2.880 2.935 3.974 3.699 3.513 3.113
0.04 0.47971 6.00000 0.1587084830 1.5314062834    0.159 -0.871  3.4508  3.265    0  0.000  0.545     0.00     0.00 -1    -1e-13      0.00 6.390e-01 3.210e-01 7.193e-03 1.940e-03 1.760e-02 -1.000 4.000e-02 6.948 4.845 4.271 3.980 3.608 3.474 3.425 3.355 2.724 2.687 2.748 3.746 3.480 3.311 2.915
0.04 0.47971 6.00000 0.1614542753 1.5438485146    0.161 -0.864  3.4520  3.270    0  0.000  0.545     0.00     0.00 -1    -1e-13      0.00 6.390e-01 3.210e-01 7.193e-03 1.940e-03 1.760e-02 -1.000 4.000e-02 6.929 4.828 4.251 3.963 3.595 3.462 3.413 3.343 2.714 2.677 2.740 3.732 3.468 3.300 2.904
0.04 0.47971 6.00000 0.1665765941 1.5663405657    0.167 -0.855  3.4542  3.283    0  0.000  0.545     0.00     0.00 -1 -9.92e-14      0.00 6.390e-01 3.210e-01 7.193e-03 1.940e-03 1.760e-02 -1.000 4.000e-02 6.908 4.810 4.227 3.944 3.583 3.451 3.403 3.335 2.708 2.673 2.738 3.719 3.457 3.293 2.898
0.04 0.47971 6.00000 0.1707175076 1.5838760138    0.171 -0.840  3.4564  3.288    0  0.000  0.545     0.00     0.00 -1 -1.01e-13      0.00 6.390e-01 3.210e-01 7.193e-03 1.940e-03 1.760e-02 -1.000 4.000e-02 6.871 4.776 4.186 3.908 3.555 3.425 3.378 3.311 2.687 2.654 2.720 3.691 3.431 3.271 2.877
0.04 0.47971 6.00000 0.1754059792 1.6030745506    0.175 -0.817  3.4592  3.288    0  0.000  0.545     0.00     0.00 -1 -1.05e-13      0.00 6.390e-01 3.210e-01 7.193e-03 1.940e-03 1.760e-02 -1.000 4.000e-02 6.813 4.723 4.122 3.852 3.509 3.381 3.336 3.271 2.649 2.618 2.687 3.644 3.388 3.233 2.839
0.04 0.47971 6.00000 0.1817606390 1.6280566454    0.182 -0.778  3.4633  3.281    0  0.000  0.545     0.00     0.00 -1 -1.14e-13      0.00 6.390e-01 3.210e-01 7.193e-03 1.940e-03 1.760e-02 -1.000 4.000e-02 6.716 4.632 4.013 3.754 3.429 3.306 3.264 3.201 2.584 2.556 2.627 3.564 3.313 3.166 2.774
0.04 0.47971 6.00000 0.1923529953 1.6672723293    0.192 -0.710  3.4700  3.264    0  0.000  0.545     0.00     0.00 -1 -1.32e-13      0.00 6.390e-01 3.210e-01 7.193e-03 1.940e-03 1.760e-02 -1.000 4.000e-02 6.545 4.471 3.820 3.578 3.286 3.172 3.134 3.077 2.466 2.442 2.518 3.421 3.180 3.045 2.656
0.04 0.47971 6.00000 0.2051494569 1.7110619545    0.205 -0.669  3.4758  3.274    0  0.000  0.545     0.00     0.00 -1 -1.39e-13      0.00 6.390e-01 3.210e-01 7.193e-03 1.940e-03 1.760e-02 -1.000 4.000e-02 6.443 4.380 3.704 3.474 3.208 3.102 3.067 3.013 2.409 2.391 2.471 3.340 3.110 2.985 2.599
0.04 0.47971 6.00000 0.2132278383 1.7369182110    0.213 -0.671  3.4783  3.303    0  0.000  0.545     0.00     0.00 -1 -1.31e-13      0.00 6.390e-01 3.210e-01 7.193e-03 1.940e-03 1.760e-02 -1.000 4.000e-02 6.448 4.391 3.711 3.483 3.224 3.120 3.085 3.032 2.432 2.417 2.499 3.355 3.128 3.007 2.622
0.04 0.47971 6.00000 0.2212915570 1.7614877224    0.221 -0.664  3.4814  3.325    0  0.000  0.545     0.00     0.00 -1 -1.27e-13      0.00 6.390e-01 3.210e-01 7.193e-03 1.940e-03 1.760e-02 -1.000 4.000e-02 6.430 4.380 3.691 3.467 3.218 3.117 3.084 3.032 2.436 2.425 2.510 3.347 3.126 3.009 2.626
0.04 0.47971 6.00000 0.2292861044 1.7847236395    0.229 -0.646  3.4852  3.337    0  0.000  0.545     0.00     0.00 -1 -1.29e-13      0.00 6.390e-01 3.210e-01 7.193e-03 1.940e-03 1.760e-02 -1.000 4.000e-02 6.384 4.344 3.641 3.422 3.186 3.090 3.057 3.005 2.415 2.411 2.502 3.311 3.099 2.987 2.605
0.04 0.47971 6.00000 0.2371598780 1.8066014051    0.237 -0.614  3.4897  3.338    0  0.000  0.545     0.00     0.00 -1 -1.36e-13      0.00 6.390e-01 3.210e-01 7.193e-03 1.940e-03 1.760e-02 -1.000 4.000e-02 6.305 4.275 3.553 3.341 3.123 3.034 3.001 2.949 2.366 2.370 2.467 3.244 3.043 2.937 2.556
0.04 0.47971 6.00000 0.2448969334 1.8271982670    0.245 -0.572  3.4947  3.329    0  0.000  0.545     0.00     0.00 -1 -1.49e-13      0.00 6.390e-01 3.210e-01 7.193e-03 1.940e-03 1.760e-02 -1.000 4.000e-02 6.199 4.182 3.439 3.231 3.032 2.954 2.922 2.873 2.297 2.307 2.407 3.151 2.963 2.864 2.487
0.04 0.47971 6.00000 0.2508918643 1.8425843716    0.251 -0.537  3.4985  3.321    0  0.000  0.545     0.00     0.00 -1 -1.61e-13      0.00 6.390e-01 3.210e-01 7.193e-03 1.940e-03 1.760e-02 -1.000 4.000e-02 6.113 4.105 3.345 3.141 2.957 2.887 2.857 2.809 2.239 2.253 2.356 3.073 2.897 2.803 2.429
0.04 0.47971 6.00000 0.2634856999 1.8734035492    0.263 -0.519  3.5025  3.340    0  0.000  0.545     0.00     0.00 -1  -1.6e-13      0.00 6.390e-01 3.210e-01 7.193e-03 1.940e-03 1.760e-02 -1.000 4.000e-02 6.068 4.072 3.302 3.100 2.925 2.863 2.833 2.786 2.222 2.242 2.348 3.037 2.873 2.783 2.412
0.04 0.47971 6.00000 0.2761932611 1.9026184082    0.276 -0.512  3.5060  3.367    0  0.000  0.545     0.00     0.00 -1 -1.54e-13      0.00 6.390e-01 3.210e-01 7.193e-03 1.940e-03 1.760e-02 -1.000 4.000e-02 6.051 4.065 3.289 3.087 2.920 2.863 2.834 2.787 2.229 2.254 2.363 3.028 2.873 2.787 2.418
0.04 0.47971 6.00000 0.2888356149 1.9299991131    0.289 -0.503  3.5097  3.392    0  0.000  0.545     0.00     0.00 -1  -1.5e-13      0.00 6.390e-01 3.210e-01 7.193e-03 1.940e-03 1.760e-02 -1.000 4.000e-02 6.027 4.052 3.267 3.067 2.909 2.859 2.830 2.783 2.231 2.262 2.373 3.014 2.869 2.787 2.421
0.04 0.47971 6.00000 0.3083758652 1.9693897963    0.308 -0.471  3.5159  3.414    0  0.000  0.545     0.00     0.00 -1 -1.52e-13      0.00 6.390e-01 3.210e-01 7.193e-03 1.940e-03 1.760e-02 -1.000 4.000e-02 5.947 3.991 3.191 2.994 2.851 2.815 2.785 2.737 2.197 2.239 2.356 2.949 2.825 2.746 2.386
0.04 0.47971 6.00000 0.3276456296 2.0051796436    0.328 -0.440  3.5215  3.432    0  0.000  0.545     0.00     0.00 -1 -1.55e-13      0.00 6.390e-01 3.210e-01 7.193e-03 1.940e-03 1.760e-02 -1.000 4.000e-02 5.871 3.931 3.119 2.925 2.794 2.770 2.740 2.691 2.161 2.212 2.333 2.885 2.780 2.705 2.350
0.04 0.47971 6.00000 0.3473868370 2.0391137600    0.347 -0.418  3.5267  3.456    0  0.000  0.545     0.00     0.00 -1 -1.54e-13      0.00 6.390e-01 3.210e-01 7.193e-03 1.940e-03 1.760e-02 -1.000 4.000e-02 5.814 3.890 3.072 2.878 2.754 2.741 2.710 2.661 2.140 2.198 2.321 2.839 2.751 2.679 2.329
0.04 0.47971 6.00000 0.3532820642 2.0487642288    0.353 -0.410  3.5283  3.462    0  0.000  0.545     0.00     0.00 -1 -1.54e-13      0.00 6.390e-01 3.210e-01 7.193e-03 1.940e-03 1.760e-02 -1.000 4.000e-02 5.796 3.876 3.056 2.862 2.740 2.731 2.700 2.651 2.132 2.193 2.316 2.824 2.741 2.670 2.322
0.04 0.47971 6.00000 0.3822552860 2.0933241844    0.382 -0.364  3.5363  3.482    0  0.000  0.545     0.00     0.00 -1 -1.61e-13      0.00 6.390e-01 3.210e-01 7.193e-03 1.940e-03 1.760e-02 -1.000 4.000e-02 5.681 3.784 2.959 2.766 2.652 2.659 2.627 2.575 2.071 2.142 2.268 2.726 2.669 2.600 2.260
0.04 0.47971 6.00000 0.4037789702 2.1236774921    0.404 -0.336  3.5417  3.498    0  0.000  0.545     0.00     0.00 -1 -1.64e-13      0.00 6.390e-01 3.210e-01 7.193e-03 1.940e-03 1.760e-02 -1.000 4.000e-02 5.609 3.727 2.901 2.709 2.600 2.617 2.584 2.530 2.035 2.113 2.241 2.667 2.627 2.558 2.225
0.04 0.47971 6.00000 0.4433339536 2.1743237972    0.443 -0.277  3.5514  3.519    0  0.000  0.545     0.00     0.00 -1 -1.75e-13      0.00 6.390e-01 3.210e-01 7.193e-03 1.940e-03 1.760e-02 -1.000 4.000e-02 5.462 3.607 2.787 2.597 2.493 2.526 2.490 2.430 1.953 2.044 2.174 2.548 2.536 2.465 2.142
0.04 0.47971 6.00000 0.4500000179 2.1822810173    0.450 -0.268  3.5530  3.523    0  0.000  0.545     0.00     0.00 -1 -1.77e-13      0.00 6.390e-01 3.210e-01 7.193e-03 1.940e-03 1.760e-02 -1.000 4.000e-02 5.440 3.590 2.771 2.582 2.478 2.513 2.477 2.416 1.941 2.034 2.164 2.531 2.523 2.452 2.131
0.04 0.47971 6.00000 0.4697291553 2.2049612999    0.470 -0.240  3.5577  3.532    0  0.000  0.545     0.00     0.00 -1 -1.83e-13      0.00 6.390e-01 3.210e-01 7.193e-03 1.940e-03 1.760e-02 -1.000 4.000e-02 5.369 3.532 2.719 2.531 2.429 2.471 2.433 2.369 1.902 2.001 2.131 2.477 2.480 2.408 2.092
0.04 0.47971 6.00000 0.5000000596 2.2374544144    0.500 -0.198  3.5645  3.545    0  0.000  0.545     0.00     0.00 -1 -1.92e-13      0.00 6.390e-01 3.210e-01 7.193e-03 1.940e-03 1.760e-02 -1.000 4.000e-02 5.265 3.449 2.643 2.459 2.360 2.410 2.372 2.303 1.846 1.952 2.081 2.401 2.419 2.346 2.035
0.04 0.47971 6.00000 0.5201836824 2.2573359013    0.520 -0.171  3.5691  3.553    0  0.000  0.545     0.00     0.00 -1 -1.99e-13      0.00 6.390e-01 3.210e-01 7.193e-03 1.940e-03 1.760e-02 -1.000 4.000e-02 5.197 3.394 2.594 2.412 2.316 2.371 2.332 2.261 1.809 1.920 2.048 2.353 2.380 2.306 1.999
0.04 0.47971 6.00000 0.5500000119 2.2836582661    0.550 -0.133  3.5754  3.565    0  0.000  0.545     0.00     0.00 -1 -2.08e-13      0.00 6.390e-01 3.210e-01 7.193e-03 1.940e-03 1.760e-02 -1.000 4.000e-02 5.102 3.318 2.522 2.347 2.258 2.319 2.279 2.206 1.761 1.877 2.005 2.289 2.328 2.254 1.951
0.04 0.47971 6.00000 0.5700156689 2.2995631695    0.570 -0.107  3.5794  3.570    0  0.000  0.545     0.00     0.00 -1 -2.16e-13      0.00 6.390e-01 3.210e-01 7.193e-03 1.940e-03 1.760e-02 -1.000 4.000e-02 5.038 3.266 2.471 2.301 2.217 2.282 2.242 2.167 1.727 1.846 1.974 2.245 2.290 2.217 1.916
0.04 0.47971 6.00000 0.5917034745 2.3154075146    0.591 -0.080  3.5839  3.577    0  0.000  0.545     0.00     0.00 -1 -2.24e-13      0.00 6.390e-01 3.210e-01 7.193e-03 1.940e-03 1.760e-02 -1.000 4.000e-02 4.970 3.211 2.425 2.258 2.176 2.244 2.204 2.128 1.692 1.813 1.940 2.201 2.252 2.179 1.881
0.04 0.47971 6.00000 0.6000000238 2.3211214542    0.600 -0.070  3.5857  3.580    0  0.000  0.545     0.00     0.00 -1 -2.26e-13      0.00 6.390e-01 3.210e-01 7.193e-03 1.940e-03 1.760e-02 -1.000 4.000e-02 4.944 3.191 2.408 2.243 2.162 2.230 2.191 2.114 1.679 1.802 1.928 2.186 2.239 2.166 1.868
0.04 0.47971 6.00000 0.6196796298 2.3339741230    0.620 -0.046  3.5892  3.585    0  0.000  0.545     0.00     0.00 -1 -2.34e-13      0.00 6.390e-01 3.210e-01 7.193e-03 1.940e-03 1.760e-02 -1.000 4.000e-02 4.886 3.144 2.367 2.204 2.126 2.196 2.157 2.079 1.647 1.771 1.896 2.147 2.204 2.132 1.836
0.04 0.47971 6.00000 0.6434448957 2.3482964039    0.643 -0.018  3.5938  3.592    0  0.000  0.545     0.00     0.00 -1 -2.43e-13      0.00 6.390e-01 3.210e-01 7.193e-03 1.940e-03 1.760e-02 -1.000 4.000e-02 4.816 3.088 2.321 2.161 2.085 2.157 2.119 2.040 1.611 1.737 1.862 2.105 2.165 2.094 1.800
0.04 0.47971 6.00000 0.6499999762 2.3520355225    0.650 -0.011  3.5951  3.594    0  0.000  0.545     0.00     0.00 -1 -2.46e-13      0.00 6.390e-01 3.210e-01 7.193e-03 1.940e-03 1.760e-02 -1.000 4.000e-02 4.796 3.072 2.308 2.150 2.074 2.147 2.109 2.030 1.602 1.729 1.853 2.093 2.155 2.084 1.791
0.04 0.47971 6.00000 0.6598405838 2.3574886322    0.660 -0.000  3.5966  3.596    0  0.000  0.545     0.00     0.00 -1 -2.49e-13      0.00 6.390e-01 3.210e-01 7.193e-03 1.940e-03 1.760e-02 -1.000 4.000e-02 4.770 3.051 2.290 2.133 2.058 2.131 2.093 2.014 1.587 1.715 1.839 2.076 2.140 2.069 1.776
0.04 0.47971 6.00000 0.6840121150 2.3701205254    0.684  0.028  3.6008  3.601    0  0.000  0.545     0.00     0.00 -1 -2.59e-13      0.00 6.390e-01 3.210e-01 7.193e-03 1.940e-03 1.760e-02 -1.000 4.000e-02 4.701 2.995 2.242 2.089 2.017 2.091 2.054 1.974 1.549 1.679 1.803 2.033 2.099 2.030 1.738
0.04 0.47971 6.00000 0.6999999881 2.3779268265    0.700  0.046  3.6037  3.604    0  0.000  0.545     0.00     0.00 -1 -2.66e-13      0.00 6.390e-01 3.210e-01 7.193e-03 1.940e-03 1.760e-02 -1.000 4.000e-02 4.656 2.959 2.212 2.062 1.991 2.066 2.029 1.950 1.526 1.656 1.781 2.006 2.074 2.006 1.715
0.04 0.47971 6.00000 0.7093224525 2.3822922707    0.709  0.059  3.6072  3.611    0  0.000  0.544     0.00     0.00 -1 -2.71e-13      0.00 6.390e-01 3.210e-01 7.175e-03 1.940e-03 1.760e-02 -1.000 4.000e-02 4.622 2.935 2.197 2.049 1.980 2.056 2.019 1.940 1.518 1.649 1.774 1.994 2.064 1.996 1.707
0.04 0.47971 6.00000 0.7500000000 2.3998889923    0.750  0.125  3.6235  3.634    0  0.000  0.538     0.00     0.00 -1 -2.99e-13      0.00 6.390e-01 3.210e-01 7.098e-03 1.938e-03 1.760e-02 -1.000 4.000e-02 4.457 2.821 2.126 1.991 1.929 2.004 1.971 1.894 1.477 1.613 1.738 1.939 2.012 1.952 1.666
0.04 0.47971 6.00000 0.7579913735 2.4030916691    0.758  0.131  3.6243  3.636    0  0.000  0.538     0.00     0.00 -1 -3.01e-13      0.00 6.390e-01 3.210e-01 7.098e-03 1.938e-03 1.760e-02 -1.000 4.000e-02 4.442 2.808 2.116 1.981 1.920 1.995 1.962 1.885 1.468 1.604 1.729 1.929 2.002 1.943 1.657
0.04 0.47971 6.00000 0.7925270796 2.4160828590    0.792  0.161  3.6281  3.640    0  0.000  0.538     0.00     0.00 -1 -3.14e-13      0.00 6.390e-01 3.210e-01 7.098e-03 1.938e-03 1.760e-02 -1.000 4.000e-02 4.367 2.745 2.063 1.932 1.871 1.946 1.914 1.838 1.422 1.558 1.684 1.880 1.954 1.896 1.611
0.04 0.47971 6.00000 0.8000000119 2.4187245369    0.800  0.168  3.6289  3.640    0  0.000  0.538     0.00     0.00 -1 -3.17e-13      0.00 6.390e-01 3.210e-01 7.098e-03 1.938e-03 1.760e-02 -1.000 4.000e-02 4.350 2.730 2.051 1.920 1.860 1.934 1.902 1.826 1.411 1.547 1.673 1.868 1.942 1.885 1.600
0.04 0.47971 6.00000 0.8400786519 2.4319756031    0.840  0.201  3.6329  3.645    0  0.000  0.538     0.00     0.00 -1 -3.32e-13      0.00 6.390e-01 3.210e-01 7.098e-03 1.938e-03 1.760e-02 -1.000 4.000e-02 4.268 2.660 1.993 1.865 1.806 1.880 1.849 1.774 1.359 1.496 1.623 1.814 1.887 1.833 1.548
0.04 0.47971 6.00000 0.8500000238 2.4350347519    0.850  0.210  3.6338  3.645    0  0.000  0.538     0.00     0.00 -1 -3.36e-13      0.00 6.390e-01 3.210e-01 7.098e-03 1.938e-03 1.760e-02 -1.000 4.000e-02 4.246 2.641 1.978 1.850 1.792 1.865 1.834 1.760 1.345 1.482 1.609 1.799 1.872 1.818 1.534
0.04 0.47971 6.00000 0.8918254972 2.4470753670    0.891  0.244  3.6376  3.647    0  0.000  0.538     0.00     0.00 -1 -3.54e-13      0.00 6.390e-01 3.210e-01 7.098e-03 1.938e-03 1.760e-02 -1.000 4.000e-02 4.161 2.567 1.916 1.791 1.734 1.806 1.776 1.703 1.289 1.427 1.553 1.741 1.814 1.762 1.478
0.04 0.47971 6.00000 0.8999999762 2.4492788315    0.899  0.250  3.6384  3.648    0  0.000  0.538     0.00     0.00 -1 -3.58e-13      0.00 6.390e-01 3.210e-01 7.098e-03 1.938e-03 1.760e-02 -1.000 4.000e-02 4.145 2.554 1.905 1.781 1.723 1.796 1.766 1.693 1.279 1.417 1.544 1.730 1.803 1.752 1.468
0.04 0.47971 6.00000 0.9090912938 2.4516758919    0.909  0.256  3.6392  3.649    0  0.000  0.538     0.00     0.00 -1 -3.61e-13      0.00 6.390e-01 3.210e-01 7.098e-03 1.938e-03 1.760e-02 -1.000 4.000e-02 4.130 2.541 1.894 1.770 1.713 1.785 1.756 1.683 1.269 1.407 1.534 1.720 1.793 1.742 1.458
0.04 0.47971 6.00000 0.9499999881 2.4618122578    0.950  0.286  3.6426  3.652    0  0.000  0.538     0.00     0.00 -1 -3.77e-13      0.00 6.390e-01 3.210e-01 7.098e-03 1.938e-03 1.760e-02 -1.000 4.000e-02 4.054 2.475 1.840 1.719 1.662 1.733 1.705 1.633 1.219 1.358 1.485 1.669 1.741 1.692 1.408
0.04 0.47971 6.00000 0.9705045819 2.4665248394    0.970  0.301  3.6442  3.653    0  0.000  0.538     0.00     0.00 -1 -3.86e-13      0.00 6.390e-01 3.210e-01 7.098e-03 1.938e-03 1.760e-02 -1.000 4.000e-02 4.018 2.444 1.813 1.693 1.637 1.708 1.679 1.609 1.194 1.333 1.460 1.643 1.715 1.668 1.383
0.04 0.47971 6.00000 1.0000000000 2.4729156494    1.000  0.323  3.6464  3.652    0  0.000  0.538     0.00     0.00 -1    -4e-13      0.00 6.390e-01 3.210e-01 7.098e-03 1.938e-03 1.760e-02 -1.000 4.000e-02 3.961 2.393 1.770 1.652 1.596 1.666 1.639 1.569 1.154 1.293 1.420 1.602 1.673 1.628 1.343
0.04 0.47971 6.00000 1.0271334648 2.4784233570    1.027  0.340  3.6484  3.655    0  0.000  0.538     0.00     0.00 -1 -3.93e-13      0.00 6.390e-01 3.210e-01 7.098e-03 1.938e-03 1.760e-02 -1.000 4.000e-02 3.920 2.358 1.741 1.624 1.569 1.638 1.611 1.541 1.127 1.266 1.394 1.575 1.645 1.601 1.316
0.04 0.47971 6.00000 1.0499999523 2.4828116894    1.050  0.356  3.6500  3.656    0  0.000  0.538     0.00     0.00 -1 -3.89e-13      0.00 6.390e-01 3.210e-01 7.098e-03 1.938e-03 1.760e-02 -1.000 4.000e-02 3.881 2.324 1.712 1.596 1.541 1.610 1.583 1.515 1.100 1.239 1.367 1.547 1.617 1.574 1.289
0.04 0.47971 6.00000 1.0961849689 2.4910364151    1.095  0.383  3.6531  3.659    0  0.000  0.538     0.00     0.00 -1 -3.76e-13      0.00 6.390e-01 3.210e-01 7.098e-03 1.938e-03 1.760e-02 -1.000 4.000e-02 3.811 2.262 1.661 1.547 1.493 1.561 1.535 1.467 1.053 1.192 1.320 1.499 1.568 1.526 1.242
0.04 0.47971 6.00000 1.1000000238 2.4916803837    1.099  0.386  3.6534  3.659    0  0.000  0.538     0.00     0.00 -1 -3.75e-13      0.00 6.390e-01 3.210e-01 7.098e-03 1.938e-03 1.760e-02 -1.000 4.000e-02 3.805 2.257 1.656 1.543 1.489 1.556 1.530 1.463 1.048 1.187 1.315 1.494 1.563 1.522 1.237
0.04 0.47971 6.00000 1.1499999762 2.4996678829    1.149  0.417  3.6565  3.660    0  0.000  0.538     0.00     0.00 -1  -3.6e-13      0.00 6.390e-01 3.210e-01 7.098e-03 1.938e-03 1.760e-02 -1.000 4.000e-02 3.728 2.189 1.599 1.487 1.434 1.500 1.475 1.409 0.995 1.133 1.262 1.439 1.507 1.468 1.183
0.04 0.47971 6.00000 1.1870156527 2.5050854683    1.186  0.437  3.6586  3.662    0  0.000  0.538     0.00     0.00 -1 -3.45e-13      0.00 6.390e-01 3.210e-01 7.098e-03 1.938e-03 1.760e-02 -1.000 4.000e-02 3.678 2.145 1.562 1.452 1.399 1.465 1.440 1.374 0.960 1.099 1.227 1.404 1.471 1.433 1.149
0.04 0.47971 6.00000 1.2000000477 2.5068950653    1.200  0.445  3.6594  3.662    0  0.000  0.538     0.00     0.00 -1 -3.41e-13      0.00 6.390e-01 3.210e-01 7.098e-03 1.938e-03 1.760e-02 -1.000 4.000e-02 3.658 2.127 1.547 1.437 1.384 1.450 1.425 1.360 0.945 1.084 1.213 1.389 1.456 1.419 1.134
0.04 0.47971 6.00000 1.2500000000 2.5134611130    1.250  0.474  3.6621  3.662    0  0.000  0.538     0.00     0.00 -1 -3.21e-13      0.00 6.390e-01 3.210e-01 7.098e-03 1.938e-03 1.760e-02 -1.000 4.000e-02 3.586 2.063 1.491 1.383 1.331 1.396 1.371 1.307 0.893 1.032 1.161 1.336 1.402 1.366 1.082
0.04 0.47971 6.00000 1.2544713020 2.5140192509    1.254  0.476  3.6623  3.662    0  0.000  0.538     0.00     0.00 -1 -3.19e-13      0.00 6.390e-01 3.210e-01 7.098e-03 1.938e-03 1.760e-02 -1.000 4.000e-02 3.581 2.058 1.487 1.379 1.327 1.392 1.368 1.304 0.889 1.028 1.157 1.332 1.398 1.363 1.078
0.04 0.47971 6.00000 1.2999999523 2.5194499493    1.300  0.498  3.6647  3.664    0  0.000  0.538     0.00     0.00 -1 -2.96e-13      0.00 6.390e-01 3.210e-01 7.098e-03 1.938e-03 1.760e-02 -1.000 4.000e-02 3.525 2.008 1.445 1.339 1.288 1.351 1.327 1.264 0.850 0.989 1.118 1.292 1.357 1.323 1.039
0.04 0.47971 6.00000 1.3500000238 2.5249314308    1.350  0.526  3.6670  3.663    0  0.000  0.538     0.00     0.00 -1 -2.71e-13      0.00 6.390e-01 3.210e-01 7.098e-03 1.938e-03 1.760e-02 -1.000 4.000e-02 3.455 1.946 1.390 1.286 1.235 1.297 1.274 1.212 0.797 0.936 1.066 1.239 1.303 1.271 0.986
0.04 0.47971 6.00000 1.3872634172 2.5287225246    1.387  0.543  3.6687  3.664    0  0.000  0.538     0.00     0.00 -1 -2.48e-13      0.00 6.390e-01 3.210e-01 7.098e-03 1.938e-03 1.760e-02 -1.000 4.000e-02 3.412 1.907 1.357 1.254 1.203 1.265 1.242 1.181 0.766 0.905 1.035 1.207 1.271 1.240 0.955
0.04 0.47971 6.00000 1.3999999762 2.5299651623    1.400  0.549  3.6693  3.664    0  0.000  0.538     0.00     0.00 -1 -2.41e-13      0.00 6.390e-01 3.210e-01 7.098e-03 1.938e-03 1.760e-02 -1.000 4.000e-02 3.396 1.893 1.345 1.242 1.192 1.253 1.231 1.169 0.755 0.894 1.024 1.196 1.260 1.228 0.944
0.04 0.47971 6.00000 1.4384856224 2.5335667133    1.439  0.568  3.6709  3.664    0  0.000  0.538     0.00     0.00 -1 -2.15e-13      0.00 6.390e-01 3.210e-01 7.098e-03 1.938e-03 1.760e-02 -1.000 4.000e-02 3.350 1.851 1.308 1.206 1.156 1.217 1.195 1.134 0.720 0.859 0.989 1.160 1.223 1.193 0.909
0.04 0.47971 6.00000 1.4500000477 2.5346016884    1.450  0.574  3.6714  3.663    0  0.000  0.538     0.00     0.00 -1 -2.08e-13      0.00 6.390e-01 3.210e-01 7.098e-03 1.938e-03 1.760e-02 -1.000 4.000e-02 3.335 1.839 1.297 1.196 1.146 1.206 1.184 1.124 0.709 0.848 0.979 1.150 1.213 1.183 0.898
0.04 0.47971 6.00000 1.4867528677 2.5377821922    1.487  0.590  3.6730  3.664    0  0.000  0.538     0.00     0.00 -1 -1.81e-13      0.00 6.390e-01 3.210e-01 7.098e-03 1.938e-03 1.760e-02 -1.000 4.000e-02 3.296 1.803 1.267 1.166 1.116 1.177 1.155 1.095 0.680 0.820 0.950 1.121 1.183 1.154 0.869
0.04 0.47971 6.00000 1.5000000000 2.5388846397    1.500  0.596  3.6735  3.664    0  0.000  0.538     0.00     0.00 -1 -1.73e-13      0.00 6.390e-01 3.210e-01 7.098e-03 1.938e-03 1.760e-02 -1.000 4.000e-02 3.280 1.789 1.254 1.154 1.104 1.164 1.143 1.083 0.668 0.807 0.938 1.108 1.170 1.142 0.857
0.04 0.47971 6.00000 1.5500000715 2.5428512096    1.550  0.618  3.6755  3.665    0  0.000  0.538     0.00     0.00 -1 -1.34e-13      0.00 6.390e-01 3.210e-01 7.098e-03 1.938e-03 1.760e-02 -1.000 4.000e-02 3.226 1.741 1.213 1.113 1.064 1.123 1.102 1.043 0.628 0.768 0.898 1.068 1.129 1.102 0.817
0.04 0.47971 6.00000 1.5900964737 2.5458259583    1.590  0.635  3.6769  3.664    0  0.000  0.538     0.00     0.00 -1 -9.94e-14      0.00 6.390e-01 3.210e-01 7.098e-03 1.938e-03 1.760e-02 -1.000 4.000e-02 3.182 1.701 1.177 1.079 1.030 1.089 1.068 1.009 0.594 0.734 0.865 1.034 1.095 1.068 0.783
0.04 0.47971 6.00000 1.6000000238 2.5465342999    1.600  0.640  3.6773  3.663    0  0.000  0.538     0.00     0.00 -1 -9.25e-14      0.00 6.390e-01 3.210e-01 7.098e-03 1.938e-03 1.760e-02 -1.000 4.000e-02 3.170 1.691 1.168 1.070 1.021 1.080 1.059 1.000 0.586 0.725 0.856 1.025 1.086 1.059 0.775
0.04 0.47971 6.00000 1.6300884485 2.5486257076    1.630  0.651  3.6784  3.664    0  0.000  0.538     0.00     0.00 -1 -6.17e-14      0.00 6.390e-01 3.210e-01 7.098e-03 1.938e-03 1.760e-02 -1.000 4.000e-02 3.142 1.666 1.146 1.049 1.000 1.058 1.038 0.980 0.565 0.705 0.835 1.004 1.064 1.038 0.754
0.04 0.47971 6.00000 1.6499999762 2.5499615669    1.649  0.659  3.6791  3.665    0  0.000  0.538     0.00     0.00 -1 -4.74e-14      0.00 6.390e-01 3.210e-01 7.098e-03 1.938e-03 1.760e-02 -1.000 4.000e-02 3.123 1.649 1.132 1.035 0.987 1.044 1.024 0.966 0.551 0.691 0.822 0.991 1.050 1.025 0.740
0.04 0.47971 6.00000 1.7000000477 2.5531582832    1.699  0.679  3.6808  3.665    0  0.000  0.538     0.00     0.00 -1    -1e-30      0.00 6.390e-01 3.210e-01 7.098e-03 1.938e-03 1.760e-02 -1.000 4.000e-02 3.073 1.604 1.093 0.997 0.949 1.006 0.986 0.928 0.514 0.654 0.784 0.953 1.012 0.987 0.703
0.04 0.47971 6.00000 1.7500000000 2.5561456680    1.749  0.699  3.6825  3.663    0  0.000  0.538     0.00     0.00 -1    -1e-30      0.00 6.390e-01 3.210e-01 7.098e-03 1.938e-03 1.760e-02 -1.000 4.000e-02 3.021 1.558 1.051 0.956 0.908 0.965 0.945 0.888 0.474 0.614 0.745 0.912 0.971 0.947 0.663
0.04 0.47971 6.00000 1.7999999523 2.5589430332    1.799  0.718  3.6841  3.664    0  0.000  0.538     0.00     0.00 -1    -1e-30      0.00 6.390e-01 3.210e-01 7.098e-03 1.938e-03 1.760e-02 -1.000 4.000e-02 2.976 1.517 1.015 0.921 0.874 0.930 0.910 0.854 0.440 0.580 0.711 0.878 0.936 0.913 0.629
0.04 0.47971 6.00000 1.8432962894 2.5612249374    1.842  0.735  3.6854  3.662    0  0.000  0.538     0.00     0.00 -1    -1e-30      0.00 6.390e-01 3.210e-01 7.098e-03 1.938e-03 1.760e-02 -1.000 4.000e-02 2.934 1.479 0.981 0.887 0.841 0.896 0.877 0.821 0.407 0.547 0.678 0.844 0.902 0.880 0.596
0.04 0.47971 6.00000 1.8500000238 2.5615673065    1.849  0.738  3.6855  3.662    0  0.000  0.538     0.00     0.00 -1    -1e-30      0.00 6.390e-01 3.210e-01 7.098e-03 1.938e-03 1.760e-02 -1.000 4.000e-02 2.926 1.472 0.974 0.881 0.834 0.890 0.870 0.815 0.401 0.541 0.672 0.838 0.895 0.874 0.590
0.04 0.47971 6.00000 1.8999999762 2.5640332699    1.899  0.754  3.6871  3.663    0  0.000  0.538     0.00     0.00 -1    -1e-30      0.00 6.390e-01 3.210e-01 7.098e-03 1.938e-03 1.760e-02 -1.000 4.000e-02 2.885 1.435 0.943 0.850 0.804 0.859 0.840 0.785 0.371 0.511 0.643 0.808 0.865 0.844 0.560
0.04 0.47971 6.00000 1.9126315117 2.5646328926    1.912  0.759  3.6874  3.662    0  0.000  0.538     0.00     0.00 -1    -1e-30      0.00 6.390e-01 3.210e-01 7.098e-03 1.938e-03 1.760e-02 -1.000 4.000e-02 2.873 1.424 0.933 0.841 0.795 0.849 0.830 0.775 0.361 0.502 0.633 0.798 0.855 0.834 0.550
0.04 0.47971 6.00000 1.9511904716 2.5664079189    1.951  0.775  3.6885  3.660    0  0.000  0.538     0.00     0.00 -1    -1e-30      0.00 6.390e-01 3.210e-01 7.098e-03 1.938e-03 1.760e-02 -1.000 4.000e-02 2.834 1.388 0.900 0.808 0.762 0.817 0.798 0.743 0.329 0.470 0.601 0.766 0.822 0.802 0.518
0.04 0.47971 6.00000 2.0023808479 2.5686435699    2.003  0.792  3.6899  3.659    0  0.000  0.538     0.00     0.00 -1    -1e-30      0.00 6.390e-01 3.210e-01 7.098e-03 1.938e-03 1.760e-02 -1.000 4.000e-02 2.789 1.348 0.864 0.773 0.728 0.781 0.763 0.708 0.295 0.436 0.567 0.731 0.787 0.768 0.484
0.04 0.47971 6.00000 2.0186638832 2.5693275928    2.019  0.798  3.6904  3.659    0  0.000  0.538     0.00     0.00 -1    -1e-30      0.00 6.390e-01 3.210e-01 7.098e-03 1.938e-03 1.760e-02 -1.000 4.000e-02 2.776 1.336 0.854 0.763 0.718 0.771 0.753 0.699 0.285 0.426 0.557 0.721 0.777 0.758 0.474
0.04 0.47971 6.00000 2.0535714626 2.5707516670    2.053  0.809  3.6914  3.659    0  0.000  0.538     0.00     0.00 -1    -1e-30      0.00 6.390e-01 3.210e-01 7.098e-03 1.938e-03 1.760e-02 -1.000 4.000e-02 2.747 1.311 0.831 0.741 0.696 0.749 0.731 0.677 0.264 0.405 0.536 0.699 0.755 0.736 0.453
0.04 0.47971 6.00000 2.1047618389 2.5727419853    2.104  0.827  3.6927  3.657    0  0.000  0.538     0.00     0.00 -1    -1e-30      0.00 6.390e-01 3.210e-01 7.098e-03 1.938e-03 1.760e-02 -1.000 4.000e-02 2.703 1.271 0.795 0.706 0.661 0.714 0.696 0.643 0.229 0.370 0.501 0.665 0.719 0.702 0.418
0.04 0.47971 6.00000 2.1559524536 2.5746243000    2.155  0.846  3.6940  3.654    0  0.000  0.538     0.00     0.00 -1    -1e-30      0.00 6.390e-01 3.210e-01 7.098e-03 1.938e-03 1.760e-02 -1.000 4.000e-02 2.656 1.228 0.756 0.668 0.624 0.676 0.658 0.605 0.192 0.333 0.464 0.627 0.681 0.664 0.380
0.04 0.47971 6.00000 2.2071428299 2.5764062405    2.206  0.863  3.6953  3.652    0  0.000  0.538     0.00     0.00 -1    -1e-30      0.00 6.390e-01 3.210e-01 7.098e-03 1.938e-03 1.760e-02 -1.000 4.000e-02 2.613 1.190 0.721 0.634 0.590 0.642 0.624 0.571 0.158 0.299 0.431 0.593 0.647 0.631 0.347
0.04 0.47971 6.00000 2.2583334446 2.5780959129    2.257  0.879  3.6966  3.651    0  0.000  0.538     0.00     0.00 -1    -1e-30      0.00 6.390e-01 3.210e-01 7.098e-03 1.938e-03 1.760e-02 -1.000 4.000e-02 2.574 1.155 0.690 0.603 0.560 0.611 0.593 0.541 0.128 0.269 0.400 0.563 0.616 0.600 0.317
0.04 0.47971 6.00000 2.3095238209 2.5796995163    2.308  0.894  3.6979  3.650    0  0.000  0.538     0.00     0.00 -1    -1e-30      0.00 6.390e-01 3.210e-01 7.098e-03 1.938e-03 1.760e-02 -1.000 4.000e-02 2.534 1.119 0.658 0.572 0.529 0.580 0.563 0.511 0.098 0.239 0.370 0.532 0.585 0.570 0.286
0.04 0.47971 6.00000 2.3147213459 2.5798578262    2.313  0.896  3.6980  3.650    0  0.000  0.538     0.00     0.00 -1    -1e-30      0.00 6.390e-01 3.210e-01 7.098e-03 1.938e-03 1.760e-02 -1.000 4.000e-02 2.530 1.116 0.655 0.569 0.526 0.577 0.559 0.508 0.094 0.236 0.367 0.529 0.582 0.567 0.283
0.04 0.47971 6.00000 2.3607141972 2.5812234879    2.359  0.913  3.6991  3.646    0  0.000  0.538     0.00     0.00 -1    -1e-30      0.00 6.390e-01 3.210e-01 7.098e-03 1.938e-03 1.760e-02 -1.000 4.000e-02 2.487 1.076 0.619 0.533 0.490 0.541 0.524 0.472 0.059 0.200 0.332 0.493 0.546 0.532 0.248
0.04 0.47971 6.00000 2.4119048119 2.5826733112    2.411  0.930  3.7003  3.643    0  0.000  0.538     0.00     0.00 -1    -1e-30      0.00 6.390e-01 3.210e-01 7.098e-03 1.938e-03 1.760e-02 -1.000 4.000e-02 2.444 1.037 0.583 0.499 0.456 0.506 0.489 0.438 0.025 0.166 0.298 0.459 0.511 0.497 0.214
0.04 0.47971 6.00000 2.4630951881 2.5840539932    2.461  0.945  3.7013  3.642    0  0.000  0.538     0.00     0.00 -1    -1e-30      0.00 6.390e-01 3.210e-01 7.098e-03 1.938e-03 1.760e-02 -1.000 4.000e-02 2.409 1.005 0.554 0.470 0.428 0.477 0.461 0.410 -0.003 0.138 0.270 0.431 0.483 0.469 0.186
0.04 0.47971 6.00000 2.4792835712 2.5844771862    2.477  0.949  3.7017  3.642    0  0.000  0.538     0.00     0.00 -1    -1e-30      0.00 6.390e-01 3.210e-01 7.098e-03 1.938e-03 1.760e-02 -1.000 4.000e-02 2.398 0.996 0.546 0.462 0.420 0.469 0.453 0.402 -0.011 0.130 0.262 0.423 0.474 0.462 0.178
0.04 0.47971 6.00000 2.5142858028 2.5853703022    2.512  0.960  3.7025  3.640    0  0.000  0.538     0.00     0.00 -1    -1e-30      0.00 6.390e-01 3.210e-01 7.098e-03 1.938e-03 1.760e-02 -1.000 4.000e-02 2.369 0.970 0.522 0.439 0.397 0.446 0.430 0.379 -0.034 0.107 0.239 0.400 0.451 0.438 0.155
0.04 0.47971 6.00000 2.6753766537 2.5891370773    2.674  1.012  3.7063  3.631    0  0.000  0.538     0.00     0.00 -1    -1e-30      0.00 6.390e-01 3.210e-01 7.098e-03 1.938e-03 1.760e-02 -1.000 4.000e-02 2.240 0.854 0.417 0.335 0.295 0.343 0.327 0.278 -0.136 0.006 0.138 0.297 0.347 0.337 0.053
0.04 0.47971 6.00000 2.7190475464 2.5900702477    2.717  1.029  3.7074  3.625    0  0.000  0.538     0.00     0.00 -1    -1e-30      0.00 6.390e-01 3.210e-01 7.098e-03 1.938e-03 1.760e-02 -1.000 4.000e-02 2.197 0.814 0.380 0.299 0.259 0.306 0.291 0.242 -0.171 -0.030 0.102 0.262 0.311 0.301 0.018
0.04 0.47971 6.00000 2.9238095284 2.5940215588    2.922  1.102  3.7126  3.604    0  0.000  0.538     0.00     0.00 -1    -1e-30      0.00 6.390e-01 3.210e-01 7.098e-03 1.938e-03 1.760e-02 -1.000 4.000e-02 2.016 0.651 0.231 0.153 0.115 0.160 0.145 0.098 -0.315 -0.173 -0.041 0.117 0.165 0.157 -0.126
0.04 0.47971 6.00000 3.1285715103 2.5973839760    3.127  1.181  3.7181  3.577    0  0.000  0.538     0.00     0.00 -1    -1e-30      0.00 6.390e-01 3.210e-01 7.098e-03 1.938e-03 1.760e-02 -1.000 4.000e-02 1.818 0.473 0.068 -0.007 -0.043 0.001 -0.014 -0.059 -0.472 -0.330 -0.198 -0.041 0.005 0.000 -0.283
0.04 0.47971 6.00000 3.1447870731 2.5976288319    3.143  1.187  3.7186  3.575    0  0.000  0.538     0.00     0.00 -1    -1e-30      0.00 6.390e-01 3.210e-01 7.098e-03 1.938e-03 1.760e-02 -1.000 4.000e-02 1.803 0.460 0.056 -0.018 -0.055 -0.011 -0.025 -0.071 -0.484 -0.342 -0.210 -0.053 -0.007 -0.011 -0.295
0.04 0.47971 6.00000 3.3299419880 2.6002311707    3.327  1.292  3.7256  3.522    0  0.000  0.538     0.00     0.00 -1    -1e-30      0.00 6.390e-01 3.210e-01 7.098e-03 1.938e-03 1.760e-02 -1.000 4.000e-02 1.539 0.221 -0.164 -0.235 -0.269 -0.227 -0.241 -0.284 -0.697 -0.555 -0.422 -0.267 -0.223 -0.225 -0.508
0.04 0.47971 6.00000 3.3333334923 2.6002757549    3.331  1.295  3.7257  3.521    0  0.000  0.538     0.00     0.00 -1    -1e-30      0.00 6.390e-01 3.210e-01 7.098e-03 1.938e-03 1.760e-02 -1.000 4.000e-02 1.533 0.216 -0.168 -0.239 -0.274 -0.232 -0.246 -0.289 -0.701 -0.559 -0.427 -0.272 -0.228 -0.229 -0.513
0.04 0.47971 6.00000 3.4754436016 2.6020538807    3.472  1.392  3.7325  3.468    0  0.000  0.538     0.00     0.00 -1    -1e-30      0.00 6.390e-01 3.210e-01 7.098e-03 1.938e-03 1.760e-02 -1.000 4.000e-02 1.289 -0.004 -0.370 -0.438 -0.470 -0.430 -0.444 -0.485 -0.897 -0.755 -0.622 -0.468 -0.427 -0.425 -0.708
0.04 0.47971 6.00000 3.5380954742 2.6027860641    3.535  1.446  3.7363  3.437    0  0.000  0.538     0.00     0.00 -1    -1e-30      0.00 6.390e-01 3.210e-01 7.098e-03 1.938e-03 1.760e-02 -1.000 4.000e-02 1.154 -0.124 -0.481 -0.546 -0.577 -0.539 -0.552 -0.592 -1.004 -0.862 -0.729 -0.576 -0.536 -0.532 -0.815
0.04 0.47971 6.00000 3.5399618149 2.6028072834    3.537  1.448  3.7364  3.436    0  0.000  0.538     0.00     0.00 -1    -1e-30      0.00 6.390e-01 3.210e-01 7.098e-03 1.938e-03 1.760e-02 -1.000 4.000e-02 1.150 -0.128 -0.484 -0.550 -0.581 -0.543 -0.556 -0.595 -1.008 -0.865 -0.733 -0.579 -0.539 -0.535 -0.819
0.04 0.47971 6.00000 3.6146540642 2.6036410332    3.611  1.528  3.7425  3.390    0  0.000  0.538     0.00     0.00 -1    -1e-30      0.00 6.390e-01 3.210e-01 7.098e-03 1.938e-03 1.760e-02 -1.000 4.000e-02 0.951 -0.303 -0.643 -0.706 -0.735 -0.699 -0.712 -0.748 -1.163 -1.015 -0.884 -0.733 -0.695 -0.702 -0.974
0.04 0.47971 6.00000 3.6811811924 2.6043508053    3.678  1.600  3.7489  3.351    0  0.000  0.538     0.00     0.00 -1    -1e-30      0.00 6.390e-01 3.210e-01 7.098e-03 1.938e-03 1.760e-02 -1.000 4.000e-02 0.769 -0.457 -0.780 -0.839 -0.865 -0.832 -0.844 -0.878 -1.299 -1.134 -1.010 -0.864 -0.828 -0.873 -1.111
0.04 0.47971 6.00000 3.7428572178 2.6049830914    3.740  1.666  3.7557  3.320    0  0.000  0.538     0.00     0.00 -1    -1e-30      0.00 6.390e-01 3.210e-01 7.098e-03 1.938e-03 1.760e-02 -1.000 4.000e-02 0.606 -0.590 -0.895 -0.951 -0.975 -0.944 -0.957 -0.987 -1.416 -1.233 -1.115 -0.974 -0.942 -1.026 -1.228
0.04 0.47971 6.00000 3.7910985947 2.6054611206    3.788  1.717  3.7617  3.298    0  0.000  0.538     0.00     0.00 -1    -1e-30      0.00 6.390e-01 3.210e-01 7.098e-03 1.938e-03 1.760e-02 -1.000 4.000e-02 0.478 -0.692 -0.981 -1.034 -1.055 -1.028 -1.040 -1.066 -1.502 -1.303 -1.191 -1.055 -1.025 -1.144 -1.315
0.04 0.47971 6.00000 3.8527851105 2.6060523987    3.851  1.784  3.7709  3.276    0  0.000  0.538     0.00     0.00 -1    -1e-30      0.00 6.390e-01 3.210e-01 7.098e-03 1.938e-03 1.760e-02 -1.000 4.000e-02 0.311 -0.816 -1.081 -1.131 -1.150 -1.126 -1.137 -1.159 -1.604 -1.381 -1.278 -1.149 -1.124 -1.296 -1.418
0.04 0.47971 6.00000 3.8959796429 2.6064536572    3.894  1.832  3.7788  3.264    0  0.000  0.538     0.00     0.00 -1    -1e-30      0.00 6.390e-01 3.210e-01 7.098e-03 1.938e-03 1.760e-02 -1.000 4.000e-02 0.190 -0.898 -1.144 -1.191 -1.206 -1.187 -1.196 -1.214 -1.668 -1.423 -1.329 -1.206 -1.185 -1.402 -1.482
0.04 0.47971 6.00000 3.9365351200 2.6068212986    3.935  1.879  3.7878  3.257    0  0.000  0.538     0.00     0.00 -1    -1e-30      0.00 6.390e-01 3.210e-01 7.098e-03 1.938e-03 1.760e-02 -1.000 4.000e-02 0.072 -0.971 -1.195 -1.239 -1.252 -1.238 -1.246 -1.260 -1.723 -1.455 -1.369 -1.252 -1.237 -1.505 -1.538
0.04 0.47971 6.00000 3.9476191998 2.6069202423    3.946  1.893  3.7907  3.256    0  0.000  0.538     0.00     0.00 -1    -1e-30      0.00 6.390e-01 3.210e-01 7.098e-03 1.938e-03 1.760e-02 -1.000 4.000e-02 0.039 -0.989 -1.207 -1.249 -1.262 -1.249 -1.257 -1.269 -1.735 -1.460 -1.377 -1.262 -1.248 -1.534 -1.551
0.04 0.47971 6.00000 3.9664132595 2.6070864201    3.965  1.916  3.7959  3.256    0  0.000  0.538     0.00     0.00 -1    -1e-30      0.00 6.390e-01 3.210e-01 7.098e-03 1.938e-03 1.760e-02 -1.000 4.000e-02 -0.019 -1.019 -1.225 -1.266 -1.278 -1.267 -1.274 -1.284 -1.756 -1.466 -1.389 -1.278 -1.266 -1.582 -1.572
0.04 0.47971 6.00000 3.9978988171 2.6073610783    3.996  1.956  3.8067  3.263    0  0.000  0.538     0.00     0.00 -1    -1e-30      0.00 6.390e-01 3.210e-01 7.098e-03 1.938e-03 1.760e-02 -1.000 4.000e-02 -0.119 -1.061 -1.243 -1.280 -1.290 -1.284 -1.289 -1.296 -1.779 -1.460 -1.394 -1.290 -1.283 -1.663 -1.596
0.04 0.47971 6.00000 4.0248436928 2.6075921059    4.023  1.991  3.8173  3.273    0  0.000  0.538     0.00     0.00 -1    -1e-30      0.00 6.390e-01 3.210e-01 7.098e-03 1.938e-03 1.760e-02 -1.000 4.000e-02 -0.207 -1.093 -1.253 -1.286 -1.295 -1.293 -1.296 -1.300 -1.790 -1.454 -1.394 -1.295 -1.292 -1.708 -1.608
0.04 0.47971 6.00000 4.0491948128 2.6077978611    4.047  2.024  3.8276  3.284    0  0.000  0.538     0.00     0.00 -1    -1e-30      0.00 6.390e-01 3.210e-01 7.098e-03 1.938e-03 1.760e-02 -1.000 4.000e-02 -0.290 -1.121 -1.261 -1.292 -1.300 -1.301 -1.303 -1.305 -1.794 -1.457 -1.397 -1.300 -1.301 -1.713 -1.612
0.04 0.47971 6.00000 4.0721011162 2.6079888344    4.070  2.056  3.8379  3.295    0  0.000  0.538     0.00     0.00 -1    -1e-30      0.00 6.390e-01 3.210e-01 7.098e-03 1.938e-03 1.760e-02 -1.000 4.000e-02 -0.370 -1.146 -1.266 -1.296 -1.303 -1.306 -1.307 -1.308 -1.796 -1.459 -1.398 -1.303 -1.306 -1.715 -1.614
0.04 0.47971 6.00000 4.0940375328 2.6081695557    4.092  2.088  3.8481  3.307    0  0.000  0.538     0.00     0.00 -1    -1e-30      0.00 6.390e-01 3.210e-01 7.098e-03 1.938e-03 1.760e-02 -1.000 4.000e-02 -0.449 -1.168 -1.269 -1.298 -1.305 -1.308 -1.309 -1.309 -1.796 -1.459 -1.397 -1.305 -1.308 -1.717 -1.614
0.04 0.47971 6.00000 4.1151294708 2.6083409786    4.113  2.119  3.8583  3.319    0  0.000  0.538     0.00     0.00 -1    -1e-30      0.00 6.390e-01 3.210e-01 7.098e-03 1.938e-03 1.760e-02 -1.000 4.000e-02 -0.526 -1.188 -1.271 -1.299 -1.305 -1.309 -1.310 -1.309 -1.796 -1.457 -1.396 -1.305 -1.309 -1.717 -1.614
0.04 0.47971 6.00000 4.1354494095 2.6085045338    4.133  2.149  3.8685  3.331    0  0.000  0.538     0.00     0.00 -1    -1e-30      0.00 6.390e-01 3.210e-01 7.098e-03 1.938e-03 1.760e-02 -1.000 4.000e-02 -0.603 -1.205 -1.272 -1.297 -1.304 -1.308 -1.308 -1.307 -1.794 -1.454 -1.392 -1.304 -1.308 -1.715 -1.612
0.04 0.47971 6.00000 4.1523809433 2.6086392403    4.150  2.175  3.8772  3.342    0  0.000  0.538     0.00     0.00 -1    -1e-30      0.00 6.390e-01 3.210e-01 7.098e-03 1.938e-03 1.760e-02 -1.000 4.000e-02 -0.668 -1.217 -1.271 -1.295 -1.301 -1.305 -1.306 -1.305 -1.791 -1.451 -1.388 -1.302 -1.305 -1.713 -1.609
0.04 0.47971 6.00000 4.1703858376 2.6087810993    4.168  2.204  3.8869  3.354    0  0.000  0.538     0.00     0.00 -1    -1e-30      0.00 6.390e-01 3.210e-01 7.098e-03 1.938e-03 1.760e-02 -1.000 4.000e-02 -0.739 -1.229 -1.269 -1.292 -1.298 -1.301 -1.302 -1.301 -1.786 -1.445 -1.383 -1.298 -1.302 -1.709 -1.604
0.04 0.47971 6.00000 4.1882772446 2.6089208126    4.186  2.232  3.8969  3.367    0  0.000  0.538     0.00     0.00 -1    -1e-30      0.00 6.390e-01 3.210e-01 7.098e-03 1.938e-03 1.760e-02 -1.000 4.000e-02 -0.811 -1.239 -1.266 -1.288 -1.293 -1.297 -1.297 -1.296 -1.781 -1.439 -1.376 -1.293 -1.297 -1.704 -1.599
0.04 0.47971 6.00000 4.2056145668 2.6090548038    4.203  2.261  3.9068  3.380    0  0.000  0.538     0.00     0.00 -1    -1e-30      0.00 6.390e-01 3.210e-01 7.098e-03 1.938e-03 1.760e-02 -1.000 4.000e-02 -0.882 -1.247 -1.263 -1.283 -1.287 -1.291 -1.291 -1.290 -1.774 -1.432 -1.369 -1.288 -1.291 -1.697 -1.592
0.04 0.47971 6.00000 4.2224359512 2.6091835499    4.220  2.289  3.9167  3.394    0  0.000  0.538     0.00     0.00 -1    -1e-30      0.00 6.390e-01 3.210e-01 7.098e-03 1.938e-03 1.760e-02 -1.000 4.000e-02 -0.951 -1.255 -1.260 -1.278 -1.281 -1.284 -1.284 -1.282 -1.767 -1.424 -1.360 -1.282 -1.284 -1.690 -1.585
0.04 0.47971 6.00000 4.2387652397 2.6093072891    4.236  2.316  3.9266  3.407    0  0.000  0.538     0.00     0.00 -1    -1e-30      0.00 6.390e-01 3.210e-01 7.098e-03 1.938e-03 1.760e-02 -1.000 4.000e-02 -1.020 -1.261 -1.257 -1.273 -1.274 -1.277 -1.276 -1.274 -1.758 -1.414 -1.350 -1.275 -1.277 -1.682 -1.576
0.04 0.47971 6.00000 4.2545957565 2.6094264984    4.252  2.343  3.9365  3.421    0  0.000  0.538     0.00     0.00 -1    -1e-30      0.00 6.390e-01 3.210e-01 7.098e-03 1.938e-03 1.760e-02 -1.000 4.000e-02 -1.087 -1.265 -1.253 -1.267 -1.266 -1.269 -1.268 -1.265 -1.749 -1.404 -1.340 -1.268 -1.269 -1.673 -1.567
0.04 0.47971 6.00000 4.2699685097 2.6095411777    4.267  2.369  3.9463  3.436    0  0.000  0.538     0.00     0.00 -1    -1e-30      0.00 6.390e-01 3.210e-01 7.098e-03 1.938e-03 1.760e-02 -1.000 4.000e-02 -1.153 -1.267 -1.248 -1.260 -1.258 -1.260 -1.259 -1.256 -1.739 -1.394 -1.330 -1.259 -1.260 -1.664 -1.557
0.04 0.47971 6.00000 4.2849140167 2.6096518040    4.282  2.395  3.9560  3.451    0  0.000  0.538     0.00     0.00 -1    -1e-30      0.00 6.390e-01 3.210e-01 7.098e-03 1.938e-03 1.760e-02 -1.000 4.000e-02 -1.218 -1.267 -1.243 -1.251 -1.249 -1.250 -1.248 -1.246 -1.728 -1.383 -1.318 -1.250 -1.250 -1.653 -1.546
0.04 0.47971 6.00000 4.2994527817 2.6097583771    4.296  2.420  3.9658  3.466    0  0.000  0.538     0.00     0.00 -1    -1e-30      0.00 6.390e-01 3.210e-01 7.098e-03 1.938e-03 1.760e-02 -1.000 4.000e-02 -1.281 -1.265 -1.236 -1.242 -1.238 -1.239 -1.237 -1.234 -1.716 -1.370 -1.305 -1.239 -1.239 -1.641 -1.534
0.04 0.47971 6.00000 4.3136067390 2.6098613739    4.310  2.445  3.9755  3.481    0  0.000  0.538     0.00     0.00 -1    -1e-30      0.00 6.390e-01 3.210e-01 7.098e-03 1.938e-03 1.760e-02 -1.000 4.000e-02 -1.343 -1.262 -1.229 -1.232 -1.225 -1.226 -1.223 -1.220 -1.702 -1.355 -1.289 -1.227 -1.226 -1.628 -1.520
0.04 0.47971 6.00000 4.3273944855 2.6099612713    4.324  2.470  3.9851  3.497    0  0.000  0.538     0.00     0.00 -1    -1e-30      0.00 6.390e-01 3.210e-01 7.098e-03 1.938e-03 1.760e-02 -1.000 4.000e-02 -1.404 -1.257 -1.220 -1.220 -1.211 -1.211 -1.208 -1.205 -1.685 -1.338 -1.272 -1.213 -1.211 -1.612 -1.503
0.04 0.47971 6.00000 4.3408370018 2.6100575924    4.337  2.493  3.9948  3.513    0  0.000  0.538     0.00     0.00 -1    -1e-30      0.00 6.390e-01 3.210e-01 7.098e-03 1.938e-03 1.760e-02 -1.000 4.000e-02 -1.463 -1.252 -1.210 -1.207 -1.196 -1.195 -1.192 -1.188 -1.667 -1.319 -1.253 -1.198 -1.195 -1.594 -1.485
0.04 0.47971 6.00000 4.3539538383 2.6101510525    4.350  2.516  4.0044  3.530    0  0.000  0.538     0.00     0.00 -1    -1e-30      0.00 6.390e-01 3.210e-01 7.098e-03 1.938e-03 1.760e-02 -1.000 4.000e-02 -1.521 -1.244 -1.199 -1.193 -1.180 -1.178 -1.174 -1.169 -1.647 -1.298 -1.231 -1.182 -1.177 -1.575 -1.465
0.04 0.47971 6.00000 4.3571429253 2.6101737022    4.354  2.522  4.0067  3.534    0  0.000  0.538     0.00     0.00 -1    -1e-30      0.00 6.390e-01 3.210e-01 7.098e-03 1.938e-03 1.760e-02 -1.000 4.000e-02 -1.535 -1.242 -1.196 -1.189 -1.175 -1.173 -1.169 -1.164 -1.642 -1.293 -1.226 -1.177 -1.173 -1.570 -1.460
0.04 0.47971 6.00000 4.3581504822 2.6101808548    4.355  2.524  4.0075  3.535    0  0.000  0.538     0.00     0.00 -1    -1e-30      0.00 6.390e-01 3.210e-01 7.098e-03 1.938e-03 1.760e-02 -1.000 4.000e-02 -1.539 -1.241 -1.195 -1.188 -1.174 -1.172 -1.167 -1.163 -1.640 -1.291 -1.224 -1.176 -1.171 -1.569 -1.458
0.04 0.47971 6.00000 4.3710627556 2.6102721691    4.368  2.547  4.0173  3.553    0  0.000  0.538     0.00     0.00 -1    -1e-30      0.00 6.390e-01 3.210e-01 7.098e-03 1.938e-03 1.760e-02 -1.000 4.000e-02 -1.596 -1.232 -1.183 -1.173 -1.156 -1.153 -1.148 -1.142 -1.618 -1.268 -1.201 -1.158 -1.152 -1.548 -1.436
0.04 0.47971 6.00000 4.3837242126 2.6103608608    4.380  2.569  4.0270  3.571    0  0.000  0.538     0.00     0.00 -1    -1e-30      0.00 6.390e-01 3.210e-01 7.098e-03 1.938e-03 1.760e-02 -1.000 4.000e-02 -1.652 -1.223 -1.170 -1.157 -1.138 -1.134 -1.128 -1.122 -1.596 -1.245 -1.177 -1.140 -1.133 -1.527 -1.414
0.04 0.47971 6.00000 4.3961567879 2.6104476452    4.393  2.590  4.0368  3.589    0  0.000  0.538     0.00     0.00 -1    -1e-30      0.00 6.390e-01 3.210e-01 7.098e-03 1.938e-03 1.760e-02 -1.000 4.000e-02 -1.706 -1.213 -1.156 -1.142 -1.120 -1.115 -1.109 -1.102 -1.574 -1.222 -1.153 -1.122 -1.114 -1.506 -1.392
0.04 0.47971 6.00000 4.4083852768 2.6105322838    4.405  2.611  4.0465  3.609    0  0.000  0.538     0.00     0.00 -1    -1e-30      0.00 6.390e-01 3.210e-01 7.098e-03 1.938e-03 1.760e-02 -1.000 4.000e-02 -1.758 -1.201 -1.141 -1.124 -1.100 -1.094 -1.088 -1.080 -1.551 -1.197 -1.128 -1.103 -1.093 -1.484 -1.369
0.04 0.47971 6.00000 4.4204363823 2.6106152534    4.417  2.631  4.0562  3.628    0  0.000  0.538     0.00     0.00 -1    -1e-30      0.00 6.390e-01 3.210e-01 7.098e-03 1.938e-03 1.760e-02 -1.000 4.000e-02 -1.809 -1.187 -1.124 -1.105 -1.078 -1.072 -1.065 -1.056 -1.526 -1.171 -1.101 -1.082 -1.071 -1.460 -1.344
0.04 0.47971 6.00000 4.4362788200 2.6107232571    4.433  2.657  4.0690  3.656    0  0.000  0.538     0.00     0.00 -1    -1e-30      0.00 6.390e-01 3.210e-01 7.098e-03 1.938e-03 1.760e-02 -1.000 4.000e-02 -1.873 -1.165 -1.099 -1.077 -1.048 -1.040 -1.032 -1.023 -1.490 -1.133 -1.063 -1.051 -1.039 -1.426 -1.308
0.04 0.47971 6.00000 4.4519467354 2.6108295918    4.448  2.682  4.0818  3.684    0  0.000  0.538     0.00     0.00 -1    -1e-30      0.00 6.390e-01 3.210e-01 7.098e-03 1.938e-03 1.760e-02 -1.000 4.000e-02 -1.934 -1.140 -1.070 -1.046 -1.014 -1.006 -0.997 -0.987 -1.452 -1.094 -1.023 -1.018 -1.005 -1.389 -1.270
0.04 0.47971 6.00000 4.4675269127 2.6109342575    4.464  2.704  4.0945  3.713    0  0.000  0.538     0.00     0.00 -1    -1e-30      0.00 6.390e-01 3.210e-01 7.098e-03 1.938e-03 1.760e-02 -1.000 4.000e-02 -1.991 -1.110 -1.038 -1.011 -0.977 -0.968 -0.958 -0.947 -1.410 -1.051 -0.980 -0.980 -0.966 -1.349 -1.229
0.04 0.47971 6.00000 4.4831786156 2.6110386848    4.480  2.725  4.1070  3.744    0  0.000  0.538     0.00     0.00 -1    -1e-30      0.00 6.390e-01 3.210e-01 7.098e-03 1.938e-03 1.760e-02 -1.000 4.000e-02 -2.043 -1.077 -1.001 -0.972 -0.935 -0.925 -0.915 -0.903 -1.365 -1.005 -0.933 -0.939 -0.924 -1.305 -1.183
0.04 0.47971 6.00000 4.4991784096 2.6111443043    4.496  2.743  4.1193  3.777    0  0.000  0.538     0.00     0.00 -1    -1e-30      0.00 6.390e-01 3.210e-01 7.098e-03 1.938e-03 1.760e-02 -1.000 4.000e-02 -2.088 -1.036 -0.957 -0.926 -0.887 -0.877 -0.866 -0.853 -1.314 -0.952 -0.880 -0.891 -0.875 -1.254 -1.132
0.04 0.47971 6.00000 4.5161833763 2.6112558842    4.513  2.756  4.1312  3.813    0  0.000  0.538     0.00     0.00 -1    -1e-30      0.00 6.390e-01 3.210e-01 7.098e-03 1.938e-03 1.760e-02 -1.000 4.000e-02 -2.121 -0.987 -0.905 -0.872 -0.831 -0.819 -0.808 -0.795 -1.254 -0.892 -0.819 -0.835 -0.818 -1.195 -1.072
0.04 0.47971 6.00000 4.5255823135 2.6113171577    4.522  2.761  4.1372  3.833    0  0.000  0.538     0.00     0.00 -1    -1e-30      0.00 6.390e-01 3.210e-01 7.098e-03 1.938e-03 1.760e-02 -1.000 4.000e-02 -2.133 -0.957 -0.874 -0.840 -0.798 -0.786 -0.774 -0.760 -1.219 -0.856 -0.783 -0.802 -0.784 -1.161 -1.037
0.04 0.47971 6.00000 4.5359549522 2.6113843918    4.532  2.758  4.1416  3.855    0  0.000  0.538     0.00     0.00 -1    -1e-30      0.00 6.390e-01 3.210e-01 7.098e-03 1.938e-03 1.760e-02 -1.000 4.000e-02 -2.125 -0.918 -0.834 -0.799 -0.756 -0.744 -0.732 -0.718 -1.176 -0.814 -0.740 -0.761 -0.742 -1.118 -0.994
0.04 0.47971 6.00000 4.5548596382 2.6115059853    4.551  2.740  4.1462  3.893    0  0.000  0.538     0.00     0.00 -1    -1e-30      0.00 6.390e-01 3.210e-01 7.098e-03 1.938e-03 1.760e-02 -1.000 4.000e-02 -2.079 -0.840 -0.755 -0.719 -0.675 -0.663 -0.651 -0.637 -1.094 -0.731 -0.658 -0.680 -0.661 -1.037 -0.912
0.04 0.47971 6.00000 4.5619049072 2.6115510464    4.559  2.731  4.1473  3.907    0  0.000  0.538     0.00     0.00 -1    -1e-30      0.00 6.390e-01 3.210e-01 7.098e-03 1.938e-03 1.760e-02 -1.000 4.000e-02 -2.057 -0.810 -0.724 -0.688 -0.644 -0.632 -0.620 -0.606 -1.063 -0.700 -0.627 -0.649 -0.630 -1.005 -0.881
0.04 0.47971 6.00000 4.5692811012 2.6115980148    4.566  2.721  4.1483  3.922    0  0.000  0.538     0.00     0.00 -1    -1e-30      0.00 6.390e-01 3.210e-01 7.098e-03 1.938e-03 1.760e-02 -1.000 4.000e-02 -2.032 -0.778 -0.692 -0.656 -0.612 -0.599 -0.587 -0.573 -1.030 -0.667 -0.594 -0.616 -0.598 -0.973 -0.848
0.04 0.47971 6.00000 4.5791630745 2.6116607189    4.576  2.701  4.1475  3.940    0  0.000  0.538     0.00     0.00 -1    -1e-30      0.00 6.390e-01 3.210e-01 7.098e-03 1.938e-03 1.760e-02 -1.000 4.000e-02 -1.982 -0.733 -0.647 -0.612 -0.568 -0.555 -0.543 -0.529 -0.986 -0.623 -0.550 -0.572 -0.553 -0.929 -0.804
0.04 0.47971 6.00000 4.5889630318 2.6117224693    4.586  2.680  4.1462  3.956    0  0.000  0.538     0.00     0.00 -1    -1e-30      0.00 6.390e-01 3.210e-01 7.098e-03 1.938e-03 1.760e-02 -1.000 4.000e-02 -1.930 -0.690 -0.604 -0.569 -0.525 -0.512 -0.500 -0.486 -0.944 -0.581 -0.508 -0.529 -0.511 -0.886 -0.762
0.04 0.47971 6.00000 4.5994725227 2.6117885113    4.596  2.656  4.1441  3.973    0  0.000  0.538     0.00     0.00 -1    -1e-30      0.00 6.390e-01 3.210e-01 7.098e-03 1.938e-03 1.760e-02 -1.000 4.000e-02 -1.870 -0.644 -0.559 -0.524 -0.481 -0.468 -0.456 -0.442 -0.900 -0.538 -0.464 -0.485 -0.467 -0.843 -0.718
0.04 0.47971 6.00000 4.6119074821 2.6118659973    4.609  2.627  4.1408  3.989    0  0.000  0.538     0.00     0.00 -1    -1e-30      0.00 6.390e-01 3.210e-01 7.098e-03 1.938e-03 1.760e-02 -1.000 4.000e-02 -1.799 -0.596 -0.511 -0.477 -0.434 -0.422 -0.410 -0.396 -0.855 -0.492 -0.419 -0.438 -0.420 -0.797 -0.673
0.04 0.47971 6.00000 4.6298818588 2.6119773388    4.627  2.589  4.1356  4.009    0  0.000  0.538     0.00     0.00 -1    -1e-30      0.00 6.390e-01 3.210e-01 7.098e-03 1.938e-03 1.760e-02 -1.000 4.000e-02 -1.703 -0.536 -0.452 -0.419 -0.377 -0.365 -0.354 -0.340 -0.799 -0.437 -0.364 -0.381 -0.363 -0.741 -0.617
0.04 0.47971 6.00000 4.7326250076 2.6125950813    4.730  2.560  4.1307  4.028    0  0.000  0.538     0.00     0.00 -1    -1e-30      0.00 6.390e-01 3.210e-01 7.098e-03 1.938e-03 1.760e-02 -1.000 4.000e-02 -1.630 -0.496 -0.414 -0.381 -0.340 -0.329 -0.318 -0.304 -0.764 -0.402 -0.330 -0.344 -0.327 -0.705 -0.582
0.04 0.47971 6.00000 4.7666664124 2.6127929688    4.764  2.577  4.1343  4.029    0  0.000  0.538     0.00     0.00 -1    -1e-30      0.00 6.390e-01 3.210e-01 7.098e-03 1.938e-03 1.760e-02 -1.000 4.000e-02 -1.671 -0.513 -0.430 -0.396 -0.355 -0.343 -0.332 -0.318 -0.777 -0.416 -0.343 -0.359 -0.341 -0.719 -0.596
0.04 0.47971 6.00000 4.9714288712 2.6139180660    4.970  2.671  4.1559  4.039    0  0.000  0.538     0.00     0.00 -1    -1e-30      0.00 6.390e-01 3.210e-01 7.098e-03 1.938e-03 1.760e-02 -1.000 4.000e-02 -1.908 -0.599 -0.511 -0.474 -0.428 -0.415 -0.403 -0.388 -0.844 -0.481 -0.408 -0.433 -0.414 -0.788 -0.662
0.04 0.47971 6.00000 5.0632176399 2.6143887043    5.062  2.716  4.1679  4.050    0  0.000  0.538     0.00     0.00 -1    -1e-30      0.00 6.390e-01 3.210e-01 7.098e-03 1.938e-03 1.760e-02 -1.000 4.000e-02 -2.021 -0.627 -0.537 -0.498 -0.450 -0.437 -0.423 -0.408 -0.863 -0.499 -0.425 -0.455 -0.435 -0.807 -0.681
0.04 0.47971 6.00000 5.1716160774 2.6149196625    5.171  2.780  4.1887  4.078    0  0.000  0.538     0.00     0.00 -1    -1e-30      0.00 6.390e-01 3.210e-01 7.098e-03 1.938e-03 1.760e-02 -1.000 4.000e-02 -2.181 -0.641 -0.546 -0.504 -0.453 -0.438 -0.424 -0.407 -0.859 -0.495 -0.421 -0.458 -0.436 -0.805 -0.677
0.04 0.47971 6.00000 5.1761903763 2.6149415970    5.176  2.784  4.1899  4.080    0  0.000  0.538     0.00     0.00 -1    -1e-30      0.00 6.390e-01 3.210e-01 7.098e-03 1.938e-03 1.760e-02 -1.000 4.000e-02 -2.190 -0.641 -0.546 -0.503 -0.452 -0.437 -0.423 -0.406 -0.858 -0.493 -0.420 -0.457 -0.435 -0.804 -0.676
0.04 0.47971 6.00000 5.2287526131 2.6151893139    5.228  2.825  4.2044  4.101    0  0.000  0.538     0.00     0.00 -1    -1e-30      0.00 6.390e-01 3.210e-01 7.098e-03 1.938e-03 1.760e-02 -1.000 4.000e-02 -2.292 -0.641 -0.543 -0.498 -0.444 -0.428 -0.413 -0.396 -0.846 -0.481 -0.408 -0.449 -0.426 -0.793 -0.664
0.04 0.47971 6.00000 5.2730708122 2.6153941154    5.273  2.863  4.2194  4.127    0  0.000  0.538     0.00     0.00 -1    -1e-30      0.00 6.390e-01 3.210e-01 7.098e-03 1.938e-03 1.760e-02 -1.000 4.000e-02 -2.388 -0.630 -0.529 -0.481 -0.425 -0.408 -0.392 -0.373 -0.822 -0.457 -0.387 -0.430 -0.406 -0.771 -0.641
0.04 0.47971 6.00000 5.3050827980 2.6155393124    5.305  2.879  4.2279  4.147    0  0.000  0.538     0.00     0.00 -1    -1e-30      0.00 6.390e-01 3.210e-01 7.098e-03 1.938e-03 1.760e-02 -1.000 4.000e-02 -2.428 -0.611 -0.508 -0.459 -0.401 -0.383 -0.367 -0.348 -0.796 -0.430 -0.362 -0.406 -0.381 -0.745 -0.614
0.04 0.47971 6.00000 5.3418540955 2.6157038212    5.342  2.877  4.2320  4.168    0  0.000  0.538     0.00     0.00 -1    -1e-30      0.00 6.390e-01 3.210e-01 7.098e-03 1.938e-03 1.760e-02 -1.000 4.000e-02 -2.423 -0.577 -0.473 -0.423 -0.364 -0.347 -0.330 -0.311 -0.759 -0.393 -0.326 -0.370 -0.345 -0.708 -0.577
0.04 0.47971 6.00000 5.3809523582 2.6158759594    5.381  2.850  4.2282  4.183    0  0.000  0.538     0.00     0.00 -1    -1e-30      0.00 6.390e-01 3.210e-01 7.098e-03 1.938e-03 1.760e-02 -1.000 4.000e-02 -2.356 -0.536 -0.432 -0.383 -0.325 -0.308 -0.291 -0.272 -0.721 -0.355 -0.287 -0.331 -0.306 -0.669 -0.539
0.04 0.47971 6.00000 5.4146385193 2.6160218716    5.415  2.828  4.2252  4.197    0  0.000  0.538     0.00     0.00 -1    -1e-30      0.00 6.390e-01 3.210e-01 7.098e-03 1.938e-03 1.760e-02 -1.000 4.000e-02 -2.299 -0.501 -0.398 -0.349 -0.292 -0.274 -0.258 -0.240 -0.688 -0.322 -0.254 -0.297 -0.272 -0.637 -0.506
0.04 0.47971 6.00000 5.4289364815 2.6160831451    5.429  2.744  4.2020  4.189    0  0.000  0.538     0.00     0.00 -1    -1e-30      0.00 6.390e-01 3.210e-01 7.098e-03 1.938e-03 1.760e-02 -1.000 4.000e-02 -2.090 -0.455 -0.357 -0.312 -0.259 -0.243 -0.228 -0.211 -0.662 -0.296 -0.223 -0.264 -0.241 -0.609 -0.480
0.04 0.47971 6.00000 5.4314289093 2.6160938740    5.432  2.731  4.1984  4.188    0  0.000  0.538     0.00     0.00 -1    -1e-30      0.00 6.390e-01 3.210e-01 7.098e-03 1.938e-03 1.760e-02 -1.000 4.000e-02 -2.057 -0.448 -0.351 -0.307 -0.254 -0.238 -0.224 -0.206 -0.658 -0.293 -0.219 -0.259 -0.236 -0.604 -0.476
0.04 0.47971 6.00000 5.4339332581 2.6161043644    5.434  2.718  4.1949  4.186    0  0.000  0.538     0.00     0.00 -1    -1e-30      0.00 6.390e-01 3.210e-01 7.098e-03 1.938e-03 1.760e-02 -1.000 4.000e-02 -2.026 -0.441 -0.345 -0.301 -0.249 -0.234 -0.219 -0.202 -0.654 -0.289 -0.215 -0.254 -0.232 -0.600 -0.472
0.04 0.47971 6.00000 5.4366350174 2.6161160469    5.437  2.708  4.1919  4.185    0  0.000  0.538     0.00     0.00 -1    -1e-30      0.00 6.390e-01 3.210e-01 7.098e-03 1.938e-03 1.760e-02 -1.000 4.000e-02 -1.999 -0.436 -0.340 -0.297 -0.245 -0.230 -0.216 -0.199 -0.651 -0.286 -0.213 -0.251 -0.228 -0.597 -0.469
0.04 0.47971 6.00000 5.4398298264 2.6161296368    5.440  2.696  4.1885  4.184    0  0.000  0.538     0.00     0.00 -1    -1e-30      0.00 6.390e-01 3.210e-01 7.098e-03 1.938e-03 1.760e-02 -1.000 4.000e-02 -1.970 -0.430 -0.335 -0.293 -0.242 -0.227 -0.213 -0.196 -0.649 -0.284 -0.210 -0.247 -0.225 -0.595 -0.467
0.04 0.47971 6.00000 5.4437203407 2.6161460876    5.444  2.686  4.1854  4.181    0  0.000  0.538     0.00     0.00 -1    -1e-30      0.00 6.390e-01 3.210e-01 7.098e-03 1.938e-03 1.760e-02 -1.000 4.000e-02 -1.945 -0.428 -0.333 -0.291 -0.241 -0.226 -0.212 -0.196 -0.648 -0.284 -0.210 -0.246 -0.224 -0.594 -0.467
0.04 0.47971 6.00000 5.4486379623 2.6161670685    5.449  2.677  4.1823  4.178    0  0.000  0.538     0.00     0.00 -1    -1e-30      0.00 6.390e-01 3.210e-01 7.098e-03 1.938e-03 1.760e-02 -1.000 4.000e-02 -1.923 -0.428 -0.334 -0.292 -0.242 -0.228 -0.214 -0.198 -0.651 -0.287 -0.213 -0.247 -0.226 -0.596 -0.469
0.04 0.47971 6.00000 5.4588398933 2.6162102222    5.459  2.663  4.1767  4.171    0  0.000  0.538     0.00     0.00 -1    -1e-30      0.00 6.390e-01 3.210e-01 7.098e-03 1.938e-03 1.760e-02 -1.000 4.000e-02 -1.887 -0.431 -0.338 -0.298 -0.249 -0.235 -0.221 -0.205 -0.659 -0.295 -0.221 -0.254 -0.233 -0.604 -0.477
0.04 0.47971 6.00000 5.4628462791 2.6162271500    5.463  2.662  4.1755  4.167    0  0.000  0.538     0.00     0.00 -1    -1e-30      0.00 6.390e-01 3.210e-01 7.098e-03 1.938e-03 1.760e-02 -1.000 4.000e-02 -1.885 -0.437 -0.345 -0.305 -0.256 -0.242 -0.228 -0.212 -0.666 -0.303 -0.229 -0.261 -0.240 -0.611 -0.485
0.04 0.47971 6.00000 5.4761962891 2.6162831783    5.477  2.686  4.1774  4.152    0  0.000  0.538     0.00     0.00 -1    -1e-30      0.00 6.390e-01 3.210e-01 7.098e-03 1.938e-03 1.760e-02 -1.000 4.000e-02 -1.945 -0.484 -0.391 -0.350 -0.301 -0.287 -0.273 -0.257 -0.711 -0.347 -0.273 -0.306 -0.285 -0.656 -0.529
0.04 0.47971 6.00000 5.4863038063 2.6163253784    5.487  2.706  4.1795  4.141    0  0.000  0.538     0.00     0.00 -1    -1e-30      0.00 6.390e-01 3.210e-01 7.098e-03 1.938e-03 1.760e-02 -1.000 4.000e-02 -1.996 -0.520 -0.427 -0.386 -0.337 -0.322 -0.309 -0.292 -0.746 -0.382 -0.308 -0.342 -0.320 -0.691 -0.564
0.04 0.47971 6.00000 5.4955067635 2.6163637638    5.496  2.730  4.1825  4.131    0  0.000  0.538     0.00     0.00 -1    -1e-30      0.00 6.390e-01 3.210e-01 7.098e-03 1.938e-03 1.760e-02 -1.000 4.000e-02 -2.054 -0.557 -0.463 -0.422 -0.372 -0.357 -0.343 -0.327 -0.780 -0.416 -0.342 -0.377 -0.355 -0.726 -0.598
0.04 0.47971 6.00000 5.5059766769 2.6164071560    5.506  2.759  4.1869  4.120    0  0.000  0.538     0.00     0.00 -1    -1e-30      0.00 6.390e-01 3.210e-01 7.098e-03 1.938e-03 1.760e-02 -1.000 4.000e-02 -2.127 -0.599 -0.504 -0.462 -0.412 -0.397 -0.383 -0.366 -0.818 -0.454 -0.380 -0.417 -0.395 -0.764 -0.637
0.04 0.47971 6.00000 5.5199365616 2.6164648533    5.521  2.798  4.1935  4.108    0  0.000  0.538     0.00     0.00 -1    -1e-30      0.00 6.390e-01 3.210e-01 7.098e-03 1.938e-03 1.760e-02 -1.000 4.000e-02 -2.224 -0.650 -0.554 -0.511 -0.459 -0.443 -0.429 -0.412 -0.864 -0.499 -0.425 -0.464 -0.441 -0.810 -0.682
0.04 0.47971 6.00000 5.5437541008 2.6165623665    5.544  2.854  4.2047  4.098    0  0.000  0.538     0.00     0.00 -1    -1e-30      0.00 6.390e-01 3.210e-01 7.098e-03 1.938e-03 1.760e-02 -1.000 4.000e-02 -2.366 -0.713 -0.614 -0.569 -0.515 -0.499 -0.484 -0.467 -0.917 -0.552 -0.479 -0.521 -0.497 -0.864 -0.735
0.04 0.47971 6.00000 5.5728564262 2.6166801453    5.574  2.910  4.2179  4.098    0  0.000  0.538     0.00     0.00 -1    -1e-30      0.00 6.390e-01 3.210e-01 7.098e-03 1.938e-03 1.760e-02 -1.000 4.000e-02 -2.504 -0.758 -0.657 -0.609 -0.553 -0.536 -0.520 -0.502 -0.951 -0.585 -0.515 -0.558 -0.534 -0.899 -0.769
0.04 0.47971 6.00000 5.5857143402 2.6167318821    5.586  2.927  4.2235  4.104    0  0.000  0.538     0.00     0.00 -1    -1e-30      0.00 6.390e-01 3.210e-01 7.098e-03 1.938e-03 1.760e-02 -1.000 4.000e-02 -2.549 -0.762 -0.660 -0.612 -0.554 -0.537 -0.521 -0.502 -0.951 -0.585 -0.516 -0.560 -0.535 -0.900 -0.769
0.04 0.47971 6.00000 5.6066441536 2.6168153286    5.607  2.956  4.2325  4.113    0  0.000  0.538     0.00     0.00 -1    -1e-30      0.00 6.390e-01 3.210e-01 7.098e-03 1.938e-03 1.760e-02 -1.000 4.000e-02 -2.619 -0.769 -0.665 -0.615 -0.556 -0.538 -0.522 -0.503 -0.950 -0.585 -0.518 -0.562 -0.536 -0.899 -0.768
0.04 0.47971 6.00000 5.6367712021 2.6169340611    5.637  2.978  4.2427  4.134    0  0.000  0.538     0.00     0.00 -1    -1e-30      0.00 6.390e-01 3.210e-01 7.098e-03 1.938e-03 1.760e-02 -1.000 4.000e-02 -2.675 -0.753 -0.647 -0.595 -0.534 -0.516 -0.499 -0.479 -0.925 -0.561 -0.496 -0.540 -0.514 -0.875 -0.743
0.04 0.47971 6.00000 5.6740217209 2.6170792580    5.675  2.986  4.2507  4.161    0  0.000  0.538     0.00     0.00 -1    -1e-30      0.00 6.390e-01 3.210e-01 7.098e-03 1.938e-03 1.760e-02 -1.000 4.000e-02 -2.695 -0.717 -0.609 -0.556 -0.493 -0.475 -0.457 -0.437 -0.882 -0.518 -0.456 -0.500 -0.472 -0.833 -0.700
0.04 0.47971 6.00000 5.7343440056 2.6173093319    5.735  2.972  4.2534  4.190    0  0.000  0.538     0.00     0.00 -1    -1e-30      0.00 6.390e-01 3.210e-01 7.098e-03 1.938e-03 1.760e-02 -1.000 4.000e-02 -2.660 -0.662 -0.553 -0.500 -0.437 -0.418 -0.400 -0.380 -0.825 -0.462 -0.399 -0.443 -0.416 -0.776 -0.643
0.04 0.47971 6.00000 5.7904763222 2.6175186634    5.791  2.970  4.2541  4.199    0  0.000  0.538     0.00     0.00 -1    -1e-30      0.00 6.390e-01 3.210e-01 7.098e-03 1.938e-03 1.760e-02 -1.000 4.000e-02 -2.655 -0.653 -0.544 -0.490 -0.427 -0.408 -0.391 -0.370 -0.815 -0.452 -0.390 -0.434 -0.406 -0.766 -0.633
0.04 0.47971 6.00000 5.8628783226 2.6177816391    5.863  2.968  4.2549  4.210    0  0.000  0.538     0.00     0.00 -1    -1e-30      0.00 6.390e-01 3.210e-01 7.098e-03 1.938e-03 1.760e-02 -1.000 4.000e-02 -2.649 -0.641 -0.532 -0.478 -0.415 -0.396 -0.378 -0.357 -0.802 -0.439 -0.377 -0.421 -0.394 -0.753 -0.621
0.04 0.47971 6.00000 5.9952383041 2.6182439327    5.996  3.003  4.2610  4.209    0  0.000  0.538     0.00     0.00 -1    -1e-30      0.00 6.390e-01 3.210e-01 7.098e-03 1.938e-03 1.760e-02 -1.000 4.000e-02 -2.738 -0.687 -0.576 -0.521 -0.457 -0.438 -0.420 -0.399 -0.843 -0.480 -0.419 -0.464 -0.435 -0.794 -0.661
0.04 0.47971 6.00000 6.1999998093 2.6189143658    6.200  3.058  4.2700  4.205    1  0.000  0.538     0.00     0.00 -1    -1e-30      0.00 6.390e-01 3.210e-01 7.098e-03 1.938e-03 1.760e-02 -1.000 4.000e-02 -2.875 -0.761 -0.648 -0.592 -0.526 -0.505 -0.487 -0.465 -0.908 -0.547 -0.487 -0.532 -0.503 -0.860 -0.726
0.04 0.47971 6.00000 6.3949995041 2.6195070744    6.394  3.109  4.2785  4.201    0  0.000  0.538     0.00     0.00 -1    -1e-30      0.00 6.390e-01 3.210e-01 7.098e-03 1.938e-03 1.760e-02 -1.000 4.000e-02 -3.002 -0.829 -0.715 -0.656 -0.589 -0.568 -0.548 -0.526 -0.968 -0.608 -0.550 -0.595 -0.565 -0.921 -0.786
0.04 0.47971 6.00000 6.5899996758 2.6200597286    6.582  3.154  4.2863  4.199    0  0.000  0.538     0.00     0.00 -1    -1e-30      0.00 6.390e-01 3.210e-01 7.098e-03 1.938e-03 1.760e-02 -1.000 4.000e-02 -3.116 -0.889 -0.773 -0.713 -0.644 -0.622 -0.602 -0.580 -1.020 -0.661 -0.602 -0.651 -0.620 -0.974 -0.839
0.04 0.47971 6.00000 7.1749997139 2.6215124130    7.162  3.285  4.3085  4.193    1  0.000  0.538     0.00     0.00 -1    -1e-30      0.00 6.390e-01 3.210e-01 7.098e-03 1.938e-03 1.760e-02 -1.000 4.000e-02 -3.444 -1.064 -0.942 -0.878 -0.803 -0.780 -0.758 -0.734 -1.172 -0.813 -0.754 -0.811 -0.777 -1.127 -0.990
0.04 0.47971 6.00000 8.0855350494 2.6232998371    8.077  3.469  4.3392  4.185    0  0.000  0.538     0.00     0.00 -1    -1e-30      0.00 6.390e-01 3.210e-01 7.098e-03 1.938e-03 1.760e-02 -1.000 4.000e-02 -3.902 -1.312 -1.184 -1.114 -1.031 -1.005 -0.981 -0.954 -1.387 -1.029 -0.966 -1.040 -1.002 -1.345 -1.206
0.04 0.47971 6.00000 8.1499996185 2.6234090328    8.142  3.481  4.3412  4.184    0  0.000  0.538     0.00     0.00 -1    -1e-30      0.00 6.390e-01 3.210e-01 7.098e-03 1.938e-03 1.760e-02 -1.000 4.000e-02 -3.933 -1.329 -1.201 -1.130 -1.047 -1.020 -0.996 -0.968 -1.402 -1.043 -0.980 -1.055 -1.017 -1.360 -1.220
0.04 0.47971 6.00000 9.1250000000 2.6248476505    9.114  3.650  4.3687  4.175    1  0.000  0.538     0.00     0.00 -1    -1e-30      0.00 6.390e-01 3.210e-01 7.098e-03 1.938e-03 1.760e-02 -1.000 4.000e-02 -4.355 -1.566 -1.432 -1.357 -1.267 -1.237 -1.211 -1.181 -1.611 -1.249 -1.183 -1.276 -1.234 -1.571 -1.429
0.04 0.47971 6.00000 9.3925676346 2.6251828671    9.383  3.692  4.3755  4.172    1  0.000  0.538     0.00     0.00 -1    -1e-30      0.00 6.390e-01 3.210e-01 7.098e-03 1.938e-03 1.760e-02 -1.000 4.000e-02 -4.460 -1.626 -1.491 -1.414 -1.323 -1.293 -1.266 -1.235 -1.665 -1.302 -1.235 -1.332 -1.289 -1.625 -1.483
0.04 0.47971 6.00000 10.1000003815 2.6259715557   10.094  3.798  4.3925  4.166    1  0.000  0.538     0.00     0.00 -1    -1e-30      0.00 6.390e-01 3.210e-01 7.098e-03 1.938e-03 1.760e-02 -1.000 4.000e-02 -4.726 -1.779 -1.641 -1.562 -1.467 -1.435 -1.407 -1.376 -1.803 -1.437 -1.369 -1.476 -1.432 -1.765 -1.621
0.04 0.47971 6.00000 10.5286245346 2.6263904572   10.525  3.858  4.4019  4.162    1  0.000  0.538     0.00     0.00 -1    -1e-30      0.00 6.390e-01 3.210e-01 7.098e-03 1.938e-03 1.760e-02 -1.000 4.000e-02 -4.875 -2.063 -1.967 -1.940 -1.973 -2.066 -2.090 -2.394 -3.474 -6.034 -6.277 -1.963 -2.052 -2.697 -3.405
0.04 0.47971 6.00000 11.0749998093 2.6268708706   11.074  3.931  4.4134  4.157    1  0.000  0.538     0.00     0.00 -1    -1e-30      0.00 6.390e-01 3.210e-01 7.098e-03 1.938e-03 1.760e-02 -1.000 4.000e-02 -5.057 -2.159 -2.057 -2.023 -2.045 -2.133 -2.150 -2.451 -3.556 -6.110 -6.349 -2.037 -2.117 -2.782 -3.488
0.04 0.47971 6.00000 12.0500001907 2.6276051998   12.047  4.049  4.4317  4.148    1  0.000  0.538     0.00     0.00 -1 -3.52e-30      0.00 6.390e-01 3.210e-01 7.100e-03 1.938e-03 1.760e-02 -1.000 4.000e-02 -5.353 -2.317 -2.206 -2.161 -2.167 -2.247 -2.254 -2.549 -3.694 -6.238 -6.469 -2.161 -2.227 -2.924 -3.626
0.04 0.47971 6.00000 14.0000000000 2.6287269592   13.984  4.254  4.4624  4.132    0  0.000  0.545     0.00     0.00 -1 -7.46e-09      0.00 6.390e-01 3.210e-01 7.193e-03 1.940e-03 1.760e-02 -1.000 4.000e-02 -5.864 -2.627 -2.510 -2.458 -2.461 -2.545 -2.544 -2.814 -3.949 -6.475 -6.687 -2.455 -2.519 -3.191 -3.881
0.04 0.47971 6.00000 16.0000000000 2.6295573711   15.983  4.429  4.4877  4.116    0  0.000  0.545     0.00     0.00 -1 -1.88e-08      0.00 6.390e-01 3.210e-01 7.193e-03 1.940e-03 1.760e-02 -1.000 4.000e-02 -6.301 -2.935 -2.825 -2.784 -2.810 -2.922 -2.927 -3.158 -4.189 -6.699 -6.889 -2.801 -2.891 -3.448 -4.121
0.04 0.47971 6.00000 18.0000000000 2.6301794052   17.951  4.577  4.5084  4.101    0  0.000  0.545     0.00     0.00 -1 -3.99e-08      0.00 6.390e-01 3.210e-01 7.193e-03 1.940e-03 1.760e-02 -1.000 4.000e-02 -6.673 -3.183 -3.076 -3.041 -3.079 -3.201 -3.211 -3.422 -4.396 -6.899 -7.080 -3.068 -3.169 -3.670 -4.328
0.04 0.47971 6.00000 20.0000000000 2.6306605339   19.924  4.705  4.5255  4.086    0  0.000  0.545     0.00     0.00 -1 -7.43e-08      0.00 6.390e-01 3.210e-01 7.193e-03 1.940e-03 1.760e-02 -1.000 4.000e-02 -6.994 -3.382 -3.275 -3.241 -3.279 -3.394 -3.409 -3.617 -4.578 -7.082 -7.267 -3.269 -3.367 -3.864 -4.511
0.04 0.47971 6.00000 21.7617626190 2.6310012341   21.646  4.803  4.5377  4.073    0  0.000  0.545     0.00     0.00 -1 -1.16e-07      0.00 6.390e-01 3.210e-01 7.193e-03 1.940e-03 1.760e-02 -1.000 4.000e-02 -7.237 -3.539 -3.432 -3.399 -3.436 -3.547 -3.565 -3.770 -4.723 -7.228 -7.416 -3.427 -3.522 -4.018 -4.657
0.04 0.47971 6.00000 24.0000000000 2.6313521862   23.818  4.916  4.5516  4.057    0  0.000  0.545     0.00     0.00 -1 -1.95e-07      0.00 6.390e-01 3.210e-01 7.193e-03 1.940e-03 1.760e-02 -1.000 4.000e-02 -7.520 -3.721 -3.614 -3.582 -3.619 -3.725 -3.747 -3.951 -4.899 -7.405 -7.591 -3.610 -3.704 -4.200 -4.833
0.04 0.47971 6.00000 30.0000000000 2.6320033073   29.476  5.154  4.5779  4.017    0  0.000  0.545     0.00     0.00 -1 -5.44e-07      0.00 6.390e-01 3.210e-01 7.193e-03 1.940e-03 1.760e-02 -1.000 4.000e-02 -8.115 -4.106 -3.998 -3.967 -4.008 -4.118 -4.146 -4.364 -5.380 -7.884 -8.004 -4.002 -4.101 -4.641 -5.312
0.04 0.47971 6.00000 32.0116958618 2.6321597099   31.329  5.218  4.5839  4.004    0  0.000  0.545     0.00     0.00 -1 -7.08e-07      0.00 6.390e-01 3.210e-01 7.193e-03 1.940e-03 1.760e-02 -1.000 4.000e-02 -8.275 -4.217 -4.109 -4.078 -4.121 -4.231 -4.260 -4.481 -5.513 -8.017 -8.122 -4.115 -4.216 -4.765 -5.445
0.04 0.47971 6.00000 35.0000000000 2.6323544979   34.047  5.305  4.5919  3.984    0  0.000  0.545     0.00     0.00 -1 -1.01e-06      0.00 6.390e-01 3.210e-01 7.193e-03 1.940e-03 1.760e-02 -1.000 4.000e-02 -8.493 -4.372 -4.263 -4.232 -4.276 -4.388 -4.419 -4.644 -5.697 -8.200 -8.284 -4.271 -4.374 -4.936 -5.627
0.04 0.47971 6.00000 40.0000000000 2.6326069832   38.470  5.428  4.6013  3.952    0  0.000  0.545     0.00     0.00 -1 -1.65e-06      0.00 6.390e-01 3.210e-01 7.193e-03 1.940e-03 1.760e-02 -1.000 4.000e-02 -8.801 -4.604 -4.495 -4.465 -4.510 -4.623 -4.656 -4.885 -5.957 -8.459 -8.524 -4.506 -4.610 -5.185 -5.887
0.04 0.47971 6.00000 42.7268562317 2.6327161789   40.824  5.486  4.6048  3.935    0  0.000  0.545     0.00     0.00 -1 -2.04e-06      0.00 6.390e-01 3.210e-01 7.193e-03 1.940e-03 1.760e-02 -1.000 4.000e-02 -8.944 -4.721 -4.611 -4.581 -4.626 -4.739 -4.772 -5.001 -6.068 -8.568 -8.635 -4.622 -4.727 -5.298 -5.998
0.04 0.47971 6.00000 45.0000000000 2.6327958107   42.756  5.530  4.6074  3.920    0  0.000  0.545     0.00     0.00 -1 -2.41e-06      0.00 6.390e-01 3.210e-01 7.193e-03 1.940e-03 1.760e-02 -1.000 4.000e-02 -9.056 -4.813 -4.703 -4.673 -4.718 -4.832 -4.864 -5.093 -6.156 -8.656 -8.723 -4.714 -4.819 -5.388 -6.086
0.04 0.47971 6.00000 50.0000000000 2.6329421997   46.887  5.617  4.6109  3.887    0  0.000  0.545     0.00     0.00 -1 -3.36e-06      0.00 6.390e-01 3.210e-01 7.193e-03 1.940e-03 1.760e-02 -1.000 4.000e-02 -9.273 -5.003 -4.893 -4.863 -4.908 -5.022 -5.054 -5.283 -6.341 -8.838 -8.908 -4.904 -5.009 -5.575 -6.271
0.04 0.47971 6.00000 54.5154342651 2.6330480576   50.485  5.686  4.6124  3.857    0  0.000  0.545     0.00     0.00 -1 -4.35e-06      0.00 6.390e-01 3.210e-01 7.193e-03 1.940e-03 1.760e-02 -1.000 4.000e-02 -9.444 -5.163 -5.053 -5.022 -5.067 -5.181 -5.213 -5.442 -6.498 -8.995 -9.065 -5.064 -5.169 -5.733 -6.428
0.04 0.47971 6.00000 55.0000038147 2.6330580711   50.867  5.693  4.6125  3.854    0  0.000  0.545     0.00     0.00 -1 -4.46e-06      0.00 6.390e-01 3.210e-01 7.193e-03 1.940e-03 1.760e-02 -1.000 4.000e-02 -9.461 -5.179 -5.069 -5.038 -5.083 -5.198 -5.230 -5.458 -6.514 -9.011 -9.082 -5.080 -5.185 -5.749 -6.445
0.04 0.47971 6.00000 60.0000000000 2.6331522465   54.704  5.759  4.6122  3.818    0  0.000  0.545     0.00     0.00 -1 -5.63e-06      0.00 6.390e-01 3.210e-01 7.193e-03 1.940e-03 1.760e-02 -1.000 4.000e-02 -9.628 -5.348 -5.238 -5.207 -5.252 -5.367 -5.399 -5.627 -6.683 -9.180 -9.251 -5.249 -5.354 -5.918 -6.614
0.04 0.47971 6.00000 65.0000000000 2.6332299709   58.411  5.818  4.6102  3.779    0  0.000  0.545     0.00     0.00 -1 -6.92e-06      0.00 6.390e-01 3.210e-01 7.193e-03 1.940e-03 1.760e-02 -1.000 4.000e-02 -9.775 -5.511 -5.400 -5.370 -5.415 -5.529 -5.561 -5.790 -6.849 -9.347 -9.416 -5.411 -5.516 -6.083 -6.779
0.04 0.47971 6.00000 70.0000000000 2.6332950592   61.987  5.870  4.6072  3.741    0  0.000  0.545     0.00     0.00 -1 -8.31e-06      0.00 6.390e-01 3.210e-01 7.192e-03 1.940e-03 1.760e-02 -1.000 4.000e-02 -9.906 -5.664 -5.554 -5.524 -5.569 -5.683 -5.715 -5.944 -7.008 -9.507 -9.575 -5.565 -5.670 -6.239 -6.938
0.04 0.47971 6.00000 70.7379074097 2.6333036423   62.503  5.877  4.6066  3.735    0  0.000  0.545     0.00     0.00 -1 -8.52e-06      0.00 6.390e-01 3.210e-01 7.192e-03 1.940e-03 1.760e-02 -1.000 4.000e-02 -9.924 -5.687 -5.577 -5.546 -5.592 -5.705 -5.738 -5.967 -7.031 -9.531 -9.598 -5.588 -5.693 -6.263 -6.961
0.04 0.47971 6.00000 75.0000000000 2.6333501339   65.444  5.918  4.6029  3.700    0  0.000  0.545     0.00     0.00 -1 -9.77e-06      0.00 6.390e-01 3.210e-01 7.192e-03 1.940e-03 1.760e-02 -1.000 4.000e-02 -10.024 -5.816 -5.706 -5.676 -5.722 -5.835 -5.868 -6.097 -7.167 -9.668 -9.734 -5.717 -5.822 -6.396 -7.097
0.04 0.47971 6.00000 80.0000000000 2.6333973408   68.773  5.961  4.5976  3.657    0  0.000  0.545     0.00     0.00 -1 -1.12e-05      0.00 6.390e-01 3.210e-01 7.192e-03 1.941e-03 1.760e-02 -1.000 4.000e-02 -10.132 -5.965 -5.856 -5.826 -5.871 -5.983 -6.016 -6.244 -7.312 -9.815 -9.885 -5.866 -5.970 -6.543 -7.242
0.04 0.47971 6.00000 85.6719360352 2.6334435940   72.468  6.006  4.5937  3.619    0  0.000  0.257     0.00     0.00 -1  -1.3e-05      0.00 6.346e-01 3.249e-01 3.381e-03 7.236e-03 1.656e-02 -1.000 4.048e-02 -10.244 -6.109 -6.000 -5.970 -6.014 -6.126 -6.158 -6.384 -7.442 -9.945 -10.025 -6.009 -6.112 -6.678 -7.372
0.04 0.47971 6.00000 90.0000000000 2.6334741116   75.218  6.038  4.5916  3.595    0  0.000  0.042     0.00     0.00 -1 -1.44e-05      0.00 6.296e-01 3.296e-01 5.251e-04 1.167e-02 1.530e-02 -1.000 4.077e-02 -10.324 -6.205 -6.097 -6.066 -6.111 -6.222 -6.254 -6.478 -7.531 -10.034 -10.120 -6.105 -6.208 -6.771 -7.462
0.04 0.47971 6.00000 95.0000000000 2.6335055828   78.279  6.072  4.5948  3.591    0  0.000  0.015     0.00     0.00 -1 -1.64e-05      0.00 6.179e-01 3.416e-01 1.414e-04 1.460e-02 1.263e-02 -1.000 4.052e-02 -10.410 -6.269 -6.161 -6.133 -6.182 -6.296 -6.330 -6.560 -7.624 -10.126 -10.209 -6.176 -6.283 -6.858 -7.555
0.04 0.47971 6.00000 100.0000000000 2.6335334778   81.241  6.103  4.5987  3.591    0  0.000  0.020     0.00     0.00 -1 -1.84e-05      0.00 6.055e-01 3.541e-01 1.584e-04 1.638e-02 1.057e-02 -1.000 4.030e-02 -10.488 -6.326 -6.222 -6.199 -6.258 -6.382 -6.418 -6.661 -7.743 -10.239 -10.329 -6.252 -6.368 -6.971 -7.674
0.04 0.47971 6.00000 115.3910598755 2.6336021423   89.707  6.186  4.6128  3.609    0  0.000  0.040     0.00     0.00 -1 -2.53e-05      0.00 5.672e-01 3.929e-01 1.906e-04 1.957e-02 6.887e-03 -1.000 3.989e-02 -10.694 -6.454 -6.361 -6.355 -6.447 -6.599 -6.641 -6.921 -8.031 -10.521 -10.654 -6.438 -6.583 -7.248 -7.963
0.04 0.47971 6.00000 120.0000076294 2.6336188316   92.138  6.208  4.6169  3.614    0  0.000  0.046     0.00     0.00 -1 -2.76e-05      0.00 5.564e-01 4.038e-01 1.991e-04 2.041e-02 5.919e-03 -1.000 3.978e-02 -10.750 -6.492 -6.403 -6.402 -6.504 -6.666 -6.709 -6.997 -8.126 -10.626 -10.767 -6.495 -6.648 -7.330 -8.057
0.04 0.47971 6.00000 150.0000000000 2.6336188316  106.763  6.325  4.6407  3.656    0  0.000  0.096     0.00     0.00 -1 -4.17e-05      0.00 4.978e-01 4.628e-01 2.262e-04 2.273e-02 3.243e-03 -1.000 3.940e-02 -11.042 -6.617 -6.520 -6.653 -6.628 -6.767 -6.828 -7.037 -8.337 -9.121 -10.082 -6.626 -6.768 -7.263 -8.066
0.04 0.47971 6.00000 157.2099609375 2.6336188316  109.366  6.349  4.6437  3.655    0  0.000  0.104     0.00     0.00 -1 -4.56e-05      0.00 4.800e-01 4.798e-01 2.342e-04 2.341e-02 3.045e-03 -1.000 4.014e-02 -11.102 -6.694 -6.600 -6.739 -6.720 -6.862 -6.925 -7.137 -8.448 -9.250 -10.216 -6.717 -6.863 -7.366 -8.176
0.04 0.47971 6.00000 189.2253265381 2.6336188316  118.977  6.438  4.6560  3.651    0  0.000  0.145     0.00     0.00 -1 -6.42e-05      0.00 4.090e-01 5.479e-01 2.642e-04 2.589e-02 2.479e-03 -1.000 4.316e-02 -11.326 -6.943 -6.862 -7.034 -7.035 -7.196 -7.265 -7.491 -8.845 -9.717 -10.704 -7.030 -7.196 -7.733 -8.573
0.04 0.47971 6.00000 200.0000152588 2.6336188316  121.600  6.463  4.6597  3.650    0  0.000  0.158     0.00     0.00 -1 -7.05e-05      0.00 3.875e-01 5.684e-01 2.731e-04 2.661e-02 2.340e-03 -1.000 4.407e-02 -11.388 -7.005 -6.928 -7.111 -7.115 -7.282 -7.354 -7.585 -8.950 -9.835 -10.832 -7.110 -7.282 -7.832 -8.678
0.04 0.47971 6.00000 210.4923553467 2.6336188316  124.970  6.485  4.6566  3.628    0  0.000  0.150     0.00     0.00 -1 -7.59e-05      0.00 3.742e-01 5.772e-01 2.982e-04 2.905e-02 2.909e-03 -1.000 4.862e-02 -11.444 -7.089 -7.011 -7.190 -7.200 -7.367 -7.438 -7.670 -9.038 -9.930 -10.927 -7.195 -7.367 -7.917 -8.766
0.04 0.47971 6.00000 250.0000000000 2.6336188316  136.088  6.557  4.6461  3.552    0  0.000  0.111     0.00     0.00 -1 -9.79e-05      0.00 3.295e-01 6.066e-01 3.845e-04 3.741e-02 4.647e-03 -1.000 6.391e-02 -11.622 -7.341 -7.263 -7.434 -7.461 -7.630 -7.702 -7.935 -9.317 -10.230 -11.235 -7.454 -7.629 -8.187 -9.046
0.04 0.47971 6.00000 282.0440368652 2.6336188316  156.562  6.616  4.6680  3.640    0  0.000  0.228     0.00     0.00 -1 -0.000107      0.00 3.750e-01 5.774e-01 2.995e-04 2.873e-02 2.520e-03 -1.000 4.758e-02 -11.771 -7.386 -7.318 -7.528 -7.542 -7.721 -7.798 -8.042 -9.430 -10.345 -11.362 -7.535 -7.722 -8.298 -9.158
0.04 0.47971 6.00000 300.0000305176 2.6336188316  168.229  6.647  4.6792  3.686    0  0.000  0.274     0.00     0.00 -1 -0.000113      0.00 3.986e-01 5.622e-01 2.575e-04 2.443e-02 1.267e-03 -1.000 3.920e-02 -11.847 -7.398 -7.336 -7.572 -7.576 -7.762 -7.841 -8.092 -9.482 -10.400 -11.423 -7.570 -7.763 -8.351 -9.211
0.04 0.47971 6.00000 309.6777038574 2.6336188316  170.418  6.660  4.6804  3.683    0  0.000  0.279     0.00     0.00 -1 -0.000119      0.00 3.874e-01 5.727e-01 2.629e-04 2.486e-02 1.268e-03 -1.000 3.986e-02 -11.880 -7.436 -7.376 -7.617 -7.623 -7.812 -7.892 -8.146 -9.540 -10.465 -11.492 -7.617 -7.813 -8.407 -9.269
0.04 0.47971 6.00000 350.0000000000 2.6336188316  178.023  6.709  4.6852  3.672    0  0.000  0.299     0.00     0.00 -1 -0.000144      0.00 3.432e-01 6.144e-01 2.837e-04 2.651e-02 1.271e-03 -1.000 4.240e-02 -12.003 -7.586 -7.533 -7.790 -7.806 -8.005 -8.088 -8.350 -9.763 -10.720 -11.757 -7.799 -8.005 -8.618 -9.491
0.04 0.47971 6.00000 350.0000610352 2.6336188316  176.264  6.706  4.6849  3.670    0  0.000  0.308     0.00     0.00 -1 -0.000139      0.00 3.394e-01 6.182e-01 2.878e-04 2.653e-02 1.244e-03 -1.000 4.240e-02 -11.994 -7.566 -7.512 -7.767 -7.780 -7.977 -8.059 -8.320 -9.729 -10.679 -11.714 -7.773 -7.978 -8.587 -9.457
0.04 0.47971 6.00000 350.0001831055 2.6336188316  172.047  6.697  4.6843  3.666    0  0.000  0.330     0.00     0.00 -1 -0.000127      0.00 3.303e-01 6.273e-01 2.973e-04 2.656e-02 1.189e-03 -1.000 4.240e-02 -11.973 -7.515 -7.458 -7.710 -7.714 -7.907 -7.988 -8.245 -9.643 -10.575 -11.605 -7.708 -7.908 -8.508 -9.372
0.04 0.47971 6.00000 350.0003051758 2.6336188316  167.770  6.688  4.6839  3.662    0  0.000  0.353     0.00     0.00 -1 -0.000119      0.00 3.207e-01 6.369e-01 3.068e-04 2.660e-02 1.134e-03 -1.000 4.239e-02 -11.951 -7.479 -7.421 -7.667 -7.669 -7.859 -7.938 -8.193 -9.585 -10.506 -11.532 -7.662 -7.859 -8.454 -9.314
0.04 0.47971 6.00000 350.0004272461 2.6336188316  162.559  6.677  4.6843  3.661    0  0.000  0.384     0.00     0.00 -1 -0.000186      0.00 3.088e-01 6.488e-01 3.165e-04 2.664e-02 1.078e-03 -1.000 4.239e-02 -11.922 -7.670 -7.624 -7.884 -7.944 -8.156 -8.246 -8.520 -9.981 -11.021 -12.076 -7.934 -8.156 -8.801 -9.709
0.04 0.47971 6.00000 350.0005493164 2.6336188316  157.494  6.665  4.6847  3.661    0  0.000  0.415     0.00     0.00 -1  -0.00029      0.00 2.968e-01 6.608e-01 3.259e-04 2.668e-02 1.021e-03 -1.000 4.239e-02 -11.892 -7.881 -7.835 -8.081 -8.203 -8.428 -8.527 -8.803 -10.331 -11.473 -12.542 -8.189 -8.427 -9.098 -10.059
0.04 0.47971 6.00000 350.0006408691 2.6336188316  144.656  6.623  4.6878  3.679    0  0.000  0.465     0.00     0.00 -1 -0.000266      0.00 2.776e-01 6.801e-01 3.352e-04 2.674e-02 9.418e-04 -1.000 4.236e-02 -11.787 -7.776 -7.731 -7.981 -8.104 -8.331 -8.430 -8.707 -10.239 -11.384 -12.455 -8.089 -8.329 -9.001 -9.966
0.04 0.47971 6.00000 350.0007629395 2.6336188316  131.938  6.575  4.6854  3.677    0  0.000  0.491     0.00     0.00 -1  -0.00022      0.00 2.679e-01 6.898e-01 3.431e-04 2.675e-02 9.183e-04 -1.000 4.231e-02 -11.668 -7.615 -7.571 -7.821 -7.934 -8.158 -8.256 -8.533 -10.051 -11.177 -12.244 -7.920 -8.157 -8.826 -9.778
0.04 0.47971 6.00000 350.0008850098 2.6336188316  120.485  6.528  4.6832  3.676    0  0.000  0.516     0.00     0.00 -1 -0.000182      0.00 2.582e-01 6.994e-01 3.508e-04 2.676e-02 8.987e-04 -1.000 4.238e-02 -11.550 -7.463 -7.418 -7.668 -7.773 -7.994 -8.090 -8.369 -9.874 -10.984 -12.048 -7.760 -7.993 -8.661 -9.602
0.04 0.47971 6.00000 350.0010070801 2.6336188316  109.994  6.480  4.6810  3.675    0  0.000  0.541     0.00     0.00 -1  -0.00015      0.00 2.484e-01 7.092e-01 3.586e-04 2.676e-02 8.830e-04 -1.000 4.238e-02 -11.431 -7.303 -7.257 -7.505 -7.599 -7.816 -7.910 -8.187 -9.678 -10.767 -11.828 -7.586 -7.815 -8.476 -9.406
0.04 0.47971 6.00000 350.0011291504 2.6336188316  100.629  6.433  4.6787  3.674    0  0.000  0.565     0.00     0.00 -1 -0.000125      0.00 2.388e-01 7.188e-01 3.661e-04 2.676e-02 8.708e-04 -1.000 4.237e-02 -11.313 -7.146 -7.098 -7.343 -7.425 -7.638 -7.730 -8.003 -9.481 -10.548 -11.606 -7.414 -7.638 -8.289 -9.209
0.04 0.47971 6.00000 350.0012512207 2.6336188316   91.607  6.383  4.6763  3.674    0  0.000  0.590     0.00     0.00 -1 -0.000102      0.00 2.288e-01 7.289e-01 3.741e-04 2.676e-02 8.614e-04 -1.000 4.237e-02 -11.188 -6.979 -6.929 -7.171 -7.241 -7.450 -7.539 -7.809 -9.272 -10.314 -11.369 -7.230 -7.449 -8.090 -9.000
0.04 0.47971 6.00000 350.0013732910 2.6336188316   83.553  6.333  4.6743  3.676    0  0.000  0.615     0.00     0.00 -1 -8.41e-05      0.00 2.189e-01 7.388e-01 3.820e-04 2.675e-02 8.549e-04 -1.000 4.229e-02 -11.063 -6.815 -6.763 -7.001 -7.059 -7.262 -7.349 -7.615 -9.063 -10.080 -11.132 -7.049 -7.262 -7.892 -8.791
0.04 0.47971 6.00000 350.0014648438 2.6336188316   76.200  6.284  4.6719  3.676    0  0.000  0.639     0.00     0.00 -1 -6.91e-05      0.00 2.088e-01 7.488e-01 3.898e-04 2.674e-02 8.509e-04 -1.000 4.235e-02 -10.940 -6.660 -6.603 -6.834 -6.881 -7.078 -7.162 -7.423 -8.857 -9.848 -10.891 -6.872 -7.078 -7.695 -8.585
0.04 0.47971 6.00000 350.0015869141 2.6336188316   69.682  6.236  4.6698  3.676    0  0.000  0.661     0.00     0.00 -1 -5.69e-05      0.00 1.992e-01 7.584e-01 3.977e-04 2.674e-02 8.498e-04 -1.000 4.236e-02 -10.820 -6.508 -6.447 -6.671 -6.707 -6.899 -6.981 -7.236 -8.655 -9.620 -10.656 -6.699 -6.899 -7.503 -8.383
0.04 0.47971 6.00000 350.0017089844 2.6336188316   63.585  6.186  4.6675  3.677    0  0.000  0.684     0.00     0.00 -1 -4.68e-05      0.00 1.892e-01 7.685e-01 4.058e-04 2.673e-02 8.506e-04 -1.000 4.227e-02 -10.696 -6.353 -6.288 -6.505 -6.530 -6.716 -6.795 -7.045 -8.449 -9.388 -10.416 -6.523 -6.716 -7.307 -8.177
0.04 0.47971 6.00000 350.0018310547 2.6336188316   58.133  6.138  4.6654  3.678    0  0.000  0.706     0.00     0.00 -1 -3.92e-05      0.00 1.791e-01 7.785e-01 4.139e-04 2.672e-02 8.530e-04 -1.000 4.236e-02 -10.575 -6.215 -6.146 -6.352 -6.371 -6.550 -6.627 -6.871 -8.262 -9.183 -10.201 -6.364 -6.551 -7.128 -7.990
0.04 0.47971 6.00000 350.0019531250 2.6336188316   53.181  6.089  4.6632  3.679    0  0.000  0.727     0.00     0.00 -1 -3.18e-05      0.00 1.690e-01 7.886e-01 4.220e-04 2.670e-02 8.573e-04 -1.000 4.235e-02 -10.453 -6.066 -5.992 -6.186 -6.194 -6.365 -6.439 -6.675 -8.049 -8.945 -9.950 -6.188 -6.366 -6.926 -7.777
0.04 0.47971 6.00000 350.0020751953 2.6336188316   48.644  6.040  4.6612  3.682    0  0.000  0.749     0.00     0.00 -1 -2.61e-05      0.00 1.586e-01 7.991e-01 4.304e-04 2.669e-02 8.628e-04 -1.000 4.235e-02 -10.330 -5.920 -5.842 -6.024 -6.023 -6.187 -6.258 -6.488 -7.845 -8.719 -9.712 -6.018 -6.188 -6.732 -7.573
0.04 0.47971 6.00000 350.0021972656 2.6336188316   44.479  5.991  4.6594  3.685    0  0.000  0.770     0.00     0.00 -1 -2.14e-05      0.00 1.481e-01 8.096e-01 4.389e-04 2.667e-02 8.698e-04 -1.000 4.229e-02 -10.207 -5.777 -5.694 -5.864 -5.854 -6.011 -6.079 -6.303 -7.644 -8.491 -9.472 -5.850 -6.012 -6.542 -7.372
0.04 0.47971 6.00000 350.0023193359 2.6336188316   40.486  5.938  4.6576  3.689    0  0.000  0.791     0.00     0.00 -1 -1.74e-05      0.00 1.371e-01 8.207e-01 4.479e-04 2.665e-02 8.786e-04 -1.000 4.225e-02 -10.076 -5.629 -5.540 -5.696 -5.677 -5.827 -5.892 -6.110 -7.433 -8.250 -9.221 -5.674 -5.828 -6.344 -7.162
0.04 0.47971 6.00000 350.0024414062 2.6336188316   36.968  5.889  4.6554  3.691    0  0.000  0.811     0.00     0.00 -1 -1.42e-05      0.00 1.264e-01 8.313e-01 4.570e-04 2.663e-02 8.887e-04 -1.000 4.224e-02 -9.952 -5.490 -5.396 -5.538 -5.511 -5.653 -5.715 -5.927 -7.232 -8.018 -8.980 -5.509 -5.654 -6.155 -6.960
0.04 0.47971 6.00000 350.0025634766 2.6336188316   33.725  5.839  4.6533  3.692    0  0.000  0.832     0.00     0.00 -1 -1.16e-05      0.00 1.151e-01 8.426e-01 4.666e-04 2.661e-02 8.997e-04 -1.000 4.233e-02 -9.827 -5.356 -5.257 -5.386 -5.350 -5.484 -5.543 -5.746 -7.031 -7.787 -8.739 -5.349 -5.485 -5.968 -6.760
0.04 0.47971 6.00000 350.0026855469 2.6336188316   30.812  5.791  4.6525  3.698    0  0.000  0.852     0.00     0.00 -1 -9.55e-06      0.00 1.044e-01 8.533e-01 4.763e-04 2.659e-02 9.119e-04 -1.000 4.231e-02 -9.707 -5.223 -5.121 -5.239 -5.195 -5.321 -5.377 -5.573 -6.837 -7.566 -8.508 -5.195 -5.322 -5.787 -6.566
0.04 0.47971 6.00000 350.0028076172 2.6336188316   28.119  5.742  4.6533  3.710    0  0.000  0.874     0.00     0.00 -1 -7.86e-06      0.00 9.283e-02 8.649e-01 4.868e-04 2.657e-02 9.246e-04 -1.000 4.231e-02 -9.585 -5.079 -4.973 -5.083 -5.031 -5.152 -5.204 -5.394 -6.641 -7.345 -8.276 -5.032 -5.153 -5.602 -6.370
0.04 0.47971 6.00000 350.0029296875 2.6336188316   25.971  5.700  4.6555  3.726    0  0.000  0.895     0.00     0.00 -1 -6.62e-06      0.00 8.256e-02 8.751e-01 4.964e-04 2.654e-02 9.360e-04 -1.000 4.232e-02 -9.481 -4.942 -4.834 -4.940 -4.880 -4.997 -5.047 -5.233 -6.467 -7.150 -8.073 -4.882 -4.998 -5.437 -6.197
0.04 0.47971 6.00000 350.0030212402 2.6336188316   24.368  5.667  4.6595  3.748    0  0.000  0.914     0.00     0.00 -1 -5.76e-06      0.00 7.434e-02 8.833e-01 5.045e-04 2.653e-02 9.454e-04 -1.000 4.233e-02 -9.398 -4.821 -4.713 -4.820 -4.757 -4.873 -4.923 -5.108 -6.342 -7.015 -7.933 -4.759 -4.874 -5.312 -6.071
0.04 0.47971 6.00000 350.0030822754 2.6336188316   23.364  5.646  4.6645  3.770    0  0.000  0.927     0.00     0.00 -1 -5.26e-06      0.00 6.879e-02 8.889e-01 5.102e-04 2.651e-02 9.515e-04 -1.000 4.231e-02 -9.345 -4.727 -4.619 -4.730 -4.665 -4.782 -4.832 -5.019 -6.257 -6.926 -7.841 -4.667 -4.783 -5.224 -5.987
0.04 0.47971 6.00000 350.0031127930 2.6336188316   22.492  5.628  4.6723  3.804    0  0.000  0.940     0.00     0.00 -1 -4.91e-06      0.00 6.369e-02 8.940e-01 5.155e-04 2.650e-02 9.571e-04 -1.000 4.233e-02 -9.299 -4.616 -4.510 -4.628 -4.560 -4.680 -4.732 -4.923 -6.169 -6.833 -7.746 -4.563 -4.681 -5.131 -5.898
0.04 0.47971 6.00000 350.0031433105 2.6336188316   22.016  5.619  4.6819  3.841    0  0.000  0.948     0.00     0.00 -1 -4.68e-06      0.00 6.087e-02 8.968e-01 5.187e-04 2.649e-02 9.602e-04 -1.000 4.231e-02 -9.277 -4.517 -4.413 -4.541 -4.470 -4.593 -4.648 -4.843 -6.100 -6.760 -7.671 -4.472 -4.595 -5.055 -5.830
0.04 0.47971 6.00000 350.0031738281 2.6336188316   21.559  5.613  4.7012  3.915    0  0.000  0.956     0.00     0.00 -1 -4.56e-06      0.00 5.810e-02 8.996e-01 5.219e-04 2.648e-02 9.633e-04 -1.000 4.230e-02 -9.263 -4.362 -4.265 -4.422 -4.348 -4.483 -4.544 -4.753 -6.041 -6.712 -7.627 -4.350 -4.485 -4.978 -5.771
0.04 0.47971 6.00000 350.0032043457 2.6336188316   21.102  5.824  4.7986  4.084    0  0.000  0.964     0.00     0.00 -1 -8.39e-06      0.00 5.552e-02 9.021e-01 5.248e-04 2.648e-02 9.656e-04 -1.000 4.234e-02 -9.791 -4.362 -4.314 -4.638 -4.608 -4.858 -4.932 -5.271 -6.786 -7.629 -8.602 -4.620 -4.858 -5.583 -6.516
0.04 0.47971 6.00000 350.0032653809 2.6336188316   19.438  5.640  5.0383  5.192    0  0.000  0.788     0.00     0.00 -1 -4.87e-06      0.00 3.475e-02 9.229e-01 4.681e-04 2.656e-02 9.662e-04 -1.000 4.232e-02 -9.329 -2.470 -2.458 -2.555 -2.891 -3.165 -3.303 -3.681 -5.391 -6.604 -7.725 -2.882 -3.169 -4.032 -5.115
0.04 0.47971 6.00000 350.0033569336 2.6336188316   18.116  5.600  5.0377  5.199    0  0.000  1.338     0.00     0.00 -1 -4.25e-06      0.00 2.208e-02 9.356e-01 6.193e-04 2.635e-02 9.598e-04 -1.000 4.232e-02 -9.230 -2.344 -2.327 -2.417 -2.744 -3.011 -3.149 -3.522 -5.224 -6.432 -7.552 -2.735 -3.016 -3.871 -4.948
0.04 0.47971 6.00000 350.0034179688 2.6336188316   16.801  5.560  5.0332  5.188    0  0.000  2.916     0.00     0.00 -1 -3.59e-06      0.00 2.193e-02 9.345e-01 1.434e-03 2.555e-02 9.841e-04  9.422 4.353e-02 -9.129 -2.215 -2.189 -2.267 -2.578 -2.836 -2.971 -3.337 -5.029 -6.231 -7.348 -2.569 -2.841 -3.684 -4.754
0.04 0.47971 6.00000 350.0034790039 2.6336188316   15.909  5.532  5.0391  5.216    0  0.000 53.271     0.00     0.00 -1 -2.95e-06      0.00 2.232e-02 8.896e-01 3.123e-02 8.463e-05 1.398e-03 11.052 8.809e-02 -9.059 -2.052 -2.015 -2.081 -2.372 -2.612 -2.752 -3.105 -4.770 -5.956 -7.075 -2.361 -2.618 -3.444 -4.494
0.04 0.47971 6.00000 350.0035095215 2.6336188316   15.566  5.522  5.0380  5.212    0  0.000 48.881     0.00     0.00 -1 -2.62e-06      0.00 2.251e-02 8.551e-01 6.427e-02 8.057e-05 2.620e-03 11.363 1.224e-01 -9.035 -1.986 -1.940 -1.994 -2.267 -2.496 -2.635 -2.979 -4.629 -5.804 -6.921 -2.256 -2.503 -3.314 -4.354
0.04 0.47971 6.00000 350.0035400391 2.6336188316   15.285  5.514  5.0371  5.209    0  0.000 45.217     0.00     0.00 -1 -2.37e-06      0.00 2.267e-02 8.264e-01 9.184e-02 7.719e-05 3.639e-03 11.515 1.510e-01 -9.015 -1.938 -1.884 -1.929 -2.186 -2.405 -2.540 -2.876 -4.515 -5.678 -6.792 -2.175 -2.411 -3.208 -4.240
0.04 0.47971 6.00000 350.0036926270 2.6336188316   14.006  5.479  5.0359  5.200    0  0.000 26.070     0.00     0.00 -1 -1.46e-06      0.00 2.357e-02 6.918e-01 2.167e-01 7.155e-05 1.242e-02 11.865 2.846e-01 -8.929 -1.716 -1.632 -1.634 -1.812 -1.980 -2.102 -2.392 -3.974 -5.068 -6.168 -1.802 -1.987 -2.704 -3.700
0.04 0.47971 6.00000 350.0038146973 2.6336188316   13.161  5.462  5.0416  5.214    0  0.000 16.147     0.00     0.00 -1    -1e-06      0.00 2.439e-02 5.965e-01 2.986e-01 7.405e-05 2.485e-02 11.981 3.791e-01 -8.885 -1.564 -1.464 -1.443 -1.567 -1.696 -1.805 -2.050 -3.574 -4.589 -5.657 -1.557 -1.703 -2.334 -3.301
0.04 0.47971 6.00000 350.0039062500 2.6336188316   12.772  5.457  5.0517  5.246    0  0.000 13.197     0.00     0.00 -1 -8.18e-07      0.00 2.487e-02 5.490e-01 3.367e-01 7.551e-05 3.386e-02 12.018 4.261e-01 -8.873 -1.469 -1.366 -1.339 -1.442 -1.555 -1.658 -1.878 -3.374 -4.339 -5.372 -1.432 -1.561 -2.147 -3.100
0.04 0.47971 6.00000 350.0039367676 2.6336188316   12.565  5.457  5.0628  5.283    0  0.000 11.718     0.00     0.00 -1 -7.29e-07      0.00 2.515e-02 5.207e-01 3.585e-01 7.637e-05 4.003e-02 12.037 4.541e-01 -8.873 -1.416 -1.317 -1.293 -1.403 -1.520 -1.629 -1.857 -3.384 -4.367 -5.394 -1.392 -1.528 -2.136 -3.110
0.04 0.47971 6.00000 350.0039672852 2.6336188316   12.363  5.583  5.2259  5.803    0  0.000 10.387     0.00     0.00 -1 -9.23e-07      0.00 2.545e-02 4.906e-01 3.806e-01 7.727e-05 4.768e-02 12.053 4.840e-01 -9.186 -2.115 -2.120 -2.278 -2.691 -2.990 -3.167 -3.565 -5.371 -6.621 -7.752 -2.675 -3.001 -3.952 -5.095
0.04 0.47971 6.00000 350.0039978027 2.6336188316   12.364  5.589  5.2301  5.814    0  0.000 10.368     0.00     0.00 -1 -9.45e-07      0.00 2.545e-02 4.901e-01 3.810e-01 7.728e-05 4.781e-02 12.053 4.845e-01 -9.203 -2.310 -2.322 -2.497 -2.934 -3.247 -3.422 -3.829 -5.641 -6.897 -8.031 -2.919 -3.258 -4.217 -5.365
#isochrone terminated
