# File generated by CMD 3.3 (http://stev.oapd.inaf.it/cmd) on Wed Apr 22 15:18:48 CEST 2020
# isochrones based on PARSEC release v1.2S +  COLIBRI S_35
# Basic references: Bressan et al. (2012), MNRAS, 427, 127 + Chen et al. (2014, 2015), MNRAS, 444, 2525 + MNRAS, 452, 1068 + Tang et al. (2014), MNRAS, 445, 4287 + Marigo et al. (2017), ApJ, 835, 77 + Pastorelli al. (2019), MNRAS in press
# Thermal pulse cycles included 
# On RGB, assumed Reimers mass loss with efficiency eta=0.2
# Photometric system:  2MASS + Spitzer (IRAC+MIPS) + WISE
# Using YBC version of bolometric corrections as in Chen et al. (2019)
# O-rich circumstellar dpmod60alox40 dust from Groenewegen (2006)
# C-rich circumstellar AMCSIC15 dust from Groenewegen (2006)
# IMF: Kroupa (2001, 2002) + Kroupa et al. (2013) canonical two-part-power law IMF corrected for unresolved binaries 
# Kind of output: isochrone tables
# Zini     MH   logAge Mini        int_IMF         Mass   logL    logTe  logg  label   McoreTP C_O  period0 period1 pmode  Mloss  tau1m   X   Y   Xc  Xn  Xo  Cexcess  Z 	 mbolmag  Jmag    Hmag    Ksmag   IRAC_3.6mag  IRAC_4.5mag  IRAC_5.8mag  IRAC_8.0mag  MIPS_24mag  MIPS_70mag  MIPS_160mag  W1mag   W2mag   W3mag   W4mag
0.006 -0.40400 5.00000 0.0900000036 1.0816895962    0.090 -0.702  3.4874  2.996    0  0.000  0.545     0.00     0.00 -1 -2.68e-13      0.00 7.350e-01 2.590e-01 1.079e-03 2.911e-04 2.640e-03 -1.000 6.000e-03 6.525 4.538 3.953 3.707 3.399 3.255 3.227 3.177 2.581 2.571 2.657 3.518 3.260 3.155 2.771
0.006 -0.40400 5.00000 0.0982933193 1.1566896439    0.098 -0.638  3.4911  2.985    0  0.000  0.545     0.00     0.00 -1    -3e-13      0.00 7.350e-01 2.590e-01 1.079e-03 2.911e-04 2.640e-03 -1.000 6.000e-03 6.366 4.389 3.788 3.549 3.256 3.116 3.089 3.040 2.449 2.444 2.533 3.373 3.121 3.022 2.639
0.006 -0.40400 5.00000 0.0992424265 1.1647467613    0.099 -0.631  3.4916  2.984    0  0.000  0.545     0.00     0.00 -1 -3.04e-13      0.00 7.350e-01 2.590e-01 1.079e-03 2.911e-04 2.640e-03 -1.000 6.000e-03 6.348 4.372 3.769 3.531 3.240 3.100 3.074 3.025 2.434 2.429 2.520 3.357 3.106 3.007 2.624
0.006 -0.40400 5.00000 0.1066399515 1.2242938280    0.107 -0.584  3.4950  2.981    0  0.000  0.545     0.00     0.00 -1 -3.29e-13      0.00 7.350e-01 2.590e-01 1.079e-03 2.911e-04 2.640e-03 -1.000 6.000e-03 6.229 4.262 3.645 3.413 3.135 3.000 2.975 2.928 2.341 2.340 2.432 3.251 3.006 2.912 2.531
0.006 -0.40400 5.00000 0.1177272722 1.3041497469    0.117 -0.515  3.4998  2.974    0  0.000  0.545     0.00     0.00 -1  -3.7e-13      0.00 7.350e-01 2.590e-01 1.079e-03 2.911e-04 2.640e-03 -1.000 6.000e-03 6.056 4.102 3.464 3.240 2.981 2.853 2.829 2.785 2.204 2.207 2.304 3.096 2.859 2.773 2.394
0.006 -0.40400 5.00000 0.1243895665 1.3475761414    0.124 -0.479  3.5028  2.974    0  0.000  0.545     0.00     0.00 -1 -3.91e-13      0.00 7.350e-01 2.590e-01 1.079e-03 2.911e-04 2.640e-03 -1.000 6.000e-03 5.967 4.022 3.370 3.151 2.903 2.780 2.756 2.714 2.136 2.144 2.243 3.016 2.786 2.703 2.326
0.006 -0.40400 5.00000 0.1362121254 1.4176547527    0.136 -0.415  3.5081  2.970    0  0.000  0.545     0.00     0.00 -1 -4.34e-13      0.00 7.350e-01 2.590e-01 1.079e-03 2.911e-04 2.640e-03 -1.000 6.000e-03 5.806 3.878 3.204 2.992 2.764 2.649 2.626 2.585 2.014 2.029 2.132 2.873 2.655 2.579 2.204
0.006 -0.40400 5.00000 0.1482060254 1.4811002016    0.148 -0.357  3.5136  2.972    0  0.000  0.545     0.00     0.00 -1 -4.75e-13      0.00 7.350e-01 2.590e-01 1.079e-03 2.911e-04 2.640e-03 -1.000 6.000e-03 5.663 3.754 3.056 2.851 2.641 2.536 2.513 2.472 1.909 1.933 2.041 2.746 2.542 2.470 2.099
0.006 -0.40400 5.00000 0.1566553116 1.5219181776    0.156 -0.319  3.5174  2.972    0  0.000  0.545     0.00     0.00 -1 -5.04e-13      0.00 7.350e-01 2.590e-01 1.079e-03 2.911e-04 2.640e-03 -1.000 6.000e-03 5.567 3.672 2.957 2.756 2.560 2.461 2.437 2.397 1.839 1.870 1.982 2.661 2.467 2.398 2.029
0.006 -0.40400 5.00000 0.1702450663 1.5819034576    0.170 -0.264  3.5234  2.977    0  0.000  0.545     0.00     0.00 -1 -5.46e-13      0.00 7.350e-01 2.590e-01 1.079e-03 2.911e-04 2.640e-03 -1.000 6.000e-03 5.430 3.556 2.816 2.623 2.445 2.358 2.335 2.296 1.747 1.786 1.902 2.542 2.365 2.302 1.937
0.006 -0.40400 5.00000 0.1850209385 1.6404372454    0.184 -0.204  3.5301  2.980    0  0.000  0.545     0.00     0.00 -1 -5.98e-13      0.00 7.350e-01 2.590e-01 1.079e-03 2.911e-04 2.640e-03 -1.000 6.000e-03 5.281 3.432 2.662 2.477 2.322 2.249 2.226 2.190 1.651 1.697 1.815 2.413 2.256 2.200 1.840
0.006 -0.40400 5.00000 0.1925727278 1.6680560112    0.192 -0.177  3.5334  2.983    0  0.000  0.545     0.00     0.00 -1 -6.23e-13      0.00 7.350e-01 2.590e-01 1.079e-03 2.911e-04 2.640e-03 -1.000 6.000e-03 5.212 3.374 2.593 2.411 2.265 2.200 2.177 2.141 1.607 1.657 1.776 2.353 2.207 2.153 1.796
0.006 -0.40400 5.00000 0.2115368396 1.7316124439    0.211 -0.105  3.5417  2.986    0  0.000  0.545     0.00     0.00 -1 -6.99e-13      0.00 7.350e-01 2.590e-01 1.079e-03 2.911e-04 2.640e-03 -1.000 6.000e-03 5.033 3.225 2.415 2.240 2.117 2.070 2.047 2.012 1.490 1.550 1.672 2.197 2.077 2.029 1.680
0.006 -0.40400 5.00000 0.2304518074 1.7880237103    0.229 -0.048  3.5496  2.998    0  0.000  0.545     0.00     0.00 -1 -7.53e-13      0.00 7.350e-01 2.590e-01 1.079e-03 2.911e-04 2.640e-03 -1.000 6.000e-03 4.891 3.110 2.279 2.111 2.005 1.976 1.952 1.916 1.408 1.476 1.601 2.078 1.983 1.939 1.597
0.006 -0.40400 5.00000 0.2378787994 1.8085517883    0.237 -0.024  3.5527  2.999    0  0.000  0.545     0.00     0.00 -1 -7.83e-13      0.00 7.350e-01 2.590e-01 1.079e-03 2.911e-04 2.640e-03 -1.000 6.000e-03 4.829 3.060 2.223 2.057 1.957 1.934 1.909 1.873 1.370 1.442 1.567 2.026 1.941 1.898 1.559
0.006 -0.40400 5.00000 0.2581698596 1.8606333733    0.257  0.042  3.5608  3.001    0  0.000  0.545     0.00     0.00 -1 -8.71e-13      0.00 7.350e-01 2.590e-01 1.079e-03 2.911e-04 2.640e-03 -1.000 6.000e-03 4.665 2.924 2.076 1.915 1.828 1.821 1.795 1.756 1.267 1.350 1.475 1.887 1.829 1.786 1.456
0.006 -0.40400 5.00000 0.2840909064 1.9199090004    0.283  0.114  3.5704  3.009    0  0.000  0.545     0.00     0.00 -1 -9.71e-13      0.00 7.350e-01 2.590e-01 1.079e-03 2.911e-04 2.640e-03 -1.000 6.000e-03 4.486 2.780 1.930 1.773 1.695 1.706 1.675 1.631 1.158 1.255 1.380 1.741 1.712 1.668 1.348
0.006 -0.40400 5.00000 0.3001578152 1.9532300234    0.299  0.155  3.5759  3.015    0  0.000  0.545     0.00     0.00 -1 -1.03e-12      0.00 7.350e-01 2.590e-01 1.079e-03 2.911e-04 2.640e-03 -1.000 6.000e-03 4.383 2.694 1.855 1.700 1.622 1.639 1.607 1.559 1.096 1.199 1.325 1.662 1.646 1.600 1.285
0.006 -0.40400 5.00000 0.3303030431 2.0099005699    0.329  0.233  3.5856  3.017    0  0.000  0.545     0.00     0.00 -1 -1.17e-12      0.00 7.350e-01 2.590e-01 1.079e-03 2.911e-04 2.640e-03 -1.000 6.000e-03 4.187 2.527 1.703 1.554 1.480 1.508 1.473 1.419 0.971 1.084 1.208 1.510 1.514 1.465 1.160
0.006 -0.40400 5.00000 0.3765151799 2.0848522186    0.376  0.347  3.5991  3.014    0  0.000  0.545     0.00     0.00 -1 -1.44e-12      0.00 7.350e-01 2.590e-01 1.079e-03 2.911e-04 2.640e-03 -1.000 6.000e-03 3.901 2.274 1.478 1.340 1.272 1.310 1.274 1.216 0.783 0.907 1.030 1.292 1.315 1.268 0.972
0.006 -0.40400 5.00000 0.4227272868 2.1487076283    0.422  0.452  3.6105  3.005    0  0.000  0.545     0.00     0.00 -1 -1.74e-12      0.00 7.350e-01 2.590e-01 1.079e-03 2.911e-04 2.640e-03 -1.000 6.000e-03 3.640 2.037 1.270 1.141 1.078 1.121 1.087 1.027 0.603 0.732 0.856 1.092 1.127 1.083 0.792
0.006 -0.40400 5.00000 0.4689394236 2.2040774822    0.468  0.536  3.6200  3.004    0  0.000  0.545     0.00     0.00 -1 -2.01e-12      0.00 7.350e-01 2.590e-01 1.079e-03 2.911e-04 2.640e-03 -1.000 6.000e-03 3.429 1.846 1.104 0.981 0.923 0.970 0.938 0.879 0.462 0.594 0.719 0.934 0.976 0.938 0.651
0.006 -0.40400 5.00000 0.5151515603 2.2525465488    0.515  0.617  3.6279  2.996    0  0.000  0.545     0.00     0.00 -1 -2.33e-12      0.00 7.350e-01 2.590e-01 1.079e-03 2.911e-04 2.640e-03 -1.000 6.000e-03 3.227 1.661 0.940 0.824 0.770 0.818 0.789 0.731 0.315 0.450 0.574 0.779 0.824 0.790 0.504
0.006 -0.40400 5.00000 0.5555579066 2.2882070541    0.555  0.681  3.6339  2.989    0  0.000  0.545     0.00     0.00 -1 -2.62e-12      0.00 7.350e-01 2.590e-01 1.079e-03 2.911e-04 2.640e-03 -1.000 6.000e-03 3.068 1.515 0.811 0.700 0.649 0.698 0.670 0.613 0.198 0.333 0.458 0.657 0.703 0.672 0.387
0.006 -0.40400 5.00000 0.5613636374 2.2928481102    0.561  0.689  3.6347  2.988    0  0.000  0.545     0.00     0.00 -1 -2.66e-12      0.00 7.350e-01 2.590e-01 1.079e-03 2.911e-04 2.640e-03 -1.000 6.000e-03 3.047 1.496 0.794 0.684 0.633 0.682 0.654 0.598 0.183 0.318 0.443 0.641 0.688 0.657 0.372
0.006 -0.40400 5.00000 0.5725725293 2.3015029430    0.572  0.705  3.6362  2.987    0  0.000  0.545     0.00     0.00 -1 -2.73e-12      0.00 7.350e-01 2.590e-01 1.079e-03 2.911e-04 2.640e-03 -1.000 6.000e-03 3.008 1.462 0.764 0.655 0.605 0.654 0.626 0.570 0.155 0.291 0.415 0.612 0.659 0.629 0.344
0.006 -0.40400 5.00000 0.6075757742 2.3261826038    0.607  0.760  3.6405  2.975    0  0.000  0.545     0.00     0.00 -1 -3.05e-12      0.00 7.350e-01 2.590e-01 1.079e-03 2.911e-04 2.640e-03 -1.000 6.000e-03 2.870 1.334 0.649 0.543 0.495 0.544 0.517 0.462 0.047 0.183 0.308 0.502 0.549 0.521 0.236
0.006 -0.40400 5.00000 0.6537879109 2.3541569710    0.654  0.821  3.6454  2.966    0  0.000  0.545     0.00     0.00 -1 -3.42e-12      0.00 7.350e-01 2.590e-01 1.079e-03 2.911e-04 2.640e-03 -1.000 6.000e-03 2.717 1.194 0.525 0.424 0.376 0.424 0.399 0.345 -0.071 0.066 0.192 0.383 0.429 0.404 0.118
0.006 -0.40400 5.00000 0.6999999881 2.3779268265    0.700  0.885  3.6495  2.948    0  0.000  0.545     0.00     0.00 -1 -3.92e-12      0.00 7.350e-01 2.590e-01 1.079e-03 2.911e-04 2.640e-03 -1.000 6.000e-03 2.557 1.044 0.390 0.291 0.245 0.292 0.267 0.214 -0.202 -0.065 0.061 0.250 0.297 0.273 -0.013
0.006 -0.40400 5.00000 0.7500000000 2.3998889923    0.750  0.945  3.6564  2.946    0  0.000  0.538     0.00     0.00 -1 -4.35e-12      0.00 7.350e-01 2.590e-01 1.065e-03 2.907e-04 2.640e-03 -1.000 6.000e-03 2.408 0.913 0.283 0.188 0.144 0.190 0.166 0.115 -0.301 -0.165 -0.037 0.149 0.194 0.174 -0.112
0.006 -0.40400 5.00000 0.7663534880 2.4063608646    0.766  0.961  3.6575  2.943    0  0.000  0.538     0.00     0.00 -1 -4.48e-12      0.00 7.350e-01 2.590e-01 1.065e-03 2.907e-04 2.640e-03 -1.000 6.000e-03 2.367 0.875 0.249 0.155 0.111 0.156 0.133 0.082 -0.334 -0.198 -0.070 0.116 0.161 0.141 -0.145
0.006 -0.40400 5.00000 0.8000000119 2.4187245369    0.800  0.998  3.6596  2.933    0  0.000  0.538     0.00     0.00 -1 -4.83e-12      0.00 7.350e-01 2.590e-01 1.065e-03 2.907e-04 2.640e-03 -1.000 6.000e-03 2.275 0.790 0.171 0.078 0.034 0.079 0.057 0.006 -0.410 -0.274 -0.146 0.039 0.084 0.065 -0.221
0.006 -0.40400 5.00000 0.8237087727 2.4267423153    0.823  1.018  3.6611  2.932    0  0.000  0.538     0.00     0.00 -1 -4.99e-12      0.00 7.350e-01 2.590e-01 1.065e-03 2.907e-04 2.640e-03 -1.000 6.000e-03 2.225 0.744 0.130 0.039 -0.005 0.040 0.018 -0.033 -0.449 -0.313 -0.185 -0.000 0.044 0.026 -0.260
0.006 -0.40400 5.00000 0.8500000238 2.4350347519    0.850  1.042  3.6627  2.928    0  0.000  0.538     0.00     0.00 -1 -5.22e-12      0.00 7.350e-01 2.590e-01 1.065e-03 2.907e-04 2.640e-03 -1.000 6.000e-03 2.165 0.688 0.079 -0.011 -0.055 -0.010 -0.032 -0.082 -0.498 -0.362 -0.234 -0.050 -0.005 -0.023 -0.309
0.006 -0.40400 5.00000 0.8999999762 2.4492788315    0.899  1.091  3.6652  2.914    0  0.000  0.538     0.00     0.00 -1 -5.78e-12      0.00 7.350e-01 2.590e-01 1.065e-03 2.907e-04 2.640e-03 -1.000 6.000e-03 2.043 0.573 -0.027 -0.116 -0.159 -0.114 -0.136 -0.185 -0.601 -0.465 -0.337 -0.154 -0.110 -0.126 -0.412
0.006 -0.40400 5.00000 0.9499999881 2.4618122578    0.950  1.130  3.6678  2.909    0  0.000  0.538     0.00     0.00 -1 -6.18e-12      0.00 7.350e-01 2.590e-01 1.065e-03 2.907e-04 2.640e-03 -1.000 6.000e-03 1.945 0.483 -0.108 -0.196 -0.238 -0.194 -0.215 -0.263 -0.680 -0.544 -0.416 -0.234 -0.190 -0.205 -0.491
0.006 -0.40400 5.00000 1.0000000000 2.4729156494    1.000  1.170  3.6699  2.899    0  0.000  0.538     0.00     0.00 -1 -6.68e-12      0.00 7.350e-01 2.590e-01 1.065e-03 2.907e-04 2.640e-03 -1.000 6.000e-03 1.844 0.388 -0.196 -0.282 -0.324 -0.281 -0.301 -0.349 -0.765 -0.629 -0.501 -0.319 -0.276 -0.290 -0.576
0.006 -0.40400 5.00000 1.0499999523 2.4828116894    1.050  1.206  3.6720  2.893    0  0.000  0.538     0.00     0.00 -1 -6.63e-12      0.00 7.350e-01 2.590e-01 1.065e-03 2.907e-04 2.640e-03 -1.000 6.002e-03 1.754 0.305 -0.272 -0.357 -0.399 -0.356 -0.376 -0.423 -0.840 -0.703 -0.575 -0.394 -0.351 -0.364 -0.651
0.006 -0.40400 5.00000 1.1000000238 2.4916803837    1.099  1.243  3.6738  2.884    0  0.000  0.538     0.00     0.00 -1 -6.57e-12      0.00 7.350e-01 2.590e-01 1.065e-03 2.907e-04 2.640e-03 -1.000 6.000e-03 1.663 0.219 -0.352 -0.436 -0.477 -0.435 -0.454 -0.501 -0.918 -0.781 -0.654 -0.473 -0.430 -0.442 -0.729
0.006 -0.40400 5.00000 1.1499999762 2.4996678829    1.149  1.277  3.6755  2.875    0  0.000  0.538     0.00     0.00 -1 -6.44e-12      0.00 7.350e-01 2.590e-01 1.065e-03 2.907e-04 2.640e-03 -1.000 6.000e-03 1.577 0.138 -0.427 -0.510 -0.551 -0.509 -0.528 -0.574 -0.991 -0.855 -0.727 -0.547 -0.504 -0.516 -0.802
0.006 -0.40400 5.00000 1.2000000477 2.5068950653    1.200  1.306  3.6772  2.872    0  0.000  0.538     0.00     0.00 -1 -6.15e-12      0.00 7.350e-01 2.590e-01 1.065e-03 2.907e-04 2.640e-03 -1.000 6.000e-03 1.504 0.071 -0.488 -0.571 -0.612 -0.570 -0.589 -0.635 -1.051 -0.915 -0.787 -0.607 -0.566 -0.576 -0.862
0.006 -0.40400 5.00000 1.2500000000 2.5134611130    1.250  1.337  3.6787  2.865    0  0.000  0.538     0.00     0.00 -1 -5.87e-12      0.00 7.350e-01 2.590e-01 1.065e-03 2.907e-04 2.640e-03 -1.000 6.000e-03 1.427 -0.002 -0.556 -0.637 -0.678 -0.637 -0.655 -0.701 -1.117 -0.981 -0.853 -0.674 -0.632 -0.642 -0.928
0.006 -0.40400 5.00000 1.2999999523 2.5194499493    1.300  1.366  3.6801  2.859    0  0.000  0.538     0.00     0.00 -1 -5.51e-12      0.00 7.350e-01 2.590e-01 1.065e-03 2.907e-04 2.640e-03 -1.000 6.000e-03 1.356 -0.069 -0.618 -0.699 -0.739 -0.698 -0.716 -0.762 -1.178 -1.042 -0.914 -0.735 -0.694 -0.703 -0.989
0.006 -0.40400 5.00000 1.3229925632 2.5220298767    1.323  1.378  3.6808  2.856    0  0.000  0.538     0.00     0.00 -1  -5.3e-12      0.00 7.350e-01 2.590e-01 1.065e-03 2.907e-04 2.640e-03 -1.000 6.000e-03 1.324 -0.099 -0.646 -0.727 -0.767 -0.726 -0.744 -0.789 -1.206 -1.069 -0.941 -0.763 -0.722 -0.730 -1.017
0.006 -0.40400 5.00000 1.3500001431 2.5249314308    1.350  1.395  3.6814  2.851    0  0.000  0.538     0.00     0.00 -1 -5.09e-12      0.00 7.350e-01 2.590e-01 1.065e-03 2.907e-04 2.640e-03 -1.000 6.000e-03 1.283 -0.137 -0.682 -0.763 -0.803 -0.762 -0.780 -0.825 -1.241 -1.105 -0.977 -0.799 -0.758 -0.766 -1.052
0.006 -0.40400 5.00000 1.3595814705 2.5259292126    1.360  1.399  3.6817  2.851    0  0.000  0.538     0.00     0.00 -1 -4.98e-12      0.00 7.350e-01 2.590e-01 1.065e-03 2.907e-04 2.640e-03 -1.000 6.000e-03 1.272 -0.148 -0.692 -0.772 -0.812 -0.771 -0.789 -0.834 -1.250 -1.114 -0.986 -0.808 -0.767 -0.775 -1.061
0.006 -0.40400 5.00000 1.4000000954 2.5299651623    1.400  1.416  3.6828  2.852    0  0.000  0.538     0.00     0.00 -1  -4.5e-12      0.00 7.350e-01 2.590e-01 1.065e-03 2.907e-04 2.640e-03 -1.000 6.000e-03 1.231 -0.185 -0.725 -0.805 -0.845 -0.804 -0.822 -0.867 -1.283 -1.146 -1.018 -0.841 -0.800 -0.808 -1.094
0.006 -0.40400 5.00000 1.4500000477 2.5346016884    1.450  1.440  3.6841  2.848    0  0.000  0.538     0.00     0.00 -1 -3.91e-12      0.00 7.350e-01 2.590e-01 1.065e-03 2.907e-04 2.640e-03 -1.000 6.020e-03 1.171 -0.241 -0.778 -0.857 -0.896 -0.856 -0.874 -0.918 -1.334 -1.197 -1.068 -0.892 -0.851 -0.859 -1.145
0.006 -0.40400 5.00000 1.5000000000 2.5388846397    1.500  1.466  3.6851  2.841    0  0.000  0.538     0.00     0.00 -1  -3.3e-12      0.00 7.350e-01 2.590e-01 1.065e-03 2.907e-04 2.640e-03 -1.000 6.004e-03 1.105 -0.303 -0.837 -0.915 -0.954 -0.914 -0.932 -0.976 -1.392 -1.254 -1.126 -0.950 -0.910 -0.917 -1.203
0.006 -0.40400 5.00000 1.5482251644 2.5427155495    1.548  1.489  3.6861  2.835    0  0.000  0.538     0.00     0.00 -1 -2.61e-12      0.00 7.350e-01 2.590e-01 1.065e-03 2.907e-04 2.640e-03 -1.000 6.000e-03 1.047 -0.358 -0.888 -0.966 -1.005 -0.965 -0.983 -1.026 -1.442 -1.305 -1.176 -1.001 -0.961 -0.967 -1.253
0.006 -0.40400 5.00000 1.5499999523 2.5428512096    1.550  1.490  3.6861  2.835    0  0.000  0.538     0.00     0.00 -1 -2.59e-12      0.00 7.350e-01 2.590e-01 1.065e-03 2.907e-04 2.640e-03 -1.000 6.000e-03 1.045 -0.360 -0.890 -0.968 -1.007 -0.967 -0.985 -1.028 -1.444 -1.307 -1.178 -1.003 -0.963 -0.969 -1.255
0.006 -0.40400 5.00000 1.5754425526 2.5447587967    1.575  1.500  3.6867  2.834    0  0.000  0.538     0.00     0.00 -1 -2.14e-12      0.00 7.350e-01 2.590e-01 1.065e-03 2.907e-04 2.640e-03 -1.000 6.002e-03 1.019 -0.385 -0.913 -0.990 -1.029 -0.989 -1.007 -1.050 -1.466 -1.329 -1.200 -1.025 -0.985 -0.991 -1.277
0.006 -0.40400 5.00000 1.6000000238 2.5465342999    1.600  1.510  3.6872  2.833    0  0.000  0.538     0.00     0.00 -1 -1.78e-12      0.00 7.350e-01 2.590e-01 1.065e-03 2.907e-04 2.640e-03 -1.000 6.005e-03 0.995 -0.407 -0.933 -1.010 -1.049 -1.009 -1.027 -1.070 -1.486 -1.348 -1.219 -1.045 -1.005 -1.011 -1.297
0.006 -0.40400 5.00000 1.6499999762 2.5499615669    1.649  1.528  3.6883  2.833    0  0.000  0.538     0.00     0.00 -1 -9.14e-13      0.00 7.350e-01 2.590e-01 1.065e-03 2.907e-04 2.640e-03 -1.000 6.000e-03 0.950 -0.448 -0.971 -1.047 -1.085 -1.046 -1.063 -1.106 -1.522 -1.384 -1.255 -1.081 -1.042 -1.047 -1.333
0.006 -0.40400 5.00000 1.6717967987 2.5513820648    1.671  1.538  3.6887  2.830    0  0.000  0.538     0.00     0.00 -1 -1.15e-20      0.00 7.350e-01 2.590e-01 1.065e-03 2.907e-04 2.640e-03 -1.000 6.000e-03 0.925 -0.472 -0.994 -1.071 -1.109 -1.069 -1.087 -1.130 -1.545 -1.407 -1.278 -1.105 -1.065 -1.070 -1.356
0.006 -0.40400 5.00000 1.7000000477 2.5531582832    1.699  1.552  3.6891  2.824    0  0.000  0.538     0.00     0.00 -1    -1e-30      0.00 7.350e-01 2.590e-01 1.065e-03 2.907e-04 2.640e-03 -1.000 6.000e-03 0.890 -0.506 -1.026 -1.103 -1.140 -1.101 -1.118 -1.161 -1.577 -1.439 -1.310 -1.137 -1.097 -1.102 -1.388
0.006 -0.40400 5.00000 1.7170250416 2.5541977882    1.716  1.558  3.6894  2.824    0  0.000  0.538     0.00     0.00 -1    -1e-30      0.00 7.350e-01 2.590e-01 1.065e-03 2.907e-04 2.640e-03 -1.000 6.000e-03 0.875 -0.519 -1.038 -1.114 -1.152 -1.113 -1.130 -1.173 -1.588 -1.450 -1.321 -1.148 -1.109 -1.114 -1.399
0.006 -0.40400 5.00000 1.7500000000 2.5561456680    1.749  1.567  3.6902  2.827    0  0.000  0.538     0.00     0.00 -1    -1e-30      0.00 7.350e-01 2.590e-01 1.065e-03 2.907e-04 2.640e-03 -1.000 6.000e-03 0.853 -0.539 -1.056 -1.131 -1.169 -1.130 -1.147 -1.190 -1.605 -1.467 -1.337 -1.165 -1.126 -1.130 -1.416
0.006 -0.40400 5.00000 1.7999999523 2.5589430332    1.799  1.587  3.6910  2.822    0  0.000  0.538     0.00     0.00 -1    -1e-30      0.00 7.350e-01 2.590e-01 1.065e-03 2.907e-04 2.640e-03 -1.000 6.025e-03 0.803 -0.586 -1.100 -1.175 -1.213 -1.174 -1.191 -1.233 -1.649 -1.510 -1.381 -1.209 -1.170 -1.174 -1.460
0.006 -0.40400 5.00000 1.8473684788 2.5614333153    1.846  1.604  3.6918  2.819    0  0.000  0.538     0.00     0.00 -1    -1e-30      0.00 7.350e-01 2.590e-01 1.065e-03 2.907e-04 2.640e-03 -1.000 6.003e-03 0.759 -0.627 -1.139 -1.214 -1.251 -1.213 -1.230 -1.272 -1.687 -1.549 -1.419 -1.248 -1.209 -1.212 -1.498
0.006 -0.40400 5.00000 1.8682636023 2.5624856949    1.867  1.612  3.6921  2.817    0  0.000  0.538     0.00     0.00 -1    -1e-30      0.00 7.350e-01 2.590e-01 1.065e-03 2.907e-04 2.640e-03 -1.000 6.010e-03 0.739 -0.646 -1.157 -1.231 -1.268 -1.230 -1.247 -1.289 -1.704 -1.566 -1.436 -1.265 -1.226 -1.229 -1.515
0.006 -0.40400 5.00000 1.8947368860 2.5637807846    1.894  1.620  3.6926  2.817    0  0.000  0.538     0.00     0.00 -1    -1e-30      0.00 7.350e-01 2.590e-01 1.065e-03 2.907e-04 2.640e-03 -1.000 6.031e-03 0.719 -0.664 -1.174 -1.248 -1.285 -1.247 -1.264 -1.305 -1.721 -1.582 -1.453 -1.282 -1.243 -1.246 -1.532
0.006 -0.40400 5.00000 1.9421052933 2.5659971237    1.941  1.635  3.6934  2.816    0  0.000  0.538     0.00     0.00 -1    -1e-30      0.00 7.350e-01 2.590e-01 1.065e-03 2.907e-04 2.640e-03 -1.000 6.042e-03 0.682 -0.698 -1.206 -1.280 -1.316 -1.279 -1.295 -1.336 -1.751 -1.613 -1.484 -1.313 -1.275 -1.277 -1.563
0.006 -0.40400 5.00000 1.9894737005 2.5680923462    1.989  1.649  3.6942  2.816    0  0.000  0.538     0.00     0.00 -1    -1e-30      0.00 7.349e-01 2.590e-01 1.065e-03 2.907e-04 2.640e-03 -1.000 6.044e-03 0.647 -0.730 -1.235 -1.309 -1.345 -1.308 -1.324 -1.365 -1.780 -1.642 -1.512 -1.342 -1.304 -1.306 -1.591
0.006 -0.40400 5.00000 2.0368421078 2.5700762272    2.036  1.663  3.6949  2.815    0  0.000  0.538     0.00     0.00 -1    -1e-30      0.00 7.350e-01 2.590e-01 1.065e-03 2.907e-04 2.640e-03 -1.000 6.012e-03 0.612 -0.763 -1.265 -1.338 -1.375 -1.338 -1.354 -1.394 -1.809 -1.671 -1.541 -1.371 -1.334 -1.335 -1.620
0.006 -0.40400 5.00000 2.0842103958 2.5719563961    2.083  1.678  3.6956  2.813    0  0.000  0.538     0.00     0.00 -1    -1e-30      0.00 7.349e-01 2.590e-01 1.065e-03 2.907e-04 2.640e-03 -1.000 6.038e-03 0.575 -0.797 -1.297 -1.370 -1.407 -1.370 -1.386 -1.426 -1.841 -1.703 -1.573 -1.403 -1.366 -1.367 -1.652
0.006 -0.40400 5.00000 2.0895490646 2.5721621513    2.089  1.680  3.6957  2.813    0  0.000  0.538     0.00     0.00 -1    -1e-30      0.00 7.349e-01 2.590e-01 1.065e-03 2.907e-04 2.640e-03 -1.000 6.038e-03 0.571 -0.801 -1.301 -1.374 -1.410 -1.373 -1.389 -1.429 -1.844 -1.706 -1.577 -1.407 -1.369 -1.370 -1.655
0.006 -0.40400 5.00000 2.1315791607 2.5737409592    2.130  1.691  3.6963  2.813    0  0.000  0.538     0.00     0.00 -1    -1e-30      0.00 7.350e-01 2.590e-01 1.065e-03 2.907e-04 2.640e-03 -1.000 6.023e-03 0.542 -0.827 -1.325 -1.398 -1.434 -1.397 -1.413 -1.453 -1.868 -1.730 -1.600 -1.430 -1.394 -1.394 -1.679
0.006 -0.40400 5.00000 2.1733446121 2.5752406120    2.172  1.702  3.6970  2.813    0  0.000  0.538     0.00     0.00 -1    -1e-30      0.00 7.350e-01 2.590e-01 1.065e-03 2.907e-04 2.640e-03 -1.000 6.003e-03 0.516 -0.851 -1.347 -1.420 -1.456 -1.419 -1.435 -1.475 -1.889 -1.751 -1.621 -1.452 -1.416 -1.415 -1.700
0.006 -0.40400 5.00000 2.1789474487 2.5754365921    2.178  1.703  3.6971  2.813    0  0.000  0.538     0.00     0.00 -1    -1e-30      0.00 7.350e-01 2.590e-01 1.065e-03 2.907e-04 2.640e-03 -1.000 6.000e-03 0.513 -0.854 -1.350 -1.422 -1.458 -1.422 -1.438 -1.477 -1.892 -1.753 -1.624 -1.454 -1.418 -1.418 -1.703
0.006 -0.40400 5.00000 2.2186791897 2.5767948627    2.217  1.715  3.6976  2.811    0  0.000  0.538     0.00     0.00 -1    -1e-30      0.00 7.350e-01 2.590e-01 1.065e-03 2.907e-04 2.640e-03 -1.000 6.000e-03 0.483 -0.882 -1.376 -1.448 -1.484 -1.448 -1.464 -1.503 -1.917 -1.779 -1.649 -1.480 -1.444 -1.443 -1.729
0.006 -0.40400 5.00000 2.2263157368 2.5770497322    2.225  1.717  3.6976  2.811    0  0.000  0.538     0.00     0.00 -1    -1e-30      0.00 7.350e-01 2.590e-01 1.065e-03 2.907e-04 2.640e-03 -1.000 6.000e-03 0.477 -0.888 -1.381 -1.453 -1.489 -1.453 -1.469 -1.508 -1.923 -1.784 -1.655 -1.486 -1.449 -1.448 -1.734
0.006 -0.40400 5.00000 2.2736840248 2.5785856247    2.272  1.726  3.6984  2.814    0  0.000  0.538     0.00     0.00 -1    -1e-30      0.00 7.349e-01 2.590e-01 1.065e-03 2.907e-04 2.640e-03 -1.000 6.028e-03 0.454 -0.908 -1.399 -1.470 -1.506 -1.470 -1.486 -1.525 -1.939 -1.801 -1.671 -1.502 -1.467 -1.465 -1.750
0.006 -0.40400 5.00000 2.3210525513 2.5800495148    2.320  1.738  3.6991  2.814    0  0.000  0.538     0.00     0.00 -1    -1e-30      0.00 7.349e-01 2.590e-01 1.065e-03 2.907e-04 2.640e-03 -1.000 6.050e-03 0.425 -0.934 -1.423 -1.495 -1.530 -1.495 -1.510 -1.549 -1.963 -1.825 -1.695 -1.527 -1.491 -1.489 -1.775
0.006 -0.40400 5.00000 2.3513624668 2.5809507370    2.350  1.745  3.6995  2.814    0  0.000  0.538     0.00     0.00 -1    -1e-30      0.00 7.349e-01 2.590e-01 1.065e-03 2.907e-04 2.640e-03 -1.000 6.035e-03 0.406 -0.952 -1.439 -1.511 -1.546 -1.511 -1.526 -1.564 -1.979 -1.841 -1.711 -1.543 -1.507 -1.505 -1.790
0.006 -0.40400 5.00000 2.3684210777 2.5814464092    2.367  1.749  3.6998  2.814    0  0.000  0.538     0.00     0.00 -1    -1e-30      0.00 7.349e-01 2.590e-01 1.065e-03 2.907e-04 2.640e-03 -1.000 6.026e-03 0.397 -0.960 -1.447 -1.518 -1.553 -1.518 -1.534 -1.572 -1.986 -1.848 -1.718 -1.550 -1.515 -1.512 -1.797
0.006 -0.40400 5.00000 2.4207069874 2.5829155445    2.419  1.719  3.7028  2.865    0  0.000  0.538     0.00     0.00 -1    -1e-30      0.00 7.349e-01 2.591e-01 1.065e-03 2.907e-04 2.640e-03 -1.000 6.016e-03 0.472 -0.875 -1.353 -1.423 -1.457 -1.423 -1.438 -1.475 -1.889 -1.750 -1.620 -1.454 -1.420 -1.415 -1.700
0.006 -0.40400 5.00000 2.5096077919 2.5852525234    2.508  1.675  3.7074  2.944    0  0.000  0.538     0.00     0.00 -1    -1e-30      0.00 7.350e-01 2.590e-01 1.065e-03 2.907e-04 2.641e-03 -1.000 6.000e-03 0.583 -0.747 -1.212 -1.279 -1.312 -1.279 -1.294 -1.329 -1.743 -1.603 -1.473 -1.309 -1.276 -1.269 -1.554
0.006 -0.40400 5.00000 2.5578947067 2.5864439011    2.556  1.656  3.7096  2.980    0  0.000  0.538     0.00     0.00 -1    -1e-30      0.00 7.350e-01 2.590e-01 1.065e-03 2.907e-04 2.641e-03 -1.000 6.000e-03 0.630 -0.693 -1.152 -1.219 -1.251 -1.218 -1.233 -1.267 -1.681 -1.541 -1.410 -1.248 -1.215 -1.207 -1.492
0.006 -0.40400 5.00000 2.5791413784 2.5869519711    2.578  1.657  3.7100  2.985    0  0.000  0.538     0.00     0.00 -1    -1e-30      0.00 7.350e-01 2.590e-01 1.065e-03 2.907e-04 2.641e-03 -1.000 6.000e-03 0.628 -0.693 -1.150 -1.217 -1.249 -1.216 -1.231 -1.265 -1.679 -1.539 -1.408 -1.246 -1.213 -1.205 -1.490
0.006 -0.40400 5.00000 2.6884748936 2.5894207954    2.687  1.666  3.7121  3.002    0  0.000  0.538     0.00     0.00 -1    -1e-30      0.00 7.350e-01 2.590e-01 1.065e-03 2.907e-04 2.641e-03 -1.000 6.000e-03 0.605 -0.709 -1.160 -1.226 -1.257 -1.226 -1.240 -1.273 -1.687 -1.547 -1.416 -1.254 -1.222 -1.213 -1.498
0.006 -0.40400 5.00000 2.7473683357 2.5906572342    2.746  1.672  3.7131  3.010    0  0.000  0.538     0.00     0.00 -1    -1e-30      0.00 7.350e-01 2.590e-01 1.065e-03 2.907e-04 2.641e-03 -1.000 6.000e-03 0.591 -0.719 -1.167 -1.232 -1.263 -1.232 -1.246 -1.279 -1.692 -1.553 -1.422 -1.261 -1.229 -1.219 -1.504
0.006 -0.40400 5.00000 2.7596912384 2.5909082890    2.759  1.674  3.7132  3.009    0  0.000  0.538     0.00     0.00 -1    -1e-30      0.00 7.350e-01 2.590e-01 1.065e-03 2.907e-04 2.641e-03 -1.000 6.000e-03 0.585 -0.725 -1.172 -1.238 -1.269 -1.238 -1.252 -1.285 -1.698 -1.558 -1.427 -1.266 -1.235 -1.225 -1.509
0.006 -0.40400 5.00000 2.9368422031 2.5942516327    2.936  1.716  3.7149  3.002    0  0.000  0.538     0.00     0.00 -1    -1e-30      0.00 7.350e-01 2.590e-01 1.065e-03 2.907e-04 2.641e-03 -1.000 6.000e-03 0.481 -0.822 -1.265 -1.330 -1.361 -1.330 -1.344 -1.376 -1.790 -1.650 -1.519 -1.358 -1.327 -1.316 -1.601
0.006 -0.40400 5.00000 3.0329396725 2.5958783627    3.031  1.736  3.7158  2.999    0  0.000  0.538     0.00     0.00 -1    -1e-30      0.00 7.350e-01 2.590e-01 1.065e-03 2.907e-04 2.641e-03 -1.000 6.000e-03 0.431 -0.868 -1.308 -1.373 -1.404 -1.374 -1.387 -1.419 -1.832 -1.693 -1.562 -1.401 -1.370 -1.359 -1.644
0.006 -0.40400 5.00000 3.1263158321 2.5973496437    3.125  1.757  3.7166  2.994    0  0.000  0.538     0.00     0.00 -1    -1e-30      0.00 7.350e-01 2.590e-01 1.065e-03 2.907e-04 2.641e-03 -1.000 6.000e-03 0.378 -0.919 -1.356 -1.420 -1.451 -1.421 -1.435 -1.467 -1.880 -1.740 -1.609 -1.448 -1.418 -1.406 -1.691
0.006 -0.40400 5.00000 3.2080967426 2.5985574722    3.206  1.773  3.7173  2.992    0  0.000  0.538     0.00     0.00 -1    -1e-30      0.00 7.350e-01 2.590e-01 1.065e-03 2.907e-04 2.641e-03 -1.000 6.000e-03 0.338 -0.956 -1.392 -1.456 -1.486 -1.457 -1.470 -1.502 -1.915 -1.775 -1.644 -1.484 -1.454 -1.441 -1.726
0.006 -0.40400 5.00000 3.3157896996 2.6000440121    3.313  1.795  3.7182  2.988    0  0.000  0.538     0.00     0.00 -1    -1e-30      0.00 7.350e-01 2.590e-01 1.065e-03 2.907e-04 2.641e-03 -1.000 6.000e-03 0.282 -1.009 -1.441 -1.505 -1.535 -1.506 -1.520 -1.551 -1.964 -1.824 -1.693 -1.533 -1.503 -1.490 -1.775
0.006 -0.40400 5.00000 3.3477442265 2.6004638672    3.345  1.801  3.7185  2.987    0  0.000  0.538     0.00     0.00 -1    -1e-30      0.00 7.350e-01 2.590e-01 1.065e-03 2.907e-04 2.641e-03 -1.000 6.000e-03 0.267 -1.022 -1.454 -1.517 -1.548 -1.519 -1.532 -1.563 -1.976 -1.836 -1.705 -1.545 -1.516 -1.502 -1.787
0.006 -0.40400 5.00000 3.5052633286 2.6024062634    3.502  1.832  3.7198  2.981    0  0.000  0.538     0.00     0.00 -1    -1e-30      0.00 7.350e-01 2.590e-01 1.065e-03 2.907e-04 2.641e-03 -1.000 6.000e-03 0.190 -1.095 -1.523 -1.586 -1.616 -1.587 -1.600 -1.631 -2.044 -1.904 -1.773 -1.613 -1.584 -1.570 -1.855
0.006 -0.40400 5.00000 3.5085546970 2.6024446487    3.505  1.833  3.7198  2.981    0  0.000  0.538     0.00     0.00 -1    -1e-30      0.00 7.350e-01 2.590e-01 1.065e-03 2.907e-04 2.641e-03 -1.000 6.000e-03 0.188 -1.096 -1.524 -1.587 -1.617 -1.589 -1.602 -1.632 -2.045 -1.905 -1.774 -1.614 -1.586 -1.572 -1.856
0.006 -0.40400 5.00000 3.6947369576 2.6044919491    3.691  1.872  3.7212  2.970    0  0.000  0.538     0.00     0.00 -1    -1e-30      0.00 7.350e-01 2.590e-01 1.065e-03 2.907e-04 2.641e-03 -1.000 6.000e-03 0.089 -1.190 -1.614 -1.676 -1.706 -1.678 -1.691 -1.721 -2.134 -1.994 -1.863 -1.704 -1.675 -1.660 -1.945
0.006 -0.40400 5.00000 3.7233538628 2.6047856808    3.720  1.878  3.7215  2.969    0  0.000  0.538     0.00     0.00 -1    -1e-30      0.00 7.350e-01 2.590e-01 1.065e-03 2.907e-04 2.641e-03 -1.000 6.000e-03 0.076 -1.202 -1.625 -1.687 -1.717 -1.689 -1.702 -1.732 -2.145 -2.005 -1.874 -1.715 -1.686 -1.671 -1.956
0.006 -0.40400 5.00000 3.8842105865 2.6063454151    3.882  1.910  3.7227  2.959    0  0.000  0.538     0.00     0.00 -1    -1e-30      0.00 7.350e-01 2.590e-01 1.065e-03 2.907e-04 2.641e-03 -1.000 6.000e-03 -0.006 -1.279 -1.699 -1.761 -1.790 -1.763 -1.776 -1.805 -2.218 -2.078 -1.947 -1.788 -1.760 -1.744 -2.029
0.006 -0.40400 5.00000 4.0736842155 2.6080019474    4.072  1.952  3.7241  2.944    0  0.000  0.538     0.00     0.00 -1    -1e-30      0.00 7.350e-01 2.590e-01 1.065e-03 2.907e-04 2.641e-03 -1.000 6.000e-03 -0.111 -1.378 -1.794 -1.856 -1.885 -1.858 -1.871 -1.899 -2.312 -2.172 -2.042 -1.882 -1.855 -1.839 -2.123
0.006 -0.40400 5.00000 4.1436738968 2.6085700989    4.141  1.966  3.7247  2.940    0  0.000  0.538     0.00     0.00 -1    -1e-30      0.00 7.350e-01 2.590e-01 1.065e-03 2.907e-04 2.641e-03 -1.000 6.000e-03 -0.146 -1.411 -1.825 -1.886 -1.915 -1.889 -1.901 -1.929 -2.342 -2.203 -2.072 -1.912 -1.886 -1.869 -2.153
0.006 -0.40400 5.00000 4.2631587982 2.6094903946    4.260  1.993  3.7257  2.929    0  0.000  0.538     0.00     0.00 -1    -1e-30      0.00 7.350e-01 2.590e-01 1.065e-03 2.907e-04 2.641e-03 -1.000 6.000e-03 -0.212 -1.473 -1.884 -1.945 -1.974 -1.948 -1.960 -1.988 -2.401 -2.261 -2.131 -1.971 -1.945 -1.927 -2.212
0.006 -0.40400 5.00000 4.4526314735 2.6108341217    4.449  2.040  3.7273  2.908    0  0.000  0.538     0.00     0.00 -1    -1e-30      0.00 7.350e-01 2.590e-01 1.065e-03 2.907e-04 2.641e-03 -1.000 6.000e-03 -0.329 -1.584 -1.991 -2.051 -2.079 -2.054 -2.066 -2.093 -2.506 -2.366 -2.236 -2.077 -2.051 -2.032 -2.317
0.006 -0.40400 5.00000 4.6332321167 2.6119980812    4.630  2.090  3.7290  2.881    0  0.000  0.538     0.00     0.00 -1    -1e-30      0.00 7.350e-01 2.590e-01 1.065e-03 2.907e-04 2.641e-03 -1.000 6.000e-03 -0.455 -1.703 -2.106 -2.165 -2.193 -2.168 -2.180 -2.207 -2.620 -2.480 -2.350 -2.190 -2.166 -2.146 -2.431
0.006 -0.40400 5.00000 4.6421055794 2.6120524406    4.639  2.093  3.7291  2.880    0  0.000  0.538     0.00     0.00 -1    -1e-30      0.00 7.350e-01 2.590e-01 1.065e-03 2.907e-04 2.641e-03 -1.000 6.000e-03 -0.463 -1.710 -2.112 -2.171 -2.199 -2.175 -2.187 -2.213 -2.626 -2.487 -2.356 -2.197 -2.172 -2.153 -2.437
0.006 -0.40400 5.00000 4.8315792084 2.6131615639    4.829  2.144  3.7312  2.854    0  0.000  0.538     0.00     0.00 -1    -1e-30      0.00 7.350e-01 2.590e-01 1.065e-03 2.907e-04 2.641e-03 -1.000 6.000e-03 -0.591 -1.830 -2.226 -2.284 -2.311 -2.288 -2.300 -2.325 -2.738 -2.599 -2.469 -2.309 -2.286 -2.264 -2.549
0.006 -0.40400 5.00000 4.8832230568 2.6134467125    4.881  2.161  3.7319  2.845    0  0.000  0.538     0.00     0.00 -1    -1e-30      0.00 7.350e-01 2.590e-01 1.065e-03 2.907e-04 2.641e-03 -1.000 6.000e-03 -0.632 -1.868 -2.262 -2.320 -2.347 -2.324 -2.336 -2.361 -2.774 -2.635 -2.505 -2.345 -2.322 -2.300 -2.585
0.006 -0.40400 5.00000 5.0210523605 2.6141750813    5.020  2.220  3.7340  2.807    0  0.000  0.538     0.00     0.00 -1    -1e-30      0.00 7.350e-01 2.590e-01 1.065e-03 2.907e-04 2.641e-03 -1.000 6.000e-03 -0.780 -2.008 -2.396 -2.453 -2.480 -2.458 -2.470 -2.494 -2.907 -2.768 -2.638 -2.478 -2.456 -2.433 -2.718
0.006 -0.40400 5.00000 5.2105264664 2.6151041985    5.210  2.305  3.7374  2.752    0  0.000  0.538     0.00     0.00 -1    -1e-30      0.00 7.350e-01 2.590e-01 1.065e-03 2.907e-04 2.641e-03 -1.000 6.000e-03 -0.992 -2.206 -2.584 -2.641 -2.666 -2.647 -2.658 -2.680 -3.093 -2.955 -2.825 -2.664 -2.645 -2.620 -2.905
0.006 -0.40400 5.00000 5.2372283936 2.6152288914    5.237  2.317  3.7380  2.744    0  0.000  0.538     0.00     0.00 -1    -1e-30      0.00 7.350e-01 2.590e-01 1.065e-03 2.907e-04 2.641e-03 -1.000 6.000e-03 -1.022 -2.234 -2.611 -2.667 -2.692 -2.673 -2.684 -2.706 -3.119 -2.981 -2.851 -2.690 -2.671 -2.646 -2.931
0.006 -0.40400 5.00000 5.4000000954 2.6159586906    5.401  2.404  3.7424  2.688    0  0.000  0.538     0.00     0.00 -1    -1e-30      0.00 7.350e-01 2.590e-01 1.065e-03 2.907e-04 2.641e-03 -1.000 6.000e-03 -1.240 -2.434 -2.798 -2.853 -2.878 -2.861 -2.871 -2.891 -3.307 -3.164 -3.037 -2.875 -2.859 -2.844 -3.119
0.006 -0.40400 5.00000 5.4907002449 2.6163437366    5.491  2.452  3.7453  2.659    0  0.000  0.538     0.00     0.00 -1    -1e-30      0.00 7.350e-01 2.590e-01 1.065e-03 2.907e-04 2.641e-03 -1.000 6.000e-03 -1.359 -2.542 -2.898 -2.951 -2.976 -2.960 -2.971 -2.990 -3.410 -3.259 -3.135 -2.974 -2.959 -2.961 -3.221
0.006 -0.40400 5.00000 5.5999999046 2.6167888641    5.601  2.505  3.7495  2.631    0  0.000  0.538     0.00     0.00 -1    -1e-30      0.00 7.350e-01 2.590e-01 1.065e-03 2.907e-04 2.641e-03 -1.000 6.000e-03 -1.493 -2.658 -3.003 -3.055 -3.079 -3.066 -3.076 -3.093 -3.518 -3.357 -3.237 -3.077 -3.064 -3.092 -3.330
0.006 -0.40400 5.00000 5.7469849586 2.6173567772    5.748  2.567  3.7564  2.608    0  0.000  0.538     0.00     0.00 -1    -1e-30      0.00 7.350e-01 2.590e-01 1.065e-03 2.907e-04 2.641e-03 -1.000 6.000e-03 -1.647 -2.783 -3.108 -3.158 -3.181 -3.171 -3.180 -3.195 -3.628 -3.451 -3.338 -3.179 -3.170 -3.239 -3.441
0.006 -0.40400 5.00000 5.8000001907 2.6175537109    5.801  2.587  3.7597  2.606    0  0.000  0.538     0.00     0.00 -1    -1e-30      0.00 7.350e-01 2.590e-01 1.065e-03 2.907e-04 2.641e-03 -1.000 6.000e-03 -1.697 -2.819 -3.135 -3.184 -3.206 -3.198 -3.207 -3.220 -3.658 -3.472 -3.363 -3.204 -3.198 -3.285 -3.471
0.006 -0.40400 5.00000 5.9109630585 2.6179523468    5.911  2.628  3.7674  2.604    0  0.000  0.538     0.00     0.00 -1    -1e-30      0.00 7.350e-01 2.590e-01 1.065e-03 2.907e-04 2.641e-03 -1.000 6.000e-03 -1.799 -2.887 -3.184 -3.229 -3.251 -3.247 -3.254 -3.265 -3.712 -3.507 -3.406 -3.249 -3.246 -3.380 -3.526
0.006 -0.40400 5.00000 6.0000000000 2.6182601452    6.000  2.659  3.7762  2.614    0  0.000  0.538     0.00     0.00 -1    -1e-30      0.00 7.350e-01 2.590e-01 1.065e-03 2.907e-04 2.641e-03 -1.000 6.000e-03 -1.878 -2.923 -3.196 -3.239 -3.259 -3.258 -3.264 -3.273 -3.732 -3.505 -3.409 -3.258 -3.257 -3.446 -3.547
0.006 -0.40400 5.00000 6.0362477303 2.6183822155    6.036  2.672  3.7803  2.620    0  0.000  0.538     0.00     0.00 -1    -1e-30      0.00 7.350e-01 2.590e-01 1.065e-03 2.907e-04 2.641e-03 -1.000 6.000e-03 -1.910 -2.934 -3.196 -3.238 -3.258 -3.258 -3.264 -3.272 -3.737 -3.499 -3.405 -3.257 -3.258 -3.471 -3.552
0.006 -0.40400 5.00000 6.1509952545 2.6187584400    6.151  2.713  3.7954  2.648    0  0.000  0.538     0.00     0.00 -1    -1e-30      0.00 7.350e-01 2.590e-01 1.065e-03 2.907e-04 2.641e-03 -1.000 6.000e-03 -2.012 -2.963 -3.190 -3.227 -3.246 -3.251 -3.255 -3.260 -3.743 -3.465 -3.389 -3.245 -3.251 -3.558 -3.559
0.006 -0.40400 5.00000 6.1999998093 2.6189143658    6.200  2.730  3.8025  2.662    0  0.000  0.538     0.00     0.00 -1    -1e-30      0.00 7.350e-01 2.590e-01 1.065e-03 2.907e-04 2.641e-03 -1.000 6.000e-03 -2.056 -2.973 -3.184 -3.219 -3.238 -3.243 -3.246 -3.251 -3.742 -3.446 -3.378 -3.236 -3.243 -3.594 -3.559
0.006 -0.40400 5.00000 6.2378220558 2.6190326214    6.237  2.744  3.8081  2.673    0  0.000  0.538     0.00     0.00 -1    -1e-30      0.00 7.350e-01 2.590e-01 1.065e-03 2.907e-04 2.641e-03 -1.000 6.000e-03 -2.090 -2.979 -3.178 -3.212 -3.229 -3.236 -3.238 -3.243 -3.740 -3.430 -3.369 -3.228 -3.235 -3.622 -3.557
0.006 -0.40400 5.00000 6.3361306190 2.6193325520    6.335  2.781  3.8230  2.703    0  0.000  0.538     0.00     0.00 -1    -1e-30      0.00 7.350e-01 2.590e-01 1.065e-03 2.907e-04 2.641e-03 -1.000 6.000e-03 -2.182 -2.994 -3.160 -3.191 -3.208 -3.215 -3.217 -3.221 -3.723 -3.399 -3.344 -3.206 -3.215 -3.632 -3.540
0.006 -0.40400 5.00000 6.4000000954 2.6195218563    6.399  2.806  3.8330  2.722    0  0.000  0.538     0.00     0.00 -1    -1e-30      0.00 7.350e-01 2.590e-01 1.065e-03 2.907e-04 2.641e-03 -1.000 6.000e-03 -2.244 -3.003 -3.149 -3.178 -3.194 -3.201 -3.203 -3.207 -3.708 -3.383 -3.327 -3.193 -3.201 -3.618 -3.526
0.006 -0.40400 5.00000 6.4300408363 2.6196093559    6.429  2.817  3.8377  2.732    0  0.000  0.538     0.00     0.00 -1    -1e-30      0.00 7.350e-01 2.590e-01 1.065e-03 2.907e-04 2.641e-03 -1.000 6.000e-03 -2.273 -3.007 -3.142 -3.171 -3.187 -3.194 -3.196 -3.200 -3.700 -3.375 -3.319 -3.186 -3.194 -3.610 -3.518
0.006 -0.40400 5.00000 6.5277385712 2.6198873520    6.526  2.856  3.8532  2.762    0  0.000  0.538     0.00     0.00 -1    -1e-30      0.00 7.350e-01 2.590e-01 1.065e-03 2.907e-04 2.641e-03 -1.000 6.000e-03 -2.370 -3.018 -3.123 -3.150 -3.165 -3.172 -3.174 -3.177 -3.676 -3.349 -3.292 -3.164 -3.172 -3.588 -3.494
0.006 -0.40400 5.00000 6.6236386299 2.6201512814    6.621  2.896  3.8689  2.791    0  0.000  0.538     0.00     0.00 -1    -1e-30      0.00 7.350e-01 2.590e-01 1.065e-03 2.907e-04 2.641e-03 -1.000 6.000e-03 -2.469 -3.027 -3.104 -3.129 -3.143 -3.150 -3.152 -3.155 -3.653 -3.323 -3.266 -3.142 -3.150 -3.566 -3.471
0.006 -0.40400 5.00000 6.7172470093 2.6204004288    6.714  2.936  3.8846  2.819    0  0.000  0.538     0.00     0.00 -1    -1e-30      0.00 7.350e-01 2.590e-01 1.065e-03 2.907e-04 2.641e-03 -1.000 6.000e-03 -2.569 -3.034 -3.086 -3.109 -3.122 -3.129 -3.131 -3.134 -3.630 -3.299 -3.241 -3.122 -3.129 -3.544 -3.448
0.006 -0.40400 5.00000 6.8083605766 2.6206355095    6.805  2.976  3.9002  2.847    0  0.000  0.538     0.00     0.00 -1    -1e-30      0.00 7.350e-01 2.590e-01 1.065e-03 2.907e-04 2.641e-03 -1.000 6.000e-03 -2.671 -3.040 -3.071 -3.091 -3.104 -3.110 -3.112 -3.114 -3.609 -3.276 -3.217 -3.103 -3.110 -3.524 -3.427
0.006 -0.40400 5.00000 6.8969111443 2.6208572388    6.893  3.017  3.9158  2.875    0  0.000  0.538     0.00     0.00 -1    -1e-30      0.00 7.350e-01 2.590e-01 1.065e-03 2.907e-04 2.641e-03 -1.000 6.000e-03 -2.772 -3.045 -3.058 -3.075 -3.086 -3.093 -3.094 -3.096 -3.589 -3.255 -3.195 -3.086 -3.093 -3.506 -3.407
0.006 -0.40400 5.00000 6.9829177856 2.6210663319    6.978  3.057  3.9314  2.902    0  0.000  0.538     0.00     0.00 -1    -1e-30      0.00 7.350e-01 2.590e-01 1.065e-03 2.907e-04 2.641e-03 -1.000 6.000e-03 -2.873 -3.048 -3.046 -3.060 -3.069 -3.075 -3.076 -3.078 -3.570 -3.235 -3.175 -3.069 -3.075 -3.487 -3.388
0.006 -0.40400 5.00000 7.0000000000 2.6211071014    6.996  3.065  3.9345  2.907    0  0.000  0.538     0.00     0.00 -1    -1e-30      0.00 7.350e-01 2.590e-01 1.065e-03 2.907e-04 2.641e-03 -1.000 6.000e-03 -2.894 -3.048 -3.044 -3.057 -3.065 -3.071 -3.072 -3.074 -3.566 -3.231 -3.170 -3.066 -3.071 -3.483 -3.384
0.006 -0.40400 5.00000 7.0289888382 2.6211757660    7.025  3.079  3.9397  2.917    0  0.000  0.538     0.00     0.00 -1    -1e-30      0.00 7.350e-01 2.590e-01 1.065e-03 2.907e-04 2.641e-03 -1.000 6.000e-03 -2.928 -3.048 -3.040 -3.052 -3.059 -3.065 -3.066 -3.067 -3.559 -3.224 -3.163 -3.060 -3.065 -3.477 -3.377
0.006 -0.40400 5.00000 7.1076121330 2.6213591099    7.104  3.117  3.9542  2.942    0  0.000  0.538     0.00     0.00 -1    -1e-30      0.00 7.350e-01 2.590e-01 1.065e-03 2.907e-04 2.641e-03 -1.000 6.000e-03 -3.021 -3.047 -3.031 -3.039 -3.043 -3.047 -3.047 -3.048 -3.538 -3.202 -3.141 -3.043 -3.047 -3.457 -3.356
0.006 -0.40400 5.00000 7.1845035553 2.6215338707    7.181  3.154  3.9686  2.967    0  0.000  0.538     0.00     0.00 -1    -1e-30      0.00 7.350e-01 2.590e-01 1.065e-03 2.907e-04 2.641e-03 -1.000 6.000e-03 -3.114 -3.044 -3.021 -3.025 -3.025 -3.028 -3.027 -3.027 -3.516 -3.179 -3.119 -3.026 -3.028 -3.436 -3.334
0.006 -0.40400 5.00000 7.2598676682 2.6217010021    7.257  3.190  3.9830  2.993    0  0.000  0.538     0.00     0.00 -1    -1e-30      0.00 7.350e-01 2.590e-01 1.065e-03 2.907e-04 2.641e-03 -1.000 6.000e-03 -3.206 -3.040 -3.011 -3.010 -3.006 -3.009 -3.007 -3.006 -3.494 -3.156 -3.095 -3.008 -3.008 -3.414 -3.311
0.006 -0.40400 5.00000 7.3340811729 2.6218616962    7.332  3.226  3.9975  3.019    0  0.000  0.538     0.00     0.00 -1    -1e-30      0.00 7.350e-01 2.590e-01 1.065e-03 2.907e-04 2.641e-03 -1.000 6.000e-03 -3.296 -3.033 -2.999 -2.994 -2.987 -2.988 -2.986 -2.984 -3.470 -3.131 -3.071 -2.989 -2.988 -3.391 -3.287
0.006 -0.40400 5.00000 7.4072890282 2.6220166683    7.405  3.262  4.0121  3.046    0  0.000  0.538     0.00     0.00 -1    -1e-30      0.00 7.350e-01 2.590e-01 1.065e-03 2.907e-04 2.641e-03 -1.000 6.000e-03 -3.385 -3.025 -2.986 -2.977 -2.967 -2.967 -2.963 -2.960 -3.445 -3.106 -3.044 -2.968 -2.966 -3.367 -3.263
0.006 -0.40400 5.00000 7.4793257713 2.6221656799    7.478  3.297  4.0266  3.073    0  0.000  0.538     0.00     0.00 -1    -1e-30      0.00 7.350e-01 2.590e-01 1.065e-03 2.907e-04 2.641e-03 -1.000 6.000e-03 -3.472 -3.015 -2.971 -2.959 -2.945 -2.944 -2.940 -2.936 -3.419 -3.079 -3.016 -2.947 -2.943 -3.343 -3.237
0.006 -0.40400 5.00000 7.5504059792 2.6223094463    7.549  3.331  4.0411  3.102    0  0.000  0.538     0.00     0.00 -1    -1e-30      0.00 7.350e-01 2.590e-01 1.065e-03 2.907e-04 2.641e-03 -1.000 6.000e-03 -3.557 -3.002 -2.953 -2.938 -2.922 -2.920 -2.915 -2.911 -3.392 -3.050 -2.986 -2.924 -2.919 -3.316 -3.210
0.006 -0.40400 5.00000 7.6207146645 2.6224486828    7.620  3.364  4.0556  3.131    0  0.000  0.538     0.00     0.00 -1    -1e-30      0.00 7.350e-01 2.590e-01 1.065e-03 2.907e-04 2.641e-03 -1.000 6.000e-03 -3.640 -2.986 -2.933 -2.916 -2.896 -2.893 -2.888 -2.883 -3.362 -3.018 -2.954 -2.899 -2.892 -3.288 -3.180
0.006 -0.40400 5.00000 7.6904020309 2.6225838661    7.690  3.396  4.0701  3.160    0  0.000  0.538     0.00     0.00 -1    -1e-30      0.00 7.350e-01 2.590e-01 1.065e-03 2.907e-04 2.641e-03 -1.000 6.000e-03 -3.720 -2.967 -2.911 -2.890 -2.868 -2.864 -2.858 -2.852 -3.330 -2.984 -2.919 -2.871 -2.863 -3.257 -3.148
0.006 -0.40400 5.00000 7.7596163750 2.6227154732    7.759  3.427  4.0845  3.191    0  0.000  0.538     0.00     0.00 -1    -1e-30      0.00 7.350e-01 2.590e-01 1.065e-03 2.907e-04 2.641e-03 -1.000 6.000e-03 -3.798 -2.945 -2.885 -2.862 -2.837 -2.832 -2.826 -2.819 -3.294 -2.947 -2.881 -2.840 -2.831 -3.223 -3.112
0.006 -0.40400 5.00000 7.8285145760 2.6228437424    7.829  3.457  4.0990  3.222    0  0.000  0.538     0.00     0.00 -1    -1e-30      0.00 7.350e-01 2.590e-01 1.065e-03 2.907e-04 2.641e-03 -1.000 6.000e-03 -3.873 -2.920 -2.856 -2.831 -2.803 -2.798 -2.790 -2.783 -3.256 -2.908 -2.840 -2.806 -2.796 -3.187 -3.074
0.006 -0.40400 5.00000 7.8972382545 2.6229689121    7.898  3.486  4.1133  3.255    0  0.000  0.538     0.00     0.00 -1    -1e-30      0.00 7.350e-01 2.590e-01 1.065e-03 2.907e-04 2.641e-03 -1.000 6.000e-03 -3.946 -2.891 -2.823 -2.796 -2.766 -2.760 -2.752 -2.743 -3.215 -2.865 -2.797 -2.769 -2.758 -3.147 -3.033
0.006 -0.40400 5.00000 7.9659371376 2.6230916977    7.967  3.514  4.1276  3.288    0  0.000  0.538     0.00     0.00 -1    -1e-30      0.00 7.350e-01 2.590e-01 1.065e-03 2.907e-04 2.641e-03 -1.000 6.000e-03 -4.015 -2.859 -2.788 -2.758 -2.726 -2.719 -2.710 -2.701 -3.171 -2.820 -2.752 -2.729 -2.717 -3.104 -2.989
0.006 -0.40400 5.00000 8.0000000000 2.6231517792    8.001  3.528  4.1347  3.304    0  0.000  0.538     0.00     0.00 -1    -1e-30      0.00 7.350e-01 2.590e-01 1.065e-03 2.907e-04 2.641e-03 -1.000 6.000e-03 -4.049 -2.843 -2.770 -2.739 -2.705 -2.697 -2.688 -2.679 -3.148 -2.797 -2.729 -2.709 -2.696 -3.081 -2.966
0.006 -0.40400 5.00000 8.0060586929 2.6231625080    8.007  3.530  4.1360  3.307    0  0.000  0.538     0.00     0.00 -1    -1e-30      0.00 7.350e-01 2.590e-01 1.065e-03 2.907e-04 2.641e-03 -1.000 6.000e-03 -4.055 -2.840 -2.766 -2.735 -2.702 -2.694 -2.685 -2.675 -3.144 -2.793 -2.725 -2.705 -2.692 -3.078 -2.962
0.006 -0.40400 5.00000 8.0769481659 2.6232852936    8.077  3.556  4.1502  3.342    0  0.000  0.538     0.00     0.00 -1    -1e-30      0.00 7.350e-01 2.590e-01 1.065e-03 2.907e-04 2.641e-03 -1.000 6.000e-03 -4.121 -2.804 -2.727 -2.694 -2.658 -2.649 -2.639 -2.629 -3.096 -2.744 -2.676 -2.661 -2.647 -3.031 -2.914
0.006 -0.40400 5.00000 8.1482391357 2.6234061718    8.148  3.582  4.1644  3.377    0  0.000  0.538     0.00     0.00 -1    -1e-30      0.00 7.350e-01 2.590e-01 1.065e-03 2.907e-04 2.641e-03 -1.000 6.000e-03 -4.184 -2.765 -2.685 -2.650 -2.611 -2.601 -2.591 -2.579 -3.046 -2.693 -2.628 -2.615 -2.600 -2.981 -2.864
0.006 -0.40400 5.00000 8.2199230194 2.6235253811    8.219  3.606  4.1784  3.413    0  0.000  0.538     0.00     0.00 -1    -1e-30      0.00 7.350e-01 2.590e-01 1.065e-03 2.907e-04 2.641e-03 -1.000 6.000e-03 -4.244 -2.725 -2.641 -2.603 -2.562 -2.552 -2.540 -2.529 -2.994 -2.641 -2.578 -2.566 -2.550 -2.930 -2.812
0.006 -0.40400 5.00000 8.2921800613 2.6236431599    8.291  3.629  4.1924  3.449    0  0.000  0.538     0.00     0.00 -1    -1e-30      0.00 7.350e-01 2.590e-01 1.065e-03 2.907e-04 2.641e-03 -1.000 6.000e-03 -4.303 -2.682 -2.595 -2.555 -2.512 -2.501 -2.489 -2.476 -2.940 -2.589 -2.528 -2.516 -2.499 -2.877 -2.758
0.006 -0.40400 5.00000 8.3651647568 2.6237597466    8.364  3.651  4.2063  3.486    0  0.000  0.538     0.00     0.00 -1    -1e-30      0.00 7.350e-01 2.590e-01 1.065e-03 2.907e-04 2.641e-03 -1.000 6.000e-03 -4.358 -2.638 -2.548 -2.506 -2.460 -2.448 -2.435 -2.422 -2.884 -2.535 -2.477 -2.464 -2.446 -2.822 -2.702
0.006 -0.40400 5.00000 8.4390220642 2.6238753796    8.437  3.673  4.2200  3.524    0  0.000  0.538     0.00     0.00 -1    -1e-30      0.00 7.350e-01 2.590e-01 1.065e-03 2.907e-04 2.641e-03 -1.000 6.000e-03 -4.412 -2.592 -2.499 -2.455 -2.407 -2.394 -2.381 -2.367 -2.828 -2.480 -2.424 -2.411 -2.392 -2.766 -2.646
0.006 -0.40400 5.00000 8.5138998032 2.6239902973    8.511  3.693  4.2337  3.562    0  0.000  0.538     0.00     0.00 -1    -1e-30      0.00 7.350e-01 2.590e-01 1.065e-03 2.907e-04 2.641e-03 -1.000 6.000e-03 -4.463 -2.546 -2.450 -2.403 -2.353 -2.339 -2.325 -2.310 -2.771 -2.423 -2.369 -2.358 -2.337 -2.710 -2.589
0.006 -0.40400 5.00000 8.5899629593 2.6241047382    8.587  3.713  4.2473  3.600    0  0.000  0.538     0.00     0.00 -1    -1e-30      0.00 7.350e-01 2.590e-01 1.065e-03 2.907e-04 2.641e-03 -1.000 6.000e-03 -4.513 -2.499 -2.400 -2.351 -2.298 -2.283 -2.269 -2.253 -2.713 -2.365 -2.311 -2.303 -2.281 -2.652 -2.531
0.006 -0.40400 5.00000 8.6673774719 2.6242187023    8.663  3.732  4.2608  3.638    0  0.000  0.538     0.00     0.00 -1    -1e-30      0.00 7.350e-01 2.590e-01 1.065e-03 2.907e-04 2.641e-03 -1.000 6.000e-03 -4.561 -2.451 -2.349 -2.298 -2.242 -2.227 -2.212 -2.195 -2.653 -2.305 -2.251 -2.248 -2.225 -2.594 -2.471
0.006 -0.40400 5.00000 8.7463321686 2.6243326664    8.742  3.751  4.2742  3.677    0  0.000  0.538     0.00     0.00 -1    -1e-30      0.00 7.350e-01 2.590e-01 1.065e-03 2.907e-04 2.641e-03 -1.000 6.000e-03 -4.607 -2.402 -2.297 -2.245 -2.186 -2.170 -2.154 -2.137 -2.592 -2.243 -2.190 -2.192 -2.168 -2.535 -2.410
0.006 -0.40400 5.00000 8.8270406723 2.6244466305    8.822  3.769  4.2875  3.717    0  0.000  0.538     0.00     0.00 -1    -1e-30      0.00 7.350e-01 2.590e-01 1.065e-03 2.907e-04 2.641e-03 -1.000 6.000e-03 -4.652 -2.353 -2.246 -2.190 -2.130 -2.112 -2.095 -2.077 -2.530 -2.181 -2.128 -2.136 -2.110 -2.475 -2.348
0.006 -0.40400 5.00000 8.9097223282 2.6245610714    8.904  3.786  4.3008  3.756    0  0.000  0.538     0.00     0.00 -1    -1e-30      0.00 7.350e-01 2.590e-01 1.065e-03 2.907e-04 2.641e-03 -1.000 6.000e-03 -4.696 -2.304 -2.193 -2.136 -2.073 -2.054 -2.036 -2.017 -2.468 -2.117 -2.064 -2.079 -2.052 -2.414 -2.286
0.006 -0.40400 5.00000 8.9946527481 2.6246759892    8.988  3.803  4.3139  3.796    0  0.000  0.538     0.00     0.00 -1    -1e-30      0.00 7.350e-01 2.590e-01 1.065e-03 2.907e-04 2.641e-03 -1.000 6.000e-03 -4.738 -2.254 -2.141 -2.081 -2.015 -1.995 -1.977 -1.956 -2.404 -2.054 -1.999 -2.022 -1.993 -2.352 -2.222
0.006 -0.40400 5.00000 9.0000000000 2.6246831417    8.995  3.804  4.3148  3.799    0  0.000  0.538     0.00     0.00 -1    -1e-30      0.00 7.350e-01 2.590e-01 1.065e-03 2.907e-04 2.641e-03 -1.000 6.000e-03 -4.741 -2.251 -2.138 -2.078 -2.012 -1.992 -1.973 -1.953 -2.400 -2.050 -1.995 -2.018 -1.989 -2.348 -2.218
0.006 -0.40400 5.00000 9.1021537781 2.6248178482    9.097  3.823  4.3293  3.843    0  0.000  0.538     0.00     0.00 -1    -1e-30      0.00 7.350e-01 2.590e-01 1.065e-03 2.907e-04 2.641e-03 -1.000 6.000e-03 -4.787 -2.196 -2.080 -2.017 -1.948 -1.926 -1.907 -1.885 -2.329 -1.979 -1.924 -1.955 -1.924 -2.279 -2.147
0.006 -0.40400 5.00000 9.2086963654 2.6249549389    9.204  3.841  4.3438  3.889    0  0.000  0.538     0.00     0.00 -1    -1e-30      0.00 7.350e-01 2.590e-01 1.065e-03 2.907e-04 2.641e-03 -1.000 6.000e-03 -4.831 -2.141 -2.021 -1.957 -1.883 -1.861 -1.840 -1.816 -2.258 -1.908 -1.851 -1.891 -1.858 -2.210 -2.077
0.006 -0.40400 5.00000 9.3202600479 2.6250944138    9.316  3.858  4.3581  3.934    0  0.000  0.538     0.00     0.00 -1    -1e-30      0.00 7.350e-01 2.590e-01 1.065e-03 2.907e-04 2.641e-03 -1.000 6.000e-03 -4.874 -2.086 -1.963 -1.896 -1.819 -1.794 -1.772 -1.747 -2.188 -1.837 -1.779 -1.826 -1.792 -2.140 -2.006
0.006 -0.40400 5.00000 9.3785324097 2.6251657009    9.374  3.866  4.3655  3.958    0  0.000  0.538     0.00     0.00 -1    -1e-30      0.00 7.350e-01 2.590e-01 1.065e-03 2.907e-04 2.641e-03 -1.000 6.000e-03 -4.896 -2.058 -1.933 -1.864 -1.786 -1.761 -1.738 -1.712 -2.152 -1.801 -1.742 -1.794 -1.758 -2.105 -1.970
0.006 -0.40400 5.00000 9.4641838074 2.6252689362    9.460  3.877  4.3750  3.989    0  0.000  0.538     0.00     0.00 -1    -1e-30      0.00 7.350e-01 2.590e-01 1.065e-03 2.907e-04 2.641e-03 -1.000 6.000e-03 -4.921 -2.019 -1.892 -1.822 -1.740 -1.714 -1.691 -1.664 -2.103 -1.752 -1.692 -1.749 -1.711 -2.057 -1.921
0.006 -0.40400 5.00000 9.6348762512 2.6254680157    9.631  3.892  4.3917  4.048    0  0.000  0.538     0.00     0.00 -1    -1e-30      0.00 7.350e-01 2.590e-01 1.065e-03 2.907e-04 2.641e-03 -1.000 6.000e-03 -4.960 -1.946 -1.816 -1.742 -1.657 -1.629 -1.604 -1.577 -2.015 -1.662 -1.600 -1.665 -1.626 -1.968 -1.833
0.006 -0.40400 5.00000 9.8586416245 2.6257169247    9.856  3.902  4.4079  4.114    0  0.000  0.538     0.00     0.00 -1    -1e-30      0.00 7.350e-01 2.590e-01 1.065e-03 2.907e-04 2.641e-03 -1.000 6.000e-03 -4.984 -1.909 -1.804 -1.735 -1.640 -1.611 -2.000 -2.908 -2.499 -2.209 -3.684 -1.651 -1.617 -2.858 -2.698
0.006 -0.40400 5.00000 10.0000000000 2.6258678436    9.998  3.906  4.4168  4.151    0  0.000  0.538     0.00     0.00 -1    -1e-30      0.00 7.350e-01 2.590e-01 1.065e-03 2.907e-04 2.641e-03 -1.000 6.000e-03 -4.996 -1.854 -1.743 -1.660 -1.571 -1.545 -1.933 -2.842 -2.435 -2.157 -3.634 -1.580 -1.551 -2.792 -2.634
0.006 -0.40400 5.00000 10.0468750000 2.6259167194   10.045  3.908  4.4197  4.163    0  0.000  0.538     0.00     0.00 -1    -1e-30      0.00 7.350e-01 2.590e-01 1.065e-03 2.907e-04 2.641e-03 -1.000 6.000e-03 -5.000 -1.836 -1.723 -1.637 -1.549 -1.524 -1.912 -2.820 -2.414 -2.141 -3.618 -1.558 -1.530 -2.771 -2.613
0.006 -0.40400 5.00000 10.3466567993 2.6262176037   10.346  3.932  4.4396  4.231    0  0.000  0.538     0.00     0.00 -1    -1e-30      0.00 7.350e-01 2.590e-01 1.065e-03 2.907e-04 2.641e-03 -1.000 6.000e-03 -5.061 -1.765 -1.644 -1.555 -1.481 -1.467 -1.855 -2.763 -2.341 -2.051 -3.522 -1.485 -1.473 -2.711 -2.541
0.006 -0.40400 5.00000 10.5872583389 2.6264448166   10.587  3.954  4.4540  4.277    0  0.000  0.538     0.00     0.00 -1    -1e-30      0.00 7.350e-01 2.590e-01 1.065e-03 2.907e-04 2.641e-03 -1.000 6.000e-03 -5.115 -1.727 -1.600 -1.511 -1.449 -1.441 -1.831 -2.738 -2.308 -1.997 -3.470 -1.451 -1.447 -2.685 -2.509
0.006 -0.40400 5.00000 10.8409509659 2.6266720295   10.842  3.968  4.4635  4.311    0  0.000  0.538     0.00     0.00 -1    -1e-30      0.00 7.350e-01 2.590e-01 1.065e-03 2.907e-04 2.641e-03 -1.000 6.000e-03 -5.151 -1.685 -1.555 -1.474 -1.419 -1.405 -1.794 -2.702 -2.281 -1.957 -3.442 -1.422 -1.411 -2.652 -2.483
0.006 -0.40400 5.00000 11.0000000000 2.6268081665   11.001  3.975  4.4677  4.327    0  0.000  0.538     0.00     0.00 -1    -1e-30      0.00 7.350e-01 2.590e-01 1.065e-03 2.907e-04 2.641e-03 -1.000 6.000e-03 -5.168 -1.667 -1.536 -1.459 -1.407 -1.391 -1.780 -2.688 -2.271 -1.941 -3.431 -1.412 -1.397 -2.638 -2.474
0.006 -0.40400 5.00000 11.4485139847 2.6271691322   11.450  3.992  4.4759  4.360    0  0.000  0.538     0.00     0.00 -1    -1e-30      0.00 7.350e-01 2.590e-01 1.065e-03 2.907e-04 2.641e-03 -1.000 6.000e-03 -5.210 -1.639 -1.507 -1.441 -1.394 -1.371 -1.760 -2.668 -2.260 -1.919 -3.417 -1.399 -1.377 -2.621 -2.465
0.006 -0.40400 5.00000 11.7194213867 2.6273717880   11.720  4.001  4.4794  4.376    0  0.000  0.538     0.00     0.00 -1    -1e-30      0.00 7.350e-01 2.590e-01 1.065e-03 2.907e-04 2.641e-03 -1.000 6.000e-03 -5.233 -1.641 -1.507 -1.437 -1.390 -1.367 -1.756 -2.664 -2.253 -1.913 -3.402 -1.395 -1.373 -2.616 -2.457
0.006 -0.40400 5.00000 12.0000000000 2.6275708675   12.001  4.025  4.4829  4.376    0  0.000  0.538     0.00     0.00 -1    -1e-30      0.00 7.350e-01 2.590e-01 1.065e-03 2.907e-04 2.641e-03 -1.000 6.000e-03 -5.292 -1.682 -1.546 -1.472 -1.423 -1.401 -1.789 -2.697 -2.282 -1.946 -3.426 -1.428 -1.407 -2.648 -2.486
0.006 -0.40400 5.00000 12.3833436966 2.6278257370   12.382  4.056  4.4875  4.377    0  0.000  0.539     0.00     0.00 -1 -2.17e-26      0.00 7.350e-01 2.590e-01 1.068e-03 2.908e-04 2.641e-03 -1.000 6.000e-03 -5.370 -1.735 -1.598 -1.517 -1.467 -1.445 -1.832 -2.740 -2.321 -1.990 -3.458 -1.471 -1.451 -2.690 -2.525
0.006 -0.40400 5.00000 12.7330904007 2.6280431747   12.730  4.085  4.4917  4.377    0  0.000  0.540     0.00     0.00 -1 -1.48e-22      0.00 7.350e-01 2.590e-01 1.070e-03 2.909e-04 2.641e-03 -1.000 6.000e-03 -5.442 -1.785 -1.647 -1.559 -1.507 -1.486 -1.872 -2.780 -2.357 -2.031 -3.487 -1.511 -1.492 -2.729 -2.561
0.006 -0.40400 5.00000 14.0000009537 2.6287269592   13.992  4.206  4.5097  4.369    0  0.000  0.545     0.00     0.00 -1 -1.73e-09      0.00 7.349e-01 2.591e-01 1.079e-03 2.911e-04 2.640e-03 -1.000 6.000e-03 -5.744 -1.983 -1.841 -1.745 -1.680 -1.654 -2.038 -2.946 -2.521 -2.196 -3.637 -1.686 -1.659 -2.894 -2.723
0.006 -0.40400 5.00000 16.0000000000 2.6295573711   16.002  4.369  4.5332  4.358    0  0.000  0.545     0.00     0.00 -1 -3.79e-09      0.00 7.349e-01 2.591e-01 1.079e-03 2.911e-04 2.640e-03 -1.000 6.000e-03 -6.152 -2.277 -2.127 -2.029 -1.936 -1.902 -2.288 -3.197 -2.779 -2.445 -3.893 -1.946 -1.908 -3.146 -2.980
0.006 -0.40400 5.00000 18.0000000000 2.6301794052   17.989  4.510  4.5533  4.349    0  0.000  0.545     0.00     0.00 -1 -7.38e-09      0.00 7.349e-01 2.591e-01 1.079e-03 2.911e-04 2.640e-03 -1.000 6.000e-03 -6.504 -2.558 -2.394 -2.282 -2.168 -2.143 -2.534 -3.442 -3.017 -2.682 -4.125 -2.178 -2.150 -3.390 -3.219
0.006 -0.40400 5.00000 20.0000000000 2.6306605339   19.995  4.632  4.5707  4.341    0  0.000  0.545     0.00     0.00 -1 -1.28e-08      0.00 7.349e-01 2.591e-01 1.079e-03 2.911e-04 2.640e-03 -1.000 6.000e-03 -6.811 -2.686 -2.513 -2.407 -2.339 -2.321 -2.710 -3.618 -3.182 -2.833 -4.276 -2.344 -2.327 -3.564 -3.385
0.006 -0.40400 5.00000 24.0000000000 2.6313521862   23.998  4.837  4.5985  4.328    0  0.000  0.545     0.00     0.00 -1 -3.13e-08      0.00 7.349e-01 2.591e-01 1.079e-03 2.911e-04 2.640e-03 -1.000 6.000e-03 -7.321 -2.992 -2.837 -2.730 -2.642 -2.618 -3.003 -3.911 -3.505 -3.156 -4.630 -2.649 -2.623 -3.862 -3.705
0.006 -0.40400 5.00000 28.0000000000 2.6318216324   27.979  5.001  4.6201  4.316    0  0.000  0.545     0.00     0.00 -1 -6.08e-08      0.00 7.349e-01 2.591e-01 1.079e-03 2.911e-04 2.640e-03 -1.000 6.000e-03 -7.733 -3.214 -3.083 -2.996 -2.903 -2.883 -3.271 -4.179 -3.781 -3.486 -4.958 -2.910 -2.889 -4.131 -3.979
0.006 -0.40400 5.00000 30.0000000000 2.6320033073   29.976  5.071  4.6290  4.312    0  0.000  0.545     0.00     0.00 -1 -7.95e-08      0.00 7.349e-01 2.591e-01 1.079e-03 2.911e-04 2.640e-03 -1.000 6.000e-03 -7.908 -3.319 -3.191 -3.110 -3.018 -2.999 -3.387 -4.296 -3.901 -3.624 -5.107 -3.025 -3.005 -4.247 -4.098
0.006 -0.40400 5.00000 35.0000000000 2.6323544979   34.964  5.226  4.6493  4.305    0  0.000  0.545     0.00     0.00 -1 -1.42e-07      0.00 7.349e-01 2.591e-01 1.079e-03 2.911e-04 2.640e-03 -1.000 6.000e-03 -8.294 -3.566 -3.425 -3.342 -3.267 -3.248 -3.638 -4.547 -4.191 -4.005 -5.607 -3.274 -3.254 -4.504 -4.384
0.006 -0.40400 5.00000 40.0000000000 2.6326069832   39.970  5.353  4.6627  4.290    0  0.000  0.545     0.00     0.00 -1 -2.24e-07      0.00 7.349e-01 2.591e-01 1.079e-03 2.911e-04 2.640e-03 -1.000 6.000e-03 -8.611 -3.802 -3.658 -3.571 -3.494 -3.472 -3.861 -4.770 -4.417 -4.242 -5.854 -3.500 -3.478 -4.728 -4.610
0.006 -0.40400 5.00000 45.0000000000 2.6327958107   44.974  5.461  4.6762  4.287    0  0.000  0.545     0.00     0.00 -1 -3.26e-07      0.00 7.349e-01 2.591e-01 1.079e-03 2.911e-04 2.640e-03 -1.000 6.000e-03 -8.883 -3.993 -3.844 -3.752 -3.673 -3.650 -4.039 -4.948 -4.601 -4.445 -6.070 -3.680 -3.656 -4.907 -4.793
0.006 -0.40400 5.00000 50.0000000000 2.6329421997   49.951  5.555  4.6865  4.279    0  0.000  0.545     0.00     0.00 -1 -4.46e-07      0.00 7.349e-01 2.591e-01 1.079e-03 2.911e-04 2.640e-03 -1.000 6.000e-03 -9.118 -4.167 -4.016 -3.922 -3.847 -3.826 -4.216 -5.125 -4.787 -4.680 -6.335 -3.853 -3.832 -5.085 -4.978
0.006 -0.40400 5.00000 55.0000000000 2.6330580711   54.913  5.638  4.6956  4.275    0  0.000  0.545     0.00     0.00 -1 -5.88e-07      0.00 7.349e-01 2.591e-01 1.079e-03 2.911e-04 2.640e-03 -1.000 6.000e-03 -9.324 -4.319 -4.166 -4.071 -4.000 -3.981 -4.371 -5.281 -4.953 -4.888 -6.570 -4.006 -3.988 -5.242 -5.141
0.006 -0.40400 5.00000 59.9999961853 2.6331522465   59.893  5.710  4.7022  4.266    0  0.000  0.545     0.00     0.00 -1 -7.35e-07      0.00 7.349e-01 2.591e-01 1.079e-03 2.911e-04 2.640e-03 -1.000 6.000e-03 -9.505 -4.465 -4.314 -4.219 -4.150 -4.133 -4.524 -5.433 -5.122 -5.100 -6.804 -4.155 -4.139 -5.397 -5.308
0.006 -0.40400 5.00000 64.9999923706 2.6332299709   64.903  5.776  4.7087  4.261    0  0.000  0.545     0.00     0.00 -1  -9.1e-07      0.00 7.349e-01 2.591e-01 1.079e-03 2.911e-04 2.640e-03 -1.000 6.000e-03 -9.671 -4.604 -4.457 -4.364 -4.293 -4.279 -4.672 -5.582 -5.301 -5.339 -7.065 -4.299 -4.285 -5.550 -5.482
0.006 -0.40400 5.00000 70.0000000000 2.6332950592   69.849  5.836  4.7140  4.254    0  0.000  0.545     0.00     0.00 -1 -1.08e-06      0.00 7.349e-01 2.591e-01 1.079e-03 2.911e-04 2.640e-03 -1.000 6.000e-03 -9.820 -4.659 -4.517 -4.440 -4.405 -4.416 -4.825 -5.738 -5.655 -6.072 -7.988 -4.405 -4.425 -5.736 -5.811
0.006 -0.40400 5.00000 74.9999923706 2.6333501339   74.833  5.890  4.7188  4.249    0  0.000  0.545     0.00     0.00 -1  -1.3e-06      0.00 7.349e-01 2.591e-01 1.079e-03 2.911e-04 2.640e-03 -1.000 6.000e-03 -9.956 -4.766 -4.626 -4.549 -4.518 -4.530 -4.939 -5.852 -5.780 -6.211 -8.131 -4.517 -4.540 -5.852 -5.934
0.006 -0.40400 5.00000 80.0000000000 2.6333973408   79.532  5.936  4.7206  4.237    0  0.000  0.545     0.00     0.00 -1 -1.49e-06      0.00 7.349e-01 2.591e-01 1.079e-03 2.911e-04 2.640e-03 -1.000 6.000e-03 -10.070 -4.871 -4.732 -4.655 -4.625 -4.638 -5.047 -5.961 -5.896 -6.337 -8.259 -4.624 -4.647 -5.962 -6.048
0.006 -0.40400 5.00000 90.0000000000 2.6334741116   89.816  6.029  4.7272  4.224    0  0.000  0.545     0.00     0.00 -1 -1.97e-06      0.00 7.349e-01 2.591e-01 1.079e-03 2.911e-04 2.640e-03 -1.000 6.000e-03 -10.302 -5.066 -4.929 -4.853 -4.826 -4.840 -5.249 -6.164 -6.120 -6.582 -8.511 -4.824 -4.849 -6.168 -6.270
0.006 -0.40400 5.00000 99.9999923706 2.6335334778   99.745  6.106  4.7326  4.213    0  0.000  0.545     0.00     0.00 -1 -2.49e-06      0.00 7.349e-01 2.591e-01 1.079e-03 2.911e-04 2.640e-03 -1.000 6.000e-03 -10.495 -5.235 -5.100 -5.024 -4.998 -5.015 -5.427 -6.342 -6.323 -6.809 -8.744 -4.996 -5.025 -6.351 -6.470
0.006 -0.40400 5.00000 119.9999923706 2.6336188316  119.567  6.236  4.7420  4.200    0  0.000  0.545     0.00     0.00 -1 -3.63e-06      0.00 7.349e-01 2.591e-01 1.079e-03 2.911e-04 2.640e-03 -1.000 6.000e-03 -10.820 -5.513 -5.381 -5.309 -5.288 -5.312 -5.728 -6.644 -6.672 -7.208 -9.159 -5.285 -5.323 -6.662 -6.814
0.006 -0.40400 5.00000 150.0000000000 2.6336188316  149.365  6.387  4.7480  4.170    0  0.000  0.545     0.00     0.00 -1 -5.57e-06      0.00 7.349e-01 2.591e-01 1.079e-03 2.911e-04 2.640e-03 -1.000 6.000e-03 -11.196 -5.864 -5.734 -5.666 -5.651 -5.681 -6.101 -7.017 -7.087 -7.681 -9.652 -5.647 -5.692 -7.042 -7.225
0.006 -0.40400 5.00000 199.9999847412 2.6336188316  199.041  6.571  4.7504  4.120    0  0.000  0.545     0.00     0.00 -1 -9.58e-06      0.00 7.349e-01 2.591e-01 1.079e-03 2.911e-04 2.640e-03 -1.000 6.000e-03 -11.657 -6.327 -6.200 -6.134 -6.124 -6.158 -6.580 -7.497 -7.599 -8.252 -10.252 -6.119 -6.169 -7.527 -7.733
0.006 -0.40400 5.00000 240.5346679688 2.6336188316  239.146  6.683  4.7515  4.092    0  0.000  0.545     0.00     0.00 -1 -1.33e-05      0.00 7.349e-01 2.591e-01 1.079e-03 2.911e-04 2.640e-03 -1.000 6.000e-03 -11.937 -6.616 -6.505 -6.465 -6.517 -6.586 -7.029 -7.951 -8.308 -9.288 -11.386 -6.503 -6.602 -8.025 -8.409
0.006 -0.40400 5.00000 250.0000000000 2.6336188316  248.520  6.706  4.7518  4.086    0  0.000  0.545     0.00     0.00 -1 -1.42e-05      0.00 7.349e-01 2.591e-01 1.079e-03 2.911e-04 2.640e-03 -1.000 6.000e-03 -11.996 -6.675 -6.565 -6.526 -6.580 -6.652 -7.095 -8.017 -8.383 -9.376 -11.478 -6.566 -6.667 -8.093 -8.483
0.006 -0.40400 5.00000 300.0000000000 2.6336188316  297.961  6.814  4.7519  4.058    0  0.000  0.545     0.00     0.00 -1 -1.91e-05      0.00 7.349e-01 2.591e-01 1.079e-03 2.911e-04 2.640e-03 -1.000 6.000e-03 -12.264 -6.951 -6.844 -6.808 -6.873 -6.949 -7.395 -8.319 -8.725 -9.769 -11.885 -6.857 -6.965 -8.402 -8.820
0.006 -0.40400 5.00000 350.0000000000 2.6336188316  180.834  6.908  5.0582  4.972    1  0.000  2.610     0.00     0.00 -1  -0.00017      0.00 1.560e-01 3.824e-01 2.973e-01 6.180e-05 1.570e-01 10.982 4.616e-01 -12.501 -6.309 -6.371 -6.613 -7.003 -7.388 -7.482 -7.932 -9.699 -10.749 -11.745 -7.020 -7.383 -8.315 -9.428
0.006 -0.40400 5.00000 350.0010986328 2.6336188316  346.945  6.902  4.7395  3.986    0  0.000  0.545     0.00     0.00 -1  -1.3e-05      0.00 7.349e-01 2.591e-01 1.079e-03 2.911e-04 2.640e-03 -1.000 6.000e-03 -12.486 -7.232 -7.119 -7.078 -7.134 -7.204 -7.648 -8.570 -8.954 -10.004 -12.128 -7.120 -7.220 -8.647 -9.051
0.006 -0.40400 5.00000 350.0027160645 2.6336188316  345.445  6.904  4.7185  3.899    0  0.000  0.545     0.00     0.00 -1 -5.25e-06      0.00 7.349e-01 2.591e-01 1.079e-03 2.911e-04 2.640e-03 -1.000 6.000e-03 -12.490 -7.364 -7.223 -7.143 -7.099 -7.107 -7.516 -8.430 -8.392 -8.939 -10.930 -7.100 -7.117 -8.434 -8.540
0.006 -0.40400 5.00000 350.0045776367 2.6336188316  342.711  6.907  4.6916  3.784    0  0.000  0.545     0.00     0.00 -1 -1.87e-06      0.00 7.349e-01 2.591e-01 1.079e-03 2.911e-04 2.640e-03 -1.000 6.000e-03 -12.498 -7.536 -7.395 -7.317 -7.269 -7.278 -7.687 -8.600 -8.514 -8.997 -10.965 -7.270 -7.288 -8.597 -8.670
0.006 -0.40400 5.00000 350.0058898926 2.6336188316  339.820  6.911  4.6736  3.705    0  0.000  0.086     0.00     0.00 -1  -9.2e-07      0.00 7.253e-01 2.687e-01 9.795e-05 2.920e-03 9.542e-04 -1.000 6.000e-03 -12.507 -7.720 -7.582 -7.491 -7.409 -7.389 -7.782 -8.691 -8.389 -8.417 -10.175 -7.416 -7.396 -8.656 -8.574
0.006 -0.40400 5.00000 350.0068054199 2.6336188316  336.984  6.914  4.6592  3.640    0  0.000  0.169     0.00     0.00 -1 -5.71e-07      0.00 7.163e-01 2.778e-01 1.117e-04 3.264e-03 5.420e-04 -1.000 5.907e-03 -12.516 -7.839 -7.714 -7.637 -7.579 -7.576 -7.977 -8.889 -8.670 -8.755 -10.511 -7.582 -7.585 -8.870 -8.847
0.006 -0.40400 5.00000 350.0074768066 2.6336188316  334.297  6.918  4.6473  3.585    0  0.000  0.329     0.00     0.00 -1 -3.97e-07      0.00 7.060e-01 2.881e-01 1.207e-04 3.405e-03 3.687e-04 -1.000 5.908e-03 -12.525 -7.981 -7.872 -7.816 -7.807 -7.836 -8.255 -9.171 -9.144 -9.450 -11.272 -7.803 -7.848 -9.188 -9.300
0.006 -0.40400 5.00000 350.0080566406 2.6336188316  331.527  6.921  4.6359  3.533    0  0.000  0.547     0.00     0.00 -1 -2.95e-07      0.00 6.966e-01 2.976e-01 1.274e-04 3.448e-03 3.115e-04 -1.000 5.816e-03 -12.533 -8.091 -7.978 -7.922 -7.921 -7.956 -8.377 -9.294 -9.336 -9.806 -11.703 -7.916 -7.967 -9.320 -9.481
0.006 -0.40400 5.00000 350.0085754395 2.6336188316  328.586  6.925  4.6254  3.483    0  0.000  0.833     0.00     0.00 -1 -2.33e-07      0.00 6.853e-01 3.088e-01 1.331e-04 3.461e-03 2.893e-04 -1.000 5.909e-03 -12.542 -8.171 -8.049 -7.983 -7.964 -7.988 -8.405 -9.321 -9.346 -9.893 -11.843 -7.962 -7.999 -9.337 -9.489
0.006 -0.40400 5.00000 350.0090026855 2.6336188316  325.777  6.929  4.6160  3.438    0  0.000  1.050     0.00     0.00 -1 -1.91e-07      0.00 6.740e-01 3.202e-01 1.376e-04 3.458e-03 2.866e-04 -1.000 5.818e-03 -12.551 -8.247 -8.125 -8.059 -8.033 -8.050 -8.463 -9.377 -9.365 -9.905 -11.867 -8.032 -8.060 -9.386 -9.512
0.006 -0.40400 5.00000 350.0093383789 2.6336188316  323.016  6.932  4.6070  3.395    0  0.000  1.177     0.00     0.00 -1 -1.62e-07      0.00 6.616e-01 3.325e-01 1.414e-04 3.450e-03 2.902e-04 -1.000 5.909e-03 -12.561 -8.308 -8.185 -8.117 -8.082 -8.090 -8.499 -9.412 -9.347 -9.845 -11.802 -8.082 -8.100 -9.411 -9.498
0.006 -0.40400 5.00000 350.0096435547 2.6336188316  320.301  6.936  4.5985  3.354    0  0.000  1.230     0.00     0.00 -1 -1.41e-07      0.00 6.494e-01 3.447e-01 1.447e-04 3.442e-03 2.962e-04 -1.000 5.819e-03 -12.569 -8.405 -8.292 -8.256 -8.294 -8.398 -8.430 -8.625 -9.571 -12.033 -12.154 -8.291 -8.387 -8.869 -9.506
0.006 -0.40400 5.00000 350.0099487305 2.6336188316  317.410  6.939  4.5906  3.315    0  0.000  1.255     0.00     0.00 -1 -1.26e-07      0.00 6.351e-01 3.590e-01 1.478e-04 3.432e-03 3.029e-04 -1.000 5.910e-03 -12.578 -8.473 -8.360 -8.323 -8.357 -8.460 -8.489 -8.683 -9.628 -12.099 -12.236 -8.354 -8.447 -8.927 -9.563
0.006 -0.40400 5.00000 350.0101928711 2.6336188316  314.574  6.943  4.5827  3.276    0  0.000  1.266     0.00     0.00 -1 -1.13e-07      0.00 6.212e-01 3.729e-01 1.505e-04 3.425e-03 3.091e-04 -1.000 5.910e-03 -12.587 -8.541 -8.428 -8.389 -8.421 -8.521 -8.548 -8.741 -9.685 -12.165 -12.318 -8.417 -8.507 -8.985 -9.619
0.006 -0.40400 5.00000 350.0104064941 2.6336188316  311.668  6.946  4.5754  3.239    0  0.000  1.274     0.00     0.00 -1 -1.03e-07      0.00 6.055e-01 3.887e-01 1.530e-04 3.416e-03 3.150e-04 -1.000 5.821e-03 -12.596 -8.605 -8.491 -8.451 -8.480 -8.578 -8.603 -8.795 -9.738 -12.227 -12.395 -8.475 -8.563 -9.040 -9.673
0.006 -0.40400 5.00000 350.0106201172 2.6336188316  308.836  6.950  4.5677  3.201    0  0.000  1.280     0.00     0.00 -1  -9.3e-08      0.00 5.908e-01 4.033e-01 1.553e-04 3.410e-03 3.202e-04 -1.000 5.911e-03 -12.604 -8.671 -8.557 -8.515 -8.541 -8.638 -8.661 -8.851 -9.793 -12.291 -12.475 -8.536 -8.621 -9.096 -9.727
0.006 -0.40400 5.00000 350.0108032227 2.6336188316  306.070  6.953  4.5605  3.165    0  0.000  1.287     0.00     0.00 -1 -8.69e-08      0.00 5.759e-01 4.182e-01 1.573e-04 3.404e-03 3.248e-04 -1.000 5.911e-03 -12.613 -8.734 -8.619 -8.576 -8.600 -8.694 -8.715 -8.904 -9.846 -12.351 -12.550 -8.594 -8.676 -9.150 -9.780
0.006 -0.40400 5.00000 350.0109863281 2.6336188316  303.145  6.956  4.5535  3.129    0  0.000  1.294     0.00     0.00 -1 -8.14e-08      0.00 5.594e-01 4.348e-01 1.593e-04 3.398e-03 3.293e-04 -1.000 5.822e-03 -12.621 -8.794 -8.679 -8.635 -8.656 -8.749 -8.768 -8.955 -9.896 -12.410 -12.623 -8.650 -8.729 -9.202 -9.830
0.006 -0.40400 5.00000 350.0111999512 2.6336188316  299.113  6.961  4.5427  3.075    0  0.000  1.306     0.00     0.00 -1 -7.43e-08      0.00 5.359e-01 4.582e-01 1.618e-04 3.391e-03 3.349e-04 -1.000 5.911e-03 -12.634 -8.879 -8.765 -8.721 -8.743 -8.837 -8.855 -9.044 -9.993 -12.513 -12.734 -8.736 -8.816 -9.293 -9.926
0.006 -0.40400 5.00000 350.0114440918 2.6336188316  294.773  6.967  4.5327  3.024    0  0.000  1.320     0.00     0.00 -1 -6.94e-08      0.00 5.106e-01 4.835e-01 1.643e-04 3.384e-03 3.403e-04 -1.000 5.911e-03 -12.647 -8.954 -8.841 -8.799 -8.824 -8.923 -8.940 -9.132 -10.092 -12.615 -12.835 -8.816 -8.900 -9.383 -10.024
0.006 -0.40400 5.00000 350.0116271973 2.6336188316  290.328  6.972  4.5228  2.972    0  0.000  1.334     0.00     0.00 -1 -6.42e-08      0.00 4.857e-01 5.084e-01 1.666e-04 3.377e-03 3.452e-04 -1.000 5.912e-03 -12.660 -8.910 -8.798 -8.774 -8.789 -8.891 -8.913 -9.104 -10.110 -12.396 -12.713 -8.782 -8.871 -9.352 -10.015
0.006 -0.40400 5.00000 350.0117797852 2.6336188316  286.812  6.976  4.5114  2.917    0  0.000  1.346     0.00     0.00 -1 -6.01e-08      0.00 4.665e-01 5.276e-01 1.684e-04 3.373e-03 3.488e-04 -1.000 5.912e-03 -12.671 -8.982 -8.871 -8.848 -8.867 -8.973 -8.996 -9.189 -10.207 -12.497 -12.814 -8.859 -8.952 -9.440 -10.111
0.006 -0.40400 5.00000 350.0119323730 2.6336188316  282.898  6.981  4.5001  2.861    0  0.000  1.362     0.00     0.00 -1 -5.72e-08      0.00 4.430e-01 5.512e-01 1.702e-04 3.368e-03 3.525e-04 -1.000 5.824e-03 -12.683 -9.055 -8.945 -8.924 -8.946 -9.056 -9.079 -9.275 -10.305 -12.599 -12.915 -8.938 -9.033 -9.529 -10.208
0.006 -0.40400 5.00000 350.0120544434 2.6336188316  279.266  6.986  4.4893  2.807    0  0.000  1.378     0.00     0.00 -1 -5.39e-08      0.00 4.211e-01 5.730e-01 1.718e-04 3.364e-03 3.557e-04 -1.000 5.824e-03 -12.695 -9.167 -9.070 -9.073 -9.123 -9.257 -9.289 -9.525 -10.612 -12.932 -13.277 -9.110 -9.234 -9.792 -10.512
0.006 -0.40400 5.00000 350.0121765137 2.6336188316  276.062  6.990  4.4783  2.754    0  0.000  1.393     0.00     0.00 -1 -5.15e-08      0.00 4.018e-01 5.923e-01 1.732e-04 3.361e-03 3.583e-04 -1.000 5.912e-03 -12.705 -9.280 -9.197 -9.225 -9.303 -9.462 -9.503 -9.781 -10.927 -13.275 -13.647 -9.285 -9.439 -10.062 -10.824
0.006 -0.40400 5.00000 350.0122375488 2.6336188316  274.367  6.992  4.4646  2.694    0  0.000  1.400     0.00     0.00 -1 -4.78e-08      0.00 3.930e-01 6.011e-01 1.739e-04 3.359e-03 3.597e-04 -1.000 5.912e-03 -12.711 -8.352 -8.243 -8.321 -8.272 -8.380 -8.425 -8.607 -9.854 -10.574 -11.505 -8.273 -8.380 -8.819 -9.583
0.006 -0.40400 5.00000 350.0122680664 2.6336188316  273.441  6.994  4.4510  2.637    0  0.000  1.403     0.00     0.00 -1  -4.6e-08      0.00 3.900e-01 6.041e-01 1.743e-04 3.357e-03 3.605e-04 -1.000 5.912e-03 -12.714 -8.356 -8.247 -8.324 -8.275 -8.383 -8.428 -8.610 -9.857 -10.577 -11.508 -8.276 -8.383 -8.822 -9.586
0.006 -0.40400 5.00000 350.0123291016 2.6336188316  271.875  6.996  4.4383  2.581    0  0.000  1.410     0.00     0.00 -1 -4.27e-08      0.00 3.805e-01 6.136e-01 1.750e-04 3.355e-03 3.618e-04 -1.000 5.912e-03 -12.721 -8.363 -8.253 -8.331 -8.282 -8.390 -8.435 -8.617 -9.864 -10.584 -11.515 -8.283 -8.390 -8.829 -9.593
0.006 -0.40400 5.00000 350.0123596191 2.6336188316  270.504  6.999  4.4160  2.487    0  0.000  1.416     0.00     0.00 -1 -3.74e-08      0.00 3.741e-01 6.200e-01 1.756e-04 3.354e-03 3.631e-04 -1.000 5.912e-03 -12.727 -8.369 -8.260 -8.338 -8.288 -8.396 -8.441 -8.623 -9.870 -10.591 -11.521 -8.289 -8.396 -8.835 -9.600
0.006 -0.40400 5.00000 350.0123901367 2.6336188316  269.879  7.000  4.4074  2.450    0  0.000  1.420     0.00     0.00 -1 -3.54e-08      0.00 3.699e-01 6.242e-01 1.760e-04 3.353e-03 3.637e-04 -1.000 5.912e-03 -12.731 -8.372 -8.263 -8.341 -8.292 -8.400 -8.445 -8.627 -9.874 -10.594 -11.525 -8.293 -8.400 -8.839 -9.603
0.006 -0.40400 5.00000 350.0124206543 2.6336188316  269.082  7.002  4.3950  2.398    0  0.000  1.425     0.00     0.00 -1  -3.2e-08      0.00 3.643e-01 6.298e-01 1.764e-04 3.351e-03 3.646e-04 -1.000 5.912e-03 -12.736 -8.377 -8.268 -8.346 -8.297 -8.405 -8.450 -8.632 -9.879 -10.599 -11.530 -8.298 -8.405 -8.844 -9.608
0.006 -0.40400 5.00000 350.0124511719 2.6336188316  268.281  7.004  4.3769  2.322    0  0.000  1.428     0.00     0.00 -1 -2.78e-08      0.00 3.605e-01 6.336e-01 1.768e-04 3.350e-03 3.654e-04 -1.000 5.912e-03 -12.740 -8.382 -8.273 -8.350 -8.301 -8.409 -8.454 -8.636 -9.883 -10.603 -11.534 -8.302 -8.409 -8.848 -9.612
0.006 -0.40400 5.00000 350.0124816895 2.6336188316  263.262  7.006  4.4360  2.549    0  0.000  1.457     0.00     0.00 -1 -2.66e-07      0.00 3.325e-01 6.616e-01 1.776e-04 3.350e-03 3.658e-04 -1.000 5.913e-03 -12.744 -8.386 -8.277 -8.354 -8.305 -8.413 -8.458 -8.640 -9.887 -10.607 -11.538 -8.306 -8.413 -8.852 -9.616
0.006 -0.40400 5.00000 350.0125122070 2.6336188316  255.344  7.007  4.5219  2.878    0  0.000  1.510     0.00     0.00 -1 -2.89e-07      0.00 2.887e-01 7.054e-01 1.786e-04 3.350e-03 3.658e-04 -1.000 5.912e-03 -12.747 -8.366 -8.256 -8.333 -8.281 -8.387 -8.431 -8.610 -9.844 -10.547 -11.471 -8.283 -8.388 -8.818 -9.574
0.006 -0.40400 5.00000 350.0125427246 2.6336188316  244.348  7.008  4.6353  3.311    0  0.000  1.605     0.00     0.00 -1 -3.26e-07      0.00 2.294e-01 7.647e-01 1.803e-04 3.350e-03 3.655e-04 -1.000 5.913e-03 -12.750 -8.254 -8.143 -8.221 -8.171 -8.282 -8.325 -8.508 -9.747 -10.443 -11.352 -8.174 -8.282 -8.711 -9.477
0.006 -0.40400 5.00000 350.0125732422 2.6336188316  230.570  7.042  4.8994  4.308    1  0.000  1.294     0.00     0.00 -1 -4.15e-07      0.00 1.409e-01 8.532e-01 1.693e-04 3.370e-03 3.641e-04 -1.000 5.895e-03 -12.836 -6.407 -6.282 -6.235 -6.276 -6.375 -6.440 -6.626 -8.054 -9.025 -10.020 -6.278 -6.377 -6.859 -7.781
0.006 -0.40400 5.00000 350.0126037598 2.6336188316  216.279  7.014  4.9769  4.619    1  0.000 27.043     0.00     0.00 -1 -3.47e-07      0.00 9.273e-02 8.044e-01 9.128e-02 3.673e-05 4.270e-03 10.898 1.028e-01 -12.765 -5.724 -5.592 -5.529 -5.547 -5.607 -5.668 -5.787 -7.055 -7.965 -8.959 -5.544 -5.610 -5.942 -6.783
0.006 -0.40400 5.00000 350.0126647949 2.6336188316  201.160  6.981  4.9726  4.603    1  0.000 13.564     0.00     0.00 -1 -2.61e-07      0.00 9.303e-02 7.247e-01 1.608e-01 3.685e-05 1.420e-02 11.129 1.823e-01 -12.682 -5.675 -5.542 -5.480 -5.498 -5.558 -5.619 -5.740 -7.011 -7.922 -8.917 -5.495 -5.561 -5.896 -6.738
0.006 -0.40400 5.00000 350.0126953125 2.6336188316  187.377  6.950  4.9673  4.582    1  0.000  7.231     0.00     0.00 -1 -1.79e-07      0.00 9.342e-02 6.162e-01 2.431e-01 3.700e-05 3.982e-02 11.279 2.904e-01 -12.604 -5.636 -5.504 -5.442 -5.460 -5.521 -5.582 -5.704 -6.978 -7.891 -8.888 -5.458 -5.524 -5.861 -6.706
0.006 -0.40400 5.00000 350.0127868652 2.6336188316  174.426  6.920  4.9611  4.556    1  0.000  3.758     0.00     0.00 -1 -1.04e-07      0.00 9.398e-02 4.755e-01 3.213e-01 3.722e-05 1.016e-01 11.337 4.306e-01 -12.531 -5.610 -5.478 -5.416 -5.434 -5.496 -5.557 -5.680 -6.959 -7.874 -8.872 -5.432 -5.499 -5.840 -6.686
0.006 -0.40400 5.00000 350.0128784180 2.6336188316  160.496  6.887  4.9562  4.533    1  0.000  1.499     0.00     0.00 -1 -1.29e-07      0.00 9.469e-02 2.807e-01 3.399e-01 3.750e-05 2.766e-01 11.067 6.246e-01 -12.448 -5.565 -5.432 -5.371 -5.389 -5.451 -5.512 -5.637 -6.918 -7.835 -8.835 -5.388 -5.454 -5.798 -6.646
0.006 -0.40400 5.00000 350.0129394531 2.6336188316  148.375  6.854  4.9590  4.543    1  0.000  0.766     0.00     0.00 -1  -1.5e-07      0.00 9.512e-02 1.732e-01 2.706e-01 3.767e-05 4.518e-01 -1.000 7.317e-01 -12.365 -5.460 -5.328 -5.266 -5.285 -5.347 -5.408 -5.531 -6.811 -7.727 -8.726 -5.283 -5.350 -5.692 -6.539
0.006 -0.40400 5.00000 350.0129699707 2.6336188316  139.902  6.829  4.9646  4.565    1  0.000  0.488     0.00     0.00 -1 -1.55e-07      0.00 9.538e-02 1.213e-01 2.041e-01 3.777e-05 5.676e-01 -1.000 7.833e-01 -12.303 -5.356 -5.224 -5.162 -5.180 -5.241 -5.302 -5.425 -6.701 -7.615 -8.612 -5.178 -5.244 -5.583 -6.429
0.006 -0.40400 5.00000 350.0130004883 2.6336188316  133.250  6.809  4.9723  4.595    1  0.000  0.332     0.00     0.00 -1 -1.59e-07      0.00 9.556e-02 8.818e-02 1.469e-01 3.785e-05 6.518e-01 -1.000 8.163e-01 -12.253 -5.247 -5.115 -5.053 -5.070 -5.131 -5.192 -5.313 -6.583 -7.495 -8.490 -5.068 -5.134 -5.469 -6.311
0.006 -0.40400 5.00000 350.0130310059 2.6336188316  124.467  6.839  4.5506  2.849    3  0.000  0.202     0.00     0.00 -1 -2.63e-07      0.00 9.579e-02 5.263e-02 8.134e-02 3.794e-05 7.186e-01 -1.000 8.516e-01 -12.327 -7.828 -7.719 -7.816 -7.756 -7.869 -7.917 -8.098 -9.322 -10.001 -10.922 -7.759 -7.870 -8.298 -9.052
#isochrone terminated
