# File generated by CMD 3.3 (http://stev.oapd.inaf.it/cmd) on Wed Apr 22 16:19:07 CEST 2020
# isochrones based on PARSEC release v1.2S +  COLIBRI S_35
# Basic references: Bressan et al. (2012), MNRAS, 427, 127 + Chen et al. (2014, 2015), MNRAS, 444, 2525 + MNRAS, 452, 1068 + Tang et al. (2014), MNRAS, 445, 4287 + Marigo et al. (2017), ApJ, 835, 77 + Pastorelli al. (2019), MNRAS in press
# Thermal pulse cycles included 
# On RGB, assumed Reimers mass loss with efficiency eta=0.2
# Photometric system:  2MASS + Spitzer (IRAC+MIPS) + WISE
# Using YBC version of bolometric corrections as in Chen et al. (2019)
# O-rich circumstellar dpmod60alox40 dust from Groenewegen (2006)
# C-rich circumstellar AMCSIC15 dust from Groenewegen (2006)
# IMF: Kroupa (2001, 2002) + Kroupa et al. (2013) canonical two-part-power law IMF corrected for unresolved binaries 
# Kind of output: isochrone tables
# Zini     MH   logAge Mini        int_IMF         Mass   logL    logTe  logg  label   McoreTP C_O  period0 period1 pmode  Mloss  tau1m   X   Y   Xc  Xn  Xo  Cexcess  Z 	 mbolmag  Jmag    Hmag    Ksmag   IRAC_3.6mag  IRAC_4.5mag  IRAC_5.8mag  IRAC_8.0mag  MIPS_24mag  MIPS_70mag  MIPS_160mag  W1mag   W2mag   W3mag   W4mag
0.007 -0.33541 6.00000 0.0900000036 1.0816895962    0.090 -1.213  3.4696  3.436    0  0.000  0.545     0.00     0.00 -1 -4.96e-14      0.00 7.318e-01 2.611e-01 1.272e-03 3.431e-04 3.112e-03 -1.000 7.072e-03 7.802 5.790 5.262 4.969 4.593 4.439 4.401 4.340 3.733 3.712 3.781 4.716 4.443 4.308 3.923
0.007 -0.33541 6.00000 0.0996483564 1.1681623459    0.100 -1.133  3.4754  3.423    0  0.000  0.545     0.00     0.00 -1 -5.76e-14      0.00 7.318e-01 2.611e-01 1.272e-03 3.431e-04 3.112e-03 -1.000 7.072e-03 7.602 5.601 5.062 4.780 4.420 4.269 4.233 4.175 3.574 3.557 3.631 4.540 4.274 4.147 3.764
0.007 -0.33541 6.00000 0.1098960936 1.2488274574    0.110 -1.043  3.4816  3.400    0  0.000  0.545     0.00     0.00 -1 -6.91e-14      0.00 7.318e-01 2.611e-01 1.272e-03 3.431e-04 3.112e-03 -1.000 7.072e-03 7.378 5.389 4.836 4.567 4.225 4.078 4.044 3.989 3.393 3.382 3.462 4.343 4.083 3.965 3.583
0.007 -0.33541 6.00000 0.1189450845 1.3123229742    0.119 -0.968  3.4868  3.380    0  0.000  0.545     0.00     0.00 -1 -8.08e-14      0.00 7.318e-01 2.611e-01 1.272e-03 3.431e-04 3.112e-03 -1.000 7.072e-03 7.191 5.213 4.646 4.386 4.061 3.918 3.884 3.831 3.241 3.235 3.321 4.175 3.922 3.811 3.431
0.007 -0.33541 6.00000 0.1244821250 1.3481580019    0.124 -0.929  3.4897  3.372    0  0.000  0.545     0.00     0.00 -1 -8.73e-14      0.00 7.318e-01 2.611e-01 1.272e-03 3.431e-04 3.112e-03 -1.000 7.072e-03 7.093 5.121 4.547 4.292 3.975 3.834 3.801 3.749 3.162 3.159 3.248 4.088 3.839 3.732 3.352
0.007 -0.33541 6.00000 0.1382417977 1.4288911819    0.138 -0.833  3.4964  3.349    0  0.000  0.545     0.00     0.00 -1 -1.06e-13      0.00 7.318e-01 2.611e-01 1.272e-03 3.431e-04 3.112e-03 -1.000 7.072e-03 6.854 4.898 4.301 4.057 3.764 3.631 3.600 3.552 2.972 2.975 3.070 3.875 3.636 3.539 3.162
0.007 -0.33541 6.00000 0.1418119222 1.4481444359    0.142 -0.813  3.4980  3.346    0  0.000  0.545     0.00     0.00 -1  -1.1e-13      0.00 7.318e-01 2.611e-01 1.272e-03 3.431e-04 3.112e-03 -1.000 7.072e-03 6.803 4.851 4.249 4.008 3.720 3.589 3.558 3.512 2.933 2.938 3.034 3.831 3.594 3.500 3.123
0.007 -0.33541 6.00000 0.1610603333 1.5420804024    0.161 -0.720  3.5056  3.338    0  0.000  0.545     0.00     0.00 -1 -1.29e-13      0.00 7.318e-01 2.612e-01 1.272e-03 3.431e-04 3.112e-03 -1.000 7.072e-03 6.569 4.638 4.011 3.780 3.517 3.396 3.366 3.322 2.752 2.766 2.868 3.623 3.401 3.316 2.942
0.007 -0.33541 6.00000 0.1658125967 1.5630433559    0.166 -0.708  3.5070  3.345    0  0.000  0.545     0.00     0.00 -1  -1.3e-13      0.00 7.318e-01 2.612e-01 1.272e-03 3.431e-04 3.112e-03 -1.000 7.072e-03 6.540 4.614 3.983 3.754 3.494 3.375 3.345 3.302 2.734 2.750 2.852 3.599 3.380 3.296 2.924
0.007 -0.33541 6.00000 0.1698505878 1.5802509785    0.170 -0.692  3.5085  3.345    0  0.000  0.545     0.00     0.00 -1 -1.33e-13      0.00 7.318e-01 2.612e-01 1.272e-03 3.431e-04 3.112e-03 -1.000 7.079e-03 6.500 4.578 3.942 3.714 3.460 3.342 3.313 3.270 2.704 2.722 2.826 3.564 3.347 3.265 2.893
0.007 -0.33541 6.00000 0.1749793738 1.6013554335    0.175 -0.664  3.5108  3.340    0  0.000  0.545     0.00     0.00 -1 -1.41e-13      0.00 7.318e-01 2.611e-01 1.272e-03 3.431e-04 3.112e-03 -1.000 7.095e-03 6.430 4.515 3.870 3.646 3.399 3.285 3.256 3.214 2.650 2.671 2.777 3.502 3.290 3.211 2.840
0.007 -0.33541 6.00000 0.1832652092 1.6338056326    0.183 -0.615  3.5146  3.326    0  0.000  0.545     0.00     0.00 -1 -1.56e-13      0.00 7.318e-01 2.611e-01 1.272e-03 3.431e-04 3.112e-03 -1.000 7.073e-03 6.309 4.406 3.746 3.526 3.292 3.184 3.155 3.113 2.554 2.582 2.691 3.391 3.190 3.113 2.744
0.007 -0.33541 6.00000 0.1947377771 1.6757154465    0.194 -0.550  3.5196  3.307    0  0.000  0.545     0.00     0.00 -1  -1.8e-13      0.00 7.318e-01 2.611e-01 1.272e-03 3.431e-04 3.112e-03 -1.000 7.072e-03 6.145 4.259 3.579 3.365 3.147 3.048 3.018 2.977 2.425 2.461 2.574 3.242 3.054 2.981 2.615
0.007 -0.33541 6.00000 0.1992190033 1.6912229061    0.199 -0.547  3.5204  3.317    0  0.000  0.545     0.00     0.00 -1 -1.78e-13      0.00 7.318e-01 2.611e-01 1.272e-03 3.431e-04 3.112e-03 -1.000 7.072e-03 6.137 4.253 3.572 3.358 3.142 3.044 3.014 2.973 2.422 2.458 2.573 3.236 3.049 2.977 2.612
0.007 -0.33541 6.00000 0.2076219022 1.7191140652    0.207 -0.552  3.5213  3.344    0  0.000  0.545     0.00     0.00 -1 -1.66e-13      0.00 7.318e-01 2.612e-01 1.272e-03 3.431e-04 3.112e-03 -1.000 7.072e-03 6.151 4.271 3.592 3.377 3.160 3.063 3.033 2.992 2.442 2.480 2.594 3.254 3.069 2.997 2.632
0.007 -0.33541 6.00000 0.2158881724 1.7451556921    0.215 -0.547  3.5229  3.362    0  0.000  0.545     0.00     0.00 -1 -1.62e-13      0.00 7.317e-01 2.612e-01 1.272e-03 3.431e-04 3.112e-03 -1.000 7.072e-03 6.137 4.262 3.581 3.367 3.153 3.059 3.028 2.987 2.440 2.480 2.595 3.246 3.064 2.993 2.630
0.007 -0.33541 6.00000 0.2239381373 1.7692991495    0.223 -0.530  3.5252  3.370    0  0.000  0.545     0.00     0.00 -1 -1.64e-13      0.00 7.317e-01 2.612e-01 1.272e-03 3.431e-04 3.112e-03 -1.000 7.072e-03 6.095 4.228 3.541 3.329 3.120 3.030 2.999 2.960 2.416 2.458 2.574 3.211 3.035 2.967 2.606
0.007 -0.33541 6.00000 0.2317140400 1.7915726900    0.231 -0.501  3.5281  3.368    0  0.000  0.545     0.00     0.00 -1 -1.72e-13      0.00 7.317e-01 2.612e-01 1.272e-03 3.431e-04 3.112e-03 -1.000 7.072e-03 6.023 4.165 3.468 3.259 3.060 2.975 2.945 2.907 2.367 2.412 2.530 3.149 2.981 2.916 2.557
0.007 -0.33541 6.00000 0.2393391132 1.8124902248    0.239 -0.464  3.5315  3.358    0  0.000  0.545     0.00     0.00 -1 -1.87e-13      0.00 7.317e-01 2.612e-01 1.272e-03 3.431e-04 3.112e-03 -1.000 7.080e-03 5.929 4.082 3.372 3.167 2.979 2.901 2.872 2.834 2.300 2.348 2.467 3.065 2.907 2.846 2.489
0.007 -0.33541 6.00000 0.2497991771 1.8398158550    0.249 -0.426  3.5351  3.353    0  0.000  0.545     0.00     0.00 -1 -2.01e-13      0.00 7.317e-01 2.612e-01 1.272e-03 3.431e-04 3.112e-03 -1.000 7.115e-03 5.836 4.000 3.278 3.077 2.899 2.829 2.799 2.762 2.233 2.286 2.407 2.983 2.835 2.776 2.423
0.007 -0.33541 6.00000 0.2631191313 1.8725336790    0.262 -0.420  3.5373  3.379    0  0.000  0.545     0.00     0.00 -1 -1.93e-13      0.00 7.317e-01 2.612e-01 1.272e-03 3.431e-04 3.112e-03 -1.000 7.090e-03 5.821 3.992 3.269 3.068 2.893 2.827 2.797 2.760 2.234 2.290 2.411 2.975 2.833 2.775 2.424
0.007 -0.33541 6.00000 0.2762041390 1.9026427269    0.276 -0.417  3.5395  3.405    0  0.000  0.545     0.00     0.00 -1 -1.84e-13      0.00 7.317e-01 2.612e-01 1.272e-03 3.431e-04 3.112e-03 -1.000 7.072e-03 5.812 3.991 3.266 3.066 2.894 2.831 2.800 2.764 2.242 2.299 2.421 2.974 2.836 2.781 2.431
0.007 -0.33541 6.00000 0.2889776826 1.9302978516    0.288 -0.405  3.5423  3.424    0  0.000  0.545     0.00     0.00 -1 -1.81e-13      0.00 7.317e-01 2.612e-01 1.272e-03 3.431e-04 3.112e-03 -1.000 7.072e-03 5.783 3.971 3.242 3.044 2.877 2.819 2.788 2.752 2.234 2.294 2.417 2.954 2.824 2.770 2.423
0.007 -0.33541 6.00000 0.3097116053 1.9719635248    0.309 -0.378  3.5472  3.447    0  0.000  0.545     0.00     0.00 -1 -1.81e-13      0.00 7.317e-01 2.612e-01 1.272e-03 3.431e-04 3.112e-03 -1.000 7.072e-03 5.716 3.920 3.182 2.988 2.831 2.782 2.751 2.715 2.205 2.271 2.395 2.904 2.788 2.737 2.394
0.007 -0.33541 6.00000 0.3312096894 2.0114998817    0.331 -0.355  3.5519  3.472    0  0.000  0.545     0.00     0.00 -1 -1.79e-13      0.00 7.317e-01 2.612e-01 1.272e-03 3.431e-04 3.112e-03 -1.000 7.072e-03 5.659 3.878 3.132 2.943 2.795 2.754 2.722 2.686 2.183 2.255 2.380 2.864 2.760 2.711 2.373
0.007 -0.33541 6.00000 0.3408574164 2.0281734467    0.340 -0.348  3.5538  3.485    0  0.000  0.545     0.00     0.00 -1 -1.77e-13      0.00 7.317e-01 2.612e-01 1.272e-03 3.431e-04 3.112e-03 -1.000 7.073e-03 5.639 3.865 3.116 2.929 2.785 2.747 2.715 2.679 2.179 2.253 2.378 2.852 2.753 2.705 2.368
0.007 -0.33541 6.00000 0.3701555133 2.0752675533    0.370 -0.314  3.5608  3.514    0  0.000  0.545     0.00     0.00 -1 -1.78e-13      0.00 7.317e-01 2.612e-01 1.272e-03 3.431e-04 3.112e-03 -1.000 7.076e-03 5.554 3.803 3.041 2.861 2.732 2.707 2.673 2.636 2.147 2.228 2.354 2.792 2.712 2.667 2.336
0.007 -0.33541 6.00000 0.3890992403 2.1032118797    0.388 -0.297  3.5649  3.536    0  0.000  0.545     0.00     0.00 -1 -1.76e-13      0.00 7.317e-01 2.612e-01 1.272e-03 3.431e-04 3.112e-03 -1.000 7.072e-03 5.512 3.775 3.007 2.832 2.709 2.691 2.657 2.618 2.134 2.221 2.346 2.765 2.696 2.651 2.324
0.007 -0.33541 6.00000 0.3979451656 2.1156618595    0.397 -0.285  3.5672  3.543    0  0.000  0.545     0.00     0.00 -1 -1.77e-13      0.00 7.317e-01 2.612e-01 1.272e-03 3.431e-04 3.112e-03 -1.000 7.072e-03 5.482 3.752 2.981 2.808 2.689 2.675 2.641 2.601 2.121 2.210 2.335 2.743 2.680 2.636 2.310
0.007 -0.33541 6.00000 0.4373410344 2.1670360565    0.437 -0.235  3.5768  3.572    0  0.000  0.545     0.00     0.00 -1 -1.83e-13      0.00 7.317e-01 2.612e-01 1.272e-03 3.431e-04 3.112e-03 -1.000 7.072e-03 5.357 3.655 2.876 2.714 2.612 2.613 2.578 2.536 2.070 2.169 2.294 2.656 2.618 2.576 2.259
0.007 -0.33541 6.00000 0.4527226686 2.1854870319    0.452 -0.213  3.5809  3.581    0  0.000  0.545     0.00     0.00 -1 -1.88e-13      0.00 7.317e-01 2.612e-01 1.272e-03 3.431e-04 3.112e-03 -1.000 7.072e-03 5.301 3.611 2.831 2.673 2.577 2.585 2.550 2.507 2.046 2.149 2.274 2.618 2.590 2.549 2.235
0.007 -0.33541 6.00000 0.4855828285 2.2223072052    0.485 -0.169  3.5889  3.600    0  0.000  0.545     0.00     0.00 -1 -1.96e-13      0.00 7.317e-01 2.612e-01 1.272e-03 3.431e-04 3.112e-03 -1.000 7.072e-03 5.192 3.525 2.748 2.597 2.510 2.528 2.492 2.445 1.995 2.105 2.228 2.543 2.533 2.492 2.184
0.007 -0.33541 6.00000 0.5095269084 2.2470643520    0.509 -0.137  3.5945  3.611    0  0.000  0.545     0.00     0.00 -1 -2.03e-13      0.00 7.317e-01 2.612e-01 1.272e-03 3.431e-04 3.112e-03 -1.000 7.072e-03 5.112 3.458 2.687 2.541 2.460 2.483 2.447 2.400 1.956 2.070 2.193 2.489 2.488 2.449 2.145
0.007 -0.33541 6.00000 0.5338246226 2.2697980404    0.533 -0.104  3.6002  3.622    0  0.000  0.545     0.00     0.00 -1 -2.11e-13      0.00 7.317e-01 2.612e-01 1.272e-03 3.431e-04 3.112e-03 -1.000 7.072e-03 5.031 3.389 2.627 2.486 2.410 2.438 2.403 2.355 1.919 2.036 2.159 2.436 2.444 2.407 2.108
0.007 -0.33541 6.00000 0.5453515053 2.2797720432    0.545 -0.090  3.6026  3.627    0  0.000  0.545     0.00     0.00 -1 -2.15e-13      0.00 7.317e-01 2.612e-01 1.272e-03 3.431e-04 3.112e-03 -1.000 7.072e-03 4.996 3.360 2.601 2.462 2.389 2.419 2.384 2.336 1.901 2.020 2.144 2.413 2.424 2.388 2.091
0.007 -0.33541 6.00000 0.5632190108 2.2943081856    0.562 -0.068  3.6066  3.634    0  0.000  0.545     0.00     0.00 -1 -2.21e-13      0.00 7.317e-01 2.612e-01 1.272e-03 3.431e-04 3.112e-03 -1.000 7.072e-03 4.940 3.313 2.561 2.426 2.356 2.389 2.355 2.306 1.875 1.996 2.120 2.377 2.394 2.360 2.064
0.007 -0.33541 6.00000 0.5820664167 2.3085346222    0.581 -0.045  3.6110  3.643    0  0.000  0.545     0.00     0.00 -1 -2.26e-13      0.00 7.317e-01 2.612e-01 1.272e-03 3.431e-04 3.112e-03 -1.000 7.072e-03 4.882 3.266 2.520 2.389 2.323 2.360 2.326 2.277 1.850 1.974 2.097 2.343 2.365 2.333 2.040
0.007 -0.33541 6.00000 0.5909374356 2.3148705959    0.590 -0.035  3.6127  3.646    0  0.000  0.545     0.00     0.00 -1 -2.29e-13      0.00 7.317e-01 2.612e-01 1.272e-03 3.431e-04 3.112e-03 -1.000 7.072e-03 4.857 3.244 2.502 2.372 2.307 2.345 2.312 2.262 1.837 1.961 2.085 2.326 2.350 2.319 2.026
0.007 -0.33541 6.00000 0.6107400656 2.3282537460    0.610 -0.010  3.6168  3.652    0  0.000  0.545     0.00     0.00 -1 -2.37e-13      0.00 7.317e-01 2.612e-01 1.272e-03 3.431e-04 3.112e-03 -1.000 7.072e-03 4.795 3.192 2.457 2.331 2.270 2.310 2.278 2.228 1.807 1.933 2.057 2.286 2.315 2.286 1.996
0.007 -0.33541 6.00000 0.6303082108 2.3405330181    0.630  0.014  3.6211  3.660    0  0.000  0.545     0.00     0.00 -1 -2.45e-13      0.00 7.317e-01 2.612e-01 1.272e-03 3.431e-04 3.112e-03 -1.000 7.072e-03 4.736 3.142 2.416 2.293 2.236 2.279 2.247 2.198 1.780 1.907 2.032 2.250 2.284 2.257 1.969
0.007 -0.33541 6.00000 0.6469322443 2.3502964973    0.646  0.033  3.6241  3.664    0  0.000  0.545     0.00     0.00 -1 -2.51e-13      0.00 7.317e-01 2.612e-01 1.272e-03 3.431e-04 3.112e-03 -1.000 7.072e-03 4.689 3.102 2.382 2.262 2.207 2.251 2.220 2.171 1.754 1.883 2.008 2.220 2.256 2.231 1.943
0.007 -0.33541 6.00000 0.6671897173 2.3614406586    0.667  0.056  3.6281  3.671    0  0.000  0.545     0.00     0.00 -1 -2.58e-13      0.00 7.317e-01 2.612e-01 1.272e-03 3.431e-04 3.112e-03 -1.000 7.072e-03 4.631 3.054 2.342 2.225 2.173 2.219 2.190 2.140 1.725 1.856 1.981 2.185 2.224 2.201 1.914
0.007 -0.33541 6.00000 0.6785501242 2.3673565388    0.678  0.069  3.6304  3.674    0  0.000  0.545     0.00     0.00 -1 -2.63e-13      0.00 7.317e-01 2.612e-01 1.272e-03 3.431e-04 3.112e-03 -1.000 7.072e-03 4.598 3.026 2.318 2.204 2.154 2.201 2.172 2.123 1.708 1.840 1.965 2.164 2.206 2.183 1.897
0.007 -0.33541 6.00000 0.7040488124 2.3798391819    0.704  0.101  3.6373  3.685    0  0.000  0.543     0.00     0.00 -1 -2.75e-13      0.00 7.317e-01 2.612e-01 1.266e-03 3.429e-04 3.112e-03 -1.000 7.072e-03 4.517 2.964 2.275 2.166 2.119 2.166 2.139 2.090 1.677 1.811 1.937 2.128 2.171 2.151 1.866
0.007 -0.33541 6.00000 0.7267918587 2.3901269436    0.726  0.133  3.6438  3.694    0  0.000  0.541     0.00     0.00 -1 -2.88e-13      0.00 7.317e-01 2.612e-01 1.262e-03 3.428e-04 3.112e-03 -1.000 7.072e-03 4.439 2.902 2.234 2.129 2.085 2.131 2.105 2.057 1.644 1.780 1.906 2.092 2.136 2.118 1.833
0.007 -0.33541 6.00000 0.7521916628 2.4007751942    0.752  0.160  3.6489  3.702    0  0.000  0.539     0.00     0.00 -1 -2.99e-13      0.00 7.317e-01 2.612e-01 1.258e-03 3.427e-04 3.112e-03 -1.000 7.072e-03 4.370 2.848 2.196 2.096 2.053 2.098 2.073 2.026 1.613 1.750 1.877 2.059 2.103 2.087 1.802
0.007 -0.33541 6.00000 0.7755740285 2.4098718166    0.775  0.187  3.6539  3.707    0  0.000  0.538     0.00     0.00 -1 -3.12e-13      0.00 7.317e-01 2.612e-01 1.255e-03 3.426e-04 3.112e-03 -1.000 7.072e-03 4.302 2.793 2.158 2.061 2.019 2.063 2.039 1.993 1.580 1.717 1.845 2.024 2.067 2.054 1.769
0.007 -0.33541 6.00000 0.7996206284 2.4185917377    0.799  0.207  3.6565  3.711    0  0.000  0.538     0.00     0.00 -1  -3.2e-13      0.00 7.317e-01 2.612e-01 1.255e-03 3.426e-04 3.112e-03 -1.000 7.072e-03 4.252 2.751 2.125 2.030 1.988 2.032 2.008 1.963 1.550 1.687 1.815 1.993 2.036 2.024 1.739
0.007 -0.33541 6.00000 0.8243562579 2.4269537926    0.824  0.228  3.6592  3.715    0  0.000  0.538     0.00     0.00 -1 -3.29e-13      0.00 7.317e-01 2.612e-01 1.255e-03 3.426e-04 3.112e-03 -1.000 7.072e-03 4.200 2.707 2.090 1.997 1.956 1.998 1.975 1.931 1.518 1.655 1.784 1.960 2.003 1.992 1.707
0.007 -0.33541 6.00000 0.8638873696 2.4391813278    0.863  0.259  3.6632  3.720    0  0.000  0.538     0.00     0.00 -1 -3.44e-13      0.00 7.317e-01 2.612e-01 1.255e-03 3.426e-04 3.112e-03 -1.000 7.072e-03 4.122 2.640 2.037 1.946 1.905 1.947 1.925 1.882 1.469 1.607 1.735 1.910 1.952 1.943 1.658
0.007 -0.33541 6.00000 0.8731384277 2.4418597221    0.872  0.267  3.6642  3.720    0  0.000  0.538     0.00     0.00 -1 -3.49e-13      0.00 7.317e-01 2.612e-01 1.255e-03 3.426e-04 3.112e-03 -1.000 7.072e-03 4.101 2.622 2.023 1.932 1.892 1.934 1.912 1.869 1.456 1.593 1.722 1.896 1.938 1.929 1.645
0.007 -0.33541 6.00000 0.9201792479 2.4545257092    0.919  0.304  3.6686  3.724    0  0.000  0.538     0.00     0.00 -1 -3.67e-13      0.00 7.317e-01 2.612e-01 1.255e-03 3.426e-04 3.112e-03 -1.000 7.072e-03 4.011 2.544 1.960 1.872 1.832 1.873 1.852 1.811 1.398 1.536 1.665 1.837 1.877 1.871 1.587
0.007 -0.33541 6.00000 0.9219205379 2.4549660683    0.921  0.305  3.6688  3.724    0  0.000  0.538     0.00     0.00 -1 -3.68e-13      0.00 7.317e-01 2.612e-01 1.255e-03 3.426e-04 3.112e-03 -1.000 7.072e-03 4.007 2.542 1.958 1.870 1.830 1.871 1.850 1.809 1.396 1.534 1.663 1.835 1.875 1.869 1.585
0.007 -0.33541 6.00000 0.9354540110 2.4583246708    0.935  0.314  3.6700  3.726    0  0.000  0.538     0.00     0.00 -1 -3.72e-13      0.00 7.317e-01 2.612e-01 1.255e-03 3.426e-04 3.112e-03 -1.000 7.072e-03 3.984 2.522 1.943 1.855 1.816 1.856 1.836 1.794 1.381 1.519 1.649 1.820 1.860 1.855 1.570
0.007 -0.33541 6.00000 0.9707027674 2.4665691853    0.970  0.341  3.6731  3.728    0  0.000  0.538     0.00     0.00 -1 -3.88e-13      0.00 7.317e-01 2.612e-01 1.255e-03 3.426e-04 3.112e-03 -1.000 7.072e-03 3.917 2.465 1.896 1.810 1.771 1.811 1.791 1.750 1.337 1.475 1.605 1.775 1.815 1.811 1.526
0.007 -0.33541 6.00000 0.9989361763 2.4726924896    0.998  0.360  3.6753  3.731    0  0.000  0.538     0.00     0.00 -1 -3.91e-13      0.00 7.317e-01 2.612e-01 1.255e-03 3.426e-04 3.112e-03 -1.000 7.072e-03 3.870 2.425 1.863 1.779 1.741 1.780 1.760 1.720 1.307 1.446 1.575 1.744 1.784 1.781 1.496
0.007 -0.33541 6.00000 1.0194849968 2.4769048691    1.019  0.374  3.6770  3.732    0  0.000  0.538     0.00     0.00 -1 -3.94e-13      0.00 7.317e-01 2.612e-01 1.255e-03 3.426e-04 3.112e-03 -1.000 7.072e-03 3.835 2.395 1.839 1.755 1.717 1.756 1.737 1.697 1.284 1.423 1.553 1.721 1.760 1.758 1.473
0.007 -0.33541 6.00000 1.0340944529 2.4797828197    1.034  0.383  3.6781  3.733    0  0.000  0.538     0.00     0.00 -1  -3.9e-13      0.00 7.317e-01 2.612e-01 1.255e-03 3.426e-04 3.112e-03 -1.000 7.072e-03 3.812 2.375 1.822 1.740 1.702 1.740 1.721 1.682 1.269 1.408 1.538 1.705 1.744 1.743 1.458
0.007 -0.33541 6.00000 1.0682671070 2.4861624241    1.067  0.407  3.6807  3.734    0  0.000  0.538     0.00     0.00 -1 -3.85e-13      0.00 7.317e-01 2.612e-01 1.255e-03 3.426e-04 3.112e-03 -1.000 7.072e-03 3.752 2.323 1.779 1.698 1.660 1.698 1.680 1.641 1.228 1.367 1.497 1.664 1.702 1.702 1.417
0.007 -0.33541 6.00000 1.0956391096 2.4909436703    1.095  0.424  3.6826  3.736    0  0.000  0.538     0.00     0.00 -1 -3.77e-13      0.00 7.317e-01 2.612e-01 1.255e-03 3.426e-04 3.112e-03 -1.000 7.072e-03 3.710 2.288 1.750 1.669 1.632 1.670 1.652 1.614 1.201 1.340 1.470 1.636 1.673 1.674 1.390
0.007 -0.33541 6.00000 1.1170494556 2.4944963455    1.116  0.438  3.6842  3.737    0  0.000  0.538     0.00     0.00 -1 -3.72e-13      0.00 7.317e-01 2.612e-01 1.255e-03 3.426e-04 3.112e-03 -1.000 7.072e-03 3.676 2.259 1.726 1.646 1.610 1.646 1.629 1.591 1.179 1.318 1.448 1.613 1.650 1.652 1.368
0.007 -0.33541 6.00000 1.1418243647 2.4984169006    1.141  0.452  3.6858  3.739    0  0.000  0.538     0.00     0.00 -1 -3.62e-13      0.00 7.317e-01 2.612e-01 1.255e-03 3.426e-04 3.112e-03 -1.000 7.072e-03 3.641 2.229 1.701 1.622 1.586 1.623 1.605 1.568 1.156 1.295 1.426 1.589 1.626 1.629 1.345
0.007 -0.33541 6.00000 1.1658315659 2.5020334721    1.165  0.466  3.6874  3.740    0  0.000  0.538     0.00     0.00 -1 -3.55e-13      0.00 7.317e-01 2.612e-01 1.255e-03 3.426e-04 3.112e-03 -1.000 7.072e-03 3.604 2.197 1.675 1.596 1.561 1.597 1.580 1.543 1.131 1.271 1.401 1.564 1.601 1.604 1.320
0.007 -0.33541 6.00000 1.2007588148 2.5069992542    1.200  0.487  3.6896  3.740    0  0.000  0.538     0.00     0.00 -1 -3.42e-13      0.00 7.317e-01 2.612e-01 1.255e-03 3.426e-04 3.112e-03 -1.000 7.072e-03 3.552 2.153 1.637 1.560 1.524 1.560 1.544 1.508 1.096 1.236 1.367 1.528 1.564 1.569 1.285
0.007 -0.33541 6.00000 1.2146137953 2.5088784695    1.214  0.495  3.6905  3.741    0  0.000  0.538     0.00     0.00 -1 -3.37e-13      0.00 7.317e-01 2.612e-01 1.255e-03 3.426e-04 3.112e-03 -1.000 7.072e-03 3.532 2.136 1.622 1.546 1.511 1.546 1.530 1.494 1.082 1.223 1.353 1.514 1.550 1.555 1.271
0.007 -0.33541 6.00000 1.2181483507 2.5093500614    1.218  0.497  3.6907  3.741    0  0.000  0.538     0.00     0.00 -1 -3.35e-13      0.00 7.317e-01 2.612e-01 1.255e-03 3.426e-04 3.112e-03 -1.000 7.072e-03 3.528 2.132 1.619 1.543 1.507 1.543 1.527 1.491 1.079 1.219 1.350 1.511 1.547 1.552 1.268
0.007 -0.33541 6.00000 1.2633960247 2.5151193142    1.263  0.522  3.6933  3.743    0  0.000  0.538     0.00     0.00 -1 -3.16e-13      0.00 7.317e-01 2.612e-01 1.255e-03 3.426e-04 3.112e-03 -1.000 7.072e-03 3.465 2.079 1.574 1.499 1.464 1.499 1.483 1.448 1.037 1.177 1.308 1.468 1.503 1.509 1.226
0.007 -0.33541 6.00000 1.3121781349 2.5208294392    1.312  0.549  3.6960  3.743    0  0.000  0.538     0.00     0.00 -1 -2.93e-13      0.00 7.317e-01 2.612e-01 1.255e-03 3.426e-04 3.112e-03 -1.000 7.072e-03 3.398 2.020 1.525 1.451 1.417 1.451 1.435 1.401 0.990 1.130 1.261 1.420 1.454 1.462 1.178
0.007 -0.33541 6.00000 1.3609604836 2.5260713100    1.361  0.573  3.6987  3.745    0  0.000  0.538     0.00     0.00 -1 -2.65e-13      0.00 7.317e-01 2.612e-01 1.255e-03 3.426e-04 3.112e-03 -1.000 7.072e-03 3.337 1.969 1.481 1.409 1.375 1.409 1.393 1.360 0.949 1.089 1.220 1.378 1.412 1.421 1.137
0.007 -0.33541 6.00000 1.3723508120 2.5272338390    1.372  0.579  3.6992  3.746    0  0.000  0.538     0.00     0.00 -1 -2.57e-13      0.00 7.317e-01 2.612e-01 1.255e-03 3.426e-04 3.112e-03 -1.000 7.072e-03 3.323 1.957 1.471 1.399 1.365 1.399 1.384 1.350 0.939 1.079 1.210 1.368 1.402 1.411 1.128
0.007 -0.33541 6.00000 1.4097425938 2.5308983326    1.410  0.600  3.7011  3.744    0  0.000  0.538     0.00     0.00 -1 -2.37e-13      0.00 7.317e-01 2.612e-01 1.255e-03 3.426e-04 3.112e-03 -1.000 7.072e-03 3.271 1.912 1.431 1.360 1.327 1.360 1.345 1.312 0.901 1.041 1.172 1.330 1.363 1.373 1.090
0.007 -0.33541 6.00000 1.4585247040 2.5353558064    1.459  0.624  3.7035  3.744    0  0.000  0.538     0.00     0.00 -1 -2.05e-13      0.00 7.317e-01 2.612e-01 1.255e-03 3.426e-04 3.112e-03 -1.000 7.072e-03 3.210 1.859 1.386 1.316 1.283 1.315 1.301 1.269 0.858 0.998 1.129 1.286 1.319 1.330 1.047
0.007 -0.33541 6.00000 1.4943523407 2.5384173393    1.494  0.640  3.7051  3.745    0  0.000  0.538     0.00     0.00 -1 -1.77e-13      0.00 7.317e-01 2.612e-01 1.255e-03 3.426e-04 3.112e-03 -1.000 7.072e-03 3.170 1.825 1.357 1.287 1.255 1.287 1.273 1.241 0.830 0.971 1.102 1.258 1.290 1.302 1.019
0.007 -0.33541 6.00000 1.5073068142 2.5394830704    1.507  0.647  3.7057  3.745    0  0.000  0.538     0.00     0.00 -1 -1.69e-13      0.00 7.317e-01 2.612e-01 1.255e-03 3.426e-04 3.112e-03 -1.000 7.072e-03 3.153 1.811 1.344 1.275 1.243 1.275 1.260 1.229 0.818 0.959 1.090 1.246 1.278 1.290 1.007
0.007 -0.33541 6.00000 1.5560891628 2.5433144569    1.556  0.670  3.7079  3.744    0  0.000  0.538     0.00     0.00 -1 -1.31e-13      0.00 7.317e-01 2.612e-01 1.255e-03 3.426e-04 3.112e-03 -1.000 7.072e-03 3.095 1.761 1.301 1.232 1.201 1.232 1.218 1.187 0.776 0.917 1.048 1.203 1.235 1.249 0.965
0.007 -0.33541 6.00000 1.6048712730 2.5468788147    1.604  0.692  3.7101  3.744    0  0.000  0.538     0.00     0.00 -1 -8.85e-14      0.00 7.317e-01 2.612e-01 1.255e-03 3.426e-04 3.112e-03 -1.000 7.072e-03 3.041 1.714 1.260 1.193 1.162 1.193 1.179 1.149 0.738 0.879 1.010 1.165 1.196 1.210 0.927
0.007 -0.33541 6.00000 1.6072152853 2.5470440388    1.607  0.693  3.7102  3.744    0  0.000  0.538     0.00     0.00 -1  -7.5e-14      0.00 7.317e-01 2.612e-01 1.255e-03 3.426e-04 3.112e-03 -1.000 7.072e-03 3.039 1.712 1.259 1.191 1.160 1.191 1.177 1.147 0.736 0.877 1.009 1.163 1.194 1.208 0.925
0.007 -0.33541 6.00000 1.6536533833 2.5502026081    1.653  0.715  3.7121  3.741    0  0.000  0.538     0.00     0.00 -1 -2.97e-15      0.00 7.317e-01 2.612e-01 1.255e-03 3.426e-04 3.112e-03 -1.000 7.072e-03 2.982 1.663 1.214 1.148 1.117 1.147 1.134 1.105 0.694 0.835 0.966 1.120 1.151 1.166 0.883
0.007 -0.33541 6.00000 1.7024356127 2.5533084869    1.702  0.738  3.7141  3.740    0  0.000  0.538     0.00     0.00 -1    -1e-30      0.00 7.317e-01 2.612e-01 1.255e-03 3.426e-04 3.112e-03 -1.000 7.072e-03 2.926 1.615 1.172 1.106 1.076 1.106 1.093 1.064 0.653 0.794 0.926 1.079 1.109 1.125 0.842
0.007 -0.33541 6.00000 1.7431890965 2.5557503700    1.742  0.755  3.7157  3.739    0  0.000  0.538     0.00     0.00 -1    -1e-30      0.00 7.317e-01 2.612e-01 1.255e-03 3.426e-04 3.112e-03 -1.000 7.072e-03 2.883 1.578 1.140 1.075 1.045 1.075 1.062 1.033 0.622 0.764 0.895 1.048 1.078 1.094 0.811
0.007 -0.33541 6.00000 1.7512178421 2.5562160015    1.750  0.759  3.7160  3.739    0  0.000  0.538     0.00     0.00 -1    -1e-30      0.00 7.317e-01 2.612e-01 1.255e-03 3.426e-04 3.112e-03 -1.000 7.072e-03 2.874 1.569 1.132 1.067 1.038 1.067 1.054 1.026 0.615 0.756 0.888 1.040 1.070 1.087 0.804
0.007 -0.33541 6.00000 1.7999999523 2.5589430332    1.799  0.780  3.7179  3.736    0  0.000  0.538     0.00     0.00 -1    -1e-30      0.00 7.317e-01 2.612e-01 1.255e-03 3.426e-04 3.112e-03 -1.000 7.072e-03 2.819 1.522 1.090 1.026 0.997 1.026 1.014 0.986 0.575 0.716 0.848 1.000 1.029 1.047 0.764
0.007 -0.33541 6.00000 1.8487784863 2.5615050793    1.848  0.802  3.7197  3.733    0  0.000  0.538     0.00     0.00 -1    -1e-30      0.00 7.317e-01 2.612e-01 1.255e-03 3.426e-04 3.112e-03 -1.000 7.072e-03 2.764 1.474 1.047 0.984 0.955 0.984 0.971 0.944 0.533 0.675 0.806 0.958 0.987 1.005 0.722
0.007 -0.33541 6.00000 1.8975570202 2.5639162064    1.897  0.823  3.7215  3.731    0  0.000  0.538     0.00     0.00 -1    -1e-30      0.00 7.317e-01 2.612e-01 1.255e-03 3.426e-04 3.112e-03 -1.000 7.072e-03 2.712 1.429 1.008 0.945 0.917 0.945 0.933 0.906 0.495 0.637 0.768 0.919 0.947 0.967 0.684
0.007 -0.33541 6.00000 1.9065290689 2.5643444061    1.906  0.827  3.7219  3.731    0  0.000  0.538     0.00     0.00 -1    -1e-30      0.00 7.317e-01 2.612e-01 1.255e-03 3.426e-04 3.112e-03 -1.000 7.072e-03 2.703 1.421 1.001 0.938 0.910 0.938 0.926 0.899 0.488 0.630 0.761 0.912 0.941 0.960 0.677
0.007 -0.33541 6.00000 1.9463355541 2.5661890507    1.946  0.844  3.7233  3.729    0  0.000  0.538     0.00     0.00 -1    -1e-30      0.00 7.317e-01 2.612e-01 1.255e-03 3.426e-04 3.112e-03 -1.000 7.072e-03 2.660 1.384 0.968 0.906 0.878 0.905 0.894 0.867 0.457 0.598 0.730 0.880 0.908 0.929 0.646
0.007 -0.33541 6.00000 1.9951140881 2.5683343410    1.995  0.869  3.7251  3.722    0  0.000  0.538     0.00     0.00 -1    -1e-30      0.00 7.317e-01 2.612e-01 1.255e-03 3.426e-04 3.112e-03 -1.000 7.072e-03 2.598 1.329 0.918 0.856 0.829 0.856 0.844 0.818 0.408 0.549 0.681 0.831 0.858 0.879 0.597
0.007 -0.33541 6.00000 2.0438926220 2.5703623295    2.043  0.890  3.7269  3.718    0  0.000  0.538     0.00     0.00 -1    -1e-30      0.00 7.317e-01 2.612e-01 1.255e-03 3.426e-04 3.112e-03 -1.000 7.072e-03 2.546 1.284 0.877 0.817 0.790 0.816 0.805 0.779 0.369 0.511 0.642 0.792 0.819 0.841 0.558
0.007 -0.33541 6.00000 2.0926709175 2.5722820759    2.092  0.909  3.7286  3.716    0  0.000  0.538     0.00     0.00 -1    -1e-30      0.00 7.317e-01 2.612e-01 1.255e-03 3.426e-04 3.112e-03 -1.000 7.072e-03 2.499 1.243 0.841 0.781 0.755 0.780 0.769 0.744 0.334 0.476 0.608 0.757 0.783 0.806 0.523
0.007 -0.33541 6.00000 2.1385796070 2.5739970207    2.137  0.931  3.7302  3.710    0  0.000  0.538     0.00     0.00 -1    -1e-30      0.00 7.317e-01 2.612e-01 1.255e-03 3.426e-04 3.112e-03 -1.000 7.072e-03 2.442 1.193 0.796 0.737 0.710 0.736 0.725 0.700 0.290 0.432 0.564 0.713 0.738 0.762 0.479
0.007 -0.33541 6.00000 2.1414496899 2.5741014481    2.140  0.933  3.7303  3.709    0  0.000  0.538     0.00     0.00 -1    -1e-30      0.00 7.317e-01 2.612e-01 1.255e-03 3.426e-04 3.112e-03 -1.000 7.072e-03 2.438 1.190 0.793 0.734 0.707 0.733 0.722 0.697 0.287 0.429 0.561 0.709 0.735 0.759 0.476
0.007 -0.33541 6.00000 2.1902279854 2.5758280754    2.189  0.956  3.7321  3.703    0  0.000  0.538     0.00     0.00 -1    -1e-30      0.00 7.317e-01 2.612e-01 1.255e-03 3.426e-04 3.112e-03 -1.000 7.072e-03 2.381 1.140 0.748 0.689 0.663 0.688 0.677 0.653 0.243 0.385 0.517 0.665 0.690 0.715 0.432
0.007 -0.33541 6.00000 2.2390067577 2.5774683952    2.238  0.980  3.7338  3.695    0  0.000  0.538     0.00     0.00 -1    -1e-30      0.00 7.317e-01 2.612e-01 1.255e-03 3.426e-04 3.112e-03 -1.000 7.072e-03 2.321 1.087 0.699 0.641 0.615 0.640 0.629 0.606 0.196 0.337 0.469 0.617 0.642 0.667 0.385
0.007 -0.33541 6.00000 2.2877850533 2.5790286064    2.286  1.001  3.7355  3.691    0  0.000  0.538     0.00     0.00 -1    -1e-30      0.00 7.317e-01 2.612e-01 1.255e-03 3.426e-04 3.112e-03 -1.000 7.072e-03 2.269 1.042 0.659 0.601 0.576 0.600 0.589 0.566 0.156 0.298 0.430 0.578 0.602 0.628 0.345
0.007 -0.33541 6.00000 2.3148748875 2.5798625946    2.313  1.013  3.7365  3.687    0  0.000  0.538     0.00     0.00 -1    -1e-30      0.00 7.317e-01 2.612e-01 1.255e-03 3.426e-04 3.112e-03 -1.000 7.072e-03 2.237 1.014 0.633 0.576 0.551 0.575 0.564 0.542 0.132 0.273 0.405 0.553 0.577 0.603 0.321
0.007 -0.33541 6.00000 2.3365635872 2.5805141926    2.335  1.024  3.7373  3.684    0  0.000  0.538     0.00     0.00 -1    -1e-30      0.00 7.317e-01 2.612e-01 1.255e-03 3.426e-04 3.112e-03 -1.000 7.072e-03 2.210 0.990 0.612 0.555 0.531 0.554 0.543 0.521 0.111 0.253 0.385 0.532 0.556 0.583 0.300
0.007 -0.33541 6.00000 2.3758528233 2.5816597939    2.375  1.040  3.7387  3.680    0  0.000  0.538     0.00     0.00 -1    -1e-30      0.00 7.317e-01 2.612e-01 1.255e-03 3.426e-04 3.112e-03 -1.000 7.072e-03 2.169 0.955 0.580 0.524 0.500 0.522 0.512 0.491 0.081 0.222 0.355 0.502 0.525 0.552 0.269
0.007 -0.33541 6.00000 2.3853423595 2.5819299221    2.384  1.045  3.7390  3.679    0  0.000  0.538     0.00     0.00 -1    -1e-30      0.00 7.317e-01 2.612e-01 1.255e-03 3.426e-04 3.112e-03 -1.000 7.072e-03 2.158 0.945 0.571 0.515 0.491 0.513 0.503 0.482 0.071 0.213 0.345 0.493 0.516 0.543 0.260
0.007 -0.33541 6.00000 2.4602990150 2.5839803219    2.459  1.081  3.7423  3.669    0  0.000  0.538     0.00     0.00 -1    -1e-30      0.00 7.317e-01 2.612e-01 1.255e-03 3.426e-04 3.112e-03 -1.000 7.072e-03 2.068 0.869 0.504 0.449 0.426 0.447 0.437 0.417 0.004 0.150 0.281 0.427 0.449 0.466 0.193
0.007 -0.33541 6.00000 2.5745129585 2.5868420601    2.574  1.153  3.7479  3.639    0  0.000  0.538     0.00     0.00 -1    -1e-30      0.00 7.318e-01 2.612e-01 1.255e-03 3.426e-04 3.112e-03 -1.000 7.072e-03 1.887 0.712 0.361 0.309 0.287 0.306 0.296 0.278 -0.142 0.018 0.143 0.289 0.308 0.290 0.046
0.007 -0.33541 6.00000 2.5804562569 2.5869832039    2.580  1.158  3.7483  3.637    0  0.000  0.538     0.00     0.00 -1    -1e-30      0.00 7.318e-01 2.612e-01 1.255e-03 3.426e-04 3.112e-03 -1.000 7.072e-03 1.876 0.702 0.352 0.300 0.278 0.297 0.287 0.269 -0.151 0.010 0.134 0.280 0.298 0.279 0.037
0.007 -0.33541 6.00000 2.7308969498 2.5903177261    2.730  1.280  3.7563  3.572    0  0.000  0.538     0.00     0.00 -1    -1e-30      0.00 7.318e-01 2.611e-01 1.255e-03 3.426e-04 3.113e-03 -1.000 7.072e-03 1.570 0.432 0.102 0.054 0.034 0.049 0.040 0.024 -0.406 -0.225 -0.110 0.035 0.050 -0.018 -0.219
0.007 -0.33541 6.00000 2.7755703926 2.5912280083    2.775  1.327  3.7594  3.543    0  0.000  0.538     0.00     0.00 -1    -1e-30      0.00 7.318e-01 2.611e-01 1.255e-03 3.426e-04 3.113e-03 -1.000 7.072e-03 1.452 0.327 0.004 -0.043 -0.062 -0.049 -0.057 -0.071 -0.506 -0.318 -0.206 -0.060 -0.047 -0.133 -0.319
0.007 -0.33541 6.00000 2.8014328480 2.5917398930    2.801  1.356  3.7612  3.526    0  0.000  0.538     0.00     0.00 -1    -1e-30      0.00 7.318e-01 2.611e-01 1.255e-03 3.426e-04 3.113e-03 -1.000 7.072e-03 1.380 0.264 -0.055 -0.101 -0.120 -0.107 -0.115 -0.129 -0.566 -0.373 -0.263 -0.118 -0.106 -0.203 -0.379
0.007 -0.33541 6.00000 2.8586428165 2.5928344727    2.858  1.429  3.7659  3.481    0  0.000  0.538     0.00     0.00 -1    -1e-30      0.00 7.318e-01 2.611e-01 1.255e-03 3.426e-04 3.113e-03 -1.000 7.072e-03 1.198 0.102 -0.205 -0.250 -0.267 -0.257 -0.264 -0.277 -0.720 -0.515 -0.411 -0.266 -0.256 -0.381 -0.533
0.007 -0.33541 6.00000 2.9098825455 2.5937728882    2.909  1.497  3.7706  3.439    0  0.000  0.538     0.00     0.00 -1    -1e-30      0.00 7.318e-01 2.611e-01 1.255e-03 3.426e-04 3.113e-03 -1.000 7.072e-03 1.027 -0.047 -0.343 -0.386 -0.402 -0.394 -0.401 -0.412 -0.861 -0.645 -0.545 -0.401 -0.393 -0.547 -0.675
0.007 -0.33541 6.00000 2.9629645348 2.5947058201    2.962  1.566  3.7760  3.400    0  0.000  0.538     0.00     0.00 -1    -1e-30      0.00 7.318e-01 2.611e-01 1.255e-03 3.426e-04 3.113e-03 -1.000 7.072e-03 0.856 -0.192 -0.474 -0.515 -0.531 -0.525 -0.531 -0.541 -0.997 -0.767 -0.672 -0.529 -0.524 -0.711 -0.811
0.007 -0.33541 6.00000 2.9706845284 2.5948383808    2.970  1.575  3.7768  3.395    0  0.000  0.538     0.00     0.00 -1    -1e-30      0.00 7.318e-01 2.611e-01 1.255e-03 3.426e-04 3.113e-03 -1.000 7.072e-03 0.832 -0.212 -0.492 -0.532 -0.548 -0.543 -0.549 -0.558 -1.015 -0.784 -0.689 -0.547 -0.542 -0.734 -0.830
0.007 -0.33541 6.00000 3.0094497204 2.5954918861    3.009  1.623  3.7812  3.370    0  0.000  0.538     0.00     0.00 -1    -1e-30      0.00 7.318e-01 2.611e-01 1.255e-03 3.426e-04 3.113e-03 -1.000 7.072e-03 0.712 -0.311 -0.579 -0.618 -0.634 -0.631 -0.636 -0.645 -1.108 -0.865 -0.774 -0.633 -0.630 -0.849 -0.923
0.007 -0.33541 6.00000 3.0661282539 2.5964131355    3.065  1.692  3.7888  3.339    0  0.000  0.538     0.00     0.00 -1    -1e-30      0.00 7.318e-01 2.611e-01 1.255e-03 3.426e-04 3.113e-03 -1.000 7.072e-03 0.539 -0.445 -0.695 -0.732 -0.748 -0.747 -0.752 -0.759 -1.232 -0.971 -0.885 -0.746 -0.746 -1.013 -1.048
0.007 -0.33541 6.00000 3.1212325096 2.5972721577    3.120  1.760  3.7990  3.320    0  0.000  0.538     0.00     0.00 -1    -1e-30      0.00 7.318e-01 2.611e-01 1.255e-03 3.426e-04 3.113e-03 -1.000 7.072e-03 0.370 -0.564 -0.791 -0.825 -0.840 -0.842 -0.845 -0.851 -1.336 -1.049 -0.976 -0.838 -0.841 -1.171 -1.153
0.007 -0.33541 6.00000 3.1611096859 2.5978722572    3.160  1.809  3.8092  3.317    0  0.000  0.538     0.00     0.00 -1    -1e-30      0.00 7.318e-01 2.611e-01 1.255e-03 3.426e-04 3.113e-03 -1.000 7.072e-03 0.246 -0.637 -0.843 -0.874 -0.887 -0.891 -0.894 -0.898 -1.396 -1.082 -1.023 -0.886 -0.891 -1.284 -1.213
0.007 -0.33541 6.00000 3.1657986641 2.5979416370    3.164  1.815  3.8106  3.317    0  0.000  0.538     0.00     0.00 -1    -1e-30      0.00 7.318e-01 2.611e-01 1.255e-03 3.426e-04 3.113e-03 -1.000 7.072e-03 0.232 -0.645 -0.848 -0.878 -0.891 -0.895 -0.898 -0.902 -1.401 -1.084 -1.027 -0.890 -0.895 -1.297 -1.219
0.007 -0.33541 6.00000 3.1796376705 2.5981452465    3.178  1.833  3.8151  3.320    0  0.000  0.538     0.00     0.00 -1    -1e-30      0.00 7.318e-01 2.611e-01 1.255e-03 3.426e-04 3.113e-03 -1.000 7.072e-03 0.188 -0.666 -0.860 -0.889 -0.901 -0.906 -0.908 -0.912 -1.414 -1.091 -1.037 -0.900 -0.905 -1.322 -1.231
0.007 -0.33541 6.00000 3.2054150105 2.5985188484    3.204  1.866  3.8250  3.330    0  0.000  0.538     0.00     0.00 -1    -1e-30      0.00 7.318e-01 2.611e-01 1.255e-03 3.426e-04 3.113e-03 -1.000 7.072e-03 0.105 -0.698 -0.870 -0.899 -0.910 -0.915 -0.916 -0.920 -1.421 -1.097 -1.042 -0.909 -0.914 -1.330 -1.238
0.007 -0.33541 6.00000 3.2282793522 2.5988447666    3.227  1.896  3.8348  3.342    0  0.000  0.538     0.00     0.00 -1    -1e-30      0.00 7.318e-01 2.611e-01 1.255e-03 3.426e-04 3.113e-03 -1.000 7.072e-03 0.030 -0.722 -0.873 -0.900 -0.910 -0.915 -0.917 -0.920 -1.420 -1.095 -1.040 -0.909 -0.915 -1.330 -1.238
0.007 -0.33541 6.00000 3.2500023842 2.5991494656    3.248  1.925  3.8448  3.356    0  0.000  0.538     0.00     0.00 -1    -1e-30      0.00 7.318e-01 2.611e-01 1.255e-03 3.426e-04 3.113e-03 -1.000 7.072e-03 -0.042 -0.741 -0.871 -0.897 -0.907 -0.912 -0.913 -0.916 -1.415 -1.089 -1.033 -0.906 -0.912 -1.326 -1.233
0.007 -0.33541 6.00000 3.2710402012 2.5994398594    3.269  1.953  3.8548  3.371    0  0.000  0.538     0.00     0.00 -1    -1e-30      0.00 7.318e-01 2.611e-01 1.255e-03 3.426e-04 3.113e-03 -1.000 7.072e-03 -0.112 -0.757 -0.868 -0.892 -0.901 -0.906 -0.908 -0.910 -1.408 -1.081 -1.024 -0.901 -0.906 -1.320 -1.226
0.007 -0.33541 6.00000 3.2915115356 2.5997185707    3.289  1.980  3.8647  3.386    0  0.000  0.538     0.00     0.00 -1    -1e-30      0.00 7.318e-01 2.611e-01 1.255e-03 3.426e-04 3.113e-03 -1.000 7.072e-03 -0.181 -0.770 -0.862 -0.886 -0.894 -0.899 -0.901 -0.903 -1.400 -1.071 -1.014 -0.894 -0.899 -1.313 -1.218
0.007 -0.33541 6.00000 3.3114869595 2.5999867916    3.309  2.007  3.8747  3.401    0  0.000  0.538     0.00     0.00 -1    -1e-30      0.00 7.318e-01 2.611e-01 1.255e-03 3.426e-04 3.113e-03 -1.000 7.072e-03 -0.248 -0.781 -0.855 -0.878 -0.886 -0.890 -0.892 -0.894 -1.390 -1.060 -1.002 -0.885 -0.890 -1.304 -1.208
0.007 -0.33541 6.00000 3.3310177326 2.6002452374    3.329  2.034  3.8847  3.417    0  0.000  0.538     0.00     0.00 -1    -1e-30      0.00 7.318e-01 2.611e-01 1.255e-03 3.426e-04 3.113e-03 -1.000 7.072e-03 -0.315 -0.789 -0.846 -0.868 -0.876 -0.880 -0.882 -0.883 -1.379 -1.048 -0.989 -0.875 -0.880 -1.293 -1.196
0.007 -0.33541 6.00000 3.3501434326 2.6004951000    3.348  2.060  3.8947  3.433    0  0.000  0.538     0.00     0.00 -1    -1e-30      0.00 7.318e-01 2.611e-01 1.255e-03 3.426e-04 3.113e-03 -1.000 7.072e-03 -0.380 -0.795 -0.836 -0.857 -0.865 -0.869 -0.870 -0.872 -1.366 -1.034 -0.975 -0.864 -0.869 -1.282 -1.184
0.007 -0.33541 6.00000 3.3609127998 2.6006343365    3.359  2.075  3.9004  3.443    0  0.000  0.538     0.00     0.00 -1    -1e-30      0.00 7.318e-01 2.611e-01 1.255e-03 3.426e-04 3.113e-03 -1.000 7.072e-03 -0.417 -0.797 -0.830 -0.851 -0.858 -0.862 -0.864 -0.865 -1.358 -1.026 -0.967 -0.858 -0.862 -1.274 -1.176
0.007 -0.33541 6.00000 3.3767316341 2.6008369923    3.374  2.097  3.9090  3.458    0  0.000  0.538     0.00     0.00 -1    -1e-30      0.00 7.318e-01 2.611e-01 1.255e-03 3.426e-04 3.113e-03 -1.000 7.072e-03 -0.472 -0.798 -0.821 -0.840 -0.847 -0.851 -0.852 -0.853 -1.346 -1.013 -0.953 -0.847 -0.851 -1.263 -1.164
0.007 -0.33541 6.00000 3.3947105408 2.6010646820    3.392  2.122  3.9190  3.475    0  0.000  0.538     0.00     0.00 -1    -1e-30      0.00 7.318e-01 2.611e-01 1.255e-03 3.426e-04 3.113e-03 -1.000 7.072e-03 -0.535 -0.798 -0.809 -0.827 -0.833 -0.837 -0.838 -0.839 -1.331 -0.997 -0.937 -0.833 -0.838 -1.249 -1.149
0.007 -0.33541 6.00000 3.4182150364 2.6013584137    3.416  2.154  3.9324  3.499    0  0.000  0.538     0.00     0.00 -1    -1e-30      0.00 7.318e-01 2.611e-01 1.255e-03 3.426e-04 3.113e-03 -1.000 7.072e-03 -0.616 -0.795 -0.792 -0.808 -0.813 -0.817 -0.818 -0.819 -1.310 -0.974 -0.914 -0.813 -0.817 -1.228 -1.128
0.007 -0.33541 6.00000 3.4412450790 2.6016414165    3.438  2.186  3.9457  3.523    0  0.000  0.538     0.00     0.00 -1    -1e-30      0.00 7.318e-01 2.611e-01 1.255e-03 3.426e-04 3.113e-03 -1.000 7.072e-03 -0.695 -0.787 -0.774 -0.787 -0.790 -0.793 -0.794 -0.794 -1.285 -0.948 -0.887 -0.790 -0.793 -1.204 -1.103
0.007 -0.33541 6.00000 3.4638555050 2.6019153595    3.461  2.217  3.9590  3.549    0  0.000  0.538     0.00     0.00 -1    -1e-30      0.00 7.318e-01 2.611e-01 1.255e-03 3.426e-04 3.113e-03 -1.000 7.072e-03 -0.772 -0.775 -0.753 -0.763 -0.764 -0.767 -0.767 -0.767 -1.256 -0.919 -0.858 -0.764 -0.767 -1.176 -1.074
0.007 -0.33541 6.00000 3.4860973358 2.6021807194    3.483  2.247  3.9723  3.575    0  0.000  0.538     0.00     0.00 -1    -1e-30      0.00 7.318e-01 2.611e-01 1.255e-03 3.426e-04 3.113e-03 -1.000 7.072e-03 -0.846 -0.760 -0.731 -0.738 -0.735 -0.737 -0.737 -0.736 -1.224 -0.886 -0.826 -0.736 -0.737 -1.145 -1.042
0.007 -0.33541 6.00000 3.5080139637 2.6024382114    3.505  2.275  3.9856  3.602    0  0.000  0.538     0.00     0.00 -1    -1e-30      0.00 7.318e-01 2.611e-01 1.255e-03 3.426e-04 3.113e-03 -1.000 7.072e-03 -0.919 -0.742 -0.707 -0.710 -0.705 -0.706 -0.704 -0.703 -1.190 -0.852 -0.791 -0.706 -0.706 -1.111 -1.008
0.007 -0.33541 6.00000 3.5296535492 2.6026890278    3.526  2.303  3.9989  3.630    0  0.000  0.538     0.00     0.00 -1    -1e-30      0.00 7.318e-01 2.611e-01 1.255e-03 3.426e-04 3.113e-03 -1.000 7.072e-03 -0.989 -0.721 -0.682 -0.681 -0.672 -0.672 -0.670 -0.668 -1.154 -0.815 -0.754 -0.674 -0.672 -1.076 -0.971
0.007 -0.33541 6.00000 3.5510628223 2.6029338837    3.548  2.330  4.0122  3.658    0  0.000  0.538     0.00     0.00 -1    -1e-30      0.00 7.318e-01 2.611e-01 1.255e-03 3.426e-04 3.113e-03 -1.000 7.072e-03 -1.056 -0.699 -0.654 -0.650 -0.638 -0.637 -0.634 -0.631 -1.115 -0.776 -0.715 -0.640 -0.637 -1.039 -0.933
0.007 -0.33541 6.00000 3.5560266972 2.6029901505    3.553  2.337  4.0153  3.665    0  0.000  0.538     0.00     0.00 -1    -1e-30      0.00 7.318e-01 2.611e-01 1.255e-03 3.426e-04 3.113e-03 -1.000 7.072e-03 -1.071 -0.693 -0.647 -0.642 -0.630 -0.629 -0.626 -0.622 -1.106 -0.767 -0.706 -0.632 -0.628 -1.030 -0.924
0.007 -0.33541 6.00000 3.5721211433 2.6031711102    3.569  2.356  4.0255  3.688    0  0.000  0.538     0.00     0.00 -1    -1e-30      0.00 7.318e-01 2.611e-01 1.255e-03 3.426e-04 3.113e-03 -1.000 7.072e-03 -1.121 -0.673 -0.625 -0.616 -0.602 -0.600 -0.597 -0.593 -1.076 -0.736 -0.674 -0.604 -0.600 -1.000 -0.894
0.007 -0.33541 6.00000 3.5926063061 2.6033990383    3.589  2.381  4.0385  3.718    0  0.000  0.538     0.00     0.00 -1    -1e-30      0.00 7.318e-01 2.611e-01 1.255e-03 3.426e-04 3.113e-03 -1.000 7.072e-03 -1.183 -0.645 -0.593 -0.582 -0.565 -0.562 -0.558 -0.553 -1.035 -0.694 -0.632 -0.567 -0.561 -0.960 -0.853
0.007 -0.33541 6.00000 3.6130232811 2.6036231518    3.610  2.405  4.0515  3.749    0  0.000  0.538     0.00     0.00 -1    -1e-30      0.00 7.318e-01 2.611e-01 1.255e-03 3.426e-04 3.113e-03 -1.000 7.072e-03 -1.242 -0.616 -0.560 -0.546 -0.526 -0.522 -0.517 -0.512 -0.993 -0.651 -0.587 -0.528 -0.522 -0.918 -0.810
0.007 -0.33541 6.00000 3.6334226131 2.6038444042    3.630  2.428  4.0644  3.780    0  0.000  0.538     0.00     0.00 -1    -1e-30      0.00 7.318e-01 2.611e-01 1.255e-03 3.426e-04 3.113e-03 -1.000 7.072e-03 -1.299 -0.584 -0.524 -0.507 -0.485 -0.481 -0.475 -0.469 -0.948 -0.605 -0.540 -0.488 -0.480 -0.875 -0.766
0.007 -0.33541 6.00000 3.6538636684 2.6040630341    3.651  2.449  4.0774  3.812    0  0.000  0.538     0.00     0.00 -1    -1e-30      0.00 7.318e-01 2.611e-01 1.255e-03 3.426e-04 3.113e-03 -1.000 7.072e-03 -1.354 -0.549 -0.486 -0.467 -0.442 -0.437 -0.431 -0.424 -0.901 -0.556 -0.491 -0.445 -0.436 -0.829 -0.719
0.007 -0.33541 6.00000 3.6744098663 2.6042799950    3.671  2.471  4.0903  3.845    0  0.000  0.538     0.00     0.00 -1    -1e-30      0.00 7.318e-01 2.611e-01 1.255e-03 3.426e-04 3.113e-03 -1.000 7.072e-03 -1.406 -0.512 -0.445 -0.424 -0.397 -0.391 -0.384 -0.377 -0.852 -0.506 -0.440 -0.400 -0.390 -0.781 -0.670
0.007 -0.33541 6.00000 3.6951317787 2.6044960022    3.692  2.491  4.1032  3.879    0  0.000  0.538     0.00     0.00 -1    -1e-30      0.00 7.318e-01 2.611e-01 1.255e-03 3.426e-04 3.113e-03 -1.000 7.072e-03 -1.457 -0.472 -0.402 -0.378 -0.349 -0.342 -0.335 -0.327 -0.801 -0.453 -0.386 -0.352 -0.341 -0.731 -0.619
0.007 -0.33541 6.00000 3.7161512375 2.6047122478    3.713  2.510  4.1160  3.914    0  0.000  0.538     0.00     0.00 -1    -1e-30      0.00 7.318e-01 2.611e-01 1.255e-03 3.426e-04 3.113e-03 -1.000 7.072e-03 -1.505 -0.429 -0.356 -0.330 -0.299 -0.291 -0.283 -0.275 -0.747 -0.398 -0.330 -0.302 -0.290 -0.678 -0.565
0.007 -0.33541 6.00000 3.7376160622 2.6049304008    3.734  2.528  4.1288  3.950    0  0.000  0.538     0.00     0.00 -1    -1e-30      0.00 7.318e-01 2.611e-01 1.255e-03 3.426e-04 3.113e-03 -1.000 7.072e-03 -1.550 -0.383 -0.307 -0.279 -0.245 -0.237 -0.228 -0.219 -0.690 -0.339 -0.272 -0.249 -0.236 -0.622 -0.508
0.007 -0.33541 6.00000 3.7511405945 2.6050662994    3.748  2.538  4.1367  3.972    0  0.000  0.538     0.00     0.00 -1    -1e-30      0.00 7.318e-01 2.611e-01 1.255e-03 3.426e-04 3.113e-03 -1.000 7.072e-03 -1.576 -0.353 -0.276 -0.246 -0.211 -0.202 -0.193 -0.184 -0.653 -0.302 -0.234 -0.214 -0.201 -0.586 -0.471
0.007 -0.33541 6.00000 3.7716052532 2.6052696705    3.769  2.553  4.1483  4.007    0  0.000  0.538     0.00     0.00 -1    -1e-30      0.00 7.318e-01 2.611e-01 1.255e-03 3.426e-04 3.113e-03 -1.000 7.072e-03 -1.611 -0.306 -0.226 -0.194 -0.157 -0.148 -0.138 -0.128 -0.596 -0.244 -0.177 -0.161 -0.147 -0.530 -0.414
0.007 -0.33541 6.00000 3.7965059280 2.6055138111    3.794  2.567  4.1615  4.048    0  0.000  0.538     0.00     0.00 -1    -1e-30      0.00 7.318e-01 2.611e-01 1.255e-03 3.426e-04 3.113e-03 -1.000 7.072e-03 -1.646 -0.246 -0.163 -0.130 -0.090 -0.080 -0.070 -0.059 -0.526 -0.173 -0.107 -0.094 -0.079 -0.461 -0.344
0.007 -0.33541 6.00000 3.8103005886 2.6056475639    3.808  2.570  4.1675  4.070    0  0.000  0.538     0.00     0.00 -1    -1e-30      0.00 7.318e-01 2.611e-01 1.255e-03 3.426e-04 3.113e-03 -1.000 7.072e-03 -1.656 -0.212 -0.128 -0.093 -0.053 -0.042 -0.032 -0.020 -0.486 -0.134 -0.068 -0.057 -0.041 -0.422 -0.304
0.007 -0.33541 6.00000 3.8486404419 2.6060132980    3.846  2.566  4.1797  4.128    0  0.000  0.538     0.00     0.00 -1    -1e-30      0.00 7.318e-01 2.611e-01 1.255e-03 3.426e-04 3.113e-03 -1.000 7.072e-03 -1.645 -0.114 -0.027 0.010 0.052 0.064 0.075 0.087 -0.378 -0.025 0.039 0.048 0.065 -0.314 -0.196
0.007 -0.33541 6.00000 3.8881449699 2.6063816547    3.886  2.546  4.1865  4.179    0  0.000  0.538     0.00     0.00 -1    -1e-30      0.00 7.318e-01 2.611e-01 1.255e-03 3.426e-04 3.113e-03 -1.000 7.072e-03 -1.596 -0.015 0.074 0.111 0.155 0.167 0.178 0.191 -0.273 0.079 0.141 0.151 0.168 -0.210 -0.092
0.007 -0.33541 6.00000 3.9292924404 2.6067562103    3.928  2.528  4.1919  4.224    0  0.000  0.538     0.00     0.00 -1    -1e-30      0.00 7.318e-01 2.611e-01 1.255e-03 3.426e-04 3.113e-03 -1.000 7.072e-03 -1.550 0.071 0.161 0.199 0.243 0.255 0.267 0.280 -0.184 0.168 0.230 0.239 0.257 -0.121 -0.002
0.007 -0.33541 6.00000 3.9462547302 2.6069080830    3.945  2.529  4.1956  4.239    0  0.000  0.538     0.00     0.00 -1    -1e-30      0.00 7.318e-01 2.611e-01 1.255e-03 3.426e-04 3.113e-03 -1.000 7.072e-03 -1.553 0.093 0.184 0.223 0.268 0.280 0.292 0.305 -0.158 0.194 0.255 0.264 0.282 -0.096 0.024
0.007 -0.33541 6.00000 3.9909777641 2.6073012352    3.990  2.533  4.2052  4.279    0  0.000  0.538     0.00     0.00 -1    -1e-30      0.00 7.318e-01 2.611e-01 1.255e-03 3.426e-04 3.113e-03 -1.000 7.072e-03 -1.562 0.155 0.248 0.288 0.335 0.348 0.360 0.374 -0.088 0.263 0.322 0.331 0.350 -0.027 0.093
0.007 -0.33541 6.00000 4.0309615135 2.6076440811    4.029  2.554  4.2173  4.310    0  0.000  0.538     0.00     0.00 -1    -1e-30      0.00 7.318e-01 2.611e-01 1.255e-03 3.426e-04 3.113e-03 -1.000 7.072e-03 -1.615 0.189 0.285 0.327 0.376 0.389 0.402 0.416 -0.045 0.305 0.363 0.371 0.391 0.016 0.137
0.007 -0.33541 6.00000 4.0716638565 2.6079852581    4.070  2.578  4.2294  4.339    0  0.000  0.538     0.00     0.00 -1    -1e-30      0.00 7.318e-01 2.611e-01 1.255e-03 3.426e-04 3.113e-03 -1.000 7.072e-03 -1.675 0.217 0.315 0.359 0.410 0.424 0.437 0.452 -0.008 0.342 0.397 0.405 0.426 0.052 0.174
0.007 -0.33541 6.00000 4.1412363052 2.6085505486    4.139  2.591  4.2415  4.381    0  0.000  0.538     0.00     0.00 -1    -1e-30      0.00 7.318e-01 2.611e-01 1.255e-03 3.426e-04 3.113e-03 -1.000 7.072e-03 -1.709 0.271 0.371 0.417 0.470 0.485 0.499 0.514 0.055 0.404 0.459 0.465 0.487 0.115 0.237
0.007 -0.33541 6.00000 4.1413688660 2.6085517406    4.139  2.591  4.2415  4.381    0  0.000  0.538     0.00     0.00 -1    -1e-30      0.00 7.318e-01 2.611e-01 1.255e-03 3.426e-04 3.113e-03 -1.000 7.072e-03 -1.709 0.271 0.371 0.417 0.470 0.485 0.499 0.514 0.055 0.404 0.459 0.465 0.487 0.115 0.237
0.007 -0.33541 6.00000 4.1655240059 2.6087429523    4.163  2.594  4.2450  4.396    0  0.000  0.538     0.00     0.00 -1    -1e-30      0.00 7.318e-01 2.611e-01 1.255e-03 3.426e-04 3.113e-03 -1.000 7.072e-03 -1.714 0.290 0.391 0.438 0.491 0.506 0.521 0.536 0.077 0.426 0.481 0.486 0.508 0.137 0.259
0.007 -0.33541 6.00000 4.2408590317 2.6093232632    4.238  2.582  4.2476  4.426    0  0.000  0.538     0.00     0.00 -1    -1e-30      0.00 7.318e-01 2.611e-01 1.255e-03 3.426e-04 3.113e-03 -1.000 7.072e-03 -1.685 0.339 0.441 0.488 0.542 0.557 0.571 0.587 0.128 0.477 0.531 0.536 0.559 0.188 0.310
0.007 -0.33541 6.00000 4.2945179939 2.6097223759    4.291  2.575  4.2476  4.438    0  0.000  0.538     0.00     0.00 -1    -1e-30      0.00 7.318e-01 2.611e-01 1.255e-03 3.426e-04 3.113e-03 -1.000 7.072e-03 -1.667 0.357 0.458 0.505 0.559 0.575 0.589 0.605 0.146 0.495 0.549 0.554 0.577 0.205 0.328
0.007 -0.33541 6.00000 4.3364834785 2.6100265980    4.333  2.581  4.2486  4.440    0  0.000  0.538     0.00     0.00 -1    -1e-30      0.00 7.318e-01 2.611e-01 1.255e-03 3.426e-04 3.113e-03 -1.000 7.072e-03 -1.684 0.348 0.450 0.497 0.551 0.566 0.581 0.596 0.138 0.487 0.541 0.546 0.568 0.197 0.320
0.007 -0.33541 6.00000 4.3871545792 2.6103849411    4.383  2.590  4.2499  4.442    0  0.000  0.538     0.00     0.00 -1    -1e-30      0.00 7.318e-01 2.611e-01 1.255e-03 3.426e-04 3.113e-03 -1.000 7.072e-03 -1.704 0.337 0.439 0.486 0.540 0.556 0.570 0.586 0.127 0.476 0.530 0.535 0.558 0.187 0.309
0.007 -0.33541 6.00000 4.4334468842 2.6107041836    4.430  2.602  4.2517  4.442    0  0.000  0.538     0.00     0.00 -1    -1e-30      0.00 7.318e-01 2.611e-01 1.255e-03 3.426e-04 3.113e-03 -1.000 7.072e-03 -1.734 0.320 0.422 0.470 0.524 0.540 0.554 0.570 0.112 0.461 0.515 0.519 0.542 0.171 0.294
0.007 -0.33541 6.00000 4.5315971375 2.6113562584    4.528  2.635  4.2572  4.440    0  0.000  0.538     0.00     0.00 -1    -1e-30      0.00 7.318e-01 2.611e-01 1.255e-03 3.426e-04 3.113e-03 -1.000 7.072e-03 -1.818 0.276 0.379 0.428 0.483 0.499 0.514 0.530 0.072 0.421 0.475 0.478 0.501 0.131 0.254
0.007 -0.33541 6.00000 4.7267112732 2.6125602722    4.724  2.698  4.2676  4.436    0  0.000  0.538     0.00     0.00 -1    -1e-30      0.00 7.318e-01 2.611e-01 1.255e-03 3.426e-04 3.113e-03 -1.000 7.072e-03 -1.976 0.191 0.296 0.347 0.404 0.421 0.436 0.453 -0.004 0.345 0.398 0.399 0.423 0.054 0.178
0.007 -0.33541 6.00000 4.9218254089 2.6136555672    4.919  2.759  4.2773  4.432    0  0.000  0.538     0.00     0.00 -1    -1e-30      0.00 7.318e-01 2.611e-01 1.255e-03 3.426e-04 3.113e-03 -1.000 7.072e-03 -2.128 0.109 0.216 0.268 0.327 0.344 0.360 0.377 -0.078 0.271 0.324 0.321 0.346 -0.021 0.104
0.007 -0.33541 6.00000 5.1169390678 2.6146550179    5.116  2.818  4.2868  4.428    0  0.000  0.538     0.00     0.00 -1    -1e-30      0.00 7.318e-01 2.611e-01 1.255e-03 3.426e-04 3.113e-03 -1.000 7.072e-03 -2.275 0.030 0.138 0.192 0.253 0.271 0.287 0.305 -0.148 0.201 0.253 0.247 0.273 -0.093 0.034
0.007 -0.33541 6.00000 5.3120536804 2.6155707836    5.311  2.874  4.2956  4.424    1  0.000  0.538     0.00     0.00 -1    -1e-30      0.00 7.318e-01 2.611e-01 1.255e-03 3.426e-04 3.113e-03 -1.000 7.072e-03 -2.414 -0.047 0.063 0.118 0.181 0.199 0.216 0.235 -0.217 0.133 0.185 0.175 0.202 -0.162 -0.035
0.007 -0.33541 6.00000 5.5071678162 2.6164121628    5.507  2.927  4.3035  4.418    1  0.000  0.538     0.00     0.00 -1    -1e-30      0.00 7.318e-01 2.611e-01 1.255e-03 3.426e-04 3.113e-03 -1.000 7.072e-03 -2.547 -0.125 -0.012 0.044 0.108 0.127 0.145 0.164 -0.286 0.063 0.116 0.102 0.129 -0.233 -0.105
0.007 -0.33541 6.00000 5.7056989670 2.6172006130    5.706  2.979  4.3126  4.418    0  0.000  0.538     0.00     0.00 -1    -1e-30      0.00 7.318e-01 2.611e-01 1.255e-03 3.426e-04 3.113e-03 -1.000 7.072e-03 -2.678 -0.192 -0.078 -0.020 0.046 0.066 0.084 0.104 -0.344 0.005 0.058 0.040 0.068 -0.292 -0.163
0.007 -0.33541 6.00000 5.7824001312 2.6174888611    5.782  2.999  4.3157  4.416    0  0.000  0.538     0.00     0.00 -1    -1e-30      0.00 7.318e-01 2.611e-01 1.255e-03 3.426e-04 3.113e-03 -1.000 7.072e-03 -2.727 -0.219 -0.105 -0.046 0.020 0.040 0.059 0.079 -0.369 -0.019 0.034 0.014 0.043 -0.317 -0.187
0.007 -0.33541 6.00000 5.9042310715 2.6179287434    5.904  3.030  4.3206  4.414    0  0.000  0.538     0.00     0.00 -1    -1e-30      0.00 7.318e-01 2.611e-01 1.255e-03 3.426e-04 3.113e-03 -1.000 7.072e-03 -2.804 -0.262 -0.147 -0.087 -0.020 0.001 0.019 0.040 -0.407 -0.057 -0.003 -0.026 0.003 -0.355 -0.225
0.007 -0.33541 6.00000 6.1027631760 2.6186022758    6.102  3.078  4.3283  4.410    0  0.000  0.538     0.00     0.00 -1    -1e-30      0.00 7.318e-01 2.611e-01 1.255e-03 3.426e-04 3.113e-03 -1.000 7.072e-03 -2.926 -0.331 -0.214 -0.153 -0.084 -0.063 -0.043 -0.021 -0.467 -0.117 -0.063 -0.090 -0.060 -0.417 -0.285
0.007 -0.33541 6.00000 6.3012952805 2.6192274094    6.300  3.126  4.3358  4.407    0  0.000  0.538     0.00     0.00 -1    -1e-30      0.00 7.318e-01 2.611e-01 1.255e-03 3.426e-04 3.113e-03 -1.000 7.072e-03 -3.044 -0.397 -0.279 -0.216 -0.146 -0.124 -0.104 -0.081 -0.525 -0.176 -0.121 -0.152 -0.121 -0.476 -0.343
0.007 -0.33541 6.00000 6.4998273849 2.6198089123    6.495  3.169  4.3422  4.402    0  0.000  0.538     0.00     0.00 -1    -1e-30      0.00 7.318e-01 2.611e-01 1.255e-03 3.426e-04 3.113e-03 -1.000 7.072e-03 -3.153 -0.462 -0.342 -0.279 -0.206 -0.184 -0.163 -0.140 -0.583 -0.233 -0.178 -0.213 -0.181 -0.534 -0.401
0.007 -0.33541 6.00000 7.0954227448 2.6213309765    7.086  3.295  4.3622  4.394    0  0.000  0.538     0.00     0.00 -1    -1e-30      0.00 7.318e-01 2.611e-01 1.255e-03 3.426e-04 3.113e-03 -1.000 7.072e-03 -3.468 -0.641 -0.517 -0.450 -0.372 -0.348 -0.326 -0.300 -0.741 -0.390 -0.333 -0.380 -0.345 -0.693 -0.559
0.007 -0.33541 6.00000 8.0880823135 2.6233041286    8.083  3.481  4.3901  4.377    1  0.000  0.538     0.00     0.00 -1    -1e-30      0.00 7.318e-01 2.611e-01 1.255e-03 3.426e-04 3.113e-03 -1.000 7.072e-03 -3.932 -0.919 -0.789 -0.716 -0.631 -0.604 -0.579 -0.552 -0.990 -0.638 -0.577 -0.640 -0.601 -0.943 -0.808
0.007 -0.33541 6.00000 9.0807418823 2.6247899532    9.072  3.642  4.4135  4.360    1  0.000  0.538     0.00     0.00 -1    -1e-30      0.00 7.318e-01 2.611e-01 1.255e-03 3.426e-04 3.113e-03 -1.000 7.072e-03 -4.334 -1.173 -1.061 -0.985 -0.920 -0.896 -1.284 -2.192 -1.783 -1.486 -2.946 -0.926 -0.902 -2.143 -1.985
0.007 -0.33541 6.00000 10.0734024048 2.6259441376   10.068  3.784  4.4346  4.347    1  0.000  0.538     0.00     0.00 -1    -1e-30      0.00 7.318e-01 2.611e-01 1.255e-03 3.426e-04 3.113e-03 -1.000 7.072e-03 -4.689 -1.406 -1.284 -1.194 -1.132 -1.121 -1.510 -2.418 -1.992 -1.704 -3.163 -1.136 -1.127 -2.367 -2.194
0.007 -0.33541 6.00000 10.9746503830 2.6267867088   10.974  3.899  4.4517  4.338    1  0.000  0.538     0.00     0.00 -1    -1e-30      0.00 7.318e-01 2.611e-01 1.255e-03 3.426e-04 3.113e-03 -1.000 7.072e-03 -4.979 -1.611 -1.474 -1.375 -1.329 -1.329 -1.718 -2.626 -2.183 -1.878 -3.333 -1.328 -1.335 -2.570 -2.383
0.007 -0.33541 6.00000 11.0660619736 2.6268634796   11.065  3.911  4.4534  4.337    1  0.000  0.538     0.00     0.00 -1    -1e-30      0.00 7.318e-01 2.611e-01 1.255e-03 3.426e-04 3.113e-03 -1.000 7.072e-03 -5.007 -1.624 -1.487 -1.392 -1.346 -1.343 -1.733 -2.641 -2.200 -1.894 -3.351 -1.345 -1.350 -2.585 -2.400
0.007 -0.33541 6.00000 12.0587215424 2.6276111603   12.055  4.024  4.4694  4.325    1  0.000  0.538     0.00     0.00 -1 -4.22e-30      0.00 7.318e-01 2.611e-01 1.256e-03 3.426e-04 3.113e-03 -1.000 7.072e-03 -5.289 -1.764 -1.631 -1.564 -1.520 -1.502 -1.891 -2.799 -2.378 -2.058 -3.531 -1.524 -1.508 -2.749 -2.582
0.007 -0.33541 6.00000 13.1104917526 2.6282627583   13.101  4.132  4.4845  4.313    1  0.000  0.542     0.00     0.00 -1 -9.08e-19      0.00 7.317e-01 2.612e-01 1.265e-03 3.429e-04 3.112e-03 -1.000 7.072e-03 -5.560 -1.940 -1.806 -1.729 -1.681 -1.661 -2.048 -2.956 -2.535 -2.214 -3.676 -1.685 -1.667 -2.906 -2.739
0.007 -0.33541 6.00000 14.0440425873 2.6287481785   14.031  4.221  4.4974  4.305    1  0.000  0.545     0.00     0.00 -1 -1.91e-09      0.00 7.317e-01 2.612e-01 1.272e-03 3.431e-04 3.112e-03 -1.000 7.072e-03 -5.784 -2.101 -1.964 -1.864 -1.809 -1.794 -2.178 -3.086 -2.656 -2.341 -3.782 -1.811 -1.799 -3.034 -2.859
0.007 -0.33541 6.00000 16.0293617249 2.6295678616   16.025  4.388  4.5208  4.290    1  0.000  0.545     0.00     0.00 -1 -4.42e-09      0.00 7.317e-01 2.612e-01 1.272e-03 3.431e-04 3.112e-03 -1.000 7.072e-03 -6.200 -2.371 -2.227 -2.134 -2.061 -2.026 -2.409 -3.317 -2.903 -2.582 -4.036 -2.069 -2.030 -3.266 -3.103
0.007 -0.33541 6.00000 17.0724678040 2.6299116611   17.059  4.465  4.5315  4.282    1  0.000  0.545     0.00     0.00 -1 -6.34e-09      0.00 7.317e-01 2.612e-01 1.272e-03 3.431e-04 3.112e-03 -1.000 7.072e-03 -6.394 -2.507 -2.357 -2.262 -2.177 -2.141 -2.525 -3.433 -3.022 -2.700 -4.153 -2.187 -2.146 -3.383 -3.222
0.007 -0.33541 6.00000 18.0146789551 2.6301834583   17.994  4.531  4.5407  4.276    1  0.000  0.545     0.00     0.00 -1 -8.62e-09      0.00 7.317e-01 2.612e-01 1.272e-03 3.431e-04 3.112e-03 -1.000 7.072e-03 -6.559 -2.630 -2.474 -2.374 -2.277 -2.244 -2.629 -3.538 -3.126 -2.803 -4.251 -2.286 -2.249 -3.487 -3.326
0.007 -0.33541 6.00000 20.0000000000 2.6306605339   19.981  4.656  4.5576  4.265    0  0.000  0.545     0.00     0.00 -1 -1.55e-08      0.00 7.317e-01 2.612e-01 1.272e-03 3.431e-04 3.112e-03 -1.000 7.072e-03 -6.870 -2.838 -2.675 -2.573 -2.478 -2.451 -2.837 -3.745 -3.327 -2.999 -4.448 -2.487 -2.457 -3.694 -3.528
0.007 -0.33541 6.00000 24.0000000000 2.6313521862   23.965  4.866  4.5853  4.245    0  0.000  0.545     0.00     0.00 -1 -3.87e-08      0.00 7.317e-01 2.612e-01 1.272e-03 3.431e-04 3.112e-03 -1.000 7.072e-03 -7.395 -3.157 -2.996 -2.898 -2.824 -2.799 -3.185 -4.093 -3.678 -3.351 -4.829 -2.831 -2.805 -4.043 -3.878
0.007 -0.33541 6.00000 26.7511749268 2.6316924095   26.679  4.985  4.6004  4.233    0  0.000  0.545     0.00     0.00 -1 -6.37e-08      0.00 7.317e-01 2.612e-01 1.272e-03 3.431e-04 3.112e-03 -1.000 7.072e-03 -7.692 -3.353 -3.199 -3.099 -3.011 -2.987 -3.373 -4.282 -3.886 -3.573 -5.072 -3.018 -2.992 -4.234 -4.084
0.007 -0.33541 6.00000 28.0000000000 2.6318216324   27.912  5.035  4.6067  4.228    0  0.000  0.545     0.00     0.00 -1 -7.85e-08      0.00 7.317e-01 2.612e-01 1.272e-03 3.431e-04 3.112e-03 -1.000 7.072e-03 -7.817 -3.428 -3.280 -3.184 -3.095 -3.072 -3.459 -4.367 -3.974 -3.680 -5.184 -3.102 -3.078 -4.319 -4.171
0.007 -0.33541 6.00000 30.0000000000 2.6320033073   29.887  5.108  4.6156  4.220    0  0.000  0.545     0.00     0.00 -1 -1.06e-07      0.00 7.317e-01 2.612e-01 1.272e-03 3.431e-04 3.112e-03 -1.000 7.072e-03 -8.000 -3.542 -3.393 -3.302 -3.219 -3.196 -3.584 -4.493 -4.127 -3.942 -5.522 -3.226 -3.202 -4.448 -4.319
0.007 -0.33541 6.00000 35.0000000000 2.6323544979   34.803  5.266  4.6342  4.202    0  0.000  0.545     0.00     0.00 -1 -1.96e-07      0.00 7.317e-01 2.612e-01 1.272e-03 3.431e-04 3.112e-03 -1.000 7.072e-03 -8.395 -3.803 -3.662 -3.576 -3.495 -3.475 -3.864 -4.773 -4.411 -4.230 -5.818 -3.502 -3.481 -4.729 -4.603
0.007 -0.33541 6.00000 39.3857460022 2.6325798035   39.104  5.381  4.6468  4.188    0  0.000  0.545     0.00     0.00 -1 -3.01e-07      0.00 7.317e-01 2.612e-01 1.272e-03 3.431e-04 3.112e-03 -1.000 7.072e-03 -8.683 -4.008 -3.870 -3.788 -3.709 -3.689 -4.079 -4.988 -4.641 -4.497 -6.128 -3.716 -3.695 -4.947 -4.832
0.007 -0.33541 6.00000 40.0000000000 2.6326069832   39.707  5.396  4.6484  4.186    0  0.000  0.545     0.00     0.00 -1 -3.18e-07      0.00 7.317e-01 2.612e-01 1.272e-03 3.431e-04 3.112e-03 -1.000 7.072e-03 -8.720 -4.035 -3.898 -3.816 -3.738 -3.717 -4.108 -5.017 -4.671 -4.532 -6.168 -3.745 -3.724 -4.975 -4.862
0.007 -0.33541 6.00000 45.0000000000 2.6327958107   44.586  5.507  4.6597  4.171    0  0.000  0.545     0.00     0.00 -1 -4.78e-07      0.00 7.317e-01 2.612e-01 1.272e-03 3.431e-04 3.112e-03 -1.000 7.072e-03 -8.996 -4.248 -4.107 -4.022 -3.944 -3.923 -4.313 -5.222 -4.886 -4.777 -6.435 -3.951 -3.929 -5.182 -5.076
0.007 -0.33541 6.00000 48.9716262817 2.6329147816   48.424  5.583  4.6669  4.160    0  0.000  0.545     0.00     0.00 -1 -6.22e-07      0.00 7.317e-01 2.612e-01 1.272e-03 3.431e-04 3.112e-03 -1.000 7.072e-03 -9.187 -4.399 -4.257 -4.169 -4.091 -4.070 -4.460 -5.370 -5.043 -4.963 -6.640 -4.098 -4.076 -5.331 -5.232
0.007 -0.33541 6.00000 50.0000000000 2.6329421997   49.416  5.602  4.6686  4.157    0  0.000  0.545     0.00     0.00 -1 -6.63e-07      0.00 7.317e-01 2.612e-01 1.272e-03 3.431e-04 3.112e-03 -1.000 7.072e-03 -9.234 -4.437 -4.294 -4.206 -4.128 -4.107 -4.497 -5.407 -5.082 -5.011 -6.693 -4.135 -4.113 -5.369 -5.271
0.007 -0.33541 6.00000 53.8188362122 2.6330330372   53.072  5.666  4.6741  4.146    0  0.000  0.545     0.00     0.00 -1 -8.32e-07      0.00 7.317e-01 2.612e-01 1.272e-03 3.431e-04 3.112e-03 -1.000 7.072e-03 -9.394 -4.570 -4.425 -4.335 -4.258 -4.237 -4.628 -5.537 -5.223 -5.184 -6.886 -4.265 -4.243 -5.501 -5.410
0.007 -0.33541 6.00000 55.0000000000 2.6330580711   54.204  5.685  4.6757  4.142    0  0.000  0.545     0.00     0.00 -1 -8.89e-07      0.00 7.317e-01 2.612e-01 1.272e-03 3.431e-04 3.112e-03 -1.000 7.072e-03 -9.441 -4.609 -4.464 -4.374 -4.297 -4.277 -4.667 -5.577 -5.266 -5.240 -6.949 -4.304 -4.283 -5.541 -5.453
0.007 -0.33541 6.00000 60.0000000000 2.6331522465   58.981  5.758  4.6815  4.129    0  0.000  0.545     0.00     0.00 -1 -1.14e-06      0.00 7.317e-01 2.612e-01 1.272e-03 3.431e-04 3.112e-03 -1.000 7.072e-03 -9.625 -4.716 -4.572 -4.497 -4.441 -4.444 -4.852 -5.765 -5.645 -6.019 -7.931 -4.444 -4.453 -5.757 -5.807
0.007 -0.33541 6.00000 62.7446594238 2.6331965923   61.620  5.795  4.6841  4.121    0  0.000  0.545     0.00     0.00 -1 -1.29e-06      0.00 7.317e-01 2.612e-01 1.272e-03 3.431e-04 3.112e-03 -1.000 7.072e-03 -9.717 -4.793 -4.649 -4.573 -4.519 -4.523 -4.931 -5.844 -5.729 -6.115 -8.030 -4.522 -4.532 -5.837 -5.890
0.007 -0.33541 6.00000 64.9999923706 2.6332299709   63.782  5.824  4.6861  4.115    0  0.000  0.545     0.00     0.00 -1 -1.43e-06      0.00 7.317e-01 2.612e-01 1.272e-03 3.431e-04 3.112e-03 -1.000 7.072e-03 -9.790 -4.855 -4.711 -4.634 -4.581 -4.586 -4.994 -5.906 -5.795 -6.190 -8.109 -4.584 -4.595 -5.900 -5.956
0.007 -0.33541 6.00000 70.0000000000 2.6332950592   68.480  5.884  4.6898  4.101    0  0.000  0.545     0.00     0.00 -1 -1.74e-06      0.00 7.317e-01 2.612e-01 1.272e-03 3.431e-04 3.112e-03 -1.000 7.072e-03 -9.939 -4.983 -4.839 -4.761 -4.710 -4.715 -5.123 -6.036 -5.930 -6.342 -8.268 -4.712 -4.724 -6.030 -6.089
0.007 -0.33541 6.00000 74.9999923706 2.6333501339   73.195  5.938  4.6928  4.088    0  0.000  0.545     0.00     0.00 -1 -2.08e-06      0.00 7.317e-01 2.612e-01 1.272e-03 3.431e-04 3.112e-03 -1.000 7.072e-03 -10.075 -5.102 -4.959 -4.879 -4.829 -4.835 -5.242 -6.155 -6.052 -6.478 -8.411 -4.831 -4.844 -6.149 -6.210
0.007 -0.33541 6.00000 78.5182189941 2.6333842278   76.421  5.972  4.6943  4.078    0  0.000  0.545     0.00     0.00 -1 -2.33e-06      0.00 7.317e-01 2.612e-01 1.272e-03 3.431e-04 3.112e-03 -1.000 7.072e-03 -10.160 -5.180 -5.036 -4.956 -4.906 -4.912 -5.319 -6.232 -6.129 -6.561 -8.497 -4.908 -4.921 -6.226 -6.287
0.007 -0.33541 6.00000 80.0000000000 2.6333973408   77.779  5.986  4.6950  4.075    0  0.000  0.545     0.00     0.00 -1 -2.44e-06      0.00 7.317e-01 2.612e-01 1.272e-03 3.431e-04 3.112e-03 -1.000 7.072e-03 -10.195 -5.211 -5.068 -4.988 -4.938 -4.943 -5.350 -6.263 -6.160 -6.594 -8.533 -4.939 -4.952 -6.257 -6.318
0.007 -0.33541 6.00000 84.7199554443 2.6334362030   82.273  6.030  4.6966  4.062    0  0.000  0.545     0.00     0.00 -1 -2.81e-06      0.00 7.317e-01 2.612e-01 1.272e-03 3.431e-04 3.112e-03 -1.000 7.072e-03 -10.305 -5.314 -5.170 -5.089 -5.039 -5.044 -5.450 -6.363 -6.259 -6.698 -8.642 -5.040 -5.053 -6.357 -6.417
0.007 -0.33541 6.00000 90.0000000000 2.6334741116   87.278  6.076  4.6982  4.047    0  0.000  0.545     0.00     0.00 -1 -3.27e-06      0.00 7.317e-01 2.612e-01 1.272e-03 3.431e-04 3.112e-03 -1.000 7.072e-03 -10.421 -5.423 -5.280 -5.197 -5.146 -5.150 -5.557 -6.469 -6.363 -6.806 -8.755 -5.148 -5.159 -6.462 -6.521
0.007 -0.33541 6.00000 98.0034408569 2.6335227489   94.691  6.138  4.6992  4.025    0  0.000  0.545     0.00     0.00 -1 -4.01e-06      0.00 7.317e-01 2.612e-01 1.272e-03 3.431e-04 3.112e-03 -1.000 7.072e-03 -10.576 -5.577 -5.433 -5.350 -5.296 -5.300 -5.705 -6.617 -6.504 -6.946 -8.900 -5.298 -5.308 -6.609 -6.662
0.007 -0.33541 6.00000 99.9999923706 2.6335334778   96.532  6.153  4.6995  4.020    0  0.000  0.545     0.00     0.00 -1  -4.2e-06      0.00 7.317e-01 2.612e-01 1.272e-03 3.431e-04 3.112e-03 -1.000 7.072e-03 -10.612 -5.614 -5.470 -5.386 -5.332 -5.335 -5.740 -6.653 -6.537 -6.978 -8.934 -5.334 -5.344 -6.644 -6.696
0.007 -0.33541 6.00000 101.9798278809 2.6335437298   98.350  6.167  4.6994  4.014    0  0.000  0.545     0.00     0.00 -1 -4.39e-06      0.00 7.317e-01 2.612e-01 1.272e-03 3.431e-04 3.112e-03 -1.000 7.072e-03 -10.647 -5.650 -5.506 -5.421 -5.367 -5.370 -5.774 -6.687 -6.569 -7.008 -8.964 -5.369 -5.378 -6.678 -6.727
0.007 -0.33541 6.00000 120.0000000000 2.6336188316  114.753  6.280  4.6982  3.963    0  0.000  0.545     0.00     0.00 -1 -6.39e-06      0.00 7.317e-01 2.612e-01 1.272e-03 3.431e-04 3.112e-03 -1.000 7.072e-03 -10.930 -5.949 -5.803 -5.716 -5.654 -5.651 -6.052 -6.964 -6.802 -7.170 -9.107 -5.657 -5.659 -6.948 -6.966
0.007 -0.33541 6.00000 136.4584350586 2.6336188316  129.611  6.365  4.6939  3.913    0  0.000  0.545     0.00     0.00 -1  -8.5e-06      0.00 7.317e-01 2.612e-01 1.272e-03 3.431e-04 3.112e-03 -1.000 7.072e-03 -11.143 -6.193 -6.045 -5.957 -5.889 -5.881 -6.279 -7.190 -6.977 -7.248 -9.146 -5.893 -5.888 -7.166 -7.149
0.007 -0.33541 6.00000 150.0000000000 2.6336188316  141.701  6.428  4.6897  3.872    0  0.000  0.545     0.00     0.00 -1 -1.05e-05      0.00 7.317e-01 2.612e-01 1.272e-03 3.431e-04 3.112e-03 -1.000 7.072e-03 -11.300 -6.361 -6.225 -6.153 -6.119 -6.138 -6.553 -7.468 -7.472 -8.113 -10.134 -6.118 -6.149 -7.478 -7.616
0.007 -0.33541 6.00000 181.4773254395 2.6336188316  169.504  6.547  4.6828  3.803    0  0.000  0.382     0.00     0.00 -1 -1.54e-05      0.00 7.244e-01 2.686e-01 7.787e-04 1.760e-03 2.155e-03 -1.000 7.042e-03 -11.598 -6.714 -6.576 -6.502 -6.459 -6.474 -6.886 -7.800 -7.758 -8.320 -10.318 -6.459 -6.484 -7.804 -7.909
0.007 -0.33541 6.00000 199.9999847412 2.6336188316  185.594  6.608  4.6793  3.768    0  0.000  0.313     0.00     0.00 -1 -1.87e-05      0.00 7.186e-01 2.744e-01 5.276e-04 2.540e-03 1.602e-03 -1.000 7.012e-03 -11.750 -6.893 -6.755 -6.681 -6.633 -6.645 -7.056 -7.970 -7.904 -8.425 -10.412 -6.634 -6.655 -7.970 -8.059
0.007 -0.33541 6.00000 241.7872467041 2.6336188316  221.498  6.722  4.6858  3.757    0  0.000  0.471     0.00     0.00 -1  -2.6e-05      0.00 6.866e-01 3.065e-01 1.215e-04 4.112e-03 3.514e-04 -1.000 6.904e-03 -12.035 -7.127 -6.990 -6.917 -6.878 -6.894 -7.308 -8.222 -8.200 -8.797 -10.806 -6.877 -6.904 -8.229 -8.349
0.007 -0.33541 6.00000 250.0000000000 2.6336188316  228.504  6.742  4.6872  3.756    0  0.000  0.515     0.00     0.00 -1 -2.75e-05      0.00 6.804e-01 3.127e-01 4.993e-05 4.379e-03 1.430e-04 -1.000 6.888e-03 -12.085 -7.166 -7.029 -6.957 -6.920 -6.937 -7.351 -8.266 -8.253 -8.865 -10.879 -6.919 -6.947 -8.273 -8.400
0.007 -0.33541 6.00000 285.2333374023 2.6336188316  258.680  6.819  4.6926  3.754    0  0.000  0.899     0.00     0.00 -1 -3.41e-05      0.00 6.591e-01 3.340e-01 5.116e-05 4.431e-03 8.166e-05 -1.000 6.909e-03 -12.277 -7.316 -7.181 -7.109 -7.079 -7.100 -7.516 -8.431 -8.455 -9.128 -11.159 -7.077 -7.111 -8.444 -8.596
0.007 -0.33541 6.00000 300.0000000000 2.6336188316  271.219  6.848  4.6948  3.754    0  0.000  1.039     0.00     0.00 -1  -3.7e-05      0.00 6.505e-01 3.426e-01 5.156e-05 4.444e-03 6.641e-05  5.352 6.918e-03 -12.351 -7.373 -7.238 -7.167 -7.139 -7.162 -7.579 -8.494 -8.532 -9.230 -11.268 -7.137 -7.173 -8.509 -8.671
0.007 -0.33541 6.00000 350.0000000000 2.6336188316   92.990  6.658  5.1499  5.300    0  0.000  4.822     0.00     0.00 -1 -0.000139      0.00 1.397e-03 4.485e-01 3.839e-01 6.553e-07 1.562e-01 13.202 5.501e-01 -11.874 -5.823 -5.895 -6.171 -6.617 -7.039 -7.116 -7.600 -9.352 -10.380 -11.404 -6.643 -7.032 -7.971 -9.080
0.007 -0.33541 6.00000 350.0002136230 2.6336188316  311.172  6.939  4.6976  3.735    0  0.000  1.292     0.00     0.00 -1 -4.19e-05      0.00 6.121e-01 3.810e-01 5.527e-05 4.445e-03 6.102e-05  6.112 6.872e-03 -12.576 -7.672 -7.560 -7.532 -7.587 -7.722 -7.748 -7.980 -8.976 -11.483 -11.625 -7.589 -7.711 -8.230 -8.907
0.007 -0.33541 6.00000 350.0005187988 2.6336188316  307.461  6.942  4.6911  3.700    0  0.000  1.314     0.00     0.00 -1 -3.72e-05      0.00 5.934e-01 3.996e-01 5.897e-05 4.435e-03 6.905e-05  6.004 6.919e-03 -12.585 -7.719 -7.603 -7.567 -7.607 -7.729 -7.752 -7.968 -8.929 -11.419 -11.548 -7.610 -7.718 -8.206 -8.861
0.007 -0.33541 6.00000 350.0007629395 2.6336188316  303.836  6.946  4.6847  3.665    0  0.000  1.326     0.00     0.00 -1 -3.35e-05      0.00 5.750e-01 4.181e-01 6.224e-05 4.425e-03 7.638e-05  5.856 6.947e-03 -12.594 -7.770 -7.651 -7.610 -7.639 -7.750 -7.770 -7.972 -8.898 -11.374 -11.487 -7.642 -7.740 -8.198 -8.832
0.007 -0.33541 6.00000 350.0010070801 2.6336188316  300.160  6.950  4.6789  3.633    0  0.000  1.337     0.00     0.00 -1 -3.05e-05      0.00 5.549e-01 4.382e-01 6.528e-05 4.416e-03 8.320e-05  5.636 6.913e-03 -12.604 -7.817 -7.695 -7.650 -7.669 -7.770 -7.788 -7.977 -8.873 -11.337 -11.436 -7.672 -7.760 -8.193 -8.809
0.007 -0.33541 6.00000 350.0011901855 2.6336188316  296.602  6.953  4.6736  3.604    0  0.000  1.347     0.00     0.00 -1 -2.78e-05      0.00 5.350e-01 4.581e-01 6.801e-05 4.408e-03 8.927e-05  5.215 6.921e-03 -12.613 -7.863 -7.740 -7.693 -7.709 -7.806 -7.822 -8.007 -8.892 -11.350 -11.442 -7.712 -7.796 -8.220 -8.828
0.007 -0.33541 6.00000 350.0013732910 2.6336188316  293.105  6.957  4.6676  3.571    0  0.000  1.355     0.00     0.00 -1  -2.6e-05      0.00 5.173e-01 4.757e-01 7.045e-05 4.401e-03 9.469e-05 -1.000 6.964e-03 -12.622 -7.917 -7.794 -7.748 -7.765 -7.862 -7.879 -8.066 -8.954 -11.412 -11.500 -7.768 -7.852 -8.280 -8.890
0.007 -0.33541 6.00000 350.0015563965 2.6336188316  289.395  6.960  4.6622  3.540    0  0.000  1.365     0.00     0.00 -1 -2.44e-05      0.00 4.973e-01 4.958e-01 7.285e-05 4.394e-03 9.994e-05 -1.000 6.887e-03 -12.631 -7.980 -7.860 -7.846 -7.837 -7.933 -7.956 -8.132 -9.081 -11.099 -11.377 -7.841 -7.926 -8.334 -8.968
0.007 -0.33541 6.00000 350.0018005371 2.6336188316  284.332  6.966  4.6546  3.496    0  0.000  1.381     0.00     0.00 -1 -2.28e-05      0.00 4.689e-01 5.242e-01 7.591e-05 4.386e-03 1.064e-04 -1.000 6.921e-03 -12.644 -8.054 -7.934 -7.920 -7.913 -8.010 -8.033 -8.211 -9.162 -11.183 -11.459 -7.917 -8.003 -8.415 -9.049
0.007 -0.33541 6.00000 350.0020141602 2.6336188316  278.816  6.971  4.6488  3.459    0  0.000  1.401     0.00     0.00 -1 -2.12e-05      0.00 4.371e-01 5.559e-01 7.897e-05 4.378e-03 1.127e-04 -1.000 6.970e-03 -12.658 -8.111 -7.991 -7.979 -7.973 -8.070 -8.094 -8.273 -9.227 -11.249 -11.526 -7.977 -8.063 -8.478 -9.113
0.007 -0.33541 6.00000 350.0021972656 2.6336188316  273.203  6.977  4.6439  3.425    0  0.000  1.423     0.00     0.00 -1 -1.98e-05      0.00 4.048e-01 5.882e-01 8.184e-05 4.370e-03 1.183e-04 -1.000 6.929e-03 -12.672 -8.155 -8.036 -8.024 -8.020 -8.118 -8.143 -8.323 -9.281 -11.304 -11.584 -8.023 -8.111 -8.530 -9.168
0.007 -0.33541 6.00000 350.0023498535 2.6336188316  268.730  6.982  4.6379  3.390    0  0.000  1.441     0.00     0.00 -1 -1.88e-05      0.00 3.800e-01 6.130e-01 8.398e-05 4.365e-03 1.224e-04 -1.000 6.967e-03 -12.684 -8.186 -8.073 -8.135 -8.093 -8.202 -8.242 -8.425 -9.678 -10.391 -11.290 -8.097 -8.202 -8.632 -9.408
0.007 -0.33541 6.00000 350.0025024414 2.6336188316  256.047  6.984  4.6682  3.487    0  0.000  1.513     0.00     0.00 -1 -5.15e-05      0.00 3.089e-01 6.842e-01 8.726e-05 4.360e-03 1.257e-04 -1.000 6.883e-03 -12.689 -8.013 -7.899 -7.962 -7.911 -8.018 -8.057 -8.237 -9.494 -10.192 -11.078 -7.916 -8.018 -8.440 -9.224
0.007 -0.33541 6.00000 350.0026245117 2.6336188316  227.791  6.948  4.6904  3.561    0  0.000  1.620     0.00     0.00 -1 -4.86e-05      0.00 2.410e-01 7.521e-01 9.083e-05 4.356e-03 1.279e-04 -1.000 6.913e-03 -12.601 -7.736 -7.620 -7.686 -7.626 -7.730 -7.769 -7.947 -9.208 -9.881 -10.749 -7.631 -7.730 -8.147 -8.938
0.007 -0.33541 6.00000 350.0027465820 2.6336188316  205.414  6.907  4.6860  3.540    0  0.000  1.649     0.00     0.00 -1 -4.12e-05      0.00 2.196e-01 7.734e-01 9.269e-05 4.352e-03 1.309e-04 -1.000 6.950e-03 -12.497 -7.668 -7.553 -7.617 -7.557 -7.661 -7.700 -7.877 -9.136 -9.812 -10.682 -7.563 -7.661 -8.077 -8.866
0.007 -0.33541 6.00000 350.0028076172 2.6336188316  194.602  6.885  4.6801  3.514    0  0.000  1.667     0.00     0.00 -1 -3.69e-05      0.00 2.092e-01 7.839e-01 9.373e-05 4.349e-03 1.324e-04 -1.000 6.950e-03 -12.444 -7.665 -7.550 -7.614 -7.558 -7.663 -7.702 -7.880 -9.138 -9.821 -10.696 -7.563 -7.663 -8.081 -8.868
0.007 -0.33541 6.00000 350.0028381348 2.6336188316  188.824  6.873  4.6738  3.488    0  0.000  1.678     0.00     0.00 -1 -3.48e-05      0.00 2.043e-01 7.887e-01 9.433e-05 4.348e-03 1.332e-04 -1.000 6.973e-03 -12.413 -7.689 -7.574 -7.638 -7.584 -7.690 -7.730 -7.909 -9.166 -9.857 -10.738 -7.590 -7.690 -8.111 -8.896
0.007 -0.33541 6.00000 350.0028991699 2.6336188316  178.973  6.852  4.6689  3.466    0  0.000  1.704     0.00     0.00 -1 -3.12e-05      0.00 1.936e-01 7.995e-01 9.554e-05 4.346e-03 1.346e-04 -1.000 6.938e-03 -12.360 -7.677 -7.563 -7.626 -7.575 -7.682 -7.721 -7.901 -9.159 -9.855 -10.740 -7.581 -7.682 -8.104 -8.889
0.007 -0.33541 6.00000 350.0029296875 2.6336188316  170.424  6.832  4.6596  3.427    0  0.000  1.736     0.00     0.00 -1 -2.72e-05      0.00 1.849e-01 8.082e-01 9.679e-05 4.343e-03 1.358e-04 -1.000 6.941e-03 -12.311 -7.708 -7.594 -7.657 -7.611 -7.719 -7.758 -7.940 -9.196 -9.904 -10.797 -7.616 -7.719 -8.145 -8.926
0.007 -0.33541 6.00000 350.0029602051 2.6336188316  166.215  6.822  4.6566  3.415    0  0.000  1.758     0.00     0.00 -1 -2.55e-05      0.00 1.799e-01 8.131e-01 9.754e-05 4.342e-03 1.364e-04 -1.000 6.951e-03 -12.286 -7.708 -7.595 -7.658 -7.612 -7.721 -7.760 -7.943 -9.199 -9.910 -10.806 -7.617 -7.721 -8.148 -8.929
0.007 -0.33541 6.00000 350.0029907227 2.6336188316  160.764  6.809  4.6532  3.400    0  0.000  1.796     0.00     0.00 -1 -2.31e-05      0.00 1.733e-01 8.197e-01 9.873e-05 4.340e-03 1.370e-04 -1.000 6.944e-03 -12.253 -7.705 -7.592 -7.654 -7.611 -7.720 -7.759 -7.942 -9.198 -9.913 -10.812 -7.615 -7.719 -8.148 -8.928
0.007 -0.33541 6.00000 350.0030212402 2.6336188316  157.752  6.802  4.6507  3.389    0  0.000  1.824     0.00     0.00 -1 -5.46e-05      0.00 1.693e-01 8.238e-01 9.953e-05 4.338e-03 1.374e-04 -1.000 6.890e-03 -12.235 -7.715 -7.604 -7.672 -7.639 -7.760 -7.800 -7.996 -9.268 -9.990 -10.891 -7.645 -7.760 -8.208 -8.998
0.007 -0.33541 6.00000 350.0030517578 2.6336188316  151.148  6.788  4.6777  3.492    0  0.000  1.915     0.00     0.00 -1 -6.31e-05      0.00 1.538e-01 8.392e-01 1.018e-04 4.336e-03 1.377e-04 -1.000 6.955e-03 -12.199 -7.513 -7.418 -7.535 -7.519 -7.671 -7.722 -7.952 -9.296 -10.070 -10.996 -7.523 -7.671 -8.190 -9.025
0.007 -0.33541 6.00000 350.0030822754 2.6336188316  144.096  6.793  4.8712  4.240    0  0.000  2.046     0.00     0.00 -1 -6.73e-05      0.00 1.250e-01 8.680e-01 1.042e-04 4.333e-03 1.373e-04  5.922 6.965e-03 -12.213 -6.318 -6.280 -6.483 -6.630 -6.922 -6.993 -7.377 -9.009 -9.981 -10.960 -6.650 -6.920 -7.718 -8.738
0.007 -0.33541 6.00000 350.0031127930 2.6336188316  137.193  6.781  4.9338  4.482    0  0.000 14.475     0.00     0.00 -1 -6.67e-05      0.00 9.532e-02 8.913e-01 6.071e-03 3.666e-03 2.146e-04  9.713 1.337e-02 -12.182 -5.944 -5.924 -6.072 -6.337 -6.655 -6.737 -7.144 -8.851 -9.905 -10.912 -6.353 -6.652 -7.505 -8.579
0.007 -0.33541 6.00000 350.0031433105 2.6336188316  129.516  6.786  5.0593  4.954    0  0.000 42.267     0.00     0.00 -1 -6.89e-05      0.00 5.318e-02 9.014e-01 3.603e-02 1.725e-03 1.164e-03 10.741 4.539e-02 -12.195 -5.451 -5.467 -5.609 -5.986 -6.296 -6.437 -6.843 -8.615 -9.841 -10.945 -5.981 -6.300 -7.216 -8.340
0.007 -0.33541 6.00000 350.0031738281 2.6336188316  121.805  6.759  5.1133  5.170    0  0.000 34.874     0.00     0.00 -1 -5.63e-05      0.00 2.334e-02 8.480e-01 1.144e-01 1.094e-05 5.038e-03 11.597 1.286e-01 -12.126 -5.129 -5.134 -5.283 -5.699 -5.994 -6.182 -6.577 -8.339 -9.549 -10.670 -5.684 -6.006 -6.953 -8.064
0.007 -0.33541 6.00000 350.0032348633 2.6336188316  114.329  6.730  5.1097  5.157    0  0.000 18.731     0.00     0.00 -1 -4.22e-05      0.00 2.364e-02 7.656e-01 1.860e-01 1.108e-05 1.545e-02 11.789 2.107e-01 -12.055 -4.918 -4.907 -5.031 -5.414 -5.688 -5.880 -6.262 -8.011 -9.202 -10.316 -5.396 -5.701 -6.637 -7.736
0.007 -0.33541 6.00000 350.0032958984 2.6336188316  106.978  6.701  5.1056  5.140    0  0.000 10.066     0.00     0.00 -1 -2.91e-05      0.00 2.402e-02 6.586e-01 2.710e-01 1.126e-05 3.698e-02 11.926 3.174e-01 -11.983 -4.687 -4.653 -4.742 -5.070 -5.313 -5.499 -5.863 -7.594 -8.741 -9.848 -5.050 -5.327 -6.235 -7.319
0.007 -0.33541 6.00000 350.0033569336 2.6336188316  100.188  6.676  5.1016  5.121    0  0.000  6.040     0.00     0.00 -1 -1.73e-05      0.00 2.458e-02 5.223e-01 3.530e-01 1.152e-05 9.049e-02 11.985 4.531e-01 -11.921 -4.435 -4.371 -4.407 -4.641 -4.834 -4.998 -5.323 -7.031 -8.132 -9.195 -4.622 -4.846 -5.684 -6.756
0.007 -0.33541 6.00000 350.0034484863 2.6336188316   92.680  6.647  5.1004  5.111    0  0.000  2.738     0.00     0.00 -1 -1.91e-05      0.00 2.528e-02 3.278e-01 3.984e-01 1.185e-05 2.386e-01 11.859 6.469e-01 -11.849 -4.437 -4.382 -4.436 -4.705 -4.917 -5.090 -5.432 -7.152 -8.258 -9.334 -4.685 -4.930 -5.800 -6.877
0.007 -0.33541 6.00000 350.0035095215 2.6336188316   86.908  6.622  5.1049  5.126    0  0.000  1.396     0.00     0.00 -1 -2.34e-05      0.00 2.571e-02 2.031e-01 3.653e-01 1.205e-05 3.952e-01 11.349 7.712e-01 -11.786 -4.479 -4.442 -4.529 -4.852 -5.092 -5.278 -5.639 -7.369 -8.511 -9.617 -4.832 -5.106 -6.011 -7.094
0.007 -0.33541 6.00000 350.0035400391 2.6336188316   82.567  6.601  5.1123  5.155    0  0.000  0.811     0.00     0.00 -1 -2.59e-05      0.00 2.597e-02 1.283e-01 3.020e-01 1.217e-05 5.315e-01 -1.000 8.457e-01 -11.734 -4.477 -4.456 -4.561 -4.914 -5.170 -5.360 -5.732 -7.478 -8.650 -9.759 -4.894 -5.184 -6.108 -7.203
0.007 -0.33541 6.00000 350.0035705566 2.6336188316   79.047  6.584  5.1220  5.192    0  0.000  0.532     0.00     0.00 -1 -2.73e-05      0.00 2.615e-02 8.484e-02 2.388e-01 1.226e-05 6.344e-01 -1.000 8.890e-01 -11.690 -4.433 -4.426 -4.543 -4.916 -5.183 -5.378 -5.758 -7.521 -8.709 -9.813 -4.896 -5.197 -6.138 -7.246
0.007 -0.33541 6.00000 350.0036010742 2.6336188316   74.256  6.631  4.9667  4.497    0  0.000  0.336     0.00     0.00 -1 -5.14e-05      0.00 2.638e-02 4.714e-02 1.693e-01 1.237e-05 7.228e-01 -1.000 9.265e-01 -11.807 -5.605 -5.622 -5.811 -6.141 -6.485 -6.587 -7.010 -8.751 -9.788 -10.773 -6.151 -6.484 -7.383 -8.479
#isochrone terminated
