# File generated by CMD 3.3 (http://stev.oapd.inaf.it/cmd) on Wed Apr 22 16:18:16 CEST 2020
# isochrones based on PARSEC release v1.2S +  COLIBRI S_35
# Basic references: Bressan et al. (2012), MNRAS, 427, 127 + Chen et al. (2014, 2015), MNRAS, 444, 2525 + MNRAS, 452, 1068 + Tang et al. (2014), MNRAS, 445, 4287 + Marigo et al. (2017), ApJ, 835, 77 + Pastorelli al. (2019), MNRAS in press
# Thermal pulse cycles included 
# On RGB, assumed Reimers mass loss with efficiency eta=0.2
# Photometric system:  2MASS + Spitzer (IRAC+MIPS) + WISE
# Using YBC version of bolometric corrections as in Chen et al. (2019)
# O-rich circumstellar dpmod60alox40 dust from Groenewegen (2006)
# C-rich circumstellar AMCSIC15 dust from Groenewegen (2006)
# IMF: Kroupa (2001, 2002) + Kroupa et al. (2013) canonical two-part-power law IMF corrected for unresolved binaries 
# Kind of output: isochrone tables
# Zini     MH   logAge Mini        int_IMF         Mass   logL    logTe  logg  label   McoreTP C_O  period0 period1 pmode  Mloss  tau1m   X   Y   Xc  Xn  Xo  Cexcess  Z 	 mbolmag  Jmag    Hmag    Ksmag   IRAC_3.6mag  IRAC_4.5mag  IRAC_5.8mag  IRAC_8.0mag  MIPS_24mag  MIPS_70mag  MIPS_160mag  W1mag   W2mag   W3mag   W4mag
0.01 -0.17553 6.00000 0.0900000036 1.0816895962    0.090 -1.262  3.4570  3.434    0  0.000  0.545     0.00     0.00 -1 -4.45e-14      0.00 7.230e-01 2.670e-01 1.798e-03 4.851e-04 4.400e-03 -1.000 1.000e-02 7.924 5.890 5.345 5.033 4.635 4.483 4.438 4.367 3.751 3.727 3.792 4.761 4.487 4.330 3.941
0.01 -0.17553 6.00000 0.1000000015 1.1711064577    0.100 -1.167  3.4636  3.412    0  0.000  0.545     0.00     0.00 -1 -5.38e-14      0.00 7.230e-01 2.670e-01 1.798e-03 4.851e-04 4.400e-03 -1.000 1.000e-02 7.688 5.665 5.110 4.811 4.431 4.283 4.240 4.175 3.564 3.544 3.615 4.555 4.288 4.141 3.754
0.01 -0.17553 6.00000 0.1200000048 1.3193155527    0.120 -1.002  3.4753  3.372    0  0.000  0.545     0.00     0.00 -1 -7.51e-14      0.00 7.230e-01 2.670e-01 1.798e-03 4.851e-04 4.400e-03 -1.000 1.000e-02 7.276 5.272 4.693 4.418 4.073 3.934 3.896 3.837 3.238 3.226 3.306 4.193 3.939 3.811 3.428
0.01 -0.17553 6.00000 0.1303142607 1.3837283850    0.130 -0.929  3.4808  3.357    0  0.000  0.545     0.00     0.00 -1 -8.67e-14      0.00 7.230e-01 2.670e-01 1.798e-03 4.851e-04 4.400e-03 -1.000 1.000e-02 7.093 5.101 4.507 4.243 3.916 3.781 3.745 3.689 3.095 3.088 3.173 4.034 3.786 3.666 3.285
0.01 -0.17553 6.00000 0.1400000006 1.4384527206    0.140 -0.863  3.4856  3.341    0  0.000  0.545     0.00     0.00 -1 -9.93e-14      0.00 7.230e-01 2.670e-01 1.798e-03 4.851e-04 4.400e-03 -1.000 1.000e-02 6.927 4.946 4.337 4.081 3.771 3.640 3.605 3.551 2.962 2.961 3.051 3.886 3.646 3.532 3.152
0.01 -0.17553 6.00000 0.1528321803 1.5038125515    0.153 -0.788  3.4916  3.328    0  0.000  0.545     0.00     0.00 -1 -1.15e-13      0.00 7.230e-01 2.670e-01 1.798e-03 4.851e-04 4.400e-03 -1.000 1.000e-02 6.739 4.772 4.144 3.898 3.607 3.484 3.449 3.397 2.816 2.821 2.916 3.719 3.489 3.383 3.005
0.01 -0.17553 6.00000 0.1613396555 1.5433347225    0.161 -0.745  3.4950  3.323    0  0.000  0.545     0.00     0.00 -1 -1.24e-13      0.00 7.230e-01 2.670e-01 1.798e-03 4.851e-04 4.400e-03 -1.000 1.000e-02 6.633 4.674 4.035 3.793 3.515 3.397 3.363 3.313 2.735 2.744 2.842 3.626 3.402 3.301 2.925
0.01 -0.17553 6.00000 0.1677441448 1.5713416338    0.168 -0.734  3.4967  3.335    0  0.000  0.545     0.00     0.00 -1 -1.23e-13      0.00 7.230e-01 2.670e-01 1.798e-03 4.851e-04 4.400e-03 -1.000 1.000e-02 6.604 4.650 4.006 3.767 3.493 3.377 3.343 3.294 2.719 2.729 2.828 3.603 3.382 3.284 2.908
0.01 -0.17553 6.00000 0.1740719676 1.5976805687    0.174 -0.707  3.4993  3.335    0  0.000  0.545     0.00     0.00 -1 -1.28e-13      0.00 7.230e-01 2.670e-01 1.798e-03 4.851e-04 4.400e-03 -1.000 1.000e-02 6.538 4.590 3.938 3.702 3.437 3.324 3.292 3.244 2.671 2.684 2.785 3.546 3.330 3.235 2.861
0.01 -0.17553 6.00000 0.1803419590 1.6225788593    0.180 -0.673  3.5021  3.328    0  0.000  0.545     0.00     0.00 -1 -1.38e-13      0.00 7.230e-01 2.670e-01 1.798e-03 4.851e-04 4.400e-03 -1.000 1.000e-02 6.453 4.512 3.850 3.618 3.363 3.255 3.223 3.176 2.607 2.623 2.726 3.470 3.261 3.169 2.797
0.01 -0.17553 6.00000 0.1854926497 1.6422051191    0.185 -0.642  3.5046  3.318    0  0.000  0.545     0.00     0.00 -1 -1.48e-13      0.00 7.230e-01 2.670e-01 1.798e-03 4.851e-04 4.400e-03 -1.000 1.000e-02 6.374 4.439 3.767 3.539 3.294 3.189 3.158 3.113 2.546 2.565 2.669 3.399 3.196 3.107 2.736
0.01 -0.17553 6.00000 0.1914837062 1.6641608477    0.191 -0.609  3.5071  3.310    0  0.000  0.545     0.00     0.00 -1 -1.58e-13      0.00 7.230e-01 2.670e-01 1.798e-03 4.851e-04 4.400e-03 -1.000 1.000e-02 6.293 4.364 3.682 3.458 3.222 3.122 3.092 3.047 2.484 2.505 2.611 3.326 3.128 3.043 2.674
0.01 -0.17553 6.00000 0.2043611854 1.7084681988    0.204 -0.567  3.5111  3.312    0  0.000  0.545     0.00     0.00 -1 -1.68e-13      0.00 7.230e-01 2.670e-01 1.798e-03 4.851e-04 4.400e-03 -1.000 1.000e-02 6.188 4.270 3.576 3.356 3.132 3.039 3.010 2.966 2.408 2.434 2.543 3.235 3.046 2.965 2.598
0.01 -0.17553 6.00000 0.2141762376 1.7398700714    0.214 -0.572  3.5124  3.343    0  0.000  0.545     0.00     0.00 -1 -1.57e-13      0.00 7.230e-01 2.670e-01 1.798e-03 4.851e-04 4.400e-03 -1.000 1.000e-02 6.201 4.288 3.595 3.374 3.151 3.059 3.029 2.986 2.430 2.458 2.568 3.252 3.066 2.986 2.619
0.01 -0.17553 6.00000 0.2239852846 1.7694373131    0.224 -0.559  3.5150  3.359    0  0.000  0.545     0.00     0.00 -1 -1.55e-13      0.00 7.230e-01 2.670e-01 1.798e-03 4.851e-04 4.400e-03 -1.000 1.000e-02 6.168 4.263 3.565 3.346 3.129 3.041 3.010 2.967 2.415 2.447 2.559 3.227 3.047 2.969 2.604
0.01 -0.17553 6.00000 0.2338376343 1.7974872589    0.234 -0.526  3.5186  3.359    0  0.000  0.545     0.00     0.00 -1 -1.63e-13      0.00 7.230e-01 2.670e-01 1.798e-03 4.851e-04 4.400e-03 -1.000 1.000e-02 6.085 4.191 3.481 3.266 3.060 2.979 2.948 2.905 2.358 2.395 2.510 3.155 2.985 2.910 2.548
0.01 -0.17553 6.00000 0.2436858714 1.8240306377    0.244 -0.473  3.5233  3.343    0  0.000  0.545     0.00     0.00 -1 -1.84e-13      0.00 7.230e-01 2.670e-01 1.798e-03 4.851e-04 4.400e-03 -1.000 1.000e-02 5.953 4.073 3.345 3.135 2.945 2.874 2.844 2.802 2.262 2.305 2.421 3.037 2.881 2.810 2.451
0.01 -0.17553 6.00000 0.2590293586 1.8627212048    0.259 -0.433  3.5277  3.347    0  0.000  0.545     0.00     0.00 -1 -1.96e-13      0.00 7.230e-01 2.670e-01 1.798e-03 4.851e-04 4.400e-03 -1.000 1.000e-02 5.852 3.985 3.244 3.039 2.861 2.799 2.769 2.728 2.194 2.242 2.361 2.949 2.806 2.739 2.384
0.01 -0.17553 6.00000 0.2738776505 1.8974266052    0.274 -0.438  3.5296  3.384    0  0.000  0.545     0.00     0.00 -1  -1.8e-13      0.00 7.230e-01 2.670e-01 1.798e-03 4.851e-04 4.400e-03 -1.000 1.000e-02 5.865 4.006 3.267 3.061 2.883 2.824 2.792 2.752 2.221 2.272 2.392 2.970 2.830 2.764 2.411
0.01 -0.17553 6.00000 0.2888799310 1.9300923347    0.289 -0.434  3.5326  3.415    0  0.000  0.545     0.00     0.00 -1 -1.71e-13      0.00 7.230e-01 2.670e-01 1.798e-03 4.851e-04 4.400e-03 -1.000 1.000e-02 5.854 4.005 3.264 3.059 2.885 2.830 2.798 2.757 2.231 2.286 2.408 2.968 2.836 2.772 2.421
0.01 -0.17553 6.00000 0.3109096885 1.9742597342    0.311 -0.399  3.5386  3.436    0  0.000  0.545     0.00     0.00 -1 -1.74e-13      0.00 7.230e-01 2.670e-01 1.798e-03 4.851e-04 4.400e-03 -1.000 1.000e-02 5.768 3.939 3.184 2.984 2.823 2.780 2.747 2.706 2.190 2.252 2.376 2.901 2.786 2.725 2.380
0.01 -0.17553 6.00000 0.3331539631 2.0149104595    0.333 -0.375  3.5435  3.462    0  0.000  0.545     0.00     0.00 -1 -1.72e-13      0.00 7.230e-01 2.670e-01 1.798e-03 4.851e-04 4.400e-03 -1.000 1.000e-02 5.709 3.895 3.133 2.937 2.785 2.750 2.717 2.676 2.168 2.235 2.361 2.857 2.757 2.698 2.357
0.01 -0.17553 6.00000 0.3500000238 2.0434176922    0.350 -0.368  3.5466  3.489    0  0.000  0.545     0.00     0.00 -1 -1.66e-13      0.00 7.230e-01 2.670e-01 1.798e-03 4.851e-04 4.400e-03 -1.000 1.000e-02 5.690 3.887 3.123 2.929 2.781 2.752 2.718 2.676 2.173 2.245 2.371 2.851 2.758 2.701 2.363
0.01 -0.17553 6.00000 0.3753345013 2.0830888748    0.375 -0.334  3.5530  3.510    0  0.000  0.545     0.00     0.00 -1 -1.69e-13      0.00 7.230e-01 2.670e-01 1.798e-03 4.851e-04 4.400e-03 -1.000 1.000e-02 5.604 3.821 3.046 2.858 2.723 2.706 2.671 2.628 2.135 2.213 2.341 2.786 2.712 2.656 2.324
0.01 -0.17553 6.00000 0.4000000358 2.1185026169    0.400 -0.307  3.5585  3.533    0  0.000  0.545     0.00     0.00 -1  -1.7e-13      0.00 7.230e-01 2.670e-01 1.798e-03 4.851e-04 4.400e-03 -1.000 1.000e-02 5.537 3.772 2.990 2.807 2.682 2.674 2.638 2.594 2.109 2.194 2.322 2.740 2.680 2.626 2.298
0.01 -0.17553 6.00000 0.4378441870 2.1676530838    0.438 -0.254  3.5681  3.558    0  0.000  0.545     0.00     0.00 -1 -1.78e-13      0.00 7.230e-01 2.670e-01 1.798e-03 4.851e-04 4.400e-03 -1.000 1.000e-02 5.405 3.668 2.877 2.705 2.595 2.602 2.566 2.519 2.047 2.143 2.271 2.643 2.609 2.556 2.236
0.01 -0.17553 6.00000 0.4500000179 2.1822810173    0.450 -0.239  3.5710  3.566    0  0.000  0.545     0.00     0.00 -1  -1.8e-13      0.00 7.230e-01 2.670e-01 1.798e-03 4.851e-04 4.400e-03 -1.000 1.000e-02 5.367 3.639 2.847 2.677 2.571 2.583 2.546 2.498 2.030 2.129 2.257 2.617 2.589 2.537 2.220
0.01 -0.17553 6.00000 0.4834273756 2.2199926376    0.483 -0.191  3.5794  3.583    0  0.000  0.545     0.00     0.00 -1  -1.9e-13      0.00 7.230e-01 2.670e-01 1.798e-03 4.851e-04 4.400e-03 -1.000 1.000e-02 5.249 3.545 2.755 2.593 2.498 2.521 2.483 2.432 1.976 2.084 2.210 2.535 2.527 2.476 2.165
0.01 -0.17553 6.00000 0.5000000000 2.2374541759    0.500 -0.170  3.5833  3.592    0  0.000  0.545     0.00     0.00 -1 -1.94e-13      0.00 7.230e-01 2.670e-01 1.798e-03 4.851e-04 4.400e-03 -1.000 1.000e-02 5.194 3.501 2.714 2.556 2.465 2.492 2.454 2.401 1.950 2.061 2.187 2.499 2.498 2.447 2.140
0.01 -0.17553 6.00000 0.5067384243 2.2442946434    0.507 -0.161  3.5846  3.595    0  0.000  0.545     0.00     0.00 -1 -1.96e-13      0.00 7.230e-01 2.670e-01 1.798e-03 4.851e-04 4.400e-03 -1.000 1.000e-02 5.174 3.484 2.698 2.541 2.451 2.480 2.442 2.389 1.940 2.051 2.177 2.484 2.486 2.435 2.129
0.01 -0.17553 6.00000 0.5220869780 2.2591197491    0.522 -0.140  3.5881  3.600    0  0.000  0.545     0.00     0.00 -1 -2.02e-13      0.00 7.230e-01 2.670e-01 1.798e-03 4.851e-04 4.400e-03 -1.000 1.000e-02 5.121 3.441 2.658 2.504 2.418 2.450 2.413 2.358 1.913 2.027 2.152 2.448 2.456 2.406 2.102
0.01 -0.17553 6.00000 0.5381559730 2.2736034393    0.538 -0.119  3.5920  3.608    0  0.000  0.545     0.00     0.00 -1 -2.07e-13      0.00 7.230e-01 2.670e-01 1.798e-03 4.851e-04 4.400e-03 -1.000 1.000e-02 5.067 3.397 2.618 2.468 2.385 2.422 2.384 2.329 1.888 2.005 2.130 2.413 2.428 2.379 2.077
0.01 -0.17553 6.00000 0.5500000119 2.2836582661    0.550 -0.104  3.5950  3.614    0  0.000  0.545     0.00     0.00 -1  -2.1e-13      0.00 7.230e-01 2.670e-01 1.798e-03 4.851e-04 4.400e-03 -1.000 1.000e-02 5.029 3.366 2.592 2.444 2.365 2.404 2.367 2.311 1.873 1.992 2.117 2.391 2.410 2.362 2.062
0.01 -0.17553 6.00000 0.5691429973 2.2988965511    0.569 -0.079  3.5990  3.620    0  0.000  0.545     0.00     0.00 -1 -2.18e-13      0.00 7.230e-01 2.670e-01 1.798e-03 4.851e-04 4.400e-03 -1.000 1.000e-02 4.967 3.313 2.544 2.401 2.326 2.368 2.331 2.275 1.842 1.963 2.087 2.349 2.374 2.327 2.031
0.01 -0.17553 6.00000 0.5899659991 2.3141875267    0.590 -0.053  3.6035  3.627    0  0.000  0.545     0.00     0.00 -1 -2.25e-13      0.00 7.230e-01 2.670e-01 1.798e-03 4.851e-04 4.400e-03 -1.000 1.000e-02 4.901 3.258 2.498 2.358 2.287 2.332 2.296 2.239 1.810 1.934 2.058 2.308 2.339 2.294 1.999
0.01 -0.17553 6.00000 0.6000000238 2.3211214542    0.600 -0.041  3.6058  3.632    0  0.000  0.545     0.00     0.00 -1 -2.28e-13      0.00 7.230e-01 2.670e-01 1.798e-03 4.851e-04 4.400e-03 -1.000 1.000e-02 4.872 3.235 2.478 2.341 2.272 2.318 2.283 2.225 1.798 1.924 2.048 2.291 2.325 2.280 1.987
0.01 -0.17553 6.00000 0.6260902882 2.3379607201    0.626 -0.010  3.6109  3.640    0  0.000  0.545     0.00     0.00 -1 -2.38e-13      0.00 7.230e-01 2.670e-01 1.798e-03 4.851e-04 4.400e-03 -1.000 1.000e-02 4.794 3.169 2.422 2.289 2.225 2.275 2.240 2.182 1.759 1.887 2.011 2.241 2.281 2.239 1.948
0.01 -0.17553 6.00000 0.6499999762 2.3520355225    0.650  0.019  3.6159  3.648    0  0.000  0.545     0.00     0.00 -1 -2.47e-13      0.00 7.230e-01 2.670e-01 1.798e-03 4.851e-04 4.400e-03 -1.000 1.000e-02 4.723 3.110 2.372 2.244 2.183 2.236 2.202 2.144 1.725 1.855 1.979 2.198 2.242 2.202 1.914
0.01 -0.17553 6.00000 0.6530969739 2.3537719250    0.653  0.022  3.6164  3.649    0  0.000  0.545     0.00     0.00 -1 -2.48e-13      0.00 7.230e-01 2.670e-01 1.798e-03 4.851e-04 4.400e-03 -1.000 1.000e-02 4.716 3.103 2.366 2.238 2.178 2.231 2.197 2.140 1.721 1.851 1.975 2.193 2.237 2.198 1.910
0.01 -0.17553 6.00000 0.6759844422 2.3660404682    0.676  0.048  3.6204  3.653    0  0.000  0.545     0.00     0.00 -1 -2.58e-13      0.00 7.230e-01 2.670e-01 1.798e-03 4.851e-04 4.400e-03 -1.000 1.000e-02 4.649 3.046 2.317 2.193 2.136 2.191 2.158 2.101 1.685 1.816 1.941 2.149 2.197 2.160 1.874
0.01 -0.17553 6.00000 0.6999363303 2.3778965473    0.700  0.076  3.6252  3.660    0  0.000  0.545     0.00     0.00 -1 -2.68e-13      0.00 7.230e-01 2.670e-01 1.798e-03 4.851e-04 4.400e-03 -1.000 1.000e-02 4.579 2.987 2.269 2.149 2.096 2.152 2.120 2.063 1.649 1.782 1.907 2.107 2.158 2.123 1.838
0.01 -0.17553 6.00000 0.7000000477 2.3779268265    0.700  0.076  3.6252  3.660    0  0.000  0.545     0.00     0.00 -1 -2.68e-13      0.00 7.230e-01 2.670e-01 1.798e-03 4.851e-04 4.400e-03 -1.000 1.000e-02 4.579 2.987 2.269 2.149 2.096 2.152 2.120 2.063 1.649 1.782 1.907 2.107 2.158 2.123 1.838
0.01 -0.17553 6.00000 0.7147628665 2.3847794533    0.715  0.098  3.6305  3.668    0  0.000  0.543     0.00     0.00 -1 -2.76e-13      0.00 7.230e-01 2.670e-01 1.791e-03 4.849e-04 4.400e-03 -1.000 1.000e-02 4.525 2.946 2.241 2.125 2.076 2.133 2.102 2.046 1.634 1.768 1.894 2.085 2.139 2.107 1.823
0.01 -0.17553 6.00000 0.7500000000 2.3998889923    0.750  0.151  3.6433  3.687    0  0.000  0.537     0.00     0.00 -1 -2.99e-13      0.00 7.230e-01 2.670e-01 1.774e-03 4.845e-04 4.401e-03 -1.000 1.000e-02 4.392 2.846 2.179 2.073 2.029 2.084 2.057 2.002 1.591 1.729 1.855 2.035 2.090 2.063 1.780
0.01 -0.17553 6.00000 0.7748478055 2.4095988274    0.775  0.173  3.6461  3.691    0  0.000  0.537     0.00     0.00 -1 -3.08e-13      0.00 7.230e-01 2.670e-01 1.774e-03 4.845e-04 4.401e-03 -1.000 1.000e-02 4.338 2.800 2.142 2.038 1.994 2.049 2.022 1.969 1.558 1.695 1.822 2.000 2.054 2.030 1.746
0.01 -0.17553 6.00000 0.7978261113 2.4179618359    0.798  0.194  3.6488  3.692    0  0.000  0.537     0.00     0.00 -1 -3.18e-13      0.00 7.230e-01 2.670e-01 1.774e-03 4.845e-04 4.401e-03 -1.000 1.000e-02 4.284 2.753 2.103 2.001 1.958 2.012 1.986 1.933 1.522 1.660 1.787 1.964 2.018 1.994 1.711
0.01 -0.17553 6.00000 0.8172234297 2.4246022701    0.817  0.210  3.6508  3.695    0  0.000  0.537     0.00     0.00 -1 -3.25e-13      0.00 7.230e-01 2.670e-01 1.774e-03 4.845e-04 4.401e-03 -1.000 1.000e-02 4.244 2.718 2.076 1.975 1.932 1.986 1.960 1.908 1.497 1.634 1.762 1.937 1.991 1.969 1.686
0.01 -0.17553 6.00000 0.8456522226 2.4337043762    0.845  0.235  3.6538  3.697    0  0.000  0.537     0.00     0.00 -1 -3.38e-13      0.00 7.230e-01 2.670e-01 1.774e-03 4.845e-04 4.401e-03 -1.000 1.000e-02 4.182 2.665 2.033 1.934 1.892 1.944 1.920 1.868 1.457 1.595 1.722 1.897 1.950 1.929 1.646
0.01 -0.17553 6.00000 0.8694138527 2.4407892227    0.869  0.254  3.6561  3.700    0  0.000  0.537     0.00     0.00 -1 -3.46e-13      0.00 7.230e-01 2.670e-01 1.774e-03 4.845e-04 4.401e-03 -1.000 1.000e-02 4.136 2.625 2.001 1.904 1.862 1.914 1.890 1.839 1.428 1.566 1.693 1.867 1.919 1.900 1.617
0.01 -0.17553 6.00000 0.8934782743 2.4475245476    0.893  0.272  3.6584  3.702    0  0.000  0.537     0.00     0.00 -1 -3.56e-13      0.00 7.230e-01 2.670e-01 1.774e-03 4.845e-04 4.401e-03 -1.000 1.000e-02 4.089 2.585 1.969 1.873 1.832 1.883 1.859 1.809 1.398 1.536 1.664 1.837 1.888 1.870 1.587
0.01 -0.17553 6.00000 0.9099478126 2.4518988132    0.909  0.284  3.6599  3.704    0  0.000  0.537     0.00     0.00 -1 -3.61e-13      0.00 7.230e-01 2.670e-01 1.774e-03 4.845e-04 4.401e-03 -1.000 1.000e-02 4.060 2.560 1.949 1.854 1.813 1.864 1.840 1.791 1.379 1.517 1.645 1.817 1.869 1.852 1.568
0.01 -0.17553 6.00000 0.9413043261 2.4597423077    0.941  0.308  3.6628  3.706    0  0.000  0.537     0.00     0.00 -1 -3.75e-13      0.00 7.230e-01 2.670e-01 1.774e-03 4.845e-04 4.401e-03 -1.000 1.000e-02 3.999 2.507 1.906 1.813 1.773 1.822 1.800 1.751 1.339 1.477 1.606 1.777 1.827 1.812 1.528
0.01 -0.17553 6.00000 0.9616763592 2.4645242691    0.961  0.322  3.6645  3.709    0  0.000  0.537     0.00     0.00 -1 -3.81e-13      0.00 7.230e-01 2.670e-01 1.774e-03 4.845e-04 4.401e-03 -1.000 1.000e-02 3.965 2.478 1.883 1.791 1.751 1.800 1.778 1.730 1.318 1.456 1.585 1.755 1.805 1.790 1.507
0.01 -0.17553 6.00000 0.9891304374 2.4706115723    0.989  0.342  3.6668  3.711    0  0.000  0.537     0.00     0.00 -1 -3.93e-13      0.00 7.230e-01 2.670e-01 1.774e-03 4.845e-04 4.401e-03 -1.000 1.000e-02 3.915 2.435 1.848 1.758 1.718 1.766 1.745 1.697 1.285 1.424 1.553 1.722 1.771 1.758 1.474
0.01 -0.17553 6.00000 1.0369565487 2.4803357124    1.036  0.375  3.6706  3.713    0  0.000  0.537     0.00     0.00 -1 -3.91e-13      0.00 7.230e-01 2.670e-01 1.774e-03 4.845e-04 4.401e-03 -1.000 1.000e-02 3.833 2.364 1.790 1.702 1.662 1.710 1.689 1.643 1.231 1.370 1.499 1.666 1.715 1.704 1.420
0.01 -0.17553 6.00000 1.0534391403 2.4834527969    1.053  0.385  3.6718  3.715    0  0.000  0.537     0.00     0.00 -1 -3.86e-13      0.00 7.230e-01 2.670e-01 1.774e-03 4.845e-04 4.401e-03 -1.000 1.000e-02 3.808 2.342 1.773 1.685 1.645 1.693 1.672 1.626 1.214 1.353 1.483 1.649 1.697 1.687 1.403
0.01 -0.17553 6.00000 1.0847826004 2.4890804291    1.084  0.406  3.6741  3.715    0  0.000  0.537     0.00     0.00 -1 -3.79e-13      0.00 7.230e-01 2.670e-01 1.774e-03 4.845e-04 4.401e-03 -1.000 1.000e-02 3.755 2.297 1.735 1.648 1.610 1.656 1.636 1.591 1.178 1.317 1.447 1.613 1.660 1.651 1.367
0.01 -0.17553 6.00000 1.1305789948 2.4966619015    1.130  0.434  3.6772  3.718    0  0.000  0.537     0.00     0.00 -1 -3.66e-13      0.00 7.230e-01 2.670e-01 1.774e-03 4.845e-04 4.401e-03 -1.000 1.000e-02 3.685 2.236 1.685 1.600 1.562 1.607 1.588 1.544 1.131 1.270 1.400 1.566 1.612 1.604 1.320
0.01 -0.17553 6.00000 1.1326086521 2.4969816208    1.132  0.435  3.6774  3.718    0  0.000  0.537     0.00     0.00 -1 -3.65e-13      0.00 7.230e-01 2.670e-01 1.774e-03 4.845e-04 4.401e-03 -1.000 1.000e-02 3.682 2.234 1.682 1.598 1.560 1.605 1.586 1.542 1.129 1.268 1.398 1.563 1.610 1.602 1.318
0.01 -0.17553 6.00000 1.1602208614 2.5012035370    1.159  0.452  3.6792  3.719    0  0.000  0.537     0.00     0.00 -1 -3.55e-13      0.00 7.230e-01 2.670e-01 1.774e-03 4.845e-04 4.401e-03 -1.000 1.000e-02 3.641 2.199 1.653 1.570 1.532 1.577 1.558 1.514 1.102 1.241 1.371 1.536 1.581 1.575 1.291
0.01 -0.17553 6.00000 1.1804348230 2.5041508675    1.180  0.464  3.6805  3.720    0  0.000  0.537     0.00     0.00 -1 -3.49e-13      0.00 7.230e-01 2.670e-01 1.774e-03 4.845e-04 4.401e-03 -1.000 1.000e-02 3.611 2.172 1.631 1.549 1.511 1.556 1.537 1.494 1.081 1.221 1.351 1.515 1.560 1.554 1.270
0.01 -0.17553 6.00000 1.2086843252 2.5080802441    1.208  0.479  3.6822  3.722    0  0.000  0.537     0.00     0.00 -1 -3.36e-13      0.00 7.230e-01 2.670e-01 1.774e-03 4.845e-04 4.401e-03 -1.000 1.000e-02 3.573 2.141 1.605 1.523 1.486 1.530 1.512 1.469 1.057 1.197 1.327 1.490 1.535 1.530 1.246
0.01 -0.17553 6.00000 1.2282608747 2.5106818676    1.228  0.490  3.6834  3.722    0  0.000  0.537     0.00     0.00 -1  -3.3e-13      0.00 7.230e-01 2.670e-01 1.774e-03 4.845e-04 4.401e-03 -1.000 1.000e-02 3.544 2.115 1.583 1.502 1.465 1.509 1.491 1.448 1.036 1.176 1.307 1.469 1.513 1.509 1.225
0.01 -0.17553 6.00000 1.2760869265 2.5166530609    1.276  0.517  3.6862  3.724    0  0.000  0.537     0.00     0.00 -1 -3.08e-13      0.00 7.230e-01 2.670e-01 1.774e-03 4.845e-04 4.401e-03 -1.000 1.000e-02 3.479 2.058 1.536 1.455 1.420 1.463 1.445 1.403 0.992 1.132 1.263 1.423 1.467 1.464 1.181
0.01 -0.17553 6.00000 1.3239130974 2.5221309662    1.324  0.542  3.6888  3.725    0  0.000  0.537     0.00     0.00 -1 -2.84e-13      0.00 7.230e-01 2.670e-01 1.774e-03 4.845e-04 4.401e-03 -1.000 1.000e-02 3.414 2.002 1.488 1.409 1.374 1.416 1.399 1.358 0.947 1.088 1.218 1.377 1.420 1.419 1.136
0.01 -0.17553 6.00000 1.3663527966 2.5266244411    1.366  0.564  3.6910  3.726    0  0.000  0.537     0.00     0.00 -1  -2.6e-13      0.00 7.230e-01 2.670e-01 1.774e-03 4.845e-04 4.401e-03 -1.000 1.000e-02 3.361 1.957 1.449 1.371 1.337 1.378 1.362 1.322 0.911 1.052 1.182 1.339 1.382 1.383 1.100
0.01 -0.17553 6.00000 1.3717391491 2.5271718502    1.372  0.566  3.6913  3.726    0  0.000  0.537     0.00     0.00 -1 -2.57e-13      0.00 7.230e-01 2.670e-01 1.774e-03 4.845e-04 4.401e-03 -1.000 1.000e-02 3.354 1.951 1.444 1.366 1.332 1.373 1.357 1.317 0.906 1.047 1.177 1.335 1.378 1.378 1.095
0.01 -0.17553 6.00000 1.4133499861 2.5312399864    1.413  0.586  3.6934  3.727    0  0.000  0.537     0.00     0.00 -1  -2.3e-13      0.00 7.230e-01 2.670e-01 1.774e-03 4.845e-04 4.401e-03 -1.000 1.000e-02 3.304 1.908 1.407 1.331 1.297 1.338 1.321 1.282 0.871 1.012 1.143 1.299 1.342 1.343 1.060
0.01 -0.17553 6.00000 1.4195654392 2.5318241119    1.420  0.590  3.6937  3.727    0  0.000  0.537     0.00     0.00 -1 -2.27e-13      0.00 7.230e-01 2.670e-01 1.774e-03 4.845e-04 4.401e-03 -1.000 1.000e-02 3.296 1.900 1.401 1.324 1.290 1.331 1.315 1.276 0.865 1.006 1.137 1.293 1.335 1.337 1.054
0.01 -0.17553 6.00000 1.4673912525 2.5361294746    1.467  0.614  3.6959  3.727    0  0.000  0.537     0.00     0.00 -1 -1.95e-13      0.00 7.230e-01 2.670e-01 1.774e-03 4.845e-04 4.401e-03 -1.000 1.000e-02 3.236 1.848 1.356 1.281 1.247 1.287 1.272 1.233 0.822 0.963 1.094 1.250 1.292 1.294 1.011
0.01 -0.17553 6.00000 1.4977388382 2.5386979580    1.498  0.628  3.6973  3.727    0  0.000  0.537     0.00     0.00 -1 -1.72e-13      0.00 7.230e-01 2.670e-01 1.774e-03 4.845e-04 4.401e-03 -1.000 1.000e-02 3.201 1.818 1.330 1.255 1.222 1.262 1.246 1.208 0.797 0.938 1.069 1.225 1.266 1.269 0.986
0.01 -0.17553 6.00000 1.5152174234 2.5401237011    1.515  0.636  3.6981  3.727    0  0.000  0.537     0.00     0.00 -1 -1.61e-13      0.00 7.230e-01 2.670e-01 1.774e-03 4.845e-04 4.401e-03 -1.000 1.000e-02 3.179 1.800 1.314 1.240 1.207 1.246 1.231 1.193 0.782 0.923 1.054 1.209 1.250 1.254 0.971
0.01 -0.17553 6.00000 1.5489573479 2.5427715778    1.549  0.652  3.6996  3.726    0  0.000  0.537     0.00     0.00 -1 -1.33e-13      0.00 7.230e-01 2.670e-01 1.774e-03 4.845e-04 4.401e-03 -1.000 1.000e-02 3.139 1.764 1.283 1.210 1.177 1.216 1.201 1.164 0.753 0.894 1.025 1.180 1.220 1.225 0.942
0.01 -0.17553 6.00000 1.5630435944 2.5438382626    1.563  0.659  3.7002  3.725    0  0.000  0.537     0.00     0.00 -1 -1.23e-13      0.00 7.230e-01 2.670e-01 1.774e-03 4.845e-04 4.401e-03 -1.000 1.000e-02 3.122 1.749 1.270 1.197 1.164 1.203 1.188 1.151 0.740 0.881 1.012 1.167 1.207 1.212 0.929
0.01 -0.17553 6.00000 1.6108696461 2.5473001003    1.610  0.681  3.7022  3.725    0  0.000  0.537     0.00     0.00 -1 -8.12e-14      0.00 7.230e-01 2.670e-01 1.774e-03 4.845e-04 4.401e-03 -1.000 1.000e-02 3.067 1.702 1.229 1.156 1.124 1.163 1.148 1.112 0.701 0.842 0.973 1.127 1.167 1.173 0.890
0.01 -0.17553 6.00000 1.6524258852 2.5501217842    1.652  0.698  3.7039  3.726    0  0.000  0.537     0.00     0.00 -1 -1.52e-16      0.00 7.230e-01 2.670e-01 1.774e-03 4.845e-04 4.401e-03 -1.000 1.000e-02 3.026 1.667 1.198 1.127 1.095 1.133 1.119 1.083 0.672 0.814 0.945 1.098 1.137 1.144 0.861
0.01 -0.17553 6.00000 1.6586956978 2.5505335331    1.658  0.700  3.7042  3.726    0  0.000  0.537     0.00     0.00 -1    -6e-17      0.00 7.230e-01 2.670e-01 1.774e-03 4.845e-04 4.401e-03 -1.000 1.000e-02 3.019 1.661 1.193 1.122 1.090 1.128 1.114 1.078 0.667 0.808 0.940 1.093 1.132 1.139 0.856
0.01 -0.17553 6.00000 1.7065217495 2.5535593033    1.706  0.723  3.7061  3.723    0  0.000  0.537     0.00     0.00 -1    -1e-30      0.00 7.230e-01 2.670e-01 1.774e-03 4.845e-04 4.401e-03 -1.000 1.000e-02 2.962 1.611 1.149 1.078 1.047 1.085 1.071 1.035 0.625 0.766 0.897 1.050 1.089 1.097 0.814
0.01 -0.17553 6.00000 1.7469693422 2.5559701920    1.746  0.739  3.7076  3.724    0  0.000  0.537     0.00     0.00 -1    -1e-30      0.00 7.230e-01 2.670e-01 1.774e-03 4.845e-04 4.401e-03 -1.000 1.000e-02 2.923 1.577 1.120 1.050 1.020 1.057 1.043 1.008 0.598 0.739 0.870 1.022 1.060 1.069 0.786
0.01 -0.17553 6.00000 1.7543479204 2.5563962460    1.753  0.741  3.7079  3.724    0  0.000  0.537     0.00     0.00 -1    -1e-30      0.00 7.230e-01 2.670e-01 1.774e-03 4.845e-04 4.401e-03 -1.000 1.000e-02 2.916 1.571 1.115 1.045 1.015 1.052 1.038 1.003 0.593 0.734 0.865 1.017 1.055 1.064 0.782
0.01 -0.17553 6.00000 1.7822551727 2.5579710007    1.781  0.753  3.7090  3.724    0  0.000  0.537     0.00     0.00 -1    -1e-30      0.00 7.230e-01 2.670e-01 1.774e-03 4.845e-04 4.401e-03 -1.000 1.000e-02 2.888 1.547 1.093 1.024 0.994 1.030 1.017 0.982 0.572 0.713 0.845 0.996 1.034 1.044 0.761
0.01 -0.17553 6.00000 1.8021739721 2.5590605736    1.801  0.762  3.7097  3.722    0  0.000  0.537     0.00     0.00 -1    -1e-30      0.00 7.230e-01 2.670e-01 1.774e-03 4.845e-04 4.401e-03 -1.000 1.000e-02 2.865 1.527 1.075 1.006 0.977 1.013 0.999 0.965 0.555 0.696 0.828 0.979 1.016 1.026 0.744
0.01 -0.17553 6.00000 1.8500000238 2.5615673065    1.849  0.782  3.7115  3.721    0  0.000  0.537     0.00     0.00 -1    -1e-30      0.00 7.230e-01 2.670e-01 1.774e-03 4.845e-04 4.401e-03 -1.000 1.000e-02 2.814 1.482 1.036 0.968 0.938 0.974 0.961 0.927 0.517 0.659 0.790 0.941 0.978 0.989 0.706
0.01 -0.17553 6.00000 1.8981708288 2.5639457703    1.897  0.802  3.7132  3.719    0  0.000  0.537     0.00     0.00 -1    -1e-30      0.00 7.230e-01 2.670e-01 1.774e-03 4.845e-04 4.401e-03 -1.000 1.000e-02 2.764 1.439 0.997 0.930 0.901 0.936 0.923 0.890 0.480 0.622 0.753 0.903 0.940 0.951 0.669
0.01 -0.17553 6.00000 1.9055715799 2.5642988682    1.905  0.805  3.7134  3.719    0  0.000  0.537     0.00     0.00 -1    -1e-30      0.00 7.230e-01 2.670e-01 1.774e-03 4.845e-04 4.401e-03 -1.000 1.000e-02 2.758 1.433 0.993 0.926 0.897 0.932 0.919 0.886 0.476 0.617 0.749 0.899 0.935 0.947 0.664
0.01 -0.17553 6.00000 1.9463415146 2.5661892891    1.946  0.822  3.7149  3.716    0  0.000  0.537     0.00     0.00 -1    -1e-30      0.00 7.230e-01 2.670e-01 1.774e-03 4.845e-04 4.401e-03 -1.000 1.000e-02 2.714 1.395 0.958 0.892 0.863 0.898 0.885 0.852 0.442 0.584 0.715 0.865 0.901 0.914 0.631
0.01 -0.17553 6.00000 1.9945122004 2.5683085918    1.995  0.843  3.7165  3.712    0  0.000  0.537     0.00     0.00 -1    -1e-30      0.00 7.230e-01 2.670e-01 1.774e-03 4.845e-04 4.401e-03 -1.000 1.000e-02 2.661 1.348 0.916 0.851 0.822 0.857 0.844 0.812 0.402 0.544 0.675 0.824 0.860 0.873 0.591
0.01 -0.17553 6.00000 2.0426828861 2.5703134537    2.042  0.860  3.7182  3.712    0  0.000  0.537     0.00     0.00 -1    -1e-30      0.00 7.230e-01 2.670e-01 1.774e-03 4.845e-04 4.401e-03 -1.000 1.000e-02 2.619 1.312 0.885 0.820 0.792 0.826 0.814 0.782 0.372 0.514 0.645 0.794 0.829 0.843 0.561
0.01 -0.17553 6.00000 2.0908539295 2.5722124577    2.090  0.882  3.7198  3.707    0  0.000  0.537     0.00     0.00 -1    -1e-30      0.00 7.230e-01 2.670e-01 1.774e-03 4.845e-04 4.401e-03 -1.000 1.000e-02 2.564 1.264 0.841 0.777 0.749 0.783 0.771 0.739 0.329 0.471 0.603 0.751 0.786 0.801 0.518
0.01 -0.17553 6.00000 2.1390244961 2.5740132332    2.138  0.902  3.7214  3.703    0  0.000  0.537     0.00     0.00 -1    -1e-30      0.00 7.230e-01 2.670e-01 1.774e-03 4.845e-04 4.401e-03 -1.000 1.000e-02 2.514 1.220 0.802 0.738 0.711 0.744 0.732 0.701 0.291 0.433 0.565 0.713 0.747 0.762 0.480
0.01 -0.17553 6.00000 2.1871953011 2.5757234097    2.186  0.922  3.7230  3.700    0  0.000  0.537     0.00     0.00 -1    -1e-30      0.00 7.230e-01 2.670e-01 1.774e-03 4.845e-04 4.401e-03 -1.000 1.000e-02 2.465 1.177 0.763 0.700 0.674 0.706 0.694 0.664 0.254 0.396 0.528 0.675 0.709 0.725 0.443
0.01 -0.17553 6.00000 2.1998538971 2.5761585236    2.198  0.927  3.7234  3.699    0  0.000  0.537     0.00     0.00 -1    -1e-30      0.00 7.230e-01 2.670e-01 1.774e-03 4.845e-04 4.401e-03 -1.000 1.000e-02 2.453 1.166 0.754 0.691 0.664 0.696 0.685 0.654 0.245 0.386 0.518 0.666 0.700 0.716 0.433
0.01 -0.17553 6.00000 2.2353658676 2.5773489475    2.234  0.943  3.7245  3.695    0  0.000  0.537     0.00     0.00 -1    -1e-30      0.00 7.230e-01 2.670e-01 1.774e-03 4.845e-04 4.401e-03 -1.000 1.000e-02 2.414 1.131 0.722 0.660 0.633 0.665 0.654 0.624 0.214 0.356 0.488 0.635 0.669 0.685 0.403
0.01 -0.17553 6.00000 2.3148853779 2.5798628330    2.313  0.972  3.7271  3.691    0  0.000  0.537     0.00     0.00 -1    -1e-30      0.00 7.230e-01 2.670e-01 1.774e-03 4.845e-04 4.401e-03 -1.000 1.000e-02 2.341 1.068 0.666 0.605 0.579 0.610 0.599 0.570 0.160 0.302 0.434 0.581 0.613 0.631 0.349
0.01 -0.17553 6.00000 2.3317074776 2.5803694725    2.330  0.980  3.7276  3.688    0  0.000  0.537     0.00     0.00 -1    -1e-30      0.00 7.230e-01 2.670e-01 1.774e-03 4.845e-04 4.401e-03 -1.000 1.000e-02 2.321 1.051 0.650 0.589 0.563 0.594 0.583 0.554 0.144 0.286 0.418 0.565 0.597 0.616 0.333
0.01 -0.17553 6.00000 2.5243902206 2.5856227875    2.522  1.064  3.7346  3.666    0  0.000  0.538     0.00     0.00 -1    -1e-30      0.00 7.230e-01 2.670e-01 1.775e-03 4.845e-04 4.401e-03 -1.000 1.000e-02 2.109 0.866 0.484 0.426 0.402 0.431 0.420 0.394 -0.016 0.126 0.259 0.404 0.434 0.455 0.173
0.01 -0.17553 6.00000 2.6305992603 2.5881433487    2.629  1.113  3.7386  3.651    0  0.000  0.538     0.00     0.00 -1    -1e-30      0.00 7.230e-01 2.670e-01 1.775e-03 4.845e-04 4.401e-03 -1.000 1.000e-02 1.987 0.761 0.389 0.333 0.310 0.338 0.327 0.302 -0.107 0.035 0.167 0.311 0.340 0.364 0.082
0.01 -0.17553 6.00000 2.7170732021 2.5900290012    2.715  1.168  3.7425  3.626    0  0.000  0.538     0.00     0.00 -1    -1e-30      0.00 7.230e-01 2.670e-01 1.775e-03 4.845e-04 4.401e-03 -1.000 1.000e-02 1.849 0.639 0.278 0.223 0.201 0.227 0.217 0.193 -0.219 -0.071 0.059 0.202 0.230 0.241 -0.030
0.01 -0.17553 6.00000 2.7944602966 2.5916030407    2.793  1.217  3.7459  3.602    0  0.000  0.538     0.00     0.00 -1    -1e-30      0.00 7.230e-01 2.670e-01 1.775e-03 4.845e-04 4.401e-03 -1.000 1.000e-02 1.727 0.531 0.179 0.126 0.105 0.129 0.119 0.096 -0.320 -0.164 -0.038 0.106 0.131 0.122 -0.132
0.01 -0.17553 6.00000 2.9097561836 2.5937707424    2.908  1.308  3.7520  3.554    0  0.000  0.538     0.00     0.00 -1    -1e-30      0.00 7.230e-01 2.670e-01 1.775e-03 4.845e-04 4.401e-03 -1.000 1.000e-02 1.501 0.332 -0.004 -0.055 -0.075 -0.054 -0.063 -0.083 -0.508 -0.337 -0.217 -0.073 -0.052 -0.097 -0.320
0.01 -0.17553 6.00000 2.9156262875 2.5938758850    2.914  1.313  3.7524  3.551    0  0.000  0.538     0.00     0.00 -1    -1e-30      0.00 7.230e-01 2.670e-01 1.775e-03 4.845e-04 4.401e-03 -1.000 1.000e-02 1.489 0.321 -0.014 -0.065 -0.085 -0.064 -0.073 -0.093 -0.518 -0.346 -0.227 -0.083 -0.062 -0.110 -0.330
0.01 -0.17553 6.00000 3.0060510635 2.5954353809    3.004  1.408  3.7587  3.494    0  0.000  0.538     0.00     0.00 -1    -1e-30      0.00 7.230e-01 2.670e-01 1.775e-03 4.845e-04 4.401e-03 -1.000 1.000e-02 1.249 0.110 -0.210 -0.258 -0.276 -0.258 -0.268 -0.285 -0.718 -0.530 -0.417 -0.275 -0.257 -0.342 -0.531
0.01 -0.17553 6.00000 3.0699856281 2.5964744091    3.068  1.486  3.7641  3.447    0  0.000  0.538     0.00     0.00 -1    -1e-30      0.00 7.230e-01 2.670e-01 1.775e-03 4.845e-04 4.401e-03 -1.000 1.000e-02 1.054 -0.061 -0.367 -0.413 -0.430 -0.415 -0.424 -0.439 -0.879 -0.677 -0.570 -0.429 -0.414 -0.532 -0.692
0.01 -0.17553 6.00000 3.1024391651 2.5969831944    3.101  1.527  3.7671  3.423    0  0.000  0.538     0.00     0.00 -1    -1e-30      0.00 7.230e-01 2.670e-01 1.775e-03 4.845e-04 4.401e-03 -1.000 1.000e-02 0.953 -0.149 -0.448 -0.492 -0.509 -0.496 -0.504 -0.518 -0.962 -0.753 -0.649 -0.508 -0.495 -0.631 -0.775
0.01 -0.17553 6.00000 3.1566803455 2.5978064537    3.155  1.594  3.7727  3.386    0  0.000  0.538     0.00     0.00 -1    -1e-30      0.00 7.230e-01 2.670e-01 1.775e-03 4.845e-04 4.401e-03 -1.000 1.000e-02 0.786 -0.289 -0.574 -0.617 -0.633 -0.622 -0.629 -0.642 -1.092 -0.869 -0.771 -0.631 -0.621 -0.790 -0.906
0.01 -0.17553 6.00000 3.2157208920 2.5986664295    3.213  1.664  3.7796  3.352    0  0.000  0.538     0.00     0.00 -1    -1e-30      0.00 7.230e-01 2.670e-01 1.775e-03 4.845e-04 4.401e-03 -1.000 1.000e-02 0.611 -0.430 -0.697 -0.738 -0.753 -0.746 -0.752 -0.762 -1.221 -0.980 -0.889 -0.752 -0.745 -0.955 -1.036
0.01 -0.17553 6.00000 3.2745175362 2.5994875431    3.272  1.733  3.7878  3.323    0  0.000  0.538     0.00     0.00 -1    -1e-30      0.00 7.230e-01 2.670e-01 1.775e-03 4.845e-04 4.401e-03 -1.000 1.000e-02 0.438 -0.562 -0.809 -0.847 -0.862 -0.859 -0.864 -0.872 -1.342 -1.080 -0.996 -0.861 -0.858 -1.119 -1.157
0.01 -0.17553 6.00000 3.2951221466 2.5997674465    3.293  1.757  3.7911  3.315    0  0.000  0.538     0.00     0.00 -1    -1e-30      0.00 7.230e-01 2.670e-01 1.775e-03 4.845e-04 4.401e-03 -1.000 1.000e-02 0.378 -0.606 -0.846 -0.883 -0.898 -0.895 -0.900 -0.908 -1.381 -1.112 -1.031 -0.897 -0.895 -1.176 -1.197
0.01 -0.17553 6.00000 3.3290522099 2.6002194881    3.326  1.798  3.7978  3.305    0  0.000  0.538     0.00     0.00 -1    -1e-30      0.00 7.230e-01 2.670e-01 1.775e-03 4.845e-04 4.401e-03 -1.000 1.000e-02 0.275 -0.676 -0.901 -0.936 -0.950 -0.950 -0.954 -0.959 -1.441 -1.155 -1.082 -0.948 -0.949 -1.271 -1.258
0.01 -0.17553 6.00000 3.3679513931 2.6007246971    3.365  1.846  3.8081  3.303    0  0.000  0.538     0.00     0.00 -1    -1e-30      0.00 7.230e-01 2.670e-01 1.775e-03 4.845e-04 4.401e-03 -1.000 1.000e-02 0.154 -0.743 -0.947 -0.979 -0.991 -0.994 -0.997 -1.001 -1.495 -1.182 -1.121 -0.990 -0.993 -1.380 -1.312
0.01 -0.17553 6.00000 3.4018290043 2.6011540890    3.399  1.889  3.8200  3.312    0  0.000  0.538     0.00     0.00 -1    -1e-30      0.00 7.230e-01 2.670e-01 1.775e-03 4.845e-04 4.401e-03 -1.000 1.000e-02 0.047 -0.790 -0.968 -0.998 -1.009 -1.013 -1.015 -1.018 -1.517 -1.192 -1.136 -1.008 -1.013 -1.428 -1.335
0.01 -0.17553 6.00000 3.4295794964 2.6014986038    3.426  1.925  3.8313  3.325    0  0.000  0.538     0.00     0.00 -1    -1e-30      0.00 7.230e-01 2.670e-01 1.775e-03 4.845e-04 4.401e-03 -1.000 1.000e-02 -0.043 -0.821 -0.975 -1.003 -1.013 -1.018 -1.020 -1.022 -1.520 -1.193 -1.137 -1.013 -1.018 -1.432 -1.338
0.01 -0.17553 6.00000 3.4539220333 2.6017954350    3.450  1.957  3.8421  3.339    0  0.000  0.538     0.00     0.00 -1    -1e-30      0.00 7.230e-01 2.670e-01 1.775e-03 4.845e-04 4.401e-03 -1.000 1.000e-02 -0.124 -0.844 -0.976 -1.003 -1.012 -1.017 -1.019 -1.021 -1.518 -1.190 -1.133 -1.012 -1.017 -1.430 -1.336
0.01 -0.17553 6.00000 3.4767768383 2.6020698547    3.473  1.988  3.8527  3.353    0  0.000  0.538     0.00     0.00 -1    -1e-30      0.00 7.230e-01 2.670e-01 1.775e-03 4.845e-04 4.401e-03 -1.000 1.000e-02 -0.200 -0.863 -0.974 -1.000 -1.009 -1.014 -1.015 -1.017 -1.513 -1.184 -1.126 -1.008 -1.014 -1.426 -1.331
0.01 -0.17553 6.00000 3.4878048897 2.6022007465    3.484  2.003  3.8580  3.361    0  0.000  0.538     0.00     0.00 -1    -1e-30      0.00 7.230e-01 2.670e-01 1.775e-03 4.845e-04 4.401e-03 -1.000 1.000e-02 -0.238 -0.872 -0.973 -0.998 -1.006 -1.011 -1.012 -1.014 -1.510 -1.180 -1.122 -1.006 -1.011 -1.424 -1.328
0.01 -0.17553 6.00000 3.4959111214 2.6022963524    3.493  2.014  3.8619  3.367    0  0.000  0.538     0.00     0.00 -1    -1e-30      0.00 7.230e-01 2.670e-01 1.775e-03 4.845e-04 4.401e-03 -1.000 1.000e-02 -0.266 -0.878 -0.971 -0.996 -1.004 -1.009 -1.010 -1.012 -1.507 -1.177 -1.119 -1.004 -1.009 -1.421 -1.325
0.01 -0.17553 6.00000 3.5163669586 2.6025354862    3.513  2.043  3.8721  3.381    0  0.000  0.538     0.00     0.00 -1    -1e-30      0.00 7.230e-01 2.670e-01 1.775e-03 4.845e-04 4.401e-03 -1.000 1.000e-02 -0.337 -0.890 -0.966 -0.989 -0.997 -1.002 -1.003 -1.005 -1.499 -1.167 -1.109 -0.997 -1.002 -1.414 -1.317
0.01 -0.17553 6.00000 3.5362572670 2.6027648449    3.533  2.071  3.8823  3.397    0  0.000  0.538     0.00     0.00 -1    -1e-30      0.00 7.230e-01 2.670e-01 1.775e-03 4.845e-04 4.401e-03 -1.000 1.000e-02 -0.407 -0.901 -0.959 -0.981 -0.989 -0.993 -0.995 -0.996 -1.490 -1.157 -1.098 -0.989 -0.993 -1.405 -1.307
0.01 -0.17553 6.00000 3.5556268692 2.6029856205    3.552  2.098  3.8925  3.412    0  0.000  0.538     0.00     0.00 -1    -1e-30      0.00 7.230e-01 2.670e-01 1.775e-03 4.845e-04 4.401e-03 -1.000 1.000e-02 -0.476 -0.908 -0.951 -0.972 -0.979 -0.984 -0.985 -0.986 -1.479 -1.145 -1.085 -0.979 -0.984 -1.395 -1.297
0.01 -0.17553 6.00000 3.5745131969 2.6031980515    3.571  2.125  3.9027  3.428    0  0.000  0.538     0.00     0.00 -1    -1e-30      0.00 7.230e-01 2.670e-01 1.775e-03 4.845e-04 4.401e-03 -1.000 1.000e-02 -0.543 -0.913 -0.942 -0.963 -0.969 -0.973 -0.974 -0.975 -1.467 -1.132 -1.072 -0.969 -0.973 -1.384 -1.285
0.01 -0.17553 6.00000 3.5929479599 2.6034028530    3.589  2.152  3.9128  3.444    0  0.000  0.538     0.00     0.00 -1    -1e-30      0.00 7.230e-01 2.670e-01 1.775e-03 4.845e-04 4.401e-03 -1.000 1.000e-02 -0.609 -0.916 -0.933 -0.952 -0.958 -0.962 -0.963 -0.963 -1.454 -1.118 -1.058 -0.958 -0.962 -1.372 -1.272
0.01 -0.17553 6.00000 3.6109652519 2.6036007404    3.607  2.177  3.9229  3.461    0  0.000  0.538     0.00     0.00 -1    -1e-30      0.00 7.230e-01 2.670e-01 1.775e-03 4.845e-04 4.401e-03 -1.000 1.000e-02 -0.674 -0.917 -0.923 -0.940 -0.945 -0.949 -0.950 -0.950 -1.441 -1.104 -1.043 -0.946 -0.949 -1.359 -1.258
0.01 -0.17553 6.00000 3.6285967827 2.6037921906    3.625  2.203  3.9330  3.478    0  0.000  0.538     0.00     0.00 -1    -1e-30      0.00 7.230e-01 2.670e-01 1.775e-03 4.845e-04 4.401e-03 -1.000 1.000e-02 -0.737 -0.917 -0.912 -0.928 -0.932 -0.936 -0.936 -0.936 -1.426 -1.089 -1.027 -0.932 -0.936 -1.345 -1.244
0.01 -0.17553 6.00000 3.6458728313 2.6039779186    3.642  2.228  3.9430  3.496    0  0.000  0.538     0.00     0.00 -1    -1e-30      0.00 7.230e-01 2.670e-01 1.775e-03 4.845e-04 4.401e-03 -1.000 1.000e-02 -0.799 -0.913 -0.901 -0.914 -0.917 -0.921 -0.921 -0.921 -1.410 -1.072 -1.010 -0.918 -0.921 -1.330 -1.228
0.01 -0.17553 6.00000 3.6628277302 2.6041579247    3.659  2.252  3.9530  3.514    0  0.000  0.538     0.00     0.00 -1    -1e-30      0.00 7.230e-01 2.670e-01 1.775e-03 4.845e-04 4.401e-03 -1.000 1.000e-02 -0.859 -0.907 -0.888 -0.899 -0.900 -0.903 -0.903 -0.903 -1.392 -1.053 -0.991 -0.901 -0.903 -1.312 -1.210
0.01 -0.17553 6.00000 3.6794705391 2.6043329239    3.676  2.275  3.9630  3.532    0  0.000  0.538     0.00     0.00 -1    -1e-30      0.00 7.230e-01 2.670e-01 1.775e-03 4.845e-04 4.401e-03 -1.000 1.000e-02 -0.918 -0.899 -0.874 -0.883 -0.882 -0.885 -0.884 -0.883 -1.371 -1.032 -0.970 -0.883 -0.885 -1.292 -1.189
0.01 -0.17553 6.00000 3.6804881096 2.6043436527    3.677  2.277  3.9636  3.533    0  0.000  0.538     0.00     0.00 -1    -1e-30      0.00 7.230e-01 2.670e-01 1.775e-03 4.845e-04 4.401e-03 -1.000 1.000e-02 -0.922 -0.898 -0.873 -0.882 -0.881 -0.883 -0.883 -0.882 -1.370 -1.031 -0.969 -0.882 -0.883 -1.291 -1.188
0.01 -0.17553 6.00000 3.6842596531 2.6043829918    3.681  2.282  3.9660  3.538    0  0.000  0.538     0.00     0.00 -1    -1e-30      0.00 7.230e-01 2.670e-01 1.775e-03 4.845e-04 4.401e-03 -1.000 1.000e-02 -0.935 -0.896 -0.870 -0.878 -0.877 -0.879 -0.878 -0.877 -1.365 -1.026 -0.964 -0.877 -0.879 -1.286 -1.183
0.01 -0.17553 6.00000 3.6997838020 2.6045441628    3.696  2.304  3.9756  3.556    0  0.000  0.538     0.00     0.00 -1    -1e-30      0.00 7.230e-01 2.670e-01 1.775e-03 4.845e-04 4.401e-03 -1.000 1.000e-02 -0.990 -0.886 -0.855 -0.860 -0.857 -0.859 -0.858 -0.856 -1.343 -1.003 -0.941 -0.858 -0.859 -1.265 -1.161
0.01 -0.17553 6.00000 3.7201075554 2.6047527790    3.717  2.332  3.9883  3.581    0  0.000  0.538     0.00     0.00 -1    -1e-30      0.00 7.230e-01 2.670e-01 1.775e-03 4.845e-04 4.401e-03 -1.000 1.000e-02 -1.061 -0.871 -0.834 -0.836 -0.830 -0.830 -0.828 -0.826 -1.312 -0.971 -0.909 -0.831 -0.830 -1.234 -1.130
0.01 -0.17553 6.00000 3.7400381565 2.6049547195    3.737  2.360  4.0010  3.607    0  0.000  0.538     0.00     0.00 -1    -1e-30      0.00 7.230e-01 2.670e-01 1.775e-03 4.845e-04 4.401e-03 -1.000 1.000e-02 -1.130 -0.853 -0.812 -0.810 -0.800 -0.800 -0.797 -0.795 -1.279 -0.938 -0.876 -0.802 -0.800 -1.202 -1.097
0.01 -0.17553 6.00000 3.7596209049 2.6051509380    3.757  2.386  4.0137  3.633    0  0.000  0.538     0.00     0.00 -1    -1e-30      0.00 7.230e-01 2.670e-01 1.775e-03 4.845e-04 4.401e-03 -1.000 1.000e-02 -1.196 -0.833 -0.788 -0.782 -0.770 -0.768 -0.765 -0.762 -1.244 -0.903 -0.840 -0.771 -0.768 -1.169 -1.062
0.01 -0.17553 6.00000 3.7789018154 2.6053416729    3.776  2.412  4.0262  3.660    0  0.000  0.538     0.00     0.00 -1    -1e-30      0.00 7.230e-01 2.670e-01 1.775e-03 4.845e-04 4.401e-03 -1.000 1.000e-02 -1.260 -0.811 -0.762 -0.753 -0.738 -0.735 -0.731 -0.727 -1.208 -0.866 -0.803 -0.740 -0.735 -1.134 -1.026
0.01 -0.17553 6.00000 3.7979261875 2.6055276394    3.795  2.436  4.0388  3.688    0  0.000  0.538     0.00     0.00 -1    -1e-30      0.00 7.230e-01 2.670e-01 1.775e-03 4.845e-04 4.401e-03 -1.000 1.000e-02 -1.321 -0.787 -0.734 -0.722 -0.704 -0.701 -0.696 -0.691 -1.171 -0.828 -0.764 -0.706 -0.700 -1.097 -0.989
0.01 -0.17553 6.00000 3.8167479038 2.6057097912    3.814  2.460  4.0512  3.716    0  0.000  0.538     0.00     0.00 -1    -1e-30      0.00 7.230e-01 2.670e-01 1.775e-03 4.845e-04 4.401e-03 -1.000 1.000e-02 -1.380 -0.761 -0.705 -0.690 -0.669 -0.665 -0.660 -0.654 -1.133 -0.788 -0.724 -0.672 -0.664 -1.060 -0.951
0.01 -0.17553 6.00000 3.8354167938 2.6058881283    3.833  2.482  4.0636  3.745    0  0.000  0.538     0.00     0.00 -1    -1e-30      0.00 7.230e-01 2.670e-01 1.775e-03 4.845e-04 4.401e-03 -1.000 1.000e-02 -1.436 -0.733 -0.673 -0.656 -0.633 -0.628 -0.622 -0.616 -1.092 -0.746 -0.681 -0.635 -0.627 -1.020 -0.910
0.01 -0.17553 6.00000 3.8539905548 2.6060638428    3.851  2.504  4.0759  3.775    0  0.000  0.538     0.00     0.00 -1    -1e-30      0.00 7.230e-01 2.670e-01 1.775e-03 4.845e-04 4.401e-03 -1.000 1.000e-02 -1.490 -0.703 -0.639 -0.619 -0.594 -0.588 -0.582 -0.575 -1.050 -0.703 -0.637 -0.597 -0.587 -0.979 -0.868
0.01 -0.17553 6.00000 3.8725292683 2.6062371731    3.870  2.525  4.0881  3.805    0  0.000  0.538     0.00     0.00 -1    -1e-30      0.00 7.230e-01 2.670e-01 1.775e-03 4.845e-04 4.401e-03 -1.000 1.000e-02 -1.542 -0.670 -0.603 -0.581 -0.554 -0.547 -0.540 -0.532 -1.006 -0.657 -0.590 -0.556 -0.546 -0.936 -0.824
0.01 -0.17553 6.00000 3.8731708527 2.6062431335    3.871  2.525  4.0886  3.807    0  0.000  0.538     0.00     0.00 -1    -1e-30      0.00 7.230e-01 2.670e-01 1.775e-03 4.845e-04 4.401e-03 -1.000 1.000e-02 -1.544 -0.669 -0.602 -0.580 -0.552 -0.546 -0.539 -0.531 -1.004 -0.656 -0.589 -0.555 -0.545 -0.935 -0.822
0.01 -0.17553 6.00000 3.8815431595 2.6063208580    3.879  2.535  4.0941  3.821    0  0.000  0.538     0.00     0.00 -1    -1e-30      0.00 7.230e-01 2.670e-01 1.775e-03 4.845e-04 4.401e-03 -1.000 1.000e-02 -1.567 -0.653 -0.585 -0.562 -0.533 -0.526 -0.519 -0.511 -0.983 -0.634 -0.567 -0.536 -0.525 -0.915 -0.801
0.01 -0.17553 6.00000 3.8999569416 2.6064901352    3.898  2.554  4.1063  3.852    0  0.000  0.538     0.00     0.00 -1    -1e-30      0.00 7.230e-01 2.670e-01 1.775e-03 4.845e-04 4.401e-03 -1.000 1.000e-02 -1.614 -0.616 -0.545 -0.519 -0.489 -0.481 -0.473 -0.465 -0.935 -0.585 -0.517 -0.492 -0.480 -0.868 -0.754
0.01 -0.17553 6.00000 3.9186072350 2.6066598892    3.917  2.572  4.1184  3.885    0  0.000  0.538     0.00     0.00 -1    -1e-30      0.00 7.230e-01 2.670e-01 1.775e-03 4.845e-04 4.401e-03 -1.000 1.000e-02 -1.660 -0.576 -0.502 -0.474 -0.441 -0.433 -0.425 -0.415 -0.885 -0.533 -0.465 -0.445 -0.432 -0.818 -0.703
0.01 -0.17553 6.00000 3.9376759529 2.6068315506    3.936  2.589  4.1305  3.918    0  0.000  0.538     0.00     0.00 -1    -1e-30      0.00 7.230e-01 2.670e-01 1.775e-03 4.845e-04 4.401e-03 -1.000 1.000e-02 -1.702 -0.532 -0.455 -0.426 -0.391 -0.382 -0.373 -0.363 -0.831 -0.479 -0.410 -0.395 -0.381 -0.766 -0.649
0.01 -0.17553 6.00000 3.9575295448 2.6070079803    3.956  2.604  4.1425  3.953    0  0.000  0.538     0.00     0.00 -1    -1e-30      0.00 7.230e-01 2.670e-01 1.775e-03 4.845e-04 4.401e-03 -1.000 1.000e-02 -1.740 -0.485 -0.405 -0.374 -0.337 -0.328 -0.318 -0.307 -0.774 -0.420 -0.351 -0.341 -0.326 -0.709 -0.592
0.01 -0.17553 6.00000 3.9791355133 2.6071980000    3.977  2.618  4.1548  3.991    0  0.000  0.538     0.00     0.00 -1    -1e-30      0.00 7.230e-01 2.670e-01 1.775e-03 4.845e-04 4.401e-03 -1.000 1.000e-02 -1.774 -0.431 -0.349 -0.315 -0.276 -0.266 -0.256 -0.244 -0.709 -0.355 -0.286 -0.280 -0.264 -0.646 -0.528
0.01 -0.17553 6.00000 3.9850890636 2.6072499752    3.983  2.621  4.1582  4.002    0  0.000  0.538     0.00     0.00 -1    -1e-30      0.00 7.230e-01 2.670e-01 1.775e-03 4.845e-04 4.401e-03 -1.000 1.000e-02 -1.782 -0.416 -0.333 -0.299 -0.259 -0.249 -0.238 -0.226 -0.691 -0.337 -0.268 -0.263 -0.247 -0.628 -0.510
0.01 -0.17553 6.00000 3.9915807247 2.6073064804    3.990  2.623  4.1612  4.013    0  0.000  0.538     0.00     0.00 -1    -1e-30      0.00 7.230e-01 2.670e-01 1.775e-03 4.845e-04 4.401e-03 -1.000 1.000e-02 -1.787 -0.398 -0.314 -0.280 -0.240 -0.229 -0.219 -0.207 -0.671 -0.317 -0.248 -0.244 -0.228 -0.608 -0.490
0.01 -0.17553 6.00000 4.0236568451 2.6075820923    4.022  2.622  4.1732  4.066    0  0.000  0.538     0.00     0.00 -1    -1e-30      0.00 7.230e-01 2.670e-01 1.775e-03 4.845e-04 4.401e-03 -1.000 1.000e-02 -1.784 -0.309 -0.222 -0.186 -0.144 -0.132 -0.121 -0.109 -0.572 -0.217 -0.149 -0.148 -0.131 -0.510 -0.390
0.01 -0.17553 6.00000 4.0632433891 2.6079154015    4.062  2.594  4.1796  4.123    0  0.000  0.538     0.00     0.00 -1    -1e-30      0.00 7.230e-01 2.670e-01 1.775e-03 4.845e-04 4.401e-03 -1.000 1.000e-02 -1.714 -0.193 -0.105 -0.068 -0.025 -0.013 -0.002 0.011 -0.451 -0.096 -0.029 -0.029 -0.012 -0.390 -0.269
0.01 -0.17553 6.00000 4.0658535957 2.6079370975    4.065  2.591  4.1796  4.126    0  0.000  0.538     0.00     0.00 -1    -1e-30      0.00 7.230e-01 2.670e-01 1.775e-03 4.845e-04 4.401e-03 -1.000 1.000e-02 -1.708 -0.186 -0.098 -0.061 -0.018 -0.006 0.005 0.018 -0.444 -0.089 -0.022 -0.022 -0.004 -0.382 -0.262
0.01 -0.17553 6.00000 4.0912928581 2.6081471443    4.090  2.565  4.1801  4.157    0  0.000  0.538     0.00     0.00 -1    -1e-30      0.00 7.230e-01 2.670e-01 1.775e-03 4.845e-04 4.401e-03 -1.000 1.000e-02 -1.642 -0.116 -0.028 0.009 0.052 0.064 0.076 0.088 -0.374 -0.019 0.048 0.048 0.066 -0.312 -0.192
0.01 -0.17553 6.00000 4.1360521317 2.6085093021    4.134  2.531  4.1807  4.198    0  0.000  0.538     0.00     0.00 -1    -1e-30      0.00 7.230e-01 2.670e-01 1.775e-03 4.845e-04 4.401e-03 -1.000 1.000e-02 -1.558 -0.028 0.061 0.098 0.141 0.153 0.165 0.178 -0.285 0.070 0.137 0.137 0.155 -0.223 -0.103
0.01 -0.17553 6.00000 4.2128133774 2.6091098785    4.210  2.549  4.1943  4.243    0  0.000  0.538     0.00     0.00 -1    -1e-30      0.00 7.230e-01 2.670e-01 1.775e-03 4.845e-04 4.401e-03 -1.000 1.000e-02 -1.602 0.027 0.118 0.157 0.203 0.216 0.228 0.242 -0.219 0.135 0.200 0.199 0.217 -0.159 -0.038
0.01 -0.17553 6.00000 4.2470068932 2.6093695164    4.243  2.577  4.2053  4.261    0  0.000  0.538     0.00     0.00 -1    -1e-30      0.00 7.230e-01 2.670e-01 1.775e-03 4.845e-04 4.401e-03 -1.000 1.000e-02 -1.673 0.034 0.127 0.168 0.216 0.229 0.242 0.256 -0.204 0.151 0.213 0.212 0.231 -0.144 -0.022
0.01 -0.17553 6.00000 4.2585368156 2.6094560623    4.255  2.590  4.2098  4.268    0  0.000  0.538     0.00     0.00 -1    -1e-30      0.00 7.230e-01 2.670e-01 1.775e-03 4.845e-04 4.401e-03 -1.000 1.000e-02 -1.705 0.035 0.129 0.171 0.219 0.233 0.246 0.260 -0.199 0.155 0.217 0.215 0.235 -0.140 -0.017
0.01 -0.17553 6.00000 4.2694311142 2.6095371246    4.266  2.602  4.2141  4.274    0  0.000  0.538     0.00     0.00 -1    -1e-30      0.00 7.230e-01 2.670e-01 1.775e-03 4.845e-04 4.401e-03 -1.000 1.000e-02 -1.735 0.036 0.131 0.173 0.223 0.236 0.249 0.264 -0.195 0.159 0.220 0.218 0.238 -0.136 -0.013
0.01 -0.17553 6.00000 4.3066768646 2.6098110676    4.303  2.637  4.2278  4.298    0  0.000  0.538     0.00     0.00 -1    -1e-30      0.00 7.230e-01 2.670e-01 1.775e-03 4.845e-04 4.401e-03 -1.000 1.000e-02 -1.823 0.047 0.145 0.190 0.241 0.256 0.270 0.285 -0.173 0.180 0.238 0.236 0.258 -0.114 0.009
0.01 -0.17553 6.00000 4.3588824272 2.6101861000    4.355  2.651  4.2383  4.331    0  0.000  0.538     0.00     0.00 -1    -1e-30      0.00 7.230e-01 2.670e-01 1.775e-03 4.845e-04 4.401e-03 -1.000 1.000e-02 -1.858 0.088 0.188 0.234 0.288 0.303 0.317 0.333 -0.124 0.228 0.285 0.282 0.305 -0.066 0.058
0.01 -0.17553 6.00000 4.4397659302 2.6107470989    4.436  2.643  4.2447  4.372    0  0.000  0.538     0.00     0.00 -1    -1e-30      0.00 7.230e-01 2.670e-01 1.775e-03 4.845e-04 4.401e-03 -1.000 1.000e-02 -1.839 0.154 0.255 0.302 0.357 0.372 0.387 0.403 -0.053 0.299 0.355 0.352 0.374 0.005 0.129
0.01 -0.17553 6.00000 4.4512195587 2.6108245850    4.448  2.641  4.2451  4.378    0  0.000  0.538     0.00     0.00 -1    -1e-30      0.00 7.230e-01 2.670e-01 1.775e-03 4.845e-04 4.401e-03 -1.000 1.000e-02 -1.832 0.163 0.265 0.312 0.367 0.382 0.397 0.413 -0.044 0.309 0.364 0.361 0.384 0.014 0.138
0.01 -0.17553 6.00000 4.4538116455 2.6108419895    4.450  2.640  4.2452  4.379    0  0.000  0.538     0.00     0.00 -1    -1e-30      0.00 7.230e-01 2.670e-01 1.775e-03 4.845e-04 4.401e-03 -1.000 1.000e-02 -1.831 0.165 0.267 0.314 0.369 0.384 0.399 0.415 -0.041 0.311 0.366 0.363 0.386 0.016 0.141
0.01 -0.17553 6.00000 4.5067329407 2.6111941338    4.503  2.629  4.2446  4.393    0  0.000  0.538     0.00     0.00 -1    -1e-30      0.00 7.230e-01 2.670e-01 1.775e-03 4.845e-04 4.401e-03 -1.000 1.000e-02 -1.803 0.189 0.290 0.338 0.392 0.408 0.422 0.439 -0.018 0.334 0.390 0.387 0.410 0.040 0.164
0.01 -0.17553 6.00000 4.5236601830 2.6113045216    4.520  2.631  4.2449  4.394    0  0.000  0.538     0.00     0.00 -1    -1e-30      0.00 7.230e-01 2.670e-01 1.775e-03 4.845e-04 4.401e-03 -1.000 1.000e-02 -1.808 0.187 0.288 0.335 0.390 0.405 0.420 0.436 -0.020 0.332 0.388 0.385 0.407 0.038 0.162
0.01 -0.17553 6.00000 4.5335788727 2.6113688946    4.530  2.632  4.2451  4.394    0  0.000  0.538     0.00     0.00 -1    -1e-30      0.00 7.230e-01 2.670e-01 1.775e-03 4.845e-04 4.401e-03 -1.000 1.000e-02 -1.811 0.185 0.287 0.334 0.388 0.404 0.419 0.435 -0.022 0.331 0.386 0.383 0.406 0.036 0.160
0.01 -0.17553 6.00000 4.5409927368 2.6114168167    4.537  2.633  4.2452  4.395    0  0.000  0.538     0.00     0.00 -1    -1e-30      0.00 7.230e-01 2.670e-01 1.775e-03 4.845e-04 4.401e-03 -1.000 1.000e-02 -1.813 0.184 0.285 0.333 0.387 0.403 0.418 0.434 -0.023 0.330 0.385 0.382 0.405 0.035 0.159
0.01 -0.17553 6.00000 4.5477833748 2.6114606857    4.544  2.634  4.2453  4.395    0  0.000  0.538     0.00     0.00 -1    -1e-30      0.00 7.230e-01 2.670e-01 1.775e-03 4.845e-04 4.401e-03 -1.000 1.000e-02 -1.815 0.183 0.284 0.332 0.386 0.402 0.417 0.433 -0.024 0.329 0.384 0.381 0.404 0.034 0.158
0.01 -0.17553 6.00000 4.5582165718 2.6115274429    4.555  2.635  4.2455  4.396    0  0.000  0.538     0.00     0.00 -1    -1e-30      0.00 7.230e-01 2.670e-01 1.775e-03 4.845e-04 4.401e-03 -1.000 1.000e-02 -1.818 0.181 0.283 0.330 0.385 0.400 0.415 0.432 -0.025 0.327 0.383 0.380 0.402 0.033 0.157
0.01 -0.17553 6.00000 4.5777144432 2.6116514206    4.574  2.638  4.2459  4.396    0  0.000  0.538     0.00     0.00 -1    -1e-30      0.00 7.230e-01 2.670e-01 1.775e-03 4.845e-04 4.401e-03 -1.000 1.000e-02 -1.824 0.178 0.279 0.327 0.382 0.397 0.412 0.428 -0.028 0.324 0.380 0.376 0.399 0.030 0.154
0.01 -0.17553 6.00000 4.5957956314 2.6117653847    4.592  2.640  4.2463  4.397    0  0.000  0.538     0.00     0.00 -1    -1e-30      0.00 7.230e-01 2.670e-01 1.775e-03 4.845e-04 4.401e-03 -1.000 1.000e-02 -1.831 0.174 0.276 0.323 0.378 0.394 0.409 0.425 -0.032 0.321 0.376 0.373 0.396 0.026 0.150
0.01 -0.17553 6.00000 4.6376123428 2.6120250225    4.634  2.650  4.2478  4.397    0  0.000  0.538     0.00     0.00 -1    -1e-30      0.00 7.230e-01 2.670e-01 1.775e-03 4.845e-04 4.401e-03 -1.000 1.000e-02 -1.854 0.161 0.263 0.311 0.366 0.381 0.396 0.413 -0.044 0.308 0.364 0.360 0.383 0.014 0.138
0.01 -0.17553 6.00000 4.6439027786 2.6120634079    4.641  2.652  4.2481  4.397    0  0.000  0.538     0.00     0.00 -1    -1e-30      0.00 7.230e-01 2.670e-01 1.775e-03 4.845e-04 4.401e-03 -1.000 1.000e-02 -1.860 0.158 0.260 0.308 0.363 0.379 0.394 0.410 -0.046 0.306 0.361 0.358 0.381 0.011 0.136
0.01 -0.17553 6.00000 4.8365855217 2.6131894588    4.834  2.714  4.2586  4.394    0  0.000  0.538     0.00     0.00 -1    -1e-30      0.00 7.230e-01 2.670e-01 1.775e-03 4.845e-04 4.401e-03 -1.000 1.000e-02 -2.016 0.076 0.180 0.230 0.287 0.303 0.319 0.336 -0.120 0.232 0.286 0.281 0.305 -0.063 0.062
0.01 -0.17553 6.00000 5.0292682648 2.6142170429    5.028  2.774  4.2682  4.391    0  0.000  0.538     0.00     0.00 -1    -1e-30      0.00 7.230e-01 2.670e-01 1.775e-03 4.845e-04 4.401e-03 -1.000 1.000e-02 -2.164 -0.003 0.103 0.155 0.213 0.230 0.246 0.263 -0.190 0.161 0.214 0.207 0.232 -0.134 -0.009
0.01 -0.17553 6.00000 5.2219510078 2.6151576042    5.222  2.831  4.2778  4.388    0  0.000  0.538     0.00     0.00 -1    -1e-30      0.00 7.230e-01 2.670e-01 1.775e-03 4.845e-04 4.401e-03 -1.000 1.000e-02 -2.308 -0.079 0.029 0.082 0.142 0.160 0.176 0.194 -0.258 0.093 0.146 0.136 0.162 -0.203 -0.076
0.01 -0.17553 6.00000 5.4146342278 2.6160218716    5.415  2.886  4.2867  4.384    0  0.000  0.538     0.00     0.00 -1    -1e-30      0.00 7.230e-01 2.670e-01 1.775e-03 4.845e-04 4.401e-03 -1.000 1.000e-02 -2.445 -0.153 -0.043 0.011 0.073 0.091 0.108 0.127 -0.324 0.027 0.080 0.067 0.094 -0.270 -0.142
0.01 -0.17553 6.00000 5.6073174477 2.6168179512    5.608  2.938  4.2949  4.381    0  0.000  0.538     0.00     0.00 -1    -1e-30      0.00 7.230e-01 2.670e-01 1.775e-03 4.845e-04 4.401e-03 -1.000 1.000e-02 -2.574 -0.224 -0.112 -0.057 0.007 0.026 0.043 0.062 -0.387 -0.036 0.017 0.001 0.028 -0.334 -0.206
0.01 -0.17553 6.00000 5.8000001907 2.6175537109    5.801  2.989  4.3034  4.378    0  0.000  0.538     0.00     0.00 -1    -1e-30      0.00 7.230e-01 2.670e-01 1.775e-03 4.845e-04 4.401e-03 -1.000 1.000e-02 -2.702 -0.292 -0.179 -0.122 -0.056 -0.037 -0.019 0.001 -0.447 -0.096 -0.043 -0.063 -0.035 -0.395 -0.266
0.01 -0.17553 6.00000 6.0000000000 2.6182601452    6.000  3.039  4.3114  4.375    0  0.000  0.538     0.00     0.00 -1    -1e-30      0.00 7.230e-01 2.670e-01 1.775e-03 4.845e-04 4.401e-03 -1.000 1.000e-02 -2.827 -0.361 -0.247 -0.188 -0.121 -0.101 -0.083 -0.062 -0.509 -0.158 -0.104 -0.128 -0.099 -0.458 -0.327
0.01 -0.17553 6.00000 6.1999998093 2.6189143658    6.200  3.087  4.3186  4.370    0  0.000  0.538     0.00     0.00 -1    -1e-30      0.00 7.230e-01 2.670e-01 1.775e-03 4.845e-04 4.401e-03 -1.000 1.000e-02 -2.948 -0.432 -0.316 -0.256 -0.188 -0.167 -0.148 -0.126 -0.572 -0.221 -0.166 -0.194 -0.164 -0.521 -0.390
0.01 -0.17553 6.00000 6.4000000954 2.6195218563    6.399  3.135  4.3266  4.367    0  0.000  0.538     0.00     0.00 -1    -1e-30      0.00 7.230e-01 2.670e-01 1.775e-03 4.845e-04 4.401e-03 -1.000 1.000e-02 -3.068 -0.496 -0.378 -0.317 -0.247 -0.225 -0.206 -0.183 -0.628 -0.277 -0.222 -0.254 -0.223 -0.578 -0.446
0.01 -0.17553 6.00000 7.0000000000 2.6211071014    6.996  3.265  4.3464  4.356    1  0.000  0.538     0.00     0.00 -1    -1e-30      0.00 7.230e-01 2.670e-01 1.775e-03 4.845e-04 4.401e-03 -1.000 1.000e-02 -3.391 -0.684 -0.562 -0.497 -0.422 -0.399 -0.378 -0.353 -0.794 -0.443 -0.386 -0.430 -0.396 -0.747 -0.613
0.01 -0.17553 6.00000 8.0000000000 2.6231517792    8.001  3.457  4.3770  4.344    1  0.000  0.538     0.00     0.00 -1    -1e-30      0.00 7.230e-01 2.670e-01 1.775e-03 4.845e-04 4.401e-03 -1.000 1.000e-02 -3.874 -0.960 -0.831 -0.760 -0.677 -0.651 -0.627 -0.600 -1.037 -0.684 -0.624 -0.686 -0.648 -0.992 -0.855
0.01 -0.17553 6.00000 9.0000000000 2.6246831417    8.995  3.622  4.4011  4.326    1  0.000  0.538     0.00     0.00 -1    -1e-30      0.00 7.230e-01 2.670e-01 1.775e-03 4.845e-04 4.401e-03 -1.000 1.000e-02 -4.285 -1.209 -1.096 -1.026 -0.967 -0.938 -1.324 -2.232 -1.830 -1.524 -3.008 -0.974 -0.944 -2.183 -2.029
0.01 -0.17553 6.00000 9.0763816833 2.6247842312    9.071  3.634  4.4029  4.325    1  0.000  0.538     0.00     0.00 -1    -1e-30      0.00 7.230e-01 2.670e-01 1.775e-03 4.845e-04 4.401e-03 -1.000 1.000e-02 -4.315 -1.225 -1.112 -1.042 -0.982 -0.954 -1.340 -2.248 -1.845 -1.542 -3.026 -0.989 -0.959 -2.199 -2.044
0.01 -0.17553 6.00000 10.0000000000 2.6258678436    9.998  3.769  4.4235  4.315    1  0.000  0.538     0.00     0.00 -1    -1e-30      0.00 7.230e-01 2.670e-01 1.775e-03 4.845e-04 4.401e-03 -1.000 1.000e-02 -4.651 -1.411 -1.301 -1.223 -1.151 -1.131 -1.520 -2.428 -2.019 -1.752 -3.228 -1.157 -1.137 -2.379 -2.220
0.01 -0.17553 6.00000 10.8206682205 2.6266541481   10.820  3.875  4.4390  4.306    1  0.000  0.538     0.00     0.00 -1    -1e-30      0.00 7.230e-01 2.670e-01 1.775e-03 4.845e-04 4.401e-03 -1.000 1.000e-02 -4.917 -1.611 -1.484 -1.394 -1.334 -1.324 -1.714 -2.622 -2.197 -1.918 -3.384 -1.336 -1.331 -2.569 -2.397
0.01 -0.17553 6.00000 12.0000000000 2.6275708675   12.001  4.015  4.4595  4.293    1  0.000  0.538     0.00     0.00 -1    -1e-30      0.00 7.230e-01 2.670e-01 1.775e-03 4.845e-04 4.401e-03 -1.000 1.000e-02 -5.266 -1.827 -1.691 -1.608 -1.562 -1.552 -1.941 -2.849 -2.422 -2.121 -3.586 -1.564 -1.558 -2.797 -2.623
0.01 -0.17553 6.00000 14.0000009537 2.6287269592   13.990  4.216  4.4889  4.275    1  0.000  0.545     0.00     0.00 -1 -2.39e-09      0.00 7.230e-01 2.670e-01 1.798e-03 4.851e-04 4.400e-03 -1.000 1.000e-02 -5.771 -2.125 -1.992 -1.910 -1.856 -1.841 -2.229 -3.138 -2.715 -2.401 -3.863 -1.859 -1.847 -3.087 -2.919
0.01 -0.17553 6.00000 16.0000000000 2.6295573711   15.996  4.386  4.5129  4.259    1  0.000  0.545     0.00     0.00 -1 -5.58e-09      0.00 7.230e-01 2.670e-01 1.798e-03 4.851e-04 4.400e-03 -1.000 1.000e-02 -6.195 -2.422 -2.280 -2.182 -2.111 -2.088 -2.474 -3.382 -2.965 -2.653 -4.113 -2.117 -2.094 -3.331 -3.166
0.01 -0.17553 6.00000 16.2187194824 2.6296341419   16.213  4.403  4.5152  4.258    1  0.000  0.545     0.00     0.00 -1 -6.05e-09      0.00 7.230e-01 2.670e-01 1.798e-03 4.851e-04 4.400e-03 -1.000 1.000e-02 -6.237 -2.450 -2.306 -2.209 -2.137 -2.112 -2.497 -3.405 -2.990 -2.679 -4.140 -2.143 -2.117 -3.355 -3.190
0.01 -0.17553 6.00000 18.0000000000 2.6301794052   17.979  4.532  4.5333  4.246    1  0.000  0.545     0.00     0.00 -1 -1.14e-08      0.00 7.230e-01 2.670e-01 1.798e-03 4.851e-04 4.400e-03 -1.000 1.000e-02 -6.559 -2.658 -2.505 -2.407 -2.325 -2.292 -2.674 -3.583 -3.175 -2.871 -4.332 -2.334 -2.296 -3.533 -3.373
0.01 -0.17553 6.00000 18.7061882019 2.6303627491   18.684  4.578  4.5395  4.242    1  0.000  0.545     0.00     0.00 -1 -1.41e-08      0.00 7.230e-01 2.670e-01 1.798e-03 4.851e-04 4.400e-03 -1.000 1.000e-02 -6.674 -2.732 -2.578 -2.477 -2.390 -2.358 -2.741 -3.649 -3.241 -2.941 -4.398 -2.399 -2.363 -3.599 -3.440
0.01 -0.17553 6.00000 20.0000000000 2.6306605339   19.977  4.658  4.5504  4.234    0  0.000  0.545     0.00     0.00 -1 -2.06e-08      0.00 7.230e-01 2.670e-01 1.798e-03 4.851e-04 4.400e-03 -1.000 1.000e-02 -6.875 -2.862 -2.704 -2.600 -2.505 -2.475 -2.859 -3.767 -3.359 -3.063 -4.514 -2.514 -2.480 -3.717 -3.557
0.01 -0.17553 6.00000 20.3732223511 2.6307382584   20.332  4.678  4.5531  4.232    0  0.000  0.545     0.00     0.00 -1 -2.25e-08      0.00 7.230e-01 2.670e-01 1.798e-03 4.851e-04 4.400e-03 -1.000 1.000e-02 -6.926 -2.896 -2.738 -2.636 -2.544 -2.514 -2.898 -3.806 -3.397 -3.100 -4.556 -2.552 -2.519 -3.755 -3.595
0.01 -0.17553 6.00000 21.9642848969 2.6310362816   21.843  4.761  4.5641  4.225    0  0.000  0.545     0.00     0.00 -1 -3.24e-08      0.00 7.230e-01 2.670e-01 1.798e-03 4.851e-04 4.400e-03 -1.000 1.000e-02 -7.133 -3.036 -2.876 -2.780 -2.701 -2.671 -3.056 -3.964 -3.550 -3.250 -4.726 -2.709 -2.677 -3.913 -3.750
0.01 -0.17553 6.00000 23.9285717010 2.6313421726   23.876  4.865  4.5777  4.214    0  0.000  0.545     0.00     0.00 -1 -5.13e-08      0.00 7.230e-01 2.670e-01 1.798e-03 4.851e-04 4.400e-03 -1.000 1.000e-02 -7.392 -3.211 -3.050 -2.960 -2.891 -2.862 -3.246 -4.155 -3.741 -3.443 -4.943 -2.898 -2.867 -4.104 -3.941
0.01 -0.17553 6.00000 25.8928585052 2.6315951347   25.742  4.948  4.5883  4.206    0  0.000  0.545     0.00     0.00 -1 -7.34e-08      0.00 7.230e-01 2.670e-01 1.798e-03 4.851e-04 4.400e-03 -1.000 1.000e-02 -7.601 -3.352 -3.195 -3.101 -3.023 -2.997 -3.382 -4.291 -3.890 -3.608 -5.125 -3.030 -3.002 -4.242 -4.087
0.01 -0.17553 6.00000 28.1464900970 2.6318359375   27.995  5.040  4.5997  4.195    0  0.000  0.545     0.00     0.00 -1 -1.07e-07      0.00 7.230e-01 2.670e-01 1.798e-03 4.851e-04 4.400e-03 -1.000 1.000e-02 -7.831 -3.498 -3.348 -3.254 -3.168 -3.143 -3.531 -4.440 -4.097 -3.981 -5.611 -3.175 -3.149 -4.398 -4.286
0.01 -0.17553 6.00000 29.8214282990 2.6319882870   29.671  5.104  4.6075  4.188    0  0.000  0.545     0.00     0.00 -1 -1.39e-07      0.00 7.230e-01 2.670e-01 1.798e-03 4.851e-04 4.400e-03 -1.000 1.000e-02 -7.990 -3.605 -3.455 -3.362 -3.276 -3.253 -3.641 -4.550 -4.199 -4.056 -5.668 -3.284 -3.258 -4.507 -4.390
0.01 -0.17553 6.00000 32.4237785339 2.6321890354   32.179  5.188  4.6173  4.179    0  0.000  0.545     0.00     0.00 -1 -1.94e-07      0.00 7.230e-01 2.670e-01 1.798e-03 4.851e-04 4.400e-03 -1.000 1.000e-02 -8.201 -3.748 -3.600 -3.508 -3.424 -3.401 -3.789 -4.698 -4.342 -4.176 -5.770 -3.431 -3.407 -4.655 -4.533
0.01 -0.17553 6.00000 33.7500000000 2.6322779655   33.454  5.229  4.6220  4.174    0  0.000  0.545     0.00     0.00 -1 -2.27e-07      0.00 7.230e-01 2.670e-01 1.798e-03 4.851e-04 4.400e-03 -1.000 1.000e-02 -8.302 -3.816 -3.669 -3.579 -3.495 -3.472 -3.861 -4.770 -4.411 -4.241 -5.830 -3.502 -3.478 -4.726 -4.603
0.01 -0.17553 6.00000 35.7142868042 2.6323957443   35.396  5.287  4.6286  4.167    0  0.000  0.545     0.00     0.00 -1 -2.84e-07      0.00 7.230e-01 2.670e-01 1.798e-03 4.851e-04 4.400e-03 -1.000 1.000e-02 -8.447 -3.918 -3.774 -3.685 -3.602 -3.580 -3.970 -4.878 -4.524 -4.369 -5.971 -3.609 -3.586 -4.835 -4.715
0.01 -0.17553 6.00000 36.3038101196 2.6324281693   35.972  5.302  4.6302  4.164    0  0.000  0.545     0.00     0.00 -1 -3.02e-07      0.00 7.230e-01 2.670e-01 1.798e-03 4.851e-04 4.400e-03 -1.000 1.000e-02 -8.486 -3.947 -3.804 -3.716 -3.633 -3.611 -4.001 -4.910 -4.558 -4.410 -6.020 -3.640 -3.617 -4.867 -4.748
0.01 -0.17553 6.00000 40.6250000000 2.6326334476   40.179  5.412  4.6418  4.149    0  0.000  0.545     0.00     0.00 -1 -4.56e-07      0.00 7.230e-01 2.670e-01 1.798e-03 4.851e-04 4.400e-03 -1.000 1.000e-02 -8.759 -4.154 -4.015 -3.929 -3.846 -3.826 -4.216 -5.126 -4.792 -4.695 -6.352 -3.854 -3.832 -5.086 -4.980
0.01 -0.17553 6.00000 45.5357131958 2.6328132153   44.920  5.518  4.6521  4.133    0  0.000  0.545     0.00     0.00 -1 -6.78e-07      0.00 7.230e-01 2.670e-01 1.798e-03 4.851e-04 4.400e-03 -1.000 1.000e-02 -9.025 -4.365 -4.228 -4.142 -4.060 -4.039 -4.430 -5.340 -5.023 -4.971 -6.668 -4.067 -4.045 -5.303 -5.211
0.01 -0.17553 6.00000 48.8969612122 2.6329128742   48.130  5.582  4.6578  4.122    0  0.000  0.545     0.00     0.00 -1 -8.52e-07      0.00 7.230e-01 2.670e-01 1.798e-03 4.851e-04 4.400e-03 -1.000 1.000e-02 -9.184 -4.497 -4.358 -4.270 -4.188 -4.168 -4.560 -5.469 -5.166 -5.150 -6.867 -4.195 -4.174 -5.434 -5.352
0.01 -0.17553 6.00000 50.4464302063 2.6329536438   49.604  5.609  4.6602  4.117    0  0.000  0.545     0.00     0.00 -1  -9.4e-07      0.00 7.230e-01 2.670e-01 1.798e-03 4.851e-04 4.400e-03 -1.000 1.000e-02 -9.253 -4.555 -4.415 -4.327 -4.246 -4.226 -4.618 -5.527 -5.231 -5.232 -6.959 -4.253 -4.232 -5.493 -5.415
0.01 -0.17553 6.00000 55.3571434021 2.6330654621   54.237  5.690  4.6667  4.101    0  0.000  0.545     0.00     0.00 -1 -1.26e-06      0.00 7.230e-01 2.670e-01 1.798e-03 4.851e-04 4.400e-03 -1.000 1.000e-02 -9.454 -4.695 -4.552 -4.476 -4.424 -4.433 -4.842 -5.755 -5.649 -6.048 -7.968 -4.426 -4.442 -5.750 -5.810
0.01 -0.17553 6.00000 60.2678604126 2.6331567764   58.850  5.761  4.6718  4.086    0  0.000  0.545     0.00     0.00 -1 -1.59e-06      0.00 7.230e-01 2.670e-01 1.798e-03 4.851e-04 4.400e-03 -1.000 1.000e-02 -9.632 -4.843 -4.700 -4.625 -4.574 -4.582 -4.991 -5.904 -5.802 -6.205 -8.128 -4.576 -4.591 -5.900 -5.963
0.01 -0.17553 6.00000 65.1785736084 2.6332323551   63.468  5.825  4.6757  4.070    0  0.000  0.545     0.00     0.00 -1 -1.99e-06      0.00 7.230e-01 2.670e-01 1.798e-03 4.851e-04 4.400e-03 -1.000 1.000e-02 -9.793 -4.980 -4.837 -4.763 -4.711 -4.718 -5.127 -6.040 -5.937 -6.337 -8.260 -4.713 -4.728 -6.035 -6.097
0.01 -0.17553 6.00000 70.0892868042 2.6332960129   67.992  5.883  4.6790  4.055    0  0.000  0.545     0.00     0.00 -1 -2.42e-06      0.00 7.230e-01 2.670e-01 1.798e-03 4.851e-04 4.400e-03 -1.000 1.000e-02 -9.938 -5.106 -4.963 -4.887 -4.836 -4.843 -5.252 -6.165 -6.063 -6.474 -8.402 -4.838 -4.853 -6.160 -6.222
0.01 -0.17553 6.00000 75.0000000000 2.6333501339   72.511  5.936  4.6813  4.040    0  0.000  0.545     0.00     0.00 -1  -2.9e-06      0.00 7.230e-01 2.670e-01 1.798e-03 4.851e-04 4.400e-03 -1.000 1.000e-02 -10.070 -5.226 -5.083 -5.006 -4.954 -4.961 -5.368 -6.281 -6.178 -6.595 -8.526 -4.956 -4.970 -6.276 -6.337
0.01 -0.17553 6.00000 84.8214263916 2.6334369183   81.373  6.027  4.6841  4.009    0  0.000  0.545     0.00     0.00 -1 -3.94e-06      0.00 7.230e-01 2.670e-01 1.798e-03 4.851e-04 4.400e-03 -1.000 1.000e-02 -10.298 -5.443 -5.300 -5.221 -5.168 -5.173 -5.579 -6.492 -6.382 -6.802 -8.741 -5.170 -5.182 -6.485 -6.541
0.01 -0.17553 6.00000 94.6428527832 2.6335034370   90.355  6.109  4.6848  3.976    0  0.000  0.545     0.00     0.00 -1 -5.18e-06      0.00 7.230e-01 2.670e-01 1.798e-03 4.851e-04 4.400e-03 -1.000 1.000e-02 -10.503 -5.644 -5.500 -5.419 -5.362 -5.364 -5.768 -6.681 -6.548 -6.934 -8.863 -5.365 -5.373 -6.670 -6.710
0.01 -0.17553 6.00000 99.5535736084 2.6335310936   94.734  6.145  4.6847  3.960    0  0.000  0.545     0.00     0.00 -1 -5.84e-06      0.00 7.230e-01 2.670e-01 1.798e-03 4.851e-04 4.400e-03 -1.000 1.000e-02 -10.593 -5.735 -5.590 -5.509 -5.450 -5.449 -5.852 -6.765 -6.617 -6.979 -8.899 -5.453 -5.458 -6.752 -6.781
0.01 -0.17553 6.00000 104.4642868042 2.6335558891   98.828  6.177  4.6841  3.945    0  0.000  0.545     0.00     0.00 -1  -6.5e-06      0.00 7.230e-01 2.670e-01 1.798e-03 4.851e-04 4.400e-03 -1.000 1.000e-02 -10.672 -5.817 -5.672 -5.590 -5.528 -5.526 -5.928 -6.840 -6.678 -7.013 -8.923 -5.531 -5.534 -6.825 -6.844
0.01 -0.17553 6.00000 124.1071472168 2.6336188316  116.128  6.296  4.6787  3.874    0  0.000  0.545     0.00     0.00 -1 -9.66e-06      0.00 7.230e-01 2.670e-01 1.798e-03 4.851e-04 4.400e-03 -1.000 1.000e-02 -10.970 -6.148 -6.000 -5.916 -5.844 -5.835 -6.232 -7.143 -6.911 -7.114 -8.969 -5.850 -5.842 -7.117 -7.086
0.01 -0.17553 6.00000 128.7456665039 2.6336188316  119.704  6.327  4.6732  3.834    0  0.000  0.458     0.00     0.00 -1 -1.09e-05      0.00 7.106e-01 2.790e-01 1.514e-03 9.654e-04 4.545e-03 -1.000 1.049e-02 -11.047 -6.289 -6.155 -6.088 -6.060 -6.084 -6.503 -7.418 -7.433 -8.047 -10.059 -6.058 -6.096 -7.433 -7.580
0.01 -0.17553 6.00000 141.2659606934 2.6336188316  128.959  6.404  4.6563  3.722    0  0.000  0.241     0.00     0.00 -1 -1.49e-05      0.00 6.785e-01 3.097e-01 7.890e-04 2.204e-03 4.895e-03 -1.000 1.174e-02 -11.239 -6.780 -6.698 -6.695 -6.802 -6.900 -7.355 -8.280 -8.630 -9.485 -11.531 -6.782 -6.918 -8.372 -8.744
0.01 -0.17553 6.00000 152.3693695068 2.6336188316  136.682  6.466  4.6414  3.625    0  0.000  0.058     0.00     0.00 -1  -1.9e-05      0.00 6.496e-01 3.378e-01 1.367e-04 3.919e-03 4.487e-03 -1.000 1.262e-02 -11.396 -6.906 -6.794 -6.764 -6.812 -6.935 -6.964 -7.190 -8.186 -10.674 -10.770 -6.812 -6.923 -7.449 -8.119
0.01 -0.17553 6.00000 153.5714263916 2.6336188316  137.508  6.473  4.6399  3.615    0  0.000  0.038     0.00     0.00 -1 -1.94e-05      0.00 6.464e-01 3.409e-01 6.474e-05 4.145e-03 4.398e-03 -1.000 1.271e-02 -11.412 -6.934 -6.823 -6.792 -6.841 -6.964 -6.993 -7.219 -8.218 -10.705 -10.803 -6.841 -6.952 -7.479 -8.150
0.01 -0.17553 6.00000 199.7821655273 2.6336188316  179.135  6.600  4.6737  3.739    0  0.000  0.211     0.00     0.00 -1 -2.55e-05      0.00 6.737e-01 3.163e-01 6.943e-05 5.843e-03 6.972e-04 -1.000 9.938e-03 -11.729 -6.968 -6.835 -6.769 -6.742 -6.767 -7.186 -8.102 -8.121 -8.741 -10.755 -6.740 -6.779 -8.118 -8.267
0.01 -0.17553 6.00000 202.6785888672 2.6336188316  181.752  6.606  4.6754  3.744    0  0.000  0.214     0.00     0.00 -1 -2.58e-05      0.00 6.757e-01 3.146e-01 6.559e-05 5.974e-03 4.583e-04 -1.000 9.781e-03 -11.746 -6.962 -6.825 -6.755 -6.719 -6.740 -7.156 -8.071 -8.071 -8.678 -10.691 -6.718 -6.751 -8.082 -8.218
0.01 -0.17553 6.00000 251.7857055664 2.6336188316  221.510  6.736  4.6871  3.748    0  0.000  0.690     0.00     0.00 -1 -3.77e-05      0.00 6.340e-01 3.562e-01 7.003e-05 6.250e-03 1.373e-04 -1.000 9.800e-03 -12.070 -7.255 -7.148 -7.127 -7.195 -7.339 -7.370 -7.617 -8.644 -11.152 -11.288 -7.196 -7.327 -7.881 -8.576
0.01 -0.17553 6.00000 300.8928833008 2.6336188316  261.027  6.840  4.7004  3.769    0  0.000  1.079     0.00     0.00 -1 -4.99e-05      0.00 5.963e-01 3.939e-01 7.184e-05 6.292e-03 8.895e-05  5.855 9.800e-03 -12.329 -7.433 -7.333 -7.322 -7.410 -7.572 -7.606 -7.872 -8.935 -11.454 -11.612 -7.411 -7.559 -8.149 -8.865
0.01 -0.17553 6.00000 324.0625610352 2.6336188316  279.465  6.882  4.7064  3.780    0  0.000  1.159     0.00     0.00 -1  -5.5e-05      0.00 5.809e-01 4.093e-01 7.245e-05 6.297e-03 8.355e-05  6.147 9.800e-03 -12.434 -7.498 -7.399 -7.391 -7.484 -7.652 -7.686 -7.958 -9.030 -11.550 -11.713 -7.485 -7.638 -8.238 -8.959
0.01 -0.17553 6.00000 350.0000000000 2.6336188316  299.934  6.925  4.7129  3.793    0  0.000  1.226     0.00     0.00 -1 -6.07e-05      0.00 5.643e-01 4.259e-01 7.308e-05 6.300e-03 7.950e-05  6.298 9.800e-03 -12.543 -7.562 -7.465 -7.460 -7.559 -7.732 -7.767 -8.044 -9.126 -11.649 -11.817 -7.560 -7.718 -8.329 -9.055
0.01 -0.17553 6.00000 350.0002746582 2.6336188316  295.809  6.927  4.7102  3.775    0  0.000  1.258     0.00     0.00 -1 -5.36e-05      0.00 5.439e-01 4.463e-01 7.808e-05 6.286e-03 8.946e-05  6.226 9.801e-03 -12.548 -7.569 -7.465 -7.449 -7.527 -7.682 -7.714 -7.972 -9.016 -11.529 -11.682 -7.528 -7.669 -8.241 -8.946
0.01 -0.17553 6.00000 350.0005493164 2.6336188316  291.312  6.930  4.7077  3.756    0  0.000  1.276     0.00     0.00 -1 -4.68e-05      0.00 5.213e-01 4.689e-01 8.306e-05 6.272e-03 1.002e-04  6.102 9.801e-03 -12.554 -7.577 -7.466 -7.441 -7.500 -7.639 -7.667 -7.907 -8.915 -11.419 -11.559 -7.502 -7.627 -8.163 -8.847
0.01 -0.17553 6.00000 350.0007934570 2.6336188316  286.762  6.932  4.7056  3.737    0  0.000  1.291     0.00     0.00 -1 -4.22e-05      0.00 4.976e-01 4.926e-01 8.769e-05 6.259e-03 1.103e-04  5.918 9.802e-03 -12.561 -7.594 -7.485 -7.527 -7.520 -7.650 -7.689 -7.903 -9.048 -10.617 -11.119 -7.523 -7.645 -8.135 -8.877
0.01 -0.17553 6.00000 350.0010375977 2.6336188316  281.598  6.935  4.7033  3.718    0  0.000  1.304     0.00     0.00 -1  -3.8e-05      0.00 4.730e-01 5.172e-01 9.247e-05 6.245e-03 1.209e-04  5.505 9.802e-03 -12.568 -7.611 -7.499 -7.537 -7.522 -7.644 -7.681 -7.886 -9.011 -10.570 -11.068 -7.525 -7.639 -8.111 -8.840
0.01 -0.17553 6.00000 350.0012512207 2.6336188316  277.160  6.938  4.7019  3.702    0  0.000  1.316     0.00     0.00 -1 -3.45e-05      0.00 4.511e-01 5.391e-01 9.629e-05 6.234e-03 1.291e-04 -1.000 9.802e-03 -12.575 -7.622 -7.508 -7.542 -7.520 -7.636 -7.672 -7.869 -8.975 -10.526 -11.021 -7.524 -7.632 -8.088 -8.806
0.01 -0.17553 6.00000 350.0015869141 2.6336188316  268.996  6.943  4.7014  3.682    0  0.000  1.341     0.00     0.00 -1 -3.03e-05      0.00 4.076e-01 5.826e-01 1.028e-04 6.216e-03 1.427e-04 -1.000 9.803e-03 -12.588 -7.635 -7.519 -7.550 -7.520 -7.629 -7.663 -7.850 -8.933 -10.473 -10.962 -7.524 -7.625 -8.060 -8.764
0.01 -0.17553 6.00000 350.0018615723 2.6336188316  261.379  6.948  4.7031  3.672    0  0.000  1.370     0.00     0.00 -1 -2.69e-05      0.00 3.651e-01 6.251e-01 1.083e-04 6.202e-03 1.536e-04 -1.000 9.804e-03 -12.601 -7.628 -7.509 -7.536 -7.495 -7.595 -7.625 -7.800 -9.085 -9.821 -10.695 -7.504 -7.594 -7.999 -8.816
0.01 -0.17553 6.00000 350.0021057129 2.6336188316  253.834  6.953  4.7065  3.667    0  0.000  1.400     0.00     0.00 -1 -2.44e-05      0.00 3.258e-01 6.644e-01 1.133e-04 6.189e-03 1.632e-04 -1.000 9.804e-03 -12.613 -7.616 -7.498 -7.524 -7.484 -7.585 -7.614 -7.790 -9.079 -9.818 -10.693 -7.493 -7.584 -7.990 -8.809
0.01 -0.17553 6.00000 350.0021972656 2.6336188316  246.607  6.954  4.7195  3.706    0  0.000  1.434     0.00     0.00 -1 -0.000154      0.00 2.881e-01 7.021e-01 1.162e-04 6.184e-03 1.673e-04 -1.000 9.804e-03 -12.615 -7.765 -7.707 -7.891 -7.967 -8.213 -8.260 -8.583 -10.087 -10.985 -11.945 -7.981 -8.209 -8.880 -9.818
0.01 -0.17553 6.00000 350.0022277832 2.6336188316  238.953  6.950  4.7435  3.793    0  0.000  1.478     0.00     0.00 -1 -0.000166      0.00 2.458e-01 7.444e-01 1.179e-04 6.184e-03 1.675e-04 -1.000 9.805e-03 -12.605 -7.640 -7.599 -7.827 -7.915 -8.191 -8.238 -8.585 -10.096 -11.031 -12.009 -7.935 -8.186 -8.888 -9.827
0.01 -0.17553 6.00000 350.0022583008 2.6336188316  230.211  6.943  4.7661  3.873    0  0.000  1.538     0.00     0.00 -1 -0.000174      0.00 1.991e-01 7.911e-01 1.199e-04 6.183e-03 1.674e-04 -1.000 9.805e-03 -12.589 -7.528 -7.497 -7.752 -7.855 -8.155 -8.199 -8.567 -10.102 -11.062 -12.040 -7.881 -8.149 -8.877 -9.832
0.01 -0.17553 6.00000 350.0023193359 2.6336188316  218.025  6.923  4.7716  3.892    0  0.000  1.558     0.00     0.00 -1  -0.00017      0.00 1.799e-01 8.103e-01 1.210e-04 6.181e-03 1.686e-04 -1.000 9.805e-03 -12.537 -7.455 -7.427 -7.690 -7.798 -8.104 -8.147 -8.522 -10.066 -11.029 -12.007 -7.825 -8.098 -8.835 -9.796
0.01 -0.17553 6.00000 350.0023803711 2.6336188316  198.693  6.880  4.7713  3.893    0  0.000  1.564     0.00     0.00 -1 -0.000146      0.00 1.688e-01 8.214e-01 1.223e-04 6.177e-03 1.713e-04 -1.000 9.805e-03 -12.430 -7.323 -7.290 -7.545 -7.646 -7.946 -7.990 -8.361 -9.905 -10.861 -11.839 -7.673 -7.940 -8.675 -9.635
0.01 -0.17553 6.00000 350.0024414062 2.6336188316  182.457  6.841  4.7710  3.894    0  0.000  1.569     0.00     0.00 -1 -0.000128      0.00 1.587e-01 8.315e-01 1.234e-04 6.175e-03 1.739e-04 -1.000 9.805e-03 -12.332 -7.207 -7.171 -7.420 -7.517 -7.813 -7.857 -8.226 -9.769 -10.720 -11.698 -7.543 -7.807 -8.540 -9.499
0.01 -0.17553 6.00000 350.0025024414 2.6336188316  166.535  6.799  4.7710  3.896    0  0.000  1.575     0.00     0.00 -1  -0.00011      0.00 1.479e-01 8.423e-01 1.247e-04 6.171e-03 1.766e-04 -1.000 9.805e-03 -12.228 -7.074 -7.035 -7.275 -7.367 -7.655 -7.701 -8.067 -9.609 -10.553 -11.531 -7.392 -7.650 -8.381 -9.340
0.01 -0.17553 6.00000 350.0025634766 2.6336188316  151.990  6.757  4.7711  3.899    0  0.000  1.582     0.00     0.00 -1 -9.64e-05      0.00 1.370e-01 8.531e-01 1.261e-04 6.168e-03 1.793e-04 -1.000 9.903e-03 -12.122 -6.950 -6.909 -7.144 -7.232 -7.517 -7.564 -7.927 -9.470 -10.410 -11.387 -7.257 -7.512 -8.242 -9.201
0.01 -0.17553 6.00000 350.0026245117 2.6336188316  138.797  6.715  4.7715  3.904    0  0.000  1.589     0.00     0.00 -1 -8.27e-05      0.00 1.261e-01 8.641e-01 1.274e-04 6.164e-03 1.820e-04 -1.000 9.805e-03 -12.017 -6.815 -6.769 -6.996 -7.079 -7.358 -7.406 -7.766 -9.310 -10.242 -11.219 -7.103 -7.353 -8.082 -9.040
0.01 -0.17553 6.00000 350.0026855469 2.6336188316  127.768  6.676  4.7719  3.908    0  0.000  1.599     0.00     0.00 -1 -7.29e-05      0.00 1.161e-01 8.742e-01 1.287e-04 6.161e-03 1.844e-04 -1.000 9.776e-03 -11.920 -6.697 -6.649 -6.870 -6.949 -7.224 -7.272 -7.631 -9.175 -10.103 -11.080 -6.973 -7.220 -7.947 -8.906
0.01 -0.17553 6.00000 350.0027770996 2.6336188316  116.664  6.635  4.7728  3.914    0  0.000  1.612     0.00     0.00 -1 -6.41e-05      0.00 1.050e-01 8.852e-01 1.302e-04 6.158e-03 1.870e-04 -1.000 9.776e-03 -11.816 -6.572 -6.522 -6.737 -6.814 -7.085 -7.134 -7.491 -9.036 -9.960 -10.936 -6.837 -7.081 -7.807 -8.767
0.01 -0.17553 6.00000 350.0028381348 2.6336188316  107.223  6.596  4.7739  3.920    0  0.000  1.628     0.00     0.00 -1 -5.52e-05      0.00 9.491e-02 8.952e-01 1.317e-04 6.154e-03 1.893e-04 -1.000 9.845e-03 -11.719 -6.447 -6.392 -6.598 -6.669 -6.933 -6.981 -7.333 -8.878 -9.796 -10.770 -6.691 -6.929 -7.649 -8.609
0.01 -0.17553 6.00000 350.0028686523 2.6336188316   98.741  6.558  4.7754  3.929    0  0.000  1.648     0.00     0.00 -1 -4.87e-05      0.00 8.474e-02 9.054e-01 1.333e-04 6.151e-03 1.915e-04 -1.000 9.806e-03 -11.624 -6.329 -6.271 -6.470 -6.538 -6.798 -6.846 -7.195 -8.741 -9.657 -10.629 -6.560 -6.793 -7.511 -8.472
0.01 -0.17553 6.00000 350.0029296875 2.6336188316   90.744  6.519  4.7775  3.939    0  0.000  1.675     0.00     0.00 -1 -4.29e-05      0.00 7.446e-02 9.157e-01 1.351e-04 6.146e-03 1.936e-04 -1.000 9.816e-03 -11.527 -6.205 -6.145 -6.338 -6.403 -6.659 -6.707 -7.054 -8.602 -9.516 -10.487 -6.425 -6.655 -7.371 -8.333
0.01 -0.17553 6.00000 350.0029907227 2.6336188316   83.374  6.480  4.7808  3.954    0  0.000  1.712     0.00     0.00 -1 -3.78e-05      0.00 6.386e-02 9.263e-01 1.371e-04 6.143e-03 1.955e-04 -1.000 9.855e-03 -11.431 -6.075 -6.012 -6.200 -6.263 -6.517 -6.564 -6.910 -8.461 -9.375 -10.345 -6.285 -6.512 -7.227 -8.192
0.01 -0.17553 6.00000 350.0030517578 2.6336188316   77.195  6.445  4.7851  3.973    0  0.000  1.760     0.00     0.00 -1 -3.35e-05      0.00 5.418e-02 9.360e-01 1.394e-04 6.139e-03 1.971e-04 -1.000 9.816e-03 -11.343 -5.945 -5.879 -6.061 -6.122 -6.374 -6.420 -6.766 -8.322 -9.236 -10.206 -6.145 -6.370 -7.084 -8.052
0.01 -0.17553 6.00000 350.0031127930 2.6336188316   72.014  6.413  4.7916  4.000    0  0.000  1.820     0.00     0.00 -1 -2.97e-05      0.00 4.561e-02 9.446e-01 1.419e-04 6.135e-03 1.983e-04 -1.000 9.816e-03 -11.264 -5.809 -5.741 -5.916 -5.977 -6.227 -6.273 -6.619 -8.182 -9.100 -10.070 -6.001 -6.223 -6.939 -7.913
0.01 -0.17553 6.00000 350.0031433105 2.6336188316   68.587  6.391  4.7997  4.034    0  0.000  1.883     0.00     0.00 -1 -2.78e-05      0.00 3.942e-02 9.507e-01 1.442e-04 6.131e-03 1.989e-04 -1.000 9.855e-03 -11.208 -5.698 -5.630 -5.804 -5.870 -6.124 -6.169 -6.520 -8.095 -9.020 -9.990 -5.894 -6.119 -6.844 -7.825
0.01 -0.17553 6.00000 350.0031738281 2.6336188316   64.117  6.365  4.8443  4.209    0  0.000  1.958     0.00     0.00 -1 -2.48e-05      0.00 3.461e-02 9.555e-01 1.472e-04 6.126e-03 2.001e-04 -1.000 9.864e-03 -11.143 -5.318 -5.255 -5.400 -5.522 -5.787 -5.843 -6.211 -7.839 -8.815 -9.804 -5.545 -5.784 -6.551 -7.568
0.01 -0.17553 6.00000 350.0032043457 2.6336188316   62.588  6.393  5.0986  5.188    0  0.000  1.630     0.00     0.00 -1 -2.74e-05      0.00 2.804e-02 9.621e-01 1.301e-04 6.152e-03 1.990e-04 -1.000 9.864e-03 -11.213 -4.157 -4.152 -4.281 -4.651 -4.930 -5.114 -5.510 -7.319 -8.561 -9.685 -4.636 -4.943 -5.912 -7.044
0.01 -0.17553 6.00000 350.0032348633 2.6336188316   59.680  6.369  5.1040  5.213    0  0.000  2.260     0.00     0.00 -1 -2.52e-05      0.00 2.338e-02 9.668e-01 1.540e-04 6.119e-03 1.974e-04  7.327 9.802e-03 -11.152 -4.047 -4.041 -4.168 -4.536 -4.813 -4.998 -5.392 -7.203 -8.444 -9.567 -4.520 -4.826 -5.796 -6.928
0.01 -0.17553 6.00000 350.0032653809 2.6336188316   56.272  6.339  5.1055  5.223    0  0.000 86.281     0.00     0.00 -1 -2.06e-05      0.00 2.365e-02 9.092e-01 5.338e-02 1.587e-05 9.411e-04 11.269 6.717e-02 -11.078 -4.023 -4.014 -4.147 -4.541 -4.822 -5.012 -5.398 -7.144 -8.342 -9.462 -4.525 -4.835 -5.771 -6.869
0.01 -0.17553 6.00000 350.0033264160 2.6336188316   51.776  6.301  5.1008  5.207    0  0.000 27.340     0.00     0.00 -1 -1.39e-05      0.00 2.413e-02 7.913e-01 1.638e-01 1.619e-05 7.871e-03 11.737 1.846e-01 -10.981 -3.759 -3.726 -3.824 -4.164 -4.415 -4.601 -4.969 -6.696 -7.847 -8.958 -4.146 -4.428 -5.339 -6.422
0.01 -0.17553 6.00000 350.0034484863 2.6336188316   47.060  6.263  5.0974  5.190    0  0.000 10.962     0.00     0.00 -1 -7.62e-06      0.00 2.492e-02 6.156e-01 3.098e-01 1.672e-05 3.659e-02 11.975 3.595e-01 -10.886 -3.433 -3.371 -3.409 -3.647 -3.842 -4.006 -4.333 -6.038 -7.139 -8.204 -3.628 -3.855 -4.693 -5.763
0.01 -0.17553 6.00000 350.0035705566 2.6336188316   44.042  6.244  5.0986  5.184    0  0.000  6.426     0.00     0.00 -1 -4.45e-06      0.00 2.577e-02 4.848e-01 3.964e-01 1.729e-05 7.971e-02 12.037 4.894e-01 -10.840 -3.264 -3.184 -3.188 -3.356 -3.511 -3.656 -3.941 -5.615 -6.710 -7.751 -3.339 -3.523 -4.282 -5.339
0.01 -0.17553 6.00000 350.0036621094 2.6336188316   42.369  6.236  5.1069  5.208    0  0.000  3.692     0.00     0.00 -1 -4.95e-06      0.00 2.638e-02 3.476e-01 4.537e-01 1.770e-05 1.589e-01 12.024 6.260e-01 -10.821 -3.209 -3.132 -3.139 -3.317 -3.477 -3.625 -3.916 -5.595 -6.699 -7.749 -3.299 -3.488 -4.259 -5.320
0.01 -0.17553 6.00000 350.0036926270 2.6336188316   41.246  6.229  5.1176  5.247    0  0.000  2.525     0.00     0.00 -1  -5.9e-06      0.00 2.667e-02 2.637e-01 4.601e-01 1.789e-05 2.359e-01 11.947 7.096e-01 -10.803 -3.183 -3.118 -3.144 -3.360 -3.541 -3.703 -4.015 -5.716 -6.843 -7.916 -3.340 -3.554 -4.370 -5.441
0.01 -0.17553 6.00000 350.0037231445 2.6336188316   39.401  6.302  5.2589  5.719    0  0.000  1.392     0.00     0.00 -1 -1.52e-05      0.00 2.700e-02 1.588e-01 4.132e-01 1.812e-05 3.868e-01 11.580 8.142e-01 -10.984 -5.258 -5.314 -5.651 -6.093 -6.469 -6.617 -7.047 -8.850 -10.121 -11.251 -6.090 -6.474 -7.421 -8.575
#isochrone terminated
