# File generated by CMD 3.3 (http://stev.oapd.inaf.it/cmd) on Tue Apr 21 15:01:19 CEST 2020
# isochrones based on PARSEC release v1.2S +  COLIBRI S_35
# Basic references: Bressan et al. (2012), MNRAS, 427, 127 + Chen et al. (2014, 2015), MNRAS, 444, 2525 + MNRAS, 452, 1068 + Tang et al. (2014), MNRAS, 445, 4287 + Marigo et al. (2017), ApJ, 835, 77 + Pastorelli al. (2019), MNRAS in press
# Thermal pulse cycles included 
# On RGB, assumed Reimers mass loss with efficiency eta=0.2
# Photometric system:  2MASS + Spitzer (IRAC+MIPS) + WISE
# Using YBC version of bolometric corrections as in Chen et al. (2019)
# O-rich circumstellar dpmod60alox40 dust from Groenewegen (2006)
# C-rich circumstellar AMCSIC15 dust from Groenewegen (2006)
# IMF: Kroupa (2001, 2002) + Kroupa et al. (2013) canonical two-part-power law IMF corrected for unresolved binaries 
# Kind of output: isochrone tables
# Zini     MH   logAge Mini        int_IMF         Mass   logL    logTe  logg  label   McoreTP C_O  period0 period1 pmode  Mloss  tau1m   X   Y   Xc  Xn  Xo  Cexcess  Z 	 mbolmag  Jmag    Hmag    Ksmag   IRAC_3.6mag  IRAC_4.5mag  IRAC_5.8mag  IRAC_8.0mag  MIPS_24mag  MIPS_70mag  MIPS_160mag  W1mag   W2mag   W3mag   W4mag
0.06 0.69525 10.00000 0.1000000015 1.1711064577    0.100 -3.261  3.3619  5.099    1  0.000  0.545     0.00     0.00 -1 -6.15e-17      0.00 5.824e-01 3.576e-01 1.079e-02 2.911e-03 2.640e-02 -1.000 6.000e-02 12.923 10.771 10.208 9.891 9.455 9.379 9.314 9.220 8.590 8.559 8.511 9.623 9.392 9.157 8.780
0.06 0.69525 10.00000 0.1116581112 1.2617129087    0.112 -3.135  3.3752  5.074    1  0.000  0.545     0.00     0.00 -1    -8e-17      0.00 5.822e-01 3.578e-01 1.079e-02 2.911e-03 2.640e-02 -1.000 6.000e-02 12.609 10.457 9.896 9.578 9.141 9.063 8.998 8.904 8.274 8.243 8.196 9.309 9.075 8.841 8.464
0.06 0.69525 10.00000 0.1199999973 1.3193154335    0.120 -3.053  3.3839  5.058    1  0.000  0.545     0.00     0.00 -1 -9.49e-17      0.00 5.820e-01 3.580e-01 1.079e-02 2.911e-03 2.640e-02 -1.000 6.000e-02 12.403 10.252 9.692 9.373 8.936 8.857 8.791 8.698 8.068 8.036 7.990 9.103 8.869 8.635 8.258
0.06 0.69525 10.00000 0.1400000006 1.4384527206    0.140 -2.893  3.3996  5.027    1  0.000  0.545     0.00     0.00 -1 -3.47e-18      0.00 5.814e-01 3.586e-01 1.079e-02 2.911e-03 2.640e-02 -1.000 6.000e-02 12.002 9.852 9.293 8.972 8.535 8.453 8.387 8.294 7.664 7.632 7.587 8.701 8.465 8.231 7.854
0.06 0.69525 10.00000 0.1599999964 1.5372931957    0.160 -2.762  3.4114  5.001    1  0.000  0.545     0.00     0.00 -1 -9.55e-17      0.00 5.810e-01 3.590e-01 1.079e-02 2.911e-03 2.640e-02 -1.000 6.000e-02 11.674 9.524 8.967 8.645 8.207 8.123 8.057 7.964 7.334 7.302 7.258 8.372 8.134 7.901 7.524
0.06 0.69525 10.00000 0.2000000030 1.6938791275    0.200 -2.549  3.4293  4.957    1  0.000  0.545     0.00     0.00 -1 -2.64e-16      0.00 5.803e-01 3.597e-01 1.079e-02 2.911e-03 2.640e-02 -1.000 6.000e-02 11.142 9.015 8.463 8.147 7.724 7.629 7.568 7.483 6.864 6.833 6.812 7.879 7.639 7.426 7.054
0.06 0.69525 10.00000 0.2500000000 1.8403258324    0.250 -2.320  3.4504  4.910    1  0.000  0.545     0.00     0.00 -1 -1.72e-17      0.00 5.797e-01 3.603e-01 1.079e-02 2.911e-03 2.640e-02 -1.000 6.001e-02 10.571 8.485 7.935 7.637 7.246 7.140 7.086 7.017 6.415 6.387 6.402 7.384 7.148 6.972 6.605
0.06 0.69525 10.00000 0.3000000417 1.9529141188    0.300 -2.149  3.4635  4.869    1  0.000  0.545     0.00     0.00 -1 -5.98e-16      0.00 5.795e-01 3.604e-01 1.079e-02 2.911e-03 2.640e-02 -1.000 6.007e-02 10.141 8.085 7.532 7.245 6.874 6.765 6.713 6.650 6.057 6.035 6.076 7.002 6.771 6.615 6.247
0.06 0.69525 10.00000 0.3499999940 2.0434174538    0.350 -1.996  3.4762  4.835    1  0.000  0.545     0.00     0.00 -1  -8.2e-16      0.00 5.836e-01 3.564e-01 1.079e-02 2.911e-03 2.640e-02 -1.000 6.000e-02 9.759 7.729 7.170 6.898 6.550 6.440 6.391 6.334 5.752 5.737 5.798 6.669 6.445 6.309 5.942
0.06 0.69525 10.00000 0.3522445261 2.0470809937    0.352 -1.989  3.4769  4.833    1  0.000  0.545     0.00     0.00 -1 -8.32e-16      0.00 5.837e-01 3.563e-01 1.079e-02 2.911e-03 2.640e-02 -1.000 6.000e-02 9.741 7.713 7.153 6.882 6.535 6.425 6.377 6.320 5.738 5.724 5.786 6.654 6.431 6.295 5.928
0.06 0.69525 10.00000 0.4000000060 2.1185026169    0.400 -1.846  3.4912  4.803    1  0.000  0.545     0.00     0.00 -1 -1.12e-15      0.00 5.839e-01 3.561e-01 1.079e-02 2.911e-03 2.640e-02 -1.000 6.000e-02 9.385 7.390 6.818 6.562 6.243 6.134 6.086 6.033 5.464 5.465 5.550 6.350 6.139 6.020 5.653
0.06 0.69525 10.00000 0.4500000179 2.1822810173    0.450 -1.697  3.5063  4.766    1  0.000  0.545     0.00     0.00 -1 -1.56e-15      0.00 5.839e-01 3.561e-01 1.079e-02 2.911e-03 2.640e-02 -1.000 6.000e-02 9.013 7.053 6.459 6.219 5.936 5.839 5.793 5.745 5.190 5.208 5.308 6.034 5.843 5.742 5.380
0.06 0.69525 10.00000 0.4884408414 2.2253561020    0.488 -1.578  3.5198  4.736    1  0.000  0.545     0.00     0.00 -1 -2.04e-15      0.00 5.840e-01 3.560e-01 1.079e-02 2.911e-03 2.640e-02 -1.000 6.000e-02 8.716 6.791 6.175 5.945 5.691 5.609 5.562 5.515 4.976 5.013 5.128 5.779 5.614 5.523 5.165
0.06 0.69525 10.00000 0.5000000596 2.2374544144    0.500 -1.544  3.5237  4.728    1  0.000  0.545     0.00     0.00 -1  -2.2e-15      0.00 5.840e-01 3.560e-01 1.079e-02 2.911e-03 2.640e-02 -1.000 6.000e-02 8.631 6.715 6.093 5.865 5.621 5.545 5.498 5.452 4.918 4.960 5.076 5.706 5.550 5.462 5.108
0.06 0.69525 10.00000 0.5052951574 2.2428472042    0.505 -1.525  3.5257  4.722    1  0.000  0.545     0.00     0.00 -1  -2.3e-15      0.00 5.872e-01 3.533e-01 1.071e-02 2.889e-03 2.620e-02 -1.000 5.956e-02 8.584 6.673 6.047 5.821 5.581 5.509 5.462 5.416 4.885 4.929 5.047 5.665 5.514 5.428 5.075
0.06 0.69525 10.00000 0.5500000119 2.2836582661    0.550 -1.376  3.5418  4.673    1  0.000  0.545     0.00     0.00 -1 -3.29e-15      0.00 6.108e-01 3.330e-01 1.011e-02 2.728e-03 2.474e-02 -1.000 5.623e-02 8.209 6.337 5.686 5.469 5.266 5.224 5.178 5.132 4.625 4.688 4.812 5.338 5.229 5.155 4.814
0.06 0.69525 10.00000 0.5726865530 2.3015890121    0.572 -1.298  3.5536  4.660    1  0.000  0.545     0.00     0.00 -1 -3.91e-15      0.00 6.125e-01 3.315e-01 1.007e-02 2.717e-03 2.464e-02 -1.000 5.600e-02 8.015 6.174 5.507 5.299 5.119 5.099 5.053 5.005 4.515 4.593 4.720 5.181 5.105 5.035 4.704
0.06 0.69525 10.00000 0.6000000238 2.3211214542    0.600 -1.208  3.5673  4.645    1  0.000  0.545     0.00     0.00 -1 -4.79e-15      0.00 6.145e-01 3.297e-01 1.002e-02 2.704e-03 2.452e-02 -1.000 5.573e-02 7.789 5.989 5.306 5.110 4.955 4.960 4.912 4.857 4.387 4.483 4.609 5.004 4.965 4.896 4.577
0.06 0.69525 10.00000 0.6499999762 2.3520355225    0.650 -1.036  3.5964  4.625    1  0.000  0.545     0.00     0.00 -1 -6.99e-15      0.00 6.180e-01 3.267e-01 9.934e-03 2.681e-03 2.433e-02 -1.000 5.529e-02 7.360 5.640 4.956 4.789 4.680 4.725 4.680 4.616 4.181 4.300 4.423 4.706 4.731 4.668 4.370
0.06 0.69525 10.00000 0.6999999881 2.3779268265    0.700 -0.867  3.6261  4.606    1  0.000  0.544     0.00     0.00 -1 -1.02e-14      0.00 6.214e-01 3.237e-01 9.853e-03 2.660e-03 2.413e-02 -1.000 5.481e-02 6.937 5.298 4.636 4.503 4.439 4.506 4.470 4.404 3.988 4.119 4.245 4.450 4.513 4.464 4.177
0.06 0.69525 10.00000 0.7044672966 2.3800354004    0.704 -0.851  3.6292  4.605    1  0.000  0.544     0.00     0.00 -1 -1.05e-14      0.00 6.217e-01 3.235e-01 9.834e-03 2.658e-03 2.412e-02 -1.000 5.477e-02 6.896 5.267 4.609 4.479 4.419 4.488 4.452 4.386 3.971 4.104 4.230 4.429 4.494 4.446 4.160
0.06 0.69525 10.00000 0.7235152721 2.3886907101    0.723 -0.783  3.6425  4.602    1  0.000  0.541     0.00     0.00 -1 -1.22e-14      0.00 6.230e-01 3.224e-01 9.754e-03 2.648e-03 2.404e-02 -1.000 5.460e-02 6.727 5.136 4.506 4.389 4.339 4.408 4.376 4.313 3.900 4.036 4.164 4.346 4.415 4.374 4.089
0.06 0.69525 10.00000 0.7422180176 2.3966939449    0.742 -0.717  3.6550  4.598    1  0.000  0.538     0.00     0.00 -1  -1.4e-14      0.00 6.241e-01 3.214e-01 9.678e-03 2.640e-03 2.398e-02 -1.000 5.454e-02 6.563 5.010 4.416 4.307 4.262 4.329 4.300 4.240 3.828 3.966 4.095 4.267 4.335 4.301 4.017
0.06 0.69525 10.00000 0.7500000000 2.3998889923    0.750 -0.690  3.6600  4.595    1  0.000  0.537     0.00     0.00 -1 -1.49e-14      0.00 6.245e-01 3.210e-01 9.647e-03 2.636e-03 2.396e-02 -1.000 5.448e-02 6.495 4.958 4.379 4.273 4.230 4.295 4.268 4.210 3.797 3.936 4.065 4.234 4.301 4.270 3.986
0.06 0.69525 10.00000 0.7747341990 2.4095561504    0.774 -0.615  3.6699  4.573    1  0.000  0.537     0.00     0.00 -1 -1.79e-14      0.00 6.271e-01 3.189e-01 9.587e-03 2.620e-03 2.381e-02 -1.000 5.408e-02 6.307 4.799 4.253 4.153 4.111 4.172 4.148 4.093 3.681 3.820 3.951 4.114 4.178 4.153 3.870
0.06 0.69525 10.00000 0.7956522107 2.4171943665    0.795 -0.551  3.6781  4.554    1  0.000  0.537     0.00     0.00 -1 -2.09e-14      0.00 6.291e-01 3.170e-01 9.538e-03 2.607e-03 2.369e-02 -1.000 5.384e-02 6.149 4.666 4.147 4.051 4.011 4.068 4.046 3.994 3.582 3.722 3.853 4.014 4.074 4.054 3.771
0.06 0.69525 10.00000 0.8000933528 2.4187572002    0.800 -0.538  3.6798  4.550    1  0.000  0.537     0.00     0.00 -1 -2.16e-14      0.00 6.296e-01 3.166e-01 9.526e-03 2.603e-03 2.366e-02 -1.000 5.377e-02 6.114 4.637 4.124 4.029 3.989 4.046 4.024 3.972 3.560 3.700 3.832 3.992 4.051 4.033 3.749
0.06 0.69525 10.00000 0.8223516941 2.4262976646    0.822 -0.469  3.6884  4.527    1  0.000  0.537     0.00     0.00 -1 -2.56e-14      0.00 6.320e-01 3.145e-01 9.469e-03 2.588e-03 2.352e-02 -1.000 5.345e-02 5.943 4.493 4.005 3.915 3.877 3.931 3.910 3.862 3.451 3.592 3.724 3.880 3.936 3.923 3.640
0.06 0.69525 10.00000 0.8413043618 2.4323580265    0.841 -0.411  3.6954  4.507    1  0.000  0.537     0.00     0.00 -1 -2.96e-14      0.00 6.339e-01 3.128e-01 9.423e-03 2.575e-03 2.341e-02 -1.000 5.327e-02 5.798 4.371 3.905 3.818 3.781 3.832 3.813 3.767 3.356 3.497 3.630 3.783 3.837 3.827 3.545
0.06 0.69525 10.00000 0.8414695859 2.4324095249    0.841 -0.411  3.6955  4.507    1  0.000  0.537     0.00     0.00 -1 -2.96e-14      0.00 6.340e-01 3.128e-01 9.422e-03 2.575e-03 2.341e-02 -1.000 5.327e-02 5.796 4.369 3.904 3.817 3.780 3.831 3.812 3.766 3.355 3.497 3.629 3.783 3.836 3.826 3.544
0.06 0.69525 10.00000 0.8647603393 2.4394369125    0.864 -0.338  3.7034  4.478    1  0.000  0.537     0.00     0.00 -1 -3.57e-14      0.00 6.367e-01 3.105e-01 9.358e-03 2.558e-03 2.325e-02 -1.000 5.281e-02 5.616 4.216 3.774 3.691 3.656 3.703 3.686 3.642 3.231 3.373 3.506 3.658 3.708 3.703 3.420
0.06 0.69525 10.00000 0.8866149187 2.4456465244    0.885 -0.271  3.7103  4.450    1  0.000  0.537     0.00     0.00 -1 -4.18e-14      0.00 6.391e-01 3.084e-01 9.303e-03 2.543e-03 2.312e-02 -1.000 5.253e-02 5.448 4.073 3.649 3.570 3.537 3.582 3.566 3.524 3.113 3.255 3.388 3.538 3.586 3.584 3.302
0.06 0.69525 10.00000 0.8869565725 2.4457406998    0.886 -0.270  3.7104  4.449    1  0.000  0.537     0.00     0.00 -1 -4.26e-14      0.00 6.391e-01 3.084e-01 9.302e-03 2.543e-03 2.312e-02 -1.000 5.253e-02 5.446 4.070 3.647 3.568 3.535 3.580 3.564 3.522 3.111 3.253 3.386 3.537 3.584 3.582 3.300
0.06 0.69525 10.00000 0.8943346739 2.4477565289    0.893 -0.248  3.7124  4.438    1  0.000  0.537     0.00     0.00 -1 -4.53e-14      0.00 6.400e-01 3.075e-01 9.281e-03 2.537e-03 2.306e-02 -1.000 5.246e-02 5.389 4.021 3.604 3.526 3.493 3.537 3.521 3.480 3.069 3.212 3.345 3.495 3.541 3.540 3.258
0.06 0.69525 10.00000 0.9054271579 2.4507162571    0.904 -0.214  3.7154  4.422    1  0.000  0.536     0.00     0.00 -1 -4.96e-14      0.00 6.413e-01 3.064e-01 9.251e-03 2.529e-03 2.299e-02 -1.000 5.231e-02 5.305 3.947 3.538 3.461 3.429 3.472 3.457 3.416 3.005 3.148 3.281 3.430 3.476 3.477 3.194
0.06 0.69525 10.00000 0.9161488414 2.4534988403    0.915 -0.182  3.7180  4.405    1  0.000  0.536     0.00     0.00 -1 -5.41e-14      0.00 6.424e-01 3.054e-01 9.225e-03 2.522e-03 2.293e-02 -1.000 5.217e-02 5.224 3.876 3.473 3.398 3.367 3.409 3.394 3.354 2.943 3.086 3.219 3.368 3.413 3.414 3.132
0.06 0.69525 10.00000 0.9267094731 2.4561674595    0.925 -0.150  3.7203  4.387    1  0.000  0.536     0.00     0.00 -1 -5.91e-14      0.00 6.435e-01 3.045e-01 9.202e-03 2.516e-03 2.287e-02 -1.000 5.205e-02 5.144 3.804 3.408 3.335 3.303 3.345 3.330 3.291 2.880 3.023 3.156 3.305 3.349 3.351 3.069
0.06 0.69525 10.00000 0.9326086640 2.4576280117    0.931 -0.131  3.7217  4.377    1  0.000  0.536     0.00     0.00 -1 -6.22e-14      0.00 6.438e-01 3.042e-01 9.194e-03 2.514e-03 2.286e-02 -1.000 5.200e-02 5.097 3.763 3.370 3.297 3.266 3.308 3.293 3.254 2.843 2.986 3.119 3.268 3.311 3.314 3.032
0.06 0.69525 10.00000 0.9360551834 2.4584712982    0.935 -0.120  3.7225  4.370    1  0.000  0.536     0.00     0.00 -1 -6.42e-14      0.00 6.441e-01 3.040e-01 9.189e-03 2.512e-03 2.284e-02 -1.000 5.196e-02 5.069 3.738 3.347 3.274 3.244 3.285 3.270 3.231 2.821 2.964 3.097 3.245 3.289 3.292 3.009
0.06 0.69525 10.00000 0.9496413469 2.4617278576    0.948 -0.074  3.7256  4.343    1  0.000  0.536     0.00     0.00 -1 -7.32e-14      0.00 6.438e-01 3.042e-01 9.195e-03 2.514e-03 2.286e-02 -1.000 5.199e-02 4.954 3.634 3.252 3.180 3.151 3.191 3.177 3.138 2.728 2.871 3.004 3.152 3.195 3.199 2.917
0.06 0.69525 10.00000 0.9533451796 2.4625971317    0.952 -0.061  3.7265  4.336    1  0.000  0.536     0.00     0.00 -1  -7.6e-14      0.00 6.435e-01 3.045e-01 9.203e-03 2.516e-03 2.288e-02 -1.000 5.204e-02 4.922 3.606 3.225 3.155 3.125 3.165 3.151 3.113 2.702 2.845 2.979 3.126 3.169 3.174 2.891
0.06 0.69525 10.00000 0.9588830471 2.4638824463    0.958 -0.042  3.7277  4.323    1  0.000  0.536     0.00     0.00 -1 -8.03e-14      0.00 6.428e-01 3.051e-01 9.221e-03 2.521e-03 2.292e-02 -1.000 5.213e-02 4.874 3.562 3.185 3.114 3.085 3.125 3.111 3.073 2.662 2.805 2.939 3.086 3.128 3.134 2.851
0.06 0.69525 10.00000 0.9628544450 2.4647936821    0.962 -0.028  3.7285  4.314    1  0.000  0.536     0.00     0.00 -1 -8.35e-14      0.00 6.423e-01 3.055e-01 9.234e-03 2.525e-03 2.295e-02 -1.000 5.219e-02 4.839 3.530 3.155 3.085 3.056 3.095 3.081 3.044 2.633 2.776 2.909 3.057 3.099 3.104 2.822
0.06 0.69525 10.00000 0.9660821557 2.4655280113    0.965 -0.016  3.7291  4.307    1  0.000  0.536     0.00     0.00 -1 -8.63e-14      0.00 6.419e-01 3.059e-01 9.244e-03 2.527e-03 2.298e-02 -1.000 5.225e-02 4.810 3.503 3.130 3.061 3.032 3.071 3.057 3.020 2.609 2.752 2.886 3.033 3.074 3.080 2.798
0.06 0.69525 10.00000 0.9689065814 2.4661657810    0.968 -0.006  3.7297  4.301    1  0.000  0.536     0.00     0.00 -1 -8.89e-14      0.00 6.415e-01 3.062e-01 9.253e-03 2.530e-03 2.300e-02 -1.000 5.231e-02 4.786 3.481 3.109 3.040 3.011 3.050 3.036 2.999 2.588 2.731 2.865 3.012 3.053 3.059 2.777
0.06 0.69525 10.00000 0.9782608747 2.4682483673    0.977  0.028  3.7311  4.277    2  0.000  0.536     0.00     0.00 -1 -9.81e-14      0.00 6.402e-01 3.072e-01 9.284e-03 2.538e-03 2.308e-02 -1.000 5.251e-02 4.701 3.401 3.033 2.965 2.936 2.975 2.961 2.924 2.513 2.657 2.790 2.937 2.978 2.985 2.702
0.06 0.69525 10.00000 0.9864889979 2.4700427055    0.985  0.059  3.7321  4.253    2  0.000  0.536     0.00     0.00 -1 -1.07e-13      0.00 6.391e-01 3.082e-01 9.313e-03 2.546e-03 2.315e-02 -1.000 5.268e-02 4.622 3.326 2.961 2.893 2.864 2.902 2.889 2.852 2.441 2.585 2.718 2.865 2.906 2.913 2.630
0.06 0.69525 10.00000 0.9967699647 2.4722368717    0.996  0.100  3.7329  4.220    2  0.000  0.536     0.00     0.00 -1 -1.21e-13      0.00 6.373e-01 3.098e-01 9.359e-03 2.559e-03 2.327e-02 -1.000 5.288e-02 4.520 3.228 2.864 2.796 2.768 2.806 2.793 2.756 2.345 2.488 2.622 2.769 2.809 2.816 2.534
0.06 0.69525 10.00000 1.0057411194 2.4741094112    1.005  0.137  3.7329  4.187    2  0.000  0.536     0.00     0.00 -1 -1.35e-13      0.00 6.349e-01 3.119e-01 9.424e-03 2.577e-03 2.343e-02 -1.000 5.323e-02 4.427 3.135 2.771 2.704 2.675 2.713 2.700 2.663 2.252 2.395 2.529 2.676 2.717 2.724 2.441
0.06 0.69525 10.00000 1.0154647827 2.4760961533    1.014  0.178  3.7320  4.146    2  0.000  0.536     0.00     0.00 -1 -1.54e-13      0.00 6.313e-01 3.149e-01 9.517e-03 2.603e-03 2.367e-02 -1.000 5.384e-02 4.324 3.029 2.662 2.594 2.565 2.604 2.590 2.553 2.142 2.285 2.418 2.566 2.607 2.613 2.330
0.06 0.69525 10.00000 1.0239129066 2.4777870178    1.023  0.215  3.7294  4.102    2  0.000  0.536     0.00     0.00 -1 -1.74e-13      0.00 6.261e-01 3.193e-01 9.653e-03 2.640e-03 2.400e-02 -1.000 5.462e-02 4.233 2.927 2.554 2.484 2.454 2.493 2.480 2.441 2.030 2.173 2.306 2.455 2.497 2.501 2.219
0.06 0.69525 10.00000 1.0292612314 2.4788410664    1.028  0.238  3.7261  4.068    2  0.000  0.536     0.00     0.00 -1 -1.89e-13      0.00 6.224e-01 3.225e-01 9.750e-03 2.666e-03 2.424e-02 -1.000 5.514e-02 4.175 2.857 2.475 2.404 2.373 2.413 2.399 2.359 1.948 2.091 2.224 2.374 2.417 2.419 2.137
0.06 0.69525 10.00000 1.0364986658 2.4802474976    1.035  0.263  3.7165  4.008    2  0.000  0.536     0.00     0.00 -1 -2.11e-13      0.00 6.145e-01 3.293e-01 9.943e-03 2.717e-03 2.472e-02 -1.000 5.617e-02 4.113 2.761 2.353 2.277 2.243 2.286 2.271 2.228 1.816 1.958 2.091 2.244 2.290 2.288 2.005
0.06 0.69525 10.00000 1.0399737358 2.4809148312    1.038  0.268  3.7070  3.967    2  0.000  0.537     0.00     0.00 -1 -2.23e-13      0.00 6.088e-01 3.343e-01 1.008e-02 2.753e-03 2.505e-02 -1.000 5.693e-02 4.100 2.715 2.281 2.200 2.162 2.209 2.192 2.146 1.734 1.875 2.008 2.164 2.213 2.206 1.922
0.06 0.69525 10.00000 1.0423679352 2.4813716412    1.041  0.272  3.6971  3.923    2  0.000  0.537     0.00     0.00 -1 -2.36e-13      0.00 6.039e-01 3.386e-01 1.019e-02 2.783e-03 2.531e-02 -1.000 5.748e-02 4.089 2.670 2.208 2.121 2.080 2.131 2.113 2.063 1.650 1.792 1.923 2.083 2.136 2.122 1.839
0.06 0.69525 10.00000 1.0441800356 2.4817156792    1.043  0.289  3.6886  3.873    2  0.000  0.537     0.00     0.00 -1 -2.58e-13      0.00 5.999e-01 3.422e-01 1.027e-02 2.805e-03 2.551e-02 -1.000 5.798e-02 4.047 2.601 2.113 2.022 1.978 2.032 2.013 1.959 1.546 1.687 1.819 1.981 2.037 2.019 1.735
0.06 0.69525 10.00000 1.0456608534 2.4819958210    1.044  0.324  3.6827  3.816    2  0.000  0.537     0.00     0.00 -1 -2.97e-13      0.00 5.964e-01 3.454e-01 1.034e-02 2.822e-03 2.567e-02 -1.000 5.829e-02 3.961 2.496 1.991 1.896 1.850 1.906 1.886 1.830 1.416 1.556 1.687 1.853 1.912 1.889 1.605
0.06 0.69525 10.00000 1.0458680391 2.4820349216    1.044  0.330  3.6820  3.807    2  0.000  0.537     0.00     0.00 -1 -3.05e-13      0.00 5.958e-01 3.458e-01 1.034e-02 2.824e-03 2.569e-02 -1.000 5.837e-02 3.946 2.479 1.972 1.876 1.830 1.886 1.866 1.810 1.396 1.536 1.667 1.833 1.892 1.869 1.585
0.06 0.69525 10.00000 1.0472947359 2.4823038578    1.046  0.384  3.6781  3.737    3  0.000  0.536     0.00     0.00 -1 -3.71e-13      0.00 5.920e-01 3.493e-01 1.037e-02 2.847e-03 2.582e-02 -1.000 5.866e-02 3.809 2.331 1.812 1.714 1.666 1.724 1.703 1.645 1.231 1.370 1.501 1.669 1.730 1.704 1.419
0.06 0.69525 10.00000 1.0482501984 2.4824836254    1.047  0.427  3.6760  3.686    3  0.000  0.532     0.00     0.00 -1 -4.34e-13      0.00 5.893e-01 3.519e-01 1.033e-02 2.884e-03 2.589e-02 -1.000 5.881e-02 3.702 2.218 1.691 1.592 1.543 1.602 1.581 1.522 1.107 1.247 1.377 1.547 1.608 1.581 1.296
0.06 0.69525 10.00000 1.0493965149 2.4826986790    1.048  0.485  3.6740  3.621    3  0.000  0.516     0.00     0.00 -1 -5.33e-13      0.00 5.856e-01 3.554e-01 1.004e-02 3.141e-03 2.596e-02 -1.000 5.905e-02 3.557 2.067 1.535 1.434 1.384 1.444 1.422 1.362 0.947 1.087 1.217 1.388 1.450 1.421 1.136
0.06 0.69525 10.00000 1.0503846407 2.4828834534    1.049  0.540  3.6723  3.560    3  0.000  0.494     0.00     0.00 -1 -6.49e-13      0.00 5.825e-01 3.583e-01 9.634e-03 3.624e-03 2.601e-02 -1.000 5.919e-02 3.420 1.926 1.388 1.286 1.235 1.296 1.274 1.212 0.798 0.937 1.067 1.239 1.302 1.271 0.986
0.06 0.69525 10.00000 1.0511134863 2.4830195904    1.049  0.583  3.6711  3.512    3  0.000  0.478     0.00     0.00 -1 -7.56e-13      0.00 5.802e-01 3.605e-01 9.329e-03 4.009e-03 2.604e-02 -1.000 5.932e-02 3.312 1.814 1.273 1.170 1.118 1.179 1.157 1.095 0.680 0.819 0.949 1.122 1.185 1.154 0.869
0.06 0.69525 10.00000 1.0518031120 2.4831483364    1.050  0.627  3.6698  3.464    3  0.000  0.466     0.00     0.00 -1 -8.82e-13      0.00 5.783e-01 3.623e-01 9.112e-03 4.288e-03 2.606e-02 -1.000 5.943e-02 3.203 1.701 1.156 1.052 0.999 1.061 1.039 0.976 0.561 0.700 0.830 1.004 1.068 1.034 0.750
0.06 0.69525 10.00000 1.0524344444 2.4832658768    1.051  0.669  3.6685  3.416    3  0.000  0.458     0.00     0.00 -1 -1.03e-12      0.00 5.768e-01 3.638e-01 8.954e-03 4.491e-03 2.608e-02 -1.000 5.948e-02 3.097 1.591 1.042 0.937 0.883 0.946 0.924 0.859 0.444 0.583 0.713 0.888 0.953 0.918 0.633
0.06 0.69525 10.00000 1.0530304909 2.4833767414    1.051  0.712  3.6671  3.368    3  0.000  0.452     0.00     0.00 -1  -1.2e-12      0.00 5.755e-01 3.649e-01 8.839e-03 4.639e-03 2.609e-02 -1.000 5.953e-02 2.990 1.479 0.926 0.820 0.765 0.830 0.807 0.741 0.326 0.464 0.594 0.770 0.836 0.799 0.515
0.06 0.69525 10.00000 1.0535768270 2.4834783077    1.052  0.755  3.6656  3.320    3  0.000  0.448     0.00     0.00 -1 -1.39e-12      0.00 5.747e-01 3.658e-01 8.765e-03 4.735e-03 2.610e-02 -1.000 5.956e-02 2.884 1.369 0.812 0.704 0.648 0.714 0.691 0.624 0.208 0.347 0.476 0.653 0.720 0.682 0.397
0.06 0.69525 10.00000 1.0542168617 2.4835970402    1.052  0.808  3.6637  3.259    3  0.000  0.443     0.00     0.00 -1 -1.69e-12      0.00 5.736e-01 3.667e-01 8.680e-03 4.845e-03 2.611e-02 -1.000 5.963e-02 2.750 1.230 0.667 0.557 0.500 0.567 0.544 0.475 0.059 0.198 0.326 0.505 0.574 0.533 0.248
0.06 0.69525 10.00000 1.0546606779 2.4836792946    1.053  0.849  3.6622  3.212    3  0.000  0.441     0.00     0.00 -1 -1.96e-12      0.00 5.731e-01 3.672e-01 8.642e-03 4.894e-03 2.612e-02 -1.000 5.967e-02 2.648 1.123 0.556 0.445 0.387 0.455 0.432 0.362 -0.055 0.084 0.212 0.392 0.462 0.419 0.134
0.06 0.69525 10.00000 1.0550882816 2.4837584496    1.053  0.891  3.6605  3.163    3  0.000  0.440     0.00     0.00 -1 -2.28e-12      0.00 5.727e-01 3.676e-01 8.613e-03 4.932e-03 2.612e-02 -1.000 5.967e-02 2.542 1.012 0.440 0.328 0.268 0.337 0.314 0.242 -0.174 -0.036 0.092 0.274 0.344 0.300 0.015
0.06 0.69525 10.00000 1.0554512739 2.4838254452    1.053  0.930  3.6589  3.118    3  0.000  0.439     0.00     0.00 -1 -2.62e-12      0.00 5.725e-01 3.678e-01 8.595e-03 4.955e-03 2.612e-02 -1.000 5.967e-02 2.445 0.911 0.334 0.220 0.160 0.230 0.206 0.133 -0.283 -0.145 -0.017 0.165 0.237 0.191 -0.094
0.06 0.69525 10.00000 1.0558040142 2.4838907719    1.054  0.971  3.6571  3.070    3  0.000  0.438     0.00     0.00 -1 -3.04e-12      0.00 5.724e-01 3.679e-01 8.585e-03 4.969e-03 2.612e-02 -1.000 5.967e-02 2.342 0.803 0.221 0.106 0.044 0.116 0.092 0.017 -0.399 -0.261 -0.133 0.050 0.123 0.075 -0.210
0.06 0.69525 10.00000 1.0561180115 2.4839487076    1.054  1.010  3.6553  3.024    3  0.000  0.438     0.00     0.00 -1  -3.5e-12      0.00 5.723e-01 3.680e-01 8.579e-03 4.976e-03 2.612e-02 -1.000 5.967e-02 2.245 0.701 0.114 -0.003 -0.065 0.007 -0.017 -0.093 -0.510 -0.372 -0.244 -0.059 0.015 -0.036 -0.321
0.06 0.69525 10.00000 1.0564037561 2.4840013981    1.054  1.048  3.6536  2.979    3  0.000  0.438     0.00     0.00 -1 -4.03e-12      0.00 5.723e-01 3.680e-01 8.578e-03 4.977e-03 2.612e-02 -1.000 5.967e-02 2.149 0.601 0.008 -0.111 -0.174 -0.101 -0.125 -0.203 -0.619 -0.481 -0.354 -0.168 -0.093 -0.145 -0.430
0.06 0.69525 10.00000 1.0566700697 2.4840505123    1.054  1.087  3.6518  2.933    3  0.000  0.438     0.00     0.00 -1 -4.64e-12      0.00 5.723e-01 3.680e-01 8.577e-03 4.978e-03 2.613e-02 -1.000 5.967e-02 2.053 0.500 -0.099 -0.219 -0.284 -0.209 -0.234 -0.312 -0.729 -0.591 -0.464 -0.277 -0.201 -0.255 -0.540
0.06 0.69525 10.00000 1.0569870472 2.4841089249    1.055  1.136  3.6493  2.874    3  0.000  0.438     0.00     0.00 -1 -5.56e-12      0.00 5.723e-01 3.680e-01 8.576e-03 4.979e-03 2.613e-02 -1.000 5.967e-02 1.929 0.369 -0.236 -0.359 -0.425 -0.349 -0.374 -0.455 -0.872 -0.734 -0.607 -0.418 -0.341 -0.398 -0.683
0.06 0.69525 10.00000 1.0572177172 2.4841516018    1.055  1.175  3.6474  2.827    3  0.000  0.438     0.00     0.00 -1 -6.41e-12      0.00 5.723e-01 3.680e-01 8.576e-03 4.980e-03 2.613e-02 -1.000 5.967e-02 1.832 0.266 -0.345 -0.470 -0.537 -0.460 -0.486 -0.567 -0.984 -0.847 -0.720 -0.530 -0.452 -0.510 -0.795
0.06 0.69525 10.00000 1.0574859381 2.4842009544    1.055  1.224  3.6448  2.769    3  0.000  0.438     0.00     0.00 -1 -7.67e-12      0.00 5.723e-01 3.680e-01 8.575e-03 4.981e-03 2.613e-02 -1.000 5.967e-02 1.711 0.138 -0.480 -0.608 -0.677 -0.599 -0.625 -0.708 -1.125 -0.987 -0.862 -0.669 -0.591 -0.651 -0.936
0.06 0.69525 10.00000 1.0577322245 2.4842462540    1.055  1.271  3.6423  2.711    3  0.000  0.438     0.00     0.00 -1 -9.15e-12      0.00 5.723e-01 3.680e-01 8.574e-03 4.982e-03 2.613e-02 -1.000 5.967e-02 1.592 0.013 -0.614 -0.744 -0.814 -0.735 -0.761 -0.846 -1.264 -1.126 -1.000 -0.806 -0.727 -0.789 -1.075
0.06 0.69525 10.00000 1.0579756498 2.4842910767    1.055  1.319  3.6396  2.652    3  0.000  0.438     0.00     0.00 -1 -1.09e-11      0.00 5.723e-01 3.680e-01 8.574e-03 4.983e-03 2.613e-02 -1.000 5.967e-02 1.471 -0.114 -0.749 -0.882 -0.953 -0.874 -0.900 -0.986 -1.404 -1.266 -1.142 -0.945 -0.865 -0.930 -1.215
0.06 0.69525 10.00000 1.0582407713 2.4843397141    1.056  1.359  3.6374  2.604    3  0.000  0.437     0.00     0.00 -1 -1.27e-11      0.00 5.723e-01 3.680e-01 8.573e-03 4.983e-03 2.613e-02 -1.000 5.967e-02 1.372 -0.219 -0.860 -0.995 -1.068 -0.988 -1.014 -1.102 -1.520 -1.383 -1.258 -1.060 -0.979 -1.046 -1.331
0.06 0.69525 10.00000 1.0583832264 2.4843659401    1.056  1.377  3.6365  2.583    3  0.000  0.437     0.00     0.00 -1 -1.36e-11      0.00 5.723e-01 3.680e-01 8.573e-03 4.984e-03 2.613e-02 -1.000 5.967e-02 1.328 -0.266 -0.910 -1.046 -1.119 -1.039 -1.065 -1.154 -1.572 -1.435 -1.310 -1.111 -1.030 -1.097 -1.383
0.06 0.69525 10.00000 1.0586537123 2.4844155312    1.056  1.331  3.6397  2.641    3  0.000  0.437     0.00     0.00 -1 -1.16e-11      0.00 5.723e-01 3.680e-01 8.572e-03 4.985e-03 2.613e-02 -1.000 5.968e-02 1.441 -0.144 -0.778 -0.911 -0.983 -0.903 -0.929 -1.016 -1.434 -1.296 -1.171 -0.975 -0.895 -0.960 -1.245
0.06 0.69525 10.00000 1.0586816072 2.4844207764    1.056  1.325  3.6401  2.649    3  0.000  0.437     0.00     0.00 -1 -1.13e-11      0.00 5.723e-01 3.680e-01 8.572e-03 4.985e-03 2.613e-02 -1.000 5.968e-02 1.457 -0.127 -0.760 -0.892 -0.964 -0.884 -0.910 -0.997 -1.415 -1.277 -1.152 -0.956 -0.876 -0.940 -1.226
0.06 0.69525 10.00000 1.0587749481 2.4844379425    1.056  1.352  3.6385  2.616    3  0.000  0.437     0.00     0.00 -1 -1.23e-11      0.00 5.723e-01 3.680e-01 8.571e-03 4.985e-03 2.613e-02 -1.000 5.968e-02 1.390 -0.198 -0.836 -0.970 -1.042 -0.962 -0.989 -1.076 -1.494 -1.356 -1.232 -1.034 -0.954 -1.020 -1.305
0.06 0.69525 10.00000 1.0589673519 2.4844732285    1.056  1.403  3.6355  2.553    3  0.000  0.437     0.00     0.00 -1 -1.48e-11      0.00 5.723e-01 3.680e-01 8.571e-03 4.986e-03 2.613e-02 -1.000 5.968e-02 1.263 -0.333 -0.980 -1.117 -1.191 -1.110 -1.137 -1.226 -1.644 -1.507 -1.383 -1.183 -1.101 -1.170 -1.455
0.06 0.69525 10.00000 1.0591486692 2.4845063686    1.056  1.452  3.6326  2.492    3  0.000  0.437     0.00     0.00 -1 -1.78e-11      0.00 5.724e-01 3.680e-01 8.570e-03 4.987e-03 2.613e-02 -1.000 5.968e-02 1.140 -0.464 -1.119 -1.260 -1.335 -1.253 -1.280 -1.371 -1.790 -1.653 -1.529 -1.326 -1.244 -1.315 -1.601
0.06 0.69525 10.00000 1.0593121052 2.4845364094    1.056  1.500  3.6296  2.433    3  0.000  0.437     0.00     0.00 -1 -2.13e-11      0.00 5.724e-01 3.680e-01 8.570e-03 4.987e-03 2.613e-02 -1.000 5.968e-02 1.021 -0.591 -1.254 -1.398 -1.476 -1.391 -1.419 -1.513 -1.933 -1.796 -1.672 -1.467 -1.381 -1.458 -1.744
0.06 0.69525 10.00000 1.0594657660 2.4845645428    1.056  1.548  3.6265  2.372    3  0.000  0.437     0.00     0.00 -1 -2.55e-11      0.00 5.724e-01 3.680e-01 8.570e-03 4.988e-03 2.613e-02 -1.000 5.968e-02 0.899 -0.722 -1.392 -1.541 -1.621 -1.533 -1.561 -1.659 -2.079 -1.943 -1.820 -1.611 -1.523 -1.604 -1.890
0.06 0.69525 10.00000 1.0596027374 2.4845895767    1.056  1.596  3.6235  2.312    3  0.000  0.437     0.00     0.00 -1 -3.05e-11      0.00 5.724e-01 3.680e-01 8.569e-03 4.988e-03 2.613e-02 -1.000 5.968e-02 0.781 -0.849 -1.526 -1.679 -1.761 -1.671 -1.699 -1.801 -2.222 -2.085 -1.963 -1.751 -1.660 -1.746 -2.033
0.06 0.69525 10.00000 1.0597282648 2.4846127033    1.056  1.643  3.6204  2.253    3  0.000  0.437     0.00     0.00 -1 -3.64e-11      0.00 5.724e-01 3.680e-01 8.569e-03 4.989e-03 2.613e-02 -1.000 5.968e-02 0.664 -0.975 -1.660 -1.817 -1.901 -1.808 -1.837 -1.942 -2.364 -2.227 -2.106 -1.891 -1.798 -1.887 -2.175
0.06 0.69525 10.00000 1.0598435402 2.4846336842    1.056  1.690  3.6172  2.193    3  0.000  0.437     0.00     0.00 -1 -4.35e-11      0.00 5.724e-01 3.680e-01 8.569e-03 4.989e-03 2.613e-02 -1.000 5.968e-02 0.546 -1.102 -1.795 -1.956 -2.043 -1.947 -1.977 -2.085 -2.507 -2.371 -2.250 -2.032 -1.936 -2.031 -2.318
0.06 0.69525 10.00000 1.0599470139 2.4846527576    1.056  1.736  3.6140  2.134    3  0.000  0.437     0.00     0.00 -1 -5.18e-11      0.00 5.724e-01 3.680e-01 8.568e-03 4.989e-03 2.613e-02 -1.000 5.968e-02 0.430 -1.227 -1.927 -2.093 -2.182 -2.083 -2.114 -2.225 -2.648 -2.513 -2.391 -2.170 -2.072 -2.171 -2.459
0.06 0.69525 10.00000 1.0600414276 2.4846699238    1.056  1.782  3.6108  2.075    3  0.000  0.437     0.00     0.00 -1 -6.16e-11      0.00 5.724e-01 3.680e-01 8.568e-03 4.990e-03 2.613e-02 -1.000 5.968e-02 0.315 -1.351 -2.059 -2.230 -2.320 -2.219 -2.250 -2.365 -2.789 -2.654 -2.533 -2.308 -2.208 -2.312 -2.600
0.06 0.69525 10.00000 1.0601278543 2.4846858978    1.056  1.828  3.6075  2.016    3  0.000  0.437     0.00     0.00 -1 -7.33e-11      0.00 5.724e-01 3.680e-01 8.568e-03 4.990e-03 2.613e-02 -1.000 5.968e-02 0.201 -1.476 -2.191 -2.366 -2.459 -2.356 -2.387 -2.505 -2.930 -2.795 -2.674 -2.446 -2.344 -2.452 -2.741
0.06 0.69525 10.00000 1.0602055788 2.4846999645    1.056  1.873  3.6043  1.958    3  0.000  0.437     0.00     0.00 -1 -8.69e-11      0.00 5.724e-01 3.680e-01 8.568e-03 4.990e-03 2.613e-02 -1.000 5.968e-02 0.088 -1.598 -2.313 -2.497 -2.592 -2.483 -2.518 -2.637 -3.040 -3.295 -3.474 -2.579 -2.471 -2.591 -2.863
0.06 0.69525 10.00000 1.0602762699 2.4847130775    1.056  1.917  3.6009  1.900    3  0.000  0.437     0.00     0.00 -1 -1.03e-10      0.00 5.724e-01 3.680e-01 8.568e-03 4.991e-03 2.613e-02 -1.000 5.968e-02 -0.023 -1.719 -2.432 -2.626 -2.724 -2.607 -2.648 -2.764 -3.138 -3.931 -4.521 -2.710 -2.595 -2.728 -2.977
0.06 0.69525 10.00000 1.0603407621 2.4847247601    1.055  1.961  3.5975  1.842    3  0.000  0.437     0.00     0.00 -1 -1.22e-10      0.00 5.724e-01 3.680e-01 8.567e-03 4.991e-03 2.613e-02 -1.000 5.968e-02 -0.133 -1.840 -2.550 -2.755 -2.855 -2.730 -2.778 -2.891 -3.236 -4.564 -5.563 -2.840 -2.718 -2.865 -3.091
0.06 0.69525 10.00000 1.0603995323 2.4847354889    1.055  2.005  3.5941  1.785    3  0.000  0.437     0.00     0.00 -1 -1.44e-10      0.00 5.724e-01 3.680e-01 8.567e-03 4.991e-03 2.613e-02 -1.000 5.968e-02 -0.242 -1.959 -2.668 -2.882 -2.984 -2.852 -2.907 -3.016 -3.333 -5.191 -6.597 -2.969 -2.840 -3.000 -3.205
0.06 0.69525 10.00000 1.0604529381 2.4847452641    1.055  2.048  3.5907  1.728    3  0.000  0.437     0.00     0.00 -1  -1.7e-10      0.00 5.724e-01 3.680e-01 8.567e-03 4.991e-03 2.613e-02 -1.000 5.968e-02 -0.349 -2.077 -2.784 -3.008 -3.113 -2.972 -3.035 -3.139 -3.430 -5.814 -7.622 -3.097 -2.961 -3.133 -3.317
0.06 0.69525 10.00000 1.0605025291 2.4847543240    1.055  2.091  3.5872  1.671    3  0.000  0.437     0.00     0.00 -1    -2e-10      0.00 5.724e-01 3.680e-01 8.567e-03 4.991e-03 2.613e-02 -1.000 5.968e-02 -0.457 -2.196 -2.901 -3.136 -3.242 -3.093 -3.165 -3.263 -3.527 -6.441 -8.654 -3.226 -3.082 -3.267 -3.430
0.06 0.69525 10.00000 1.0605471134 2.4847624302    1.054  2.133  3.5837  1.615    3  0.000  0.437     0.00     0.00 -1 -2.35e-10      0.00 5.724e-01 3.680e-01 8.567e-03 4.991e-03 2.613e-02 -1.000 5.968e-02 -0.561 -2.313 -3.015 -3.260 -3.369 -3.210 -3.292 -3.384 -3.623 -7.052 -9.661 -3.352 -3.201 -3.398 -3.541
0.06 0.69525 10.00000 1.0605884790 2.4847700596    1.054  2.174  3.5802  1.559    3  0.000  0.437     0.00     0.00 -1 -2.77e-10      0.00 5.724e-01 3.680e-01 8.567e-03 4.992e-03 2.613e-02 -1.000 5.968e-02 -0.666 -2.429 -3.130 -3.385 -3.497 -3.329 -3.422 -3.505 -3.719 -7.671 -10.680 -3.479 -3.320 -3.529 -3.653
0.06 0.69525 10.00000 1.0606260300 2.4847769737    1.054  2.216  3.5766  1.503    3  0.000  0.437     0.00     0.00 -1 -3.25e-10      0.00 5.724e-01 3.680e-01 8.567e-03 4.992e-03 2.613e-02 -1.000 5.968e-02 -0.769 -2.545 -3.244 -3.509 -3.623 -3.445 -3.550 -3.624 -3.814 -8.281 -11.685 -3.605 -3.438 -3.659 -3.764
0.06 0.69525 10.00000 1.0606607199 2.4847834110    1.053  2.256  3.5730  1.448    3  0.000  0.437     0.00     0.00 -1  -3.8e-10      0.00 5.724e-01 3.680e-01 8.566e-03 4.992e-03 2.613e-02 -1.000 5.968e-02 -0.871 -2.660 -3.364 -3.635 -3.752 -3.570 -3.680 -3.753 -3.946 -8.444 -11.873 -3.733 -3.563 -3.789 -3.896
0.06 0.69525 10.00000 1.0606919527 2.4847888947    1.053  2.296  3.5694  1.394    3  0.000  0.437     0.00     0.00 -1 -4.44e-10      0.00 5.724e-01 3.680e-01 8.566e-03 4.992e-03 2.613e-02 -1.000 5.968e-02 -0.970 -2.771 -3.481 -3.759 -3.878 -3.692 -3.807 -3.880 -4.076 -8.575 -12.003 -3.859 -3.685 -3.917 -4.027
0.06 0.69525 10.00000 1.0607210398 2.4847943783    1.052  2.336  3.5657  1.339    3  0.000  0.437     0.00     0.00 -1 -5.18e-10      0.00 5.724e-01 3.680e-01 8.566e-03 4.992e-03 2.613e-02 -1.000 5.968e-02 -1.069 -2.884 -3.599 -3.883 -4.006 -3.815 -3.935 -4.008 -4.208 -8.706 -12.135 -3.985 -3.809 -4.046 -4.158
0.06 0.69525 10.00000 1.0607484579 2.4847993851    1.052  2.376  3.5620  1.284    3  0.000  0.437     0.00     0.00 -1 -6.06e-10      0.00 5.724e-01 3.680e-01 8.566e-03 4.992e-03 2.613e-02 -1.000 5.968e-02 -1.169 -2.997 -3.718 -4.009 -4.134 -3.939 -4.064 -4.136 -4.341 -8.839 -12.267 -4.113 -3.933 -4.175 -4.291
0.06 0.69525 10.00000 1.0607728958 2.4848039150    1.051  2.414  3.5584  1.232    3  0.000  0.437     0.00     0.00 -1 -7.03e-10      0.00 5.724e-01 3.680e-01 8.566e-03 4.992e-03 2.613e-02 -1.000 5.968e-02 -1.264 -3.105 -3.831 -4.129 -4.257 -4.057 -4.187 -4.260 -4.468 -8.966 -12.394 -4.234 -4.052 -4.299 -4.418
0.06 0.69525 10.00000 1.0607955456 2.4848079681    1.051  2.452  3.5546  1.178    3  0.000  0.437     0.00     0.00 -1 -8.17e-10      0.00 5.724e-01 3.680e-01 8.566e-03 4.992e-03 2.613e-02 -1.000 5.968e-02 -1.359 -3.213 -3.945 -4.249 -4.380 -4.176 -4.312 -4.384 -4.596 -9.094 -12.522 -4.357 -4.171 -4.424 -4.546
0.06 0.69525 10.00000 1.0608165264 2.4848117828    1.050  2.489  3.5507  1.125    3  0.000  0.437     0.00     0.00 -1 -9.49e-10      0.00 5.724e-01 3.680e-01 8.566e-03 4.992e-03 2.613e-02 -1.000 5.968e-02 -1.453 -3.320 -4.058 -4.370 -4.504 -4.295 -4.436 -4.508 -4.724 -9.222 -12.651 -4.479 -4.290 -4.550 -4.674
0.06 0.69525 10.00000 1.0608360767 2.4848153591    1.050  2.527  3.5470  1.072    3  0.000  0.437     0.00     0.00 -1  -1.1e-09      0.00 5.724e-01 3.680e-01 8.566e-03 4.992e-03 2.613e-02 -1.000 5.968e-02 -1.547 -3.427 -4.170 -4.489 -4.626 -4.413 -4.559 -4.630 -4.850 -9.348 -12.776 -4.600 -4.408 -4.673 -4.800
0.06 0.69525 10.00000 1.0608541965 2.4848186970    1.049  2.564  3.5432  1.019    3  0.000  0.437     0.00     0.00 -1 -1.28e-09      0.00 5.724e-01 3.680e-01 8.566e-03 4.993e-03 2.613e-02 -1.000 5.968e-02 -1.640 -3.533 -4.281 -4.608 -4.748 -4.530 -4.682 -4.753 -4.976 -9.474 -12.902 -4.721 -4.526 -4.796 -4.926
0.06 0.69525 10.00000 1.0608747005 2.4848225117    1.048  2.609  3.5384  0.955    3  0.000  0.437     0.00     0.00 -1 -1.52e-09      0.00 5.724e-01 3.680e-01 8.566e-03 4.993e-03 2.613e-02 -1.000 5.968e-02 -1.752 -3.662 -4.417 -4.753 -4.897 -4.674 -4.832 -4.903 -5.130 -9.628 -13.057 -4.868 -4.670 -4.948 -5.081
0.06 0.69525 10.00000 1.0608936548 2.4848258495    1.047  2.653  3.5336  0.891    3  0.000  0.437     0.00     0.00 -1 -1.82e-09      0.00 5.724e-01 3.680e-01 8.566e-03 4.993e-03 2.613e-02 -1.000 5.968e-02 -1.864 -3.789 -4.550 -4.898 -5.044 -4.817 -4.982 -5.052 -5.283 -9.781 -13.209 -5.014 -4.814 -5.098 -5.234
0.06 0.69525 10.00000 1.0609109402 2.4848289490    1.046  2.697  3.5288  0.828    3  0.000  0.437     0.00     0.00 -1 -2.17e-09      0.00 5.724e-01 3.680e-01 8.566e-03 4.993e-03 2.613e-02 -1.000 5.968e-02 -1.973 -3.913 -4.682 -5.039 -5.189 -4.958 -5.129 -5.199 -5.434 -9.931 -13.359 -5.157 -4.955 -5.245 -5.384
0.06 0.69525 10.00000 1.0609267950 2.4848318100    1.044  2.740  3.5240  0.765    3  0.000  0.437     0.00     0.00 -1 -2.58e-09      0.00 5.724e-01 3.680e-01 8.566e-03 4.993e-03 2.613e-02 -1.000 5.968e-02 -2.080 -4.034 -4.812 -5.180 -5.333 -5.097 -5.275 -5.344 -5.582 -10.078 -13.507 -5.298 -5.095 -5.391 -5.533
0.06 0.69525 10.00000 1.0609413385 2.4848346710    1.043  2.782  3.5191  0.702    3  0.000  0.437     0.00     0.00 -1 -3.07e-09      0.00 5.724e-01 3.680e-01 8.566e-03 4.993e-03 2.613e-02 -1.000 5.968e-02 -2.186 -4.153 -4.940 -5.319 -5.475 -5.233 -5.418 -5.485 -5.728 -10.223 -13.652 -5.437 -5.232 -5.534 -5.678
0.06 0.69525 10.00000 1.0609548092 2.4848370552    1.041  2.824  3.5141  0.640    3  0.000  0.437     0.00     0.00 -1 -3.64e-09      0.00 5.724e-01 3.680e-01 8.566e-03 4.993e-03 2.613e-02 -1.000 5.968e-02 -2.290 -4.268 -5.067 -5.456 -5.614 -5.367 -5.557 -5.621 -5.868 -10.362 -13.790 -5.571 -5.365 -5.672 -5.820
0.06 0.69525 10.00000 1.0609670877 2.4848392010    1.040  2.864  3.5093  0.580    3  0.000  0.437     0.00     0.00 -1 -4.29e-09      0.00 5.724e-01 3.680e-01 8.566e-03 4.993e-03 2.613e-02 -1.000 5.968e-02 -2.391 -4.378 -5.188 -5.588 -5.750 -5.496 -5.692 -5.755 -6.007 -10.499 -13.927 -5.703 -5.495 -5.807 -5.958
0.06 0.69525 10.00000 1.0609785318 2.4848413467    1.038  2.905  3.5043  0.519    3  0.000  0.437     0.00     0.00 -1 -5.07e-09      0.00 5.724e-01 3.680e-01 8.566e-03 4.993e-03 2.613e-02 -1.000 5.968e-02 -2.492 -4.488 -5.308 -5.721 -5.887 -5.625 -5.828 -5.889 -6.148 -10.638 -14.066 -5.834 -5.624 -5.945 -6.100
0.06 0.69525 10.00000 1.0609891415 2.4848432541    1.036  2.944  3.4993  0.458    3  0.000  0.437     0.00     0.00 -1 -5.98e-09      0.00 5.724e-01 3.680e-01 8.566e-03 4.993e-03 2.613e-02 -1.000 5.968e-02 -2.590 -4.596 -5.429 -5.852 -6.021 -5.753 -5.961 -6.019 -6.285 -10.772 -14.201 -5.961 -5.752 -6.078 -6.237
0.06 0.69525 10.00000 1.0609990358 2.4848451614    1.034  2.983  3.4943  0.399    3  0.000  0.437     0.00     0.00 -1 -7.02e-09      0.00 5.724e-01 3.680e-01 8.566e-03 4.993e-03 2.613e-02 -1.000 5.968e-02 -2.687 -4.699 -5.547 -5.980 -6.151 -5.877 -6.089 -6.143 -6.417 -10.901 -14.330 -6.083 -5.877 -6.208 -6.369
0.06 0.69525 10.00000 1.0610080957 2.4848468304    1.031  3.020  3.4893  0.340    3  0.000  0.437     0.00     0.00 -1 -8.22e-09      0.00 5.724e-01 3.680e-01 8.566e-03 4.993e-03 2.613e-02 -1.000 5.968e-02 -2.781 -4.800 -5.662 -6.104 -6.278 -5.999 -6.216 -6.266 -6.548 -11.030 -14.459 -6.202 -5.999 -6.336 -6.501
0.06 0.69525 10.00000 1.0610166788 2.4848482609    1.029  3.058  3.4843  0.282    3  0.000  0.437     0.00     0.00 -1 -9.64e-09      0.00 5.724e-01 3.680e-01 8.566e-03 4.993e-03 2.613e-02 -1.000 5.968e-02 -2.875 -4.898 -5.776 -6.226 -6.401 -6.120 -6.337 -6.384 -6.678 -11.159 -14.587 -6.315 -6.119 -6.462 -6.631
0.06 0.69525 10.00000 1.0610245466 2.4848496914    1.026  3.094  3.4793  0.224    3  0.000  0.437     0.00     0.00 -1 -1.13e-08      0.00 5.724e-01 3.680e-01 8.566e-03 4.993e-03 2.613e-02 -1.000 5.968e-02 -2.965 -4.994 -5.887 -6.345 -6.522 -6.238 -6.457 -6.501 -6.805 -11.285 -14.714 -6.426 -6.237 -6.585 -6.759
0.06 0.69525 10.00000 1.0610318184 2.4848511219    1.023  3.130  3.4743  0.167    3  0.000  0.437     0.00     0.00 -1 -1.31e-08      0.00 5.724e-01 3.680e-01 8.565e-03 4.993e-03 2.613e-02 -1.000 5.968e-02 -3.054 -5.087 -5.993 -6.457 -6.635 -6.352 -6.570 -6.613 -6.929 -11.410 -14.838 -6.528 -6.351 -6.705 -6.883
0.06 0.69525 10.00000 1.0610386133 2.4848523140    1.020  3.165  3.4693  0.111    3  0.000  0.437     0.00     0.00 -1 -1.53e-08      0.00 5.724e-01 3.680e-01 8.565e-03 4.993e-03 2.613e-02 -1.000 5.968e-02 -3.141 -5.176 -6.099 -6.568 -6.748 -6.465 -6.682 -6.723 -7.052 -11.533 -14.961 -6.629 -6.463 -6.823 -7.005
0.06 0.69525 10.00000 1.0610449314 2.4848535061    1.016  3.198  3.4644  0.056    3  0.000  0.437     0.00     0.00 -1 -1.77e-08      0.00 5.724e-01 3.680e-01 8.565e-03 4.993e-03 2.613e-02 -1.000 5.968e-02 -3.225 -5.261 -6.200 -6.676 -6.857 -6.574 -6.791 -6.831 -7.173 -11.653 -15.081 -6.728 -6.572 -6.938 -7.126
0.06 0.69525 10.00000 1.0610508919 2.4848546982    1.012  3.231  3.4593  0.002    3  0.000  0.437     0.00     0.00 -1 -2.04e-08      0.00 5.724e-01 3.680e-01 8.565e-03 4.993e-03 2.613e-02 -1.000 5.968e-02 -3.307 -5.343 -6.301 -6.783 -6.965 -6.682 -6.899 -6.937 -7.292 -11.772 -15.200 -6.825 -6.680 -7.052 -7.245
0.06 0.69525 10.00000 1.0610563755 2.4848556519    1.008  3.263  3.4542 -0.052    3  0.000  0.437     0.00     0.00 -1 -2.35e-08      0.00 5.724e-01 3.680e-01 8.565e-03 4.993e-03 2.613e-02 -1.000 5.968e-02 -3.387 -5.424 -6.397 -6.882 -7.066 -6.789 -7.003 -7.041 -7.410 -11.891 -15.319 -6.915 -6.786 -7.166 -7.363
0.06 0.69525 10.00000 1.0610617399 2.4848566055    1.004  3.294  3.4492 -0.106    3  0.000  0.437     0.00     0.00 -1  -2.7e-08      0.00 5.724e-01 3.680e-01 8.565e-03 4.993e-03 2.613e-02 -1.000 5.968e-02 -3.466 -5.504 -6.491 -6.981 -7.167 -6.895 -7.106 -7.146 -7.528 -12.009 -15.438 -7.005 -6.891 -7.278 -7.481
0.06 0.69525 10.00000 1.0610668659 2.4848575592    0.998  3.326  3.4440 -0.161    3  0.000  0.437     0.00     0.00 -1 -3.11e-08      0.00 5.724e-01 3.680e-01 8.565e-03 4.993e-03 2.613e-02 -1.000 5.968e-02 -3.546 -5.585 -6.585 -7.078 -7.267 -7.000 -7.209 -7.250 -7.647 -12.128 -15.556 -7.094 -6.995 -7.392 -7.599
0.06 0.69525 10.00000 1.0610725880 2.4848585129    0.992  3.362  3.4381 -0.224    3  0.000  0.437     0.00     0.00 -1 -3.66e-08      0.00 5.724e-01 3.680e-01 8.565e-03 4.993e-03 2.613e-02 -1.000 5.968e-02 -3.636 -5.676 -6.692 -7.188 -7.381 -7.120 -7.326 -7.369 -7.782 -12.264 -15.692 -7.196 -7.114 -7.521 -7.734
0.06 0.69525 10.00000 1.0610765219 2.4848592281    0.987  3.385  3.4344 -0.263    3  0.000  0.437     0.00     0.00 -1 -4.06e-08      0.00 5.724e-01 3.680e-01 8.565e-03 4.993e-03 2.613e-02 -1.000 5.968e-02 -3.692 -5.733 -6.758 -7.256 -7.451 -7.195 -7.400 -7.445 -7.868 -12.349 -15.778 -7.260 -7.189 -7.604 -7.820
0.06 0.69525 10.00000 1.0610765219 2.4848592281    0.987  1.672  3.6322  2.241    4  0.000  0.449     0.00     0.00 -1    -1e-30      0.00 5.725e-01 3.680e-01 8.770e-03 4.729e-03 2.606e-02 -1.000 5.947e-02 0.590 -1.019 -1.666 -1.812 -1.894 -1.803 -1.830 -1.931 -2.351 -2.214 -2.091 -1.884 -1.793 -1.875 -2.162
0.06 0.69525 10.00000 1.0611854792 2.4848792553    0.987  1.689  3.6309  2.219    4  0.000  0.449     0.00     0.00 -1    -1e-30      0.00 5.725e-01 3.680e-01 8.770e-03 4.730e-03 2.606e-02 -1.000 5.947e-02 0.547 -1.065 -1.716 -1.864 -1.947 -1.855 -1.882 -1.984 -2.404 -2.268 -2.145 -1.937 -1.845 -1.929 -2.215
0.06 0.69525 10.00000 1.0612939596 2.4848990440    0.987  1.690  3.6311  2.219    4  0.000  0.449     0.00     0.00 -1    -1e-30      0.00 5.725e-01 3.680e-01 8.770e-03 4.730e-03 2.607e-02 -1.000 5.948e-02 0.545 -1.066 -1.716 -1.864 -1.947 -1.855 -1.882 -1.984 -2.404 -2.268 -2.145 -1.937 -1.844 -1.929 -2.215
0.06 0.69525 10.00000 1.0614022017 2.4849188328    0.987  1.688  3.6316  2.223    4  0.000  0.449     0.00     0.00 -1    -1e-30      0.00 5.725e-01 3.680e-01 8.770e-03 4.730e-03 2.607e-02 -1.000 5.948e-02 0.551 -1.060 -1.708 -1.856 -1.938 -1.846 -1.873 -1.975 -2.395 -2.258 -2.136 -1.928 -1.836 -1.919 -2.206
0.06 0.69525 10.00000 1.0615103245 2.4849383831    0.988  1.685  3.6321  2.228    4  0.000  0.449     0.00     0.00 -1    -1e-30      0.00 5.725e-01 3.680e-01 8.770e-03 4.730e-03 2.607e-02 -1.000 5.948e-02 0.557 -1.052 -1.699 -1.846 -1.928 -1.837 -1.864 -1.965 -2.385 -2.248 -2.125 -1.918 -1.826 -1.910 -2.196
0.06 0.69525 10.00000 1.0616205931 2.4849586487    0.988  1.683  3.6326  2.232    4  0.000  0.449     0.00     0.00 -1    -1e-30      0.00 5.725e-01 3.680e-01 8.770e-03 4.730e-03 2.607e-02 -1.000 5.948e-02 0.563 -1.044 -1.689 -1.836 -1.918 -1.827 -1.854 -1.954 -2.375 -2.238 -2.115 -1.908 -1.817 -1.899 -2.186
0.06 0.69525 10.00000 1.0617280006 2.4849781990    0.988  1.680  3.6331  2.237    4  0.000  0.449     0.00     0.00 -1    -1e-30      0.00 5.725e-01 3.680e-01 8.769e-03 4.731e-03 2.607e-02 -1.000 5.948e-02 0.569 -1.037 -1.681 -1.827 -1.908 -1.818 -1.845 -1.945 -2.365 -2.228 -2.105 -1.899 -1.808 -1.890 -2.176
0.06 0.69525 10.00000 1.0618339777 2.4849975109    0.988  1.678  3.6336  2.241    4  0.000  0.449     0.00     0.00 -1    -1e-30      0.00 5.725e-01 3.680e-01 8.769e-03 4.731e-03 2.607e-02 -1.000 5.948e-02 0.576 -1.030 -1.672 -1.818 -1.899 -1.809 -1.835 -1.935 -2.355 -2.219 -2.096 -1.890 -1.798 -1.880 -2.166
0.06 0.69525 10.00000 1.0619432926 2.4850175381    0.988  1.675  3.6341  2.246    4  0.000  0.449     0.00     0.00 -1    -1e-30      0.00 5.725e-01 3.680e-01 8.769e-03 4.731e-03 2.607e-02 -1.000 5.948e-02 0.582 -1.022 -1.663 -1.808 -1.889 -1.799 -1.826 -1.925 -2.345 -2.209 -2.086 -1.880 -1.789 -1.870 -2.156
0.06 0.69525 10.00000 1.0620563030 2.4850380421    0.988  1.673  3.6346  2.250    4  0.000  0.449     0.00     0.00 -1    -1e-30      0.00 5.725e-01 3.680e-01 8.769e-03 4.731e-03 2.607e-02 -1.000 5.948e-02 0.588 -1.015 -1.654 -1.799 -1.879 -1.790 -1.816 -1.915 -2.335 -2.199 -2.076 -1.870 -1.780 -1.860 -2.146
0.06 0.69525 10.00000 1.0621724129 2.4850592613    0.988  1.670  3.6351  2.255    4  0.000  0.449     0.00     0.00 -1    -1e-30      0.00 5.725e-01 3.680e-01 8.769e-03 4.731e-03 2.607e-02 -1.000 5.948e-02 0.594 -1.007 -1.645 -1.789 -1.870 -1.780 -1.807 -1.906 -2.325 -2.189 -2.066 -1.861 -1.770 -1.850 -2.137
0.06 0.69525 10.00000 1.0622783899 2.4850785732    0.988  1.668  3.6355  2.259    4  0.000  0.449     0.00     0.00 -1    -1e-30      0.00 5.725e-01 3.680e-01 8.769e-03 4.731e-03 2.607e-02 -1.000 5.948e-02 0.599 -1.001 -1.638 -1.781 -1.862 -1.773 -1.799 -1.897 -2.317 -2.181 -2.057 -1.852 -1.763 -1.842 -2.128
0.06 0.69525 10.00000 1.0623914003 2.4850990772    0.989  1.667  3.6359  2.262    4  0.000  0.449     0.00     0.00 -1    -1e-30      0.00 5.725e-01 3.680e-01 8.769e-03 4.732e-03 2.607e-02 -1.000 5.948e-02 0.603 -0.996 -1.632 -1.775 -1.855 -1.766 -1.793 -1.891 -2.310 -2.174 -2.051 -1.846 -1.756 -1.835 -2.122
0.06 0.69525 10.00000 1.0624976158 2.4851183891    0.989  1.666  3.6362  2.264    4  0.000  0.449     0.00     0.00 -1    -1e-30      0.00 5.725e-01 3.680e-01 8.769e-03 4.732e-03 2.607e-02 -1.000 5.948e-02 0.605 -0.993 -1.627 -1.770 -1.850 -1.762 -1.788 -1.886 -2.306 -2.169 -2.046 -1.841 -1.752 -1.831 -2.117
0.06 0.69525 10.00000 1.0625627041 2.4851303101    0.989  1.665  3.6364  2.266    4  0.000  0.449     0.00     0.00 -1    -1e-30      0.00 5.725e-01 3.680e-01 8.769e-03 4.732e-03 2.607e-02 -1.000 5.948e-02 0.607 -0.991 -1.625 -1.767 -1.848 -1.759 -1.785 -1.883 -2.303 -2.166 -2.043 -1.838 -1.749 -1.828 -2.114
0.06 0.69525 10.00000 1.0626153946 2.4851398468    0.989  1.665  3.6366  2.267    4  0.000  0.449     0.00     0.00 -1    -1e-30      0.00 5.725e-01 3.680e-01 8.768e-03 4.732e-03 2.607e-02 -1.000 5.948e-02 0.608 -0.990 -1.623 -1.766 -1.846 -1.757 -1.783 -1.881 -2.301 -2.164 -2.041 -1.836 -1.747 -1.826 -2.112
0.06 0.69525 10.00000 1.0627220869 2.4851593971    0.989  1.664  3.6368  2.268    4  0.000  0.449     0.00     0.00 -1    -1e-30      0.00 5.725e-01 3.680e-01 8.768e-03 4.732e-03 2.607e-02 -1.000 5.948e-02 0.610 -0.987 -1.620 -1.762 -1.842 -1.754 -1.780 -1.877 -2.297 -2.160 -2.037 -1.833 -1.744 -1.822 -2.108
0.06 0.69525 10.00000 1.0628361702 2.4851801395    0.989  1.664  3.6371  2.270    4  0.000  0.449     0.00     0.00 -1    -1e-30      0.00 5.725e-01 3.680e-01 8.768e-03 4.732e-03 2.607e-02 -1.000 5.948e-02 0.611 -0.985 -1.617 -1.759 -1.839 -1.751 -1.777 -1.874 -2.294 -2.157 -2.034 -1.830 -1.741 -1.819 -2.105
0.06 0.69525 10.00000 1.0629498959 2.4852006435    0.989  1.664  3.6374  2.271    4  0.000  0.449     0.00     0.00 -1    -1e-30      0.00 5.725e-01 3.680e-01 8.768e-03 4.733e-03 2.607e-02 -1.000 5.948e-02 0.611 -0.984 -1.615 -1.757 -1.837 -1.749 -1.775 -1.872 -2.291 -2.155 -2.031 -1.828 -1.739 -1.816 -2.103
0.06 0.69525 10.00000 1.0630559921 2.4852199554    0.989  1.664  3.6376  2.272    4  0.000  0.449     0.00     0.00 -1    -1e-30      0.00 5.725e-01 3.680e-01 8.768e-03 4.733e-03 2.607e-02 -1.000 5.948e-02 0.611 -0.984 -1.614 -1.756 -1.835 -1.747 -1.773 -1.870 -2.290 -2.153 -2.030 -1.826 -1.737 -1.815 -2.101
0.06 0.69525 10.00000 1.0631664991 2.4852402210    0.990  1.664  3.6378  2.273    4  0.000  0.448     0.00     0.00 -1    -1e-30      0.00 5.725e-01 3.680e-01 8.768e-03 4.733e-03 2.607e-02 -1.000 5.948e-02 0.610 -0.984 -1.614 -1.755 -1.835 -1.747 -1.773 -1.870 -2.289 -2.153 -2.029 -1.826 -1.737 -1.814 -2.100
0.06 0.69525 10.00000 1.0632748604 2.4852597713    0.990  1.665  3.6379  2.272    4  0.000  0.448     0.00     0.00 -1    -1e-30      0.00 5.725e-01 3.680e-01 8.768e-03 4.733e-03 2.607e-02 -1.000 5.948e-02 0.608 -0.986 -1.615 -1.756 -1.836 -1.748 -1.774 -1.871 -2.291 -2.154 -2.030 -1.827 -1.738 -1.816 -2.102
0.06 0.69525 10.00000 1.0633790493 2.4852788448    0.990  1.666  3.6380  2.272    4  0.000  0.448     0.00     0.00 -1    -1e-30      0.00 5.725e-01 3.680e-01 8.768e-03 4.733e-03 2.607e-02 -1.000 5.948e-02 0.605 -0.989 -1.618 -1.759 -1.838 -1.750 -1.776 -1.873 -2.293 -2.156 -2.033 -1.829 -1.741 -1.818 -2.104
0.06 0.69525 10.00000 1.0633884668 2.4852805138    0.990  1.666  3.6380  2.271    4  0.000  0.448     0.00     0.00 -1    -1e-30      0.00 5.725e-01 3.680e-01 8.768e-03 4.733e-03 2.607e-02 -1.000 5.948e-02 0.605 -0.989 -1.618 -1.759 -1.839 -1.751 -1.777 -1.874 -2.293 -2.156 -2.033 -1.830 -1.741 -1.818 -2.104
0.06 0.69525 10.00000 1.0635019541 2.4853010178    0.990  1.668  3.6380  2.270    4  0.000  0.448     0.00     0.00 -1    -1e-30      0.00 5.725e-01 3.680e-01 8.767e-03 4.734e-03 2.607e-02 -1.000 5.948e-02 0.600 -0.994 -1.623 -1.764 -1.844 -1.756 -1.782 -1.879 -2.298 -2.162 -2.038 -1.835 -1.746 -1.823 -2.109
0.06 0.69525 10.00000 1.0636152029 2.4853217602    0.990  1.671  3.6379  2.267    4  0.000  0.448     0.00     0.00 -1    -1e-30      0.00 5.725e-01 3.680e-01 8.767e-03 4.734e-03 2.607e-02 -1.000 5.948e-02 0.594 -1.001 -1.630 -1.771 -1.851 -1.762 -1.788 -1.885 -2.305 -2.168 -2.045 -1.842 -1.753 -1.830 -2.116
0.06 0.69525 10.00000 1.0637291670 2.4853425026    0.990  1.674  3.6378  2.263    4  0.000  0.448     0.00     0.00 -1    -1e-30      0.00 5.725e-01 3.680e-01 8.767e-03 4.734e-03 2.607e-02 -1.000 5.948e-02 0.585 -1.009 -1.638 -1.780 -1.860 -1.771 -1.797 -1.895 -2.314 -2.178 -2.054 -1.851 -1.762 -1.839 -2.125
0.06 0.69525 10.00000 1.0638377666 2.4853620529    0.990  1.678  3.6376  2.258    4  0.000  0.448     0.00     0.00 -1    -1e-30      0.00 5.725e-01 3.680e-01 8.767e-03 4.734e-03 2.607e-02 -1.000 5.948e-02 0.575 -1.020 -1.650 -1.792 -1.872 -1.783 -1.809 -1.907 -2.327 -2.190 -2.067 -1.863 -1.773 -1.852 -2.138
0.06 0.69525 10.00000 1.0639500618 2.4853825569    0.990  1.684  3.6372  2.251    4  0.000  0.448     0.00     0.00 -1    -1e-30      0.00 5.725e-01 3.680e-01 8.767e-03 4.734e-03 2.607e-02 -1.000 5.948e-02 0.561 -1.035 -1.666 -1.808 -1.888 -1.799 -1.825 -1.923 -2.343 -2.207 -2.083 -1.879 -1.790 -1.868 -2.154
0.06 0.69525 10.00000 1.0640594959 2.4854023457    0.991  1.690  3.6368  2.243    4  0.000  0.448     0.00     0.00 -1    -1e-30      0.00 5.725e-01 3.680e-01 8.767e-03 4.735e-03 2.607e-02 -1.000 5.948e-02 0.544 -1.054 -1.685 -1.828 -1.909 -1.820 -1.846 -1.944 -2.364 -2.227 -2.104 -1.900 -1.810 -1.889 -2.175
0.06 0.69525 10.00000 1.0641709566 2.4854226112    0.991  1.699  3.6361  2.231    4  0.000  0.448     0.00     0.00 -1    -1e-30      0.00 5.725e-01 3.680e-01 8.767e-03 4.735e-03 2.607e-02 -1.000 5.948e-02 0.522 -1.077 -1.711 -1.855 -1.936 -1.846 -1.872 -1.971 -2.391 -2.254 -2.131 -1.926 -1.836 -1.916 -2.202
0.06 0.69525 10.00000 1.0642772913 2.4854419231    0.991  1.708  3.6354  2.219    4  0.000  0.448     0.00     0.00 -1    -1e-30      0.00 5.725e-01 3.680e-01 8.767e-03 4.735e-03 2.607e-02 -1.000 5.948e-02 0.499 -1.102 -1.738 -1.882 -1.964 -1.873 -1.900 -2.000 -2.420 -2.283 -2.160 -1.954 -1.863 -1.944 -2.231
0.06 0.69525 10.00000 1.0643906593 2.4854624271    0.991  1.724  3.6341  2.198    4  0.000  0.448     0.00     0.00 -1    -1e-30      0.00 5.725e-01 3.680e-01 8.767e-03 4.735e-03 2.607e-02 -1.000 5.948e-02 0.460 -1.145 -1.784 -1.930 -2.012 -1.921 -1.947 -2.048 -2.468 -2.332 -2.209 -2.003 -1.910 -1.993 -2.280
0.06 0.69525 10.00000 1.0644980669 2.4854819775    0.991  1.744  3.6325  2.173    4  0.000  0.448     0.00     0.00 -1    -1e-30      0.00 5.725e-01 3.680e-01 8.766e-03 4.735e-03 2.607e-02 -1.000 5.948e-02 0.411 -1.198 -1.841 -1.989 -2.072 -1.979 -2.006 -2.109 -2.529 -2.393 -2.270 -2.063 -1.969 -2.054 -2.340
0.06 0.69525 10.00000 1.0645960569 2.4854996204    0.991  1.784  3.6290  2.118    4  0.000  0.448     0.00     0.00 -1    -1e-30      0.00 5.725e-01 3.680e-01 8.766e-03 4.735e-03 2.607e-02 -1.000 5.948e-02 0.311 -1.307 -1.960 -2.113 -2.198 -2.102 -2.129 -2.236 -2.657 -2.520 -2.398 -2.188 -2.091 -2.181 -2.468
0.06 0.69525 10.00000 1.0646346807 2.4855067730    0.991  1.823  3.6254  2.064    4  0.000  0.448     0.00     0.00 -1    -1e-30      0.00 5.725e-01 3.680e-01 8.766e-03 4.735e-03 2.607e-02 -1.000 5.948e-02 0.212 -1.416 -2.078 -2.236 -2.323 -2.225 -2.253 -2.362 -2.784 -2.648 -2.526 -2.312 -2.213 -2.308 -2.595
0.06 0.69525 10.00000 1.0646581650 2.4855108261    0.991  1.861  3.6220  2.013    4  0.000  0.448     0.00     0.00 -1    -1e-30      0.00 5.725e-01 3.680e-01 8.766e-03 4.736e-03 2.607e-02 -1.000 5.948e-02 0.118 -1.519 -2.190 -2.352 -2.441 -2.340 -2.369 -2.482 -2.904 -2.768 -2.647 -2.430 -2.329 -2.428 -2.715
0.06 0.69525 10.00000 1.0646752119 2.4855139256    0.991  1.903  3.6182  1.956    4  0.000  0.448     0.00     0.00 -1    -1e-30      0.00 5.725e-01 3.680e-01 8.766e-03 4.736e-03 2.607e-02 -1.000 5.948e-02 0.012 -1.636 -2.309 -2.480 -2.571 -2.464 -2.496 -2.610 -3.008 -3.284 -3.479 -2.560 -2.452 -2.563 -2.832
0.06 0.69525 10.00000 1.0646853447 2.4855158329    0.991  1.943  3.6146  1.902    4  0.000  0.448     0.00     0.00 -1    -1e-30      0.00 5.725e-01 3.680e-01 8.766e-03 4.736e-03 2.607e-02 -1.000 5.948e-02 -0.088 -1.746 -2.419 -2.599 -2.693 -2.578 -2.615 -2.728 -3.098 -3.875 -4.453 -2.681 -2.566 -2.690 -2.936
0.06 0.69525 10.00000 1.0646913052 2.4855170250    0.991  1.980  3.6113  1.852    4  0.000  0.448     0.00     0.00 -1    -1e-30      0.00 5.725e-01 3.680e-01 8.766e-03 4.736e-03 2.607e-02 -1.000 5.948e-02 -0.179 -1.847 -2.520 -2.709 -2.805 -2.684 -2.725 -2.837 -3.180 -4.421 -5.353 -2.792 -2.672 -2.807 -3.033
0.06 0.69525 10.00000 1.0646957159 2.4855177402    0.991  2.019  3.6077  1.798    4  0.000  0.448     0.00     0.00 -1    -1e-30      0.00 5.725e-01 3.680e-01 8.766e-03 4.736e-03 2.607e-02 -1.000 5.948e-02 -0.277 -1.955 -2.628 -2.827 -2.925 -2.797 -2.843 -2.953 -3.270 -5.006 -6.319 -2.912 -2.785 -2.933 -3.137
0.06 0.69525 10.00000 1.0646988153 2.4855182171    0.991  2.059  3.6040  1.743    4  0.000  0.448     0.00     0.00 -1    -1e-30      0.00 5.725e-01 3.680e-01 8.766e-03 4.736e-03 2.607e-02 -1.000 5.948e-02 -0.378 -2.067 -2.739 -2.949 -3.048 -2.913 -2.966 -3.072 -3.362 -5.607 -7.310 -3.035 -2.901 -3.061 -3.245
0.06 0.69525 10.00000 1.0647008419 2.4855186939    0.991  2.097  3.6005  1.692    4  0.000  0.448     0.00     0.00 -1    -1e-30      0.00 5.725e-01 3.680e-01 8.766e-03 4.736e-03 2.607e-02 -1.000 5.948e-02 -0.471 -2.171 -2.843 -3.062 -3.163 -3.021 -3.081 -3.183 -3.448 -6.170 -8.237 -3.149 -3.010 -3.181 -3.345
0.06 0.69525 10.00000 1.0647023916 2.4855189323    0.991  2.131  3.5973  1.644    7  0.000  0.448     0.00     0.00 -1    -1e-30      0.00 5.725e-01 3.680e-01 8.766e-03 4.736e-03 2.607e-02 -1.000 5.948e-02 -0.558 -2.267 -2.939 -3.167 -3.270 -3.122 -3.188 -3.285 -3.527 -6.690 -9.095 -3.256 -3.110 -3.292 -3.438
0.06 0.69525 10.00000 1.0647028685 2.4855189323    0.991  2.142  3.5962  1.629    7  0.000  0.448     0.00     0.00 -1    -1e-30      0.00 5.725e-01 3.680e-01 8.766e-03 4.736e-03 2.607e-02 -1.000 5.948e-02 -0.584 -2.297 -2.969 -3.199 -3.303 -3.152 -3.221 -3.316 -3.552 -6.851 -9.361 -3.289 -3.142 -3.326 -3.467
0.06 0.69525 10.00000 1.0647044182 2.4855194092    0.991  2.177  3.5928  1.580    7  0.000  0.448     0.00     0.00 -1    -1e-30      0.00 5.725e-01 3.680e-01 8.766e-03 4.736e-03 2.607e-02 -1.000 5.948e-02 -0.673 -2.396 -3.068 -3.308 -3.414 -3.256 -3.332 -3.422 -3.635 -7.390 -10.249 -3.398 -3.245 -3.440 -3.564
0.06 0.69525 10.00000 1.0647059679 2.4855196476    0.991  2.207  3.5900  1.539    7  0.000  0.448     0.00     0.00 -1    -1e-30      0.00 5.725e-01 3.680e-01 8.766e-03 4.736e-03 2.607e-02 -1.000 5.948e-02 -0.747 -2.479 -3.151 -3.398 -3.506 -3.341 -3.426 -3.509 -3.704 -7.839 -10.989 -3.490 -3.332 -3.535 -3.644
0.06 0.69525 10.00000 1.0647075176 2.4855198860    0.991  2.224  3.5884  1.516    7  0.000  0.448     0.00     0.00 -1    -1e-30      0.00 5.725e-01 3.680e-01 8.766e-03 4.736e-03 2.607e-02 -1.000 5.948e-02 -0.790 -2.527 -3.198 -3.450 -3.559 -3.390 -3.479 -3.559 -3.744 -8.096 -11.412 -3.543 -3.381 -3.589 -3.691
0.06 0.69525 10.00000 1.0647106171 2.4855203629    0.991  2.221  3.5886  1.519    7  0.000  0.448     0.00     0.00 -1    -1e-30      0.00 5.725e-01 3.680e-01 8.766e-03 4.736e-03 2.607e-02 -1.000 5.948e-02 -0.784 -2.520 -3.191 -3.442 -3.551 -3.383 -3.471 -3.552 -3.738 -8.058 -11.349 -3.535 -3.374 -3.581 -3.684
0.06 0.69525 10.00000 1.0647124052 2.4855208397    0.991  2.208  3.5900  1.538    7  0.000  0.448     0.00     0.00 -1    -1e-30      0.00 5.725e-01 3.680e-01 8.766e-03 4.736e-03 2.607e-02 -1.000 5.948e-02 -0.750 -2.482 -3.154 -3.401 -3.509 -3.344 -3.429 -3.512 -3.707 -7.854 -11.013 -3.493 -3.335 -3.538 -3.647
0.06 0.69525 10.00000 1.0647146702 2.4855210781    0.991  2.193  3.5914  1.559    7  0.000  0.448     0.00     0.00 -1    -1e-30      0.00 5.725e-01 3.680e-01 8.766e-03 4.736e-03 2.607e-02 -1.000 5.948e-02 -0.713 -2.440 -3.111 -3.355 -3.462 -3.300 -3.381 -3.468 -3.671 -7.624 -10.634 -3.446 -3.291 -3.490 -3.606
0.06 0.69525 10.00000 1.0647182465 2.4855217934    0.991  2.173  3.5934  1.587    7  0.000  0.448     0.00     0.00 -1    -1e-30      0.00 5.725e-01 3.680e-01 8.766e-03 4.736e-03 2.607e-02 -1.000 5.948e-02 -0.662 -2.384 -3.055 -3.293 -3.399 -3.242 -3.317 -3.408 -3.624 -7.317 -10.128 -3.384 -3.232 -3.425 -3.551
0.06 0.69525 10.00000 1.0647238493 2.4855227470    0.991  2.144  3.5962  1.627    7  0.000  0.448     0.00     0.00 -1    -1e-30      0.00 5.725e-01 3.680e-01 8.766e-03 4.736e-03 2.607e-02 -1.000 5.948e-02 -0.590 -2.302 -2.974 -3.205 -3.309 -3.158 -3.227 -3.322 -3.556 -6.877 -9.403 -3.294 -3.147 -3.332 -3.472
0.06 0.69525 10.00000 1.0647357702 2.4855248928    0.991  2.113  3.5991  1.670    7  0.000  0.448     0.00     0.00 -1    -1e-30      0.00 5.725e-01 3.680e-01 8.766e-03 4.736e-03 2.607e-02 -1.000 5.948e-02 -0.512 -2.215 -2.887 -3.110 -3.212 -3.067 -3.130 -3.229 -3.484 -6.407 -8.628 -3.198 -3.056 -3.232 -3.388
0.06 0.69525 10.00000 1.0648300648 2.4855420589    0.992  2.082  3.6020  1.712    7  0.000  0.448     0.00     0.00 -1    -1e-30      0.00 5.725e-01 3.680e-01 8.766e-03 4.736e-03 2.607e-02 -1.000 5.948e-02 -0.436 -2.131 -2.802 -3.018 -3.118 -2.979 -3.036 -3.139 -3.414 -5.947 -7.869 -3.104 -2.967 -3.134 -3.306
0.06 0.69525 10.00000 1.0649017096 2.4855549335    0.992  2.112  3.5993  1.672    7  0.000  0.448     0.00     0.00 -1    -1e-30      0.00 5.725e-01 3.680e-01 8.766e-03 4.736e-03 2.607e-02 -1.000 5.948e-02 -0.509 -2.212 -2.884 -3.106 -3.209 -3.064 -3.126 -3.226 -3.481 -6.387 -8.595 -3.194 -3.052 -3.228 -3.384
0.06 0.69525 10.00000 1.0649554729 2.4855647087    0.992  2.149  3.5958  1.621    7  0.000  0.448     0.00     0.00 -1    -1e-30      0.00 5.725e-01 3.680e-01 8.766e-03 4.736e-03 2.607e-02 -1.000 5.948e-02 -0.602 -2.316 -2.988 -3.220 -3.324 -3.172 -3.242 -3.336 -3.568 -6.950 -9.523 -3.309 -3.161 -3.347 -3.485
0.06 0.69525 10.00000 1.0649977922 2.4855723381    0.992  2.188  3.5920  1.566    7  0.000  0.448     0.00     0.00 -1    -1e-30      0.00 5.725e-01 3.680e-01 8.766e-03 4.736e-03 2.607e-02 -1.000 5.948e-02 -0.700 -2.426 -3.097 -3.339 -3.446 -3.286 -3.365 -3.453 -3.659 -7.544 -10.503 -3.431 -3.276 -3.473 -3.592
0.06 0.69525 10.00000 1.0650311708 2.4855785370    0.992  2.228  3.5881  1.510    7  0.000  0.448     0.00     0.00 -1    -1e-30      0.00 5.725e-01 3.680e-01 8.766e-03 4.736e-03 2.607e-02 -1.000 5.948e-02 -0.801 -2.539 -3.210 -3.463 -3.571 -3.402 -3.492 -3.572 -3.754 -8.156 -11.510 -3.555 -3.393 -3.602 -3.702
0.06 0.69525 10.00000 1.0650578737 2.4855833054    0.992  2.269  3.5841  1.454    7  0.000  0.448     0.00     0.00 -1    -1e-30      0.00 5.725e-01 3.680e-01 8.766e-03 4.736e-03 2.607e-02 -1.000 5.948e-02 -0.902 -2.653 -3.330 -3.590 -3.701 -3.527 -3.623 -3.700 -3.882 -8.380 -11.809 -3.685 -3.519 -3.734 -3.833
0.06 0.69525 10.00000 1.0650802851 2.4855873585    0.992  2.309  3.5801  1.398    7  0.000  0.448     0.00     0.00 -1    -1e-30      0.00 5.725e-01 3.680e-01 8.766e-03 4.736e-03 2.607e-02 -1.000 5.948e-02 -1.003 -2.768 -3.453 -3.718 -3.833 -3.655 -3.756 -3.833 -4.018 -8.517 -11.945 -3.816 -3.646 -3.867 -3.969
0.06 0.69525 10.00000 1.0650997162 2.4855909348    0.992  2.350  3.5759  1.340    7  0.000  0.448     0.00     0.00 -1    -1e-30      0.00 5.725e-01 3.680e-01 8.766e-03 4.736e-03 2.607e-02 -1.000 5.948e-02 -1.105 -2.885 -3.576 -3.849 -3.967 -3.784 -3.890 -3.967 -4.157 -8.656 -12.084 -3.948 -3.776 -4.003 -4.108
0.06 0.69525 10.00000 1.0651167631 2.4855940342    0.992  2.391  3.5716  1.282    7  0.000  0.448     0.00     0.00 -1    -1e-30      0.00 5.725e-01 3.680e-01 8.766e-03 4.736e-03 2.607e-02 -1.000 5.948e-02 -1.208 -3.002 -3.702 -3.981 -4.102 -3.914 -4.027 -4.103 -4.297 -8.796 -12.225 -4.083 -3.907 -4.140 -4.248
0.06 0.69525 10.00000 1.0651322603 2.4855968952    0.992  2.433  3.5672  1.223    7  0.000  0.448     0.00     0.00 -1    -1e-30      0.00 5.725e-01 3.680e-01 8.766e-03 4.736e-03 2.607e-02 -1.000 5.948e-02 -1.312 -3.122 -3.828 -4.115 -4.240 -4.047 -4.165 -4.240 -4.440 -8.939 -12.367 -4.219 -4.040 -4.278 -4.391
0.06 0.69525 10.00000 1.0651464462 2.4855992794    0.992  2.474  3.5628  1.163    7  0.000  0.448     0.00     0.00 -1    -1e-30      0.00 5.725e-01 3.680e-01 8.766e-03 4.736e-03 2.607e-02 -1.000 5.948e-02 -1.416 -3.242 -3.956 -4.250 -4.378 -4.180 -4.304 -4.379 -4.583 -9.082 -12.511 -4.356 -4.173 -4.418 -4.534
0.06 0.69525 10.00000 1.0651595592 2.4856016636    0.992  2.516  3.5582  1.103    7  0.000  0.448     0.00     0.00 -1    -1e-30      0.00 5.725e-01 3.680e-01 8.766e-03 4.736e-03 2.607e-02 -1.000 5.948e-02 -1.521 -3.363 -4.084 -4.386 -4.518 -4.314 -4.445 -4.519 -4.729 -9.227 -12.656 -4.495 -4.308 -4.560 -4.679
0.06 0.69525 10.00000 1.0651714802 2.4856038094    0.992  2.559  3.5535  1.042    7  0.000  0.448     0.00     0.00 -1    -1e-30      0.00 5.725e-01 3.680e-01 8.766e-03 4.736e-03 2.607e-02 -1.000 5.948e-02 -1.627 -3.484 -4.213 -4.524 -4.659 -4.450 -4.587 -4.661 -4.876 -9.374 -12.803 -4.635 -4.444 -4.703 -4.826
0.06 0.69525 10.00000 1.0651820898 2.4856057167    0.992  2.601  3.5487  0.981    7  0.000  0.448     0.00     0.00 -1    -1e-30      0.00 5.725e-01 3.680e-01 8.766e-03 4.736e-03 2.607e-02 -1.000 5.948e-02 -1.732 -3.606 -4.342 -4.662 -4.800 -4.586 -4.730 -4.804 -5.023 -9.521 -12.949 -4.774 -4.581 -4.846 -4.973
0.06 0.69525 10.00000 1.0651926994 2.4856078625    0.992  2.644  3.5437  0.917    7  0.000  0.448     0.00     0.00 -1    -1e-30      0.00 5.725e-01 3.680e-01 8.765e-03 4.736e-03 2.607e-02 -1.000 5.948e-02 -1.840 -3.732 -4.475 -4.805 -4.947 -4.727 -4.879 -4.952 -5.175 -9.674 -13.102 -4.919 -4.723 -4.996 -5.126
0.06 0.69525 10.00000 1.0652028322 2.4856095314    0.992  2.687  3.5386  0.854    7  0.000  0.448     0.00     0.00 -1    -1e-30      0.00 5.725e-01 3.680e-01 8.764e-03 4.737e-03 2.607e-02 -1.000 5.948e-02 -1.947 -3.856 -4.607 -4.946 -5.092 -4.868 -5.026 -5.099 -5.327 -9.825 -13.254 -5.063 -4.864 -5.144 -5.277
0.06 0.69525 10.00000 1.0652124882 2.4856114388    0.992  2.729  3.5335  0.791    7  0.000  0.448     0.00     0.00 -1    -1e-30      0.00 5.725e-01 3.680e-01 8.763e-03 4.737e-03 2.607e-02 -1.000 5.948e-02 -2.053 -3.979 -4.738 -5.088 -5.237 -5.009 -5.174 -5.246 -5.478 -9.976 -13.404 -5.206 -5.005 -5.292 -5.428
0.06 0.69525 10.00000 1.0652204752 2.4856128693    0.992  2.769  3.5286  0.732    7  0.000  0.448     0.00     0.00 -1    -1e-30      0.00 5.725e-01 3.680e-01 8.760e-03 4.738e-03 2.607e-02 -1.000 5.948e-02 -2.152 -4.094 -4.860 -5.221 -5.373 -5.140 -5.312 -5.384 -5.619 -10.117 -13.545 -5.340 -5.137 -5.430 -5.570
0.06 0.69525 10.00000 1.0652263165 2.4856138229    0.992  2.804  3.5242  0.679    7  0.000  0.448     0.00     0.00 -1    -1e-30      0.00 5.725e-01 3.680e-01 8.757e-03 4.741e-03 2.607e-02 -1.000 5.948e-02 -2.240 -4.194 -4.967 -5.338 -5.493 -5.256 -5.433 -5.504 -5.743 -10.240 -13.669 -5.458 -5.253 -5.552 -5.694
0.06 0.69525 10.00000 1.0652304888 2.4856145382    0.992  2.835  3.5203  0.633    7  0.000  0.448     0.00     0.00 -1    -1e-30      0.00 5.725e-01 3.680e-01 8.753e-03 4.743e-03 2.607e-02 -1.000 5.948e-02 -2.317 -4.282 -5.063 -5.442 -5.600 -5.358 -5.542 -5.612 -5.854 -10.350 -13.779 -5.563 -5.356 -5.660 -5.805
0.06 0.69525 10.00000 1.0652337074 2.4856152534    0.992  2.868  3.5160  0.583    7  0.000  0.447     0.00     0.00 -1    -1e-30      0.00 5.725e-01 3.680e-01 8.748e-03 4.747e-03 2.607e-02 -1.000 5.948e-02 -2.399 -4.374 -5.164 -5.553 -5.713 -5.466 -5.655 -5.723 -5.969 -10.464 -13.893 -5.672 -5.464 -5.773 -5.920
0.06 0.69525 10.00000 1.0652366877 2.4856157303    0.992  2.904  3.5111  0.527    7  0.000  0.447     0.00     0.00 -1    -1e-30      0.00 5.725e-01 3.680e-01 8.742e-03 4.752e-03 2.607e-02 -1.000 5.948e-02 -2.489 -4.475 -5.274 -5.675 -5.840 -5.586 -5.782 -5.850 -6.101 -10.594 -14.023 -5.796 -5.585 -5.901 -6.052
0.06 0.69525 10.00000 1.0652394295 2.4856162071    0.992  2.943  3.5058  0.467    7  0.000  0.447     0.00     0.00 -1    -1e-30      0.00 5.725e-01 3.680e-01 8.735e-03 4.759e-03 2.607e-02 -1.000 5.948e-02 -2.587 -4.583 -5.394 -5.807 -5.975 -5.715 -5.917 -5.982 -6.239 -10.731 -14.159 -5.925 -5.714 -6.037 -6.191
0.06 0.69525 10.00000 1.0652420521 2.4856166840    0.992  2.984  3.5001  0.403    7  0.000  0.446     0.00     0.00 -1    -1e-30      0.00 5.725e-01 3.680e-01 8.729e-03 4.767e-03 2.607e-02 -1.000 5.948e-02 -2.690 -4.696 -5.523 -5.947 -6.118 -5.852 -6.059 -6.120 -6.385 -10.874 -14.302 -6.061 -5.851 -6.179 -6.337
0.06 0.69525 10.00000 1.0652441978 2.4856171608    0.992  3.020  3.4951  0.348    7  0.000  0.446     0.00     0.00 -1    -1e-30      0.00 5.725e-01 3.680e-01 8.724e-03 4.772e-03 2.607e-02 -1.000 5.948e-02 -2.779 -4.792 -5.633 -6.067 -6.240 -5.968 -6.180 -6.237 -6.510 -10.996 -14.424 -6.175 -5.968 -6.301 -6.462
0.06 0.69525 10.00000 1.0652463436 2.4856173992    0.992  3.057  3.4897  0.288    7  0.000  0.446     0.00     0.00 -1    -1e-30      0.00 5.725e-01 3.680e-01 8.722e-03 4.775e-03 2.607e-02 -1.000 5.948e-02 -2.873 -4.893 -5.750 -6.195 -6.372 -6.094 -6.311 -6.365 -6.645 -11.128 -14.557 -6.299 -6.094 -6.434 -6.599
0.06 0.69525 10.00000 1.0652488470 2.4856178761    0.992  3.100  3.4834  0.221    7  0.000  0.446     0.00     0.00 -1    -1e-30      0.00 5.725e-01 3.680e-01 8.720e-03 4.776e-03 2.607e-02 -1.000 5.948e-02 -2.979 -5.005 -5.883 -6.337 -6.516 -6.234 -6.453 -6.503 -6.797 -11.278 -14.707 -6.430 -6.233 -6.581 -6.750
0.06 0.69525 10.00000 1.0652513504 2.4856183529    0.992  3.142  3.4770  0.152    7  0.000  0.446     0.00     0.00 -1    -1e-30      0.00 5.725e-01 3.680e-01 8.720e-03 4.777e-03 2.607e-02 -1.000 5.948e-02 -3.086 -5.116 -6.014 -6.478 -6.659 -6.375 -6.595 -6.642 -6.950 -11.430 -14.859 -6.559 -6.374 -6.728 -6.904
0.06 0.69525 10.00000 1.0652538538 2.4856188297    0.992  3.183  3.4707  0.086    7  0.000  0.446     0.00     0.00 -1    -1e-30      0.00 5.725e-01 3.680e-01 8.720e-03 4.777e-03 2.607e-02 -1.000 5.948e-02 -3.187 -5.221 -6.139 -6.610 -6.792 -6.508 -6.727 -6.771 -7.096 -11.576 -15.004 -6.678 -6.507 -6.868 -7.049
0.06 0.69525 10.00000 1.0652567148 2.4856193066    0.992  3.225  3.4639  0.017    7  0.000  0.446     0.00     0.00 -1    -1e-30      0.00 5.725e-01 3.680e-01 8.720e-03 4.777e-03 2.607e-02 -1.000 5.948e-02 -3.293 -5.328 -6.270 -6.749 -6.932 -6.648 -6.867 -6.908 -7.250 -11.730 -15.159 -6.804 -6.646 -7.016 -7.203
0.06 0.69525 10.00000 1.0652595758 2.4856197834    0.992  3.263  3.4576 -0.047    7  0.000  0.446     0.00     0.00 -1    -1e-30      0.00 5.725e-01 3.680e-01 8.720e-03 4.777e-03 2.607e-02 -1.000 5.948e-02 -3.389 -5.425 -6.388 -6.873 -7.058 -6.778 -6.995 -7.035 -7.393 -11.873 -15.302 -6.916 -6.775 -7.153 -7.346
0.06 0.69525 10.00000 1.0652626753 2.4856204987    0.992  3.301  3.4513 -0.109    7  0.000  0.446     0.00     0.00 -1    -1e-30      0.00 5.725e-01 3.680e-01 8.720e-03 4.777e-03 2.607e-02 -1.000 5.948e-02 -3.482 -5.519 -6.501 -6.991 -7.178 -6.904 -7.117 -7.158 -7.534 -12.014 -15.443 -7.022 -6.900 -7.287 -7.486
0.06 0.69525 10.00000 1.0652657747 2.4856209755    0.992  3.338  3.4450 -0.172    7  0.000  0.446     0.00     0.00 -1    -1e-30      0.00 5.725e-01 3.680e-01 8.720e-03 4.777e-03 2.607e-02 -1.000 5.948e-02 -3.575 -5.613 -6.612 -7.106 -7.296 -7.027 -7.238 -7.280 -7.673 -12.154 -15.583 -7.126 -7.023 -7.420 -7.626
0.06 0.69525 10.00000 1.0652689934 2.4856214523    0.992  3.374  3.4386 -0.233    7  0.000  0.446     0.00     0.00 -1    -1e-30      0.00 5.725e-01 3.680e-01 8.720e-03 4.777e-03 2.607e-02 -1.000 5.948e-02 -3.665 -5.705 -6.720 -7.217 -7.411 -7.149 -7.357 -7.400 -7.811 -12.293 -15.721 -7.228 -7.143 -7.551 -7.764
0.06 0.69525 10.00000 1.0652723312 2.4856221676    0.992  3.411  3.4320 -0.296    7  0.000  0.446     0.00     0.00 -1    -1e-30      0.00 5.725e-01 3.680e-01 8.720e-03 4.777e-03 2.607e-02 -1.000 5.948e-02 -3.758 -5.799 -6.830 -7.330 -7.528 -7.275 -7.479 -7.525 -7.954 -12.436 -15.864 -7.332 -7.268 -7.688 -7.906
0.06 0.69525 10.00000 1.0652755499 2.4856226444    0.992  3.446  3.4257 -0.356    7  0.000  0.446     0.00     0.00 -1    -1e-30      0.00 5.725e-01 3.680e-01 8.720e-03 4.777e-03 2.607e-02 -1.000 5.948e-02 -3.844 -5.890 -6.930 -7.432 -7.636 -7.392 -7.593 -7.644 -8.089 -12.570 -15.998 -7.430 -7.384 -7.817 -8.040
0.06 0.69525 10.00000 1.0652787685 2.4856233597    0.992  3.480  3.4193 -0.416    7  0.000  0.446     0.00     0.00 -1    -1e-30      0.00 5.725e-01 3.680e-01 8.720e-03 4.777e-03 2.607e-02 -1.000 5.948e-02 -3.931 -5.978 -7.030 -7.536 -7.746 -7.509 -7.710 -7.765 -8.225 -12.705 -16.134 -7.530 -7.500 -7.948 -8.177
0.06 0.69525 10.00000 1.0652818680 2.4856238365    0.992  3.516  3.4125 -0.480    7  0.521  0.446     0.00     0.00 -1    -1e-30      0.00 5.725e-01 3.680e-01 8.720e-03 4.777e-03 2.607e-02 -1.000 5.948e-02 -4.020 -6.069 -7.127 -7.637 -7.855 -7.620 -7.822 -7.882 -8.346 -12.825 -16.254 -7.637 -7.611 -8.068 -8.298
0.06 0.69525 10.00000 1.0652836561 2.4856243134    0.874  3.326  3.4798 -0.075    8  0.518  0.476   199.58    93.01  0 -2.15e-07      0.01 6.805e-01 2.997e-01 3.103e-03 1.526e-03 8.692e-03 -1.000 1.976e-02 -3.544 -5.575 -6.453 -6.930 -7.133 -6.858 -7.089 -7.166 -7.642 -12.072 -15.520 -7.048 -6.858 -7.408 -7.603
0.06 0.69525 10.00000 1.0652836561 2.4856243134    0.873  3.023  3.5232  0.401    8  0.518  0.476    71.49    38.29  1 -6.36e-08      0.00 6.805e-01 2.997e-01 3.103e-03 1.526e-03 8.692e-03 -1.000 1.976e-02 -2.789 -4.750 -5.508 -5.893 -6.060 -5.820 -6.000 -6.081 -6.353 -10.842 -14.274 -6.025 -5.817 -6.157 -6.305
0.06 0.69525 10.00000 1.0652837753 2.4856243134    0.873  2.895  3.5418  0.603    8  0.519  0.476    46.19    26.24  1 -3.72e-08      0.00 6.805e-01 2.997e-01 3.103e-03 1.526e-03 8.692e-03 -1.000 1.976e-02 -2.467 -4.369 -5.103 -5.446 -5.596 -5.371 -5.526 -5.604 -5.841 -10.337 -13.766 -5.568 -5.366 -5.658 -5.792
0.06 0.69525 10.00000 1.0652838945 2.4856243134    0.872  2.758  3.5615  0.819    8  0.519  0.476    29.02    17.55  1 -2.06e-08      0.00 6.805e-01 2.997e-01 3.103e-03 1.526e-03 8.692e-03 -1.000 1.976e-02 -2.124 -3.958 -4.659 -4.967 -5.104 -4.897 -5.024 -5.105 -5.312 -9.811 -13.239 -5.081 -4.890 -5.145 -5.262
0.06 0.69525 10.00000 1.0652840137 2.4856243134    0.871  2.804  3.5545  0.743    8  0.519  0.476    34.12    20.18  1 -2.54e-08      0.00 6.805e-01 2.997e-01 3.103e-03 1.526e-03 8.692e-03 -1.000 1.976e-02 -2.241 -4.099 -4.812 -5.132 -5.273 -5.060 -5.197 -5.276 -5.490 -9.989 -13.418 -5.248 -5.054 -5.318 -5.441
0.06 0.69525 10.00000 1.0652842522 2.4856243134    0.869  2.942  3.5341  0.524    8  0.519  0.476    54.82    30.39  1 -4.59e-08      0.00 6.805e-01 2.997e-01 3.103e-03 1.526e-03 8.692e-03 -1.000 1.976e-02 -2.585 -4.513 -5.255 -5.616 -5.773 -5.540 -5.706 -5.785 -6.034 -10.528 -13.958 -5.743 -5.536 -5.846 -5.985
0.06 0.69525 10.00000 1.0652844906 2.4856243134    0.867  3.100  3.5109  0.272    8  0.519  0.476    94.30    48.54  0 -8.86e-08      0.00 6.805e-01 2.997e-01 3.103e-03 1.526e-03 8.692e-03 -1.000 1.976e-02 -2.979 -4.970 -5.755 -6.167 -6.343 -6.092 -6.289 -6.367 -6.673 -11.152 -14.587 -6.299 -6.091 -6.468 -6.626
0.06 0.69525 10.00000 1.0652848482 2.4856243134    0.865  3.226  3.4921  0.070    8  0.519  0.476   145.85    70.71  0 -1.48e-07      0.00 6.805e-01 2.997e-01 3.103e-03 1.526e-03 8.692e-03 -1.000 1.976e-02 -3.294 -5.315 -6.151 -6.605 -6.796 -6.526 -6.748 -6.824 -7.213 -11.666 -15.108 -6.731 -6.526 -6.992 -7.170
0.06 0.69525 10.00000 1.0652852058 2.4856245518    0.862  3.305  3.4800 -0.060    8  0.519  0.476   192.95    89.97  0 -2.05e-07      0.01 6.805e-01 2.997e-01 3.103e-03 1.526e-03 8.692e-03 -1.000 1.976e-02 -3.494 -5.525 -6.402 -6.879 -7.080 -6.804 -7.034 -7.109 -7.575 -12.007 -15.454 -6.995 -6.804 -7.342 -7.535
0.06 0.69525 10.00000 1.0652856827 2.4856245518    0.859  3.347  3.4733 -0.130    8  0.520  0.476   224.22   102.33  0 -2.43e-07      0.01 6.805e-01 2.997e-01 3.103e-03 1.526e-03 8.692e-03 -1.000 1.976e-02 -3.598 -5.630 -6.533 -7.020 -7.226 -6.951 -7.183 -7.258 -7.774 -12.195 -15.646 -7.128 -6.950 -7.533 -7.735
0.06 0.69525 10.00000 1.0652861595 2.4856245518    0.856  3.367  3.4698 -0.165    8  0.520  0.476   242.07   109.20  0 -2.65e-07      0.01 6.805e-01 2.997e-01 3.103e-03 1.526e-03 8.692e-03 -1.000 1.976e-02 -3.647 -5.679 -6.596 -7.088 -7.297 -7.021 -7.254 -7.330 -7.870 -12.285 -15.738 -7.192 -7.020 -7.625 -7.831
0.06 0.69525 10.00000 1.0652866364 2.4856247902    0.852  3.379  3.4695 -0.180    8  0.520  0.476   249.89   112.10  0 -2.83e-07      0.01 6.805e-01 2.997e-01 3.103e-03 1.526e-03 8.692e-03 -1.000 1.976e-02 -3.677 -5.708 -6.626 -7.120 -7.331 -7.056 -7.290 -7.369 -7.936 -12.344 -15.800 -7.225 -7.055 -7.688 -7.898
0.06 0.69525 10.00000 1.0652866364 2.4856247902    0.852  3.135  3.5025  0.195    8  0.520  0.476   111.21    55.67  0 -1.07e-07      0.00 6.805e-01 2.997e-01 3.103e-03 1.526e-03 8.692e-03 -1.000 1.976e-02 -3.068 -5.075 -5.881 -6.311 -6.491 -6.233 -6.440 -6.515 -6.847 -11.318 -14.755 -6.439 -6.232 -6.636 -6.801
0.06 0.69525 10.00000 1.0652867556 2.4856247902    0.851  2.954  3.5287  0.481    8  0.520  0.476    60.01    32.65  1 -5.11e-08      0.00 6.805e-01 2.997e-01 3.103e-03 1.526e-03 8.692e-03 -1.000 1.976e-02 -2.615 -4.560 -5.309 -5.682 -5.844 -5.606 -5.779 -5.859 -6.118 -10.610 -14.041 -5.811 -5.603 -5.926 -6.069
0.06 0.69525 10.00000 1.0652868748 2.4856247902    0.850  2.816  3.5486  0.698    8  0.520  0.476    37.60    21.79  1 -2.86e-08      0.00 6.805e-01 2.997e-01 3.103e-03 1.526e-03 8.692e-03 -1.000 1.976e-02 -2.271 -4.149 -4.873 -5.202 -5.346 -5.129 -5.273 -5.352 -5.574 -10.072 -13.501 -5.320 -5.123 -5.397 -5.525
0.06 0.69525 10.00000 1.0652869940 2.4856247902    0.849  2.862  3.5419  0.625    8  0.520  0.476    44.01    24.95  1 -3.49e-08      0.00 6.805e-01 2.997e-01 3.103e-03 1.526e-03 8.692e-03 -1.000 1.976e-02 -2.384 -4.286 -5.020 -5.362 -5.511 -5.287 -5.441 -5.519 -5.754 -10.251 -13.680 -5.483 -5.282 -5.572 -5.705
0.06 0.69525 10.00000 1.0652872324 2.4856247902    0.847  2.997  3.5221  0.409    8  0.521  0.476    70.11    37.29  1 -6.21e-08      0.00 6.805e-01 2.997e-01 3.103e-03 1.526e-03 8.692e-03 -1.000 1.976e-02 -2.723 -4.688 -5.449 -5.836 -6.003 -5.762 -5.943 -6.023 -6.295 -10.785 -14.217 -5.967 -5.759 -6.100 -6.247
0.06 0.69525 10.00000 1.0652874708 2.4856247902    0.845  3.152  3.4993  0.162    8  0.521  0.476   119.47    59.06  0 -1.17e-07      0.00 6.805e-01 2.997e-01 3.103e-03 1.526e-03 8.692e-03 -1.000 1.976e-02 -3.110 -5.122 -5.938 -6.374 -6.557 -6.296 -6.507 -6.582 -6.932 -11.398 -14.836 -6.501 -6.295 -6.718 -6.887
0.06 0.69525 10.00000 1.0652877092 2.4856250286    0.842  3.276  3.4809 -0.037    8  0.521  0.476   183.21    85.39  0 -1.93e-07      0.01 6.805e-01 2.997e-01 3.103e-03 1.526e-03 8.692e-03 -1.000 1.976e-02 -3.419 -5.449 -6.324 -6.798 -6.998 -6.720 -6.950 -7.023 -7.476 -11.912 -15.358 -6.913 -6.720 -7.244 -7.436
0.06 0.69525 10.00000 1.0652880669 2.4856250286    0.839  3.353  3.4692 -0.163    8  0.521  0.476   240.56   107.92  0 -2.65e-07      0.01 6.805e-01 2.997e-01 3.103e-03 1.526e-03 8.692e-03 -1.000 1.976e-02 -3.613 -5.645 -6.565 -7.058 -7.266 -6.990 -7.223 -7.298 -7.840 -12.255 -15.708 -7.159 -6.989 -7.595 -7.802
0.06 0.69525 10.00000 1.0652884245 2.4856250286    0.835  3.393  3.4629 -0.229    8  0.521  0.476   277.61   121.98  0 -3.12e-07      0.01 6.805e-01 2.997e-01 3.103e-03 1.526e-03 8.692e-03 -1.000 1.976e-02 -3.712 -5.743 -6.688 -7.189 -7.403 -7.130 -7.364 -7.442 -8.053 -12.454 -15.912 -7.282 -7.128 -7.797 -8.016
0.06 0.69525 10.00000 1.0652889013 2.4856252670    0.832  3.411  3.4597 -0.262    8  0.522  0.476   297.64   129.35  0 -3.38e-07      0.02 6.805e-01 2.997e-01 3.103e-03 1.526e-03 8.692e-03 -1.000 1.976e-02 -3.757 -5.787 -6.744 -7.250 -7.467 -7.197 -7.432 -7.511 -8.153 -12.548 -16.009 -7.341 -7.195 -7.893 -8.118
0.06 0.69525 10.00000 1.0652893782 2.4856252670    0.828  3.421  3.4604 -0.271    8  0.522  0.476   303.67   131.38  0  -3.6e-07      0.02 6.805e-01 2.997e-01 3.103e-03 1.526e-03 8.692e-03 -1.000 1.976e-02 -3.782 -5.811 -6.766 -7.273 -7.492 -7.224 -7.460 -7.543 -8.210 -12.598 -16.061 -7.368 -7.222 -7.949 -8.177
0.06 0.69525 10.00000 1.0652893782 2.4856252670    0.827  3.183  3.4927  0.095    8  0.522  0.476   137.75    66.33  0 -1.41e-07      0.00 6.805e-01 2.997e-01 3.103e-03 1.526e-03 8.692e-03 -1.000 1.976e-02 -3.189 -5.208 -6.043 -6.495 -6.685 -6.415 -6.636 -6.710 -7.095 -11.549 -14.990 -6.620 -6.415 -6.874 -7.052
0.06 0.69525 10.00000 1.0652894974 2.4856252670    0.826  3.003  3.5194  0.382    8  0.522  0.476    74.17    38.83  1 -6.82e-08      0.00 6.805e-01 2.997e-01 3.103e-03 1.526e-03 8.692e-03 -1.000 1.976e-02 -2.737 -4.709 -5.475 -5.868 -6.037 -5.794 -5.979 -6.059 -6.338 -10.825 -14.258 -6.000 -5.792 -6.140 -6.290
0.06 0.69525 10.00000 1.0652896166 2.4856252670    0.825  2.865  3.5398  0.601    8  0.522  0.476    46.26    25.80  1 -3.85e-08      0.00 6.805e-01 2.997e-01 3.103e-03 1.526e-03 8.692e-03 -1.000 1.976e-02 -2.392 -4.300 -5.038 -5.384 -5.535 -5.309 -5.466 -5.544 -5.784 -10.279 -13.709 -5.506 -5.304 -5.600 -5.735
0.06 0.69525 10.00000 1.0652897358 2.4856252670    0.823  2.909  3.5331  0.528    8  0.522  0.476    54.08    29.51  1 -4.68e-08      0.00 6.805e-01 2.997e-01 3.103e-03 1.526e-03 8.692e-03 -1.000 1.976e-02 -2.503 -4.434 -5.179 -5.541 -5.699 -5.465 -5.632 -5.711 -5.963 -10.456 -13.887 -5.668 -5.462 -5.774 -5.915
0.06 0.69525 10.00000 1.0652899742 2.4856252670    0.821  3.042  3.5131  0.314    8  0.523  0.476    85.84    43.95  0 -8.18e-08      0.00 6.805e-01 2.997e-01 3.103e-03 1.526e-03 8.692e-03 -1.000 1.976e-02 -2.836 -4.822 -5.603 -6.009 -6.182 -5.934 -6.128 -6.206 -6.505 -10.986 -14.420 -6.140 -5.932 -6.303 -6.458
0.06 0.69525 10.00000 1.0652902126 2.4856255054    0.818  3.194  3.4902  0.069    8  0.523  0.476   145.69    69.34  0 -1.52e-07      0.00 6.805e-01 2.997e-01 3.103e-03 1.526e-03 8.692e-03 -1.000 1.976e-02 -3.216 -5.238 -6.081 -6.539 -6.731 -6.458 -6.683 -6.757 -7.156 -11.605 -15.048 -6.664 -6.459 -6.933 -7.114
0.06 0.69525 10.00000 1.0652905703 2.4856255054    0.814  3.315  3.4717 -0.127    8  0.523  0.476   222.57    99.86  0 -2.47e-07      0.01 6.805e-01 2.997e-01 3.103e-03 1.526e-03 8.692e-03 -1.000 1.976e-02 -3.518 -5.549 -6.460 -6.948 -7.155 -6.878 -7.111 -7.185 -7.713 -12.131 -15.583 -7.053 -6.877 -7.470 -7.675
0.06 0.69525 10.00000 1.0652909279 2.4856255054    0.810  3.390  3.4600 -0.252    8  0.523  0.476   291.13   125.72  0 -3.36e-07      0.02 6.805e-01 2.997e-01 3.103e-03 1.526e-03 8.692e-03 -1.000 1.976e-02 -3.706 -5.735 -6.693 -7.198 -7.414 -7.144 -7.378 -7.457 -8.102 -12.496 -15.957 -7.288 -7.141 -7.842 -8.067
0.06 0.69525 10.00000 1.0652914047 2.4856255054    0.805  3.428  3.4538 -0.317    8  0.524  0.476   334.63   141.50  0 -3.94e-07      0.02 6.805e-01 2.997e-01 3.103e-03 1.526e-03 8.692e-03 -1.000 1.976e-02 -3.800 -5.826 -6.805 -7.317 -7.538 -7.273 -7.505 -7.587 -8.297 -12.679 -16.145 -7.396 -7.269 -8.026 -8.264
0.06 0.69525 10.00000 1.0652918816 2.4856257439    0.800  3.444  3.4509 -0.347    8  0.524  0.476   357.19   149.35  0 -4.26e-07      0.02 6.805e-01 2.997e-01 3.103e-03 1.526e-03 8.692e-03 -1.000 1.976e-02 -3.840 -5.861 -6.853 -7.368 -7.593 -7.331 -7.564 -7.648 -8.407 -12.780 -16.250 -7.443 -7.327 -8.128 -8.375
0.06 0.69525 10.00000 1.0652923584 2.4856257439    0.795  3.452  3.4528 -0.351    8  0.525  0.476   360.02   149.97  0 -4.55e-07      0.03 6.805e-01 2.997e-01 3.103e-03 1.526e-03 8.692e-03 -1.000 1.976e-02 -3.860 -5.879 -6.866 -7.381 -7.610 -7.351 -7.586 -7.677 -8.478 -12.841 -16.314 -7.466 -7.346 -8.196 -8.447
0.06 0.69525 10.00000 1.0652923584 2.4856257439    0.794  3.222  3.4842  0.004    8  0.525  0.476   167.31    77.31  0 -1.85e-07      0.01 6.805e-01 2.997e-01 3.103e-03 1.526e-03 8.692e-03 -1.000 1.976e-02 -3.286 -5.312 -6.176 -6.645 -6.842 -6.565 -6.793 -6.868 -7.315 -11.751 -15.198 -6.763 -6.565 -7.084 -7.274
0.06 0.69525 10.00000 1.0652924776 2.4856257439    0.793  3.043  3.5115  0.293    8  0.525  0.476    89.86    45.15  0 -9.09e-08      0.00 6.805e-01 2.997e-01 3.103e-03 1.526e-03 8.692e-03 -1.000 1.976e-02 -2.837 -4.827 -5.611 -6.021 -6.196 -5.946 -6.142 -6.220 -6.532 -11.009 -14.445 -6.153 -5.945 -6.327 -6.485
0.06 0.69525 10.00000 1.0652925968 2.4856257439    0.791  2.905  3.5325  0.514    8  0.525  0.476    55.79    29.87  1 -5.19e-08      0.00 6.805e-01 2.997e-01 3.103e-03 1.526e-03 8.692e-03 -1.000 1.976e-02 -2.492 -4.425 -5.169 -5.534 -5.693 -5.458 -5.626 -5.706 -5.966 -10.457 -13.889 -5.662 -5.455 -5.775 -5.918
0.06 0.69525 10.00000 1.0652927160 2.4856257439    0.789  2.949  3.5256  0.441    8  0.525  0.476    65.30    34.18  1 -6.29e-08      0.00 6.805e-01 2.997e-01 3.103e-03 1.526e-03 8.692e-03 -1.000 1.976e-02 -2.602 -4.556 -5.311 -5.691 -5.855 -5.616 -5.793 -5.874 -6.147 -10.636 -14.068 -5.821 -5.614 -5.953 -6.099
0.06 0.69525 10.00000 1.0652929544 2.4856259823    0.785  3.080  3.5053  0.226    8  0.525  0.476   103.66    50.88  0 -1.09e-07      0.00 6.805e-01 2.997e-01 3.103e-03 1.526e-03 8.692e-03 -1.000 1.976e-02 -2.929 -4.931 -5.730 -6.154 -6.333 -6.078 -6.282 -6.359 -6.699 -11.168 -14.606 -6.284 -6.077 -6.488 -6.654
0.06 0.69525 10.00000 1.0652933121 2.4856259823    0.781  3.229  3.4819 -0.019    8  0.525  0.476   175.93    80.20  0    -2e-07      0.01 6.805e-01 2.997e-01 3.103e-03 1.526e-03 8.692e-03 -1.000 1.976e-02 -3.303 -5.331 -6.203 -6.676 -6.875 -6.598 -6.828 -6.902 -7.374 -11.804 -15.253 -6.792 -6.598 -7.141 -7.335
0.06 0.69525 10.00000 1.0652935505 2.4856259823    0.776  3.348  3.4631 -0.216    8  0.526  0.476   268.94   115.45  0 -3.22e-07      0.02 6.805e-01 2.997e-01 3.103e-03 1.526e-03 8.692e-03 -1.000 1.976e-02 -3.600 -5.628 -6.574 -7.074 -7.289 -7.016 -7.251 -7.330 -7.968 -12.363 -15.824 -7.168 -7.014 -7.710 -7.933
0.06 0.69525 10.00000 1.0652940273 2.4856259823    0.770  3.422  3.4512 -0.341    8  0.526  0.476   352.22   145.32  0 -4.36e-07      0.03 6.805e-01 2.997e-01 3.103e-03 1.526e-03 8.692e-03 -1.000 1.976e-02 -3.785 -5.805 -6.797 -7.312 -7.538 -7.278 -7.511 -7.598 -8.382 -12.750 -16.221 -7.389 -7.273 -8.100 -8.350
0.06 0.69525 10.00000 1.0652943850 2.4856262207    0.764  3.459  3.4450 -0.406    8  0.527  0.476   405.48   163.54  0 -5.13e-07      0.04 6.805e-01 2.997e-01 3.103e-03 1.526e-03 8.692e-03 -1.000 1.976e-02 -3.877 -5.890 -6.904 -7.427 -7.664 -7.413 -7.646 -7.743 -8.621 -12.972 -16.451 -7.501 -7.407 -8.325 -8.591
0.06 0.69525 10.00000 1.0652948618 2.4856262207    0.757  3.474  3.4421 -0.437    8  0.527  0.476   433.53   172.56  0 -5.59e-07      0.04 6.805e-01 2.997e-01 3.103e-03 1.526e-03 8.692e-03 -1.000 1.976e-02 -3.916 -5.926 -6.950 -7.477 -7.720 -7.475 -7.707 -7.810 -8.736 -13.078 -16.561 -7.551 -7.468 -8.433 -8.707
0.06 0.69525 10.00000 1.0652954578 2.4856264591    0.749  3.482  3.4456 -0.435    8  0.528  0.476   432.17   171.27  0 -6.09e-07      0.05 6.805e-01 2.997e-01 3.103e-03 1.526e-03 8.692e-03 -1.000 1.976e-02 -3.936 -5.942 -6.957 -7.485 -7.732 -7.487 -7.724 -7.834 -8.816 -13.143 -16.632 -7.572 -7.480 -8.509 -8.789
0.06 0.69525 10.00000 1.0652954578 2.4856264591    0.748  3.262  3.4754 -0.096    8  0.528  0.476   207.80    90.91  0 -2.57e-07      0.01 6.805e-01 2.997e-01 3.103e-03 1.526e-03 8.692e-03 -1.000 1.976e-02 -3.384 -5.414 -6.310 -6.794 -7.001 -6.726 -6.959 -7.037 -7.592 -12.002 -15.457 -6.906 -6.725 -7.348 -7.555
0.06 0.69525 10.00000 1.0652955770 2.4856264591    0.747  3.084  3.5033  0.193    8  0.528  0.476   111.54    53.03  0 -1.29e-07      0.00 6.805e-01 2.997e-01 3.103e-03 1.526e-03 8.692e-03 -1.000 1.976e-02 -2.939 -4.944 -5.748 -6.177 -6.359 -6.102 -6.309 -6.388 -6.764 -11.223 -14.665 -6.307 -6.102 -6.548 -6.720
0.06 0.69525 10.00000 1.0652956963 2.4856264591    0.743  2.946  3.5249  0.415    8  0.528  0.476    69.08    34.98  1 -7.47e-08      0.00 6.805e-01 2.997e-01 3.103e-03 1.526e-03 8.692e-03 -1.000 1.976e-02 -2.595 -4.551 -5.306 -5.689 -5.855 -5.616 -5.794 -5.876 -6.169 -10.652 -14.086 -5.821 -5.613 -5.972 -6.122
0.06 0.69525 10.00000 1.0652959347 2.4856264591    0.739  2.990  3.5174  0.338    8  0.528  0.476    81.46    40.22  0 -9.08e-08      0.00 6.805e-01 2.997e-01 3.103e-03 1.526e-03 8.692e-03 -1.000 1.976e-02 -2.704 -4.680 -5.450 -5.849 -6.020 -5.777 -5.965 -6.046 -6.359 -10.837 -14.273 -5.982 -5.775 -6.156 -6.313
0.06 0.69525 10.00000 1.0652961731 2.4856264591    0.733  3.118  3.4958  0.120    8  0.528  0.476   130.57    60.25  0 -1.55e-07      0.00 6.805e-01 2.997e-01 3.103e-03 1.526e-03 8.692e-03 -1.000 1.976e-02 -3.026 -5.041 -5.868 -6.313 -6.501 -6.236 -6.453 -6.531 -6.940 -11.388 -14.833 -6.440 -6.236 -6.718 -6.899
0.06 0.69525 10.00000 1.0652964115 2.4856264591    0.726  3.265  3.4707 -0.131    8  0.529  0.476   224.61    95.85  0 -2.82e-07      0.01 6.805e-01 2.997e-01 3.103e-03 1.526e-03 8.692e-03 -1.000 1.976e-02 -3.394 -5.422 -6.338 -6.829 -7.039 -6.764 -6.999 -7.078 -7.678 -12.078 -15.537 -6.935 -6.763 -7.426 -7.642
0.06 0.69525 10.00000 1.0652967691 2.4856266975    0.718  3.382  3.4502 -0.335    8  0.529  0.476   348.93   139.45  0 -4.52e-07      0.03 6.805e-01 2.997e-01 3.103e-03 1.526e-03 8.692e-03 -1.000 1.976e-02 -3.686 -5.702 -6.699 -7.216 -7.444 -7.185 -7.419 -7.509 -8.336 -12.695 -16.171 -7.292 -7.180 -8.048 -8.305
0.06 0.69525 10.00000 1.0652972460 2.4856266975    0.709  3.456  3.4370 -0.467    8  0.529  0.476   464.11   177.19  0 -6.15e-07      0.05 6.805e-01 2.997e-01 3.103e-03 1.526e-03 8.692e-03 -1.000 1.976e-02 -3.869 -5.875 -6.915 -7.447 -7.697 -7.460 -7.691 -7.800 -8.788 -13.119 -16.607 -7.518 -7.452 -8.476 -8.761
0.06 0.69525 10.00000 1.0652977228 2.4856266975    0.699  3.492  3.4302 -0.537    8  0.530  0.476   540.86   200.54  0 -7.35e-07      0.06 6.805e-01 2.997e-01 3.103e-03 1.526e-03 8.692e-03 -1.000 1.976e-02 -3.961 -5.957 -7.020 -7.563 -7.832 -7.608 -7.841 -7.966 -9.062 -13.374 -16.871 -7.640 -7.598 -8.732 -9.036
0.06 0.69525 10.00000 1.0652981997 2.4856269360    0.687  3.508  3.4276 -0.570    8  0.530  0.476   582.44   211.62  0 -8.21e-07      0.08 6.805e-01 2.997e-01 3.103e-03 1.526e-03 8.692e-03 -1.000 1.976e-02 -4.001 -5.989 -7.061 -7.611 -7.891 -7.675 -7.910 -8.047 -9.223 -13.522 -17.025 -7.694 -7.664 -8.880 -9.199
0.06 0.69525 10.00000 1.0652987957 2.4856269360    0.675  3.517  3.4600 -0.458    8  0.531  0.476   457.82   169.77  0 -1.05e-06      0.12 6.805e-01 2.997e-01 3.103e-03 1.526e-03 8.692e-03 -1.000 1.976e-02 -4.022 -5.981 -6.970 -7.517 -7.819 -7.601 -7.874 -8.066 -9.524 -13.768 -17.296 -7.693 -7.587 -9.154 -9.507
0.06 0.69525 10.00000 1.0652987957 2.4856269360    0.674  3.306  3.4660 -0.224    8  0.531  0.476   276.44   109.66  0 -4.21e-07      0.03 6.805e-01 2.997e-01 3.103e-03 1.526e-03 8.692e-03 -1.000 1.976e-02 -3.496 -5.517 -6.453 -6.957 -7.184 -6.921 -7.161 -7.262 -8.077 -12.429 -15.908 -7.070 -6.917 -7.800 -8.048
0.06 0.69525 10.00000 1.0652989149 2.4856269360    0.671  3.130  3.4991  0.083    8  0.531  0.476   142.86    61.79  0 -2.19e-07      0.01 6.805e-01 2.997e-01 3.103e-03 1.526e-03 8.692e-03 -1.000 1.976e-02 -3.056 -5.066 -5.879 -6.322 -6.516 -6.260 -6.477 -6.568 -7.097 -11.514 -14.971 -6.461 -6.258 -6.862 -7.059
0.06 0.69525 10.00000 1.0652990341 2.4856269360    0.666  2.993  3.5263  0.326    8  0.531  0.476    84.71    39.13  0 -1.31e-07      0.00 6.805e-01 2.997e-01 3.103e-03 1.526e-03 8.692e-03 -1.000 1.976e-02 -2.713 -4.667 -5.414 -5.798 -5.969 -5.736 -5.914 -6.005 -6.403 -10.856 -14.302 -5.935 -5.733 -6.193 -6.360
0.06 0.69525 10.00000 1.0652992725 2.4856269360    0.660  3.037  3.5208  0.255    8  0.532  0.476    98.78    44.35  0 -1.62e-07      0.01 6.805e-01 2.997e-01 3.103e-03 1.526e-03 8.692e-03 -1.000 1.976e-02 -2.823 -4.792 -5.548 -5.945 -6.122 -5.887 -6.073 -6.168 -6.615 -11.056 -14.506 -6.086 -5.885 -6.397 -6.574
0.06 0.69525 10.00000 1.0652995110 2.4856271744    0.651  3.164  3.4997  0.038    8  0.532  0.476   158.20    65.93  0 -2.81e-07      0.01 6.805e-01 2.997e-01 3.103e-03 1.526e-03 8.692e-03 -1.000 1.976e-02 -3.140 -5.148 -5.956 -6.403 -6.605 -6.356 -6.576 -6.681 -7.335 -11.723 -15.192 -6.551 -6.353 -7.085 -7.301
0.06 0.69525 10.00000 1.0652997494 2.4856271744    0.641  3.309  3.4754 -0.211    8  0.532  0.476   272.06   103.89  0 -5.19e-07      0.04 6.805e-01 2.997e-01 3.103e-03 1.526e-03 8.692e-03 -1.000 1.976e-02 -3.503 -5.515 -6.415 -6.916 -7.157 -6.907 -7.155 -7.286 -8.275 -12.590 -16.085 -7.064 -6.902 -7.980 -8.250
0.06 0.69525 10.00000 1.0653001070 2.4856271744    0.629  3.425  3.4577 -0.406    8  0.533  0.476   417.38   147.66  0 -8.63e-07      0.09 6.805e-01 2.997e-01 3.103e-03 1.526e-03 8.692e-03 -1.000 1.976e-02 -3.793 -5.770 -6.759 -7.297 -7.577 -7.347 -7.609 -7.775 -9.100 -13.362 -16.881 -7.446 -7.336 -8.752 -9.081
0.06 0.69525 10.00000 1.0653005838 2.4856271744    0.615  3.498  3.4505 -0.518    8  0.533  0.476   535.86   178.82  0 -1.24e-06      0.21 6.805e-01 2.997e-01 3.103e-03 1.526e-03 8.692e-03 -1.000 1.976e-02 -3.976 -5.867 -6.921 -7.507 -7.873 -7.692 -7.982 -8.231 -9.965 -14.188 -17.733 -7.721 -7.670 -9.528 -9.950
0.06 0.69525 10.00000 1.0653010607 2.4856274128    0.600  3.536  3.4540 -0.552    8  0.534  0.476   585.86   186.78  0 -1.62e-06      0.31 6.805e-01 2.997e-01 3.103e-03 1.526e-03 8.692e-03 -1.000 1.976e-02 -4.071 -5.893 -6.965 -7.582 -8.008 -7.856 -8.169 -8.465 -10.340 -14.559 -18.113 -7.862 -7.827 -9.852 -10.323
0.06 0.69525 10.00000 1.0653015375 2.4856274128    0.583  3.554  3.4663 -0.533    8  0.534  0.476   575.21   175.15  0 -2.02e-06      0.39 6.805e-01 2.997e-01 3.103e-03 1.526e-03 8.692e-03 -1.000 1.976e-02 -4.115 -5.883 -6.931 -7.568 -8.056 -7.943 -8.285 -8.643 -10.655 -14.871 -18.435 -7.937 -7.906 -10.123 -10.638
0.06 0.69525 10.00000 1.0653021336 2.4856276512    0.566  3.565  3.5306 -0.300    8  0.535  0.476   362.10   108.62  0 -2.84e-06      0.47 6.805e-01 2.997e-01 3.103e-03 1.526e-03 8.692e-03 -1.000 1.976e-02 -4.143 -5.781 -6.652 -7.245 -7.860 -7.949 -8.272 -8.780 -11.077 -15.306 -18.880 -7.797 -7.884 -10.466 -11.057
0.06 0.69525 10.00000 1.0653029680 2.4856276512    0.535 -9.999  4.0000  1.821    9  0.536  0.000     0.00     0.00 -1    -1e-30      0.00 6.805e-01 2.997e-01 3.103e-03 1.526e-03 8.692e-03 -1.000 1.976e-02 29.767 30.002 30.035 30.050 30.061 30.062 30.068 30.074 29.601 29.955 30.025 30.059 30.063 29.670 29.783
#isochrone terminated
