# File generated by CMD 3.3 (http://stev.oapd.inaf.it/cmd) on Thu Sep 19 14:15:06 CEST 2019
# isochrones based on PARSEC release v1.2S +  COLIBRI S_35
# Basic references: Bressan et al. (2012), MNRAS, 427, 127 + Chen et al. (2014, 2015), MNRAS, 444, 2525 + MNRAS, 452, 1068 + Tang et al. (2014), MNRAS, 445, 4287 + Marigo et al. (2017), ApJ, 835, 77 + Pastorelli al. (2019), MNRAS in press
# Thermal pulse cycles included 
# On RGB, assumed Reimers mass loss with efficiency eta=0.2
# Photometric system:  2MASS + Spitzer (IRAC+MIPS) + WISE
# Using YBC version of bolometric corrections as in Chen et al. (2019)
# O-rich circumstellar dpmod60alox40 dust from Groenewegen (2006)
# C-rich circumstellar AMCSIC15 dust from Groenewegen (2006)
# IMF: Kroupa (2001, 2002) + Kroupa et al. (2013) canonical two-part-power law IMF corrected for unresolved binaries 
# Kind of output: isochrone tables
# Zini     MH   logAge Mini        int_IMF         Mass   logL    logTe  logg  label   McoreTP C_O  period0 period1 pmode  Mloss  tau1m   X   Y   Xc  Xn  Xo  Cexcess  Z 	 mbolmag  Jmag    Hmag    Ksmag   IRAC_3.6mag  IRAC_4.5mag  IRAC_5.8mag  IRAC_8.0mag  MIPS_24mag  MIPS_70mag  MIPS_160mag  W1mag   W2mag   W3mag   W4mag
0.0152 0.01508 10.00000 0.0900000036 1.0816895962    0.090 -3.423  3.3625  5.217    1  0.000  0.545     0.00     0.00 -1  -3.9e-17      0.00 7.080e-01 2.767e-01 2.746e-03 7.408e-04 6.719e-03 -1.000 1.527e-02 13.327 11.191 10.593 10.331 9.871 9.823 9.761 9.659 9.029 9.005 8.955 10.041 9.837 9.588 9.219
0.0152 0.01508 10.00000 0.1000000015 1.1711064577    0.100 -3.240  3.3884  5.184    1  0.000  0.545     0.00     0.00 -1 -2.59e-17      0.00 7.076e-01 2.771e-01 2.746e-03 7.408e-04 6.719e-03 -1.000 1.527e-02 12.871 10.736 10.139 9.874 9.415 9.364 9.303 9.201 8.571 8.547 8.498 9.584 9.378 9.130 8.761
0.0152 0.01508 10.00000 0.1077039689 1.2324166298    0.108 -3.133  3.4026  5.165    1  0.000  0.545     0.00     0.00 -1 -4.21e-17      0.00 7.072e-01 2.775e-01 2.746e-03 7.408e-04 6.719e-03 -1.000 1.527e-02 12.601 10.467 9.870 9.604 9.146 9.093 9.031 8.930 8.300 8.276 8.228 9.315 9.107 8.859 8.490
0.0152 0.01508 10.00000 0.1200000122 1.3193155527    0.120 -2.975  3.4232  5.137    1  0.000  0.545     0.00     0.00 -1 -1.04e-16      0.00 7.067e-01 2.780e-01 2.746e-03 7.408e-04 6.719e-03 -1.000 1.527e-02 12.209 10.090 9.494 9.223 8.777 8.717 8.657 8.561 7.938 7.914 7.875 8.940 8.730 8.495 8.128
0.0152 0.01508 10.00000 0.1400000006 1.4384527206    0.140 -2.792  3.4435  5.102    1  0.000  0.545     0.00     0.00 -1 -1.53e-16      0.00 7.060e-01 2.788e-01 2.746e-03 7.408e-04 6.719e-03 -1.000 1.527e-02 11.749 9.679 9.083 8.811 8.404 8.329 8.274 8.195 7.594 7.572 7.565 8.549 8.340 8.144 7.784
0.0152 0.01508 10.00000 0.1496137679 1.4881080389    0.150 -2.721  3.4502  5.087    1  0.000  0.545     0.00     0.00 -1 -1.77e-16      0.00 7.056e-01 2.791e-01 2.746e-03 7.408e-04 6.719e-03 -1.000 1.527e-02 11.573 9.519 8.923 8.652 8.257 8.178 8.124 8.051 7.456 7.435 7.439 8.397 8.188 8.005 7.646
0.0152 0.01508 10.00000 0.1599999964 1.5372931957    0.160 -2.650  3.4571  5.073    1  0.000  0.545     0.00     0.00 -1 -2.05e-16      0.00 7.053e-01 2.794e-01 2.746e-03 7.408e-04 6.719e-03 -1.000 1.527e-02 11.395 9.359 8.762 8.493 8.109 8.025 7.972 7.902 7.314 7.295 7.314 8.243 8.034 7.862 7.504
0.0152 0.01508 10.00000 0.2000000030 1.6938791275    0.200 -2.430  3.4758  5.025    1  0.000  0.545     0.00     0.00 -1 -3.21e-16      0.00 7.042e-01 2.806e-01 2.746e-03 7.408e-04 6.719e-03 -1.000 1.527e-02 10.846 8.855 8.259 7.996 7.644 7.553 7.503 7.443 6.871 6.860 6.912 7.763 7.559 7.417 7.060
0.0152 0.01508 10.00000 0.2500000000 1.8403258324    0.250 -2.217  3.4921  4.974    1  0.000  0.545     0.00     0.00 -1 -3.89e-17      0.00 7.033e-01 2.814e-01 2.746e-03 7.408e-04 6.719e-03 -1.000 1.527e-02 10.314 8.364 7.766 7.512 7.187 7.090 7.041 6.986 6.424 6.429 6.511 7.292 7.095 6.973 6.614
0.0152 0.01508 10.00000 0.3000000119 1.9529139996    0.300 -2.052  3.5027  4.930    1  0.000  0.545     0.00     0.00 -1 -1.13e-17      0.00 7.030e-01 2.817e-01 2.746e-03 7.408e-04 6.719e-03 -1.000 1.527e-02 9.900 7.976 7.375 7.129 6.823 6.728 6.680 6.630 6.077 6.091 6.185 6.922 6.733 6.624 6.266
0.0152 0.01508 10.00000 0.3493747115 2.0423915386    0.349 -1.906  3.5113  4.885    1  0.000  0.545     0.00     0.00 -1 -2.32e-16      0.00 7.088e-01 2.759e-01 2.746e-03 7.408e-04 6.719e-03 -1.000 1.527e-02 9.536 7.632 7.027 6.787 6.497 6.406 6.359 6.312 5.766 5.788 5.891 6.591 6.410 6.311 5.956
0.0152 0.01508 10.00000 0.3500000238 2.0434176922    0.350 -1.905  3.5114  4.884    1  0.000  0.545     0.00     0.00 -1 -2.34e-16      0.00 7.089e-01 2.759e-01 2.746e-03 7.408e-04 6.719e-03 -1.000 1.527e-02 9.532 7.628 7.023 6.782 6.493 6.402 6.355 6.308 5.762 5.785 5.887 6.587 6.406 6.307 5.952
0.0152 0.01508 10.00000 0.3668254614 2.0701627731    0.367 -1.854  3.5153  4.870    1  0.000  0.545     0.00     0.00 -1 -4.02e-16      0.00 7.089e-01 2.758e-01 2.746e-03 7.408e-04 6.719e-03 -1.000 1.527e-02 9.405 7.510 6.904 6.665 6.384 6.295 6.248 6.202 5.660 5.686 5.792 6.475 6.299 6.203 5.849
0.0152 0.01508 10.00000 0.4000000358 2.1185026169    0.400 -1.760  3.5225  4.842    1  0.000  0.545     0.00     0.00 -1 -1.31e-15      0.00 7.091e-01 2.756e-01 2.746e-03 7.408e-04 6.719e-03 -1.000 1.527e-02 9.171 7.294 6.683 6.449 6.181 6.098 6.051 6.006 5.471 5.506 5.618 6.268 6.102 6.013 5.661
0.0152 0.01508 10.00000 0.4500000477 2.1822810173    0.450 -1.610  3.5350  4.793    1  0.000  0.545     0.00     0.00 -1 -1.85e-15      0.00 7.092e-01 2.755e-01 2.746e-03 7.408e-04 6.719e-03 -1.000 1.527e-02 8.795 6.950 6.330 6.102 5.858 5.788 5.741 5.699 5.177 5.226 5.345 5.937 5.792 5.712 5.366
0.0152 0.01508 10.00000 0.5000000000 2.2374541759    0.500 -1.451  3.5504  4.742    1  0.000  0.545     0.00     0.00 -1 -2.68e-15      0.00 7.092e-01 2.755e-01 2.746e-03 7.408e-04 6.719e-03 -1.000 1.527e-02 8.398 6.592 5.961 5.740 5.524 5.474 5.426 5.384 4.881 4.948 5.073 5.591 5.478 5.407 5.071
0.0152 0.01508 10.00000 0.5500000119 2.2836582661    0.550 -1.273  3.5707  4.686    1  0.000  0.545     0.00     0.00 -1  -4.1e-15      0.00 7.319e-01 2.540e-01 2.545e-03 6.868e-04 6.231e-03 -1.000 1.417e-02 7.952 6.203 5.556 5.349 5.164 5.145 5.094 5.045 4.569 4.661 4.788 5.215 5.148 5.080 4.759
0.0152 0.01508 10.00000 0.6000000238 2.3211214542    0.600 -1.098  3.5958  4.649    1  0.000  0.544     0.00     0.00 -1 -6.13e-15      0.00 7.352e-01 2.507e-01 2.517e-03 6.796e-04 6.166e-03 -1.000 1.404e-02 7.515 5.833 5.165 4.989 4.852 4.866 4.817 4.759 4.314 4.428 4.552 4.882 4.870 4.807 4.503
0.0152 0.01508 10.00000 0.6499999762 2.3520355225    0.650 -0.919  3.6267  4.628    1  0.000  0.544     0.00     0.00 -1 -9.12e-15      0.00 7.383e-01 2.478e-01 2.492e-03 6.729e-04 6.107e-03 -1.000 1.389e-02 7.066 5.456 4.792 4.659 4.582 4.629 4.590 4.533 4.115 4.245 4.370 4.596 4.634 4.592 4.304
0.0152 0.01508 10.00000 0.6599112749 2.3575270176    0.660 -0.883  3.6331  4.625    1  0.000  0.544     0.00     0.00 -1 -9.87e-15      0.00 7.389e-01 2.472e-01 2.488e-03 6.716e-04 6.095e-03 -1.000 1.387e-02 6.977 5.383 4.724 4.601 4.534 4.587 4.550 4.494 4.080 4.212 4.338 4.546 4.592 4.555 4.269
0.0152 0.01508 10.00000 0.7000000477 2.3779268265    0.700 -0.743  3.6579  4.610    1  0.000  0.544     0.00     0.00 -1 -1.34e-14      0.00 7.412e-01 2.450e-01 2.469e-03 6.666e-04 6.050e-03 -1.000 1.378e-02 6.628 5.103 4.497 4.399 4.359 4.416 4.389 4.339 3.929 4.066 4.195 4.364 4.421 4.401 4.117
0.0152 0.01508 10.00000 0.7199136615 2.3870944977    0.720 -0.674  3.6700  4.601    1  0.000  0.541     0.00     0.00 -1 -1.57e-14      0.00 7.425e-01 2.438e-01 2.444e-03 6.634e-04 6.025e-03 -1.000 1.370e-02 6.456 4.966 4.398 4.308 4.272 4.326 4.302 4.256 3.845 3.985 4.115 4.276 4.330 4.317 4.034
0.0152 0.01508 10.00000 0.7426754832 2.3968837261    0.743 -0.596  3.6833  4.590    1  0.000  0.538     0.00     0.00 -1 -1.87e-14      0.00 7.440e-01 2.423e-01 2.417e-03 6.597e-04 5.996e-03 -1.000 1.365e-02 6.261 4.813 4.291 4.207 4.173 4.221 4.200 4.159 3.748 3.889 4.020 4.176 4.225 4.220 3.937
0.0152 0.01508 10.00000 0.7500000000 2.3998889923    0.750 -0.571  3.6875  4.586    1  0.000  0.537     0.00     0.00 -1 -1.98e-14      0.00 7.445e-01 2.419e-01 2.409e-03 6.585e-04 5.986e-03 -1.000 1.359e-02 6.198 4.764 4.254 4.172 4.140 4.186 4.167 4.126 3.717 3.858 3.990 4.142 4.191 4.188 3.906
0.0152 0.01508 10.00000 0.7583735585 2.4032430649    0.758 -0.544  3.6915  4.579    1  0.000  0.536     0.00     0.00 -1 -2.11e-14      0.00 7.453e-01 2.412e-01 2.403e-03 6.568e-04 5.971e-03 -1.000 1.353e-02 6.129 4.707 4.210 4.130 4.099 4.144 4.126 4.086 3.677 3.819 3.951 4.101 4.148 4.148 3.866
0.0152 0.01508 10.00000 0.7776705623 2.4106569290    0.777 -0.480  3.7006  4.563    1  0.000  0.536     0.00     0.00 -1 -2.47e-14      0.00 7.470e-01 2.395e-01 2.388e-03 6.530e-04 5.937e-03 -1.000 1.349e-02 5.969 4.579 4.109 4.035 4.005 4.046 4.030 3.993 3.584 3.726 3.858 4.007 4.050 4.055 3.773
0.0152 0.01508 10.00000 0.7952715158 2.4170596600    0.795 -0.422  3.7088  4.547    1  0.000  0.536     0.00     0.00 -1 -2.84e-14      0.00 7.486e-01 2.380e-01 2.375e-03 6.496e-04 5.906e-03 -1.000 1.341e-02 5.824 4.462 4.018 3.946 3.917 3.956 3.941 3.907 3.498 3.641 3.773 3.919 3.960 3.969 3.687
0.0152 0.01508 10.00000 0.8000000119 2.4187245369    0.800 -0.406  3.7109  4.542    1  0.000  0.536     0.00     0.00 -1 -2.95e-14      0.00 7.490e-01 2.376e-01 2.372e-03 6.487e-04 5.898e-03 -1.000 1.340e-02 5.785 4.431 3.992 3.921 3.893 3.931 3.917 3.883 3.475 3.617 3.750 3.895 3.935 3.945 3.664
0.0152 0.01508 10.00000 0.8115743399 2.4227061272    0.811 -0.367  3.7160  4.530    1  0.000  0.536     0.00     0.00 -1 -3.24e-14      0.00 7.502e-01 2.365e-01 2.362e-03 6.460e-04 5.874e-03 -1.000 1.335e-02 5.688 4.353 3.929 3.860 3.833 3.870 3.856 3.824 3.416 3.558 3.691 3.835 3.874 3.886 3.604
0.0152 0.01508 10.00000 0.8286699653 2.4283535480    0.828 -0.310  3.7232  4.511    1  0.000  0.536     0.00     0.00 -1 -3.75e-14      0.00 7.520e-01 2.347e-01 2.348e-03 6.421e-04 5.840e-03 -1.000 1.330e-02 5.545 4.237 3.832 3.767 3.741 3.776 3.763 3.733 3.324 3.467 3.600 3.743 3.779 3.795 3.513
0.0152 0.01508 10.00000 0.8440065980 2.4331967831    0.843 -0.258  3.7295  4.492    1  0.000  0.536     0.00     0.00 -1 -4.27e-14      0.00 7.536e-01 2.332e-01 2.335e-03 6.386e-04 5.809e-03 -1.000 1.323e-02 5.416 4.131 3.743 3.680 3.655 3.688 3.676 3.647 3.239 3.382 3.515 3.657 3.691 3.709 3.427
0.0152 0.01508 10.00000 0.8500000238 2.4350347519    0.849 -0.238  3.7319  4.485    1  0.000  0.536     0.00     0.00 -1  -4.5e-14      0.00 7.542e-01 2.326e-01 2.330e-03 6.373e-04 5.797e-03 -1.000 1.320e-02 5.365 4.090 3.709 3.647 3.622 3.655 3.643 3.615 3.206 3.350 3.483 3.624 3.658 3.677 3.395
0.0152 0.01508 10.00000 0.8506687880 2.4352381229    0.850 -0.236  3.7321  4.484    1  0.000  0.536     0.00     0.00 -1 -4.52e-14      0.00 7.543e-01 2.325e-01 2.329e-03 6.371e-04 5.795e-03 -1.000 1.319e-02 5.359 4.085 3.705 3.643 3.619 3.651 3.639 3.611 3.203 3.346 3.479 3.620 3.654 3.673 3.392
0.0152 0.01508 10.00000 0.8669279218 2.4400689602    0.866 -0.179  3.7381  4.460    1  0.000  0.536     0.00     0.00 -1 -5.24e-14      0.00 7.563e-01 2.306e-01 2.312e-03 6.326e-04 5.754e-03 -1.000 1.312e-02 5.219 3.970 3.604 3.546 3.524 3.555 3.544 3.518 3.110 3.253 3.387 3.525 3.557 3.580 3.299
0.0152 0.01508 10.00000 0.8824838400 2.4444997311    0.882 -0.125  3.7436  4.434    1  0.000  0.536     0.00     0.00 -1 -6.06e-14      0.00 7.583e-01 2.287e-01 2.296e-03 6.283e-04 5.716e-03 -1.000 1.296e-02 5.082 3.857 3.505 3.449 3.429 3.458 3.448 3.423 3.011 3.163 3.293 3.430 3.461 3.465 3.200
0.0152 0.01508 10.00000 0.8968155384 2.4484257698    0.896 -0.074  3.7483  4.409    1  0.000  0.536     0.00     0.00 -1 -6.97e-14      0.00 7.601e-01 2.270e-01 2.282e-03 6.244e-04 5.681e-03 -1.000 1.289e-02 4.954 3.750 3.409 3.356 3.337 3.364 3.354 3.331 2.912 3.076 3.201 3.338 3.366 3.341 3.101
0.0152 0.01508 10.00000 0.9000000358 2.4492788315    0.899 -0.062  3.7493  4.403    1  0.000  0.535     0.00     0.00 -1 -7.19e-14      0.00 7.605e-01 2.267e-01 2.279e-03 6.235e-04 5.673e-03 -1.000 1.288e-02 4.925 3.725 3.386 3.334 3.315 3.342 3.332 3.309 2.890 3.055 3.180 3.316 3.344 3.313 3.078
0.0152 0.01508 10.00000 0.9123089910 2.4525110722    0.911 -0.017  3.7528  4.377    1  0.000  0.535     0.00     0.00 -1 -8.16e-14      0.00 7.623e-01 2.248e-01 2.263e-03 6.194e-04 5.636e-03 -1.000 1.284e-02 4.811 3.628 3.297 3.247 3.229 3.254 3.244 3.223 2.799 2.973 3.094 3.230 3.256 3.204 2.987
0.0152 0.01508 10.00000 0.9294092059 2.4568386078    0.928  0.047  3.7570  4.339    1  0.000  0.535     0.00     0.00 -1 -9.78e-14      0.00 7.649e-01 2.224e-01 2.242e-03 6.138e-04 5.587e-03 -1.000 1.272e-02 4.652 3.488 3.167 3.119 3.102 3.125 3.116 3.096 2.667 2.852 2.968 3.102 3.127 3.050 2.854
0.0152 0.01508 10.00000 0.9448647499 2.4605951309    0.944  0.104  3.7599  4.300    1  0.000  0.535     0.00     0.00 -1 -1.16e-13      0.00 7.668e-01 2.206e-01 2.227e-03 6.097e-04 5.550e-03 -1.000 1.259e-02 4.509 3.358 3.044 2.997 2.981 3.003 2.994 2.975 2.542 2.735 2.848 2.981 3.005 2.910 2.729
0.0152 0.01508 10.00000 0.9500000477 2.4618122578    0.949  0.125  3.7607  4.285    1  0.000  0.535     0.00     0.00 -1 -1.23e-13      0.00 7.668e-01 2.206e-01 2.228e-03 6.099e-04 5.551e-03 -1.000 1.260e-02 4.458 3.311 2.999 2.952 2.936 2.958 2.949 2.930 2.497 2.691 2.804 2.937 2.960 2.860 2.684
0.0152 0.01508 10.00000 0.9568482041 2.4634120464    0.956  0.153  3.7618  4.265    1  0.000  0.535     0.00     0.00 -1 -1.34e-13      0.00 7.670e-01 2.204e-01 2.227e-03 6.096e-04 5.550e-03 -1.000 1.261e-02 4.388 3.246 2.937 2.890 2.875 2.896 2.887 2.869 2.434 2.631 2.743 2.875 2.898 2.792 2.621
0.0152 0.01508 10.00000 0.9585533142 2.4638063908    0.957  0.160  3.7620  4.259    1  0.000  0.535     0.00     0.00 -1 -1.37e-13      0.00 7.669e-01 2.205e-01 2.227e-03 6.098e-04 5.551e-03 -1.000 1.262e-02 4.370 3.230 2.920 2.874 2.859 2.880 2.871 2.853 2.418 2.616 2.727 2.859 2.882 2.775 2.605
0.0152 0.01508 10.00000 0.9680970907 2.4659833908    0.967  0.201  3.7628  4.225    1  0.000  0.535     0.00     0.00 -1 -1.56e-13      0.00 7.662e-01 2.211e-01 2.234e-03 6.117e-04 5.568e-03 -1.000 1.269e-02 4.267 3.130 2.823 2.777 2.762 2.783 2.774 2.756 2.320 2.520 2.630 2.762 2.785 2.673 2.507
0.0152 0.01508 10.00000 0.9755672216 2.4676535130    0.975  0.234  3.7628  4.196    1  0.000  0.535     0.00     0.00 -1 -1.73e-13      0.00 7.654e-01 2.219e-01 2.243e-03 6.142e-04 5.591e-03 -1.000 1.273e-02 4.184 3.048 2.741 2.695 2.679 2.701 2.692 2.674 2.238 2.438 2.548 2.680 2.702 2.590 2.425
0.0152 0.01508 10.00000 0.9840705991 2.4695188999    0.983  0.273  3.7621  4.158    1  0.000  0.535     0.00     0.00 -1 -1.97e-13      0.00 7.635e-01 2.236e-01 2.263e-03 6.195e-04 5.640e-03 -1.000 1.284e-02 4.086 2.947 2.639 2.593 2.577 2.599 2.590 2.571 2.136 2.334 2.445 2.578 2.601 2.492 2.323
0.0152 0.01508 10.00000 0.9897478223 2.4707438946    0.989  0.300  3.7610  4.129    1  0.000  0.535     0.00     0.00 -1 -2.16e-13      0.00 7.618e-01 2.253e-01 2.280e-03 6.244e-04 5.684e-03 -1.000 1.290e-02 4.019 2.875 2.564 2.518 2.502 2.524 2.515 2.496 2.062 2.258 2.370 2.503 2.526 2.424 2.249
0.0152 0.01508 10.00000 0.9916135669 2.4711430073    0.991  0.309  3.7605  4.119    2  0.000  0.535     0.00     0.00 -1 -2.24e-13      0.00 7.604e-01 2.265e-01 2.293e-03 6.280e-04 5.717e-03 -1.000 1.303e-02 3.997 2.850 2.538 2.491 2.475 2.498 2.488 2.469 2.036 2.230 2.343 2.476 2.500 2.401 2.223
0.0152 0.01508 10.00000 0.9992115498 2.4727504253    0.998  0.346  3.7568  4.071    2  0.000  0.535     0.00     0.00 -1 -2.55e-13      0.00 7.543e-01 2.323e-01 2.350e-03 6.435e-04 5.858e-03 -1.000 1.334e-02 3.905 2.743 2.422 2.373 2.356 2.380 2.371 2.350 1.921 2.106 2.222 2.357 2.382 2.305 2.109
0.0152 0.01508 10.00000 1.0000000000 2.4729156494    0.999  0.349  3.7560  4.064    2  0.000  0.535     0.00     0.00 -1 -2.59e-13      0.00 7.534e-01 2.332e-01 2.358e-03 6.457e-04 5.878e-03 -1.000 1.339e-02 3.897 2.730 2.408 2.358 2.341 2.366 2.356 2.335 1.908 2.090 2.207 2.342 2.368 2.296 2.095
0.0152 0.01508 10.00000 1.0062853098 2.4742217064    1.005  0.377  3.7489  4.011    2  0.000  0.535     0.00     0.00 -1  -2.9e-13      0.00 7.453e-01 2.409e-01 2.427e-03 6.645e-04 6.047e-03 -1.000 1.375e-02 3.828 2.630 2.290 2.237 2.218 2.246 2.236 2.212 1.793 1.958 2.082 2.219 2.249 2.219 1.981
0.0152 0.01508 10.00000 1.0105534792 2.4750981331    1.009  0.388  3.7396  3.965    2  0.000  0.536     0.00     0.00 -1 -3.12e-13      0.00 7.380e-01 2.480e-01 2.486e-03 6.803e-04 6.188e-03 -1.000 1.407e-02 3.800 2.564 2.201 2.144 2.123 2.155 2.145 2.117 1.709 1.852 1.985 2.124 2.158 2.180 1.898
0.0152 0.01508 10.00000 1.0134459734 2.4756872654    1.012  0.388  3.7291  3.923    2  0.000  0.536     0.00     0.00 -1 -3.27e-13      0.00 7.322e-01 2.535e-01 2.531e-03 6.923e-04 6.296e-03 -1.000 1.433e-02 3.799 2.521 2.130 2.068 2.044 2.080 2.068 2.037 1.628 1.771 1.904 2.046 2.083 2.099 1.817
0.0152 0.01508 10.00000 1.0154302120 2.4760892391    1.014  0.388  3.7192  3.885    2  0.000  0.536     0.00     0.00 -1  -3.4e-13      0.00 7.280e-01 2.575e-01 2.563e-03 7.006e-04 6.370e-03 -1.000 1.445e-02 3.799 2.483 2.065 1.999 1.972 2.010 1.998 1.963 1.554 1.697 1.829 1.974 2.014 2.025 1.743
0.0152 0.01508 10.00000 1.0172933340 2.4764649868    1.016  0.399  3.7096  3.836    2  0.000  0.537     0.00     0.00 -1 -3.67e-13      0.00 7.242e-01 2.611e-01 2.589e-03 7.078e-04 6.433e-03 -1.000 1.463e-02 3.772 2.421 1.975 1.904 1.875 1.916 1.902 1.864 1.455 1.597 1.729 1.877 1.920 1.926 1.644
0.0152 0.01508 10.00000 1.0191289186 2.4768335819    1.018  0.429  3.7015  3.774    2  0.000  0.537     0.00     0.00 -1 -4.19e-13      0.00 7.205e-01 2.647e-01 2.612e-03 7.139e-04 6.487e-03 -1.000 1.476e-02 3.696 2.317 1.848 1.773 1.741 1.785 1.770 1.729 1.319 1.460 1.592 1.743 1.789 1.790 1.508
0.0152 0.01508 10.00000 1.0201272964 2.4770333767    1.019  0.454  3.6980  3.736    2  0.000  0.537     0.00     0.00 -1 -4.62e-13      0.00 7.185e-01 2.667e-01 2.623e-03 7.169e-04 6.514e-03 -1.000 1.479e-02 3.635 2.244 1.764 1.687 1.654 1.699 1.684 1.641 1.231 1.372 1.503 1.657 1.704 1.702 1.420
0.0152 0.01508 10.00000 1.0215713978 2.4773216248    1.020  0.505  3.6946  3.673    3  0.000  0.537     0.00     0.00 -1 -5.56e-13      0.00 7.152e-01 2.699e-01 2.635e-03 7.206e-04 6.545e-03 -1.000 1.486e-02 3.509 2.106 1.615 1.537 1.503 1.549 1.533 1.489 1.078 1.219 1.350 1.505 1.553 1.549 1.267
0.0152 0.01508 10.00000 1.0228266716 2.4775714874    1.021  0.556  3.6923  3.613    3  0.000  0.535     0.00     0.00 -1 -6.69e-13      0.00 7.120e-01 2.731e-01 2.634e-03 7.262e-04 6.567e-03 -1.000 1.493e-02 3.380 1.970 1.472 1.393 1.357 1.405 1.388 1.343 0.932 1.073 1.204 1.360 1.409 1.403 1.121
0.0152 0.01508 10.00000 1.0237306356 2.4777510166    1.022  0.597  3.6910  3.566    3  0.000  0.530     0.00     0.00 -1 -7.75e-13      0.00 7.092e-01 2.758e-01 2.616e-03 7.415e-04 6.581e-03 -1.000 1.498e-02 3.277 1.862 1.360 1.280 1.244 1.292 1.275 1.229 0.818 0.959 1.089 1.247 1.296 1.289 1.007
0.0152 0.01508 10.00000 1.0245987177 2.4779229164    1.023  0.641  3.6898  3.518    3  0.000  0.521     0.00     0.00 -1 -9.02e-13      0.00 7.064e-01 2.785e-01 2.575e-03 7.804e-04 6.594e-03 -1.000 1.502e-02 3.169 1.751 1.245 1.164 1.127 1.176 1.159 1.112 0.701 0.842 0.972 1.130 1.180 1.172 0.889
0.0152 0.01508 10.00000 1.0254149437 2.4780843258    1.024  0.684  3.6886  3.470    3  0.000  0.508     0.00     0.00 -1 -1.05e-12      0.00 7.038e-01 2.811e-01 2.516e-03 8.457e-04 6.603e-03 -1.000 1.503e-02 3.059 1.637 1.128 1.047 1.009 1.058 1.041 0.993 0.582 0.723 0.854 1.013 1.063 1.054 0.771
0.0152 0.01508 10.00000 1.0261753798 2.4782345295    1.025  0.729  3.6876  3.422    3  0.000  0.495     0.00     0.00 -1 -1.23e-12      0.00 7.014e-01 2.835e-01 2.453e-03 9.225e-04 6.610e-03 -1.000 1.506e-02 2.949 1.524 1.011 0.929 0.891 0.941 0.923 0.874 0.463 0.605 0.736 0.894 0.946 0.935 0.652
0.0152 0.01508 10.00000 1.0268266201 2.4783627987    1.025  0.769  3.6866  3.378    3  0.000  0.484     0.00     0.00 -1 -1.42e-12      0.00 6.993e-01 2.856e-01 2.400e-03 9.900e-04 6.616e-03 -1.000 1.508e-02 2.847 1.418 0.903 0.821 0.782 0.832 0.815 0.765 0.353 0.495 0.627 0.785 0.838 0.825 0.542
0.0152 0.01508 10.00000 1.0274474621 2.4784851074    1.026  0.811  3.6855  3.332    3  0.000  0.475     0.00     0.00 -1 -1.65e-12      0.00 6.976e-01 2.873e-01 2.360e-03 1.041e-03 6.621e-03 -1.000 1.509e-02 2.742 1.310 0.792 0.708 0.669 0.720 0.702 0.651 0.239 0.382 0.514 0.672 0.726 0.711 0.428
0.0152 0.01508 10.00000 1.0280750990 2.4786083698    1.026  0.857  3.6842  3.281    3  0.000  0.468     0.00     0.00 -1 -1.94e-12      0.00 6.960e-01 2.889e-01 2.327e-03 1.083e-03 6.624e-03 -1.000 1.511e-02 2.627 1.191 0.669 0.585 0.544 0.597 0.579 0.526 0.114 0.258 0.391 0.548 0.603 0.586 0.303
0.0152 0.01508 10.00000 1.0286061764 2.4787127972    1.027  0.899  3.6830  3.234    3  0.000  0.464     0.00     0.00 -1 -2.25e-12      0.00 6.949e-01 2.900e-01 2.306e-03 1.112e-03 6.627e-03 -1.000 1.513e-02 2.523 1.082 0.557 0.472 0.430 0.484 0.466 0.412 -0.000 0.145 0.277 0.434 0.490 0.472 0.189
0.0152 0.01508 10.00000 1.0290813446 2.4788057804    1.027  0.940  3.6817  3.189    3  0.000  0.460     0.00     0.00 -1 -2.61e-12      0.00 6.940e-01 2.909e-01 2.290e-03 1.132e-03 6.629e-03 -1.000 1.513e-02 2.421 0.976 0.447 0.361 0.319 0.374 0.355 0.300 -0.112 0.034 0.167 0.323 0.380 0.360 0.077
0.0152 0.01508 10.00000 1.0295226574 2.4788923264    1.028  0.980  3.6804  3.144    3  0.000  0.458     0.00     0.00 -1 -3.01e-12      0.00 6.933e-01 2.916e-01 2.277e-03 1.149e-03 6.631e-03 -1.000 1.511e-02 2.321 0.871 0.339 0.252 0.209 0.265 0.246 0.189 -0.223 -0.076 0.058 0.213 0.271 0.249 -0.034
0.0152 0.01508 10.00000 1.0299593210 2.4789776802    1.028  1.023  3.6789  3.094    3  0.000  0.456     0.00     0.00 -1 -3.52e-12      0.00 6.928e-01 2.921e-01 2.268e-03 1.161e-03 6.632e-03 -1.000 1.512e-02 2.212 0.758 0.220 0.132 0.088 0.146 0.127 0.069 -0.343 -0.196 -0.062 0.092 0.152 0.128 -0.154
0.0152 0.01508 10.00000 1.0304344893 2.4790706635    1.028  1.075  3.6769  3.035    3  0.000  0.454     0.00     0.00 -1 -4.24e-12      0.00 6.923e-01 2.926e-01 2.261e-03 1.170e-03 6.633e-03 -1.000 1.513e-02 2.082 0.622 0.078 -0.011 -0.056 0.004 -0.016 -0.076 -0.488 -0.339 -0.204 -0.052 0.010 -0.016 -0.299
0.0152 0.01508 10.00000 1.0307823420 2.4791386127    1.029  1.117  3.6753  2.986    3  0.000  0.454     0.00     0.00 -1 -4.93e-12      0.00 6.921e-01 2.927e-01 2.258e-03 1.174e-03 6.634e-03 -1.000 1.513e-02 1.978 0.512 -0.037 -0.127 -0.173 -0.112 -0.132 -0.193 -0.605 -0.456 -0.321 -0.168 -0.105 -0.134 -0.416
0.0152 0.01508 10.00000 1.0310891867 2.4791984558    1.029  1.157  3.6736  2.940    3  0.000  0.453     0.00     0.00 -1 -5.69e-12      0.00 6.921e-01 2.928e-01 2.256e-03 1.176e-03 6.634e-03 -1.000 1.513e-02 1.879 0.408 -0.146 -0.237 -0.284 -0.222 -0.243 -0.305 -0.717 -0.568 -0.433 -0.279 -0.216 -0.245 -0.528
0.0152 0.01508 10.00000 1.0313726664 2.4792537689    1.029  1.196  3.6720  2.894    3  0.000  0.453     0.00     0.00 -1 -6.57e-12      0.00 6.920e-01 2.928e-01 2.255e-03 1.177e-03 6.634e-03 -1.000 1.513e-02 1.780 0.305 -0.254 -0.347 -0.395 -0.332 -0.353 -0.416 -0.828 -0.680 -0.545 -0.390 -0.325 -0.357 -0.639
0.0152 0.01508 10.00000 1.0317133665 2.4793200493    1.029  1.248  3.6697  2.834    3  0.000  0.453     0.00     0.00 -1 -7.93e-12      0.00 6.920e-01 2.928e-01 2.255e-03 1.178e-03 6.634e-03 -1.000 1.513e-02 1.651 0.169 -0.397 -0.492 -0.541 -0.477 -0.498 -0.563 -0.975 -0.827 -0.692 -0.536 -0.470 -0.503 -0.786
0.0152 0.01508 10.00000 1.0320152044 2.4793789387    1.030  1.298  3.6673  2.774    3  0.000  0.453     0.00     0.00 -1 -9.52e-12      0.00 6.920e-01 2.928e-01 2.255e-03 1.178e-03 6.634e-03 -1.000 1.514e-02 1.526 0.037 -0.536 -0.633 -0.683 -0.618 -0.639 -0.705 -1.118 -0.971 -0.836 -0.677 -0.611 -0.646 -0.929
0.0152 0.01508 10.00000 1.0322917700 2.4794328213    1.030  1.348  3.6649  2.715    3  0.000  0.453     0.00     0.00 -1 -1.14e-11      0.00 6.920e-01 2.929e-01 2.254e-03 1.178e-03 6.634e-03 -1.000 1.514e-02 1.401 -0.095 -0.675 -0.774 -0.825 -0.759 -0.781 -0.848 -1.262 -1.115 -0.980 -0.820 -0.752 -0.790 -1.073
0.0152 0.01508 10.00000 1.0325486660 2.4794826508    1.030  1.398  3.6624  2.655    3  0.000  0.453     0.00     0.00 -1 -1.37e-11      0.00 6.920e-01 2.929e-01 2.254e-03 1.179e-03 6.635e-03 -1.000 1.514e-02 1.276 -0.227 -0.815 -0.915 -0.968 -0.901 -0.923 -0.992 -1.406 -1.259 -1.125 -0.962 -0.894 -0.933 -1.217
0.0152 0.01508 10.00000 1.0327839851 2.4795284271    1.030  1.445  3.6600  2.598    3  0.000  0.453     0.00     0.00 -1 -1.64e-11      0.00 6.920e-01 2.929e-01 2.254e-03 1.179e-03 6.635e-03 -1.000 1.514e-02 1.157 -0.353 -0.948 -1.051 -1.104 -1.037 -1.059 -1.129 -1.544 -1.397 -1.263 -1.099 -1.030 -1.071 -1.355
0.0152 0.01508 10.00000 1.0330250263 2.4795753956    1.030  1.490  3.6577  2.544    3  0.000  0.453     0.00     0.00 -1 -1.93e-11      0.00 6.920e-01 2.929e-01 2.254e-03 1.180e-03 6.635e-03 -1.000 1.514e-02 1.045 -0.471 -1.074 -1.178 -1.233 -1.165 -1.187 -1.259 -1.674 -1.528 -1.394 -1.227 -1.157 -1.201 -1.485
0.0152 0.01508 10.00000 1.0332717896 2.4796233177    1.030  1.524  3.6559  2.502    3  0.000  0.453     0.00     0.00 -1  -2.2e-11      0.00 6.920e-01 2.929e-01 2.253e-03 1.180e-03 6.635e-03 -1.000 1.514e-02 0.959 -0.561 -1.170 -1.275 -1.331 -1.262 -1.285 -1.357 -1.773 -1.627 -1.493 -1.325 -1.254 -1.299 -1.584
0.0152 0.01508 10.00000 1.0334594250 2.4796595573    1.030  1.496  3.6579  2.539    3  0.000  0.453     0.00     0.00 -1    -2e-11      0.00 6.920e-01 2.929e-01 2.253e-03 1.180e-03 6.635e-03 -1.000 1.514e-02 1.031 -0.484 -1.086 -1.190 -1.245 -1.177 -1.199 -1.271 -1.686 -1.540 -1.406 -1.239 -1.169 -1.213 -1.497
0.0152 0.01508 10.00000 1.0335848331 2.4796841145    1.030  1.454  3.6606  2.591    3  0.000  0.453     0.00     0.00 -1 -1.72e-11      0.00 6.920e-01 2.929e-01 2.253e-03 1.180e-03 6.635e-03 -1.000 1.514e-02 1.135 -0.373 -0.967 -1.069 -1.122 -1.055 -1.077 -1.147 -1.562 -1.415 -1.281 -1.117 -1.048 -1.089 -1.373
0.0152 0.01508 10.00000 1.0335954428 2.4796860218    1.030  1.451  3.6608  2.595    3  0.000  0.453     0.00     0.00 -1 -1.69e-11      0.00 6.920e-01 2.929e-01 2.253e-03 1.180e-03 6.635e-03 -1.000 1.514e-02 1.142 -0.366 -0.959 -1.061 -1.115 -1.047 -1.069 -1.139 -1.554 -1.407 -1.273 -1.109 -1.040 -1.081 -1.365
0.0152 0.01508 10.00000 1.0337706804 2.4797201157    1.030  1.498  3.6583  2.538    3  0.000  0.453     0.00     0.00 -1 -1.98e-11      0.00 6.920e-01 2.929e-01 2.253e-03 1.181e-03 6.635e-03 -1.000 1.514e-02 1.026 -0.488 -1.089 -1.193 -1.248 -1.179 -1.202 -1.273 -1.688 -1.542 -1.409 -1.242 -1.172 -1.215 -1.499
0.0152 0.01508 10.00000 1.0339505672 2.4797549248    1.030  1.545  3.6556  2.480    3  0.000  0.453     0.00     0.00 -1 -2.36e-11      0.00 6.920e-01 2.929e-01 2.253e-03 1.181e-03 6.635e-03 -1.000 1.514e-02 0.908 -0.614 -1.224 -1.330 -1.386 -1.316 -1.339 -1.412 -1.827 -1.682 -1.548 -1.380 -1.308 -1.354 -1.639
0.0152 0.01508 10.00000 1.0341225863 2.4797883034    1.030  1.593  3.6529  2.421    3  0.000  0.453     0.00     0.00 -1 -2.82e-11      0.00 6.919e-01 2.929e-01 2.252e-03 1.181e-03 6.635e-03 -1.000 1.514e-02 0.788 -0.742 -1.360 -1.468 -1.526 -1.453 -1.476 -1.553 -1.968 -1.823 -1.690 -1.519 -1.445 -1.495 -1.779
0.0152 0.01508 10.00000 1.0342770815 2.4798181057    1.030  1.639  3.6502  2.364    3  0.000  0.453     0.00     0.00 -1 -3.35e-11      0.00 6.919e-01 2.929e-01 2.252e-03 1.181e-03 6.635e-03 -1.000 1.514e-02 0.672 -0.866 -1.492 -1.603 -1.662 -1.586 -1.610 -1.689 -2.105 -1.960 -1.827 -1.655 -1.577 -1.631 -1.916
0.0152 0.01508 10.00000 1.0344238281 2.4798467159    1.030  1.687  3.6474  2.305    3  0.000  0.452     0.00     0.00 -1    -4e-11      0.00 6.919e-01 2.929e-01 2.252e-03 1.182e-03 6.635e-03 -1.000 1.514e-02 0.553 -0.993 -1.627 -1.741 -1.801 -1.722 -1.747 -1.829 -2.245 -2.100 -1.968 -1.794 -1.714 -1.772 -2.056
0.0152 0.01508 10.00000 1.0345529318 2.4798715115    1.030  1.733  3.6446  2.249    3  0.000  0.452     0.00     0.00 -1 -4.74e-11      0.00 6.919e-01 2.929e-01 2.252e-03 1.182e-03 6.635e-03 -1.000 1.514e-02 0.439 -1.115 -1.757 -1.873 -1.935 -1.854 -1.879 -1.964 -2.380 -2.236 -2.104 -1.928 -1.845 -1.906 -2.191
0.0152 0.01508 10.00000 1.0346741676 2.4798951149    1.030  1.779  3.6417  2.191    3  0.000  0.452     0.00     0.00 -1 -5.64e-11      0.00 6.919e-01 2.929e-01 2.252e-03 1.182e-03 6.635e-03 -1.000 1.514e-02 0.322 -1.239 -1.890 -2.009 -2.073 -1.988 -2.014 -2.102 -2.518 -2.374 -2.242 -2.065 -1.979 -2.044 -2.329
0.0152 0.01508 10.00000 1.0347834826 2.4799163342    1.030  1.825  3.6389  2.134    3  0.000  0.452     0.00     0.00 -1 -6.69e-11      0.00 6.919e-01 2.929e-01 2.252e-03 1.182e-03 6.635e-03 -1.000 1.514e-02 0.208 -1.361 -2.020 -2.143 -2.207 -2.120 -2.146 -2.237 -2.654 -2.510 -2.379 -2.200 -2.110 -2.180 -2.465
0.0152 0.01508 10.00000 1.0348836184 2.4799356461    1.030  1.870  3.6360  2.077    3  0.000  0.452     0.00     0.00 -1 -7.93e-11      0.00 6.919e-01 2.929e-01 2.252e-03 1.182e-03 6.636e-03 -1.000 1.514e-02 0.095 -1.481 -2.150 -2.276 -2.342 -2.251 -2.278 -2.372 -2.789 -2.646 -2.515 -2.334 -2.242 -2.315 -2.600
0.0152 0.01508 10.00000 1.0349775553 2.4799537659    1.030  1.916  3.6330  2.019    3  0.000  0.452     0.00     0.00 -1 -9.42e-11      0.00 6.919e-01 2.929e-01 2.251e-03 1.183e-03 6.636e-03 -1.000 1.514e-02 -0.019 -1.603 -2.281 -2.410 -2.478 -2.385 -2.412 -2.509 -2.926 -2.784 -2.653 -2.469 -2.374 -2.452 -2.737
0.0152 0.01508 10.00000 1.0350606441 2.4799699783    1.029  1.960  3.6301  1.963    3  0.000  0.452     0.00     0.00 -1 -1.11e-10      0.00 6.919e-01 2.929e-01 2.251e-03 1.183e-03 6.636e-03 -1.000 1.514e-02 -0.130 -1.720 -2.404 -2.538 -2.607 -2.510 -2.540 -2.639 -3.035 -3.237 -3.369 -2.598 -2.500 -2.588 -2.856
0.0152 0.01508 10.00000 1.0351366997 2.4799845219    1.029  2.004  3.6271  1.907    3  0.000  0.452     0.00     0.00 -1 -1.31e-10      0.00 6.919e-01 2.929e-01 2.251e-03 1.183e-03 6.636e-03 -1.000 1.514e-02 -0.240 -1.836 -2.523 -2.663 -2.734 -2.634 -2.666 -2.767 -3.131 -3.853 -4.385 -2.725 -2.623 -2.725 -2.968
0.0152 0.01508 10.00000 1.0352082253 2.4799983501    1.029  2.049  3.6241  1.850    3  0.000  0.452     0.00     0.00 -1 -1.56e-10      0.00 6.919e-01 2.929e-01 2.251e-03 1.183e-03 6.636e-03 -1.000 1.514e-02 -0.353 -1.954 -2.645 -2.792 -2.864 -2.761 -2.796 -2.896 -3.228 -4.484 -5.424 -2.855 -2.750 -2.864 -3.082
0.0152 0.01508 10.00000 1.0352715254 2.4800107479    1.029  2.092  3.6211  1.794    3  0.000  0.452     0.00     0.00 -1 -1.84e-10      0.00 6.919e-01 2.930e-01 2.251e-03 1.183e-03 6.636e-03 -1.000 1.514e-02 -0.461 -2.067 -2.762 -2.915 -2.989 -2.883 -2.921 -3.021 -3.323 -5.093 -6.428 -2.980 -2.872 -2.998 -3.191
0.0152 0.01508 10.00000 1.0353313684 2.4800221920    1.028  2.137  3.6180  1.737    3  0.000  0.452     0.00     0.00 -1 -2.17e-10      0.00 6.919e-01 2.930e-01 2.251e-03 1.183e-03 6.636e-03 -1.000 1.514e-02 -0.572 -2.183 -2.882 -3.042 -3.118 -3.008 -3.050 -3.148 -3.419 -5.718 -7.458 -3.108 -2.997 -3.135 -3.304
0.0152 0.01508 10.00000 1.0353835821 2.4800322056    1.028  2.179  3.6150  1.683    3  0.000  0.452     0.00     0.00 -1 -2.55e-10      0.00 6.919e-01 2.930e-01 2.251e-03 1.183e-03 6.636e-03 -1.000 1.514e-02 -0.676 -2.293 -2.996 -3.162 -3.239 -3.127 -3.173 -3.268 -3.511 -6.310 -8.435 -3.229 -3.116 -3.264 -3.410
0.0152 0.01508 10.00000 1.0354336500 2.4800419807    1.027  2.222  3.6119  1.627    3  0.000  0.452     0.00     0.00 -1    -3e-10      0.00 6.919e-01 2.930e-01 2.251e-03 1.183e-03 6.636e-03 -1.000 1.514e-02 -0.785 -2.405 -3.113 -3.287 -3.365 -3.250 -3.300 -3.392 -3.605 -6.923 -9.446 -3.355 -3.240 -3.397 -3.520
0.0152 0.01508 10.00000 1.0354794264 2.4800508022    1.027  2.265  3.6087  1.572    3  0.000  0.452     0.00     0.00 -1 -3.54e-10      0.00 6.919e-01 2.930e-01 2.251e-03 1.183e-03 6.636e-03 -1.000 1.514e-02 -0.892 -2.517 -3.229 -3.410 -3.490 -3.373 -3.426 -3.514 -3.699 -7.532 -10.450 -3.479 -3.362 -3.529 -3.629
0.0152 0.01508 10.00000 1.0355205536 2.4800586700    1.026  2.306  3.6056  1.518    3  0.000  0.452     0.00     0.00 -1 -4.14e-10      0.00 6.919e-01 2.930e-01 2.251e-03 1.183e-03 6.636e-03 -1.000 1.514e-02 -0.995 -2.625 -3.343 -3.531 -3.612 -3.492 -3.550 -3.633 -3.790 -8.126 -11.429 -3.601 -3.482 -3.657 -3.736
0.0152 0.01508 10.00000 1.0355592966 2.4800662994    1.026  2.348  3.6024  1.463    3  0.000  0.452     0.00     0.00 -1 -4.87e-10      0.00 6.919e-01 2.930e-01 2.251e-03 1.183e-03 6.636e-03 -1.000 1.514e-02 -1.100 -2.737 -3.462 -3.656 -3.738 -3.616 -3.678 -3.758 -3.909 -8.407 -11.836 -3.727 -3.606 -3.786 -3.860
0.0152 0.01508 10.00000 1.0355945826 2.4800729752    1.025  2.389  3.5992  1.408    3  0.000  0.452     0.00     0.00 -1 -5.71e-10      0.00 6.919e-01 2.930e-01 2.251e-03 1.183e-03 6.636e-03 -1.000 1.514e-02 -1.204 -2.847 -3.581 -3.780 -3.865 -3.740 -3.804 -3.884 -4.038 -8.537 -11.965 -3.853 -3.730 -3.912 -3.989
0.0152 0.01508 10.00000 1.0356268883 2.4800794125    1.025  2.430  3.5960  1.354    3  0.000  0.452     0.00     0.00 -1 -6.68e-10      0.00 6.919e-01 2.930e-01 2.251e-03 1.184e-03 6.636e-03 -1.000 1.514e-02 -1.305 -2.957 -3.699 -3.903 -3.990 -3.863 -3.930 -4.009 -4.166 -8.665 -12.093 -3.977 -3.853 -4.038 -4.117
0.0152 0.01508 10.00000 1.0356571674 2.4800851345    1.024  2.471  3.5927  1.300    3  0.000  0.452     0.00     0.00 -1 -7.82e-10      0.00 6.919e-01 2.930e-01 2.251e-03 1.184e-03 6.636e-03 -1.000 1.514e-02 -1.408 -3.067 -3.818 -4.028 -4.116 -3.986 -4.057 -4.135 -4.296 -8.794 -12.223 -4.103 -3.977 -4.165 -4.246
0.0152 0.01508 10.00000 1.0356844664 2.4800903797    1.023  2.511  3.5895  1.247    3  0.000  0.452     0.00     0.00 -1 -9.12e-10      0.00 6.919e-01 2.930e-01 2.251e-03 1.184e-03 6.636e-03 -1.000 1.514e-02 -1.507 -3.174 -3.933 -4.149 -4.240 -4.107 -4.181 -4.258 -4.422 -8.920 -12.349 -4.226 -4.098 -4.289 -4.372
0.0152 0.01508 10.00000 1.0357092619 2.4800951481    1.022  2.550  3.5862  1.195    3  0.000  0.452     0.00     0.00 -1 -1.06e-09      0.00 6.919e-01 2.930e-01 2.251e-03 1.184e-03 6.636e-03 -1.000 1.514e-02 -1.604 -3.280 -4.047 -4.268 -4.361 -4.225 -4.302 -4.379 -4.546 -9.045 -12.473 -4.346 -4.216 -4.410 -4.497
0.0152 0.01508 10.00000 1.0357328653 2.4800996780    1.021  2.589  3.5828  1.141    3  0.000  0.452     0.00     0.00 -1 -1.24e-09      0.00 6.919e-01 2.930e-01 2.251e-03 1.184e-03 6.636e-03 -1.000 1.514e-02 -1.703 -3.387 -4.163 -4.389 -4.484 -4.346 -4.427 -4.502 -4.673 -9.172 -12.601 -4.469 -4.337 -4.535 -4.624
0.0152 0.01508 10.00000 1.0357542038 2.4801039696    1.020  2.627  3.5795  1.089    3  0.000  0.452     0.00     0.00 -1 -1.44e-09      0.00 6.919e-01 2.930e-01 2.251e-03 1.184e-03 6.636e-03 -1.000 1.514e-02 -1.799 -3.490 -4.275 -4.507 -4.604 -4.462 -4.547 -4.622 -4.797 -9.295 -12.724 -4.588 -4.454 -4.656 -4.747
0.0152 0.01508 10.00000 1.0357739925 2.4801077843    1.019  2.665  3.5761  1.038    3  0.000  0.452     0.00     0.00 -1 -1.67e-09      0.00 6.919e-01 2.930e-01 2.251e-03 1.184e-03 6.636e-03 -1.000 1.514e-02 -1.893 -3.594 -4.386 -4.624 -4.724 -4.579 -4.667 -4.742 -4.920 -9.418 -12.847 -4.707 -4.571 -4.776 -4.870
0.0152 0.01508 10.00000 1.0357925892 2.4801113605    1.018  2.703  3.5726  0.985    3  0.000  0.452     0.00     0.00 -1 -1.93e-09      0.00 6.919e-01 2.930e-01 2.251e-03 1.184e-03 6.636e-03 -1.000 1.514e-02 -1.988 -3.698 -4.498 -4.742 -4.844 -4.696 -4.789 -4.863 -5.044 -9.543 -12.971 -4.826 -4.688 -4.898 -4.995
0.0152 0.01508 10.00000 1.0358099937 2.4801146984    1.017  2.741  3.5691  0.933    3  0.000  0.452     0.00     0.00 -1 -2.24e-09      0.00 6.919e-01 2.930e-01 2.251e-03 1.184e-03 6.636e-03 -1.000 1.514e-02 -2.081 -3.802 -4.610 -4.859 -4.964 -4.813 -4.910 -4.984 -5.169 -9.667 -13.096 -4.945 -4.806 -5.020 -5.119
0.0152 0.01508 10.00000 1.0358296633 2.4801185131    1.015  2.786  3.5648  0.870    3  0.000  0.452     0.00     0.00 -1 -2.68e-09      0.00 6.919e-01 2.930e-01 2.250e-03 1.184e-03 6.636e-03 -1.000 1.514e-02 -2.195 -3.928 -4.745 -5.002 -5.110 -4.956 -5.058 -5.131 -5.320 -9.819 -13.247 -5.090 -4.949 -5.168 -5.271
0.0152 0.01508 10.00000 1.0358475447 2.4801218510    1.014  2.830  3.5605  0.808    3  0.000  0.452     0.00     0.00 -1  -3.2e-09      0.00 6.919e-01 2.930e-01 2.250e-03 1.184e-03 6.636e-03 -1.000 1.514e-02 -2.305 -4.052 -4.877 -5.142 -5.253 -5.096 -5.202 -5.275 -5.469 -9.967 -13.396 -5.231 -5.090 -5.314 -5.419
0.0152 0.01508 10.00000 1.0358639956 2.4801251888    1.012  2.873  3.5561  0.746    3  0.000  0.452     0.00     0.00 -1  -3.8e-09      0.00 6.919e-01 2.930e-01 2.250e-03 1.184e-03 6.636e-03 -1.000 1.514e-02 -2.414 -4.173 -5.007 -5.279 -5.394 -5.233 -5.345 -5.417 -5.616 -10.114 -13.543 -5.371 -5.228 -5.457 -5.566
0.0152 0.01508 10.00000 1.0358792543 2.4801280499    1.009  2.917  3.5517  0.684    3  0.000  0.452     0.00     0.00 -1 -4.53e-09      0.00 6.919e-01 2.930e-01 2.250e-03 1.184e-03 6.636e-03 -1.000 1.514e-02 -2.522 -4.295 -5.137 -5.417 -5.536 -5.372 -5.489 -5.561 -5.764 -10.262 -13.691 -5.511 -5.367 -5.602 -5.714
0.0152 0.01508 10.00000 1.0358933210 2.4801306725    1.007  2.959  3.5472  0.623    3  0.000  0.452     0.00     0.00 -1 -5.38e-09      0.00 6.919e-01 2.930e-01 2.250e-03 1.184e-03 6.636e-03 -1.000 1.514e-02 -2.628 -4.415 -5.264 -5.553 -5.674 -5.508 -5.630 -5.702 -5.909 -10.407 -13.836 -5.648 -5.503 -5.744 -5.859
0.0152 0.01508 10.00000 1.0359063148 2.4801332951    1.004  3.000  3.5427  0.562    3  0.000  0.452     0.00     0.00 -1 -6.37e-09      0.00 6.919e-01 2.930e-01 2.250e-03 1.184e-03 6.636e-03 -1.000 1.514e-02 -2.731 -4.533 -5.390 -5.687 -5.812 -5.642 -5.770 -5.841 -6.053 -10.551 -13.979 -5.783 -5.638 -5.885 -6.003
0.0152 0.01508 10.00000 1.0359184742 2.4801356792    1.001  3.042  3.5381  0.501    3  0.000  0.452     0.00     0.00 -1 -7.55e-09      0.00 6.919e-01 2.930e-01 2.250e-03 1.184e-03 6.636e-03 -1.000 1.514e-02 -2.834 -4.651 -5.515 -5.820 -5.949 -5.776 -5.909 -5.979 -6.196 -10.694 -14.123 -5.919 -5.772 -6.025 -6.146
0.0152 0.01508 10.00000 1.0359295607 2.4801378250    0.998  3.082  3.5336  0.442    3  0.000  0.452     0.00     0.00 -1 -8.91e-09      0.00 6.919e-01 2.930e-01 2.250e-03 1.184e-03 6.636e-03 -1.000 1.514e-02 -2.935 -4.768 -5.636 -5.951 -6.083 -5.910 -6.047 -6.117 -6.338 -10.836 -14.265 -6.051 -5.906 -6.165 -6.288
0.0152 0.01508 10.00000 1.0359399319 2.4801397324    0.995  3.122  3.5290  0.382    3  0.000  0.452     0.00     0.00 -1 -1.05e-08      0.00 6.919e-01 2.930e-01 2.250e-03 1.184e-03 6.636e-03 -1.000 1.514e-02 -3.034 -4.883 -5.757 -6.081 -6.217 -6.043 -6.184 -6.254 -6.480 -10.977 -14.406 -6.182 -6.040 -6.304 -6.430
0.0152 0.01508 10.00000 1.0359495878 2.4801416397    0.991  3.160  3.5244  0.323    3  0.000  0.452     0.00     0.00 -1 -1.24e-08      0.00 6.919e-01 2.930e-01 2.250e-03 1.184e-03 6.636e-03 -1.000 1.514e-02 -3.131 -4.997 -5.874 -6.208 -6.348 -6.174 -6.319 -6.389 -6.619 -11.116 -14.544 -6.310 -6.171 -6.440 -6.569
0.0152 0.01508 10.00000 1.0359584093 2.4801433086    0.987  3.198  3.5197  0.265    3  0.000  0.452     0.00     0.00 -1 -1.45e-08      0.00 6.919e-01 2.930e-01 2.250e-03 1.184e-03 6.636e-03 -1.000 1.514e-02 -3.226 -5.108 -5.990 -6.334 -6.478 -6.303 -6.452 -6.522 -6.756 -11.253 -14.682 -6.437 -6.301 -6.575 -6.706
0.0152 0.01508 10.00000 1.0359668732 2.4801449776    0.982  3.236  3.5150  0.207    3  0.000  0.452     0.00     0.00 -1  -1.7e-08      0.00 6.919e-01 2.930e-01 2.250e-03 1.184e-03 6.636e-03 -1.000 1.514e-02 -3.319 -5.216 -6.103 -6.458 -6.605 -6.429 -6.583 -6.652 -6.892 -11.388 -14.817 -6.561 -6.428 -6.708 -6.842
0.0152 0.01508 10.00000 1.0359747410 2.4801464081    0.977  3.272  3.5103  0.149    3  0.000  0.452     0.00     0.00 -1 -1.99e-08      0.00 6.919e-01 2.930e-01 2.250e-03 1.184e-03 6.636e-03 -1.000 1.514e-02 -3.411 -5.324 -6.215 -6.581 -6.733 -6.556 -6.713 -6.782 -7.028 -11.523 -14.952 -6.685 -6.555 -6.841 -6.978
0.0152 0.01508 10.00000 1.0359820127 2.4801478386    0.972  3.308  3.5056  0.092    3  0.000  0.452     0.00     0.00 -1 -2.31e-08      0.00 6.919e-01 2.930e-01 2.250e-03 1.184e-03 6.636e-03 -1.000 1.514e-02 -3.501 -5.429 -6.324 -6.699 -6.853 -6.677 -6.835 -6.902 -7.156 -11.650 -15.078 -6.799 -6.676 -6.966 -7.106
0.0152 0.01508 10.00000 1.0359889269 2.4801492691    0.966  3.343  3.5010  0.036    3  0.000  0.452     0.00     0.00 -1 -2.68e-08      0.00 6.919e-01 2.930e-01 2.250e-03 1.184e-03 6.636e-03 -1.000 1.514e-02 -3.588 -5.531 -6.430 -6.814 -6.972 -6.795 -6.956 -7.022 -7.282 -11.775 -15.203 -6.912 -6.794 -7.090 -7.232
0.0152 0.01508 10.00000 1.0359956026 2.4801504612    0.959  3.378  3.4964 -0.021    3  0.000  0.452     0.00     0.00 -1 -3.11e-08      0.00 6.919e-01 2.930e-01 2.250e-03 1.184e-03 6.636e-03 -1.000 1.514e-02 -3.674 -5.632 -6.536 -6.930 -7.092 -6.914 -7.077 -7.141 -7.409 -11.900 -15.329 -7.025 -6.913 -7.214 -7.360
0.0152 0.01508 10.00000 1.0360008478 2.4801514149    0.953  3.403  3.4929 -0.063    3  0.000  0.452     0.00     0.00 -1 -3.48e-08      0.00 6.919e-01 2.930e-01 2.250e-03 1.184e-03 6.636e-03 -1.000 1.514e-02 -3.738 -5.707 -6.615 -7.014 -7.180 -7.003 -7.167 -7.231 -7.504 -11.994 -15.423 -7.108 -7.002 -7.308 -7.455
0.0152 0.01508 10.00000 1.0360008478 2.4801514149    0.953  1.679  3.6673  2.359    4  0.000  0.472     0.00     0.00 -1    -1e-30      0.00 6.947e-01 2.902e-01 2.340e-03 1.062e-03 6.610e-03 -1.000 1.507e-02 0.572 -0.921 -1.487 -1.587 -1.641 -1.571 -1.592 -1.665 -2.080 -1.934 -1.801 -1.636 -1.563 -1.607 -1.891
0.0152 0.01508 10.00000 1.0360876322 2.4801683426    0.953  1.687  3.6668  2.349    4  0.000  0.472     0.00     0.00 -1    -1e-30      0.00 6.947e-01 2.902e-01 2.340e-03 1.063e-03 6.610e-03 -1.000 1.507e-02 0.553 -0.941 -1.509 -1.609 -1.664 -1.593 -1.614 -1.688 -2.103 -1.956 -1.823 -1.658 -1.585 -1.630 -1.914
0.0152 0.01508 10.00000 1.0361766815 2.4801855087    0.953  1.690  3.6666  2.345    4  0.000  0.472     0.00     0.00 -1    -1e-30      0.00 6.947e-01 2.902e-01 2.340e-03 1.063e-03 6.610e-03 -1.000 1.507e-02 0.544 -0.951 -1.520 -1.620 -1.674 -1.603 -1.625 -1.699 -2.113 -1.967 -1.834 -1.669 -1.596 -1.641 -1.924
0.0152 0.01508 10.00000 1.0362657309 2.4802026749    0.953  1.690  3.6668  2.346    4  0.000  0.472     0.00     0.00 -1    -1e-30      0.00 6.947e-01 2.902e-01 2.340e-03 1.063e-03 6.610e-03 -1.000 1.507e-02 0.544 -0.950 -1.518 -1.617 -1.672 -1.601 -1.622 -1.696 -2.111 -1.965 -1.832 -1.666 -1.594 -1.638 -1.922
0.0152 0.01508 10.00000 1.0363553762 2.4802198410    0.953  1.688  3.6672  2.350    4  0.000  0.472     0.00     0.00 -1    -1e-30      0.00 6.947e-01 2.902e-01 2.340e-03 1.063e-03 6.610e-03 -1.000 1.508e-02 0.550 -0.943 -1.510 -1.609 -1.664 -1.593 -1.614 -1.688 -2.103 -1.956 -1.823 -1.658 -1.586 -1.630 -1.914
0.0152 0.01508 10.00000 1.0364483595 2.4802377224    0.953  1.685  3.6677  2.355    4  0.000  0.472     0.00     0.00 -1    -1e-30      0.00 6.947e-01 2.902e-01 2.340e-03 1.063e-03 6.610e-03 -1.000 1.508e-02 0.557 -0.934 -1.499 -1.598 -1.653 -1.583 -1.604 -1.677 -2.092 -1.945 -1.812 -1.647 -1.575 -1.619 -1.903
0.0152 0.01508 10.00000 1.0365377665 2.4802551270    0.953  1.682  3.6683  2.360    4  0.000  0.472     0.00     0.00 -1    -1e-30      0.00 6.947e-01 2.902e-01 2.340e-03 1.063e-03 6.610e-03 -1.000 1.508e-02 0.564 -0.925 -1.489 -1.588 -1.642 -1.572 -1.593 -1.666 -2.080 -1.934 -1.801 -1.636 -1.564 -1.608 -1.892
0.0152 0.01508 10.00000 1.0366318226 2.4802732468    0.954  1.679  3.6688  2.365    4  0.000  0.472     0.00     0.00 -1    -1e-30      0.00 6.947e-01 2.902e-01 2.340e-03 1.063e-03 6.610e-03 -1.000 1.508e-02 0.572 -0.916 -1.478 -1.576 -1.630 -1.561 -1.581 -1.654 -2.069 -1.922 -1.789 -1.625 -1.553 -1.596 -1.880
0.0152 0.01508 10.00000 1.0367223024 2.4802906513    0.954  1.676  3.6693  2.370    4  0.000  0.472     0.00     0.00 -1    -1e-30      0.00 6.947e-01 2.902e-01 2.340e-03 1.063e-03 6.610e-03 -1.000 1.508e-02 0.579 -0.908 -1.468 -1.566 -1.619 -1.550 -1.571 -1.643 -2.058 -1.911 -1.778 -1.614 -1.543 -1.585 -1.869
0.0152 0.01508 10.00000 1.0368109941 2.4803075790    0.954  1.674  3.6698  2.375    4  0.000  0.472     0.00     0.00 -1    -1e-30      0.00 6.947e-01 2.902e-01 2.340e-03 1.064e-03 6.610e-03 -1.000 1.508e-02 0.585 -0.900 -1.459 -1.556 -1.610 -1.541 -1.561 -1.633 -2.048 -1.901 -1.768 -1.604 -1.533 -1.575 -1.859
0.0152 0.01508 10.00000 1.0369075537 2.4803261757    0.954  1.672  3.6702  2.379    4  0.000  0.472     0.00     0.00 -1    -1e-30      0.00 6.947e-01 2.902e-01 2.340e-03 1.064e-03 6.610e-03 -1.000 1.508e-02 0.591 -0.893 -1.450 -1.547 -1.601 -1.532 -1.553 -1.624 -2.039 -1.892 -1.759 -1.595 -1.525 -1.566 -1.850
0.0152 0.01508 10.00000 1.0370041132 2.4803447723    0.954  1.670  3.6707  2.383    4  0.000  0.472     0.00     0.00 -1    -1e-30      0.00 6.947e-01 2.903e-01 2.339e-03 1.064e-03 6.610e-03 -1.000 1.508e-02 0.596 -0.886 -1.442 -1.539 -1.592 -1.524 -1.545 -1.616 -2.031 -1.884 -1.751 -1.587 -1.517 -1.558 -1.842
0.0152 0.01508 10.00000 1.0371010303 2.4803636074    0.954  1.668  3.6710  2.386    4  0.000  0.472     0.00     0.00 -1    -1e-30      0.00 6.947e-01 2.903e-01 2.339e-03 1.064e-03 6.611e-03 -1.000 1.508e-02 0.601 -0.881 -1.436 -1.532 -1.585 -1.517 -1.538 -1.609 -2.023 -1.877 -1.744 -1.580 -1.510 -1.551 -1.834
0.0152 0.01508 10.00000 1.0371954441 2.4803817272    0.954  1.666  3.6713  2.389    4  0.000  0.472     0.00     0.00 -1    -1e-30      0.00 6.947e-01 2.903e-01 2.339e-03 1.064e-03 6.611e-03 -1.000 1.508e-02 0.604 -0.876 -1.430 -1.526 -1.579 -1.512 -1.532 -1.603 -2.017 -1.871 -1.737 -1.574 -1.504 -1.545 -1.828
0.0152 0.01508 10.00000 1.0372377634 2.4803898335    0.954  1.666  3.6715  2.390    4  0.000  0.472     0.00     0.00 -1    -1e-30      0.00 6.947e-01 2.903e-01 2.339e-03 1.064e-03 6.611e-03 -1.000 1.508e-02 0.606 -0.874 -1.428 -1.524 -1.577 -1.509 -1.530 -1.600 -2.015 -1.868 -1.735 -1.571 -1.502 -1.542 -1.826
0.0152 0.01508 10.00000 1.0372672081 2.4803955555    0.954  1.665  3.6716  2.391    4  0.000  0.472     0.00     0.00 -1    -1e-30      0.00 6.947e-01 2.903e-01 2.339e-03 1.064e-03 6.611e-03 -1.000 1.508e-02 0.607 -0.873 -1.426 -1.523 -1.575 -1.508 -1.528 -1.599 -2.013 -1.867 -1.733 -1.570 -1.500 -1.541 -1.824
0.0152 0.01508 10.00000 1.0373581648 2.4804129601    0.954  1.664  3.6718  2.393    4  0.000  0.472     0.00     0.00 -1    -1e-30      0.00 6.947e-01 2.903e-01 2.339e-03 1.064e-03 6.611e-03 -1.000 1.508e-02 0.609 -0.870 -1.422 -1.518 -1.571 -1.504 -1.524 -1.594 -2.009 -1.862 -1.729 -1.566 -1.496 -1.536 -1.820
0.0152 0.01508 10.00000 1.0374464989 2.4804301262    0.955  1.664  3.6720  2.394    4  0.000  0.472     0.00     0.00 -1    -1e-30      0.00 6.947e-01 2.903e-01 2.339e-03 1.064e-03 6.611e-03 -1.000 1.508e-02 0.611 -0.867 -1.419 -1.515 -1.568 -1.500 -1.521 -1.591 -2.006 -1.859 -1.726 -1.562 -1.493 -1.533 -1.817
0.0152 0.01508 10.00000 1.0375312567 2.4804463387    0.955  1.663  3.6722  2.395    4  0.000  0.472     0.00     0.00 -1    -1e-30      0.00 6.947e-01 2.903e-01 2.339e-03 1.065e-03 6.611e-03 -1.000 1.508e-02 0.612 -0.866 -1.417 -1.513 -1.566 -1.498 -1.518 -1.589 -2.003 -1.857 -1.723 -1.560 -1.491 -1.531 -1.814
0.0152 0.01508 10.00000 1.0376223326 2.4804637432    0.955  1.663  3.6723  2.396    4  0.000  0.472     0.00     0.00 -1    -1e-30      0.00 6.946e-01 2.903e-01 2.339e-03 1.065e-03 6.611e-03 -1.000 1.508e-02 0.612 -0.865 -1.416 -1.512 -1.564 -1.497 -1.517 -1.587 -2.002 -1.855 -1.722 -1.559 -1.490 -1.529 -1.813
0.0152 0.01508 10.00000 1.0377086401 2.4804804325    0.955  1.663  3.6724  2.396    4  0.000  0.472     0.00     0.00 -1    -1e-30      0.00 6.946e-01 2.903e-01 2.339e-03 1.065e-03 6.611e-03 -1.000 1.508e-02 0.612 -0.865 -1.416 -1.512 -1.564 -1.497 -1.517 -1.588 -2.002 -1.855 -1.722 -1.559 -1.490 -1.529 -1.813
0.0152 0.01508 10.00000 1.0377969742 2.4804973602    0.955  1.664  3.6724  2.396    4  0.000  0.472     0.00     0.00 -1    -1e-30      0.00 6.946e-01 2.903e-01 2.339e-03 1.065e-03 6.611e-03 -1.000 1.508e-02 0.610 -0.867 -1.418 -1.513 -1.566 -1.499 -1.519 -1.589 -2.004 -1.857 -1.724 -1.560 -1.491 -1.531 -1.815
0.0152 0.01508 10.00000 1.0378836393 2.4805140495    0.955  1.665  3.6724  2.394    4  0.000  0.472     0.00     0.00 -1    -1e-30      0.00 6.946e-01 2.903e-01 2.339e-03 1.065e-03 6.611e-03 -1.000 1.508e-02 0.607 -0.870 -1.421 -1.516 -1.569 -1.502 -1.522 -1.592 -2.006 -1.860 -1.727 -1.563 -1.494 -1.534 -1.818
0.0152 0.01508 10.00000 1.0378897190 2.4805152416    0.955  1.665  3.6724  2.394    4  0.000  0.472     0.00     0.00 -1    -1e-30      0.00 6.946e-01 2.903e-01 2.339e-03 1.065e-03 6.611e-03 -1.000 1.508e-02 0.607 -0.870 -1.421 -1.516 -1.569 -1.502 -1.522 -1.592 -2.007 -1.860 -1.727 -1.564 -1.495 -1.534 -1.818
0.0152 0.01508 10.00000 1.0379265547 2.4805223942    0.955  1.666  3.6723  2.394    4  0.000  0.472     0.00     0.00 -1    -1e-30      0.00 6.946e-01 2.903e-01 2.339e-03 1.065e-03 6.611e-03 -1.000 1.508e-02 0.606 -0.872 -1.423 -1.518 -1.571 -1.504 -1.524 -1.594 -2.009 -1.862 -1.729 -1.565 -1.496 -1.536 -1.820
0.0152 0.01508 10.00000 1.0380171537 2.4805397987    0.955  1.668  3.6722  2.391    4  0.000  0.472     0.00     0.00 -1    -1e-30      0.00 6.946e-01 2.903e-01 2.338e-03 1.065e-03 6.611e-03 -1.000 1.508e-02 0.601 -0.877 -1.428 -1.524 -1.576 -1.509 -1.529 -1.600 -2.014 -1.867 -1.734 -1.571 -1.502 -1.541 -1.825
0.0152 0.01508 10.00000 1.0381066799 2.4805569649    0.955  1.670  3.6720  2.388    4  0.000  0.472     0.00     0.00 -1    -1e-30      0.00 6.946e-01 2.903e-01 2.338e-03 1.065e-03 6.611e-03 -1.000 1.508e-02 0.595 -0.884 -1.436 -1.531 -1.584 -1.517 -1.537 -1.607 -2.022 -1.875 -1.742 -1.579 -1.509 -1.549 -1.833
0.0152 0.01508 10.00000 1.0381959677 2.4805741310    0.955  1.673  3.6718  2.384    4  0.000  0.472     0.00     0.00 -1    -1e-30      0.00 6.946e-01 2.903e-01 2.338e-03 1.066e-03 6.611e-03 -1.000 1.508e-02 0.587 -0.892 -1.445 -1.541 -1.594 -1.526 -1.546 -1.617 -2.032 -1.885 -1.752 -1.588 -1.519 -1.559 -1.843
0.0152 0.01508 10.00000 1.0382874012 2.4805915356    0.956  1.677  3.6714  2.379    4  0.000  0.472     0.00     0.00 -1    -1e-30      0.00 6.946e-01 2.903e-01 2.338e-03 1.066e-03 6.611e-03 -1.000 1.508e-02 0.577 -0.903 -1.457 -1.553 -1.606 -1.538 -1.558 -1.630 -2.044 -1.898 -1.764 -1.601 -1.531 -1.571 -1.855
0.0152 0.01508 10.00000 1.0383775234 2.4806089401    0.956  1.682  3.6710  2.372    4  0.000  0.472     0.00     0.00 -1    -1e-30      0.00 6.946e-01 2.903e-01 2.338e-03 1.066e-03 6.611e-03 -1.000 1.508e-02 0.565 -0.917 -1.472 -1.568 -1.622 -1.553 -1.574 -1.645 -2.060 -1.913 -1.780 -1.616 -1.546 -1.587 -1.871
0.0152 0.01508 10.00000 1.0384677649 2.4806263447    0.956  1.687  3.6705  2.365    4  0.000  0.472     0.00     0.00 -1    -1e-30      0.00 6.946e-01 2.903e-01 2.338e-03 1.066e-03 6.611e-03 -1.000 1.508e-02 0.551 -0.932 -1.488 -1.585 -1.639 -1.570 -1.591 -1.662 -2.077 -1.931 -1.797 -1.633 -1.563 -1.604 -1.888
0.0152 0.01508 10.00000 1.0385576487 2.4806435108    0.956  1.694  3.6699  2.356    4  0.000  0.472     0.00     0.00 -1    -1e-30      0.00 6.946e-01 2.903e-01 2.338e-03 1.066e-03 6.611e-03 -1.000 1.508e-02 0.536 -0.949 -1.507 -1.605 -1.659 -1.589 -1.610 -1.682 -2.097 -1.951 -1.817 -1.653 -1.582 -1.624 -1.908
0.0152 0.01508 10.00000 1.0386466980 2.4806606770    0.956  1.701  3.6692  2.346    4  0.000  0.472     0.00     0.00 -1    -1e-30      0.00 6.946e-01 2.903e-01 2.338e-03 1.066e-03 6.611e-03 -1.000 1.508e-02 0.518 -0.969 -1.530 -1.628 -1.682 -1.612 -1.633 -1.705 -2.120 -1.974 -1.841 -1.676 -1.604 -1.647 -1.931
0.0152 0.01508 10.00000 1.0387381315 2.4806780815    0.956  1.707  3.6686  2.338    4  0.000  0.472     0.00     0.00 -1    -1e-30      0.00 6.946e-01 2.903e-01 2.338e-03 1.066e-03 6.611e-03 -1.000 1.508e-02 0.503 -0.986 -1.548 -1.646 -1.701 -1.630 -1.651 -1.724 -2.139 -1.993 -1.860 -1.695 -1.623 -1.666 -1.950
0.0152 0.01508 10.00000 1.0388308764 2.4806959629    0.956  1.713  3.6680  2.329    4  0.000  0.472     0.00     0.00 -1    -1e-30      0.00 6.946e-01 2.903e-01 2.338e-03 1.066e-03 6.611e-03 -1.000 1.508e-02 0.487 -1.005 -1.568 -1.667 -1.722 -1.651 -1.672 -1.746 -2.161 -2.014 -1.881 -1.716 -1.643 -1.688 -1.972
0.0152 0.01508 10.00000 1.0389230251 2.4807136059    0.956  1.740  3.6655  2.292    4  0.000  0.472     0.00     0.00 -1    -1e-30      0.00 6.946e-01 2.903e-01 2.338e-03 1.067e-03 6.611e-03 -1.000 1.508e-02 0.419 -1.080 -1.651 -1.752 -1.808 -1.735 -1.756 -1.832 -2.247 -2.101 -1.968 -1.802 -1.727 -1.774 -2.058
0.0152 0.01508 10.00000 1.0389945507 2.4807271957    0.956  1.779  3.6619  2.239    4  0.000  0.472     0.00     0.00 -1    -1e-30      0.00 6.946e-01 2.903e-01 2.337e-03 1.067e-03 6.611e-03 -1.000 1.508e-02 0.323 -1.187 -1.769 -1.873 -1.930 -1.854 -1.876 -1.955 -2.370 -2.225 -2.092 -1.924 -1.846 -1.898 -2.181
0.0152 0.01508 10.00000 1.0390301943 2.4807341099    0.956  1.817  3.6583  2.187    4  0.000  0.472     0.00     0.00 -1    -1e-30      0.00 6.946e-01 2.903e-01 2.337e-03 1.067e-03 6.611e-03 -1.000 1.508e-02 0.228 -1.293 -1.885 -1.992 -2.052 -1.972 -1.995 -2.077 -2.493 -2.347 -2.215 -2.045 -1.964 -2.020 -2.304
0.0152 0.01508 10.00000 1.0390501022 2.4807379246    0.956  1.858  3.6545  2.131    4  0.000  0.472     0.00     0.00 -1    -1e-30      0.00 6.946e-01 2.903e-01 2.337e-03 1.067e-03 6.611e-03 -1.000 1.508e-02 0.124 -1.407 -2.011 -2.122 -2.183 -2.100 -2.123 -2.209 -2.624 -2.479 -2.347 -2.176 -2.091 -2.151 -2.435
0.0152 0.01508 10.00000 1.0390599966 2.4807398319    0.956  1.897  3.6510  2.077    4  0.000  0.472     0.00     0.00 -1    -1e-30      0.00 6.946e-01 2.903e-01 2.337e-03 1.067e-03 6.611e-03 -1.000 1.508e-02 0.027 -1.514 -2.129 -2.243 -2.305 -2.220 -2.244 -2.333 -2.748 -2.603 -2.471 -2.298 -2.210 -2.275 -2.559
0.0152 0.01508 10.00000 1.0390652418 2.4807407856    0.956  1.936  3.6475  2.025    4  0.000  0.472     0.00     0.00 -1    -1e-30      0.00 6.946e-01 2.903e-01 2.337e-03 1.067e-03 6.611e-03 -1.000 1.508e-02 -0.070 -1.620 -2.246 -2.363 -2.427 -2.339 -2.363 -2.455 -2.871 -2.726 -2.595 -2.420 -2.329 -2.398 -2.682
0.0152 0.01508 10.00000 1.0390683413 2.4807415009    0.956  1.975  3.6440  1.972    4  0.000  0.472     0.00     0.00 -1    -1e-30      0.00 6.946e-01 2.903e-01 2.337e-03 1.067e-03 6.611e-03 -1.000 1.508e-02 -0.167 -1.726 -2.360 -2.482 -2.548 -2.455 -2.482 -2.577 -2.975 -3.091 -3.158 -2.540 -2.445 -2.523 -2.794
0.0152 0.01508 10.00000 1.0390704870 2.4807417393    0.956  2.014  3.6405  1.919    4  0.000  0.472     0.00     0.00 -1    -1e-30      0.00 6.946e-01 2.903e-01 2.337e-03 1.067e-03 6.611e-03 -1.000 1.508e-02 -0.265 -1.832 -2.472 -2.600 -2.667 -2.571 -2.600 -2.697 -3.065 -3.674 -4.121 -2.659 -2.560 -2.653 -2.898
0.0152 0.01508 10.00000 1.0390715599 2.4807419777    0.956  2.041  3.6382  1.883    7  0.000  0.472     0.00     0.00 -1    -1e-30      0.00 6.946e-01 2.903e-01 2.337e-03 1.067e-03 6.611e-03 -1.000 1.508e-02 -0.332 -1.904 -2.548 -2.680 -2.749 -2.650 -2.680 -2.779 -3.125 -4.072 -4.777 -2.741 -2.639 -2.740 -2.969
0.0152 0.01508 10.00000 1.0390719175 2.4807422161    0.956  2.051  3.6373  1.869    7  0.000  0.472     0.00     0.00 -1    -1e-30      0.00 6.946e-01 2.903e-01 2.337e-03 1.067e-03 6.611e-03 -1.000 1.508e-02 -0.357 -1.930 -2.576 -2.709 -2.778 -2.679 -2.710 -2.809 -3.148 -4.218 -5.018 -2.770 -2.668 -2.772 -2.995
0.0152 0.01508 10.00000 1.0390734673 2.4807424545    0.956  2.097  3.6333  1.806    7  0.000  0.472     0.00     0.00 -1    -1e-30      0.00 6.946e-01 2.903e-01 2.337e-03 1.067e-03 6.611e-03 -1.000 1.508e-02 -0.473 -2.055 -2.707 -2.848 -2.919 -2.816 -2.850 -2.950 -3.253 -4.908 -6.155 -2.911 -2.805 -2.924 -3.118
0.0152 0.01508 10.00000 1.0390750170 2.4807426929    0.957  2.136  3.6300  1.754    7  0.000  0.472     0.00     0.00 -1    -1e-30      0.00 6.946e-01 2.903e-01 2.337e-03 1.067e-03 6.611e-03 -1.000 1.508e-02 -0.570 -2.158 -2.816 -2.963 -3.036 -2.929 -2.966 -3.066 -3.340 -5.478 -7.096 -3.027 -2.918 -3.048 -3.220
0.0152 0.01508 10.00000 1.0390789509 2.4807434082    0.957  2.149  3.6289  1.737    7  0.000  0.472     0.00     0.00 -1    -1e-30      0.00 6.946e-01 2.903e-01 2.337e-03 1.067e-03 6.611e-03 -1.000 1.508e-02 -0.602 -2.192 -2.852 -3.001 -3.074 -2.966 -3.005 -3.104 -3.369 -5.665 -7.405 -3.065 -2.955 -3.089 -3.253
0.0152 0.01508 10.00000 1.0390828848 2.4807441235    0.957  2.116  3.6318  1.782    7  0.000  0.472     0.00     0.00 -1    -1e-30      0.00 6.946e-01 2.903e-01 2.337e-03 1.067e-03 6.611e-03 -1.000 1.508e-02 -0.519 -2.104 -2.758 -2.902 -2.974 -2.869 -2.904 -3.004 -3.294 -5.174 -6.594 -2.965 -2.858 -2.982 -3.166
0.0152 0.01508 10.00000 1.0391182899 2.4807510376    0.956  2.089  3.6341  1.817    7  0.000  0.472     0.00     0.00 -1 -2.64e-17      0.00 6.946e-01 2.895e-01 2.337e-03 1.067e-03 6.611e-03 -1.000 1.594e-02 -0.453 -2.033 -2.684 -2.824 -2.895 -2.792 -2.826 -2.925 -3.235 -4.787 -5.956 -2.886 -2.781 -2.897 -3.097
0.0152 0.01508 10.00000 1.0391775370 2.4807622433    0.955  2.126  3.6308  1.767    7  0.000  0.472     0.00     0.00 -1  -7.6e-10      0.00 6.946e-01 2.890e-01 2.337e-03 1.067e-03 6.611e-03 -1.000 1.643e-02 -0.545 -2.132 -2.788 -2.934 -3.006 -2.900 -2.937 -3.036 -3.317 -5.338 -6.865 -2.997 -2.889 -3.016 -3.194
0.0152 0.01508 10.00000 1.0392121077 2.4807689190    0.954  2.167  3.6272  1.712    7  0.000  0.472     0.00     0.00 -1 -9.42e-10      0.00 6.946e-01 2.890e-01 2.337e-03 1.067e-03 6.611e-03 -1.000 1.643e-02 -0.647 -2.240 -2.903 -3.055 -3.129 -3.020 -3.060 -3.158 -3.409 -5.944 -7.867 -3.120 -3.009 -3.148 -3.301
0.0152 0.01508 10.00000 1.0392442942 2.4807751179    0.953  2.207  3.6237  1.657    7  0.000  0.472     0.00     0.00 -1 -1.16e-09      0.00 6.946e-01 2.890e-01 2.337e-03 1.067e-03 6.611e-03 -1.000 1.643e-02 -0.748 -2.347 -3.016 -3.175 -3.250 -3.138 -3.181 -3.278 -3.499 -6.544 -8.857 -3.241 -3.127 -3.277 -3.407
0.0152 0.01508 10.00000 1.0392729044 2.4807806015    0.952  2.249  3.6201  1.600    7  0.000  0.471     0.00     0.00 -1 -1.43e-09      0.00 6.946e-01 2.890e-01 2.337e-03 1.067e-03 6.611e-03 -1.000 1.643e-02 -0.852 -2.457 -3.132 -3.298 -3.375 -3.260 -3.307 -3.401 -3.592 -7.160 -9.874 -3.365 -3.249 -3.409 -3.515
0.0152 0.01508 10.00000 1.0392974615 2.4807853699    0.951  2.290  3.6165  1.544    7  0.000  0.471     0.00     0.00 -1 -1.77e-09      0.00 6.946e-01 2.890e-01 2.337e-03 1.067e-03 6.611e-03 -1.000 1.643e-02 -0.955 -2.565 -3.247 -3.421 -3.499 -3.382 -3.433 -3.522 -3.684 -7.774 -10.889 -3.489 -3.371 -3.540 -3.623
0.0152 0.01508 10.00000 1.0393191576 2.4807894230    0.949  2.331  3.6129  1.488    7  0.000  0.471     0.00     0.00 -1 -2.18e-09      0.00 6.946e-01 2.890e-01 2.337e-03 1.067e-03 6.611e-03 -1.000 1.643e-02 -1.058 -2.675 -3.363 -3.545 -3.624 -3.505 -3.560 -3.645 -3.785 -8.284 -11.713 -3.613 -3.494 -3.671 -3.736
0.0152 0.01508 10.00000 1.0393383503 2.4807932377    0.948  2.373  3.6092  1.431    7  0.000  0.471     0.00     0.00 -1 -2.69e-09      0.00 6.946e-01 2.890e-01 2.337e-03 1.067e-03 6.611e-03 -1.000 1.643e-02 -1.162 -2.787 -3.486 -3.673 -3.754 -3.633 -3.690 -3.774 -3.919 -8.418 -11.846 -3.743 -3.622 -3.801 -3.870
0.0152 0.01508 10.00000 1.0393552780 2.4807963371    0.946  2.414  3.6056  1.374    7  0.000  0.471     0.00     0.00 -1 -3.34e-09      0.00 6.946e-01 2.890e-01 2.337e-03 1.067e-03 6.611e-03 -1.000 1.643e-02 -1.266 -2.899 -3.609 -3.801 -3.885 -3.761 -3.821 -3.904 -4.052 -8.551 -11.980 -3.873 -3.751 -3.932 -4.003
0.0152 0.01508 10.00000 1.0393704176 2.4807991982    0.944  2.456  3.6019  1.317    7  0.000  0.471     0.00     0.00 -1 -4.11e-09      0.00 6.946e-01 2.890e-01 2.337e-03 1.067e-03 6.611e-03 -1.000 1.643e-02 -1.369 -3.011 -3.730 -3.929 -4.014 -3.888 -3.951 -4.033 -4.185 -8.684 -12.113 -4.003 -3.878 -4.062 -4.136
0.0152 0.01508 10.00000 1.0393841267 2.4808018208    0.942  2.497  3.5982  1.260    7  0.000  0.471     0.00     0.00 -1 -5.02e-09      0.00 6.946e-01 2.890e-01 2.337e-03 1.067e-03 6.611e-03 -1.000 1.643e-02 -1.472 -3.122 -3.852 -4.057 -4.144 -4.015 -4.081 -4.162 -4.318 -8.817 -12.246 -4.132 -4.005 -4.192 -4.269
0.0152 0.01508 10.00000 1.0393968821 2.4808044434    0.940  2.537  3.5942  1.202    7  0.000  0.471     0.00     0.00 -1 -6.18e-09      0.00 6.946e-01 2.890e-01 2.336e-03 1.068e-03 6.611e-03 -1.000 1.642e-02 -1.574 -3.233 -3.974 -4.185 -4.275 -4.143 -4.212 -4.293 -4.453 -8.951 -12.380 -4.261 -4.133 -4.323 -4.403
0.0152 0.01508 10.00000 1.0394089222 2.4808065891    0.937  2.578  3.5891  1.140    7  0.000  0.471     0.00     0.00 -1 -7.58e-09      0.00 6.946e-01 2.890e-01 2.334e-03 1.069e-03 6.611e-03 -1.000 1.642e-02 -1.675 -3.346 -4.101 -4.320 -4.413 -4.277 -4.351 -4.430 -4.596 -9.094 -12.523 -4.399 -4.268 -4.462 -4.546
0.0152 0.01508 10.00000 1.0394204855 2.4808089733    0.934  2.619  3.5816  1.068    7  0.000  0.470     0.00     0.00 -1  -9.2e-09      0.00 6.946e-01 2.890e-01 2.330e-03 1.071e-03 6.612e-03 -1.000 1.639e-02 -1.777 -3.464 -4.241 -4.472 -4.568 -4.427 -4.509 -4.586 -4.759 -9.257 -12.686 -4.553 -4.419 -4.619 -4.709
0.0152 0.01508 10.00000 1.0394312143 2.4808108807    0.930  2.659  3.5773  1.008    7  0.000  0.469     0.00     0.00 -1 -1.13e-08      0.00 6.946e-01 2.891e-01 2.325e-03 1.078e-03 6.612e-03 -1.000 1.637e-02 -1.879 -3.577 -4.365 -4.602 -4.702 -4.557 -4.644 -4.720 -4.897 -9.395 -12.824 -4.685 -4.548 -4.754 -4.847
0.0152 0.01508 10.00000 1.0394414663 2.4808130264    0.926  2.700  3.5731  0.948    7  0.000  0.467     0.00     0.00 -1 -1.38e-08      0.00 6.946e-01 2.891e-01 2.317e-03 1.086e-03 6.612e-03 -1.000 1.637e-02 -1.981 -3.691 -4.488 -4.733 -4.835 -4.687 -4.779 -4.854 -5.036 -9.534 -12.963 -4.818 -4.679 -4.890 -4.986
0.0152 0.01508 10.00000 1.0394508839 2.4808146954    0.921  2.742  3.5687  0.887    7  0.000  0.466     0.00     0.00 -1  -1.7e-08      0.00 6.946e-01 2.891e-01 2.309e-03 1.095e-03 6.612e-03 -1.000 1.637e-02 -2.084 -3.807 -4.614 -4.866 -4.971 -4.820 -4.917 -4.992 -5.177 -9.676 -13.104 -4.952 -4.813 -5.028 -5.128
0.0152 0.01508 10.00000 1.0394591093 2.4808163643    0.916  2.785  3.5640  0.822    7  0.000  0.464     0.00     0.00 -1 -2.11e-08      0.00 6.946e-01 2.891e-01 2.302e-03 1.104e-03 6.612e-03 -1.000 1.637e-02 -2.193 -3.930 -4.746 -5.006 -5.115 -4.960 -5.063 -5.137 -5.327 -9.826 -13.254 -5.095 -4.954 -5.175 -5.278
0.0152 0.01508 10.00000 1.0394649506 2.4808173180    0.911  2.828  3.5591  0.758    7  0.000  0.463     0.00     0.00 -1 -2.59e-08      0.00 6.946e-01 2.891e-01 2.296e-03 1.112e-03 6.612e-03 -1.000 1.636e-02 -2.300 -4.052 -4.878 -5.146 -5.259 -5.100 -5.209 -5.282 -5.477 -9.976 -13.404 -5.237 -5.094 -5.321 -5.428
0.0152 0.01508 10.00000 1.0394688845 2.4808182716    0.907  2.868  3.5545  0.697    7  0.000  0.462     0.00     0.00 -1 -3.13e-08      0.00 6.946e-01 2.891e-01 2.290e-03 1.119e-03 6.612e-03 -1.000 1.636e-02 -2.401 -4.166 -5.001 -5.278 -5.394 -5.232 -5.346 -5.419 -5.619 -10.117 -13.546 -5.371 -5.227 -5.459 -5.569
0.0152 0.01508 10.00000 1.0394723415 2.4808187485    0.903  2.908  3.5497  0.637    7  0.000  0.461     0.00     0.00 -1 -3.79e-08      0.00 6.946e-01 2.891e-01 2.285e-03 1.124e-03 6.612e-03 -1.000 1.636e-02 -2.501 -4.280 -5.125 -5.409 -5.529 -5.364 -5.484 -5.556 -5.761 -10.259 -13.688 -5.504 -5.359 -5.598 -5.711
0.0152 0.01508 10.00000 1.0394754410 2.4808194637    0.899  2.948  3.5448  0.575    7  0.000  0.460     0.00     0.00 -1 -4.56e-08      0.00 6.946e-01 2.891e-01 2.281e-03 1.129e-03 6.612e-03 -1.000 1.636e-02 -2.600 -4.395 -5.248 -5.541 -5.665 -5.496 -5.622 -5.693 -5.903 -10.401 -13.830 -5.638 -5.492 -5.737 -5.853
0.0152 0.01508 10.00000 1.0394783020 2.4808199406    0.894  2.987  3.5400  0.515    7  0.000  0.460     0.00     0.00 -1 -5.47e-08      0.00 6.946e-01 2.891e-01 2.279e-03 1.133e-03 6.612e-03 -1.000 1.636e-02 -2.697 -4.508 -5.368 -5.671 -5.798 -5.626 -5.757 -5.828 -6.043 -10.541 -13.969 -5.769 -5.622 -5.873 -5.993
0.0152 0.01508 10.00000 1.0394809246 2.4808204174    0.889  3.022  3.5353  0.458    7  0.000  0.459     0.00     0.00 -1 -6.51e-08      0.00 6.946e-01 2.891e-01 2.277e-03 1.135e-03 6.612e-03 -1.000 1.633e-02 -2.786 -4.613 -5.480 -5.791 -5.922 -5.749 -5.884 -5.955 -6.178 -10.675 -14.103 -5.891 -5.745 -6.005 -6.128
0.0152 0.01508 10.00000 1.0394835472 2.4808208942    0.883  3.058  3.5305  0.400    7  0.000  0.459     0.00     0.00 -1 -7.71e-08      0.00 6.946e-01 2.891e-01 2.277e-03 1.136e-03 6.612e-03 -1.000 1.633e-02 -2.875 -4.718 -5.591 -5.912 -6.047 -5.873 -6.013 -6.084 -6.316 -10.811 -14.240 -6.013 -5.870 -6.139 -6.266
0.0152 0.01508 10.00000 1.0394862890 2.4808216095    0.875  3.094  3.5254  0.339    7  0.000  0.459     0.00     0.00 -1 -9.26e-08      0.00 6.946e-01 2.891e-01 2.276e-03 1.136e-03 6.612e-03 -1.000 1.633e-02 -2.965 -4.827 -5.705 -6.036 -6.175 -6.001 -6.146 -6.216 -6.457 -10.950 -14.381 -6.139 -5.999 -6.278 -6.408
0.0152 0.01508 10.00000 1.0394891500 2.4808220863    0.865  3.129  3.5203  0.279    7  0.000  0.459     0.00     0.00 -1 -1.11e-07      0.00 6.946e-01 2.891e-01 2.276e-03 1.136e-03 6.612e-03 -1.000 1.633e-02 -3.052 -4.931 -5.814 -6.157 -6.300 -6.126 -6.275 -6.345 -6.598 -11.089 -14.520 -6.260 -6.124 -6.416 -6.549
0.0152 0.01508 10.00000 1.0394922495 2.4808225632    0.851  3.162  3.5151  0.218    7  0.000  0.459     0.00     0.00 -1 -1.32e-07      0.00 6.946e-01 2.891e-01 2.276e-03 1.136e-03 6.612e-03 -1.000 1.633e-02 -3.136 -5.031 -5.919 -6.273 -6.422 -6.246 -6.400 -6.470 -6.737 -11.225 -14.657 -6.377 -6.245 -6.551 -6.689
0.0152 0.01508 10.00000 1.0394955873 2.4808232784    0.835  3.207  3.5079  0.137    7  0.000  0.459     0.00     0.00 -1 -1.68e-07      0.00 6.946e-01 2.891e-01 2.276e-03 1.136e-03 6.612e-03 -1.000 1.633e-02 -3.248 -5.167 -6.062 -6.431 -6.585 -6.409 -6.568 -6.638 -6.930 -11.412 -14.845 -6.534 -6.408 -6.737 -6.882
0.0152 0.01508 10.00000 1.0394976139 2.4808237553    0.821  3.300  3.4927 -0.026    7  0.000  0.459     0.00     0.00 -1 -2.57e-07      0.00 6.946e-01 2.891e-01 2.276e-03 1.136e-03 6.612e-03 -1.000 1.633e-02 -3.481 -5.448 -6.358 -6.757 -6.923 -6.747 -6.913 -6.978 -7.336 -11.800 -15.239 -6.850 -6.745 -7.130 -7.291
0.0152 0.01508 10.00000 1.0394980907 2.4808237553    0.814  3.317  3.4896 -0.058    7  0.000  0.459     0.00     0.00 -1 -2.81e-07      0.00 6.946e-01 2.891e-01 2.276e-03 1.136e-03 6.612e-03 -1.000 1.633e-02 -3.522 -5.499 -6.411 -6.816 -6.985 -6.810 -6.977 -7.042 -7.419 -11.878 -15.318 -6.907 -6.809 -7.210 -7.374
0.0152 0.01508 10.00000 1.0394982100 2.4808237553    0.812  3.308  3.4907 -0.045    7  0.000  0.459     0.00     0.00 -1 -2.72e-07      0.00 6.946e-01 2.891e-01 2.276e-03 1.136e-03 6.612e-03 -1.000 1.633e-02 -3.500 -5.473 -6.385 -6.787 -6.955 -6.780 -6.946 -7.012 -7.381 -11.842 -15.282 -6.879 -6.778 -7.174 -7.337
0.0152 0.01508 10.00000 1.0394983292 2.4808237553    0.812  3.297  3.4922 -0.029    7  0.000  0.459     0.00     0.00 -1 -2.61e-07      0.00 6.946e-01 2.891e-01 2.276e-03 1.136e-03 6.612e-03 -1.000 1.633e-02 -3.473 -5.442 -6.352 -6.752 -6.919 -6.743 -6.909 -6.974 -7.336 -11.799 -15.238 -6.844 -6.741 -7.130 -7.291
0.0152 0.01508 10.00000 1.0394984484 2.4808237553    0.810  3.319  3.4888 -0.066    7  0.000  0.459     0.00     0.00 -1 -2.87e-07      0.00 6.946e-01 2.891e-01 2.276e-03 1.136e-03 6.612e-03 -1.000 1.633e-02 -3.528 -5.507 -6.420 -6.826 -6.996 -6.822 -6.988 -7.053 -7.434 -11.892 -15.332 -6.916 -6.820 -7.225 -7.390
0.0152 0.01508 10.00000 1.0394986868 2.4808239937    0.808  3.339  3.4857 -0.099    7  0.000  0.459     0.00     0.00 -1 -3.14e-07      0.00 6.946e-01 2.891e-01 2.276e-03 1.136e-03 6.612e-03 -1.000 1.633e-02 -3.578 -5.567 -6.483 -6.893 -7.066 -6.894 -7.059 -7.124 -7.523 -11.977 -15.419 -6.979 -6.892 -7.311 -7.480
0.0152 0.01508 10.00000 1.0394989252 2.4808239937    0.805  3.362  3.4821 -0.138    7  0.000  0.459     0.00     0.00 -1 -3.47e-07      0.00 6.946e-01 2.891e-01 2.276e-03 1.136e-03 6.612e-03 -1.000 1.633e-02 -3.635 -5.634 -6.553 -6.969 -7.145 -6.977 -7.140 -7.205 -7.623 -12.073 -15.515 -7.051 -6.974 -7.407 -7.580
0.0152 0.01508 10.00000 1.0394990444 2.4808239937    0.801  3.381  3.4791 -0.171    7  0.000  0.459     0.00     0.00 -1 -3.79e-07      0.01 6.946e-01 2.891e-01 2.276e-03 1.136e-03 6.612e-03 -1.000 1.633e-02 -3.682 -5.690 -6.611 -7.032 -7.210 -7.045 -7.207 -7.272 -7.708 -12.154 -15.597 -7.110 -7.042 -7.489 -7.666
0.0152 0.01508 10.00000 1.0394994020 2.4808239937    0.796  3.400  3.4757 -0.206    7  0.524  0.459     0.00     0.00 -1 -4.17e-07      0.01 6.946e-01 2.891e-01 2.276e-03 1.136e-03 6.612e-03 -1.000 1.633e-02 -3.731 -5.749 -6.672 -7.097 -7.278 -7.117 -7.277 -7.344 -7.811 -12.250 -15.696 -7.172 -7.114 -7.587 -7.769
0.0152 0.01508 10.00000 1.0394997597 2.4808239937    0.790  3.420  3.4722 -0.244    7  0.522  0.459     0.00     0.00 -1 -4.58e-07      0.01 6.946e-01 2.891e-01 2.276e-03 1.136e-03 6.612e-03 -1.000 1.633e-02 -3.781 -5.808 -6.734 -7.163 -7.349 -7.192 -7.350 -7.417 -7.914 -12.346 -15.794 -7.235 -7.188 -7.686 -7.873
0.0152 0.01508 10.00000 1.0395001173 2.4808242321    0.783  3.434  3.4697 -0.271    8  0.522  0.480   302.85   128.69  0 -4.97e-07      0.01 6.946e-01 2.904e-01 2.388e-03 1.138e-03 6.627e-03 -1.000 1.503e-02 -3.814 -5.848 -6.776 -7.209 -7.397 -7.244 -7.400 -7.468 -7.987 -12.414 -15.863 -7.278 -7.239 -7.755 -7.946
0.0152 0.01508 10.00000 1.0395001173 2.4808242321    0.782  3.160  3.5084  0.157    8  0.522  0.480   120.31    57.92  0 -1.68e-07      0.00 6.946e-01 2.904e-01 2.388e-03 1.138e-03 6.627e-03 -1.000 1.503e-02 -3.131 -5.048 -5.943 -6.311 -6.465 -6.289 -6.447 -6.516 -6.810 -11.291 -14.725 -6.413 -6.288 -6.617 -6.762
0.0152 0.01508 10.00000 1.0395002365 2.4808242321    0.781  3.030  3.5277  0.364    8  0.522  0.480    76.91    39.32  1 -9.87e-08      0.00 6.946e-01 2.904e-01 2.388e-03 1.138e-03 6.627e-03 -1.000 1.503e-02 -2.804 -4.657 -5.533 -5.860 -5.997 -5.824 -5.966 -6.037 -6.280 -10.772 -14.203 -5.962 -5.821 -6.102 -6.231
0.0152 0.01508 10.00000 1.0395003557 2.4808242321    0.779  2.870  3.5514  0.617    8  0.522  0.480    44.51    24.48  1 -5.07e-08      0.00 6.946e-01 2.904e-01 2.388e-03 1.138e-03 6.627e-03 -1.000 1.503e-02 -2.404 -4.179 -5.019 -5.302 -5.421 -5.256 -5.374 -5.448 -5.651 -10.150 -13.578 -5.397 -5.251 -5.489 -5.601
0.0152 0.01508 10.00000 1.0395005941 2.4808242321    0.776  2.897  3.5471  0.571    8  0.522  0.480    49.19    26.64  1 -5.77e-08      0.00 6.946e-01 2.904e-01 2.388e-03 1.138e-03 6.627e-03 -1.000 1.503e-02 -2.472 -4.261 -5.108 -5.399 -5.521 -5.354 -5.477 -5.549 -5.759 -10.257 -13.685 -5.495 -5.349 -5.594 -5.709
0.0152 0.01508 10.00000 1.0395008326 2.4808242321    0.771  3.025  3.5275  0.362    8  0.522  0.480    77.28    39.29  1 -1.01e-07      0.00 6.946e-01 2.904e-01 2.388e-03 1.138e-03 6.627e-03 -1.000 1.503e-02 -2.794 -4.648 -5.523 -5.851 -5.989 -5.815 -5.957 -6.029 -6.273 -10.765 -14.196 -5.953 -5.812 -6.094 -6.224
0.0152 0.01508 10.00000 1.0395010710 2.4808242321    0.766  3.184  3.5034  0.104    8  0.523  0.480   134.76    63.35  0 -1.96e-07      0.00 6.946e-01 2.904e-01 2.388e-03 1.138e-03 6.627e-03 -1.000 1.503e-02 -3.190 -5.124 -6.023 -6.400 -6.556 -6.382 -6.541 -6.609 -6.922 -11.398 -14.834 -6.498 -6.380 -6.725 -6.875
0.0152 0.01508 10.00000 1.0395014286 2.4808244705    0.760  3.312  3.4837 -0.106    8  0.523  0.480   212.13    93.47  0 -3.34e-07      0.00 6.946e-01 2.904e-01 2.388e-03 1.138e-03 6.627e-03 -1.000 1.503e-02 -3.510 -5.504 -6.422 -6.835 -7.008 -6.838 -7.002 -7.066 -7.480 -11.931 -15.373 -6.917 -6.836 -7.265 -7.437
0.0152 0.01508 10.00000 1.0395019054 2.4808244705    0.753  3.392  3.4711 -0.241    8  0.523  0.480   283.55   119.64  0  -4.7e-07      0.01 6.946e-01 2.904e-01 2.388e-03 1.138e-03 6.627e-03 -1.000 1.503e-02 -3.710 -5.740 -6.667 -7.097 -7.283 -7.127 -7.284 -7.351 -7.859 -12.288 -15.737 -7.166 -7.123 -7.629 -7.818
0.0152 0.01508 10.00000 1.0395023823 2.4808244705    0.745  3.432  3.4646 -0.311    8  0.523  0.480   330.01   135.78  0 -5.64e-07      0.01 6.946e-01 2.904e-01 2.388e-03 1.138e-03 6.627e-03 -1.000 1.503e-02 -3.809 -5.856 -6.786 -7.223 -7.415 -7.269 -7.421 -7.490 -8.052 -12.470 -15.923 -7.285 -7.264 -7.813 -8.011
0.0152 0.01508 10.00000 1.0395028591 2.4808247089    0.736  3.447  3.4615 -0.344    8  0.524  0.480   354.41   143.64  0 -6.19e-07      0.01 6.946e-01 2.904e-01 2.388e-03 1.138e-03 6.627e-03 -1.000 1.503e-02 -3.847 -5.902 -6.835 -7.276 -7.473 -7.332 -7.483 -7.554 -8.156 -12.566 -16.022 -7.336 -7.326 -7.912 -8.117
0.0152 0.01508 10.00000 1.0395034552 2.4808247089    0.727  3.453  3.4657 -0.339    8  0.524  0.480   351.07   141.57  0 -6.76e-07      0.02 6.946e-01 2.904e-01 2.388e-03 1.138e-03 6.627e-03 -1.000 1.503e-02 -3.864 -5.905 -6.836 -7.277 -7.476 -7.332 -7.490 -7.568 -8.206 -12.605 -16.065 -7.349 -7.327 -7.961 -8.170
0.0152 0.01508 10.00000 1.0395034552 2.4808247089    0.726  3.239  3.4916 -0.022    8  0.524  0.480   176.90    78.27  0 -2.85e-07      0.00 6.946e-01 2.904e-01 2.388e-03 1.138e-03 6.627e-03 -1.000 1.503e-02 -3.328 -5.298 -6.209 -6.610 -6.777 -6.601 -6.767 -6.833 -7.217 -11.674 -15.115 -6.701 -6.600 -7.008 -7.173
0.0152 0.01508 10.00000 1.0395034552 2.4808247089    0.726  3.057  3.5186  0.268    8  0.524  0.480    94.77    45.61  0 -1.38e-07      0.00 6.946e-01 2.904e-01 2.388e-03 1.138e-03 6.627e-03 -1.000 1.503e-02 -2.873 -4.758 -5.643 -5.989 -6.134 -5.960 -6.110 -6.181 -6.450 -10.936 -14.369 -6.092 -5.958 -6.265 -6.402
0.0152 0.01508 10.00000 1.0395035744 2.4808247089    0.724  2.897  3.5424  0.523    8  0.524  0.480    54.67    28.32  1 -7.09e-08      0.00 6.946e-01 2.904e-01 2.388e-03 1.138e-03 6.627e-03 -1.000 1.503e-02 -2.472 -4.276 -5.132 -5.431 -5.557 -5.386 -5.514 -5.587 -5.808 -10.303 -13.733 -5.528 -5.382 -5.639 -5.758
0.0152 0.01508 10.00000 1.0395036936 2.4808249474    0.723  2.924  3.5382  0.478    8  0.524  0.480    60.17    30.73  1 -7.99e-08      0.00 6.946e-01 2.904e-01 2.388e-03 1.138e-03 6.627e-03 -1.000 1.503e-02 -2.539 -4.356 -5.218 -5.525 -5.654 -5.482 -5.615 -5.687 -5.915 -10.409 -13.839 -5.624 -5.478 -5.743 -5.866
0.0152 0.01508 10.00000 1.0395036936 2.4808249474    0.720  3.050  3.5188  0.273    8  0.524  0.480    93.77    45.03  0 -1.36e-07      0.00 6.946e-01 2.904e-01 2.388e-03 1.138e-03 6.627e-03 -1.000 1.503e-02 -2.855 -4.739 -5.624 -5.969 -6.114 -5.940 -6.090 -6.160 -6.429 -10.916 -14.348 -6.072 -5.938 -6.244 -6.381
0.0152 0.01508 10.00000 1.0395039320 2.4808249474    0.718  3.206  3.4947  0.018    8  0.525  0.480   162.31    72.22  0 -2.58e-07      0.00 6.946e-01 2.904e-01 2.388e-03 1.138e-03 6.627e-03 -1.000 1.503e-02 -3.245 -5.206 -6.114 -6.508 -6.672 -6.496 -6.661 -6.726 -7.093 -11.554 -14.994 -6.601 -6.495 -6.887 -7.048
0.0152 0.01508 10.00000 1.0395040512 2.4808249474    0.714  3.332  3.4748 -0.190    8  0.525  0.480   254.32   106.22  0  -4.3e-07      0.01 6.946e-01 2.904e-01 2.388e-03 1.138e-03 6.627e-03 -1.000 1.503e-02 -3.561 -5.580 -6.505 -6.930 -7.111 -6.951 -7.109 -7.175 -7.664 -12.097 -15.545 -7.001 -6.947 -7.437 -7.623
0.0152 0.01508 10.00000 1.0395041704 2.4808249474    0.711  3.411  3.4618 -0.322    8  0.525  0.480   338.88   135.76  0 -5.91e-07      0.01 6.946e-01 2.904e-01 2.388e-03 1.138e-03 6.627e-03 -1.000 1.503e-02 -3.758 -5.812 -6.744 -7.183 -7.378 -7.235 -7.385 -7.454 -8.044 -12.458 -15.912 -7.240 -7.229 -7.801 -8.005
0.0152 0.01508 10.00000 1.0395044088 2.4808249474    0.706  3.450  3.4550 -0.391    8  0.525  0.480   393.08   153.84  0 -6.95e-07      0.02 6.946e-01 2.904e-01 2.388e-03 1.138e-03 6.627e-03 -1.000 1.503e-02 -3.855 -5.925 -6.860 -7.307 -7.511 -7.380 -7.525 -7.600 -8.257 -12.658 -16.117 -7.359 -7.372 -8.003 -8.220
0.0152 0.01508 10.00000 1.0395046473 2.4808249474    0.702  3.465  3.4518 -0.422    8  0.525  0.480   420.09   162.34  0 -7.49e-07      0.02 6.946e-01 2.904e-01 2.388e-03 1.138e-03 6.627e-03 -1.000 1.503e-02 -3.893 -5.970 -6.906 -7.356 -7.565 -7.439 -7.582 -7.659 -8.346 -12.742 -16.203 -7.406 -7.430 -8.087 -8.310
0.0152 0.01508 10.00000 1.0395048857 2.4808249474    0.696  3.471  3.4730 -0.346    8  0.525  0.480   357.47   140.60  0 -8.62e-07      0.02 6.946e-01 2.904e-01 2.388e-03 1.138e-03 6.627e-03 -1.000 1.503e-02 -3.908 -5.926 -6.853 -7.294 -7.501 -7.356 -7.527 -7.626 -8.384 -12.750 -16.224 -7.392 -7.351 -8.130 -8.353
0.0152 0.01508 10.00000 1.0395048857 2.4808249474    0.696  3.260  3.4839 -0.092    8  0.525  0.480   206.47    87.46  0 -3.49e-07      0.00 6.946e-01 2.904e-01 2.388e-03 1.138e-03 6.627e-03 -1.000 1.503e-02 -3.381 -5.374 -6.292 -6.704 -6.877 -6.707 -6.871 -6.935 -7.362 -11.809 -15.252 -6.786 -6.705 -7.146 -7.320
0.0152 0.01508 10.00000 1.0395048857 2.4808249474    0.695  3.079  3.5130  0.205    8  0.525  0.480   108.81    50.23  0 -1.71e-07      0.00 6.946e-01 2.904e-01 2.388e-03 1.138e-03 6.627e-03 -1.000 1.503e-02 -2.928 -4.830 -5.721 -6.080 -6.230 -6.055 -6.210 -6.282 -6.578 -11.057 -14.492 -6.184 -6.053 -6.387 -6.530
0.0152 0.01508 10.00000 1.0395050049 2.4808251858    0.694  2.919  3.5389  0.468    8  0.525  0.480    61.72    30.73  1 -8.92e-08      0.00 6.946e-01 2.904e-01 2.388e-03 1.138e-03 6.627e-03 -1.000 1.503e-02 -2.528 -4.343 -5.203 -5.510 -5.639 -5.466 -5.599 -5.672 -5.903 -10.396 -13.827 -5.609 -5.463 -5.731 -5.854
0.0152 0.01508 10.00000 1.0395051241 2.4808251858    0.692  2.946  3.5349  0.424    8  0.526  0.480    67.95    33.33  1 -1.01e-07      0.00 6.946e-01 2.904e-01 2.388e-03 1.138e-03 6.627e-03 -1.000 1.503e-02 -2.594 -4.423 -5.289 -5.604 -5.736 -5.563 -5.699 -5.772 -6.014 -10.505 -13.937 -5.705 -5.560 -5.839 -5.966
0.0152 0.01508 10.00000 1.0395052433 2.4808251858    0.689  3.072  3.5147  0.215    8  0.526  0.480   106.62    49.08  0 -1.71e-07      0.00 6.946e-01 2.904e-01 2.388e-03 1.138e-03 6.627e-03 -1.000 1.503e-02 -2.909 -4.806 -5.695 -6.050 -6.200 -6.025 -6.179 -6.251 -6.546 -11.026 -14.461 -6.155 -6.023 -6.356 -6.499
0.0152 0.01508 10.00000 1.0395053625 2.4808251858    0.685  3.227  3.4895 -0.043    8  0.526  0.480   186.07    79.19  0 -3.22e-07      0.00 6.946e-01 2.904e-01 2.388e-03 1.138e-03 6.627e-03 -1.000 1.503e-02 -3.297 -5.273 -6.187 -6.591 -6.760 -6.586 -6.753 -6.819 -7.228 -11.678 -15.122 -6.681 -6.584 -7.016 -7.186
0.0152 0.01508 10.00000 1.0395054817 2.4808251858    0.681  3.353  3.4690 -0.253    8  0.526  0.480   293.20   116.89  0 -5.34e-07      0.01 6.946e-01 2.904e-01 2.388e-03 1.138e-03 6.627e-03 -1.000 1.503e-02 -3.612 -5.646 -6.575 -7.007 -7.195 -7.043 -7.199 -7.267 -7.823 -12.240 -15.693 -7.074 -7.038 -7.587 -7.783
0.0152 0.01508 10.00000 1.0395057201 2.4808251858    0.677  3.431  3.4561 -0.387    8  0.526  0.480   391.23   149.33  0 -7.35e-07      0.02 6.946e-01 2.904e-01 2.388e-03 1.138e-03 6.627e-03 -1.000 1.503e-02 -3.808 -5.874 -6.810 -7.257 -7.462 -7.331 -7.478 -7.555 -8.240 -12.634 -16.096 -7.313 -7.323 -7.985 -8.205
0.0152 0.01508 10.00000 1.0395059586 2.4808251858    0.671  3.470  3.4499 -0.454    8  0.526  0.480   452.64   168.52  0 -8.73e-07      0.02 6.946e-01 2.904e-01 2.388e-03 1.138e-03 6.627e-03 -1.000 1.503e-02 -3.906 -5.984 -6.923 -7.377 -7.594 -7.474 -7.618 -7.702 -8.466 -12.845 -16.313 -7.431 -7.464 -8.198 -8.432
0.0152 0.01508 10.00000 1.0395061970 2.4808254242    0.666  3.486  3.4478 -0.481    8  0.526  0.480   481.09   176.58  0 -9.52e-07      0.03 6.946e-01 2.904e-01 2.388e-03 1.138e-03 6.627e-03 -1.000 1.503e-02 -3.944 -6.025 -6.965 -7.422 -7.645 -7.531 -7.675 -7.766 -8.580 -12.949 -16.422 -7.479 -7.521 -8.305 -8.548
0.0152 0.01508 10.00000 1.0395064354 2.4808254242    0.659  3.492  3.4818 -0.356    8  0.527  0.480   368.01   139.10  0 -1.16e-06      0.04 6.946e-01 2.904e-01 2.388e-03 1.138e-03 6.627e-03 -1.000 1.503e-02 -3.961 -5.943 -6.866 -7.308 -7.531 -7.394 -7.581 -7.718 -8.702 -13.021 -16.516 -7.443 -7.388 -8.421 -8.676
0.0152 0.01508 10.00000 1.0395064354 2.4808254242    0.659  3.286  3.4833 -0.144    8  0.527  0.480   232.75    93.57  0 -4.64e-07      0.01 6.946e-01 2.904e-01 2.388e-03 1.138e-03 6.627e-03 -1.000 1.503e-02 -3.445 -5.438 -6.356 -6.773 -6.953 -6.787 -6.954 -7.027 -7.542 -11.965 -15.417 -6.862 -6.784 -7.317 -7.503
0.0152 0.01508 10.00000 1.0395064354 2.4808254242    0.658  3.105  3.5149  0.162    8  0.527  0.480   120.36    52.84  0  -2.3e-07      0.00 6.946e-01 2.904e-01 2.388e-03 1.138e-03 6.627e-03 -1.000 1.503e-02 -2.994 -4.890 -5.776 -6.134 -6.287 -6.113 -6.269 -6.346 -6.686 -11.153 -14.593 -6.242 -6.112 -6.491 -6.641
0.0152 0.01508 10.00000 1.0395065546 2.4808254242    0.656  2.945  3.5434  0.435    8  0.527  0.480    66.88    31.72  1 -1.21e-07      0.00 6.946e-01 2.904e-01 2.388e-03 1.138e-03 6.627e-03 -1.000 1.503e-02 -2.594 -4.396 -5.245 -5.547 -5.676 -5.506 -5.634 -5.711 -5.960 -10.447 -13.881 -5.648 -5.502 -5.788 -5.912
0.0152 0.01508 10.00000 1.0395066738 2.4808254242    0.653  2.972  3.5396  0.391    8  0.527  0.480    73.59    34.34  0 -1.38e-07      0.00 6.946e-01 2.904e-01 2.388e-03 1.138e-03 6.627e-03 -1.000 1.503e-02 -2.661 -4.475 -5.331 -5.640 -5.772 -5.601 -5.733 -5.811 -6.074 -10.558 -13.993 -5.743 -5.597 -5.899 -6.026
0.0152 0.01508 10.00000 1.0395067930 2.4808254242    0.649  3.098  3.5186  0.179    8  0.527  0.480   116.36    50.81  0 -2.34e-07      0.00 6.946e-01 2.904e-01 2.388e-03 1.138e-03 6.627e-03 -1.000 1.503e-02 -2.974 -4.858 -5.740 -6.091 -6.241 -6.069 -6.222 -6.300 -6.644 -11.110 -14.551 -6.200 -6.067 -6.450 -6.599
0.0152 0.01508 10.00000 1.0395069122 2.4808254242    0.645  3.252  3.4923 -0.083    8  0.527  0.480   205.19    82.50  0  -4.4e-07      0.01 6.946e-01 2.904e-01 2.388e-03 1.138e-03 6.627e-03 -1.000 1.503e-02 -3.359 -5.326 -6.235 -6.640 -6.814 -6.643 -6.814 -6.893 -7.393 -11.818 -15.271 -6.741 -6.641 -7.172 -7.354
0.0152 0.01508 10.00000 1.0395071507 2.4808254242    0.640  3.377  3.4711 -0.296    8  0.527  0.480   325.81   122.21  0 -7.31e-07      0.02 6.946e-01 2.904e-01 2.388e-03 1.138e-03 6.627e-03 -1.000 1.503e-02 -3.672 -5.696 -6.625 -7.063 -7.261 -7.113 -7.277 -7.363 -8.061 -12.442 -15.910 -7.146 -7.108 -7.812 -8.028
0.0152 0.01508 10.00000 1.0395072699 2.4808254242    0.634  3.455  3.4585 -0.430    8  0.528  0.480   435.53   155.75  0 -1.02e-06      0.03 6.946e-01 2.904e-01 2.388e-03 1.138e-03 6.627e-03 -1.000 1.503e-02 -3.869 -5.918 -6.858 -7.316 -7.538 -7.414 -7.573 -7.675 -8.548 -12.897 -16.378 -7.397 -7.405 -8.274 -8.519
0.0152 0.01508 10.00000 1.0395075083 2.4808256626    0.627  3.495  3.4535 -0.493    8  0.528  0.480   501.48   174.18  0 -1.23e-06      0.04 6.946e-01 2.904e-01 2.388e-03 1.138e-03 6.627e-03 -1.000 1.503e-02 -3.966 -6.024 -6.967 -7.432 -7.669 -7.556 -7.715 -7.828 -8.808 -13.136 -16.626 -7.517 -7.546 -8.518 -8.780
0.0152 0.01508 10.00000 1.0395078659 2.4808256626    0.620  3.511  3.4535 -0.515    8  0.528  0.480   527.31   179.72  0 -1.37e-06      0.05 6.946e-01 2.904e-01 2.388e-03 1.138e-03 6.627e-03 -1.000 1.503e-02 -4.007 -6.061 -7.006 -7.475 -7.718 -7.609 -7.772 -7.894 -8.938 -13.252 -16.747 -7.567 -7.599 -8.641 -8.912
0.0152 0.01508 10.00000 1.0395081043 2.4808256626    0.612  3.518  3.5011 -0.337    8  0.528  0.480   361.49   127.81  0 -1.76e-06      0.08 6.946e-01 2.904e-01 2.388e-03 1.138e-03 6.627e-03 -1.000 1.503e-02 -4.025 -5.927 -6.833 -7.265 -7.517 -7.416 -7.620 -7.835 -9.209 -13.472 -16.996 -7.460 -7.403 -8.874 -9.189
0.0152 0.01508 10.00000 1.0395081043 2.4808256626    0.611  3.316  3.4959 -0.157    8  0.528  0.480   245.11    91.25  0 -7.04e-07      0.02 6.946e-01 2.904e-01 2.388e-03 1.138e-03 6.627e-03 -1.000 1.503e-02 -3.521 -5.472 -6.376 -6.784 -6.971 -6.810 -6.988 -7.095 -7.811 -12.183 -15.658 -6.906 -6.807 -7.565 -7.778
0.0152 0.01508 10.00000 1.0395081043 2.4808256626    0.610  3.137  3.5322  0.167    8  0.528  0.480   122.01    49.79  0 -3.52e-07      0.01 6.946e-01 2.904e-01 2.388e-03 1.138e-03 6.627e-03 -1.000 1.503e-02 -3.072 -4.912 -5.772 -6.102 -6.250 -6.086 -6.228 -6.322 -6.784 -11.215 -14.667 -6.218 -6.081 -6.580 -6.743
0.0152 0.01508 10.00000 1.0395082235 2.4808256626    0.607  2.977  3.5658  0.460    8  0.528  0.480    65.02    28.76  1 -1.84e-07      0.00 6.946e-01 2.904e-01 2.388e-03 1.138e-03 6.627e-03 -1.000 1.503e-02 -2.672 -4.412 -5.206 -5.478 -5.597 -5.440 -5.544 -5.632 -5.936 -10.401 -13.842 -5.576 -5.433 -5.770 -5.892
0.0152 0.01508 10.00000 1.0395083427 2.4808256626    0.604  3.004  3.5634  0.421    8  0.528  0.480    70.91    30.78  0 -2.11e-07      0.00 6.946e-01 2.904e-01 2.388e-03 1.138e-03 6.627e-03 -1.000 1.503e-02 -2.739 -4.486 -5.285 -5.562 -5.684 -5.528 -5.635 -5.725 -6.070 -10.525 -13.969 -5.663 -5.520 -5.897 -6.027
0.0152 0.01508 10.00000 1.0395084620 2.4808256626    0.600  3.128  3.5421  0.208    8  0.529  0.480   112.68    45.51  0 -3.64e-07      0.01 6.946e-01 2.904e-01 2.388e-03 1.138e-03 6.627e-03 -1.000 1.503e-02 -3.050 -4.859 -5.702 -6.016 -6.160 -6.000 -6.133 -6.232 -6.727 -11.148 -14.603 -6.132 -5.994 -6.523 -6.688
0.0152 0.01508 10.00000 1.0395085812 2.4808256626    0.595  3.281  3.5152 -0.056    8  0.529  0.480   200.35    73.92  0 -6.96e-07      0.02 6.946e-01 2.904e-01 2.388e-03 1.138e-03 6.627e-03 -1.000 1.503e-02 -3.433 -5.323 -6.204 -6.577 -6.753 -6.598 -6.765 -6.884 -7.641 -12.006 -15.486 -6.711 -6.593 -7.394 -7.610
0.0152 0.01508 10.00000 1.0395088196 2.4808259010    0.588  3.405  3.4946 -0.267    8  0.529  0.480   318.30   108.54  0 -1.18e-06      0.04 6.946e-01 2.904e-01 2.388e-03 1.138e-03 6.627e-03 -1.000 1.503e-02 -3.744 -5.685 -6.593 -7.018 -7.236 -7.099 -7.291 -7.444 -8.511 -12.817 -16.320 -7.170 -7.091 -8.220 -8.487
0.0152 0.01508 10.00000 1.0395090580 2.4808259010    0.581  3.484  3.4844 -0.392    8  0.529  0.480   420.21   135.16  0 -1.67e-06      0.07 6.946e-01 2.904e-01 2.388e-03 1.138e-03 6.627e-03 -1.000 1.503e-02 -3.939 -5.892 -6.820 -7.275 -7.530 -7.418 -7.623 -7.812 -9.108 -13.377 -16.896 -7.447 -7.406 -8.784 -9.088
0.0152 0.01508 10.00000 1.0395092964 2.4808259010    0.574  3.523  3.4839 -0.439    8  0.529  0.480   471.44   145.27  0 -2.08e-06      0.10 6.946e-01 2.904e-01 2.388e-03 1.138e-03 6.627e-03 -1.000 1.503e-02 -4.037 -5.976 -6.911 -7.377 -7.654 -7.558 -7.773 -7.993 -9.455 -13.701 -17.230 -7.570 -7.544 -9.106 -9.437
0.0152 0.01508 10.00000 1.0395095348 2.4808259010    0.565  3.539  3.4903 -0.436    8  0.530  0.480   477.89   141.63  0  -2.4e-06      0.13 6.946e-01 2.904e-01 2.388e-03 1.138e-03 6.627e-03 -1.000 1.503e-02 -4.079 -5.979 -6.915 -7.384 -7.684 -7.607 -7.836 -8.095 -9.686 -13.923 -17.461 -7.612 -7.588 -9.311 -9.669
0.0152 0.01508 10.00000 1.0395098925 2.4808261395    0.556  3.548  3.5386 -0.258    8  0.530  0.480   335.06    98.85  0 -2.97e-06      0.26 6.946e-01 2.904e-01 2.388e-03 1.138e-03 6.627e-03 -1.000 1.503e-02 -4.099 -5.766 -6.681 -7.138 -7.572 -7.638 -7.885 -8.310 -10.408 -14.623 -18.180 -7.523 -7.590 -9.920 -10.391
0.0152 0.01508 10.00000 1.0395104885 2.4808261395    0.530 -9.999  4.0000  1.855    9  0.530  0.000     0.00     0.00 -1    -1e-30      0.00 6.946e-01 2.904e-01 2.388e-03 1.138e-03 6.627e-03 -1.000 1.503e-02 29.767 30.031 30.059 30.071 30.078 30.077 30.081 30.085 29.605 29.951 30.018 30.077 30.078 29.679 29.787
#isochrone terminated
