# File generated by CMD 3.3 (http://stev.oapd.inaf.it/cmd) on Wed Apr 22 15:19:41 CEST 2020
# isochrones based on PARSEC release v1.2S +  COLIBRI S_35
# Basic references: Bressan et al. (2012), MNRAS, 427, 127 + Chen et al. (2014, 2015), MNRAS, 444, 2525 + MNRAS, 452, 1068 + Tang et al. (2014), MNRAS, 445, 4287 + Marigo et al. (2017), ApJ, 835, 77 + Pastorelli al. (2019), MNRAS in press
# Thermal pulse cycles included 
# On RGB, assumed Reimers mass loss with efficiency eta=0.2
# Photometric system:  2MASS + Spitzer (IRAC+MIPS) + WISE
# Using YBC version of bolometric corrections as in Chen et al. (2019)
# O-rich circumstellar dpmod60alox40 dust from Groenewegen (2006)
# C-rich circumstellar AMCSIC15 dust from Groenewegen (2006)
# IMF: Kroupa (2001, 2002) + Kroupa et al. (2013) canonical two-part-power law IMF corrected for unresolved binaries 
# Kind of output: isochrone tables
# Zini     MH   logAge Mini        int_IMF         Mass   logL    logTe  logg  label   McoreTP C_O  period0 period1 pmode  Mloss  tau1m   X   Y   Xc  Xn  Xo  Cexcess  Z 	 mbolmag  Jmag    Hmag    Ksmag   IRAC_3.6mag  IRAC_4.5mag  IRAC_5.8mag  IRAC_8.0mag  MIPS_24mag  MIPS_70mag  MIPS_160mag  W1mag   W2mag   W3mag   W4mag
0.008 -0.27576 5.00000 0.0900000036 1.0816895962    0.090 -0.720  3.4766  2.970    0  0.000  0.545     0.00     0.00 -1 -2.65e-13      0.00 7.290e-01 2.630e-01 1.439e-03 3.881e-04 3.520e-03 -1.000 8.000e-03 6.569 4.556 3.967 3.707 3.381 3.238 3.208 3.152 2.547 2.529 2.608 3.506 3.244 3.124 2.737
0.008 -0.27576 5.00000 0.1000000015 1.1711064577    0.100 -0.643  3.4810  2.957    0  0.000  0.545     0.00     0.00 -1 -3.04e-13      0.00 7.290e-01 2.630e-01 1.439e-03 3.881e-04 3.520e-03 -1.000 8.000e-03 6.378 4.373 3.767 3.517 3.209 3.071 3.043 2.990 2.389 2.375 2.457 3.332 3.077 2.964 2.579
0.008 -0.27576 5.00000 0.1096574739 1.2470618486    0.110 -0.581  3.4857  2.954    0  0.000  0.545     0.00     0.00 -1 -3.36e-13      0.00 7.290e-01 2.630e-01 1.439e-03 3.881e-04 3.520e-03 -1.000 8.000e-03 6.222 4.229 3.604 3.363 3.073 2.941 2.914 2.863 2.268 2.259 2.346 3.195 2.947 2.841 2.458
0.008 -0.27576 5.00000 0.1205867901 1.3231705427    0.121 -0.515  3.4906  2.949    0  0.000  0.545     0.00     0.00 -1 -3.75e-13      0.00 7.290e-01 2.630e-01 1.439e-03 3.881e-04 3.520e-03 -1.000 8.000e-03 6.058 4.078 3.431 3.200 2.930 2.803 2.778 2.729 2.140 2.137 2.228 3.049 2.810 2.711 2.330
0.008 -0.27576 5.00000 0.1327196360 1.3978013992    0.133 -0.449  3.4963  2.947    0  0.000  0.545     0.00     0.00 -1 -4.17e-13      0.00 7.290e-01 2.630e-01 1.439e-03 3.881e-04 3.520e-03 -1.000 8.000e-03 5.892 3.926 3.255 3.033 2.785 2.668 2.644 2.598 2.016 2.018 2.113 2.902 2.675 2.584 2.205
0.008 -0.27576 5.00000 0.1400000006 1.4384527206    0.140 -0.410  3.4997  2.944    0  0.000  0.545     0.00     0.00 -1 -4.46e-13      0.00 7.290e-01 2.630e-01 1.439e-03 3.881e-04 3.520e-03 -1.000 8.000e-03 5.795 3.837 3.152 2.935 2.701 2.588 2.566 2.522 1.943 1.949 2.047 2.816 2.596 2.510 2.133
0.008 -0.27576 5.00000 0.1506466568 1.4931955338    0.151 -0.362  3.5047  2.949    0  0.000  0.545     0.00     0.00 -1 -4.78e-13      0.00 7.290e-01 2.630e-01 1.439e-03 3.881e-04 3.520e-03 -1.000 8.000e-03 5.675 3.732 3.027 2.816 2.600 2.496 2.474 2.432 1.859 1.872 1.974 2.712 2.504 2.424 2.049
0.008 -0.27576 5.00000 0.1634953320 1.5529204607    0.163 -0.306  3.5106  2.952    0  0.000  0.545     0.00     0.00 -1  -5.2e-13      0.00 7.290e-01 2.630e-01 1.439e-03 3.881e-04 3.520e-03 -1.000 8.000e-03 5.534 3.609 2.879 2.676 2.481 2.387 2.366 2.326 1.761 1.782 1.888 2.589 2.396 2.322 1.951
0.008 -0.27576 5.00000 0.1772664040 1.6105087996    0.177 -0.251  3.5170  2.957    0  0.000  0.545     0.00     0.00 -1 -5.63e-13      0.00 7.290e-01 2.630e-01 1.439e-03 3.881e-04 3.520e-03 -1.000 8.000e-03 5.397 3.493 2.738 2.543 2.368 2.286 2.265 2.225 1.670 1.701 1.812 2.471 2.294 2.226 1.859
0.008 -0.27576 5.00000 0.1923139542 1.6671329737    0.192 -0.193  3.5239  2.963    0  0.000  0.545     0.00     0.00 -1 -6.13e-13      0.00 7.290e-01 2.630e-01 1.439e-03 3.881e-04 3.520e-03 -1.000 8.000e-03 5.253 3.372 2.590 2.403 2.249 2.182 2.160 2.122 1.577 1.617 1.732 2.346 2.190 2.128 1.766
0.008 -0.27576 5.00000 0.2015359402 1.6990640163    0.201 -0.159  3.5281  2.966    0  0.000  0.545     0.00     0.00 -1 -6.46e-13      0.00 7.290e-01 2.630e-01 1.439e-03 3.881e-04 3.520e-03 -1.000 8.000e-03 5.168 3.300 2.503 2.320 2.179 2.120 2.099 2.062 1.523 1.568 1.685 2.272 2.129 2.071 1.713
0.008 -0.27576 5.00000 0.2197755426 1.7569582462    0.220 -0.094  3.5365  2.972    0  0.000  0.545     0.00     0.00 -1 -7.14e-13      0.00 7.290e-01 2.630e-01 1.439e-03 3.881e-04 3.520e-03 -1.000 8.000e-03 5.004 3.167 2.343 2.166 2.045 2.006 1.984 1.946 1.421 1.477 1.597 2.130 2.015 1.961 1.611
0.008 -0.27576 5.00000 0.2392963171 1.8123751879    0.239 -0.033  3.5452  2.983    0  0.000  0.545     0.00     0.00 -1 -7.76e-13      0.00 7.290e-01 2.630e-01 1.439e-03 3.881e-04 3.520e-03 -1.000 8.000e-03 4.853 3.047 2.203 2.032 1.927 1.906 1.882 1.842 1.333 1.399 1.523 2.002 1.915 1.864 1.522
0.008 -0.27576 5.00000 0.2678729296 1.8836930990    0.268  0.057  3.5571  2.989    0  0.000  0.545     0.00     0.00 -1 -8.96e-13      0.00 7.290e-01 2.630e-01 1.439e-03 3.881e-04 3.520e-03 -1.000 8.000e-03 4.628 2.864 2.004 1.838 1.751 1.755 1.727 1.683 1.193 1.275 1.401 1.811 1.763 1.713 1.382
0.008 -0.27576 5.00000 0.2960480750 1.9449312687    0.296  0.134  3.5676  2.998    0  0.000  0.545     0.00     0.00 -1 -1.01e-12      0.00 7.290e-01 2.630e-01 1.439e-03 3.881e-04 3.520e-03 -1.000 8.000e-03 4.436 2.710 1.846 1.686 1.609 1.631 1.600 1.550 1.078 1.173 1.299 1.656 1.639 1.588 1.267
0.008 -0.27576 5.00000 0.3000000119 1.9529139996    0.300  0.143  3.5690  3.000    0  0.000  0.545     0.00     0.00 -1 -1.02e-12      0.00 7.290e-01 2.630e-01 1.439e-03 3.881e-04 3.520e-03 -1.000 8.000e-03 4.413 2.692 1.829 1.669 1.593 1.618 1.586 1.535 1.065 1.162 1.288 1.638 1.625 1.574 1.255
0.008 -0.27576 5.00000 0.3103441000 1.9731771946    0.310  0.170  3.5725  3.002    0  0.000  0.545     0.00     0.00 -1 -1.06e-12      0.00 7.290e-01 2.630e-01 1.439e-03 3.881e-04 3.520e-03 -1.000 8.000e-03 4.345 2.635 1.776 1.618 1.543 1.572 1.540 1.487 1.022 1.123 1.249 1.585 1.580 1.527 1.211
0.008 -0.27576 5.00000 0.3500000238 2.0434176922    0.350  0.267  3.5848  3.006    0  0.000  0.545     0.00     0.00 -1 -1.25e-12      0.00 7.290e-01 2.630e-01 1.439e-03 3.881e-04 3.520e-03 -1.000 8.000e-03 4.102 2.428 1.591 1.439 1.369 1.411 1.375 1.315 0.868 0.982 1.108 1.398 1.418 1.362 1.057
0.008 -0.27576 5.00000 0.3816173375 2.0923907757    0.382  0.343  3.5935  3.003    0  0.000  0.545     0.00     0.00 -1 -1.43e-12      0.00 7.290e-01 2.630e-01 1.439e-03 3.881e-04 3.520e-03 -1.000 8.000e-03 3.913 2.262 1.443 1.299 1.233 1.281 1.245 1.181 0.744 0.864 0.990 1.255 1.287 1.232 0.933
0.008 -0.27576 5.00000 0.4000000358 2.1185026169    0.400  0.384  3.5982  3.001    0  0.000  0.545     0.00     0.00 -1 -1.54e-12      0.00 7.290e-01 2.630e-01 1.439e-03 3.881e-04 3.520e-03 -1.000 8.000e-03 3.810 2.170 1.364 1.223 1.159 1.209 1.173 1.108 0.676 0.800 0.926 1.178 1.215 1.161 0.865
0.008 -0.27576 5.00000 0.4500000179 2.1822810173    0.450  0.493  3.6094  2.988    0  0.000  0.545     0.00     0.00 -1 -1.89e-12      0.00 7.290e-01 2.630e-01 1.439e-03 3.881e-04 3.520e-03 -1.000 8.000e-03 3.538 1.923 1.148 1.016 0.955 1.010 0.975 0.909 0.485 0.616 0.742 0.969 1.016 0.965 0.674
0.008 -0.27576 5.00000 0.5000000000 2.2374541759    0.500  0.571  3.6185  2.992    0  0.000  0.545     0.00     0.00 -1 -2.13e-12      0.00 7.290e-01 2.630e-01 1.439e-03 3.881e-04 3.520e-03 -1.000 8.000e-03 3.343 1.747 0.999 0.874 0.816 0.873 0.841 0.775 0.357 0.491 0.618 0.827 0.879 0.834 0.546
0.008 -0.27576 5.00000 0.5500000119 2.2836582661    0.550  0.644  3.6262  2.991    0  0.000  0.545     0.00     0.00 -1 -2.42e-12      0.00 7.290e-01 2.630e-01 1.439e-03 3.881e-04 3.520e-03 -1.000 8.000e-03 3.159 1.581 0.856 0.737 0.682 0.740 0.709 0.645 0.229 0.366 0.493 0.691 0.746 0.704 0.418
0.008 -0.27576 5.00000 0.5505433679 2.2841076851    0.550  0.645  3.6263  2.991    0  0.000  0.545     0.00     0.00 -1 -2.42e-12      0.00 7.290e-01 2.630e-01 1.439e-03 3.881e-04 3.520e-03 -1.000 8.000e-03 3.157 1.580 0.854 0.735 0.681 0.738 0.708 0.644 0.228 0.364 0.492 0.690 0.745 0.703 0.417
0.008 -0.27576 5.00000 0.6000000238 2.3211214542    0.600  0.729  3.6326  2.970    0  0.000  0.545     0.00     0.00 -1 -2.88e-12      0.00 7.290e-01 2.630e-01 1.439e-03 3.881e-04 3.520e-03 -1.000 8.000e-03 2.948 1.385 0.678 0.565 0.512 0.570 0.541 0.479 0.063 0.201 0.330 0.520 0.576 0.538 0.252
0.008 -0.27576 5.00000 0.6303231120 2.3405420780    0.630  0.770  3.6360  2.964    0  0.000  0.545     0.00     0.00 -1 -3.11e-12      0.00 7.290e-01 2.630e-01 1.439e-03 3.881e-04 3.520e-03 -1.000 8.000e-03 2.846 1.291 0.595 0.484 0.433 0.490 0.462 0.400 -0.015 0.124 0.252 0.440 0.496 0.459 0.174
0.008 -0.27576 5.00000 0.6499999762 2.3520355225    0.650  0.799  3.6381  2.956    0  0.000  0.545     0.00     0.00 -1  -3.3e-12      0.00 7.290e-01 2.630e-01 1.439e-03 3.881e-04 3.520e-03 -1.000 8.000e-03 2.773 1.223 0.534 0.424 0.374 0.431 0.404 0.342 -0.073 0.066 0.195 0.381 0.437 0.401 0.116
0.008 -0.27576 5.00000 0.7000000477 2.3779268265    0.700  0.863  3.6427  2.943    0  0.000  0.545     0.00     0.00 -1 -3.74e-12      0.00 7.290e-01 2.630e-01 1.439e-03 3.881e-04 3.520e-03 -1.000 8.000e-03 2.613 1.075 0.401 0.295 0.246 0.302 0.276 0.215 -0.200 -0.060 0.069 0.252 0.308 0.274 -0.011
0.008 -0.27576 5.00000 0.7500000000 2.3998889923    0.750  0.929  3.6497  2.935    0  0.000  0.538     0.00     0.00 -1 -4.24e-12      0.00 7.290e-01 2.630e-01 1.420e-03 3.876e-04 3.521e-03 -1.000 8.000e-03 2.448 0.928 0.279 0.178 0.131 0.185 0.161 0.102 -0.313 -0.173 -0.044 0.136 0.191 0.161 -0.124
0.008 -0.27576 5.00000 0.7977272868 2.4179270267    0.798  0.982  3.6528  2.921    0  0.000  0.538     0.00     0.00 -1 -4.73e-12      0.00 7.290e-01 2.630e-01 1.420e-03 3.876e-04 3.521e-03 -1.000 8.000e-03 2.315 0.803 0.165 0.066 0.019 0.073 0.049 -0.009 -0.424 -0.284 -0.155 0.024 0.079 0.050 -0.235
0.008 -0.27576 5.00000 0.8262226582 2.4275615215    0.826  1.006  3.6546  2.919    0  0.000  0.538     0.00     0.00 -1 -4.93e-12      0.00 7.290e-01 2.630e-01 1.420e-03 3.876e-04 3.521e-03 -1.000 8.000e-03 2.254 0.747 0.115 0.017 -0.029 0.024 0.001 -0.057 -0.472 -0.332 -0.202 -0.024 0.030 0.002 -0.283
0.008 -0.27576 5.00000 0.8454545736 2.4336435795    0.845  1.025  3.6557  2.915    0  0.000  0.538     0.00     0.00 -1 -5.11e-12      0.00 7.290e-01 2.630e-01 1.420e-03 3.876e-04 3.521e-03 -1.000 8.000e-03 2.208 0.704 0.075 -0.022 -0.068 -0.014 -0.038 -0.095 -0.510 -0.370 -0.240 -0.063 -0.009 -0.036 -0.321
0.008 -0.27576 5.00000 0.8931818008 2.4474442005    0.892  1.067  3.6583  2.906    0  0.000  0.538     0.00     0.00 -1 -5.55e-12      0.00 7.290e-01 2.630e-01 1.420e-03 3.876e-04 3.521e-03 -1.000 8.000e-03 2.101 0.604 -0.015 -0.110 -0.156 -0.103 -0.126 -0.183 -0.598 -0.457 -0.328 -0.151 -0.098 -0.124 -0.409
0.008 -0.27576 5.00000 0.9409090877 2.4596471786    0.940  1.110  3.6606  2.895    0  0.000  0.538     0.00     0.00 -1 -6.04e-12      0.00 7.290e-01 2.630e-01 1.420e-03 3.876e-04 3.521e-03 -1.000 8.000e-03 1.994 0.503 -0.107 -0.201 -0.247 -0.195 -0.217 -0.273 -0.688 -0.548 -0.418 -0.242 -0.189 -0.214 -0.499
0.008 -0.27576 5.00000 0.9670594931 2.4657490253    0.967  1.129  3.6619  2.893    0  0.000  0.538     0.00     0.00 -1 -6.24e-12      0.00 7.290e-01 2.630e-01 1.420e-03 3.876e-04 3.521e-03 -1.000 8.001e-03 1.946 0.459 -0.147 -0.241 -0.286 -0.234 -0.256 -0.311 -0.727 -0.586 -0.456 -0.281 -0.228 -0.252 -0.538
0.008 -0.27576 5.00000 0.9886363149 2.4705052376    0.988  1.146  3.6628  2.890    0  0.000  0.538     0.00     0.00 -1 -6.43e-12      0.00 7.290e-01 2.630e-01 1.420e-03 3.876e-04 3.521e-03 -1.000 8.002e-03 1.905 0.420 -0.183 -0.276 -0.321 -0.269 -0.291 -0.346 -0.761 -0.621 -0.491 -0.316 -0.263 -0.287 -0.572
0.008 -0.27576 5.00000 1.0363636017 2.4802215099    1.036  1.181  3.6649  2.884    0  0.000  0.538     0.00     0.00 -1 -6.49e-12      0.00 7.290e-01 2.630e-01 1.420e-03 3.876e-04 3.521e-03 -1.000 8.000e-03 1.817 0.339 -0.258 -0.349 -0.394 -0.342 -0.364 -0.419 -0.834 -0.693 -0.563 -0.389 -0.337 -0.360 -0.645
0.008 -0.27576 5.00000 1.0840909481 2.4889605045    1.083  1.216  3.6667  2.875    0  0.000  0.538     0.00     0.00 -1 -6.45e-12      0.00 7.290e-01 2.630e-01 1.420e-03 3.876e-04 3.521e-03 -1.000 8.000e-03 1.730 0.257 -0.334 -0.424 -0.468 -0.417 -0.438 -0.492 -0.907 -0.767 -0.637 -0.463 -0.412 -0.433 -0.719
0.008 -0.27576 5.00000 1.1318181753 2.4968571663    1.131  1.248  3.6684  2.869    0  0.000  0.538     0.00     0.00 -1 -6.32e-12      0.00 7.290e-01 2.630e-01 1.420e-03 3.876e-04 3.521e-03 -1.000 8.000e-03 1.650 0.181 -0.403 -0.492 -0.536 -0.485 -0.506 -0.560 -0.975 -0.835 -0.704 -0.531 -0.480 -0.501 -0.786
0.008 -0.27576 5.00000 1.1402789354 2.4981780052    1.139  1.253  3.6687  2.869    0  0.000  0.538     0.00     0.00 -1 -6.27e-12      0.00 7.290e-01 2.630e-01 1.420e-03 3.876e-04 3.521e-03 -1.000 8.000e-03 1.637 0.170 -0.413 -0.502 -0.546 -0.496 -0.516 -0.570 -0.985 -0.844 -0.714 -0.541 -0.490 -0.511 -0.796
0.008 -0.27576 5.00000 1.1795454025 2.5040235519    1.179  1.277  3.6701  2.864    0  0.000  0.538     0.00     0.00 -1  -6.1e-12      0.00 7.290e-01 2.630e-01 1.420e-03 3.876e-04 3.521e-03 -1.000 8.000e-03 1.576 0.113 -0.466 -0.554 -0.598 -0.547 -0.568 -0.621 -1.036 -0.896 -0.765 -0.593 -0.542 -0.562 -0.847
0.008 -0.27576 5.00000 1.2272726297 2.5105528831    1.227  1.308  3.6715  2.857    0  0.000  0.538     0.00     0.00 -1 -5.87e-12      0.00 7.290e-01 2.630e-01 1.420e-03 3.876e-04 3.521e-03 -1.000 8.000e-03 1.501 0.041 -0.532 -0.620 -0.663 -0.613 -0.633 -0.686 -1.101 -0.961 -0.830 -0.658 -0.608 -0.627 -0.912
0.008 -0.27576 5.00000 1.2652783394 2.5153489113    1.265  1.329  3.6727  2.854    0  0.000  0.538     0.00     0.00 -1  -5.6e-12      0.00 7.290e-01 2.630e-01 1.420e-03 3.876e-04 3.521e-03 -1.000 8.000e-03 1.447 -0.009 -0.578 -0.665 -0.708 -0.659 -0.679 -0.731 -1.146 -1.005 -0.875 -0.703 -0.653 -0.672 -0.957
0.008 -0.27576 5.00000 1.2749998569 2.5165231228    1.275  1.335  3.6730  2.853    0  0.000  0.538     0.00     0.00 -1 -5.53e-12      0.00 7.290e-01 2.630e-01 1.420e-03 3.876e-04 3.521e-03 -1.000 8.000e-03 1.433 -0.022 -0.590 -0.677 -0.720 -0.671 -0.690 -0.743 -1.158 -1.017 -0.887 -0.715 -0.665 -0.684 -0.969
0.008 -0.27576 5.00000 1.3227273226 2.5220005512    1.323  1.364  3.6742  2.844    0  0.000  0.538     0.00     0.00 -1 -5.21e-12      0.00 7.290e-01 2.630e-01 1.420e-03 3.876e-04 3.521e-03 -1.000 8.000e-03 1.359 -0.092 -0.657 -0.743 -0.785 -0.736 -0.756 -0.808 -1.224 -1.083 -0.953 -0.781 -0.731 -0.749 -1.035
0.008 -0.27576 5.00000 1.3685613871 2.5268495083    1.369  1.388  3.6754  2.840    0  0.000  0.538     0.00     0.00 -1 -4.76e-12      0.00 7.290e-01 2.630e-01 1.420e-03 3.876e-04 3.521e-03 -1.000 8.000e-03 1.300 -0.147 -0.707 -0.793 -0.835 -0.786 -0.806 -0.858 -1.273 -1.132 -1.002 -0.831 -0.781 -0.799 -1.084
0.008 -0.27576 5.00000 1.3704545498 2.5270416737    1.370  1.389  3.6755  2.840    0  0.000  0.538     0.00     0.00 -1 -4.75e-12      0.00 7.290e-01 2.630e-01 1.420e-03 3.876e-04 3.521e-03 -1.000 8.000e-03 1.298 -0.149 -0.709 -0.794 -0.837 -0.788 -0.808 -0.860 -1.275 -1.134 -1.004 -0.833 -0.783 -0.801 -1.086
0.008 -0.27576 5.00000 1.4181818962 2.5316946507    1.418  1.412  3.6767  2.836    0  0.000  0.538     0.00     0.00 -1 -4.23e-12      0.00 7.290e-01 2.630e-01 1.420e-03 3.876e-04 3.521e-03 -1.000 8.002e-03 1.239 -0.205 -0.761 -0.845 -0.888 -0.839 -0.859 -0.910 -1.325 -1.185 -1.054 -0.883 -0.834 -0.851 -1.136
0.008 -0.27576 5.00000 1.4659090042 2.5360009670    1.466  1.435  3.6778  2.832    0  0.000  0.538     0.00     0.00 -1 -3.66e-12      0.00 7.290e-01 2.630e-01 1.420e-03 3.876e-04 3.521e-03 -1.000 8.011e-03 1.182 -0.259 -0.811 -0.895 -0.937 -0.889 -0.908 -0.959 -1.374 -1.233 -1.103 -0.932 -0.884 -0.900 -1.185
0.008 -0.27576 5.00000 1.5136363506 2.5399963856    1.514  1.459  3.6789  2.827    0  0.000  0.538     0.00     0.00 -1 -3.03e-12      0.00 7.290e-01 2.630e-01 1.420e-03 3.876e-04 3.521e-03 -1.000 8.000e-03 1.123 -0.314 -0.862 -0.946 -0.988 -0.940 -0.959 -1.010 -1.425 -1.284 -1.154 -0.984 -0.935 -0.951 -1.236
0.008 -0.27576 5.00000 1.5613635778 2.5437121391    1.561  1.479  3.6799  2.824    0  0.000  0.538     0.00     0.00 -1 -2.32e-12      0.00 7.290e-01 2.630e-01 1.420e-03 3.876e-04 3.521e-03 -1.000 8.012e-03 1.072 -0.362 -0.906 -0.989 -1.031 -0.984 -1.002 -1.053 -1.468 -1.327 -1.197 -1.027 -0.979 -0.994 -1.279
0.008 -0.27576 5.00000 1.6090908051 2.5471756458    1.609  1.500  3.6809  2.821    0  0.000  0.538     0.00     0.00 -1 -1.55e-12      0.00 7.290e-01 2.630e-01 1.420e-03 3.876e-04 3.521e-03 -1.000 8.017e-03 1.021 -0.410 -0.951 -1.034 -1.075 -1.028 -1.047 -1.097 -1.512 -1.371 -1.241 -1.071 -1.023 -1.038 -1.323
0.008 -0.27576 5.00000 1.6399335861 2.5492908955    1.639  1.513  3.6815  2.817    0  0.000  0.538     0.00     0.00 -1 -2.81e-14      0.00 7.290e-01 2.630e-01 1.420e-03 3.876e-04 3.521e-03 -1.000 8.008e-03 0.986 -0.442 -0.982 -1.064 -1.106 -1.058 -1.077 -1.127 -1.542 -1.401 -1.271 -1.101 -1.053 -1.068 -1.353
0.008 -0.27576 5.00000 1.6568181515 2.5504105091    1.656  1.521  3.6818  2.816    0  0.000  0.538     0.00     0.00 -1 -3.23e-15      0.00 7.290e-01 2.630e-01 1.420e-03 3.876e-04 3.521e-03 -1.000 8.002e-03 0.968 -0.460 -0.999 -1.081 -1.122 -1.075 -1.093 -1.144 -1.558 -1.417 -1.287 -1.118 -1.070 -1.084 -1.370
0.008 -0.27576 5.00000 1.7045452595 2.5534381866    1.704  1.537  3.6829  2.815    0  0.000  0.538     0.00     0.00 -1    -1e-30      0.00 7.290e-01 2.630e-01 1.420e-03 3.876e-04 3.521e-03 -1.000 8.030e-03 0.926 -0.498 -1.034 -1.115 -1.156 -1.109 -1.128 -1.177 -1.592 -1.451 -1.321 -1.152 -1.104 -1.118 -1.403
0.008 -0.27576 5.00000 1.7219660282 2.5544953346    1.721  1.545  3.6831  2.813    0  0.000  0.538     0.00     0.00 -1    -1e-30      0.00 7.290e-01 2.630e-01 1.420e-03 3.876e-04 3.521e-03 -1.000 8.023e-03 0.907 -0.517 -1.051 -1.133 -1.173 -1.127 -1.145 -1.195 -1.610 -1.468 -1.338 -1.169 -1.122 -1.136 -1.421
0.008 -0.27576 5.00000 1.7522726059 2.5562767982    1.751  1.559  3.6836  2.808    0  0.000  0.538     0.00     0.00 -1    -1e-30      0.00 7.290e-01 2.630e-01 1.420e-03 3.876e-04 3.521e-03 -1.000 8.007e-03 0.872 -0.550 -1.083 -1.164 -1.205 -1.158 -1.177 -1.226 -1.641 -1.500 -1.370 -1.201 -1.153 -1.167 -1.452
0.008 -0.27576 5.00000 1.7999999523 2.5589430332    1.799  1.579  3.6843  2.803    0  0.000  0.538     0.00     0.00 -1    -1e-30      0.00 7.290e-01 2.630e-01 1.420e-03 3.876e-04 3.521e-03 -1.000 8.000e-03 0.822 -0.598 -1.129 -1.210 -1.250 -1.204 -1.222 -1.271 -1.686 -1.545 -1.414 -1.246 -1.199 -1.212 -1.497
0.008 -0.27576 5.00000 1.8197699785 2.5600004196    1.819  1.587  3.6846  2.801    0  0.000  0.538     0.00     0.00 -1    -1e-30      0.00 7.290e-01 2.630e-01 1.420e-03 3.876e-04 3.521e-03 -1.000 8.000e-03 0.803 -0.615 -1.146 -1.226 -1.266 -1.220 -1.238 -1.287 -1.702 -1.561 -1.431 -1.262 -1.215 -1.228 -1.513
0.008 -0.27576 5.00000 1.8500000238 2.5615673065    1.849  1.595  3.6852  2.802    0  0.000  0.538     0.00     0.00 -1    -1e-30      0.00 7.290e-01 2.630e-01 1.420e-03 3.876e-04 3.521e-03 -1.000 8.000e-03 0.781 -0.635 -1.163 -1.243 -1.283 -1.237 -1.255 -1.304 -1.719 -1.578 -1.448 -1.279 -1.232 -1.245 -1.530
0.008 -0.27576 5.00000 1.8999999762 2.5640332699    1.899  1.610  3.6862  2.803    0  0.000  0.538     0.00     0.00 -1    -1e-30      0.00 7.290e-01 2.630e-01 1.420e-03 3.876e-04 3.521e-03 -1.000 8.028e-03 0.744 -0.670 -1.195 -1.274 -1.314 -1.268 -1.286 -1.335 -1.750 -1.608 -1.478 -1.310 -1.263 -1.276 -1.561
0.008 -0.27576 5.00000 1.9434971809 2.5660603046    1.943  1.626  3.6869  2.800    0  0.000  0.538     0.00     0.00 -1    -1e-30      0.00 7.290e-01 2.630e-01 1.420e-03 3.876e-04 3.521e-03 -1.000 8.021e-03 0.705 -0.706 -1.229 -1.308 -1.348 -1.302 -1.320 -1.369 -1.783 -1.642 -1.511 -1.344 -1.297 -1.309 -1.594
0.008 -0.27576 5.00000 1.9500000477 2.5663545132    1.950  1.628  3.6870  2.800    0  0.000  0.538     0.00     0.00 -1    -1e-30      0.00 7.290e-01 2.630e-01 1.420e-03 3.876e-04 3.521e-03 -1.000 8.020e-03 0.700 -0.711 -1.234 -1.313 -1.353 -1.307 -1.325 -1.373 -1.788 -1.646 -1.516 -1.349 -1.302 -1.314 -1.599
0.008 -0.27576 5.00000 1.9915077686 2.5681798458    1.992  1.640  3.6877  2.800    0  0.000  0.538     0.00     0.00 -1    -1e-30      0.00 7.290e-01 2.630e-01 1.420e-03 3.876e-04 3.521e-03 -1.000 8.044e-03 0.669 -0.739 -1.260 -1.338 -1.378 -1.333 -1.350 -1.398 -1.813 -1.671 -1.541 -1.374 -1.328 -1.339 -1.624
0.008 -0.27576 5.00000 2.0000000000 2.5685424805    2.000  1.643  3.6878  2.800    0  0.000  0.538     0.00     0.00 -1    -1e-30      0.00 7.290e-01 2.630e-01 1.420e-03 3.876e-04 3.521e-03 -1.000 8.049e-03 0.664 -0.745 -1.265 -1.343 -1.383 -1.337 -1.355 -1.403 -1.818 -1.676 -1.546 -1.379 -1.333 -1.344 -1.629
0.008 -0.27576 5.00000 2.0182883739 2.5693118572    2.018  1.649  3.6880  2.798    0  0.000  0.538     0.00     0.00 -1    -1e-30      0.00 7.290e-01 2.630e-01 1.420e-03 3.876e-04 3.521e-03 -1.000 8.034e-03 0.647 -0.760 -1.279 -1.358 -1.397 -1.352 -1.369 -1.418 -1.832 -1.691 -1.560 -1.393 -1.347 -1.358 -1.643
0.008 -0.27576 5.00000 2.0499999523 2.5706083775    2.050  1.660  3.6885  2.795    0  0.000  0.538     0.00     0.00 -1    -1e-30      0.00 7.290e-01 2.630e-01 1.420e-03 3.876e-04 3.521e-03 -1.000 8.000e-03 0.620 -0.786 -1.304 -1.383 -1.422 -1.377 -1.394 -1.442 -1.857 -1.715 -1.585 -1.418 -1.372 -1.383 -1.668
0.008 -0.27576 5.00000 2.0745236874 2.5715799332    2.074  1.669  3.6887  2.792    0  0.000  0.538     0.00     0.00 -1    -1e-30      0.00 7.290e-01 2.630e-01 1.420e-03 3.876e-04 3.521e-03 -1.000 8.000e-03 0.596 -0.809 -1.326 -1.404 -1.444 -1.398 -1.416 -1.464 -1.878 -1.737 -1.606 -1.440 -1.394 -1.405 -1.689
0.008 -0.27576 5.00000 2.0999999046 2.5725615025    2.099  1.676  3.6891  2.792    0  0.000  0.538     0.00     0.00 -1    -1e-30      0.00 7.290e-01 2.630e-01 1.420e-03 3.876e-04 3.521e-03 -1.000 8.022e-03 0.579 -0.825 -1.341 -1.419 -1.458 -1.413 -1.430 -1.478 -1.893 -1.751 -1.621 -1.454 -1.408 -1.419 -1.704
0.008 -0.27576 5.00000 2.1500000954 2.5744106770    2.149  1.686  3.6901  2.796    0  0.000  0.538     0.00     0.00 -1    -1e-30      0.00 7.290e-01 2.630e-01 1.420e-03 3.876e-04 3.521e-03 -1.000 8.000e-03 0.554 -0.847 -1.360 -1.437 -1.476 -1.431 -1.448 -1.496 -1.910 -1.769 -1.638 -1.472 -1.426 -1.437 -1.721
0.008 -0.27576 5.00000 2.2000000477 2.5761635303    2.199  1.702  3.6907  2.793    0  0.000  0.538     0.00     0.00 -1    -1e-30      0.00 7.290e-01 2.630e-01 1.420e-03 3.876e-04 3.521e-03 -1.000 8.040e-03 0.516 -0.883 -1.394 -1.471 -1.509 -1.465 -1.482 -1.529 -1.944 -1.802 -1.671 -1.506 -1.460 -1.470 -1.755
0.008 -0.27576 5.00000 2.2156970501 2.5766949654    2.214  1.707  3.6909  2.792    0  0.000  0.538     0.00     0.00 -1    -1e-30      0.00 7.290e-01 2.630e-01 1.420e-03 3.876e-04 3.521e-03 -1.000 8.030e-03 0.502 -0.896 -1.406 -1.483 -1.522 -1.478 -1.495 -1.542 -1.956 -1.814 -1.684 -1.518 -1.473 -1.483 -1.767
0.008 -0.27576 5.00000 2.2500000000 2.5778269768    2.249  1.717  3.6913  2.791    0  0.000  0.538     0.00     0.00 -1    -1e-30      0.00 7.290e-01 2.630e-01 1.420e-03 3.876e-04 3.521e-03 -1.000 8.000e-03 0.479 -0.918 -1.427 -1.503 -1.542 -1.498 -1.515 -1.562 -1.976 -1.834 -1.704 -1.538 -1.493 -1.502 -1.787
0.008 -0.27576 5.00000 2.2999999523 2.5794074535    2.299  1.727  3.6921  2.793    0  0.000  0.538     0.00     0.00 -1    -1e-30      0.00 7.289e-01 2.630e-01 1.420e-03 3.876e-04 3.521e-03 -1.000 8.059e-03 0.452 -0.942 -1.448 -1.524 -1.563 -1.519 -1.536 -1.582 -1.997 -1.855 -1.724 -1.559 -1.514 -1.523 -1.808
0.008 -0.27576 5.00000 2.3179993629 2.5799572468    2.317  1.732  3.6924  2.793    0  0.000  0.538     0.00     0.00 -1    -1e-30      0.00 7.289e-01 2.630e-01 1.420e-03 3.876e-04 3.521e-03 -1.000 8.046e-03 0.440 -0.952 -1.458 -1.534 -1.573 -1.529 -1.546 -1.592 -2.006 -1.865 -1.734 -1.569 -1.524 -1.533 -1.817
0.008 -0.27576 5.00000 2.3499999046 2.5809109211    2.349  1.741  3.6928  2.791    0  0.000  0.538     0.00     0.00 -1    -1e-30      0.00 7.290e-01 2.630e-01 1.420e-03 3.876e-04 3.521e-03 -1.000 8.000e-03 0.418 -0.974 -1.478 -1.554 -1.592 -1.549 -1.566 -1.612 -2.026 -1.884 -1.754 -1.589 -1.544 -1.553 -1.837
0.008 -0.27576 5.00000 2.3768367767 2.5816879272    2.376  1.749  3.6930  2.788    0  0.000  0.538     0.00     0.00 -1    -1e-30      0.00 7.290e-01 2.630e-01 1.420e-03 3.876e-04 3.521e-03 -1.000 8.000e-03 0.397 -0.994 -1.498 -1.574 -1.612 -1.568 -1.585 -1.631 -2.045 -1.904 -1.773 -1.608 -1.564 -1.572 -1.856
0.008 -0.27576 5.00000 2.4000000954 2.5823426247    2.399  1.754  3.6933  2.789    0  0.000  0.538     0.00     0.00 -1    -1e-30      0.00 7.290e-01 2.630e-01 1.420e-03 3.876e-04 3.521e-03 -1.000 8.000e-03 0.384 -1.005 -1.508 -1.584 -1.622 -1.579 -1.595 -1.641 -2.055 -1.914 -1.783 -1.618 -1.574 -1.582 -1.867
0.008 -0.27576 5.00000 2.4659581184 2.5841293335    2.465  1.705  3.6978  2.868    0  0.000  0.538     0.00     0.00 -1    -1e-30      0.00 7.289e-01 2.631e-01 1.420e-03 3.876e-04 3.521e-03 -1.000 8.000e-03 0.507 -0.866 -1.355 -1.428 -1.464 -1.423 -1.439 -1.483 -1.896 -1.754 -1.623 -1.461 -1.419 -1.423 -1.707
0.008 -0.27576 5.00000 2.5335543156 2.5858500004    2.533  1.661  3.7020  2.941    0  0.000  0.538     0.00     0.00 -1    -1e-30      0.00 7.290e-01 2.630e-01 1.420e-03 3.876e-04 3.521e-03 -1.000 8.000e-03 0.618 -0.740 -1.217 -1.288 -1.323 -1.284 -1.299 -1.340 -1.753 -1.610 -1.479 -1.320 -1.279 -1.280 -1.564
0.008 -0.27576 5.00000 2.5999999046 2.5874414444    2.600  1.629  3.7054  2.998    0  0.000  0.538     0.00     0.00 -1    -1e-30      0.00 7.290e-01 2.630e-01 1.420e-03 3.876e-04 3.521e-03 -1.000 8.000e-03 0.698 -0.648 -1.115 -1.185 -1.218 -1.180 -1.195 -1.235 -1.648 -1.505 -1.373 -1.215 -1.176 -1.175 -1.459
0.008 -0.27576 5.00000 2.6419961452 2.5883998871    2.642  1.638  3.7059  2.997    0  0.000  0.538     0.00     0.00 -1    -1e-30      0.00 7.290e-01 2.630e-01 1.420e-03 3.876e-04 3.521e-03 -1.000 8.000e-03 0.674 -0.670 -1.136 -1.205 -1.239 -1.201 -1.216 -1.255 -1.668 -1.525 -1.394 -1.236 -1.197 -1.195 -1.479
0.008 -0.27576 5.00000 2.7999999523 2.5917119980    2.800  1.677  3.7075  2.991    0  0.000  0.538     0.00     0.00 -1    -1e-30      0.00 7.290e-01 2.630e-01 1.420e-03 3.876e-04 3.521e-03 -1.000 8.000e-03 0.578 -0.761 -1.222 -1.290 -1.324 -1.286 -1.301 -1.340 -1.753 -1.610 -1.478 -1.321 -1.282 -1.280 -1.564
0.008 -0.27576 5.00000 2.8439624310 2.5925583839    2.844  1.685  3.7080  2.990    0  0.000  0.538     0.00     0.00 -1    -1e-30      0.00 7.290e-01 2.630e-01 1.420e-03 3.876e-04 3.521e-03 -1.000 8.000e-03 0.556 -0.781 -1.241 -1.309 -1.342 -1.304 -1.319 -1.358 -1.771 -1.628 -1.497 -1.339 -1.301 -1.298 -1.582
0.008 -0.27576 5.00000 3.0000000000 2.5953342915    3.000  1.720  3.7095  2.985    0  0.000  0.538     0.00     0.00 -1    -1e-30      0.00 7.290e-01 2.630e-01 1.420e-03 3.876e-04 3.521e-03 -1.000 8.000e-03 0.471 -0.862 -1.317 -1.385 -1.417 -1.380 -1.395 -1.434 -1.846 -1.704 -1.572 -1.415 -1.376 -1.374 -1.658
0.008 -0.27576 5.00000 3.0313160419 2.5958518982    3.031  1.726  3.7098  2.985    0  0.000  0.538     0.00     0.00 -1    -1e-30      0.00 7.290e-01 2.630e-01 1.420e-03 3.876e-04 3.521e-03 -1.000 8.000e-03 0.455 -0.876 -1.331 -1.398 -1.431 -1.393 -1.408 -1.447 -1.859 -1.717 -1.585 -1.428 -1.389 -1.387 -1.671
0.008 -0.27576 5.00000 3.2000000477 2.5984411240    3.199  1.762  3.7112  2.978    0  0.000  0.538     0.00     0.00 -1    -1e-30      0.00 7.290e-01 2.630e-01 1.420e-03 3.876e-04 3.521e-03 -1.000 8.000e-03 0.366 -0.960 -1.410 -1.477 -1.509 -1.473 -1.487 -1.525 -1.938 -1.795 -1.664 -1.507 -1.469 -1.465 -1.749
0.008 -0.27576 5.00000 3.2707769871 2.5994362831    3.270  1.775  3.7118  2.976    0  0.000  0.538     0.00     0.00 -1    -1e-30      0.00 7.290e-01 2.630e-01 1.420e-03 3.876e-04 3.521e-03 -1.000 8.000e-03 0.331 -0.992 -1.441 -1.507 -1.539 -1.503 -1.517 -1.555 -1.968 -1.825 -1.694 -1.536 -1.499 -1.495 -1.779
0.008 -0.27576 5.00000 3.4000003338 2.6011312008    3.398  1.801  3.7130  2.972    0  0.000  0.538     0.00     0.00 -1    -1e-30      0.00 7.290e-01 2.630e-01 1.420e-03 3.876e-04 3.521e-03 -1.000 8.000e-03 0.267 -1.052 -1.497 -1.564 -1.595 -1.559 -1.574 -1.611 -2.024 -1.881 -1.750 -1.593 -1.556 -1.551 -1.835
0.008 -0.27576 5.00000 3.4084157944 2.6012365818    3.407  1.803  3.7130  2.972    0  0.000  0.538     0.00     0.00 -1    -1e-30      0.00 7.290e-01 2.630e-01 1.420e-03 3.876e-04 3.521e-03 -1.000 8.000e-03 0.263 -1.056 -1.501 -1.567 -1.598 -1.562 -1.577 -1.614 -2.027 -1.884 -1.753 -1.596 -1.559 -1.554 -1.838
0.008 -0.27576 5.00000 3.5999999046 2.6034805775    3.598  1.841  3.7145  2.963    0  0.000  0.538     0.00     0.00 -1    -1e-30      0.00 7.290e-01 2.630e-01 1.420e-03 3.876e-04 3.521e-03 -1.000 8.000e-03 0.167 -1.147 -1.587 -1.653 -1.684 -1.649 -1.663 -1.700 -2.113 -1.970 -1.838 -1.681 -1.645 -1.640 -1.924
0.008 -0.27576 5.00000 3.6283586025 2.6037898064    3.626  1.846  3.7148  2.962    0  0.000  0.538     0.00     0.00 -1    -1e-30      0.00 7.290e-01 2.630e-01 1.420e-03 3.876e-04 3.521e-03 -1.000 8.000e-03 0.154 -1.158 -1.598 -1.663 -1.695 -1.660 -1.674 -1.710 -2.123 -1.980 -1.849 -1.692 -1.656 -1.650 -1.934
0.008 -0.27576 5.00000 3.7999999523 2.6055479050    3.798  1.880  3.7160  2.953    0  0.000  0.538     0.00     0.00 -1    -1e-30      0.00 7.290e-01 2.630e-01 1.420e-03 3.876e-04 3.521e-03 -1.000 8.000e-03 0.069 -1.239 -1.675 -1.740 -1.771 -1.736 -1.750 -1.787 -2.199 -2.056 -1.925 -1.768 -1.733 -1.726 -2.010
0.008 -0.27576 5.00000 3.8512969017 2.6060385704    3.850  1.889  3.7165  2.952    0  0.000  0.538     0.00     0.00 -1    -1e-30      0.00 7.290e-01 2.630e-01 1.420e-03 3.876e-04 3.521e-03 -1.000 8.000e-03 0.047 -1.259 -1.694 -1.758 -1.789 -1.755 -1.769 -1.805 -2.217 -2.075 -1.943 -1.787 -1.751 -1.745 -2.029
0.008 -0.27576 5.00000 4.0000000000 2.6073791981    4.001  1.920  3.7176  2.943    0  0.000  0.538     0.00     0.00 -1    -1e-30      0.00 7.290e-01 2.630e-01 1.420e-03 3.876e-04 3.521e-03 -1.000 8.000e-03 -0.030 -1.332 -1.763 -1.828 -1.858 -1.824 -1.838 -1.874 -2.286 -2.144 -2.012 -1.856 -1.821 -1.814 -2.098
0.008 -0.27576 5.00000 4.0670628548 2.6079471111    4.067  1.932  3.7182  2.940    0  0.000  0.538     0.00     0.00 -1    -1e-30      0.00 7.290e-01 2.630e-01 1.420e-03 3.876e-04 3.521e-03 -1.000 8.000e-03 -0.061 -1.361 -1.790 -1.854 -1.885 -1.851 -1.865 -1.900 -2.313 -2.170 -2.039 -1.882 -1.848 -1.840 -2.124
0.008 -0.27576 5.00000 4.1999998093 2.6090114117    4.198  1.961  3.7191  2.929    0  0.000  0.538     0.00     0.00 -1    -1e-30      0.00 7.290e-01 2.630e-01 1.420e-03 3.876e-04 3.521e-03 -1.000 8.000e-03 -0.132 -1.429 -1.855 -1.919 -1.950 -1.916 -1.930 -1.965 -2.377 -2.235 -2.103 -1.947 -1.913 -1.904 -2.188
0.008 -0.27576 5.00000 4.3170518875 2.6098864079    4.314  1.985  3.7201  2.921    0  0.000  0.538     0.00     0.00 -1    -1e-30      0.00 7.290e-01 2.630e-01 1.420e-03 3.876e-04 3.521e-03 -1.000 8.000e-03 -0.192 -1.485 -1.908 -1.972 -2.002 -1.969 -1.983 -2.017 -2.430 -2.287 -2.156 -2.000 -1.966 -1.957 -2.241
0.008 -0.27576 5.00000 4.4000000954 2.6104743481    4.397  2.006  3.7206  2.910    0  0.000  0.538     0.00     0.00 -1    -1e-30      0.00 7.290e-01 2.630e-01 1.420e-03 3.876e-04 3.521e-03 -1.000 8.000e-03 -0.245 -1.536 -1.958 -2.021 -2.052 -2.019 -2.032 -2.067 -2.479 -2.337 -2.205 -2.049 -2.016 -2.006 -2.290
0.008 -0.27576 5.00000 4.5999999046 2.6117916107    4.598  2.053  3.7223  2.888    0  0.000  0.538     0.00     0.00 -1    -1e-30      0.00 7.290e-01 2.630e-01 1.420e-03 3.876e-04 3.521e-03 -1.000 8.000e-03 -0.363 -1.647 -2.065 -2.128 -2.157 -2.126 -2.139 -2.172 -2.585 -2.442 -2.311 -2.155 -2.122 -2.112 -2.396
0.008 -0.27576 5.00000 4.8000001907 2.6129837036    4.798  2.105  3.7241  2.862    0  0.000  0.538     0.00     0.00 -1    -1e-30      0.00 7.290e-01 2.630e-01 1.420e-03 3.876e-04 3.521e-03 -1.000 8.000e-03 -0.493 -1.770 -2.182 -2.244 -2.274 -2.243 -2.256 -2.288 -2.701 -2.558 -2.428 -2.271 -2.240 -2.228 -2.512
0.008 -0.27576 5.00000 4.9677915573 2.6138989925    4.966  2.147  3.7260  2.843    0  0.000  0.538     0.00     0.00 -1    -1e-30      0.00 7.290e-01 2.630e-01 1.420e-03 3.876e-04 3.521e-03 -1.000 8.000e-03 -0.597 -1.867 -2.274 -2.335 -2.364 -2.334 -2.347 -2.378 -2.791 -2.648 -2.518 -2.361 -2.331 -2.318 -2.602
0.008 -0.27576 5.00000 5.0000000000 2.6140668392    4.999  2.157  3.7264  2.837    0  0.000  0.538     0.00     0.00 -1    -1e-30      0.00 7.290e-01 2.630e-01 1.420e-03 3.876e-04 3.521e-03 -1.000 8.000e-03 -0.622 -1.890 -2.296 -2.357 -2.386 -2.356 -2.369 -2.400 -2.813 -2.671 -2.540 -2.383 -2.353 -2.340 -2.624
0.008 -0.27576 5.00000 5.0551729202 2.6143481731    5.054  2.174  3.7270  2.828    0  0.000  0.538     0.00     0.00 -1    -1e-30      0.00 7.290e-01 2.630e-01 1.420e-03 3.876e-04 3.521e-03 -1.000 8.000e-03 -0.665 -1.930 -2.334 -2.395 -2.423 -2.394 -2.407 -2.438 -2.850 -2.708 -2.577 -2.421 -2.391 -2.377 -2.662
0.008 -0.27576 5.00000 5.1356358528 2.6147463322    5.135  2.207  3.7282  2.806    0  0.000  0.538     0.00     0.00 -1    -1e-30      0.00 7.290e-01 2.630e-01 1.420e-03 3.876e-04 3.521e-03 -1.000 8.000e-03 -0.748 -2.009 -2.409 -2.470 -2.498 -2.469 -2.482 -2.512 -2.925 -2.783 -2.652 -2.496 -2.466 -2.452 -2.736
0.008 -0.27576 5.00000 5.1999998093 2.6150546074    5.200  2.235  3.7293  2.788    0  0.000  0.538     0.00     0.00 -1    -1e-30      0.00 7.290e-01 2.630e-01 1.420e-03 3.876e-04 3.521e-03 -1.000 8.000e-03 -0.817 -2.074 -2.471 -2.531 -2.559 -2.531 -2.543 -2.573 -2.986 -2.844 -2.713 -2.556 -2.528 -2.513 -2.797
0.008 -0.27576 5.00000 5.3256106377 2.6156315804    5.326  2.285  3.7314  2.756    0  0.000  0.538     0.00     0.00 -1    -1e-30      0.00 7.290e-01 2.630e-01 1.420e-03 3.876e-04 3.521e-03 -1.000 8.000e-03 -0.944 -2.192 -2.583 -2.642 -2.670 -2.643 -2.655 -2.684 -3.097 -2.955 -2.824 -2.667 -2.640 -2.624 -2.908
0.008 -0.27576 5.00000 5.4000000954 2.6159586906    5.401  2.320  3.7329  2.734    0  0.000  0.538     0.00     0.00 -1    -1e-30      0.00 7.290e-01 2.630e-01 1.420e-03 3.876e-04 3.521e-03 -1.000 8.000e-03 -1.029 -2.271 -2.658 -2.717 -2.744 -2.718 -2.730 -2.758 -3.171 -3.029 -2.899 -2.742 -2.715 -2.698 -2.982
0.008 -0.27576 5.00000 5.4632940292 2.6162290573    5.464  2.350  3.7343  2.715    0  0.000  0.538     0.00     0.00 -1    -1e-30      0.00 7.290e-01 2.630e-01 1.420e-03 3.876e-04 3.521e-03 -1.000 8.000e-03 -1.105 -2.341 -2.725 -2.782 -2.810 -2.784 -2.796 -2.824 -3.237 -3.095 -2.965 -2.807 -2.782 -2.763 -3.048
0.008 -0.27576 5.00000 5.5999999046 2.6167888641    5.601  2.421  3.7381  2.670    0  0.000  0.538     0.00     0.00 -1    -1e-30      0.00 7.290e-01 2.630e-01 1.420e-03 3.876e-04 3.521e-03 -1.000 8.000e-03 -1.282 -2.503 -2.875 -2.931 -2.958 -2.935 -2.947 -2.972 -3.385 -3.244 -3.113 -2.956 -2.933 -2.912 -3.196
0.008 -0.27576 5.00000 5.7655463219 2.6174261570    5.766  2.502  3.7439  2.624    0  0.000  0.538     0.00     0.00 -1    -1e-30      0.00 7.290e-01 2.630e-01 1.420e-03 3.876e-04 3.521e-03 -1.000 8.000e-03 -1.485 -2.683 -3.039 -3.093 -3.119 -3.099 -3.110 -3.133 -3.550 -3.401 -3.274 -3.117 -3.097 -3.095 -3.362
0.008 -0.27576 5.00000 5.8000001907 2.6175537109    5.801  2.517  3.7454  2.618    0  0.000  0.538     0.00     0.00 -1    -1e-30      0.00 7.290e-01 2.630e-01 1.420e-03 3.876e-04 3.521e-03 -1.000 8.000e-03 -1.522 -2.713 -3.065 -3.119 -3.144 -3.125 -3.136 -3.158 -3.577 -3.424 -3.299 -3.142 -3.123 -3.130 -3.389
0.008 -0.27576 5.00000 5.9738340378 2.6181707382    5.974  2.588  3.7541  2.595    0  0.000  0.538     0.00     0.00 -1    -1e-30      0.00 7.290e-01 2.630e-01 1.420e-03 3.876e-04 3.521e-03 -1.000 8.000e-03 -1.699 -2.854 -3.182 -3.233 -3.256 -3.243 -3.253 -3.270 -3.700 -3.525 -3.410 -3.254 -3.241 -3.299 -3.513
0.008 -0.27576 5.00000 6.0000000000 2.6182601452    6.000  2.597  3.7558  2.594    0  0.000  0.538     0.00     0.00 -1    -1e-30      0.00 7.290e-01 2.630e-01 1.420e-03 3.876e-04 3.521e-03 -1.000 8.000e-03 -1.723 -2.871 -3.194 -3.244 -3.268 -3.255 -3.265 -3.282 -3.714 -3.535 -3.421 -3.266 -3.254 -3.321 -3.526
0.008 -0.27576 5.00000 6.1488766670 2.6187517643    6.149  2.650  3.7664  2.594    0  0.000  0.538     0.00     0.00 -1    -1e-30      0.00 7.290e-01 2.630e-01 1.420e-03 3.876e-04 3.521e-03 -1.000 8.000e-03 -1.856 -2.957 -3.252 -3.299 -3.320 -3.313 -3.321 -3.334 -3.779 -3.574 -3.471 -3.318 -3.312 -3.442 -3.592
0.008 -0.27576 5.00000 6.1999998093 2.6189143658    6.200  2.667  3.7710  2.599    0  0.000  0.538     0.00     0.00 -1    -1e-30      0.00 7.290e-01 2.630e-01 1.420e-03 3.876e-04 3.521e-03 -1.000 8.000e-03 -1.899 -2.979 -3.262 -3.307 -3.328 -3.323 -3.330 -3.341 -3.792 -3.575 -3.477 -3.326 -3.322 -3.479 -3.606
0.008 -0.27576 5.00000 6.2093472481 2.6189436913    6.209  2.671  3.7719  2.600    0  0.000  0.538     0.00     0.00 -1    -1e-30      0.00 7.290e-01 2.630e-01 1.420e-03 3.876e-04 3.521e-03 -1.000 8.000e-03 -1.907 -2.982 -3.262 -3.307 -3.328 -3.323 -3.331 -3.342 -3.794 -3.574 -3.476 -3.326 -3.322 -3.486 -3.608
0.008 -0.27576 5.00000 6.3225946426 2.6192917824    6.322  2.709  3.7852  2.623    0  0.000  0.538     0.00     0.00 -1    -1e-30      0.00 7.290e-01 2.630e-01 1.420e-03 3.876e-04 3.521e-03 -1.000 8.000e-03 -2.002 -3.011 -3.257 -3.298 -3.318 -3.318 -3.323 -3.331 -3.800 -3.547 -3.460 -3.316 -3.317 -3.562 -3.615
0.008 -0.27576 5.00000 6.4000000954 2.6195218563    6.399  2.735  3.7956  2.644    0  0.000  0.538     0.00     0.00 -1    -1e-30      0.00 7.290e-01 2.630e-01 1.420e-03 3.876e-04 3.521e-03 -1.000 8.000e-03 -2.067 -3.025 -3.247 -3.286 -3.304 -3.307 -3.312 -3.317 -3.798 -3.518 -3.443 -3.303 -3.307 -3.616 -3.614
0.008 -0.27576 5.00000 6.4352779388 2.6196243763    6.434  2.747  3.8005  2.654    0  0.000  0.538     0.00     0.00 -1    -1e-30      0.00 7.290e-01 2.630e-01 1.420e-03 3.876e-04 3.521e-03 -1.000 8.000e-03 -2.097 -3.030 -3.241 -3.278 -3.296 -3.301 -3.304 -3.309 -3.796 -3.503 -3.433 -3.295 -3.300 -3.639 -3.612
0.008 -0.27576 5.00000 6.5344204903 2.6199061871    6.533  2.781  3.8148  2.683    0  0.000  0.538     0.00     0.00 -1    -1e-30      0.00 7.290e-01 2.630e-01 1.420e-03 3.876e-04 3.521e-03 -1.000 8.000e-03 -2.183 -3.043 -3.224 -3.257 -3.273 -3.279 -3.282 -3.286 -3.787 -3.462 -3.407 -3.272 -3.279 -3.697 -3.604
0.008 -0.27576 5.00000 6.6329560280 2.6201765537    6.630  2.817  3.8295  2.712    0  0.000  0.538     0.00     0.00 -1    -1e-30      0.00 7.290e-01 2.630e-01 1.420e-03 3.876e-04 3.521e-03 -1.000 8.000e-03 -2.272 -3.056 -3.205 -3.236 -3.252 -3.258 -3.261 -3.264 -3.763 -3.437 -3.381 -3.250 -3.258 -3.674 -3.581
0.008 -0.27576 5.00000 6.7304100990 2.6204349995    6.727  2.854  3.8443  2.741    0  0.000  0.538     0.00     0.00 -1    -1e-30      0.00 7.290e-01 2.630e-01 1.420e-03 3.876e-04 3.521e-03 -1.000 8.000e-03 -2.364 -3.067 -3.186 -3.215 -3.230 -3.237 -3.239 -3.242 -3.740 -3.412 -3.355 -3.229 -3.237 -3.652 -3.558
0.008 -0.27576 5.00000 6.8263077736 2.6206810474    6.823  2.891  3.8592  2.770    0  0.000  0.538     0.00     0.00 -1    -1e-30      0.00 7.290e-01 2.630e-01 1.420e-03 3.876e-04 3.521e-03 -1.000 8.000e-03 -2.458 -3.076 -3.168 -3.194 -3.208 -3.215 -3.218 -3.220 -3.717 -3.388 -3.330 -3.208 -3.215 -3.631 -3.535
0.008 -0.27576 5.00000 6.9201273918 2.6209142208    6.916  2.929  3.8742  2.797    0  0.000  0.538     0.00     0.00 -1    -1e-30      0.00 7.290e-01 2.630e-01 1.420e-03 3.876e-04 3.521e-03 -1.000 8.000e-03 -2.553 -3.084 -3.150 -3.174 -3.188 -3.195 -3.197 -3.200 -3.695 -3.364 -3.305 -3.187 -3.195 -3.610 -3.513
0.008 -0.27576 5.00000 7.0000000000 2.6211071014    6.996  2.963  3.8873  2.821    0  0.000  0.538     0.00     0.00 -1    -1e-30      0.00 7.290e-01 2.630e-01 1.420e-03 3.876e-04 3.521e-03 -1.000 8.000e-03 -2.638 -3.089 -3.136 -3.158 -3.171 -3.178 -3.180 -3.182 -3.677 -3.344 -3.285 -3.171 -3.178 -3.592 -3.495
0.008 -0.27576 5.00000 7.0724420547 2.6212775707    7.069  2.994  3.8992  2.842    0  0.000  0.538     0.00     0.00 -1    -1e-30      0.00 7.290e-01 2.630e-01 1.420e-03 3.876e-04 3.521e-03 -1.000 8.000e-03 -2.715 -3.095 -3.125 -3.146 -3.158 -3.164 -3.166 -3.168 -3.661 -3.328 -3.268 -3.158 -3.164 -3.578 -3.479
0.008 -0.27576 5.00000 7.1623187065 2.6214838028    7.159  3.034  3.9143  2.868    0  0.000  0.538     0.00     0.00 -1    -1e-30      0.00 7.290e-01 2.630e-01 1.420e-03 3.876e-04 3.521e-03 -1.000 8.000e-03 -2.815 -3.101 -3.114 -3.132 -3.142 -3.149 -3.150 -3.151 -3.644 -3.309 -3.248 -3.143 -3.149 -3.561 -3.462
0.008 -0.27576 5.00000 7.2495689392 2.6216783524    7.247  3.074  3.9294  2.894    0  0.000  0.538     0.00     0.00 -1    -1e-30      0.00 7.290e-01 2.630e-01 1.420e-03 3.876e-04 3.521e-03 -1.000 8.000e-03 -2.915 -3.106 -3.105 -3.119 -3.128 -3.134 -3.134 -3.136 -3.627 -3.291 -3.230 -3.128 -3.134 -3.545 -3.445
0.008 -0.27576 5.00000 7.3342580795 2.6218619347    7.332  3.114  3.9445  2.919    0  0.000  0.538     0.00     0.00 -1    -1e-30      0.00 7.290e-01 2.630e-01 1.420e-03 3.876e-04 3.521e-03 -1.000 8.000e-03 -3.015 -3.107 -3.096 -3.107 -3.112 -3.117 -3.118 -3.118 -3.609 -3.272 -3.210 -3.113 -3.117 -3.528 -3.427
0.008 -0.27576 5.00000 7.4164457321 2.6220357418    7.414  3.153  3.9595  2.945    0  0.000  0.538     0.00     0.00 -1    -1e-30      0.00 7.290e-01 2.630e-01 1.420e-03 3.876e-04 3.521e-03 -1.000 8.000e-03 -3.114 -3.107 -3.088 -3.094 -3.096 -3.100 -3.099 -3.100 -3.589 -3.251 -3.189 -3.097 -3.100 -3.508 -3.407
0.008 -0.27576 5.00000 7.4962639809 2.6222002506    7.495  3.192  3.9745  2.970    0  0.000  0.538     0.00     0.00 -1    -1e-30      0.00 7.290e-01 2.630e-01 1.420e-03 3.876e-04 3.521e-03 -1.000 8.000e-03 -3.211 -3.105 -3.079 -3.081 -3.079 -3.082 -3.080 -3.080 -3.567 -3.228 -3.167 -3.080 -3.082 -3.488 -3.385
0.008 -0.27576 5.00000 7.5739326477 2.6223564148    7.573  3.231  3.9894  2.996    0  0.000  0.538     0.00     0.00 -1    -1e-30      0.00 7.290e-01 2.630e-01 1.420e-03 3.876e-04 3.521e-03 -1.000 8.000e-03 -3.307 -3.102 -3.070 -3.067 -3.061 -3.063 -3.060 -3.059 -3.544 -3.205 -3.143 -3.063 -3.062 -3.466 -3.362
0.008 -0.27576 5.00000 7.6498570442 2.6225056648    7.649  3.268  4.0043  3.023    0  0.000  0.538     0.00     0.00 -1    -1e-30      0.00 7.290e-01 2.630e-01 1.420e-03 3.876e-04 3.521e-03 -1.000 8.000e-03 -3.401 -3.096 -3.059 -3.052 -3.043 -3.043 -3.040 -3.037 -3.521 -3.181 -3.119 -3.044 -3.042 -3.444 -3.339
0.008 -0.27576 5.00000 7.7237610817 2.6226475239    7.723  3.305  4.0191  3.050    0  0.000  0.538     0.00     0.00 -1    -1e-30      0.00 7.290e-01 2.630e-01 1.420e-03 3.876e-04 3.521e-03 -1.000 8.000e-03 -3.492 -3.089 -3.047 -3.036 -3.023 -3.023 -3.019 -3.015 -3.497 -3.156 -3.093 -3.025 -3.022 -3.421 -3.315
0.008 -0.27576 5.00000 7.7958245277 2.6227831841    7.796  3.340  4.0338  3.077    0  0.000  0.538     0.00     0.00 -1    -1e-30      0.00 7.290e-01 2.630e-01 1.420e-03 3.876e-04 3.521e-03 -1.000 8.000e-03 -3.581 -3.080 -3.033 -3.019 -3.003 -3.001 -2.996 -2.992 -3.472 -3.129 -3.065 -3.005 -3.000 -3.398 -3.290
0.008 -0.27576 5.00000 7.8663010597 2.6229128838    7.867  3.375  4.0484  3.104    0  0.000  0.538     0.00     0.00 -1    -1e-30      0.00 7.290e-01 2.630e-01 1.420e-03 3.876e-04 3.521e-03 -1.000 8.000e-03 -3.667 -3.068 -3.017 -3.000 -2.981 -2.978 -2.973 -2.967 -3.446 -3.101 -3.036 -2.983 -2.977 -3.373 -3.264
0.008 -0.27576 5.00000 7.9353804588 2.6230375767    7.936  3.408  4.0628  3.133    0  0.000  0.538     0.00     0.00 -1    -1e-30      0.00 7.290e-01 2.630e-01 1.420e-03 3.876e-04 3.521e-03 -1.000 8.000e-03 -3.750 -3.054 -2.998 -2.979 -2.957 -2.953 -2.947 -2.941 -3.417 -3.071 -3.005 -2.959 -2.952 -3.345 -3.235
0.008 -0.27576 5.00000 8.0000000000 2.6231517792    8.001  3.439  4.0765  3.160    0  0.000  0.538     0.00     0.00 -1    -1e-30      0.00 7.290e-01 2.630e-01 1.420e-03 3.876e-04 3.521e-03 -1.000 8.000e-03 -3.827 -3.037 -2.978 -2.956 -2.932 -2.927 -2.920 -2.913 -3.388 -3.040 -2.973 -2.934 -2.926 -3.317 -3.206
0.008 -0.27576 5.00000 8.0475950241 2.6232347488    8.048  3.460  4.0863  3.181    0  0.000  0.538     0.00     0.00 -1    -1e-30      0.00 7.290e-01 2.630e-01 1.420e-03 3.876e-04 3.521e-03 -1.000 8.000e-03 -3.881 -3.023 -2.961 -2.937 -2.912 -2.906 -2.899 -2.891 -3.365 -3.016 -2.948 -2.914 -2.905 -3.295 -3.183
0.008 -0.27576 5.00000 8.1170291901 2.6233534813    8.117  3.491  4.1008  3.211    0  0.000  0.538     0.00     0.00 -1    -1e-30      0.00 7.290e-01 2.630e-01 1.420e-03 3.876e-04 3.521e-03 -1.000 8.000e-03 -3.958 -2.999 -2.934 -2.908 -2.879 -2.873 -2.865 -2.857 -3.328 -2.978 -2.910 -2.882 -2.872 -3.260 -3.146
0.008 -0.27576 5.00000 8.1860408783 2.6234693527    8.186  3.521  4.1152  3.243    0  0.000  0.538     0.00     0.00 -1    -1e-30      0.00 7.290e-01 2.630e-01 1.420e-03 3.876e-04 3.521e-03 -1.000 8.000e-03 -4.032 -2.972 -2.903 -2.875 -2.844 -2.837 -2.828 -2.819 -3.289 -2.937 -2.868 -2.847 -2.835 -3.222 -3.107
0.008 -0.27576 5.00000 8.2549161911 2.6235828400    8.254  3.549  4.1295  3.275    0  0.000  0.538     0.00     0.00 -1    -1e-30      0.00 7.290e-01 2.630e-01 1.420e-03 3.876e-04 3.521e-03 -1.000 8.000e-03 -4.103 -2.942 -2.869 -2.838 -2.805 -2.797 -2.788 -2.778 -3.246 -2.893 -2.824 -2.808 -2.796 -3.180 -3.064
0.008 -0.27576 5.00000 8.3238706589 2.6236941814    8.322  3.577  4.1438  3.309    0  0.000  0.538     0.00     0.00 -1    -1e-30      0.00 7.290e-01 2.630e-01 1.420e-03 3.876e-04 3.521e-03 -1.000 8.000e-03 -4.172 -2.909 -2.832 -2.800 -2.764 -2.755 -2.745 -2.734 -3.201 -2.847 -2.778 -2.767 -2.753 -3.136 -3.019
0.008 -0.27576 5.00000 8.3927221298 2.6238033772    8.391  3.603  4.1579  3.343    0  0.000  0.538     0.00     0.00 -1    -1e-30      0.00 7.290e-01 2.630e-01 1.420e-03 3.876e-04 3.521e-03 -1.000 8.000e-03 -4.238 -2.873 -2.793 -2.758 -2.720 -2.710 -2.700 -2.688 -3.153 -2.799 -2.731 -2.724 -2.709 -3.090 -2.972
0.008 -0.27576 5.00000 8.4616689682 2.6239104271    8.459  3.628  4.1720  3.377    0  0.000  0.538     0.00     0.00 -1    -1e-30      0.00 7.290e-01 2.630e-01 1.420e-03 3.876e-04 3.521e-03 -1.000 8.000e-03 -4.300 -2.835 -2.752 -2.715 -2.674 -2.663 -2.652 -2.640 -3.104 -2.749 -2.683 -2.678 -2.662 -3.041 -2.922
0.008 -0.27576 5.00000 8.5308637619 2.6240160465    8.528  3.652  4.1860  3.413    0  0.000  0.538     0.00     0.00 -1    -1e-30      0.00 7.290e-01 2.630e-01 1.420e-03 3.876e-04 3.521e-03 -1.000 8.000e-03 -4.360 -2.794 -2.708 -2.669 -2.626 -2.614 -2.602 -2.590 -3.052 -2.698 -2.634 -2.630 -2.613 -2.990 -2.870
0.008 -0.27576 5.00000 8.6004533768 2.6241202354    8.597  3.675  4.1998  3.448    0  0.000  0.538     0.00     0.00 -1    -1e-30      0.00 7.290e-01 2.630e-01 1.420e-03 3.876e-04 3.521e-03 -1.000 8.000e-03 -4.418 -2.752 -2.663 -2.622 -2.576 -2.564 -2.551 -2.537 -2.999 -2.646 -2.585 -2.580 -2.562 -2.937 -2.817
0.008 -0.27576 5.00000 8.6705732346 2.6242234707    8.667  3.697  4.2136  3.485    0  0.000  0.538     0.00     0.00 -1    -1e-30      0.00 7.290e-01 2.630e-01 1.420e-03 3.876e-04 3.521e-03 -1.000 8.000e-03 -4.473 -2.709 -2.616 -2.573 -2.524 -2.511 -2.498 -2.484 -2.944 -2.592 -2.533 -2.529 -2.510 -2.884 -2.762
0.008 -0.27576 5.00000 8.7413702011 2.6243255138    8.737  3.718  4.2272  3.522    0  0.000  0.538     0.00     0.00 -1    -1e-30      0.00 7.290e-01 2.630e-01 1.420e-03 3.876e-04 3.521e-03 -1.000 8.000e-03 -4.526 -2.663 -2.568 -2.522 -2.472 -2.458 -2.444 -2.429 -2.888 -2.537 -2.481 -2.477 -2.456 -2.828 -2.706
0.008 -0.27576 5.00000 8.8129930496 2.6244270802    8.808  3.739  4.2407  3.559    0  0.000  0.538     0.00     0.00 -1    -1e-30      0.00 7.290e-01 2.630e-01 1.420e-03 3.876e-04 3.521e-03 -1.000 8.000e-03 -4.576 -2.617 -2.519 -2.471 -2.418 -2.403 -2.389 -2.373 -2.831 -2.480 -2.425 -2.423 -2.401 -2.772 -2.649
0.008 -0.27576 5.00000 8.8856039047 2.6245279312    8.880  3.758  4.2542  3.597    0  0.000  0.538     0.00     0.00 -1    -1e-30      0.00 7.290e-01 2.630e-01 1.420e-03 3.876e-04 3.521e-03 -1.000 8.000e-03 -4.625 -2.570 -2.469 -2.419 -2.364 -2.348 -2.332 -2.316 -2.772 -2.422 -2.368 -2.369 -2.346 -2.714 -2.591
0.008 -0.27576 5.00000 8.9593744278 2.6246285439    8.953  3.776  4.2674  3.635    0  0.000  0.538     0.00     0.00 -1    -1e-30      0.00 7.290e-01 2.630e-01 1.420e-03 3.876e-04 3.521e-03 -1.000 8.000e-03 -4.671 -2.522 -2.418 -2.366 -2.308 -2.291 -2.275 -2.258 -2.713 -2.362 -2.308 -2.314 -2.289 -2.656 -2.531
0.008 -0.27576 5.00000 9.0000000000 2.6246831417    8.995  3.786  4.2746  3.656    0  0.000  0.538     0.00     0.00 -1    -1e-30      0.00 7.290e-01 2.630e-01 1.420e-03 3.876e-04 3.521e-03 -1.000 8.000e-03 -4.695 -2.496 -2.391 -2.337 -2.278 -2.261 -2.244 -2.226 -2.680 -2.329 -2.275 -2.284 -2.258 -2.624 -2.498
0.008 -0.27576 5.00000 9.0822391510 2.6247918606    9.077  3.804  4.2883  3.697    0  0.000  0.538     0.00     0.00 -1    -1e-30      0.00 7.290e-01 2.630e-01 1.420e-03 3.876e-04 3.521e-03 -1.000 8.000e-03 -4.741 -2.445 -2.337 -2.281 -2.219 -2.201 -2.184 -2.165 -2.616 -2.265 -2.211 -2.225 -2.199 -2.562 -2.434
0.008 -0.27576 5.00000 9.1715393066 2.6249074936    9.167  3.823  4.3026  3.740    0  0.000  0.538     0.00     0.00 -1    -1e-30      0.00 7.290e-01 2.630e-01 1.420e-03 3.876e-04 3.521e-03 -1.000 8.000e-03 -4.787 -2.391 -2.280 -2.221 -2.157 -2.137 -2.119 -2.099 -2.547 -2.196 -2.141 -2.163 -2.135 -2.495 -2.365
0.008 -0.27576 5.00000 9.2636041641 2.6250240803    9.259  3.841  4.3169  3.783    0  0.000  0.538     0.00     0.00 -1    -1e-30      0.00 7.290e-01 2.630e-01 1.420e-03 3.876e-04 3.521e-03 -1.000 8.000e-03 -4.832 -2.337 -2.222 -2.161 -2.093 -2.073 -2.053 -2.032 -2.477 -2.126 -2.070 -2.100 -2.070 -2.427 -2.296
0.008 -0.27576 5.00000 9.3588466644 2.6251418591    9.354  3.858  4.3311  3.827    0  0.000  0.538     0.00     0.00 -1    -1e-30      0.00 7.290e-01 2.630e-01 1.420e-03 3.876e-04 3.521e-03 -1.000 8.000e-03 -4.875 -2.282 -2.164 -2.100 -2.029 -2.007 -1.987 -1.964 -2.407 -2.055 -1.999 -2.036 -2.005 -2.358 -2.225
0.008 -0.27576 5.00000 9.4578924179 2.6252613068    9.454  3.874  4.3452  3.872    0  0.000  0.538     0.00     0.00 -1    -1e-30      0.00 7.290e-01 2.630e-01 1.420e-03 3.876e-04 3.521e-03 -1.000 8.000e-03 -4.916 -2.226 -2.105 -2.040 -1.965 -1.941 -1.920 -1.896 -2.336 -1.985 -1.927 -1.972 -1.939 -2.289 -2.155
0.008 -0.27576 5.00000 9.5619497299 2.6253838539    9.558  3.890  4.3591  3.917    0  0.000  0.538     0.00     0.00 -1    -1e-30      0.00 7.290e-01 2.630e-01 1.420e-03 3.876e-04 3.521e-03 -1.000 8.000e-03 -4.955 -2.170 -2.046 -1.978 -1.899 -1.874 -1.852 -1.826 -2.265 -1.913 -1.854 -1.907 -1.872 -2.219 -2.084
0.008 -0.27576 5.00000 9.5890150070 2.6254153252    9.585  3.894  4.3627  3.928    0  0.000  0.538     0.00     0.00 -1    -1e-30      0.00 7.290e-01 2.630e-01 1.420e-03 3.876e-04 3.521e-03 -1.000 8.000e-03 -4.965 -2.156 -2.031 -1.962 -1.883 -1.857 -1.834 -1.808 -2.247 -1.895 -1.835 -1.891 -1.854 -2.201 -2.065
0.008 -0.27576 5.00000 9.6675415039 2.6255052090    9.664  3.903  4.3720  3.960    0  0.000  0.538     0.00     0.00 -1    -1e-30      0.00 7.290e-01 2.630e-01 1.420e-03 3.876e-04 3.521e-03 -1.000 8.000e-03 -4.988 -2.116 -1.989 -1.919 -1.837 -1.811 -1.787 -1.760 -2.198 -1.845 -1.784 -1.845 -1.808 -2.152 -2.016
0.008 -0.27576 5.00000 9.7889661789 2.6256408691    9.786  3.914  4.3847  4.006    0  0.000  0.538     0.00     0.00 -1    -1e-30      0.00 7.290e-01 2.630e-01 1.420e-03 3.876e-04 3.521e-03 -1.000 8.000e-03 -5.014 -2.057 -1.927 -1.854 -1.769 -1.741 -1.717 -1.689 -2.126 -1.772 -1.710 -1.778 -1.738 -2.081 -1.944
0.008 -0.27576 5.00000 9.9774446487 2.6258440018    9.975  3.918  4.3988  4.066    0  0.000  0.538     0.00     0.00 -1    -1e-30      0.00 7.290e-01 2.630e-01 1.420e-03 3.876e-04 3.521e-03 -1.000 8.000e-03 -5.024 -1.973 -1.840 -1.765 -1.676 -1.647 -1.622 -1.593 -2.029 -1.674 -1.611 -1.685 -1.644 -1.984 -1.848
0.008 -0.27576 5.00000 10.0000000000 2.6258678436    9.998  3.917  4.3999  4.072    0  0.000  0.538     0.00     0.00 -1    -1e-30      0.00 7.290e-01 2.630e-01 1.420e-03 3.876e-04 3.521e-03 -1.000 8.000e-03 -5.023 -1.964 -1.831 -1.756 -1.667 -1.638 -1.613 -1.584 -2.020 -1.665 -1.601 -1.676 -1.635 -1.975 -1.838
0.008 -0.27576 5.00000 10.1727838516 2.6260454655   10.171  3.915  4.4083  4.116    0  0.000  0.538     0.00     0.00 -1    -1e-30      0.00 7.290e-01 2.630e-01 1.420e-03 3.876e-04 3.521e-03 -1.000 8.000e-03 -5.017 -1.917 -1.821 -1.757 -1.662 -1.634 -2.025 -2.933 -2.528 -2.247 -3.737 -1.673 -1.641 -2.884 -2.727
0.008 -0.27576 5.00000 10.4500675201 2.6263167858   10.450  3.924  4.4226  4.176    0  0.000  0.538     0.00     0.00 -1    -1e-30      0.00 7.290e-01 2.630e-01 1.420e-03 3.876e-04 3.521e-03 -1.000 8.000e-03 -5.039 -1.832 -1.726 -1.644 -1.562 -1.540 -1.929 -2.837 -2.437 -2.182 -3.671 -1.570 -1.546 -2.789 -2.637
0.008 -0.27576 5.00000 10.6993703842 2.6265466213   10.700  3.946  4.4377  4.225    0  0.000  0.538     0.00     0.00 -1    -1e-30      0.00 7.290e-01 2.630e-01 1.420e-03 3.876e-04 3.521e-03 -1.000 8.000e-03 -5.094 -1.806 -1.682 -1.590 -1.526 -1.515 -1.904 -2.812 -2.392 -2.115 -3.585 -1.529 -1.521 -2.760 -2.592
0.008 -0.27576 5.00000 10.9100961685 2.6267318726   10.911  3.969  4.4502  4.260    0  0.000  0.538     0.00     0.00 -1    -1e-30      0.00 7.290e-01 2.630e-01 1.420e-03 3.876e-04 3.521e-03 -1.000 8.000e-03 -5.153 -1.806 -1.665 -1.563 -1.517 -1.516 -1.905 -2.813 -2.372 -2.076 -3.529 -1.516 -1.522 -2.757 -2.572
0.008 -0.27576 5.00000 11.0000000000 2.6268081665   11.001  3.977  4.4542  4.271    0  0.000  0.538     0.00     0.00 -1    -1e-30      0.00 7.290e-01 2.630e-01 1.420e-03 3.876e-04 3.521e-03 -1.000 8.000e-03 -5.172 -1.788 -1.648 -1.553 -1.508 -1.504 -1.893 -2.801 -2.363 -2.064 -3.518 -1.508 -1.511 -2.746 -2.563
0.008 -0.27576 5.00000 11.1976747513 2.6269714832   11.199  3.994  4.4628  4.297    0  0.000  0.538     0.00     0.00 -1    -1e-30      0.00 7.290e-01 2.630e-01 1.420e-03 3.876e-04 3.521e-03 -1.000 8.000e-03 -5.214 -1.747 -1.610 -1.532 -1.492 -1.480 -1.869 -2.777 -2.344 -2.040 -3.495 -1.494 -1.486 -2.724 -2.548
0.008 -0.27576 5.00000 11.7275257111 2.6273777485   11.729  4.016  4.4732  4.336    0  0.000  0.538     0.00     0.00 -1    -1e-30      0.00 7.290e-01 2.630e-01 1.420e-03 3.876e-04 3.521e-03 -1.000 8.000e-03 -5.270 -1.696 -1.564 -1.513 -1.478 -1.455 -1.844 -2.753 -2.329 -2.018 -3.473 -1.483 -1.461 -2.703 -2.536
0.008 -0.27576 5.00000 11.9833097458 2.6275591850   11.984  4.026  4.4763  4.348    0  0.000  0.538     0.00     0.00 -1    -1e-30      0.00 7.290e-01 2.630e-01 1.420e-03 3.876e-04 3.521e-03 -1.000 8.000e-03 -5.295 -1.696 -1.564 -1.516 -1.481 -1.457 -1.846 -2.755 -2.332 -2.019 -3.473 -1.486 -1.463 -2.706 -2.540
0.008 -0.27576 5.00000 12.0000000000 2.6275708675   12.001  4.027  4.4765  4.348    0  0.000  0.538     0.00     0.00 -1    -1e-30      0.00 7.290e-01 2.630e-01 1.420e-03 3.876e-04 3.521e-03 -1.000 8.000e-03 -5.298 -1.698 -1.566 -1.517 -1.483 -1.459 -1.848 -2.756 -2.334 -2.021 -3.474 -1.488 -1.465 -2.708 -2.542
0.008 -0.27576 5.00000 12.4341487885 2.6278581619   12.433  4.062  4.4818  4.349    0  0.000  0.539     0.00     0.00 -1 -8.39e-26      0.00 7.290e-01 2.630e-01 1.424e-03 3.877e-04 3.521e-03 -1.000 8.000e-03 -5.386 -1.762 -1.628 -1.565 -1.528 -1.508 -1.896 -2.804 -2.377 -2.064 -3.511 -1.532 -1.513 -2.754 -2.584
0.008 -0.27576 5.00000 13.0858278275 2.6282489300   13.081  4.118  4.4901  4.349    0  0.000  0.542     0.00     0.00 -1 -9.56e-19      0.00 7.289e-01 2.631e-01 1.431e-03 3.879e-04 3.520e-03 -1.000 8.000e-03 -5.524 -1.864 -1.726 -1.642 -1.601 -1.586 -1.972 -2.880 -2.447 -2.133 -3.571 -1.602 -1.592 -2.829 -2.653
0.008 -0.27576 5.00000 13.9999990463 2.6287269592   13.992  4.204  4.5030  4.344    0  0.000  0.545     0.00     0.00 -1 -2.08e-09      0.00 7.289e-01 2.631e-01 1.439e-03 3.881e-04 3.520e-03 -1.000 8.000e-03 -5.740 -2.018 -1.877 -1.769 -1.718 -1.706 -2.090 -2.998 -2.562 -2.246 -3.678 -1.719 -1.712 -2.945 -2.766
0.008 -0.27576 5.00000 16.0000000000 2.6295573711   16.001  4.368  4.5269  4.333    0  0.000  0.545     0.00     0.00 -1 -4.66e-09      0.00 7.289e-01 2.631e-01 1.439e-03 3.881e-04 3.520e-03 -1.000 8.000e-03 -6.151 -2.279 -2.134 -2.042 -1.965 -1.925 -2.307 -3.216 -2.806 -2.486 -3.947 -1.974 -1.930 -3.166 -3.006
0.008 -0.27576 5.00000 18.0000000000 2.6301794052   17.988  4.511  4.5479  4.326    0  0.000  0.545     0.00     0.00 -1 -9.31e-09      0.00 7.289e-01 2.631e-01 1.439e-03 3.881e-04 3.520e-03 -1.000 8.000e-03 -6.507 -2.507 -2.342 -2.240 -2.137 -2.105 -2.489 -3.398 -2.993 -2.675 -4.118 -2.147 -2.110 -3.349 -3.193
0.008 -0.27576 5.00000 20.0000000000 2.6306605339   19.995  4.633  4.5652  4.319    0  0.000  0.545     0.00     0.00 -1 -1.62e-08      0.00 7.289e-01 2.631e-01 1.439e-03 3.881e-04 3.520e-03 -1.000 8.000e-03 -6.813 -2.693 -2.524 -2.433 -2.361 -2.332 -2.717 -3.625 -3.203 -2.866 -4.326 -2.369 -2.337 -3.574 -3.406
0.008 -0.27576 5.00000 24.0000000000 2.6313521862   23.998  4.838  4.5934  4.305    0  0.000  0.545     0.00     0.00 -1 -3.96e-08      0.00 7.289e-01 2.631e-01 1.439e-03 3.881e-04 3.520e-03 -1.000 8.000e-03 -7.326 -3.015 -2.857 -2.765 -2.688 -2.662 -3.049 -3.957 -3.550 -3.216 -4.700 -2.695 -2.668 -3.908 -3.749
0.008 -0.27576 5.00000 28.0000000000 2.6318216324   27.977  5.004  4.6155  4.295    0  0.000  0.545     0.00     0.00 -1 -7.86e-08      0.00 7.289e-01 2.631e-01 1.439e-03 3.881e-04 3.520e-03 -1.000 8.000e-03 -7.741 -3.259 -3.121 -3.034 -2.948 -2.927 -3.315 -4.223 -3.830 -3.549 -5.052 -2.955 -2.933 -4.175 -4.026
0.008 -0.27576 5.00000 30.0000000000 2.6320033073   29.974  5.075  4.6246  4.291    0  0.000  0.545     0.00     0.00 -1 -1.04e-07      0.00 7.289e-01 2.631e-01 1.439e-03 3.881e-04 3.520e-03 -1.000 8.000e-03 -7.917 -3.402 -3.249 -3.157 -3.074 -3.050 -3.438 -4.346 -3.973 -3.752 -5.305 -3.081 -3.055 -4.301 -4.167
0.008 -0.27576 5.00000 35.0000000000 2.6323544979   34.960  5.228  4.6440  4.282    0  0.000  0.545     0.00     0.00 -1 -1.82e-07      0.00 7.289e-01 2.631e-01 1.439e-03 3.881e-04 3.520e-03 -1.000 8.000e-03 -8.299 -3.618 -3.485 -3.402 -3.320 -3.301 -3.691 -4.600 -4.248 -4.067 -5.669 -3.327 -3.307 -4.558 -4.439
0.008 -0.27576 5.00000 40.0000000000 2.6326069832   39.963  5.355  4.6592  4.274    0  0.000  0.545     0.00     0.00 -1 -2.89e-07      0.00 7.289e-01 2.631e-01 1.439e-03 3.881e-04 3.520e-03 -1.000 8.000e-03 -8.616 -3.838 -3.697 -3.615 -3.538 -3.516 -3.906 -4.816 -4.473 -4.313 -5.937 -3.545 -3.522 -4.775 -4.664
0.008 -0.27576 5.00000 45.0000000000 2.6327958107   44.964  5.463  4.6699  4.260    0  0.000  0.545     0.00     0.00 -1 -4.17e-07      0.00 7.289e-01 2.631e-01 1.439e-03 3.881e-04 3.520e-03 -1.000 8.000e-03 -8.886 -4.047 -3.900 -3.813 -3.740 -3.717 -4.107 -5.016 -4.684 -4.553 -6.198 -3.747 -3.723 -4.978 -4.875
0.008 -0.27576 5.00000 50.0000000000 2.6329421997   49.938  5.558  4.6816  4.257    0  0.000  0.545     0.00     0.00 -1 -5.82e-07      0.00 7.289e-01 2.631e-01 1.439e-03 3.881e-04 3.520e-03 -1.000 8.000e-03 -9.125 -4.219 -4.067 -3.976 -3.908 -3.887 -4.277 -5.186 -4.872 -4.802 -6.483 -3.914 -3.893 -5.150 -5.060
0.008 -0.27576 5.00000 55.0000000000 2.6330580711   54.896  5.640  4.6898  4.249    0  0.000  0.545     0.00     0.00 -1 -7.72e-07      0.00 7.289e-01 2.631e-01 1.439e-03 3.881e-04 3.520e-03 -1.000 8.000e-03 -9.329 -4.382 -4.225 -4.130 -4.068 -4.050 -4.441 -5.351 -5.054 -5.045 -6.759 -4.073 -4.057 -5.316 -5.238
0.008 -0.27576 5.00000 59.9999961853 2.6331522465   59.871  5.712  4.6955  4.238    0  0.000  0.545     0.00     0.00 -1 -9.56e-07      0.00 7.289e-01 2.631e-01 1.439e-03 3.881e-04 3.520e-03 -1.000 8.000e-03 -9.509 -4.534 -4.375 -4.277 -4.221 -4.205 -4.597 -5.507 -5.225 -5.265 -7.006 -4.224 -4.212 -5.474 -5.406
0.008 -0.27576 5.00000 64.9999923706 2.6332299709   64.876  5.778  4.7021  4.233    0  0.000  0.545     0.00     0.00 -1 -1.18e-06      0.00 7.289e-01 2.631e-01 1.439e-03 3.881e-04 3.520e-03 -1.000 8.000e-03 -9.674 -4.625 -4.476 -4.394 -4.352 -4.359 -4.769 -5.683 -5.612 -6.062 -7.991 -4.353 -4.369 -5.682 -5.766
0.008 -0.27576 5.00000 70.0000000000 2.6332950592   69.814  5.837  4.7060  4.221    0  0.000  0.545     0.00     0.00 -1 -1.43e-06      0.00 7.289e-01 2.631e-01 1.439e-03 3.881e-04 3.520e-03 -1.000 8.000e-03 -9.822 -4.749 -4.603 -4.523 -4.486 -4.496 -4.906 -5.820 -5.760 -6.222 -8.155 -4.486 -4.506 -5.821 -5.912
0.008 -0.27576 5.00000 74.9999923706 2.6333501339   74.792  5.891  4.7108  4.216    0  0.000  0.545     0.00     0.00 -1 -1.69e-06      0.00 7.289e-01 2.631e-01 1.439e-03 3.881e-04 3.520e-03 -1.000 8.000e-03 -9.958 -4.854 -4.710 -4.633 -4.602 -4.614 -5.024 -5.938 -5.890 -6.364 -8.301 -4.601 -4.624 -5.942 -6.040
0.008 -0.27576 5.00000 80.0000000000 2.6333973408   79.783  5.942  4.7150  4.210    0  0.000  0.545     0.00     0.00 -1 -1.98e-06      0.00 7.289e-01 2.631e-01 1.439e-03 3.881e-04 3.520e-03 -1.000 8.000e-03 -10.084 -4.954 -4.811 -4.735 -4.708 -4.722 -5.132 -6.047 -6.008 -6.491 -8.431 -4.707 -4.732 -6.052 -6.157
0.008 -0.27576 5.00000 90.0000000000 2.6334741116   89.753  6.031  4.7223  4.201    0  0.000  0.545     0.00     0.00 -1 -2.63e-06      0.00 7.289e-01 2.631e-01 1.439e-03 3.881e-04 3.520e-03 -1.000 8.000e-03 -10.307 -5.129 -4.989 -4.914 -4.892 -4.908 -5.319 -6.233 -6.209 -6.706 -8.651 -4.890 -4.917 -6.241 -6.356
0.008 -0.27576 5.00000 94.9999923706 2.6335055828   94.582  6.069  4.7247  4.195    0  0.000  0.545     0.00     0.00 -1 -2.94e-06      0.00 7.289e-01 2.631e-01 1.439e-03 3.881e-04 3.520e-03 -1.000 8.000e-03 -10.403 -5.210 -5.072 -4.997 -4.975 -4.991 -5.402 -6.317 -6.299 -6.802 -8.749 -4.973 -5.001 -6.325 -6.445
0.008 -0.27576 5.00000 99.9999923706 2.6335334778   99.663  6.108  4.7272  4.189    0  0.000  0.545     0.00     0.00 -1  -3.3e-06      0.00 7.289e-01 2.631e-01 1.439e-03 3.881e-04 3.520e-03 -1.000 8.000e-03 -10.500 -5.296 -5.159 -5.084 -5.063 -5.080 -5.492 -6.407 -6.400 -6.913 -8.865 -5.060 -5.090 -6.417 -6.545
0.008 -0.27576 5.00000 119.9999923706 2.6336188316  119.446  6.237  4.7344  4.168    0  0.000  0.545     0.00     0.00 -1 -4.79e-06      0.00 7.289e-01 2.631e-01 1.439e-03 3.881e-04 3.520e-03 -1.000 8.000e-03 -10.823 -5.591 -5.457 -5.384 -5.365 -5.388 -5.804 -6.719 -6.753 -7.309 -9.279 -5.362 -5.398 -6.737 -6.894
0.008 -0.27576 5.00000 129.9999847412 2.6336188316  128.684  6.287  4.7357  4.155    0  0.000  0.545     0.00     0.00 -1 -5.57e-06      0.00 7.289e-01 2.631e-01 1.439e-03 3.881e-04 3.520e-03 -1.000 8.000e-03 -10.948 -5.714 -5.581 -5.509 -5.490 -5.513 -5.930 -6.846 -6.890 -7.459 -9.436 -5.487 -5.524 -6.866 -7.030
0.008 -0.27576 5.00000 150.0000000000 2.6336188316  149.172  6.387  4.7386  4.131    0  0.000  0.545     0.00     0.00 -1 -7.51e-06      0.00 7.289e-01 2.631e-01 1.439e-03 3.881e-04 3.520e-03 -1.000 8.000e-03 -11.199 -5.960 -5.828 -5.757 -5.741 -5.768 -6.187 -7.103 -7.174 -7.779 -9.770 -5.738 -5.779 -7.127 -7.310
0.008 -0.27576 5.00000 199.9999847412 2.6336188316  198.701  6.571  4.7403  4.078    0  0.000  0.545     0.00     0.00 -1  -1.3e-05      0.00 7.289e-01 2.631e-01 1.439e-03 3.881e-04 3.520e-03 -1.000 8.000e-03 -11.658 -6.415 -6.297 -6.254 -6.304 -6.370 -6.809 -7.731 -8.064 -9.029 -11.142 -6.291 -6.385 -7.800 -8.168
0.008 -0.27576 5.00000 250.0000000000 2.6336188316  248.020  6.707  4.7420  4.045    0  0.000  0.545     0.00     0.00 -1 -1.91e-05      0.00 7.289e-01 2.631e-01 1.439e-03 3.881e-04 3.520e-03 -1.000 8.000e-03 -11.998 -6.756 -6.642 -6.604 -6.665 -6.737 -7.181 -8.104 -8.489 -9.517 -11.650 -6.650 -6.753 -8.182 -8.587
0.008 -0.27576 5.00000 300.0000000000 2.6336188316  297.281  6.814  4.7437  4.024    0  0.000  0.545     0.00     0.00 -1 -2.55e-05      0.00 7.289e-01 2.631e-01 1.439e-03 3.881e-04 3.520e-03 -1.000 8.000e-03 -12.266 -7.024 -6.913 -6.878 -6.947 -7.025 -7.472 -8.395 -8.819 -9.891 -12.038 -6.931 -7.041 -8.481 -8.911
0.008 -0.27576 5.00000 350.0000000000 2.6336188316   69.057  6.468  5.1130  5.213    0  0.000  2.101     0.00     0.00 -1 -8.52e-05      0.00 8.147e-02 2.693e-01 4.035e-01 4.338e-05 2.352e-01 11.366 6.492e-01 -11.400 -5.315 -5.389 -5.667 -6.082 -6.482 -6.578 -7.039 -8.807 -9.901 -10.936 -6.101 -6.478 -7.411 -8.533
0.008 -0.27576 5.00000 350.0020751953 2.6336188316  344.734  6.903  4.7171  3.893    0  0.000  0.545     0.00     0.00 -1 -9.96e-06      0.00 7.289e-01 2.631e-01 1.439e-03 3.881e-04 3.520e-03 -1.000 8.000e-03 -12.487 -7.403 -7.258 -7.173 -7.123 -7.124 -7.528 -8.442 -8.368 -8.881 -10.886 -7.125 -7.133 -8.438 -8.520
0.008 -0.27576 5.00000 350.0036010742 2.6336188316  342.324  6.904  4.6969  3.808    0  0.000  0.038     0.00     0.00 -1 -4.27e-06      0.00 7.255e-01 2.664e-01 8.599e-05 2.886e-03 2.487e-03 -1.000 8.096e-03 -12.489 -7.524 -7.381 -7.299 -7.250 -7.255 -7.660 -8.573 -8.480 -8.965 -10.941 -7.252 -7.263 -8.567 -8.635
0.008 -0.27576 5.00000 350.0047302246 2.6336188316  339.789  6.905  4.6824  3.746    0  0.000  0.068     0.00     0.00 -1 -2.24e-06      0.00 7.185e-01 2.735e-01 1.116e-04 3.734e-03 1.480e-03 -1.000 8.000e-03 -12.493 -7.622 -7.481 -7.407 -7.358 -7.365 -7.773 -8.686 -8.585 -9.031 -10.985 -7.359 -7.374 -8.681 -8.744
0.008 -0.27576 5.00000 350.0056152344 2.6336188316  337.242  6.907  4.6708  3.694    0  0.000  0.110     0.00     0.00 -1  -1.4e-06      0.00 7.106e-01 2.815e-01 1.289e-04 4.170e-03 9.578e-04 -1.000 7.906e-03 -12.497 -7.760 -7.634 -7.579 -7.564 -7.593 -8.013 -8.929 -8.926 -9.455 -11.431 -7.561 -7.605 -8.946 -9.077
0.008 -0.27576 5.00000 350.0063171387 2.6336188316  334.684  6.909  4.6610  3.650    0  0.000  0.175     0.00     0.00 -1 -9.44e-07      0.00 7.021e-01 2.900e-01 1.416e-04 4.404e-03 6.750e-04 -1.000 7.906e-03 -12.501 -7.818 -7.684 -7.596 -7.515 -7.498 -7.891 -8.801 -8.510 -8.547 -10.309 -7.521 -7.505 -8.768 -8.694
0.008 -0.27576 5.00000 350.0068969727 2.6336188316  332.102  6.910  4.6520  3.609    0  0.000  0.258     0.00     0.00 -1 -6.95e-07      0.00 6.942e-01 2.979e-01 1.513e-04 4.514e-03 5.355e-04 -1.000 7.907e-03 -12.506 -7.907 -7.789 -7.713 -7.659 -7.660 -8.063 -8.975 -8.775 -8.870 -10.636 -7.662 -7.669 -8.961 -8.950
0.008 -0.27576 5.00000 350.0073547363 2.6336188316  329.742  6.912  4.6446  3.574    0  0.000  0.366     0.00     0.00 -1 -5.41e-07      0.00 6.864e-01 3.057e-01 1.586e-04 4.572e-03 4.589e-04 -1.000 7.907e-03 -12.511 -7.985 -7.870 -7.804 -7.775 -7.791 -8.202 -9.116 -8.998 -9.184 -10.966 -7.774 -7.801 -9.117 -9.164
0.008 -0.27576 5.00000 350.0077819824 2.6336188316  327.344  6.914  4.6376  3.541    0  0.000  0.498     0.00     0.00 -1 -4.44e-07      0.00 6.786e-01 3.136e-01 1.648e-04 4.602e-03 4.167e-04 -1.000 7.815e-03 -12.515 -8.045 -7.927 -7.863 -7.841 -7.862 -8.276 -9.191 -9.114 -9.362 -11.159 -7.838 -7.873 -9.198 -9.275
0.008 -0.27576 5.00000 350.0081481934 2.6336188316  324.789  6.916  4.6316  3.512    0  0.000  0.688     0.00     0.00 -1 -3.62e-07      0.00 6.681e-01 3.240e-01 1.706e-04 4.620e-03 3.884e-04 -1.000 7.908e-03 -12.520 -8.095 -7.973 -7.908 -7.889 -7.913 -8.328 -9.243 -9.202 -9.521 -11.345 -7.886 -7.923 -9.255 -9.358
0.008 -0.27576 5.00000 350.0085144043 2.6336188316  322.215  6.918  4.6260  3.484    0  0.000  0.868     0.00     0.00 -1 -3.01e-07      0.00 6.577e-01 3.345e-01 1.757e-04 4.624e-03 3.785e-04 -1.000 7.817e-03 -12.525 -8.132 -8.004 -7.934 -7.906 -7.926 -8.339 -9.254 -9.220 -9.585 -11.432 -7.904 -7.936 -9.264 -9.373
0.008 -0.27576 5.00000 350.0088195801 2.6336188316  319.590  6.920  4.6210  3.459    0  0.000  1.018     0.00     0.00 -1 -2.61e-07      0.00 6.460e-01 3.462e-01 1.802e-04 4.620e-03 3.772e-04 -1.000 7.818e-03 -12.530 -8.187 -8.072 -8.034 -8.066 -8.171 -8.198 -8.398 -9.346 -11.814 -11.906 -8.065 -8.160 -8.641 -9.281
0.008 -0.27576 5.00000 350.0093078613 2.6336188316  314.965  6.924  4.6116  3.411    0  0.000  1.154     0.00     0.00 -1 -2.05e-07      0.00 6.262e-01 3.660e-01 1.872e-04 4.605e-03 3.857e-04 -1.000 7.819e-03 -12.540 -8.271 -8.157 -8.121 -8.157 -8.262 -8.292 -8.493 -9.454 -11.923 -12.022 -8.155 -8.251 -8.743 -9.389
0.008 -0.27576 5.00000 350.0097351074 2.6336188316  309.930  6.928  4.6044  3.371    0  0.000  1.213     0.00     0.00 -1 -1.68e-07      0.00 6.013e-01 3.909e-01 1.935e-04 4.587e-03 3.982e-04 -1.000 7.820e-03 -12.551 -8.338 -8.225 -8.190 -8.229 -8.335 -8.366 -8.569 -9.539 -12.010 -12.112 -8.226 -8.324 -8.823 -9.474
0.008 -0.27576 5.00000 350.0101013184 2.6336188316  304.949  6.932  4.5983  3.335    0  0.000  1.233     0.00     0.00 -1  -1.4e-07      0.00 5.762e-01 4.160e-01 1.990e-04 4.571e-03 4.103e-04 -1.000 7.820e-03 -12.560 -8.395 -8.283 -8.249 -8.288 -8.394 -8.426 -8.630 -9.605 -12.077 -12.185 -8.285 -8.383 -8.886 -9.539
0.008 -0.27576 5.00000 350.0104370117 2.6336188316  300.000  6.936  4.5925  3.301    0  0.000  1.246     0.00     0.00 -1 -1.23e-07      0.00 5.503e-01 4.418e-01 2.037e-04 4.557e-03 4.211e-04 -1.000 7.910e-03 -12.571 -8.450 -8.338 -8.303 -8.340 -8.445 -8.475 -8.677 -9.648 -12.126 -12.247 -8.337 -8.433 -8.933 -9.582
0.008 -0.27576 5.00000 350.0107116699 2.6336188316  294.949  6.941  4.5888  3.274    0  0.000  1.261     0.00     0.00 -1 -1.08e-07      0.00 5.213e-01 4.708e-01 2.081e-04 4.545e-03 4.307e-04 -1.000 7.821e-03 -12.582 -8.489 -8.377 -8.341 -8.377 -8.481 -8.511 -8.712 -9.680 -12.161 -12.290 -8.373 -8.468 -8.967 -9.614
0.008 -0.27576 5.00000 350.0109252930 2.6336188316  290.727  6.944  4.5838  3.245    0  0.000  1.271     0.00     0.00 -1 -9.89e-08      0.00 5.015e-01 4.905e-01 2.113e-04 4.535e-03 4.379e-04 -1.000 7.911e-03 -12.590 -8.536 -8.423 -8.387 -8.421 -8.524 -8.552 -8.752 -9.717 -12.202 -12.342 -8.417 -8.510 -9.006 -9.651
0.008 -0.27576 5.00000 350.0111389160 2.6336188316  286.754  6.948  4.5803  3.221    0  0.000  1.282     0.00     0.00 -1 -9.23e-08      0.00 4.807e-01 5.115e-01 2.142e-04 4.527e-03 4.440e-04 -1.000 7.822e-03 -12.599 -8.412 -8.299 -8.306 -8.305 -8.408 -8.441 -8.627 -9.658 -11.527 -11.949 -8.303 -8.399 -8.853 -9.523
0.008 -0.27576 5.00000 350.0112915039 2.6336188316  282.535  6.951  4.5773  3.199    0  0.000  1.296     0.00     0.00 -1 -8.82e-08      0.00 4.582e-01 5.340e-01 2.169e-04 4.519e-03 4.499e-04 -1.000 7.823e-03 -12.608 -8.436 -8.323 -8.329 -8.327 -8.430 -8.463 -8.648 -9.679 -11.552 -11.977 -8.325 -8.420 -8.875 -9.545
0.008 -0.27576 5.00000 350.0115051270 2.6336188316  277.242  6.956  4.5758  3.180    0  0.000  1.315     0.00     0.00 -1 -8.14e-08      0.00 4.288e-01 5.633e-01 2.202e-04 4.511e-03 4.565e-04 -1.000 7.912e-03 -12.619 -8.454 -8.341 -8.347 -8.345 -8.447 -8.480 -8.665 -9.697 -11.570 -11.997 -8.343 -8.437 -8.892 -9.562
0.008 -0.27576 5.00000 350.0116882324 2.6336188316  272.059  6.960  4.5759  3.168    0  0.000  1.336     0.00     0.00 -1  -7.6e-08      0.00 3.991e-01 5.931e-01 2.232e-04 4.503e-03 4.624e-04 -1.000 7.823e-03 -12.631 -8.295 -8.181 -8.227 -8.186 -8.284 -8.319 -8.494 -9.725 -10.416 -11.307 -8.190 -8.284 -8.702 -9.455
0.008 -0.27576 5.00000 350.0119018555 2.6336188316  265.574  6.966  4.5752  3.149    0  0.000  1.365     0.00     0.00 -1 -7.15e-08      0.00 3.640e-01 6.281e-01 2.266e-04 4.495e-03 4.688e-04 -1.000 7.912e-03 -12.645 -8.311 -8.198 -8.244 -8.202 -8.300 -8.335 -8.510 -9.740 -10.431 -11.323 -8.206 -8.300 -8.717 -9.471
0.008 -0.27576 5.00000 350.0119628906 2.6336188316  260.707  6.968  4.5851  3.179    0  0.000  1.388     0.00     0.00 -1  -3.6e-07      0.00 3.390e-01 6.531e-01 2.282e-04 4.492e-03 4.710e-04 -1.000 7.912e-03 -12.649 -8.290 -8.176 -8.223 -8.184 -8.285 -8.321 -8.499 -9.738 -10.433 -11.318 -8.188 -8.285 -8.708 -9.469
0.008 -0.27576 5.00000 350.0119934082 2.6336188316  251.586  6.965  4.6237  3.320    0  0.000  1.445     0.00     0.00 -1 -3.98e-07      0.00 2.875e-01 7.045e-01 2.298e-04 4.491e-03 4.712e-04 -1.000 7.912e-03 -12.644 -8.183 -8.069 -8.117 -8.082 -8.189 -8.226 -8.410 -9.670 -10.386 -11.271 -8.087 -8.189 -8.619 -9.400
0.008 -0.27576 5.00000 350.0120239258 2.6336188316  242.834  6.962  4.6566  3.440    0  0.000  1.517     0.00     0.00 -1 -4.23e-07      0.00 2.378e-01 7.543e-01 2.316e-04 4.491e-03 4.709e-04 -1.000 7.912e-03 -12.634 -8.049 -7.934 -7.983 -7.945 -8.052 -8.088 -8.272 -9.540 -10.268 -11.158 -7.951 -8.051 -8.479 -9.270
0.008 -0.27576 5.00000 350.0120544434 2.6336188316  236.506  6.958  4.6753  3.507    0  0.000  1.580     0.00     0.00 -1 -4.44e-07      0.00 2.042e-01 7.879e-01 2.331e-04 4.490e-03 4.706e-04 -1.000 7.824e-03 -12.624 -7.882 -7.766 -7.816 -7.770 -7.874 -7.910 -8.090 -9.358 -10.068 -10.947 -7.776 -7.874 -8.293 -9.088
0.008 -0.27576 5.00000 350.0120849609 2.6336188316  227.971  6.946  4.6817  3.529    0  0.000  1.618     0.00     0.00 -1 -4.46e-07      0.00 1.856e-01 8.066e-01 2.341e-04 4.489e-03 4.708e-04 -1.000 7.824e-03 -12.594 -7.798 -7.682 -7.732 -7.683 -7.787 -7.822 -8.000 -9.269 -9.973 -10.848 -7.690 -7.786 -8.202 -8.999
0.008 -0.27576 5.00000 350.0121459961 2.6336188316  210.053  6.908  4.6821  3.532    0  0.000  1.632     0.00     0.00 -1  -3.9e-07      0.00 1.761e-01 8.160e-01 2.351e-04 4.487e-03 4.725e-04 -1.000 7.895e-03 -12.501 -7.702 -7.586 -7.635 -7.587 -7.690 -7.726 -7.904 -9.172 -9.876 -10.750 -7.593 -7.690 -8.106 -8.902
0.008 -0.27576 5.00000 350.0122070312 2.6336188316  193.516  6.872  4.6829  3.536    0  0.000  1.647     0.00     0.00 -1 -3.47e-07      0.00 1.666e-01 8.256e-01 2.361e-04 4.484e-03 4.742e-04 -1.000 7.851e-03 -12.410 -7.604 -7.487 -7.537 -7.488 -7.591 -7.627 -7.805 -9.073 -9.776 -10.650 -7.495 -7.591 -8.006 -8.803
0.008 -0.27576 5.00000 350.0122375488 2.6336188316  178.246  6.835  4.6840  3.542    0  0.000  1.665     0.00     0.00 -1 -3.03e-07      0.00 1.570e-01 8.351e-01 2.372e-04 4.482e-03 4.758e-04 -1.000 7.877e-03 -12.318 -7.503 -7.387 -7.436 -7.387 -7.490 -7.525 -7.703 -8.971 -9.673 -10.546 -7.393 -7.489 -7.904 -8.701
0.008 -0.27576 5.00000 350.0122985840 2.6336188316  165.031  6.801  4.6854  3.548    0  0.000  1.685     0.00     0.00 -1 -2.71e-07      0.00 1.481e-01 8.440e-01 2.384e-04 4.479e-03 4.773e-04 -1.000 7.851e-03 -12.232 -7.406 -7.289 -7.339 -7.289 -7.392 -7.427 -7.605 -8.873 -9.574 -10.446 -7.295 -7.391 -7.806 -8.603
0.008 -0.27576 5.00000 350.0123596191 2.6336188316  152.859  6.767  4.6872  3.556    0  0.000  1.711     0.00     0.00 -1 -2.42e-07      0.00 1.392e-01 8.529e-01 2.396e-04 4.477e-03 4.788e-04 -1.000 7.912e-03 -12.146 -7.305 -7.188 -7.238 -7.187 -7.290 -7.325 -7.502 -8.770 -9.469 -10.341 -7.194 -7.289 -7.703 -8.501
0.008 -0.27576 5.00000 350.0123901367 2.6336188316  141.631  6.732  4.6895  3.567    0  0.000  1.744     0.00     0.00 -1 -2.16e-07      0.00 1.304e-01 8.617e-01 2.409e-04 4.474e-03 4.801e-04 -1.000 7.851e-03 -12.060 -7.199 -7.082 -7.132 -7.080 -7.183 -7.218 -7.395 -8.663 -9.360 -10.230 -7.087 -7.182 -7.595 -8.393
0.008 -0.27576 5.00000 350.0124511719 2.6336188316  131.861  6.700  4.6925  3.580    0  0.000  1.786     0.00     0.00 -1 -1.94e-07      0.00 1.222e-01 8.700e-01 2.424e-04 4.471e-03 4.813e-04 -1.000 7.851e-03 -11.980 -7.094 -6.977 -7.027 -6.973 -7.075 -7.111 -7.287 -8.555 -9.249 -10.117 -6.980 -7.075 -7.486 -8.285
0.008 -0.27576 5.00000 350.0124816895 2.6336188316  123.472  6.670  4.6966  3.598    0  0.000  1.841     0.00     0.00 -1 -1.74e-07      0.00 1.145e-01 8.776e-01 2.441e-04 4.468e-03 4.822e-04 -1.000 7.878e-03 -11.906 -6.985 -6.868 -6.918 -6.863 -6.964 -7.000 -7.175 -8.443 -9.133 -9.999 -6.870 -6.964 -7.374 -8.173
0.008 -0.27576 5.00000 350.0125427246 2.6336188316  116.245  6.643  4.7025  3.622    0  0.000  1.915     0.00     0.00 -1  -1.6e-07      0.00 1.075e-01 8.847e-01 2.462e-04 4.466e-03 4.828e-04 -1.000 7.851e-03 -11.838 -6.871 -6.754 -6.804 -6.748 -6.850 -6.886 -7.061 -8.333 -9.024 -9.889 -6.755 -6.850 -7.260 -8.063
0.008 -0.27576 5.00000 350.0125732422 2.6336188316  108.185  6.612  4.7192  3.689    0  0.000  2.077     0.00     0.00 -1 -1.43e-07      0.00 9.911e-02 8.930e-01 2.501e-04 4.460e-03 4.830e-04 -1.000 7.886e-03 -11.759 -6.676 -6.560 -6.613 -6.561 -6.669 -6.704 -6.887 -8.186 -8.905 -9.775 -6.569 -6.668 -7.093 -7.916
0.008 -0.27576 5.00000 350.0126037598 2.6336188316  102.905  6.622  4.9684  4.654    0  0.000  2.158     0.00     0.00 -1 -1.46e-07      0.00 9.367e-02 8.985e-01 2.501e-04 4.460e-03 4.823e-04 -1.000 7.873e-03 -11.785 -4.821 -4.698 -4.654 -4.705 -4.805 -4.868 -5.045 -6.445 -7.405 -8.413 -4.706 -4.807 -5.257 -6.173
0.008 -0.27576 5.00000 350.0126342773 2.6336188316   99.411  6.605  4.9734  4.676    0  0.000  2.942     0.00     0.00 -1 -1.36e-07      0.00 9.212e-02 9.000e-01 2.730e-04 4.427e-03 4.817e-04 -1.000 7.910e-03 -11.743 -4.746 -4.624 -4.581 -4.634 -4.734 -4.798 -4.975 -6.375 -7.337 -8.344 -4.634 -4.736 -5.186 -6.103
0.008 -0.27576 5.00000 350.0126647949 2.6336188316   95.205  6.584  4.9747  4.684    0  0.000 83.493     0.00     0.00 -1 -1.19e-07      0.00 9.231e-02 8.567e-01 4.036e-02 4.914e-05 1.007e-03 10.553 5.097e-02 -11.690 -4.684 -4.562 -4.519 -4.573 -4.672 -4.737 -4.914 -6.314 -7.276 -8.283 -4.572 -4.675 -5.125 -6.041
0.008 -0.27576 5.00000 350.0127258301 2.6336188316   88.872  6.552  4.9703  4.668    0  0.000 25.936     0.00     0.00 -1 -8.69e-08      0.00 9.268e-02 7.632e-01 1.281e-01 4.934e-05 6.205e-03 11.045 1.441e-01 -11.610 -4.620 -4.488 -4.426 -4.444 -4.504 -4.565 -4.686 -5.959 -6.871 -7.866 -4.441 -4.507 -4.843 -5.686
0.008 -0.27576 5.00000 350.0127868652 2.6336188316   82.047  6.518  4.9661  4.651    0  0.000 11.010     0.00     0.00 -1 -5.43e-08      0.00 9.327e-02 6.293e-01 2.416e-01 4.965e-05 2.611e-02 11.297 2.775e-01 -11.524 -4.566 -4.433 -4.371 -4.389 -4.450 -4.511 -4.634 -5.908 -6.822 -7.819 -4.387 -4.453 -4.791 -5.636
0.008 -0.27576 5.00000 350.0129089355 2.6336188316   75.896  6.491  4.9636  4.634    0  0.000  4.941     0.00     0.00 -1 -2.82e-08      0.00 9.417e-02 4.561e-01 3.548e-01 5.013e-05 8.499e-02 11.411 4.498e-01 -11.456 -4.517 -4.385 -4.323 -4.341 -4.402 -4.463 -4.586 -5.863 -6.777 -7.775 -4.339 -4.405 -4.745 -5.590
0.008 -0.27576 5.00000 350.0130310059 2.6336188316   71.419  6.471  4.9691  4.649    0  0.000  2.059     0.00     0.00 -1 -3.96e-08      0.00 9.490e-02 2.686e-01 3.953e-01 5.052e-05 2.309e-01 11.290 6.365e-01 -11.407 -4.426 -4.294 -4.231 -4.249 -4.310 -4.371 -4.493 -5.766 -6.678 -7.674 -4.247 -4.313 -4.650 -5.493
0.008 -0.27576 5.00000 350.0130615234 2.6336188316   68.663  6.456  4.9769  4.679    0  0.000  1.126     0.00     0.00 -1 -4.72e-08      0.00 9.520e-02 1.697e-01 3.448e-01 5.068e-05 3.794e-01 10.723 7.351e-01 -11.369 -4.329 -4.196 -4.134 -4.151 -4.211 -4.272 -4.392 -5.660 -6.569 -7.563 -4.149 -4.214 -4.546 -5.388
0.008 -0.27576 5.00000 350.0130920410 2.6336188316   64.829  6.435  4.9970  4.755    0  0.000  0.565     0.00     0.00 -1 -5.28e-08      0.00 9.553e-02 9.325e-02 2.385e-01 5.086e-05 5.601e-01 -1.000 8.112e-01 -11.316 -4.124 -3.991 -3.928 -3.945 -4.003 -4.063 -4.178 -5.433 -6.335 -7.324 -3.941 -4.006 -4.326 -5.161
0.008 -0.27576 5.00000 350.0131225586 2.6336188316   63.121  6.494  5.0921  5.065    0  0.000  0.490     0.00     0.00 -1 -9.54e-08      0.00 9.565e-02 8.162e-02 2.146e-01 5.092e-05 5.945e-01 -1.000 8.227e-01 -11.465 -3.882 -3.795 -3.787 -3.929 -4.066 -4.196 -4.445 -6.036 -7.096 -8.119 -3.913 -4.075 -4.742 -5.760
#isochrone terminated
