# File generated by CMD 3.3 (http://stev.oapd.inaf.it/cmd) on Wed Sep 18 13:40:54 CEST 2019
# isochrones based on PARSEC release v1.2S +  COLIBRI S_35
# Basic references: Bressan et al. (2012), MNRAS, 427, 127 + Chen et al. (2014, 2015), MNRAS, 444, 2525 + MNRAS, 452, 1068 + Tang et al. (2014), MNRAS, 445, 4287 + Marigo et al. (2017), ApJ, 835, 77 + Pastorelli al. (2019), MNRAS in press
# Thermal pulse cycles included 
# On RGB, assumed Reimers mass loss with efficiency eta=0.2
# Photometric system:  2MASS + Spitzer (IRAC+MIPS) + WISE
# Using YBC version of bolometric corrections as in Chen et al. (2019)
# O-rich circumstellar dpmod60alox40 dust from Groenewegen (2006)
# C-rich circumstellar AMCSIC15 dust from Groenewegen (2006)
# IMF: Kroupa (2001, 2002) + Kroupa et al. (2013) canonical two-part-power law IMF corrected for unresolved binaries 
# Kind of output: isochrone tables
# Zini     MH   logAge Mini        int_IMF         Mass   logL    logTe  logg  label   McoreTP C_O  period0 period1 pmode  Mloss  tau1m   X   Y   Xc  Xn  Xo  Cexcess  Z 	 mbolmag  Jmag    Hmag    Ksmag   IRAC_3.6mag  IRAC_4.5mag  IRAC_5.8mag  IRAC_8.0mag  MIPS_24mag  MIPS_70mag  MIPS_160mag  W1mag   W2mag   W3mag   W4mag
0.0152 0.01508 6.00000 0.0900000036 1.0816895962    0.090 -1.321  3.4419  3.433    0  0.000  0.545     0.00     0.00 -1 -3.88e-14      0.00 7.092e-01 2.755e-01 2.746e-03 7.408e-04 6.719e-03 -1.000 1.527e-02 8.073 6.011 5.455 5.121 4.694 4.544 4.490 4.409 3.780 3.749 3.805 4.827 4.548 4.363 3.970
0.0152 0.01508 6.00000 0.1000000015 1.1711064577    0.100 -1.221  3.4494  3.408    0  0.000  0.545     0.00     0.00 -1 -4.77e-14      0.00 7.092e-01 2.755e-01 2.746e-03 7.408e-04 6.719e-03 -1.000 1.527e-02 7.822 5.770 5.208 4.888 4.479 4.332 4.281 4.205 3.582 3.555 3.618 4.608 4.336 4.164 3.772
0.0152 0.01508 6.00000 0.1098617315 1.2485735416    0.110 -1.138  3.4554  3.390    0  0.000  0.545     0.00     0.00 -1 -5.62e-14      0.00 7.092e-01 2.755e-01 2.746e-03 7.408e-04 6.719e-03 -1.000 1.527e-02 7.615 5.571 5.001 4.693 4.301 4.158 4.109 4.038 3.420 3.397 3.466 4.429 4.162 4.000 3.610
0.0152 0.01508 6.00000 0.1200000122 1.3193155527    0.120 -1.057  3.4612  3.371    0  0.000  0.545     0.00     0.00 -1 -6.62e-14      0.00 7.092e-01 2.755e-01 2.746e-03 7.408e-04 6.719e-03 -1.000 1.527e-02 7.413 5.378 4.797 4.502 4.128 3.988 3.942 3.874 3.262 3.242 3.316 4.253 3.993 3.840 3.452
0.0152 0.01508 6.00000 0.1354001611 1.4130985737    0.135 -0.953  3.4689  3.350    0  0.000  0.545     0.00     0.00 -1 -8.14e-14      0.00 7.092e-01 2.755e-01 2.746e-03 7.408e-04 6.719e-03 -1.000 1.527e-02 7.152 5.129 4.529 4.250 3.903 3.769 3.727 3.665 3.061 3.046 3.125 4.026 3.774 3.635 3.250
0.0152 0.01508 6.00000 0.1400000006 1.4384527206    0.140 -0.924  3.4710  3.344    0  0.000  0.545     0.00     0.00 -1  -8.6e-14      0.00 7.092e-01 2.755e-01 2.746e-03 7.408e-04 6.719e-03 -1.000 1.527e-02 7.081 5.061 4.455 4.181 3.841 3.709 3.668 3.608 3.005 2.992 3.073 3.963 3.715 3.579 3.195
0.0152 0.01508 6.00000 0.1473688781 1.4768916368    0.147 -0.885  3.4742  3.340    0  0.000  0.545     0.00     0.00 -1 -9.22e-14      0.00 7.092e-01 2.755e-01 2.746e-03 7.408e-04 6.719e-03 -1.000 1.527e-02 6.982 4.969 4.353 4.086 3.757 3.628 3.589 3.530 2.931 2.921 3.004 3.878 3.634 3.504 3.121
0.0152 0.01508 6.00000 0.1649024487 1.5590895414    0.165 -0.809  3.4809  3.340    0  0.000  0.545     0.00     0.00 -1 -1.04e-13      0.00 7.092e-01 2.755e-01 2.746e-03 7.408e-04 6.719e-03 -1.000 1.527e-02 6.793 4.794 4.160 3.904 3.598 3.476 3.439 3.383 2.792 2.788 2.877 3.716 3.482 3.362 2.981
0.0152 0.01508 6.00000 0.1705176234 1.5830422640    0.170 -0.798  3.4826  3.350    0  0.000  0.545     0.00     0.00 -1 -1.04e-13      0.00 7.092e-01 2.755e-01 2.746e-03 7.408e-04 6.719e-03 -1.000 1.527e-02 6.765 4.770 4.131 3.878 3.576 3.456 3.419 3.364 2.774 2.773 2.864 3.694 3.462 3.344 2.964
0.0152 0.01508 6.00000 0.1760640442 1.6057158709    0.176 -0.776  3.4849  3.351    0  0.000  0.545     0.00     0.00 -1 -1.07e-13      0.00 7.092e-01 2.755e-01 2.746e-03 7.408e-04 6.719e-03 -1.000 1.527e-02 6.710 4.721 4.075 3.825 3.531 3.413 3.376 3.321 2.735 2.736 2.830 3.646 3.419 3.303 2.924
0.0152 0.01508 6.00000 0.1806975752 1.6239571571    0.181 -0.751  3.4871  3.346    0  0.000  0.545     0.00     0.00 -1 -1.12e-13      0.00 7.092e-01 2.755e-01 2.746e-03 7.408e-04 6.719e-03 -1.000 1.527e-02 6.648 4.665 4.011 3.764 3.478 3.363 3.326 3.272 2.688 2.693 2.789 3.592 3.369 3.256 2.878
0.0152 0.01508 6.00000 0.1863482147 1.6453964710    0.186 -0.717  3.4900  3.337    0  0.000  0.545     0.00     0.00 -1 -1.21e-13      0.00 7.092e-01 2.755e-01 2.746e-03 7.408e-04 6.719e-03 -1.000 1.527e-02 6.561 4.585 3.921 3.679 3.403 3.291 3.255 3.201 2.621 2.630 2.729 3.516 3.298 3.188 2.811
0.0152 0.01508 6.00000 0.1950441152 1.6767902374    0.195 -0.661  3.4944  3.318    0  0.000  0.545     0.00     0.00 -1 -1.38e-13      0.00 7.092e-01 2.755e-01 2.746e-03 7.408e-04 6.719e-03 -1.000 1.527e-02 6.422 4.456 3.774 3.538 3.280 3.177 3.142 3.091 2.516 2.529 2.630 3.391 3.183 3.080 2.705
0.0152 0.01508 6.00000 0.2051213235 1.7109696865    0.205 -0.635  3.4973  3.327    0  0.000  0.545     0.00     0.00 -1 -1.41e-13      0.00 7.092e-01 2.755e-01 2.746e-03 7.408e-04 6.719e-03 -1.000 1.527e-02 6.359 4.400 3.709 3.476 3.228 3.129 3.094 3.045 2.473 2.489 2.593 3.337 3.136 3.036 2.663
0.0152 0.01508 6.00000 0.2146187723 1.7412416935    0.215 -0.635  3.4990  3.353    0  0.000  0.545     0.00     0.00 -1 -1.34e-13      0.00 7.092e-01 2.755e-01 2.746e-03 7.408e-04 6.719e-03 -1.000 1.527e-02 6.358 4.405 3.713 3.481 3.235 3.137 3.103 3.053 2.485 2.503 2.608 3.343 3.144 3.047 2.674
0.0152 0.01508 6.00000 0.2241051644 1.7697881460    0.224 -0.625  3.5015  3.371    0  0.000  0.545     0.00     0.00 -1 -1.31e-13      0.00 7.092e-01 2.755e-01 2.746e-03 7.408e-04 6.719e-03 -1.000 1.527e-02 6.332 4.385 3.688 3.458 3.218 3.124 3.090 3.041 2.476 2.497 2.604 3.324 3.131 3.036 2.665
0.0152 0.01508 6.00000 0.2335195690 1.7966058254    0.234 -0.601  3.5047  3.378    0  0.000  0.545     0.00     0.00 -1 -1.35e-13      0.00 7.092e-01 2.755e-01 2.746e-03 7.408e-04 6.719e-03 -1.000 1.527e-02 6.272 4.334 3.628 3.401 3.171 3.083 3.049 3.001 2.440 2.465 2.574 3.275 3.090 2.998 2.630
0.0152 0.01508 6.00000 0.2428210378 1.8217558861    0.243 -0.563  3.5086  3.373    0  0.000  0.545     0.00     0.00 -1 -1.45e-13      0.00 7.092e-01 2.755e-01 2.746e-03 7.408e-04 6.719e-03 -1.000 1.527e-02 6.177 4.249 3.529 3.307 3.090 3.010 2.977 2.931 2.375 2.404 2.515 3.192 3.017 2.931 2.565
0.0152 0.01508 6.00000 0.2590910494 1.8628706932    0.259 -0.513  3.5141  3.373    0  0.000  0.545     0.00     0.00 -1 -1.58e-13      0.00 7.092e-01 2.755e-01 2.746e-03 7.408e-04 6.719e-03 -1.000 1.527e-02 6.053 4.139 3.402 3.186 2.987 2.917 2.885 2.840 2.292 2.328 2.442 3.084 2.925 2.844 2.482
0.0152 0.01508 6.00000 0.2748019695 1.8995058537    0.275 -0.501  3.5173  3.400    0  0.000  0.545     0.00     0.00 -1 -1.53e-13      0.00 7.092e-01 2.755e-01 2.746e-03 7.408e-04 6.719e-03 -1.000 1.527e-02 6.023 4.119 3.378 3.163 2.970 2.906 2.873 2.828 2.286 2.326 2.442 3.065 2.913 2.835 2.475
0.0152 0.01508 6.00000 0.2906001210 1.9336966276    0.290 -0.491  3.5208  3.427    0  0.000  0.545     0.00     0.00 -1 -1.47e-13      0.00 7.092e-01 2.755e-01 2.746e-03 7.408e-04 6.719e-03 -1.000 1.527e-02 5.996 4.103 3.357 3.143 2.957 2.899 2.866 2.821 2.284 2.329 2.448 3.048 2.906 2.830 2.473
0.0152 0.01508 6.00000 0.3151578009 1.9823096991    0.315 -0.455  3.5271  3.452    0  0.000  0.545     0.00     0.00 -1 -1.49e-13      0.00 7.092e-01 2.755e-01 2.746e-03 7.408e-04 6.719e-03 -1.000 1.527e-02 5.908 4.036 3.276 3.067 2.894 2.848 2.814 2.770 2.243 2.297 2.418 2.979 2.856 2.783 2.432
0.0152 0.01508 6.00000 0.3399681151 2.0266623497    0.340 -0.425  3.5330  3.478    0  0.000  0.545     0.00     0.00 -1 -1.49e-13      0.00 7.092e-01 2.755e-01 2.746e-03 7.408e-04 6.719e-03 -1.000 1.527e-02 5.832 3.978 3.207 3.002 2.842 2.807 2.772 2.727 2.210 2.272 2.396 2.920 2.814 2.745 2.399
0.0152 0.01508 6.00000 0.3527808189 2.0479519367    0.353 -0.412  3.5359  3.493    0  0.000  0.545     0.00     0.00 -1 -1.49e-13      0.00 7.092e-01 2.755e-01 2.746e-03 7.408e-04 6.719e-03 -1.000 1.527e-02 5.800 3.954 3.179 2.977 2.822 2.793 2.758 2.712 2.200 2.265 2.390 2.898 2.800 2.732 2.389
0.0152 0.01508 6.00000 0.3855731785 2.0981462002    0.386 -0.363  3.5444  3.516    0  0.000  0.545     0.00     0.00 -1 -1.55e-13      0.00 7.092e-01 2.755e-01 2.746e-03 7.408e-04 6.719e-03 -1.000 1.527e-02 5.677 3.856 3.067 2.872 2.734 2.722 2.686 2.639 2.140 2.215 2.342 2.802 2.729 2.665 2.329
0.0152 0.01508 6.00000 0.4027824402 2.1223189831    0.403 -0.341  3.5485  3.530    0  0.000  0.545     0.00     0.00 -1 -1.57e-13      0.00 7.092e-01 2.755e-01 2.746e-03 7.408e-04 6.719e-03 -1.000 1.527e-02 5.622 3.814 3.019 2.828 2.697 2.692 2.656 2.608 2.115 2.195 2.324 2.760 2.700 2.636 2.305
0.0152 0.01508 6.00000 0.4476481974 2.1794912815    0.447 -0.275  3.5599  3.555    0  0.000  0.545     0.00     0.00 -1 -1.68e-13      0.00 7.092e-01 2.755e-01 2.746e-03 7.408e-04 6.719e-03 -1.000 1.527e-02 5.457 3.682 2.877 2.696 2.583 2.598 2.560 2.508 2.033 2.126 2.256 2.635 2.606 2.544 2.222
0.0152 0.01508 6.00000 0.4651119709 2.1997659206    0.465 -0.249  3.5643  3.564    0  0.000  0.545     0.00     0.00 -1 -1.73e-13      0.00 7.092e-01 2.755e-01 2.746e-03 7.408e-04 6.719e-03 -1.000 1.527e-02 5.393 3.631 2.826 2.648 2.541 2.562 2.524 2.471 2.001 2.099 2.229 2.588 2.570 2.509 2.191
0.0152 0.01508 6.00000 0.4939227998 2.2311394215    0.494 -0.209  3.5713  3.578    0  0.000  0.545     0.00     0.00 -1 -1.82e-13      0.00 7.092e-01 2.755e-01 2.746e-03 7.408e-04 6.719e-03 -1.000 1.527e-02 5.293 3.550 2.747 2.575 2.476 2.507 2.468 2.412 1.952 2.057 2.186 2.517 2.514 2.454 2.141
0.0152 0.01508 6.00000 0.5000000000 2.2374541759    0.500 -0.201  3.5727  3.581    0  0.000  0.545     0.00     0.00 -1 -1.83e-13      0.00 7.092e-01 2.755e-01 2.746e-03 7.408e-04 6.719e-03 -1.000 1.527e-02 5.272 3.534 2.732 2.561 2.463 2.496 2.457 2.400 1.942 2.048 2.177 2.503 2.503 2.442 2.131
0.0152 0.01508 6.00000 0.5032261014 2.2407553196    0.503 -0.197  3.5734  3.582    0  0.000  0.545     0.00     0.00 -1 -1.84e-13      0.00 7.092e-01 2.755e-01 2.746e-03 7.408e-04 6.719e-03 -1.000 1.527e-02 5.262 3.526 2.724 2.554 2.457 2.490 2.451 2.394 1.937 2.044 2.173 2.496 2.498 2.437 2.126
0.0152 0.01508 6.00000 0.5193864703 2.2565844059    0.519 -0.174  3.5770  3.588    0  0.000  0.545     0.00     0.00 -1  -1.9e-13      0.00 7.092e-01 2.755e-01 2.746e-03 7.408e-04 6.719e-03 -1.000 1.527e-02 5.205 3.480 2.682 2.515 2.420 2.458 2.418 2.359 1.907 2.018 2.146 2.456 2.465 2.404 2.096
0.0152 0.01508 6.00000 0.5363373756 2.2720143795    0.536 -0.151  3.5810  3.594    0  0.000  0.545     0.00     0.00 -1 -1.96e-13      0.00 7.092e-01 2.755e-01 2.746e-03 7.408e-04 6.719e-03 -1.000 1.527e-02 5.147 3.434 2.639 2.475 2.385 2.427 2.387 2.326 1.879 1.994 2.121 2.416 2.434 2.373 2.068
0.0152 0.01508 6.00000 0.5500000119 2.2836582661    0.550 -0.133  3.5843  3.600    0  0.000  0.545     0.00     0.00 -1    -2e-13      0.00 7.092e-01 2.755e-01 2.746e-03 7.408e-04 6.719e-03 -1.000 1.527e-02 5.103 3.397 2.607 2.446 2.358 2.404 2.364 2.302 1.859 1.975 2.102 2.388 2.411 2.350 2.048
0.0152 0.01508 6.00000 0.5511864424 2.2846381664    0.551 -0.132  3.5845  3.601    0  0.000  0.545     0.00     0.00 -1    -2e-13      0.00 7.092e-01 2.755e-01 2.746e-03 7.408e-04 6.719e-03 -1.000 1.527e-02 5.099 3.394 2.605 2.444 2.356 2.402 2.362 2.300 1.857 1.974 2.101 2.386 2.409 2.348 2.046
0.0152 0.01508 6.00000 0.5714626312 2.3006634712    0.571 -0.105  3.5888  3.607    0  0.000  0.545     0.00     0.00 -1 -2.08e-13      0.00 7.092e-01 2.755e-01 2.746e-03 7.408e-04 6.719e-03 -1.000 1.527e-02 5.032 3.338 2.553 2.396 2.313 2.362 2.323 2.260 1.821 1.941 2.067 2.339 2.369 2.310 2.010
0.0152 0.01508 6.00000 0.5928860307 2.3162331581    0.593 -0.077  3.5936  3.614    0  0.000  0.545     0.00     0.00 -1 -2.16e-13      0.00 7.092e-01 2.755e-01 2.746e-03 7.408e-04 6.719e-03 -1.000 1.527e-02 4.962 3.280 2.502 2.350 2.271 2.324 2.286 2.222 1.788 1.911 2.036 2.295 2.331 2.274 1.977
0.0152 0.01508 6.00000 0.6000000238 2.3211214542    0.600 -0.067  3.5953  3.616    0  0.000  0.545     0.00     0.00 -1 -2.19e-13      0.00 7.092e-01 2.755e-01 2.746e-03 7.408e-04 6.719e-03 -1.000 1.527e-02 4.937 3.260 2.485 2.334 2.257 2.311 2.273 2.208 1.776 1.900 2.025 2.280 2.318 2.261 1.965
0.0152 0.01508 6.00000 0.6135630608 2.3300809860    0.613 -0.051  3.5978  3.620    0  0.000  0.545     0.00     0.00 -1 -2.23e-13      0.00 7.092e-01 2.755e-01 2.746e-03 7.408e-04 6.719e-03 -1.000 1.527e-02 4.898 3.227 2.456 2.308 2.233 2.289 2.251 2.186 1.757 1.882 2.007 2.254 2.296 2.240 1.946
0.0152 0.01508 6.00000 0.6360216737 2.3439548016    0.636 -0.024  3.6023  3.627    0  0.000  0.545     0.00     0.00 -1 -2.31e-13      0.00 7.092e-01 2.755e-01 2.746e-03 7.408e-04 6.719e-03 -1.000 1.527e-02 4.831 3.172 2.408 2.265 2.194 2.253 2.215 2.150 1.724 1.851 1.976 2.213 2.260 2.205 1.913
0.0152 0.01508 6.00000 0.6499999762 2.3520355225    0.650 -0.008  3.6052  3.631    0  0.000  0.545     0.00     0.00 -1 -2.37e-13      0.00 7.092e-01 2.755e-01 2.746e-03 7.408e-04 6.719e-03 -1.000 1.527e-02 4.789 3.137 2.379 2.239 2.170 2.230 2.193 2.128 1.704 1.833 1.957 2.188 2.237 2.184 1.893
0.0152 0.01508 6.00000 0.6630716920 2.3592386246    0.663  0.008  3.6075  3.634    0  0.000  0.545     0.00     0.00 -1 -2.42e-13      0.00 7.092e-01 2.755e-01 2.746e-03 7.408e-04 6.719e-03 -1.000 1.527e-02 4.751 3.105 2.352 2.213 2.147 2.208 2.172 2.106 1.684 1.814 1.938 2.163 2.215 2.163 1.873
0.0152 0.01508 6.00000 0.6878327727 2.3720240593    0.688  0.037  3.6122  3.639    0  0.000  0.545     0.00     0.00 -1 -2.53e-13      0.00 7.092e-01 2.755e-01 2.746e-03 7.408e-04 6.719e-03 -1.000 1.527e-02 4.678 3.044 2.299 2.165 2.103 2.166 2.131 2.064 1.646 1.777 1.902 2.117 2.173 2.122 1.835
0.0152 0.01508 6.00000 0.7000000477 2.3779268265    0.700  0.051  3.6145  3.642    0  0.000  0.545     0.00     0.00 -1 -2.58e-13      0.00 7.092e-01 2.755e-01 2.746e-03 7.408e-04 6.719e-03 -1.000 1.527e-02 4.642 3.013 2.273 2.142 2.082 2.145 2.110 2.044 1.627 1.759 1.884 2.094 2.152 2.103 1.816
0.0152 0.01508 6.00000 0.7315324545 2.3921790123    0.732  0.100  3.6271  3.662    0  0.000  0.540     0.00     0.00 -1 -2.77e-13      0.00 7.092e-01 2.755e-01 2.723e-03 7.402e-04 6.720e-03 -1.000 1.527e-02 4.519 2.922 2.211 2.091 2.039 2.105 2.073 2.008 1.597 1.733 1.858 2.048 2.112 2.069 1.785
0.0152 0.01508 6.00000 0.7500000000 2.3998889923    0.750  0.131  3.6347  3.673    0  0.000  0.538     0.00     0.00 -1 -2.89e-13      0.00 7.092e-01 2.755e-01 2.710e-03 7.399e-04 6.720e-03 -1.000 1.527e-02 4.443 2.866 2.178 2.063 2.014 2.080 2.049 1.986 1.576 1.714 1.839 2.022 2.086 2.047 1.765
0.0152 0.01508 6.00000 0.7839070559 2.4129633904    0.784  0.161  3.6385  3.677    0  0.000  0.538     0.00     0.00 -1 -3.02e-13      0.00 7.092e-01 2.755e-01 2.710e-03 7.399e-04 6.720e-03 -1.000 1.527e-02 4.367 2.799 2.123 2.011 1.964 2.028 1.999 1.937 1.527 1.665 1.791 1.970 2.035 1.998 1.715
0.0152 0.01508 6.00000 0.8000000119 2.4187245369    0.800  0.175  3.6403  3.679    0  0.000  0.538     0.00     0.00 -1 -3.08e-13      0.00 7.092e-01 2.755e-01 2.710e-03 7.399e-04 6.720e-03 -1.000 1.527e-02 4.332 2.769 2.099 1.988 1.941 2.006 1.977 1.915 1.505 1.643 1.770 1.948 2.012 1.976 1.694
0.0152 0.01508 6.00000 0.8314546943 2.4292480946    0.831  0.201  3.6436  3.683    0  0.000  0.538     0.00     0.00 -1 -3.19e-13      0.00 7.092e-01 2.755e-01 2.710e-03 7.399e-04 6.720e-03 -1.000 1.527e-02 4.267 2.713 2.053 1.944 1.898 1.962 1.934 1.873 1.463 1.602 1.728 1.904 1.968 1.934 1.652
0.0152 0.01508 6.00000 0.8500000238 2.4350347519    0.850  0.218  3.6455  3.684    0  0.000  0.538     0.00     0.00 -1 -3.28e-13      0.00 7.092e-01 2.755e-01 2.710e-03 7.399e-04 6.720e-03 -1.000 1.527e-02 4.226 2.677 2.023 1.917 1.871 1.934 1.907 1.847 1.436 1.575 1.702 1.877 1.940 1.908 1.625
0.0152 0.01508 6.00000 0.8720743656 2.4415550232    0.872  0.236  3.6476  3.685    0  0.000  0.538     0.00     0.00 -1 -3.37e-13      0.00 7.092e-01 2.755e-01 2.710e-03 7.399e-04 6.720e-03 -1.000 1.527e-02 4.181 2.638 1.991 1.886 1.841 1.903 1.876 1.817 1.407 1.545 1.672 1.846 1.909 1.878 1.595
0.0152 0.01508 6.00000 0.9000000358 2.4492788315    0.899  0.258  3.6503  3.688    0  0.000  0.538     0.00     0.00 -1 -3.48e-13      0.00 7.092e-01 2.755e-01 2.710e-03 7.399e-04 6.720e-03 -1.000 1.527e-02 4.126 2.590 1.952 1.849 1.805 1.866 1.840 1.781 1.371 1.510 1.637 1.810 1.872 1.842 1.560
0.0152 0.01508 6.00000 0.9043192267 2.4504244328    0.904  0.261  3.6507  3.688    0  0.000  0.538     0.00     0.00 -1 -3.49e-13      0.00 7.092e-01 2.755e-01 2.710e-03 7.399e-04 6.720e-03 -1.000 1.527e-02 4.118 2.583 1.947 1.844 1.800 1.861 1.835 1.777 1.366 1.505 1.632 1.805 1.867 1.837 1.555
0.0152 0.01508 6.00000 0.9500000477 2.4618122578    0.950  0.296  3.6548  3.691    0  0.000  0.538     0.00     0.00 -1 -3.68e-13      0.00 7.092e-01 2.755e-01 2.710e-03 7.399e-04 6.720e-03 -1.000 1.527e-02 4.031 2.507 1.885 1.784 1.741 1.801 1.776 1.719 1.308 1.447 1.575 1.746 1.807 1.780 1.497
0.0152 0.01508 6.00000 0.9786885381 2.4683425426    0.979  0.316  3.6571  3.693    0  0.000  0.538     0.00     0.00 -1 -3.79e-13      0.00 7.092e-01 2.755e-01 2.710e-03 7.399e-04 6.720e-03 -1.000 1.527e-02 3.980 2.463 1.849 1.750 1.707 1.766 1.742 1.685 1.274 1.413 1.541 1.712 1.772 1.746 1.463
0.0152 0.01508 6.00000 1.0000000000 2.4729156494    1.000  0.331  3.6589  3.694    0  0.000  0.538     0.00     0.00 -1 -3.88e-13      0.00 7.092e-01 2.755e-01 2.710e-03 7.399e-04 6.720e-03 -1.000 1.527e-02 3.941 2.429 1.821 1.723 1.681 1.739 1.715 1.659 1.248 1.387 1.515 1.685 1.745 1.720 1.437
0.0152 0.01508 6.00000 1.0174551010 2.4764974117    1.017  0.343  3.6602  3.695    0  0.000  0.538     0.00     0.00 -1 -3.85e-13      0.00 7.092e-01 2.755e-01 2.710e-03 7.399e-04 6.720e-03 -1.000 1.527e-02 3.912 2.404 1.800 1.703 1.661 1.719 1.695 1.640 1.228 1.367 1.496 1.665 1.724 1.701 1.417
0.0152 0.01508 6.00000 1.0499999523 2.4828116894    1.050  0.365  3.6627  3.697    0  0.000  0.538     0.00     0.00 -1 -3.79e-13      0.00 7.092e-01 2.755e-01 2.710e-03 7.399e-04 6.720e-03 -1.000 1.527e-02 3.858 2.356 1.761 1.666 1.624 1.681 1.658 1.603 1.192 1.331 1.460 1.628 1.686 1.664 1.381
0.0152 0.01508 6.00000 1.0586736202 2.4844193459    1.058  0.370  3.6633  3.697    0  0.000  0.538     0.00     0.00 -1 -3.77e-13      0.00 7.092e-01 2.755e-01 2.710e-03 7.399e-04 6.720e-03 -1.000 1.527e-02 3.844 2.344 1.752 1.656 1.615 1.671 1.648 1.594 1.183 1.322 1.451 1.619 1.677 1.655 1.372
0.0152 0.01508 6.00000 1.1000000238 2.4916803837    1.099  0.398  3.6663  3.698    0  0.000  0.538     0.00     0.00 -1 -3.68e-13      0.00 7.092e-01 2.755e-01 2.710e-03 7.399e-04 6.720e-03 -1.000 1.527e-02 3.775 2.284 1.701 1.607 1.566 1.622 1.600 1.547 1.135 1.274 1.403 1.570 1.627 1.607 1.324
0.0152 0.01508 6.00000 1.1499999762 2.4996678829    1.149  0.429  3.6696  3.700    0  0.000  0.538     0.00     0.00 -1 -3.54e-13      0.00 7.092e-01 2.755e-01 2.710e-03 7.399e-04 6.720e-03 -1.000 1.527e-02 3.698 2.216 1.645 1.553 1.513 1.567 1.546 1.494 1.082 1.222 1.351 1.517 1.573 1.555 1.271
0.0152 0.01508 6.00000 1.1768558025 2.5036375523    1.176  0.444  3.6713  3.702    0  0.000  0.538     0.00     0.00 -1 -3.43e-13      0.00 7.092e-01 2.755e-01 2.710e-03 7.399e-04 6.720e-03 -1.000 1.527e-02 3.660 2.183 1.618 1.527 1.487 1.541 1.520 1.468 1.057 1.196 1.326 1.491 1.546 1.529 1.245
0.0152 0.01508 6.00000 1.2000000477 2.5068950653    1.200  0.457  3.6728  3.703    0  0.000  0.538     0.00     0.00 -1 -3.35e-13      0.00 7.092e-01 2.755e-01 2.710e-03 7.399e-04 6.720e-03 -1.000 1.527e-02 3.627 2.155 1.594 1.504 1.465 1.518 1.497 1.446 1.034 1.174 1.304 1.468 1.523 1.507 1.223
0.0152 0.01508 6.00000 1.2070392370 2.5078573227    1.207  0.461  3.6732  3.703    0  0.000  0.538     0.00     0.00 -1 -3.31e-13      0.00 7.092e-01 2.755e-01 2.710e-03 7.399e-04 6.720e-03 -1.000 1.527e-02 3.618 2.147 1.588 1.498 1.458 1.512 1.491 1.440 1.028 1.168 1.298 1.462 1.517 1.501 1.217
0.0152 0.01508 6.00000 1.2500000000 2.5134611130    1.250  0.486  3.6757  3.704    0  0.000  0.538     0.00     0.00 -1 -3.15e-13      0.00 7.092e-01 2.755e-01 2.710e-03 7.399e-04 6.720e-03 -1.000 1.527e-02 3.556 2.093 1.542 1.454 1.414 1.467 1.446 1.397 0.985 1.124 1.254 1.418 1.472 1.457 1.173
0.0152 0.01508 6.00000 1.2999999523 2.5194499493    1.300  0.513  3.6785  3.705    0  0.000  0.538     0.00     0.00 -1 -2.92e-13      0.00 7.092e-01 2.755e-01 2.710e-03 7.399e-04 6.720e-03 -1.000 1.527e-02 3.488 2.033 1.491 1.405 1.366 1.417 1.398 1.349 0.937 1.076 1.207 1.370 1.422 1.409 1.126
0.0152 0.01508 6.00000 1.3500001431 2.5249314308    1.350  0.538  3.6811  3.707    0  0.000  0.538     0.00     0.00 -1 -2.65e-13      0.00 7.092e-01 2.755e-01 2.710e-03 7.399e-04 6.720e-03 -1.000 1.527e-02 3.424 1.978 1.445 1.360 1.322 1.372 1.353 1.305 0.893 1.033 1.163 1.326 1.377 1.366 1.082
0.0152 0.01508 6.00000 1.3874758482 2.5287435055    1.388  0.557  3.6830  3.707    0  0.000  0.538     0.00     0.00 -1 -2.43e-13      0.00 7.092e-01 2.755e-01 2.710e-03 7.399e-04 6.720e-03 -1.000 1.527e-02 3.378 1.938 1.410 1.327 1.289 1.339 1.320 1.273 0.861 1.001 1.131 1.292 1.344 1.333 1.050
0.0152 0.01508 6.00000 1.4000000954 2.5299651623    1.400  0.563  3.6836  3.708    0  0.000  0.538     0.00     0.00 -1 -2.36e-13      0.00 7.092e-01 2.755e-01 2.710e-03 7.399e-04 6.720e-03 -1.000 1.527e-02 3.363 1.924 1.399 1.315 1.278 1.328 1.309 1.262 0.850 0.990 1.121 1.281 1.333 1.322 1.039
0.0152 0.01508 6.00000 1.4066027403 2.5305991173    1.407  0.566  3.6839  3.708    0  0.000  0.538     0.00     0.00 -1 -2.31e-13      0.00 7.092e-01 2.755e-01 2.710e-03 7.399e-04 6.720e-03 -1.000 1.527e-02 3.355 1.918 1.393 1.310 1.273 1.322 1.304 1.256 0.845 0.985 1.116 1.276 1.327 1.317 1.034
0.0152 0.01508 6.00000 1.4500000477 2.5346016884    1.450  0.588  3.6860  3.707    0  0.000  0.538     0.00     0.00 -1 -2.05e-13      0.00 7.092e-01 2.755e-01 2.710e-03 7.399e-04 6.720e-03 -1.000 1.527e-02 3.300 1.869 1.351 1.268 1.232 1.281 1.263 1.216 0.805 0.945 1.076 1.235 1.285 1.277 0.994
0.0152 0.01508 6.00000 1.5000000000 2.5388846397    1.500  0.610  3.6882  3.709    0  0.000  0.538     0.00     0.00 -1 -1.69e-13      0.00 7.092e-01 2.755e-01 2.710e-03 7.399e-04 6.720e-03 -1.000 1.527e-02 3.244 1.820 1.310 1.228 1.192 1.241 1.223 1.177 0.767 0.908 1.038 1.195 1.246 1.238 0.955
0.0152 0.01508 6.00000 1.5212850571 2.5406098366    1.521  0.620  3.6892  3.709    0  0.000  0.538     0.00     0.00 -1 -1.52e-13      0.00 7.092e-01 2.755e-01 2.710e-03 7.399e-04 6.720e-03 -1.000 1.527e-02 3.221 1.800 1.292 1.211 1.175 1.223 1.206 1.161 0.750 0.891 1.022 1.178 1.228 1.221 0.939
0.0152 0.01508 6.00000 1.5500001907 2.5428512096    1.550  0.633  3.6904  3.709    0  0.000  0.538     0.00     0.00 -1 -1.32e-13      0.00 7.092e-01 2.755e-01 2.710e-03 7.399e-04 6.720e-03 -1.000 1.527e-02 3.188 1.771 1.267 1.187 1.151 1.199 1.182 1.137 0.726 0.867 0.998 1.154 1.204 1.198 0.915
0.0152 0.01508 6.00000 1.5620890856 2.5437664986    1.562  0.638  3.6909  3.709    0  0.000  0.538     0.00     0.00 -1  -1.2e-13      0.00 7.092e-01 2.755e-01 2.710e-03 7.399e-04 6.720e-03 -1.000 1.527e-02 3.174 1.759 1.257 1.177 1.142 1.189 1.172 1.127 0.717 0.858 0.989 1.145 1.194 1.188 0.906
0.0152 0.01508 6.00000 1.6000000238 2.5465342999    1.600  0.655  3.6925  3.709    0  0.000  0.538     0.00     0.00 -1 -9.08e-14      0.00 7.092e-01 2.755e-01 2.710e-03 7.399e-04 6.720e-03 -1.000 1.527e-02 3.133 1.723 1.226 1.147 1.112 1.159 1.142 1.098 0.687 0.828 0.959 1.114 1.163 1.158 0.876
0.0152 0.01508 6.00000 1.6017144918 2.5466558933    1.601  0.655  3.6925  3.709    0  0.000  0.538     0.00     0.00 -1 -8.87e-14      0.00 7.092e-01 2.755e-01 2.710e-03 7.399e-04 6.720e-03 -1.000 1.527e-02 3.131 1.722 1.225 1.145 1.110 1.157 1.141 1.096 0.686 0.827 0.958 1.113 1.162 1.157 0.875
0.0152 0.01508 6.00000 1.6500000954 2.5499615669    1.649  0.676  3.6945  3.709    0  0.000  0.538     0.00     0.00 -1  -4.7e-14      0.00 7.092e-01 2.755e-01 2.710e-03 7.399e-04 6.720e-03 -1.000 1.527e-02 3.079 1.676 1.185 1.106 1.072 1.118 1.102 1.058 0.648 0.789 0.920 1.075 1.123 1.119 0.836
0.0152 0.01508 6.00000 1.7000000477 2.5531582832    1.699  0.699  3.6964  3.706    0  0.000  0.538     0.00     0.00 -1    -1e-30      0.00 7.092e-01 2.755e-01 2.710e-03 7.399e-04 6.720e-03 -1.000 1.527e-02 3.022 1.625 1.140 1.063 1.029 1.074 1.058 1.015 0.605 0.746 0.877 1.031 1.079 1.076 0.793
0.0152 0.01508 6.00000 1.7500000000 2.5561456680    1.749  0.718  3.6982  3.707    0  0.000  0.538     0.00     0.00 -1    -1e-30      0.00 7.092e-01 2.755e-01 2.710e-03 7.399e-04 6.720e-03 -1.000 1.527e-02 2.974 1.584 1.104 1.028 0.994 1.039 1.024 0.981 0.571 0.712 0.843 0.997 1.044 1.042 0.760
0.0152 0.01508 6.00000 1.7639206648 2.5569427013    1.763  0.724  3.6987  3.707    0  0.000  0.538     0.00     0.00 -1    -1e-30      0.00 7.092e-01 2.755e-01 2.710e-03 7.399e-04 6.720e-03 -1.000 1.527e-02 2.960 1.571 1.093 1.017 0.984 1.029 1.013 0.971 0.560 0.701 0.833 0.986 1.033 1.032 0.749
0.0152 0.01508 6.00000 1.8000000715 2.5589430332    1.799  0.739  3.7000  3.706    0  0.000  0.538     0.00     0.00 -1    -1e-30      0.00 7.092e-01 2.755e-01 2.710e-03 7.399e-04 6.720e-03 -1.000 1.527e-02 2.922 1.538 1.064 0.988 0.955 1.000 0.984 0.943 0.532 0.673 0.805 0.958 1.004 1.004 0.721
0.0152 0.01508 6.00000 1.8500000238 2.5615673065    1.849  0.760  3.7018  3.704    0  0.000  0.538     0.00     0.00 -1    -1e-30      0.00 7.092e-01 2.755e-01 2.710e-03 7.399e-04 6.720e-03 -1.000 1.527e-02 2.870 1.492 1.023 0.949 0.916 0.960 0.945 0.904 0.493 0.635 0.766 0.919 0.965 0.965 0.682
0.0152 0.01508 6.00000 1.9000000954 2.5640332699    1.899  0.779  3.7035  3.704    0  0.000  0.538     0.00     0.00 -1    -1e-30      0.00 7.092e-01 2.755e-01 2.710e-03 7.399e-04 6.720e-03 -1.000 1.527e-02 2.823 1.452 0.987 0.914 0.882 0.925 0.910 0.869 0.459 0.600 0.732 0.884 0.929 0.930 0.648
0.0152 0.01508 6.00000 1.9087167978 2.5644478798    1.908  0.782  3.7038  3.704    0  0.000  0.538     0.00     0.00 -1    -1e-30      0.00 7.092e-01 2.755e-01 2.710e-03 7.399e-04 6.720e-03 -1.000 1.527e-02 2.816 1.445 0.982 0.908 0.876 0.919 0.905 0.864 0.454 0.595 0.726 0.879 0.924 0.925 0.643
0.0152 0.01508 6.00000 1.9500001669 2.5663545132    1.950  0.799  3.7051  3.702    0  0.000  0.538     0.00     0.00 -1    -1e-30      0.00 7.092e-01 2.755e-01 2.710e-03 7.399e-04 6.720e-03 -1.000 1.527e-02 2.774 1.408 0.948 0.875 0.844 0.887 0.872 0.832 0.422 0.563 0.694 0.846 0.891 0.893 0.610
0.0152 0.01508 6.00000 2.0000000000 2.5685424805    2.000  0.819  3.7067  3.699    0  0.000  0.538     0.00     0.00 -1    -1e-30      0.00 7.092e-01 2.755e-01 2.710e-03 7.399e-04 6.720e-03 -1.000 1.527e-02 2.721 1.361 0.906 0.834 0.803 0.845 0.831 0.791 0.381 0.523 0.654 0.805 0.850 0.852 0.570
0.0152 0.01508 6.00000 2.0499999523 2.5706083775    2.050  0.836  3.7083  3.699    0  0.000  0.538     0.00     0.00 -1    -1e-30      0.00 7.092e-01 2.755e-01 2.710e-03 7.399e-04 6.720e-03 -1.000 1.527e-02 2.681 1.326 0.876 0.804 0.774 0.816 0.802 0.762 0.352 0.494 0.626 0.776 0.820 0.824 0.541
0.0152 0.01508 6.00000 2.0638675690 2.5711610317    2.063  0.842  3.7088  3.698    0  0.000  0.538     0.00     0.00 -1    -1e-30      0.00 7.092e-01 2.755e-01 2.710e-03 7.399e-04 6.720e-03 -1.000 1.527e-02 2.666 1.313 0.864 0.793 0.762 0.804 0.790 0.751 0.341 0.483 0.614 0.765 0.808 0.812 0.530
0.0152 0.01508 6.00000 2.0999999046 2.5725615025    2.099  0.858  3.7099  3.694    0  0.000  0.538     0.00     0.00 -1    -1e-30      0.00 7.092e-01 2.755e-01 2.710e-03 7.399e-04 6.720e-03 -1.000 1.527e-02 2.625 1.276 0.830 0.760 0.730 0.771 0.757 0.719 0.308 0.450 0.582 0.732 0.775 0.780 0.497
0.0152 0.01508 6.00000 2.1500000954 2.5744106770    2.149  0.875  3.7114  3.693    0  0.000  0.538     0.00     0.00 -1    -1e-30      0.00 7.092e-01 2.755e-01 2.710e-03 7.399e-04 6.720e-03 -1.000 1.527e-02 2.584 1.240 0.799 0.729 0.699 0.740 0.726 0.688 0.278 0.420 0.552 0.701 0.744 0.749 0.467
0.0152 0.01508 6.00000 2.1717963219 2.5751862526    2.170  0.883  3.7121  3.692    0  0.000  0.538     0.00     0.00 -1    -1e-30      0.00 7.092e-01 2.755e-01 2.710e-03 7.399e-04 6.720e-03 -1.000 1.527e-02 2.564 1.223 0.783 0.714 0.684 0.725 0.711 0.673 0.263 0.405 0.537 0.686 0.729 0.735 0.452
0.0152 0.01508 6.00000 2.2000000477 2.5761635303    2.199  0.895  3.7129  3.689    0  0.000  0.538     0.00     0.00 -1    -1e-30      0.00 7.092e-01 2.755e-01 2.710e-03 7.399e-04 6.720e-03 -1.000 1.527e-02 2.532 1.194 0.757 0.688 0.658 0.699 0.685 0.648 0.238 0.380 0.511 0.660 0.703 0.709 0.427
0.0152 0.01508 6.00000 2.2500000000 2.5778269768    2.249  0.913  3.7144  3.686    0  0.000  0.538     0.00     0.00 -1    -1e-30      0.00 7.092e-01 2.755e-01 2.710e-03 7.399e-04 6.720e-03 -1.000 1.527e-02 2.487 1.154 0.722 0.653 0.624 0.664 0.651 0.614 0.204 0.346 0.477 0.626 0.668 0.675 0.393
0.0152 0.01508 6.00000 2.2999999523 2.5794074535    2.299  0.932  3.7159  3.683    0  0.000  0.538     0.00     0.00 -1    -1e-30      0.00 7.092e-01 2.755e-01 2.710e-03 7.399e-04 6.720e-03 -1.000 1.527e-02 2.440 1.113 0.685 0.617 0.588 0.628 0.615 0.578 0.168 0.310 0.442 0.590 0.632 0.639 0.357
0.0152 0.01508 6.00000 2.4000000954 2.5823426247    2.399  0.971  3.7189  3.675    0  0.000  0.538     0.00     0.00 -1    -1e-30      0.00 7.092e-01 2.755e-01 2.710e-03 7.399e-04 6.720e-03 -1.000 1.527e-02 2.343 1.027 0.607 0.541 0.513 0.551 0.539 0.503 0.093 0.235 0.367 0.515 0.555 0.564 0.282
0.0152 0.01508 6.00000 2.4835164547 2.5845866203    2.483  0.999  3.7215  3.672    0  0.000  0.538     0.00     0.00 -1    -1e-30      0.00 7.092e-01 2.755e-01 2.710e-03 7.399e-04 6.720e-03 -1.000 1.527e-02 2.273 0.967 0.555 0.490 0.463 0.500 0.488 0.453 0.043 0.185 0.317 0.464 0.504 0.514 0.232
0.0152 0.01508 6.00000 2.5999999046 2.5874414444    2.600  1.050  3.7255  3.657    0  0.000  0.538     0.00     0.00 -1    -1e-30      0.00 7.092e-01 2.755e-01 2.710e-03 7.399e-04 6.720e-03 -1.000 1.527e-02 2.145 0.854 0.453 0.389 0.363 0.400 0.388 0.354 -0.056 0.086 0.218 0.365 0.403 0.415 0.133
0.0152 0.01508 6.00000 2.7721078396 2.5911588669    2.772  1.120  3.7309  3.637    0  0.000  0.538     0.00     0.00 -1    -1e-30      0.00 7.092e-01 2.755e-01 2.710e-03 7.399e-04 6.720e-03 -1.000 1.527e-02 1.970 0.700 0.314 0.253 0.228 0.263 0.251 0.219 -0.190 -0.048 0.084 0.230 0.266 0.281 -0.002
0.0152 0.01508 6.00000 2.8000001907 2.5917119980    2.800  1.131  3.7319  3.633    0  0.000  0.538     0.00     0.00 -1    -1e-30      0.00 7.092e-01 2.755e-01 2.710e-03 7.399e-04 6.720e-03 -1.000 1.527e-02 1.941 0.675 0.291 0.230 0.206 0.240 0.229 0.197 -0.212 -0.070 0.062 0.208 0.244 0.259 -0.023
0.0152 0.01508 6.00000 2.8091585636 2.5918908119    2.810  1.135  3.7322  3.632    0  0.000  0.538     0.00     0.00 -1    -1e-30      0.00 7.092e-01 2.755e-01 2.710e-03 7.399e-04 6.720e-03 -1.000 1.527e-02 1.932 0.667 0.283 0.223 0.199 0.233 0.221 0.190 -0.220 -0.077 0.055 0.200 0.236 0.251 -0.031
0.0152 0.01508 6.00000 2.8915665150 2.5934419632    2.892  1.182  3.7353  3.611    0  0.000  0.538     0.00     0.00 -1    -1e-30      0.00 7.092e-01 2.755e-01 2.710e-03 7.399e-04 6.720e-03 -1.000 1.527e-02 1.816 0.564 0.189 0.129 0.106 0.139 0.128 0.098 -0.312 -0.169 -0.037 0.108 0.143 0.159 -0.123
0.0152 0.01508 6.00000 3.0000000000 2.5953342915    3.000  1.247  3.7399  3.579    0  0.000  0.538     0.00     0.00 -1    -1e-30      0.00 7.092e-01 2.755e-01 2.710e-03 7.399e-04 6.720e-03 -1.000 1.527e-02 1.652 0.417 0.054 -0.003 -0.025 0.007 -0.004 -0.033 -0.442 -0.299 -0.167 -0.024 0.010 0.029 -0.253
0.0152 0.01508 6.00000 3.1335432529 2.5974593163    3.133  1.348  3.7468  3.525    0  0.000  0.538     0.00     0.00 -1    -1e-30      0.00 7.092e-01 2.755e-01 2.710e-03 7.399e-04 6.720e-03 -1.000 1.527e-02 1.400 0.195 -0.149 -0.203 -0.224 -0.196 -0.206 -0.232 -0.650 -0.491 -0.365 -0.223 -0.193 -0.212 -0.461
0.0152 0.01508 6.00000 3.2000000477 2.5984411240    3.199  1.410  3.7510  3.489    0  0.000  0.538     0.00     0.00 -1    -1e-30      0.00 7.092e-01 2.755e-01 2.710e-03 7.399e-04 6.720e-03 -1.000 1.527e-02 1.245 0.059 -0.273 -0.326 -0.346 -0.320 -0.330 -0.354 -0.777 -0.608 -0.486 -0.344 -0.317 -0.362 -0.589
0.0152 0.01508 6.00000 3.2455117702 2.5990867615    3.245  1.459  3.7545  3.460    0  0.000  0.538     0.00     0.00 -1    -1e-30      0.00 7.092e-01 2.755e-01 2.710e-03 7.399e-04 6.720e-03 -1.000 1.527e-02 1.122 -0.049 -0.373 -0.424 -0.443 -0.419 -0.430 -0.452 -0.879 -0.701 -0.583 -0.442 -0.417 -0.482 -0.691
0.0152 0.01508 6.00000 3.3013145924 2.5998506546    3.300  1.525  3.7594  3.421    0  0.000  0.538     0.00     0.00 -1    -1e-30      0.00 7.092e-01 2.755e-01 2.710e-03 7.399e-04 6.720e-03 -1.000 1.527e-02 0.956 -0.193 -0.505 -0.554 -0.572 -0.550 -0.560 -0.581 -1.014 -0.823 -0.710 -0.571 -0.548 -0.642 -0.826
0.0152 0.01508 6.00000 3.3579115868 2.6005957127    3.356  1.592  3.7649  3.384    0  0.000  0.538     0.00     0.00 -1    -1e-30      0.00 7.092e-01 2.755e-01 2.710e-03 7.399e-04 6.720e-03 -1.000 1.527e-02 0.791 -0.334 -0.631 -0.678 -0.695 -0.677 -0.686 -0.704 -1.143 -0.938 -0.831 -0.694 -0.675 -0.802 -0.957
0.0152 0.01508 6.00000 3.4000000954 2.6011312008    3.398  1.639  3.7695  3.360    0  0.000  0.538     0.00     0.00 -1    -1e-30      0.00 7.092e-01 2.755e-01 2.710e-03 7.399e-04 6.720e-03 -1.000 1.527e-02 0.672 -0.431 -0.717 -0.763 -0.779 -0.763 -0.772 -0.788 -1.233 -1.016 -0.913 -0.778 -0.762 -0.915 -1.046
0.0152 0.01508 6.00000 3.4309203625 2.6015150547    3.429  1.674  3.7730  3.343    0  0.000  0.538     0.00     0.00 -1    -1e-30      0.00 7.092e-01 2.755e-01 2.710e-03 7.399e-04 6.720e-03 -1.000 1.527e-02 0.585 -0.501 -0.778 -0.822 -0.837 -0.824 -0.832 -0.846 -1.295 -1.069 -0.971 -0.837 -0.822 -0.996 -1.109
0.0152 0.01508 6.00000 3.4946799278 2.6022820473    3.493  1.745  3.7817  3.314    0  0.000  0.538     0.00     0.00 -1    -1e-30      0.00 7.092e-01 2.755e-01 2.710e-03 7.399e-04 6.720e-03 -1.000 1.527e-02 0.406 -0.637 -0.893 -0.934 -0.949 -0.939 -0.946 -0.957 -1.417 -1.169 -1.079 -0.948 -0.938 -1.163 -1.231
0.0152 0.01508 6.00000 3.5396187305 2.6028034687    3.537  1.797  3.7891  3.298    0  0.000  0.538     0.00     0.00 -1    -1e-30      0.00 7.092e-01 2.755e-01 2.710e-03 7.399e-04 6.720e-03 -1.000 1.527e-02 0.278 -0.729 -0.968 -1.006 -1.020 -1.014 -1.020 -1.028 -1.497 -1.230 -1.149 -1.019 -1.014 -1.283 -1.313
0.0152 0.01508 6.00000 3.5819621086 2.6032810211    3.579  1.847  3.7979  3.289    0  0.000  0.538     0.00     0.00 -1    -1e-30      0.00 7.092e-01 2.755e-01 2.710e-03 7.399e-04 6.720e-03 -1.000 1.527e-02 0.153 -0.808 -1.028 -1.064 -1.076 -1.074 -1.078 -1.084 -1.564 -1.275 -1.203 -1.075 -1.074 -1.397 -1.380
0.0152 0.01508 6.00000 3.6000001431 2.6034805775    3.598  1.869  3.8028  3.289    0  0.000  0.538     0.00     0.00 -1    -1e-30      0.00 7.092e-01 2.755e-01 2.710e-03 7.399e-04 6.720e-03 -1.000 1.527e-02 0.098 -0.838 -1.046 -1.081 -1.093 -1.093 -1.096 -1.101 -1.587 -1.285 -1.218 -1.092 -1.093 -1.445 -1.403
0.0152 0.01508 6.00000 3.6175374985 2.6036725044    3.615  1.890  3.8079  3.290    0  0.000  0.538     0.00     0.00 -1    -1e-30      0.00 7.092e-01 2.755e-01 2.710e-03 7.399e-04 6.720e-03 -1.000 1.527e-02 0.044 -0.865 -1.063 -1.096 -1.108 -1.109 -1.112 -1.116 -1.607 -1.293 -1.231 -1.107 -1.109 -1.493 -1.425
0.0152 0.01508 6.00000 3.6456117630 2.6039750576    3.643  1.926  3.8178  3.297    0  0.000  0.538     0.00     0.00 -1    -1e-30      0.00 7.092e-01 2.755e-01 2.710e-03 7.399e-04 6.720e-03 -1.000 1.527e-02 -0.044 -0.902 -1.079 -1.110 -1.121 -1.124 -1.126 -1.129 -1.625 -1.297 -1.240 -1.120 -1.124 -1.538 -1.443
0.0152 0.01508 6.00000 3.6702587605 2.6042363644    3.668  1.958  3.8278  3.308    0  0.000  0.538     0.00     0.00 -1    -1e-30      0.00 7.092e-01 2.755e-01 2.710e-03 7.399e-04 6.720e-03 -1.000 1.527e-02 -0.124 -0.930 -1.086 -1.116 -1.126 -1.130 -1.131 -1.133 -1.629 -1.300 -1.243 -1.125 -1.130 -1.543 -1.447
0.0152 0.01508 6.00000 3.6931107044 2.6044750214    3.691  1.988  3.8377  3.320    0  0.000  0.538     0.00     0.00 -1    -1e-30      0.00 7.092e-01 2.755e-01 2.710e-03 7.399e-04 6.720e-03 -1.000 1.527e-02 -0.200 -0.953 -1.089 -1.117 -1.126 -1.131 -1.132 -1.134 -1.629 -1.299 -1.241 -1.126 -1.131 -1.543 -1.447
0.0152 0.01508 6.00000 3.7151057720 2.6047015190    3.713  2.017  3.8476  3.333    0  0.000  0.538     0.00     0.00 -1    -1e-30      0.00 7.092e-01 2.755e-01 2.710e-03 7.399e-04 6.720e-03 -1.000 1.527e-02 -0.274 -0.973 -1.090 -1.116 -1.125 -1.130 -1.131 -1.132 -1.626 -1.295 -1.237 -1.125 -1.130 -1.541 -1.444
0.0152 0.01508 6.00000 3.7364077568 2.6049180031    3.734  2.047  3.8575  3.346    0  0.000  0.538     0.00     0.00 -1    -1e-30      0.00 7.092e-01 2.755e-01 2.710e-03 7.399e-04 6.720e-03 -1.000 1.527e-02 -0.347 -0.991 -1.088 -1.114 -1.122 -1.127 -1.128 -1.129 -1.623 -1.290 -1.231 -1.122 -1.127 -1.538 -1.440
0.0152 0.01508 6.00000 3.7571022511 2.6051256657    3.755  2.075  3.8675  3.359    0  0.000  0.538     0.00     0.00 -1    -1e-30      0.00 7.092e-01 2.755e-01 2.710e-03 7.399e-04 6.720e-03 -1.000 1.527e-02 -0.418 -1.006 -1.086 -1.110 -1.118 -1.122 -1.124 -1.124 -1.617 -1.283 -1.224 -1.118 -1.122 -1.533 -1.435
0.0152 0.01508 6.00000 3.7772374153 2.6053252220    3.775  2.104  3.8775  3.373    0  0.000  0.538     0.00     0.00 -1    -1e-30      0.00 7.092e-01 2.755e-01 2.710e-03 7.399e-04 6.720e-03 -1.000 1.527e-02 -0.489 -1.018 -1.081 -1.105 -1.112 -1.116 -1.118 -1.118 -1.610 -1.276 -1.216 -1.112 -1.116 -1.527 -1.428
0.0152 0.01508 6.00000 3.7968604565 2.6055173874    3.795  2.132  3.8874  3.387    0  0.000  0.538     0.00     0.00 -1    -1e-30      0.00 7.092e-01 2.755e-01 2.710e-03 7.399e-04 6.720e-03 -1.000 1.527e-02 -0.559 -1.028 -1.076 -1.098 -1.105 -1.109 -1.110 -1.111 -1.602 -1.267 -1.206 -1.105 -1.109 -1.520 -1.420
0.0152 0.01508 6.00000 3.8000001907 2.6055479050    3.798  2.136  3.8891  3.390    0  0.000  0.538     0.00     0.00 -1    -1e-30      0.00 7.092e-01 2.755e-01 2.710e-03 7.399e-04 6.720e-03 -1.000 1.527e-02 -0.571 -1.030 -1.075 -1.097 -1.104 -1.108 -1.109 -1.110 -1.601 -1.265 -1.205 -1.104 -1.108 -1.519 -1.419
0.0152 0.01508 6.00000 3.8170437813 2.6057126522    3.815  2.161  3.8981  3.403    0  0.000  0.538     0.00     0.00 -1    -1e-30      0.00 7.092e-01 2.755e-01 2.710e-03 7.399e-04 6.720e-03 -1.000 1.527e-02 -0.633 -1.036 -1.069 -1.090 -1.096 -1.100 -1.101 -1.102 -1.592 -1.255 -1.195 -1.096 -1.100 -1.511 -1.410
0.0152 0.01508 6.00000 3.8350877762 2.6058850288    3.834  2.188  3.9080  3.418    0  0.000  0.538     0.00     0.00 -1    -1e-30      0.00 7.092e-01 2.755e-01 2.710e-03 7.399e-04 6.720e-03 -1.000 1.527e-02 -0.699 -1.042 -1.062 -1.082 -1.087 -1.091 -1.092 -1.092 -1.582 -1.244 -1.183 -1.088 -1.091 -1.501 -1.400
0.0152 0.01508 6.00000 3.8527340889 2.6060519218    3.852  2.214  3.9178  3.433    0  0.000  0.538     0.00     0.00 -1    -1e-30      0.00 7.092e-01 2.755e-01 2.710e-03 7.399e-04 6.720e-03 -1.000 1.527e-02 -0.765 -1.046 -1.055 -1.073 -1.078 -1.082 -1.082 -1.082 -1.571 -1.232 -1.171 -1.078 -1.082 -1.491 -1.388
0.0152 0.01508 6.00000 3.8700215816 2.6062138081    3.869  2.240  3.9276  3.448    0  0.000  0.538     0.00     0.00 -1    -1e-30      0.00 7.092e-01 2.755e-01 2.710e-03 7.399e-04 6.720e-03 -1.000 1.527e-02 -0.829 -1.048 -1.047 -1.064 -1.067 -1.071 -1.071 -1.071 -1.559 -1.220 -1.158 -1.068 -1.071 -1.479 -1.377
0.0152 0.01508 6.00000 3.8869783878 2.6063709259    3.886  2.265  3.9375  3.465    0  0.000  0.538     0.00     0.00 -1    -1e-30      0.00 7.092e-01 2.755e-01 2.710e-03 7.399e-04 6.720e-03 -1.000 1.527e-02 -0.892 -1.048 -1.039 -1.053 -1.056 -1.059 -1.059 -1.059 -1.546 -1.207 -1.144 -1.057 -1.059 -1.467 -1.364
0.0152 0.01508 6.00000 3.9036276340 2.6065237522    3.903  2.290  3.9474  3.481    0  0.000  0.538     0.00     0.00 -1    -1e-30      0.00 7.092e-01 2.755e-01 2.710e-03 7.399e-04 6.720e-03 -1.000 1.527e-02 -0.955 -1.045 -1.029 -1.041 -1.043 -1.046 -1.046 -1.045 -1.532 -1.192 -1.130 -1.044 -1.046 -1.454 -1.350
0.0152 0.01508 6.00000 3.9199926853 2.6066722870    3.920  2.314  3.9573  3.498    0  0.000  0.538     0.00     0.00 -1    -1e-30      0.00 7.092e-01 2.755e-01 2.710e-03 7.399e-04 6.720e-03 -1.000 1.527e-02 -1.016 -1.041 -1.019 -1.028 -1.028 -1.031 -1.030 -1.029 -1.516 -1.176 -1.113 -1.029 -1.031 -1.438 -1.334
0.0152 0.01508 6.00000 3.9414050579 2.6068646908    3.941  2.346  3.9705  3.521    0  0.000  0.538     0.00     0.00 -1    -1e-30      0.00 7.092e-01 2.755e-01 2.710e-03 7.399e-04 6.720e-03 -1.000 1.527e-02 -1.096 -1.031 -1.003 -1.008 -1.006 -1.008 -1.006 -1.005 -1.491 -1.150 -1.086 -1.007 -1.007 -1.413 -1.309
0.0152 0.01508 6.00000 3.9623889923 2.6070511341    3.963  2.377  3.9837  3.546    0  0.000  0.538     0.00     0.00 -1    -1e-30      0.00 7.092e-01 2.755e-01 2.710e-03 7.399e-04 6.720e-03 -1.000 1.527e-02 -1.174 -1.019 -0.984 -0.987 -0.981 -0.982 -0.980 -0.978 -1.462 -1.120 -1.056 -0.982 -0.981 -1.386 -1.280
0.0152 0.01508 6.00000 3.9829938412 2.6072316170    3.983  2.408  3.9970  3.571    0  0.000  0.538     0.00     0.00 -1    -1e-30      0.00 7.092e-01 2.755e-01 2.710e-03 7.399e-04 6.720e-03 -1.000 1.527e-02 -1.249 -1.004 -0.964 -0.963 -0.954 -0.954 -0.951 -0.948 -1.431 -1.088 -1.024 -0.955 -0.953 -1.355 -1.249
0.0152 0.01508 6.00000 4.0000000000 2.6073791981    4.001  2.432  4.0082  3.593    0  0.000  0.538     0.00     0.00 -1    -1e-30      0.00 7.092e-01 2.755e-01 2.710e-03 7.399e-04 6.720e-03 -1.000 1.527e-02 -1.311 -0.990 -0.946 -0.942 -0.930 -0.929 -0.925 -0.922 -1.404 -1.060 -0.996 -0.932 -0.928 -1.329 -1.222
0.0152 0.01508 6.00000 4.0138430595 2.6074981689    4.014  2.452  4.0175  3.611    0  0.000  0.538     0.00     0.00 -1    -1e-30      0.00 7.092e-01 2.755e-01 2.710e-03 7.399e-04 6.720e-03 -1.000 1.527e-02 -1.361 -0.977 -0.930 -0.923 -0.909 -0.907 -0.903 -0.899 -1.380 -1.035 -0.971 -0.911 -0.906 -1.305 -1.197
0.0152 0.01508 6.00000 4.0331192017 2.6076624393    4.033  2.480  4.0307  3.639    0  0.000  0.538     0.00     0.00 -1    -1e-30      0.00 7.092e-01 2.755e-01 2.710e-03 7.399e-04 6.720e-03 -1.000 1.527e-02 -1.430 -0.957 -0.906 -0.895 -0.877 -0.874 -0.870 -0.865 -1.344 -0.998 -0.934 -0.880 -0.874 -1.271 -1.162
0.0152 0.01508 6.00000 4.0522589684 2.6078236103    4.052  2.506  4.0439  3.667    0  0.000  0.538     0.00     0.00 -1    -1e-30      0.00 7.092e-01 2.755e-01 2.710e-03 7.399e-04 6.720e-03 -1.000 1.527e-02 -1.496 -0.934 -0.879 -0.864 -0.844 -0.840 -0.835 -0.829 -1.306 -0.959 -0.894 -0.847 -0.839 -1.234 -1.124
0.0152 0.01508 6.00000 4.0713129044 2.6079823971    4.071  2.532  4.0572  3.696    0  0.000  0.538     0.00     0.00 -1    -1e-30      0.00 7.092e-01 2.755e-01 2.710e-03 7.399e-04 6.720e-03 -1.000 1.527e-02 -1.560 -0.908 -0.849 -0.832 -0.809 -0.804 -0.798 -0.791 -1.267 -0.918 -0.852 -0.812 -0.803 -1.196 -1.085
0.0152 0.01508 6.00000 4.0903415680 2.6081392765    4.090  2.557  4.0705  3.727    0  0.000  0.538     0.00     0.00 -1    -1e-30      0.00 7.092e-01 2.755e-01 2.710e-03 7.399e-04 6.720e-03 -1.000 1.527e-02 -1.622 -0.880 -0.817 -0.797 -0.771 -0.766 -0.759 -0.751 -1.225 -0.875 -0.808 -0.774 -0.765 -1.156 -1.043
0.0152 0.01508 6.00000 4.1094188690 2.6082947254    4.108  2.581  4.0839  3.758    0  0.000  0.538     0.00     0.00 -1    -1e-30      0.00 7.092e-01 2.755e-01 2.710e-03 7.399e-04 6.720e-03 -1.000 1.527e-02 -1.682 -0.848 -0.781 -0.759 -0.731 -0.724 -0.717 -0.709 -1.180 -0.829 -0.761 -0.734 -0.723 -1.112 -0.998
0.0152 0.01508 6.00000 4.1286253929 2.6084496975    4.127  2.604  4.0973  3.791    0  0.000  0.538     0.00     0.00 -1    -1e-30      0.00 7.092e-01 2.755e-01 2.710e-03 7.399e-04 6.720e-03 -1.000 1.527e-02 -1.739 -0.812 -0.742 -0.718 -0.687 -0.680 -0.672 -0.663 -1.132 -0.780 -0.711 -0.691 -0.679 -1.066 -0.950
0.0152 0.01508 6.00000 4.1480731964 2.6086051464    4.146  2.625  4.1108  3.826    0  0.000  0.538     0.00     0.00 -1    -1e-30      0.00 7.092e-01 2.755e-01 2.710e-03 7.399e-04 6.720e-03 -1.000 1.527e-02 -1.793 -0.773 -0.699 -0.673 -0.640 -0.631 -0.623 -0.613 -1.081 -0.727 -0.658 -0.643 -0.630 -1.016 -0.899
0.0152 0.01508 6.00000 4.1679525375 2.6087620258    4.166  2.645  4.1242  3.862    0  0.000  0.538     0.00     0.00 -1    -1e-30      0.00 7.092e-01 2.755e-01 2.710e-03 7.399e-04 6.720e-03 -1.000 1.527e-02 -1.843 -0.728 -0.652 -0.622 -0.587 -0.578 -0.569 -0.558 -1.025 -0.670 -0.600 -0.591 -0.577 -0.961 -0.843
0.0152 0.01508 6.00000 4.1886453629 2.6089236736    4.187  2.663  4.1376  3.899    0  0.000  0.538     0.00     0.00 -1    -1e-30      0.00 7.092e-01 2.755e-01 2.710e-03 7.399e-04 6.720e-03 -1.000 1.527e-02 -1.887 -0.678 -0.598 -0.567 -0.530 -0.520 -0.510 -0.498 -0.963 -0.607 -0.537 -0.533 -0.518 -0.900 -0.781
0.0152 0.01508 6.00000 4.1999998093 2.6090114117    4.198  2.671  4.1446  3.920    0  0.000  0.538     0.00     0.00 -1    -1e-30      0.00 7.092e-01 2.755e-01 2.710e-03 7.399e-04 6.720e-03 -1.000 1.527e-02 -1.907 -0.649 -0.568 -0.535 -0.496 -0.486 -0.476 -0.464 -0.928 -0.572 -0.501 -0.500 -0.485 -0.866 -0.746
0.0152 0.01508 6.00000 4.2058291435 2.6090564728    4.204  2.675  4.1482  3.931    0  0.000  0.538     0.00     0.00 -1    -1e-30      0.00 7.092e-01 2.755e-01 2.710e-03 7.399e-04 6.720e-03 -1.000 1.527e-02 -1.917 -0.633 -0.551 -0.518 -0.479 -0.469 -0.458 -0.446 -0.910 -0.553 -0.482 -0.483 -0.467 -0.848 -0.728
0.0152 0.01508 6.00000 4.2168650627 2.6091408730    4.215  2.681  4.1545  3.952    0  0.000  0.538     0.00     0.00 -1    -1e-30      0.00 7.092e-01 2.755e-01 2.710e-03 7.399e-04 6.720e-03 -1.000 1.527e-02 -1.932 -0.603 -0.519 -0.485 -0.445 -0.434 -0.423 -0.411 -0.874 -0.517 -0.446 -0.449 -0.433 -0.812 -0.692
0.0152 0.01508 6.00000 4.2288045883 2.6092319489    4.227  2.681  4.1595  3.973    0  0.000  0.538     0.00     0.00 -1    -1e-30      0.00 7.092e-01 2.755e-01 2.710e-03 7.399e-04 6.720e-03 -1.000 1.527e-02 -1.932 -0.566 -0.482 -0.447 -0.406 -0.395 -0.384 -0.371 -0.834 -0.476 -0.405 -0.410 -0.393 -0.772 -0.652
0.0152 0.01508 6.00000 4.2625479698 2.6094858646    4.260  2.663  4.1684  4.030    0  0.000  0.538     0.00     0.00 -1    -1e-30      0.00 7.092e-01 2.755e-01 2.710e-03 7.399e-04 6.720e-03 -1.000 1.527e-02 -1.887 -0.458 -0.371 -0.335 -0.292 -0.281 -0.269 -0.256 -0.717 -0.360 -0.289 -0.297 -0.279 -0.657 -0.536
0.0152 0.01508 6.00000 4.2867436409 2.6096651554    4.284  2.637  4.1708  4.067    0  0.000  0.538     0.00     0.00 -1    -1e-30      0.00 7.092e-01 2.755e-01 2.710e-03 7.399e-04 6.720e-03 -1.000 1.527e-02 -1.824 -0.377 -0.290 -0.254 -0.211 -0.199 -0.187 -0.174 -0.635 -0.277 -0.206 -0.215 -0.197 -0.575 -0.453
0.0152 0.01508 6.00000 4.3059406281 2.6098058224    4.303  2.611  4.1701  4.093    0  0.000  0.538     0.00     0.00 -1    -1e-30      0.00 7.092e-01 2.755e-01 2.710e-03 7.399e-04 6.720e-03 -1.000 1.527e-02 -1.758 -0.316 -0.230 -0.193 -0.150 -0.138 -0.127 -0.114 -0.575 -0.217 -0.146 -0.154 -0.137 -0.514 -0.393
0.0152 0.01508 6.00000 4.3245711327 2.6099407673    4.322  2.585  4.1684  4.114    0  0.000  0.538     0.00     0.00 -1    -1e-30      0.00 7.092e-01 2.755e-01 2.710e-03 7.399e-04 6.720e-03 -1.000 1.527e-02 -1.693 -0.263 -0.177 -0.141 -0.098 -0.086 -0.075 -0.062 -0.523 -0.166 -0.095 -0.102 -0.085 -0.463 -0.342
0.0152 0.01508 6.00000 4.3452205658 2.6100890636    4.342  2.560  4.1662  4.132    0  0.000  0.538     0.00     0.00 -1    -1e-30      0.00 7.092e-01 2.755e-01 2.710e-03 7.399e-04 6.720e-03 -1.000 1.527e-02 -1.631 -0.216 -0.130 -0.094 -0.052 -0.040 -0.029 -0.016 -0.478 -0.120 -0.050 -0.056 -0.039 -0.417 -0.296
0.0152 0.01508 6.00000 4.3843002319 2.6103649139    4.381  2.539  4.1651  4.153    0  0.000  0.538     0.00     0.00 -1    -1e-30      0.00 7.092e-01 2.755e-01 2.710e-03 7.399e-04 6.720e-03 -1.000 1.527e-02 -1.578 -0.171 -0.085 -0.050 -0.008 0.004 0.015 0.028 -0.434 -0.077 -0.006 -0.012 0.005 -0.373 -0.252
0.0152 0.01508 6.00000 4.4000000954 2.6104743481    4.397  2.534  4.1650  4.160    0  0.000  0.538     0.00     0.00 -1    -1e-30      0.00 7.092e-01 2.755e-01 2.710e-03 7.399e-04 6.720e-03 -1.000 1.527e-02 -1.564 -0.158 -0.071 -0.036 0.006 0.018 0.029 0.042 -0.420 -0.063 0.008 0.002 0.019 -0.359 -0.238
0.0152 0.01508 6.00000 4.4148182869 2.6105766296    4.412  2.528  4.1649  4.166    0  0.000  0.538     0.00     0.00 -1    -1e-30      0.00 7.092e-01 2.755e-01 2.710e-03 7.399e-04 6.720e-03 -1.000 1.527e-02 -1.549 -0.144 -0.058 -0.023 0.020 0.031 0.042 0.055 -0.407 -0.049 0.021 0.015 0.033 -0.346 -0.225
0.0152 0.01508 6.00000 4.4886188507 2.6110746861    4.486  2.577  4.1795  4.183    0  0.000  0.538     0.00     0.00 -1    -1e-30      0.00 7.092e-01 2.755e-01 2.710e-03 7.399e-04 6.720e-03 -1.000 1.527e-02 -1.672 -0.162 -0.073 -0.036 0.009 0.021 0.033 0.047 -0.413 -0.055 0.015 0.005 0.023 -0.353 -0.231
0.0152 0.01508 6.00000 4.5384583473 2.6114006042    4.536  2.627  4.1949  4.199    0  0.000  0.538     0.00     0.00 -1    -1e-30      0.00 7.092e-01 2.755e-01 2.710e-03 7.399e-04 6.720e-03 -1.000 1.527e-02 -1.797 -0.177 -0.085 -0.044 0.003 0.016 0.029 0.043 -0.415 -0.057 0.011 -0.002 0.018 -0.356 -0.233
0.0152 0.01508 6.00000 4.5709195137 2.6116082668    4.568  2.663  4.2070  4.214    0  0.000  0.538     0.00     0.00 -1    -1e-30      0.00 7.092e-01 2.755e-01 2.710e-03 7.399e-04 6.720e-03 -1.000 1.527e-02 -1.888 -0.180 -0.086 -0.044 0.006 0.020 0.033 0.048 -0.409 -0.051 0.015 0.001 0.021 -0.351 -0.227
0.0152 0.01508 6.00000 4.5960946083 2.6117672920    4.593  2.690  4.2166  4.229    0  0.000  0.538     0.00     0.00 -1    -1e-30      0.00 7.092e-01 2.755e-01 2.710e-03 7.399e-04 6.720e-03 -1.000 1.527e-02 -1.954 -0.177 -0.081 -0.037 0.014 0.028 0.042 0.058 -0.398 -0.040 0.023 0.009 0.030 -0.341 -0.217
0.0152 0.01508 6.00000 4.5999999046 2.6117916107    4.598  2.693  4.2180  4.231    0  0.000  0.538     0.00     0.00 -1    -1e-30      0.00 7.092e-01 2.755e-01 2.710e-03 7.399e-04 6.720e-03 -1.000 1.527e-02 -1.963 -0.176 -0.079 -0.035 0.016 0.031 0.045 0.060 -0.396 -0.038 0.025 0.011 0.032 -0.339 -0.214
0.0152 0.01508 6.00000 4.6195220947 2.6119132042    4.617  2.711  4.2251  4.244    0  0.000  0.538     0.00     0.00 -1    -1e-30      0.00 7.092e-01 2.755e-01 2.710e-03 7.399e-04 6.720e-03 -1.000 1.527e-02 -2.007 -0.168 -0.070 -0.025 0.027 0.042 0.057 0.073 -0.383 -0.025 0.036 0.022 0.044 -0.326 -0.201
0.0152 0.01508 6.00000 4.6549234390 2.6121308804    4.653  2.725  4.2338  4.268    0  0.000  0.538     0.00     0.00 -1    -1e-30      0.00 7.092e-01 2.755e-01 2.710e-03 7.399e-04 6.720e-03 -1.000 1.527e-02 -2.043 -0.141 -0.041 0.005 0.059 0.074 0.089 0.106 -0.349 0.008 0.067 0.054 0.076 -0.293 -0.167
0.0152 0.01508 6.00000 4.7192916870 2.6125166416    4.717  2.722  4.2413  4.307    0  0.000  0.538     0.00     0.00 -1    -1e-30      0.00 7.092e-01 2.755e-01 2.710e-03 7.399e-04 6.720e-03 -1.000 1.527e-02 -2.035 -0.080 0.022 0.070 0.125 0.140 0.156 0.172 -0.282 0.075 0.132 0.119 0.142 -0.226 -0.100
0.0152 0.01508 6.00000 4.7711791992 2.6128189564    4.769  2.710  4.2420  4.327    0  0.000  0.538     0.00     0.00 -1    -1e-30      0.00 7.092e-01 2.755e-01 2.710e-03 7.399e-04 6.720e-03 -1.000 1.527e-02 -2.004 -0.044 0.058 0.106 0.161 0.177 0.192 0.209 -0.245 0.111 0.169 0.156 0.179 -0.189 -0.063
0.0152 0.01508 6.00000 4.8000001907 2.6129837036    4.798  2.710  4.2422  4.330    0  0.000  0.538     0.00     0.00 -1    -1e-30      0.00 7.092e-01 2.755e-01 2.710e-03 7.399e-04 6.720e-03 -1.000 1.527e-02 -2.005 -0.042 0.060 0.107 0.163 0.178 0.194 0.211 -0.243 0.113 0.170 0.157 0.180 -0.188 -0.062
0.0152 0.01508 6.00000 4.8757505417 2.6134059429    4.874  2.709  4.2428  4.340    0  0.000  0.538     0.00     0.00 -1    -1e-30      0.00 7.092e-01 2.755e-01 2.710e-03 7.399e-04 6.720e-03 -1.000 1.527e-02 -2.002 -0.035 0.067 0.115 0.170 0.186 0.201 0.218 -0.236 0.120 0.178 0.165 0.188 -0.180 -0.054
0.0152 0.01508 6.00000 4.9201083183 2.6136462688    4.919  2.713  4.2437  4.343    0  0.000  0.538     0.00     0.00 -1    -1e-30      0.00 7.092e-01 2.755e-01 2.710e-03 7.399e-04 6.720e-03 -1.000 1.527e-02 -2.014 -0.041 0.061 0.109 0.165 0.181 0.196 0.213 -0.241 0.115 0.173 0.159 0.183 -0.185 -0.059
0.0152 0.01508 6.00000 5.0000000000 2.6140668392    4.999  2.738  4.2478  4.342    0  0.000  0.538     0.00     0.00 -1    -1e-30      0.00 7.092e-01 2.755e-01 2.710e-03 7.399e-04 6.720e-03 -1.000 1.527e-02 -2.075 -0.073 0.030 0.079 0.135 0.151 0.166 0.184 -0.270 0.086 0.143 0.129 0.153 -0.214 -0.088
0.0152 0.01508 6.00000 5.1999998093 2.6150546074    5.200  2.799  4.2580  4.339    0  0.000  0.538     0.00     0.00 -1    -1e-30      0.00 7.092e-01 2.755e-01 2.710e-03 7.399e-04 6.720e-03 -1.000 1.527e-02 -2.228 -0.152 -0.047 0.003 0.061 0.078 0.094 0.112 -0.341 0.014 0.069 0.055 0.080 -0.286 -0.159
0.0152 0.01508 6.00000 5.3999996185 2.6159586906    5.401  2.857  4.2677  4.336    0  0.000  0.538     0.00     0.00 -1    -1e-30      0.00 7.092e-01 2.755e-01 2.710e-03 7.399e-04 6.720e-03 -1.000 1.527e-02 -2.373 -0.229 -0.122 -0.070 -0.010 0.007 0.024 0.042 -0.409 -0.055 -0.001 -0.016 0.009 -0.355 -0.227
0.0152 0.01508 6.00000 5.5999994278 2.6167888641    5.601  2.913  4.2771  4.333    0  0.000  0.538     0.00     0.00 -1    -1e-30      0.00 7.092e-01 2.755e-01 2.710e-03 7.399e-04 6.720e-03 -1.000 1.527e-02 -2.513 -0.301 -0.193 -0.139 -0.078 -0.060 -0.043 -0.024 -0.474 -0.121 -0.067 -0.084 -0.058 -0.421 -0.292
0.0152 0.01508 6.00000 5.7781233788 2.6174728870    5.779  2.961  4.2849  4.331    0  0.000  0.538     0.00     0.00 -1    -1e-30      0.00 7.092e-01 2.755e-01 2.710e-03 7.399e-04 6.720e-03 -1.000 1.527e-02 -2.632 -0.365 -0.255 -0.200 -0.137 -0.119 -0.101 -0.082 -0.530 -0.178 -0.124 -0.143 -0.116 -0.478 -0.349
0.0152 0.01508 6.00000 5.8000001907 2.6175537109    5.801  2.967  4.2858  4.330    0  0.000  0.538     0.00     0.00 -1    -1e-30      0.00 7.092e-01 2.755e-01 2.710e-03 7.399e-04 6.720e-03 -1.000 1.527e-02 -2.646 -0.373 -0.263 -0.207 -0.144 -0.126 -0.108 -0.089 -0.537 -0.185 -0.131 -0.151 -0.123 -0.485 -0.355
0.0152 0.01508 6.00000 6.0000000000 2.6182601452    6.000  3.018  4.2941  4.326    1  0.000  0.538     0.00     0.00 -1    -1e-30      0.00 7.092e-01 2.755e-01 2.710e-03 7.399e-04 6.720e-03 -1.000 1.527e-02 -2.775 -0.443 -0.332 -0.275 -0.210 -0.191 -0.173 -0.153 -0.600 -0.248 -0.193 -0.217 -0.189 -0.549 -0.418
0.0152 0.01508 6.00000 6.1999998093 2.6189143658    6.200  3.068  4.3026  4.325    0  0.000  0.538     0.00     0.00 -1    -1e-30      0.00 7.092e-01 2.755e-01 2.710e-03 7.399e-04 6.720e-03 -1.000 1.527e-02 -2.900 -0.509 -0.395 -0.337 -0.271 -0.250 -0.232 -0.211 -0.657 -0.305 -0.250 -0.277 -0.248 -0.607 -0.476
0.0152 0.01508 6.00000 6.4000000954 2.6195218563    6.399  3.116  4.3104  4.322    0  0.000  0.538     0.00     0.00 -1    -1e-30      0.00 7.092e-01 2.755e-01 2.710e-03 7.399e-04 6.720e-03 -1.000 1.527e-02 -3.019 -0.574 -0.458 -0.399 -0.331 -0.310 -0.291 -0.270 -0.715 -0.362 -0.307 -0.338 -0.308 -0.665 -0.533
0.0152 0.01508 6.00000 7.0000000000 2.6211071014    6.996  3.249  4.3318  4.313    0  0.000  0.538     0.00     0.00 -1    -1e-30      0.00 7.092e-01 2.755e-01 2.710e-03 7.399e-04 6.720e-03 -1.000 1.527e-02 -3.353 -0.758 -0.639 -0.575 -0.502 -0.480 -0.459 -0.435 -0.877 -0.525 -0.467 -0.510 -0.477 -0.829 -0.695
0.0152 0.01508 6.00000 8.0000000000 2.6231517792    8.001  3.444  4.3629  4.300    1  0.000  0.538     0.00     0.00 -1    -1e-30      0.00 7.092e-01 2.755e-01 2.710e-03 7.399e-04 6.720e-03 -1.000 1.527e-02 -3.841 -1.037 -0.910 -0.840 -0.759 -0.733 -0.710 -0.684 -1.121 -0.767 -0.706 -0.767 -0.730 -1.076 -0.939
0.0152 0.01508 6.00000 9.0000000000 2.6246831417    8.995  3.613  4.3890  4.287    1  0.000  0.538     0.00     0.00 -1    -1e-30      0.00 7.092e-01 2.755e-01 2.710e-03 7.399e-04 6.720e-03 -1.000 1.527e-02 -4.263 -1.286 -1.153 -1.078 -0.991 -0.962 -0.937 -0.908 -1.343 -0.986 -0.922 -0.999 -0.959 -1.299 -1.161
0.0152 0.01508 6.00000 9.7950038910 2.6256475449    9.792  3.732  4.4074  4.278    1  0.000  0.538     0.00     0.00 -1    -1e-30      0.00 7.092e-01 2.755e-01 2.710e-03 7.399e-04 6.720e-03 -1.000 1.527e-02 -4.560 -1.431 -1.317 -1.245 -1.179 -1.154 -1.543 -2.451 -2.048 -1.768 -3.259 -1.186 -1.160 -2.402 -2.246
0.0152 0.01508 6.00000 10.0000000000 2.6258678436    9.998  3.761  4.4118  4.276    1  0.000  0.538     0.00     0.00 -1    -1e-30      0.00 7.092e-01 2.755e-01 2.710e-03 7.399e-04 6.720e-03 -1.000 1.527e-02 -4.633 -1.470 -1.358 -1.286 -1.217 -1.193 -1.581 -2.489 -2.084 -1.812 -3.300 -1.224 -1.199 -2.440 -2.282
0.0152 0.01508 6.00000 11.0000000000 2.6268081665   11.001  3.893  4.4312  4.264    1  0.000  0.538     0.00     0.00 -1    -1e-30      0.00 7.092e-01 2.755e-01 2.710e-03 7.399e-04 6.720e-03 -1.000 1.527e-02 -4.961 -1.677 -1.564 -1.488 -1.412 -1.392 -1.781 -2.689 -2.276 -2.021 -3.501 -1.418 -1.398 -2.638 -2.474
0.0152 0.01508 6.00000 12.0000000000 2.6275708675   12.001  4.011  4.4494  4.255    1  0.000  0.538     0.00     0.00 -1    -1e-30      0.00 7.092e-01 2.755e-01 2.710e-03 7.399e-04 6.720e-03 -1.000 1.527e-02 -5.258 -1.907 -1.776 -1.688 -1.617 -1.608 -1.999 -2.907 -2.492 -2.209 -3.688 -1.621 -1.614 -2.855 -2.690
0.0152 0.01508 6.00000 14.0000000000 2.6287269592   13.989  4.216  4.4792  4.237    0  0.000  0.545     0.00     0.00 -1 -3.12e-09      0.00 7.092e-01 2.755e-01 2.746e-03 7.408e-04 6.719e-03 -1.000 1.527e-02 -5.769 -2.165 -2.034 -1.968 -1.916 -1.899 -2.290 -3.198 -2.792 -2.470 -3.969 -1.921 -1.905 -3.150 -2.994
0.0152 0.01508 6.00000 16.0000000000 2.6295573711   15.994  4.387  4.5035  4.221    0  0.000  0.545     0.00     0.00 -1 -7.54e-09      0.00 7.092e-01 2.755e-01 2.746e-03 7.408e-04 6.719e-03 -1.000 1.527e-02 -6.197 -2.487 -2.351 -2.259 -2.173 -2.165 -2.562 -3.470 -3.056 -2.744 -4.218 -2.178 -2.173 -3.421 -3.259
0.0152 0.01508 6.00000 18.0000000000 2.6301794052   17.974  4.534  4.5242  4.208    0  0.000  0.545     0.00     0.00 -1 -1.54e-08      0.00 7.092e-01 2.755e-01 2.746e-03 7.408e-04 6.719e-03 -1.000 1.527e-02 -6.564 -2.742 -2.590 -2.488 -2.411 -2.385 -2.769 -3.677 -3.269 -2.972 -4.448 -2.418 -2.390 -3.627 -3.469
0.0152 0.01508 6.00000 20.0000000000 2.6306605339   19.969  4.661  4.5414  4.195    0  0.000  0.545     0.00     0.00 -1 -2.83e-08      0.00 7.092e-01 2.755e-01 2.746e-03 7.408e-04 6.719e-03 -1.000 1.527e-02 -6.882 -2.935 -2.782 -2.678 -2.594 -2.565 -2.949 -3.857 -3.448 -3.177 -4.649 -2.602 -2.570 -3.806 -3.644
0.0152 0.01508 6.00000 20.8896312714 2.6308407784   20.852  4.711  4.5481  4.190    0  0.000  0.545     0.00     0.00 -1 -3.55e-08      0.00 7.092e-01 2.755e-01 2.746e-03 7.408e-04 6.719e-03 -1.000 1.527e-02 -7.008 -3.012 -2.859 -2.755 -2.668 -2.638 -3.022 -3.930 -3.521 -3.260 -4.731 -2.676 -2.643 -3.879 -3.716
0.0152 0.01508 6.00000 24.0000000000 2.6313521862   23.932  4.872  4.5693  4.174    0  0.000  0.545     0.00     0.00 -1 -7.38e-08      0.00 7.092e-01 2.755e-01 2.746e-03 7.408e-04 6.719e-03 -1.000 1.527e-02 -7.410 -3.299 -3.143 -3.051 -2.973 -2.944 -3.330 -4.238 -3.836 -3.589 -5.112 -2.981 -2.949 -4.188 -4.032
0.0152 0.01508 6.00000 28.0000000000 2.6318216324   27.845  5.041  4.5902  4.154    0  0.000  0.545     0.00     0.00 -1  -1.5e-07      0.00 7.092e-01 2.755e-01 2.746e-03 7.408e-04 6.719e-03 -1.000 1.527e-02 -7.833 -3.581 -3.430 -3.339 -3.254 -3.230 -3.620 -4.529 -4.185 -4.069 -5.697 -3.261 -3.236 -4.487 -4.374
0.0152 0.01508 6.00000 30.0000000000 2.6320033073   29.795  5.114  4.5989  4.145    0  0.000  0.545     0.00     0.00 -1 -2.05e-07      0.00 7.092e-01 2.755e-01 2.746e-03 7.408e-04 6.719e-03 -1.000 1.527e-02 -8.016 -3.712 -3.561 -3.468 -3.384 -3.360 -3.747 -4.656 -4.317 -4.211 -5.851 -3.391 -3.365 -4.615 -4.505
0.0152 0.01508 6.00000 32.2842407227 2.6321792603   32.010  5.189  4.6073  4.136    0  0.000  0.545     0.00     0.00 -1 -2.77e-07      0.00 7.092e-01 2.755e-01 2.746e-03 7.408e-04 6.719e-03 -1.000 1.527e-02 -8.202 -3.847 -3.696 -3.603 -3.518 -3.494 -3.882 -4.791 -4.452 -4.351 -5.998 -3.525 -3.500 -4.750 -4.640
0.0152 0.01508 6.00000 35.0000000000 2.6323544979   34.631  5.271  4.6165  4.124    0  0.000  0.545     0.00     0.00 -1 -3.86e-07      0.00 7.092e-01 2.755e-01 2.746e-03 7.408e-04 6.719e-03 -1.000 1.527e-02 -8.408 -3.995 -3.846 -3.753 -3.666 -3.644 -4.033 -4.942 -4.605 -4.519 -6.176 -3.673 -3.650 -4.901 -4.792
0.0152 0.01508 6.00000 40.0000000000 2.6326069832   39.422  5.400  4.6296  4.104    0  0.000  0.545     0.00     0.00 -1  -6.3e-07      0.00 7.092e-01 2.755e-01 2.746e-03 7.408e-04 6.719e-03 -1.000 1.527e-02 -8.730 -4.240 -4.096 -4.005 -3.915 -3.895 -4.286 -5.195 -4.872 -4.839 -6.530 -3.923 -3.901 -5.156 -5.056
0.0152 0.01508 6.00000 41.0769729614 2.6326520443   40.448  5.425  4.6319  4.100    0  0.000  0.545     0.00     0.00 -1 -6.91e-07      0.00 7.092e-01 2.755e-01 2.746e-03 7.408e-04 6.719e-03 -1.000 1.527e-02 -8.792 -4.290 -4.147 -4.056 -3.966 -3.946 -4.338 -5.247 -4.929 -4.909 -6.610 -3.974 -3.953 -5.208 -5.113
0.0152 0.01508 6.00000 45.0000000000 2.6327958107   44.161  5.509  4.6396  4.085    0  0.000  0.545     0.00     0.00 -1 -9.49e-07      0.00 7.092e-01 2.755e-01 2.746e-03 7.408e-04 6.719e-03 -1.000 1.527e-02 -9.003 -4.464 -4.325 -4.234 -4.144 -4.125 -4.517 -5.426 -5.127 -5.154 -6.889 -4.152 -4.131 -5.390 -5.309
0.0152 0.01508 6.00000 50.0000000000 2.6329421997   48.822  5.602  4.6474  4.066    0  0.000  0.545     0.00     0.00 -1 -1.33e-06      0.00 7.092e-01 2.755e-01 2.746e-03 7.408e-04 6.719e-03 -1.000 1.527e-02 -9.235 -4.639 -4.499 -4.419 -4.374 -4.388 -4.798 -5.712 -5.623 -6.065 -7.999 -4.374 -4.398 -5.709 -5.781
0.0152 0.01508 6.00000 55.0000076294 2.6330580711   53.412  5.684  4.6531  4.046    0  0.000  0.545     0.00     0.00 -1 -1.78e-06      0.00 7.092e-01 2.755e-01 2.746e-03 7.408e-04 6.719e-03 -1.000 1.527e-02 -9.439 -4.815 -4.676 -4.597 -4.553 -4.566 -4.977 -5.890 -5.804 -6.254 -8.193 -4.553 -4.576 -5.888 -5.962
0.0152 0.01508 6.00000 57.9372558594 2.6331157684   56.083  5.727  4.6558  4.035    0  0.000  0.545     0.00     0.00 -1 -2.07e-06      0.00 7.092e-01 2.755e-01 2.746e-03 7.408e-04 6.719e-03 -1.000 1.527e-02 -9.547 -4.910 -4.771 -4.691 -4.646 -4.659 -5.069 -5.982 -5.899 -6.350 -8.292 -4.647 -4.669 -5.980 -6.056
0.0152 0.01508 6.00000 60.0000000000 2.6331522465   57.953  5.756  4.6575  4.027    0  0.000  0.545     0.00     0.00 -1 -2.29e-06      0.00 7.092e-01 2.755e-01 2.746e-03 7.408e-04 6.719e-03 -1.000 1.527e-02 -9.619 -4.975 -4.835 -4.755 -4.709 -4.721 -5.131 -6.045 -5.961 -6.414 -8.356 -4.710 -4.731 -6.043 -6.118
0.0152 0.01508 6.00000 65.0000000000 2.6332299709   62.405  5.819  4.6606  4.009    0  0.000  0.545     0.00     0.00 -1 -2.87e-06      0.00 7.092e-01 2.755e-01 2.746e-03 7.408e-04 6.719e-03 -1.000 1.527e-02 -9.778 -5.119 -4.978 -4.897 -4.849 -4.859 -5.268 -6.182 -6.095 -6.547 -8.492 -4.850 -4.869 -6.179 -6.252
0.0152 0.01508 6.00000 70.0000000000 2.6332950592   66.918  5.878  4.6630  3.989    0  0.000  0.545     0.00     0.00 -1 -3.51e-06      0.00 7.092e-01 2.755e-01 2.746e-03 7.408e-04 6.719e-03 -1.000 1.527e-02 -9.926 -5.258 -5.117 -5.036 -4.986 -4.994 -5.403 -6.316 -6.226 -6.671 -8.613 -4.987 -5.004 -6.313 -6.384
0.0152 0.01508 6.00000 79.1133728027 2.6333894730   74.808  5.970  4.6649  3.954    0  0.000  0.545     0.00     0.00 -1 -4.81e-06      0.00 7.092e-01 2.755e-01 2.746e-03 7.408e-04 6.719e-03 -1.000 1.527e-02 -10.155 -5.479 -5.337 -5.256 -5.202 -5.208 -5.614 -6.527 -6.421 -6.829 -8.758 -5.204 -5.217 -6.522 -6.580
0.0152 0.01508 6.00000 80.0000000000 2.6333973408   75.571  5.978  4.6650  3.950    0  0.000  0.545     0.00     0.00 -1 -4.95e-06      0.00 7.092e-01 2.755e-01 2.746e-03 7.408e-04 6.719e-03 -1.000 1.527e-02 -10.175 -5.499 -5.358 -5.276 -5.221 -5.227 -5.633 -6.546 -6.437 -6.842 -8.769 -5.223 -5.236 -6.541 -6.597
0.0152 0.01508 6.00000 90.0000000000 2.6334741116   84.298  6.065  4.6647  3.909    0  0.000  0.545     0.00     0.00 -1 -6.66e-06      0.00 7.092e-01 2.755e-01 2.746e-03 7.408e-04 6.719e-03 -1.000 1.527e-02 -10.394 -5.720 -5.579 -5.496 -5.437 -5.440 -5.844 -6.757 -6.622 -6.979 -8.889 -5.440 -5.448 -6.747 -6.785
0.0152 0.01508 6.00000 95.0000000000 2.6335055828   88.528  6.104  4.6636  3.887    0  0.000  0.545     0.00     0.00 -1  -7.6e-06      0.00 7.092e-01 2.755e-01 2.746e-03 7.408e-04 6.719e-03 -1.000 1.527e-02 -10.490 -5.823 -5.682 -5.600 -5.541 -5.542 -5.945 -6.858 -6.711 -7.044 -8.944 -5.543 -5.550 -6.847 -6.875
0.0152 0.01508 6.00000 100.0000000000 2.6335334778   92.714  6.140  4.6621  3.866    0  0.000  0.545     0.00     0.00 -1 -8.62e-06      0.00 7.092e-01 2.755e-01 2.746e-03 7.408e-04 6.719e-03 -1.000 1.527e-02 -10.580 -5.921 -5.782 -5.700 -5.640 -5.641 -6.044 -6.956 -6.798 -7.106 -8.998 -5.643 -5.649 -6.944 -6.964
0.0152 0.01508 6.00000 120.0000152588 2.6336188316  108.972  6.263  4.6519  3.772    0  0.000  0.519     0.00     0.00 -1  -1.3e-05      0.00 7.090e-01 2.757e-01 2.589e-03 9.653e-04 6.673e-03 -1.000 1.529e-02 -10.887 -6.466 -6.383 -6.373 -6.477 -6.573 -7.028 -7.953 -8.326 -9.232 -11.295 -6.456 -6.591 -8.047 -8.438
0.0152 0.01508 6.00000 141.8663177490 2.6336188316  126.179  6.370  4.6531  3.733    0  0.000  0.162     0.00     0.00 -1 -1.85e-05      0.00 6.881e-01 2.967e-01 6.884e-04 5.992e-03 3.488e-03 -1.000 1.522e-02 -11.156 -6.750 -6.673 -6.672 -6.792 -6.897 -7.357 -8.283 -8.707 -9.657 -11.730 -6.769 -6.915 -8.388 -8.814
0.0152 0.01508 6.00000 150.0000000000 2.6336188316  132.443  6.406  4.6541  3.722    0  0.000  0.050     0.00     0.00 -1 -2.09e-05      0.00 6.795e-01 3.054e-01 8.136e-05 7.762e-03 2.282e-03 -1.000 1.518e-02 -11.245 -6.831 -6.754 -6.752 -6.871 -6.976 -7.436 -8.362 -8.787 -9.741 -11.815 -6.849 -6.995 -8.467 -8.894
0.0152 0.01508 6.00000 176.4316253662 2.6336188316  151.182  6.504  4.6688  3.741    0  0.000  0.276     0.00     0.00 -1 -2.81e-05      0.00 6.327e-01 3.522e-01 8.841e-05 8.266e-03 1.701e-03 -1.000 1.513e-02 -11.489 -6.804 -6.696 -6.674 -6.738 -6.878 -6.908 -7.155 -8.185 -10.680 -10.799 -6.738 -6.865 -7.425 -8.117
0.0152 0.01508 6.00000 200.0000305176 2.6336188316  168.197  6.579  4.6786  3.751    0  0.000  0.403     0.00     0.00 -1 -3.55e-05      0.00 6.025e-01 3.825e-01 9.779e-05 9.075e-03 7.654e-04 -1.000 1.500e-02 -11.678 -6.937 -6.836 -6.823 -6.907 -7.064 -7.098 -7.364 -8.430 -10.937 -11.079 -6.906 -7.049 -7.647 -8.361
0.0152 0.01508 6.00000 239.5027160645 2.6336188316  196.969  6.683  4.6923  3.770    0  0.000  0.619     0.00     0.00 -1 -4.72e-05      0.00 5.661e-01 4.189e-01 1.037e-04 9.461e-03 3.165e-04 -1.000 1.495e-02 -11.938 -7.114 -7.019 -7.017 -7.122 -7.297 -7.335 -7.620 -8.718 -11.236 -11.408 -7.121 -7.281 -7.914 -8.649
0.0152 0.01508 6.00000 250.0000000000 2.6336188316  204.430  6.708  4.6959  3.776    0  0.000  0.681     0.00     0.00 -1 -5.05e-05      0.00 5.566e-01 4.285e-01 1.048e-04 9.519e-03 2.489e-04 -1.000 1.492e-02 -12.000 -7.156 -7.062 -7.063 -7.174 -7.354 -7.393 -7.683 -8.787 -11.307 -11.487 -7.173 -7.338 -7.979 -8.717
0.0152 0.01508 6.00000 300.0000305176 2.6336188316  240.957  6.812  4.7110  3.804    0  0.000  0.983     0.00     0.00 -1 -6.62e-05      0.00 5.173e-01 4.678e-01 1.076e-04 9.603e-03 1.516e-04 -1.000 1.493e-02 -12.261 -7.327 -7.240 -7.253 -7.384 -7.583 -7.624 -7.933 -9.064 -11.594 -11.790 -7.383 -7.566 -8.238 -8.993
0.0152 0.01508 6.00000 350.0000000000 2.6336188316  276.195  6.898  4.7252  3.834    0  0.000  1.138     0.00     0.00 -1 -8.14e-05      0.00 4.831e-01 5.020e-01 1.097e-04 9.623e-03 1.292e-04  6.343 1.491e-02 -12.475 -7.464 -7.385 -7.568 -7.550 -7.735 -7.800 -8.069 -9.414 -10.513 -11.299 -7.552 -7.733 -8.340 -9.181
0.0152 0.01508 6.00000 350.0002441406 2.6336188316  272.188  6.898  4.7242  3.824    0  0.000  1.179     0.00     0.00 -1 -7.08e-05      0.00 4.665e-01 5.186e-01 1.169e-04 9.604e-03 1.415e-04  6.284 1.490e-02 -12.474 -7.442 -7.355 -7.511 -7.489 -7.660 -7.721 -7.976 -9.303 -10.386 -11.159 -7.491 -7.658 -8.239 -9.070
0.0152 0.01508 6.00000 350.0006713867 2.6336188316  264.883  6.897  4.7231  3.808    0  0.000  1.218     0.00     0.00 -1 -5.66e-05      0.00 4.355e-01 5.497e-01 1.287e-04 9.569e-03 1.658e-04  5.928 1.487e-02 -12.473 -7.406 -7.308 -7.427 -7.396 -7.546 -7.601 -7.836 -9.134 -10.194 -10.943 -7.399 -7.544 -8.085 -8.902
0.0152 0.01508 6.00000 350.0010681152 2.6336188316  257.363  6.897  4.7229  3.795    0  0.000  1.245     0.00     0.00 -1 -4.56e-05      0.00 4.032e-01 5.819e-01 1.399e-04 9.540e-03 1.897e-04 -1.000 1.492e-02 -12.473 -7.387 -7.282 -7.378 -7.337 -7.472 -7.522 -7.739 -9.012 -10.055 -10.782 -7.341 -7.471 -7.975 -8.780
0.0152 0.01508 6.00000 350.0014343262 2.6336188316  249.398  6.897  4.7235  3.784    0  0.000  1.268     0.00     0.00 -1 -3.73e-05      0.00 3.688e-01 6.163e-01 1.508e-04 9.508e-03 2.130e-04 -1.000 1.493e-02 -12.472 -7.351 -7.228 -7.209 -7.196 -7.293 -7.307 -7.478 -8.782 -9.593 -10.496 -7.207 -7.290 -7.672 -8.513
0.0152 0.01508 6.00000 350.0017700195 2.6336188316  241.443  6.897  4.7243  3.774    0  0.000  1.291     0.00     0.00 -1  -3.1e-05      0.00 3.353e-01 6.497e-01 1.607e-04 9.479e-03 2.341e-04 -1.000 1.493e-02 -12.471 -7.344 -7.221 -7.202 -7.189 -7.286 -7.300 -7.471 -8.774 -9.586 -10.489 -7.200 -7.283 -7.665 -8.505
0.0152 0.01508 6.00000 350.0018310547 2.6336188316  237.125  6.892  4.7280  3.785    0  0.000  1.300     0.00     0.00 -1 -6.44e-05      0.00 3.220e-01 6.631e-01 1.623e-04 9.474e-03 2.368e-04 -1.000 1.493e-02 -12.459 -7.336 -7.228 -7.251 -7.290 -7.455 -7.477 -7.739 -9.208 -10.100 -11.029 -7.306 -7.450 -8.007 -8.939
0.0152 0.01508 6.00000 350.0019531250 2.6336188316  226.637  6.873  4.7273  3.781    0  0.000  1.305     0.00     0.00 -1 -5.83e-05      0.00 3.101e-01 6.749e-01 1.656e-04 9.464e-03 2.444e-04 -1.000 1.498e-02 -12.414 -7.290 -7.179 -7.195 -7.227 -7.384 -7.405 -7.658 -9.110 -9.997 -10.925 -7.243 -7.380 -7.919 -8.842
0.0152 0.01508 6.00000 350.0020751953 2.6336188316  216.426  6.855  4.7279  3.781    0  0.000  1.311     0.00     0.00 -1 -7.32e-05      0.00 2.964e-01 6.886e-01 1.689e-04 9.459e-03 2.516e-04 -1.000 1.498e-02 -12.368 -7.272 -7.175 -7.222 -7.290 -7.483 -7.512 -7.803 -9.324 -10.230 -11.163 -7.307 -7.479 -8.092 -9.055
0.0152 0.01508 6.00000 350.0021972656 2.6336188316  206.285  6.837  4.7291  3.784    0  0.000  1.319     0.00     0.00 -1 -0.000108      0.00 2.813e-01 7.037e-01 1.723e-04 9.449e-03 2.589e-04 -1.000 1.494e-02 -12.321 -7.325 -7.256 -7.357 -7.489 -7.745 -7.775 -8.120 -9.695 -10.613 -11.544 -7.512 -7.739 -8.437 -9.426
0.0152 0.01508 6.00000 350.0022888184 2.6336188316  192.145  6.809  4.7380  3.816    0  0.000  1.340     0.00     0.00 -1 -0.000125      0.00 2.495e-01 7.355e-01 1.760e-04 9.440e-03 2.655e-04 -1.000 1.494e-02 -12.254 -7.271 -7.219 -7.352 -7.518 -7.811 -7.838 -8.214 -9.807 -10.756 -11.696 -7.546 -7.804 -8.542 -9.539
0.0152 0.01508 6.00000 350.0024108887 2.6336188316  175.463  6.767  4.7379  3.819    0  0.000  1.343     0.00     0.00 -1 -0.000106      0.00 2.356e-01 7.494e-01 1.789e-04 9.431e-03 2.724e-04 -1.000 1.498e-02 -12.147 -7.138 -7.082 -7.207 -7.363 -7.647 -7.675 -8.045 -9.636 -10.579 -11.520 -7.390 -7.640 -8.372 -9.367
0.0152 0.01508 6.00000 350.0025024414 2.6336188316  160.223  6.723  4.7366  3.818    0  0.000  1.343     0.00     0.00 -1 -8.96e-05      0.00 2.244e-01 7.606e-01 1.817e-04 9.422e-03 2.795e-04 -1.000 1.498e-02 -12.038 -7.014 -6.952 -7.067 -7.211 -7.483 -7.513 -7.872 -9.457 -10.391 -11.330 -7.237 -7.476 -8.195 -9.188
0.0152 0.01508 6.00000 350.0026245117 2.6336188316  145.941  6.678  4.7353  3.817    0  0.000  1.341     0.00     0.00 -1 -7.53e-05      0.00 2.130e-01 7.720e-01 1.845e-04 9.413e-03 2.868e-04 -1.000 1.498e-02 -11.926 -6.886 -6.818 -6.923 -7.055 -7.314 -7.345 -7.694 -9.272 -10.198 -11.134 -7.079 -7.308 -8.014 -9.004
0.0152 0.01508 6.00000 350.0027465820 2.6336188316  133.006  6.634  4.7343  3.817    0  0.000  1.341     0.00     0.00 -1 -6.34e-05      0.00 2.017e-01 7.834e-01 1.874e-04 9.404e-03 2.939e-04 -1.000 1.498e-02 -11.815 -6.758 -6.685 -6.779 -6.900 -7.147 -7.179 -7.518 -9.090 -10.007 -10.942 -6.923 -7.141 -7.834 -8.821
0.0152 0.01508 6.00000 350.0028381348 2.6336188316  121.214  6.590  4.7334  3.818    0  0.000  1.342     0.00     0.00 -1 -5.35e-05      0.00 1.901e-01 7.950e-01 1.903e-04 9.395e-03 3.011e-04 -1.000 1.498e-02 -11.704 -6.629 -6.550 -6.636 -6.745 -6.981 -7.014 -7.343 -8.909 -9.818 -10.752 -6.767 -6.975 -7.655 -8.640
0.0152 0.01508 6.00000 350.0029602051 2.6336188316  110.718  6.546  4.7325  3.818    0  0.000  1.342     0.00     0.00 -1 -4.51e-05      0.00 1.789e-01 8.062e-01 1.932e-04 9.385e-03 3.080e-04 -1.000 1.494e-02 -11.595 -6.510 -6.427 -6.502 -6.600 -6.825 -6.857 -7.176 -8.730 -9.639 -10.573 -6.621 -6.820 -7.482 -8.461
0.0152 0.01508 6.00000 350.0030517578 2.6336188316  101.110  6.502  4.7317  3.820    0  0.000  1.342     0.00     0.00 -1 -3.77e-05      0.00 1.675e-01 8.175e-01 1.960e-04 9.377e-03 3.149e-04 -1.000 1.498e-02 -11.485 -6.388 -6.299 -6.364 -6.450 -6.663 -6.693 -7.002 -8.544 -9.452 -10.387 -6.470 -6.658 -7.302 -8.275
0.0152 0.01508 6.00000 350.0031433105 2.6336188316   92.542  6.459  4.7311  3.822    0  0.000  1.344     0.00     0.00 -1 -3.22e-05      0.00 1.565e-01 8.285e-01 1.989e-04 9.368e-03 3.215e-04 -1.000 1.494e-02 -11.377 -6.271 -6.178 -6.235 -6.312 -6.515 -6.545 -6.845 -8.378 -9.286 -10.220 -6.330 -6.510 -7.141 -8.108
0.0152 0.01508 6.00000 350.0032653809 2.6336188316   84.533  6.414  4.7305  3.825    0  0.000  1.348     0.00     0.00 -1 -2.71e-05      0.00 1.451e-01 8.399e-01 2.019e-04 9.363e-03 3.283e-04 -1.000 1.498e-02 -11.266 -6.148 -6.050 -6.096 -6.161 -6.354 -6.382 -6.672 -8.193 -9.101 -10.036 -6.179 -6.349 -6.962 -7.924
0.0152 0.01508 6.00000 350.0033569336 2.6336188316   77.366  6.371  4.7301  3.828    0  0.000  1.353     0.00     0.00 -1 -2.31e-05      0.00 1.338e-01 8.511e-01 2.048e-04 9.354e-03 3.348e-04 -1.000 1.502e-02 -11.158 -6.032 -5.930 -5.968 -6.025 -6.208 -6.234 -6.516 -8.023 -8.928 -9.861 -6.042 -6.203 -6.800 -7.754
0.0152 0.01508 6.00000 350.0034790039 2.6336188316   70.528  6.326  4.7296  3.831    0  0.000  1.360     0.00     0.00 -1 -1.93e-05      0.00 1.220e-01 8.629e-01 2.081e-04 9.345e-03 3.416e-04 -1.000 1.504e-02 -11.045 -5.915 -5.810 -5.839 -5.885 -6.057 -6.081 -6.350 -7.835 -8.732 -9.663 -5.901 -6.052 -6.625 -7.566
0.0152 0.01508 6.00000 350.0035705566 2.6336188316   64.334  6.282  4.7300  3.837    0  0.000  1.371     0.00     0.00 -1 -1.61e-05      0.00 1.101e-01 8.749e-01 2.114e-04 9.336e-03 3.481e-04 -1.000 1.498e-02 -10.935 -5.794 -5.684 -5.703 -5.739 -5.899 -5.921 -6.179 -7.641 -8.531 -9.460 -5.755 -5.895 -6.444 -7.372
0.0152 0.01508 6.00000 350.0036621094 2.6336188316   58.809  6.239  4.7311  3.845    0  0.000  1.386     0.00     0.00 -1 -1.38e-05      0.00 9.831e-02 8.867e-01 2.149e-04 9.327e-03 3.544e-04 -1.000 1.498e-02 -10.827 -5.672 -5.560 -5.573 -5.601 -5.754 -5.773 -6.023 -7.470 -8.356 -9.284 -5.617 -5.750 -6.283 -7.201
0.0152 0.01508 6.00000 350.0037536621 2.6336188316   54.195  6.200  4.7328  3.856    0  0.000  1.404     0.00     0.00 -1 -1.19e-05      0.00 8.738e-02 8.977e-01 2.183e-04 9.319e-03 3.600e-04 -1.000 1.496e-02 -10.729 -5.556 -5.441 -5.447 -5.467 -5.613 -5.630 -5.872 -7.305 -8.187 -9.113 -5.483 -5.609 -6.126 -7.036
0.0152 0.01508 6.00000 350.0038452148 2.6336188316   49.957  6.161  4.7357  3.871    0  0.000  1.430     0.00     0.00 -1 -1.01e-05      0.00 7.636e-02 9.087e-01 2.220e-04 9.310e-03 3.652e-04 -1.000 1.495e-02 -10.632 -5.433 -5.316 -5.316 -5.329 -5.466 -5.482 -5.713 -7.128 -8.001 -8.925 -5.344 -5.462 -5.959 -6.859
0.0152 0.01508 6.00000 350.0039367676 2.6336188316   46.526  6.127  4.7399  3.891    0  0.000  1.459     0.00     0.00 -1 -8.86e-06      0.00 6.676e-02 9.183e-01 2.256e-04 9.303e-03 3.696e-04 -1.000 1.498e-02 -10.547 -5.316 -5.198 -5.195 -5.203 -5.336 -5.350 -5.573 -6.975 -7.840 -8.763 -5.218 -5.332 -5.813 -6.706
0.0152 0.01508 6.00000 350.0039978027 2.6336188316   43.784  6.098  4.7462  3.918    0  0.000  1.494     0.00     0.00 -1 -7.98e-06      0.00 5.848e-02 9.265e-01 2.291e-04 9.292e-03 3.731e-04 -1.000 1.497e-02 -10.476 -5.197 -5.078 -5.075 -5.081 -5.211 -5.224 -5.445 -6.844 -7.707 -8.631 -5.096 -5.207 -5.683 -6.575
0.0152 0.01508 6.00000 350.0040588379 2.6336188316   42.059  6.080  4.7533  3.947    0  0.000  1.518     0.00     0.00 -1  -7.4e-06      0.00 5.433e-02 9.307e-01 2.315e-04 9.288e-03 3.755e-04 -1.000 1.500e-02 -10.430 -5.097 -4.978 -4.973 -4.978 -5.107 -5.119 -5.338 -6.735 -7.601 -8.527 -4.993 -5.103 -5.575 -6.467
0.0152 0.01508 6.00000 350.0040893555 2.6336188316   40.118  6.075  4.8226  4.209    0  0.000  1.541     0.00     0.00 -1 -7.05e-06      0.00 5.105e-02 9.339e-01 2.340e-04 9.282e-03 3.784e-04 -1.000 1.501e-02 -10.418 -4.562 -4.442 -4.432 -4.470 -4.619 -4.645 -4.888 -6.367 -7.317 -8.293 -4.486 -4.616 -5.148 -6.098
0.0152 0.01508 6.00000 350.0041198730 2.6336188316   39.145  6.081  4.9055  4.524    0  0.000  1.408     0.00     0.00 -1 -7.22e-06      0.00 4.614e-02 9.388e-01 2.216e-04 9.300e-03 3.791e-04 -1.000 1.501e-02 -10.431 -3.965 -3.857 -3.848 -3.955 -4.141 -4.189 -4.469 -6.064 -7.117 -8.161 -3.969 -4.138 -4.764 -5.793
0.0152 0.01508 6.00000 350.0041503906 2.6336188316   38.512  6.100  5.0472  5.064    0  0.000  1.407     0.00     0.00 -1 -7.55e-06      0.00 4.257e-02 9.424e-01 2.220e-04 9.302e-03 3.798e-04 -1.000 1.501e-02 -10.480 -3.271 -3.203 -3.235 -3.436 -3.628 -3.769 -4.081 -5.778 -6.937 -8.040 -3.425 -3.638 -4.426 -5.502
0.0152 0.01508 6.00000 350.0042114258 2.6336188316   36.158  6.060  5.0705  5.170    0  0.000  1.766     0.00     0.00 -1  -6.6e-06      0.00 3.097e-02 9.540e-01 2.480e-04 9.265e-03 3.791e-04 -1.000 1.501e-02 -10.379 -3.061 -2.997 -3.036 -3.252 -3.450 -3.599 -3.921 -5.650 -6.828 -7.934 -3.237 -3.461 -4.283 -5.375
0.0152 0.01508 6.00000 350.0042724609 2.6336188316   33.779  6.025  5.0718  5.181    0  0.000 53.809     0.00     0.00 -1 -5.54e-06      0.00 3.027e-02 9.253e-01 2.704e-02 5.078e-03 7.820e-04 10.862 4.446e-02 -10.293 -2.961 -2.896 -2.933 -3.146 -3.342 -3.491 -3.812 -5.540 -6.717 -7.822 -3.131 -3.353 -4.174 -5.265
0.0152 0.01508 6.00000 350.0043640137 2.6336188316   31.097  5.987  5.0682  5.168    0  0.000 35.506     0.00     0.00 -1 -3.46e-06      0.00 3.098e-02 7.843e-01 1.581e-01 3.237e-05 6.958e-03 11.614 1.848e-01 -10.199 -2.811 -2.728 -2.734 -2.912 -3.075 -3.211 -3.501 -5.113 -6.196 -7.270 -2.898 -3.084 -3.823 -4.838
0.0152 0.01508 6.00000 350.0045166016 2.6336188316   28.509  5.955  5.0664  5.155    0  0.000 16.831     0.00     0.00 -1 -2.15e-06      0.00 3.202e-02 6.582e-01 2.675e-01 3.345e-05 2.262e-02 11.814 3.097e-01 -10.118 -2.664 -2.569 -2.552 -2.679 -2.808 -2.926 -3.172 -4.730 -5.746 -6.790 -2.667 -2.817 -3.468 -4.456
0.0152 0.01508 6.00000 350.0046386719 2.6336188316   26.787  5.937  5.0698  5.160    0  0.000 10.127     0.00     0.00 -1 -1.41e-06      0.00 3.297e-02 5.542e-01 3.474e-01 3.444e-05 4.571e-02 11.898 4.129e-01 -10.073 -2.563 -2.464 -2.439 -2.543 -2.654 -2.760 -2.972 -4.481 -5.457 -6.447 -2.532 -2.662 -3.236 -4.207
0.0152 0.01508 6.00000 350.0047607422 2.6336188316   25.705  5.931  5.0814  5.195    0  0.000  6.212     0.00     0.00 -1 -8.36e-07      0.00 3.382e-02 4.297e-01 4.258e-01 3.533e-05 9.075e-02 11.945 5.365e-01 -10.057 -2.493 -2.399 -2.380 -2.498 -2.616 -2.730 -2.938 -4.426 -5.439 -6.441 -2.484 -2.624 -3.183 -4.151
0.0152 0.01508 6.00000 350.0048217773 2.6336188316   25.285  5.936  5.1031  5.270    0  0.000  5.506     0.00     0.00 -1 -8.22e-07      0.00 3.427e-02 4.025e-01 4.395e-01 3.580e-05 1.038e-01 11.944 5.632e-01 -10.069 -2.454 -2.372 -2.370 -2.530 -2.679 -2.821 -3.100 -4.769 -5.868 -6.910 -2.512 -2.690 -3.437 -4.493
0.0152 0.01508 6.00000 350.0048522949 2.6336188316   25.089  6.037  5.2515  5.759    3  0.000  5.268     0.00     0.00 -1 -1.93e-06      0.00 3.444e-02 3.928e-01 4.434e-01 3.597e-05 1.095e-01 11.942 5.728e-01 -10.322 -4.326 -4.372 -4.641 -5.170 -5.553 -5.714 -6.160 -7.994 -9.273 -10.417 -5.166 -5.560 -6.549 -7.718
#isochrone terminated
