# File generated by CMD 3.3 (http://stev.oapd.inaf.it/cmd) on Tue Apr 21 14:58:07 CEST 2020
# isochrones based on PARSEC release v1.2S +  COLIBRI S_35
# Basic references: Bressan et al. (2012), MNRAS, 427, 127 + Chen et al. (2014, 2015), MNRAS, 444, 2525 + MNRAS, 452, 1068 + Tang et al. (2014), MNRAS, 445, 4287 + Marigo et al. (2017), ApJ, 835, 77 + Pastorelli al. (2019), MNRAS in press
# Thermal pulse cycles included 
# On RGB, assumed Reimers mass loss with efficiency eta=0.2
# Photometric system:  2MASS + Spitzer (IRAC+MIPS) + WISE
# Using YBC version of bolometric corrections as in Chen et al. (2019)
# O-rich circumstellar dpmod60alox40 dust from Groenewegen (2006)
# C-rich circumstellar AMCSIC15 dust from Groenewegen (2006)
# IMF: Kroupa (2001, 2002) + Kroupa et al. (2013) canonical two-part-power law IMF corrected for unresolved binaries 
# Kind of output: isochrone tables
# Zini     MH   logAge Mini        int_IMF         Mass   logL    logTe  logg  label   McoreTP C_O  period0 period1 pmode  Mloss  tau1m   X   Y   Xc  Xn  Xo  Cexcess  Z 	 mbolmag  Jmag    Hmag    Ksmag   IRAC_3.6mag  IRAC_4.5mag  IRAC_5.8mag  IRAC_8.0mag  MIPS_24mag  MIPS_70mag  MIPS_160mag  W1mag   W2mag   W3mag   W4mag
0.009 -0.22295 10.00000 0.0900000036 1.0816895962    0.090 -3.378  3.3826  5.253    1  0.000  0.545     0.00     0.00 -1 -4.15e-17      0.00 7.245e-01 2.664e-01 1.628e-03 4.393e-04 3.984e-03 -1.000 9.056e-03 13.216 11.061 10.516 10.283 9.790 9.730 9.679 9.576 8.941 8.917 8.858 9.962 9.745 9.499 9.131
0.009 -0.22295 10.00000 0.1000000015 1.1711064577    0.100 -3.181  3.4113  5.216    1  0.000  0.545     0.00     0.00 -1 -6.47e-17      0.00 7.240e-01 2.670e-01 1.628e-03 4.393e-04 3.984e-03 -1.000 9.056e-03 12.722 10.569 10.025 9.787 9.296 9.234 9.183 9.080 8.445 8.422 8.364 9.468 9.248 9.004 8.635
0.009 -0.22295 10.00000 0.1200000048 1.3193155527    0.120 -2.915  3.4446  5.163    1  0.000  0.545     0.00     0.00 -1 -1.16e-16      0.00 7.230e-01 2.680e-01 1.628e-03 4.393e-04 3.984e-03 -1.000 9.056e-03 12.058 9.979 9.420 9.169 8.744 8.662 8.617 8.538 7.935 7.913 7.893 8.892 8.673 8.484 8.124
0.009 -0.22295 10.00000 0.1400000006 1.4384527206    0.140 -2.733  3.4638  5.124    1  0.000  0.545     0.00     0.00 -1 -1.71e-16      0.00 7.221e-01 2.688e-01 1.628e-03 4.393e-04 3.984e-03 -1.000 9.056e-03 11.602 9.574 9.008 8.755 8.369 8.277 8.234 8.169 7.583 7.566 7.581 8.502 8.286 8.130 7.773
0.009 -0.22295 10.00000 0.1460597366 1.4702475071    0.146 -2.687  3.4682  5.114    1  0.000  0.545     0.00     0.00 -1 -1.87e-16      0.00 7.219e-01 2.691e-01 1.628e-03 4.393e-04 3.984e-03 -1.000 9.056e-03 11.488 9.472 8.904 8.652 8.275 8.181 8.138 8.076 7.495 7.478 7.501 8.404 8.189 8.041 7.684
0.009 -0.22295 10.00000 0.1599999964 1.5372931957    0.160 -2.590  3.4775  5.093    1  0.000  0.545     0.00     0.00 -1  -2.3e-16      0.00 7.213e-01 2.696e-01 1.628e-03 4.393e-04 3.984e-03 -1.000 9.056e-03 11.244 9.252 8.682 8.432 8.072 7.975 7.934 7.877 7.304 7.291 7.330 8.194 7.983 7.849 7.493
0.009 -0.22295 10.00000 0.1768723577 1.6089427471    0.177 -2.490  3.4857  5.071    1  0.000  0.545     0.00     0.00 -1 -2.82e-16      0.00 7.207e-01 2.702e-01 1.628e-03 4.393e-04 3.984e-03 -1.000 9.056e-03 10.996 9.028 8.456 8.207 7.863 7.762 7.720 7.666 7.099 7.093 7.150 7.977 7.769 7.646 7.289
0.009 -0.22295 10.00000 0.2000000030 1.6938791275    0.200 -2.369  3.4959  5.043    1  0.000  0.545     0.00     0.00 -1 -3.62e-16      0.00 7.200e-01 2.709e-01 1.628e-03 4.393e-04 3.984e-03 -1.000 9.056e-03 10.691 8.751 8.177 7.932 7.606 7.504 7.462 7.412 6.852 6.854 6.928 7.713 7.509 7.398 7.042
0.009 -0.22295 10.00000 0.2212826461 1.7614612579    0.221 -2.274  3.5025  5.018    1  0.000  0.545     0.00     0.00 -1  -4.4e-16      0.00 7.197e-01 2.713e-01 1.628e-03 4.393e-04 3.984e-03 -1.000 9.056e-03 10.454 8.530 7.955 7.713 7.399 7.297 7.255 7.208 6.654 6.661 6.743 7.501 7.302 7.199 6.843
0.009 -0.22295 10.00000 0.2500000000 1.8403258324    0.250 -2.159  3.5105  4.989    1  0.000  0.545     0.00     0.00 -1 -5.58e-16      0.00 7.192e-01 2.717e-01 1.628e-03 4.393e-04 3.984e-03 -1.000 9.056e-03 10.167 8.264 7.686 7.449 7.148 7.048 7.006 6.962 6.413 6.427 6.520 7.246 7.052 6.958 6.603
0.009 -0.22295 10.00000 0.3000000119 1.9529139996    0.300 -1.992  3.5209  4.943    1  0.000  0.545     0.00     0.00 -1 -7.87e-16      0.00 7.189e-01 2.720e-01 1.628e-03 4.393e-04 3.984e-03 -1.000 9.056e-03 9.751 7.875 7.293 7.061 6.779 6.682 6.640 6.597 6.056 6.082 6.187 6.869 6.686 6.600 6.246
0.009 -0.22295 10.00000 0.3500000238 2.0434176922    0.350 -1.847  3.5296  4.899    1  0.000  0.545     0.00     0.00 -1 -1.05e-15      0.00 7.256e-01 2.654e-01 1.628e-03 4.393e-04 3.984e-03 -1.000 9.056e-03 9.387 7.533 6.945 6.718 6.453 6.362 6.319 6.279 5.746 5.781 5.892 6.538 6.365 6.287 5.936
0.009 -0.22295 10.00000 0.4000000358 2.1185026169    0.400 -1.697  3.5407  4.852    1  0.000  0.545     0.00     0.00 -1 -1.49e-15      0.00 7.257e-01 2.652e-01 1.628e-03 4.393e-04 3.984e-03 -1.000 9.056e-03 9.013 7.189 6.594 6.372 6.128 6.047 6.005 5.967 5.446 5.493 5.609 6.206 6.050 5.982 5.636
0.009 -0.22295 10.00000 0.4500000179 2.1822810173    0.450 -1.538  3.5544  4.798    1  0.000  0.545     0.00     0.00 -1 -2.17e-15      0.00 7.257e-01 2.652e-01 1.628e-03 4.393e-04 3.984e-03 -1.000 9.056e-03 8.614 6.827 6.222 6.005 5.784 5.720 5.676 5.639 5.135 5.196 5.318 5.853 5.723 5.662 5.324
0.009 -0.22295 10.00000 0.4969203770 2.2342667580    0.497 -1.376  3.5712  4.748    1  0.000  0.545     0.00     0.00 -1 -3.17e-15      0.00 7.258e-01 2.652e-01 1.628e-03 4.393e-04 3.984e-03 -1.000 9.056e-03 8.211 6.473 5.855 5.646 5.451 5.410 5.362 5.322 4.838 4.921 5.045 5.506 5.412 5.354 5.027
0.009 -0.22295 10.00000 0.5000000000 2.2374541759    0.500 -1.366  3.5723  4.744    1  0.000  0.545     0.00     0.00 -1 -3.25e-15      0.00 7.258e-01 2.652e-01 1.628e-03 4.393e-04 3.984e-03 -1.000 9.056e-03 8.186 6.450 5.832 5.624 5.430 5.391 5.343 5.302 4.820 4.904 5.028 5.484 5.393 5.335 5.009
0.009 -0.22295 10.00000 0.5071583986 2.2447140217    0.507 -1.338  3.5758  4.736    1  0.000  0.545     0.00     0.00 -1 -3.48e-15      0.00 7.295e-01 2.616e-01 1.608e-03 4.338e-04 3.935e-03 -1.000 8.943e-03 8.114 6.389 5.768 5.563 5.374 5.340 5.292 5.249 4.772 4.860 4.984 5.425 5.342 5.284 4.961
0.009 -0.22295 10.00000 0.5500000119 2.2836582661    0.550 -1.176  3.5956  4.688    1  0.000  0.544     0.00     0.00 -1 -5.12e-15      0.00 7.502e-01 2.415e-01 1.494e-03 4.032e-04 3.658e-03 -1.000 8.305e-03 7.709 6.037 5.397 5.215 5.062 5.055 5.006 4.957 4.504 4.612 4.735 5.097 5.057 5.002 4.693
0.009 -0.22295 10.00000 0.5616773367 2.2930958271    0.561 -1.131  3.6025  4.680    1  0.000  0.544     0.00     0.00 -1 -5.67e-15      0.00 7.510e-01 2.407e-01 1.489e-03 4.020e-04 3.648e-03 -1.000 8.282e-03 7.598 5.943 5.296 5.124 4.986 4.987 4.939 4.889 4.443 4.556 4.680 5.016 4.989 4.937 4.632
0.009 -0.22295 10.00000 0.6000000238 2.3211214542    0.600 -0.990  3.6242  4.655    1  0.000  0.544     0.00     0.00 -1 -7.79e-15      0.00 7.538e-01 2.380e-01 1.475e-03 3.982e-04 3.614e-03 -1.000 8.212e-03 7.246 5.641 4.986 4.848 4.755 4.780 4.740 4.689 4.264 4.389 4.514 4.773 4.784 4.745 4.453
0.009 -0.22295 10.00000 0.6237944365 2.3365437984    0.624 -0.900  3.6403  4.646    1  0.000  0.544     0.00     0.00 -1 -9.53e-15      0.00 7.554e-01 2.364e-01 1.467e-03 3.961e-04 3.595e-03 -1.000 8.173e-03 7.019 5.454 4.810 4.695 4.632 4.671 4.638 4.590 4.175 4.307 4.434 4.643 4.676 4.651 4.364
0.009 -0.22295 10.00000 0.6499999762 2.3520355225    0.650 -0.803  3.6574  4.636    1  0.000  0.544     0.00     0.00 -1 -1.18e-14      0.00 7.571e-01 2.348e-01 1.458e-03 3.937e-04 3.574e-03 -1.000 8.128e-03 6.778 5.261 4.654 4.556 4.512 4.556 4.530 4.487 4.075 4.211 4.340 4.517 4.560 4.548 4.264
0.009 -0.22295 10.00000 0.6640273929 2.3597524166    0.664 -0.752  3.6662  4.629    1  0.000  0.544     0.00     0.00 -1 -1.32e-14      0.00 7.581e-01 2.338e-01 1.453e-03 3.924e-04 3.561e-03 -1.000 8.113e-03 6.649 5.159 4.577 4.485 4.446 4.490 4.466 4.425 4.014 4.151 4.281 4.450 4.494 4.487 4.203
0.009 -0.22295 10.00000 0.7000000477 2.3779268265    0.700 -0.623  3.6879  4.610    1  0.000  0.544     0.00     0.00 -1 -1.77e-14      0.00 7.608e-01 2.312e-01 1.439e-03 3.887e-04 3.529e-03 -1.000 7.998e-03 6.328 4.906 4.393 4.313 4.278 4.316 4.298 4.263 3.853 3.994 4.125 4.281 4.320 4.325 4.042
0.009 -0.22295 10.00000 0.7042211890 2.3799200058    0.704 -0.608  3.6903  4.607    1  0.000  0.543     0.00     0.00 -1 -1.83e-14      0.00 7.612e-01 2.309e-01 1.436e-03 3.881e-04 3.524e-03 -1.000 7.966e-03 6.290 4.877 4.371 4.292 4.258 4.295 4.277 4.243 3.833 3.975 4.106 4.261 4.299 4.305 4.022
0.009 -0.22295 10.00000 0.7203035355 2.3872680664    0.720 -0.551  3.6993  4.596    1  0.000  0.541     0.00     0.00 -1 -2.09e-14      0.00 7.626e-01 2.294e-01 1.422e-03 3.861e-04 3.507e-03 -1.000 7.985e-03 6.147 4.765 4.287 4.213 4.180 4.215 4.199 4.167 3.757 3.899 4.031 4.183 4.218 4.229 3.946
0.009 -0.22295 10.00000 0.7345257998 2.3934590816    0.734 -0.501  3.7072  4.585    1  0.000  0.538     0.00     0.00 -1 -2.36e-14      0.00 7.638e-01 2.282e-01 1.410e-03 3.842e-04 3.492e-03 -1.000 7.958e-03 6.021 4.667 4.212 4.141 4.111 4.143 4.129 4.099 3.690 3.832 3.964 4.113 4.146 4.161 3.879
0.009 -0.22295 10.00000 0.7481382489 2.3991315365    0.748 -0.452  3.7146  4.574    1  0.000  0.536     0.00     0.00 -1 -2.64e-14      0.00 7.650e-01 2.271e-01 1.399e-03 3.824e-04 3.477e-03 -1.000 7.898e-03 5.901 4.574 4.140 4.072 4.043 4.074 4.061 4.033 3.624 3.766 3.899 4.045 4.077 4.095 3.813
0.009 -0.22295 10.00000 0.7500000000 2.3998889923    0.750 -0.446  3.7156  4.573    1  0.000  0.536     0.00     0.00 -1 -2.68e-14      0.00 7.652e-01 2.269e-01 1.398e-03 3.822e-04 3.475e-03 -1.000 7.891e-03 5.884 4.561 4.130 4.063 4.034 4.065 4.051 4.024 3.615 3.757 3.890 4.036 4.067 4.086 3.804
0.009 -0.22295 10.00000 0.7637863755 2.4053661823    0.764 -0.397  3.7222  4.559    1  0.000  0.536     0.00     0.00 -1 -3.02e-14      0.00 7.667e-01 2.254e-01 1.390e-03 3.801e-04 3.456e-03 -1.000 7.843e-03 5.762 4.465 4.052 3.988 3.960 3.989 3.976 3.951 3.542 3.684 3.817 3.962 3.991 4.013 3.730
0.009 -0.22295 10.00000 0.7788087726 2.4110810757    0.778 -0.344  3.7292  4.542    1  0.000  0.536     0.00     0.00 -1 -3.45e-14      0.00 7.685e-01 2.237e-01 1.381e-03 3.777e-04 3.436e-03 -1.000 7.807e-03 5.629 4.359 3.965 3.903 3.876 3.903 3.892 3.868 3.459 3.602 3.735 3.878 3.906 3.930 3.648
0.009 -0.22295 10.00000 0.7928021550 2.4161810875    0.792 -0.294  3.7355  4.525    1  0.000  0.536     0.00     0.00 -1 -3.91e-14      0.00 7.701e-01 2.222e-01 1.373e-03 3.755e-04 3.416e-03 -1.000 7.776e-03 5.505 4.260 3.883 3.824 3.799 3.824 3.813 3.791 3.382 3.525 3.659 3.800 3.826 3.853 3.571
0.009 -0.22295 10.00000 0.7989268899 2.4183487892    0.798 -0.272  3.7382  4.517    1  0.000  0.536     0.00     0.00 -1 -4.13e-14      0.00 7.708e-01 2.215e-01 1.369e-03 3.746e-04 3.407e-03 -1.000 7.754e-03 5.450 4.217 3.846 3.788 3.764 3.789 3.779 3.757 3.348 3.492 3.625 3.766 3.791 3.819 3.537
0.009 -0.22295 10.00000 0.8075897098 2.4213502407    0.807 -0.241  3.7418  4.505    1  0.000  0.536     0.00     0.00 -1 -4.48e-14      0.00 7.720e-01 2.203e-01 1.363e-03 3.729e-04 3.393e-03 -1.000 7.719e-03 5.372 4.154 3.792 3.736 3.713 3.737 3.727 3.706 3.296 3.442 3.575 3.714 3.739 3.759 3.485
0.009 -0.22295 10.00000 0.8194106817 2.4253284931    0.819 -0.198  3.7465  4.487    1  0.000  0.536     0.00     0.00 -1 -5.01e-14      0.00 7.736e-01 2.187e-01 1.355e-03 3.706e-04 3.372e-03 -1.000 7.669e-03 5.264 4.067 3.716 3.663 3.641 3.663 3.654 3.634 3.218 3.376 3.503 3.643 3.665 3.657 3.406
0.009 -0.22295 10.00000 0.8306812048 2.4290003777    0.830 -0.156  3.7508  4.468    1  0.000  0.536     0.00     0.00 -1 -5.59e-14      0.00 7.752e-01 2.171e-01 1.347e-03 3.685e-04 3.353e-03 -1.000 7.642e-03 5.160 3.983 3.642 3.591 3.570 3.591 3.581 3.563 3.141 3.310 3.432 3.571 3.592 3.557 3.329
0.009 -0.22295 10.00000 0.8415558934 2.4324364662    0.841 -0.115  3.7548  4.449    1  0.000  0.535     0.00     0.00 -1 -6.24e-14      0.00 7.768e-01 2.156e-01 1.339e-03 3.663e-04 3.334e-03 -1.000 7.584e-03 5.058 3.899 3.567 3.518 3.498 3.517 3.508 3.491 3.064 3.242 3.361 3.499 3.518 3.459 3.251
0.009 -0.22295 10.00000 0.8478538394 2.4343800545    0.847 -0.091  3.7570  4.438    1  0.000  0.535     0.00     0.00 -1 -6.65e-14      0.00 7.777e-01 2.147e-01 1.334e-03 3.651e-04 3.323e-03 -1.000 7.543e-03 4.999 3.849 3.523 3.475 3.455 3.473 3.464 3.448 3.018 3.202 3.318 3.456 3.475 3.402 3.205
0.009 -0.22295 10.00000 0.8499526978 2.4350204468    0.849 -0.083  3.7577  4.433    1  0.000  0.535     0.00     0.00 -1  -6.8e-14      0.00 7.781e-01 2.144e-01 1.332e-03 3.646e-04 3.318e-03 -1.000 7.528e-03 4.979 3.832 3.508 3.460 3.440 3.458 3.449 3.433 3.002 3.188 3.303 3.441 3.459 3.382 3.190
0.009 -0.22295 10.00000 0.8620532751 2.4386425018    0.861 -0.036  3.7616  4.407    1  0.000  0.535     0.00     0.00 -1 -7.76e-14      0.00 7.803e-01 2.122e-01 1.321e-03 3.616e-04 3.291e-03 -1.000 7.456e-03 4.860 3.731 3.415 3.369 3.351 3.367 3.359 3.344 2.908 3.104 3.215 3.352 3.368 3.268 3.095
0.009 -0.22295 10.00000 0.8729995489 2.4418199062    0.872  0.008  3.7649  4.382    1  0.000  0.535     0.00     0.00 -1 -8.79e-14      0.00 7.823e-01 2.103e-01 1.311e-03 3.588e-04 3.266e-03 -1.000 7.437e-03 4.749 3.636 3.327 3.283 3.266 3.280 3.273 3.259 2.819 3.023 3.130 3.267 3.282 3.162 3.006
0.009 -0.22295 10.00000 0.8833953142 2.4447538853    0.882  0.051  3.7677  4.355    1  0.000  0.535     0.00     0.00 -1 -9.95e-14      0.00 7.842e-01 2.084e-01 1.301e-03 3.562e-04 3.242e-03 -1.000 7.394e-03 4.642 3.543 3.240 3.197 3.180 3.194 3.186 3.173 2.730 2.941 3.045 3.181 3.195 3.058 2.917
0.009 -0.22295 10.00000 0.8930322528 2.4474034309    0.892  0.091  3.7700  4.329    1  0.000  0.535     0.00     0.00 -1 -1.12e-13      0.00 7.860e-01 2.066e-01 1.291e-03 3.537e-04 3.220e-03 -1.000 7.339e-03 4.542 3.454 3.156 3.114 3.098 3.111 3.104 3.092 2.646 2.862 2.963 3.099 3.112 2.961 2.832
0.009 -0.22295 10.00000 0.8967806697 2.4484164715    0.896  0.107  3.7707  4.318    1  0.000  0.535     0.00     0.00 -1 -1.17e-13      0.00 7.867e-01 2.060e-01 1.288e-03 3.528e-04 3.212e-03 -1.000 7.316e-03 4.503 3.419 3.122 3.081 3.065 3.077 3.071 3.059 2.612 2.829 2.930 3.066 3.079 2.924 2.798
0.009 -0.22295 10.00000 0.9049245119 2.4505839348    0.904  0.141  3.7720  4.293    1  0.000  0.535     0.00     0.00 -1  -1.3e-13      0.00 7.886e-01 2.041e-01 1.279e-03 3.502e-04 3.189e-03 -1.000 7.251e-03 4.418 3.341 3.048 3.007 2.992 3.003 2.997 2.985 2.536 2.758 2.857 2.993 3.005 2.841 2.722
0.009 -0.22295 10.00000 0.9152316451 2.4532637596    0.914  0.187  3.7735  4.258    1  0.000  0.534     0.00     0.00 -1  -1.5e-13      0.00 7.894e-01 2.034e-01 1.275e-03 3.492e-04 3.180e-03 -1.000 7.218e-03 4.302 3.232 2.943 2.902 2.887 2.899 2.892 2.881 2.430 2.655 2.753 2.888 2.900 2.727 2.616
0.009 -0.22295 10.00000 0.9185329080 2.4541075230    0.917  0.203  3.7739  4.245    1  0.000  0.534     0.00     0.00 -1 -1.57e-13      0.00 7.894e-01 2.034e-01 1.275e-03 3.493e-04 3.181e-03 -1.000 7.197e-03 4.263 3.196 2.907 2.867 2.852 2.863 2.856 2.845 2.394 2.620 2.718 2.853 2.864 2.689 2.580
0.009 -0.22295 10.00000 0.9236735106 2.4554076195    0.922  0.227  3.7742  4.224    1  0.000  0.534     0.00     0.00 -1  -1.7e-13      0.00 7.893e-01 2.034e-01 1.276e-03 3.495e-04 3.183e-03 -1.000 7.230e-03 4.201 3.136 2.848 2.808 2.793 2.804 2.797 2.786 2.335 2.561 2.659 2.794 2.805 2.628 2.520
0.009 -0.22295 10.00000 0.9339805841 2.4579644203    0.932  0.279  3.7740  4.176    1  0.000  0.534     0.00     0.00 -1 -2.01e-13      0.00 7.886e-01 2.042e-01 1.282e-03 3.511e-04 3.197e-03 -1.000 7.268e-03 4.072 3.005 2.717 2.676 2.662 2.673 2.666 2.655 2.204 2.430 2.528 2.663 2.674 2.499 2.390
0.009 -0.22295 10.00000 0.9421725273 2.4599509239    0.941  0.323  3.7725  4.131    1  0.000  0.534     0.00     0.00 -1 -2.33e-13      0.00 7.867e-01 2.060e-01 1.294e-03 3.547e-04 3.230e-03 -1.000 7.364e-03 3.963 2.890 2.598 2.557 2.542 2.554 2.547 2.536 2.086 2.308 2.408 2.543 2.555 2.388 2.272
0.009 -0.22295 10.00000 0.9455729723 2.4607639313    0.944  0.341  3.7717  4.110    1  0.000  0.534     0.00     0.00 -1 -2.49e-13      0.00 7.854e-01 2.072e-01 1.303e-03 3.570e-04 3.252e-03 -1.000 7.412e-03 3.917 2.839 2.545 2.504 2.489 2.501 2.494 2.483 2.034 2.254 2.354 2.490 2.502 2.341 2.220
0.009 -0.22295 10.00000 0.9457075596 2.4607958794    0.944  0.342  3.7716  4.109    1  0.000  0.534     0.00     0.00 -1  -2.5e-13      0.00 7.853e-01 2.073e-01 1.303e-03 3.572e-04 3.254e-03 -1.000 7.415e-03 3.915 2.837 2.543 2.502 2.487 2.499 2.492 2.480 2.032 2.252 2.352 2.488 2.500 2.339 2.218
0.009 -0.22295 10.00000 0.9471463561 2.4611377716    0.946  0.350  3.7709  4.099    1  0.000  0.534     0.00     0.00 -1 -2.57e-13      0.00 7.841e-01 2.084e-01 1.311e-03 3.592e-04 3.272e-03 -1.000 7.451e-03 3.894 2.813 2.517 2.476 2.461 2.473 2.466 2.454 2.007 2.225 2.326 2.462 2.475 2.318 2.193
0.009 -0.22295 10.00000 0.9545202851 2.4628713131    0.953  0.392  3.7653  4.038    2  0.000  0.534     0.00     0.00 -1 -3.02e-13      0.00 7.748e-01 2.174e-01 1.364e-03 3.738e-04 3.404e-03 -1.000 7.745e-03 3.789 2.682 2.374 2.330 2.314 2.328 2.321 2.307 1.867 2.071 2.177 2.315 2.330 2.207 2.053
0.009 -0.22295 10.00000 0.9599550366 2.4641292095    0.958  0.420  3.7572  3.981    2  0.000  0.535     0.00     0.00 -1 -3.43e-13      0.00 7.642e-01 2.277e-01 1.421e-03 3.890e-04 3.541e-03 -1.000 8.078e-03 3.720 2.576 2.250 2.202 2.184 2.202 2.194 2.177 1.747 1.931 2.046 2.185 2.204 2.129 1.934
0.009 -0.22295 10.00000 0.9634386897 2.4649269581    0.962  0.431  3.7473  3.931    2  0.000  0.536     0.00     0.00 -1 -3.73e-13      0.00 7.554e-01 2.362e-01 1.464e-03 4.007e-04 3.645e-03 -1.000 8.317e-03 3.692 2.504 2.154 2.102 2.081 2.103 2.094 2.074 1.656 1.815 1.941 2.082 2.106 2.090 1.844
0.009 -0.22295 10.00000 0.9656309485 2.4654254913    0.964  0.434  3.7377  3.891    2  0.000  0.536     0.00     0.00 -1 -3.93e-13      0.00 7.495e-01 2.420e-01 1.492e-03 4.082e-04 3.712e-03 -1.000 8.459e-03 3.686 2.458 2.083 2.026 2.003 2.029 2.019 1.996 1.587 1.729 1.862 2.005 2.032 2.058 1.775
0.009 -0.22295 10.00000 0.9675126076 2.4658515453    0.966  0.438  3.7272  3.845    2  0.000  0.536     0.00     0.00 -1 -4.18e-13      0.00 7.447e-01 2.467e-01 1.515e-03 4.142e-04 3.765e-03 -1.000 8.572e-03 3.674 2.404 2.002 1.941 1.915 1.945 1.933 1.906 1.497 1.639 1.771 1.917 1.947 1.968 1.685
0.009 -0.22295 10.00000 0.9693433046 2.4662640095    0.968  0.456  3.7170  3.787    2  0.000  0.537     0.00     0.00 -1 -4.64e-13      0.00 7.405e-01 2.508e-01 1.533e-03 4.191e-04 3.809e-03 -1.000 8.648e-03 3.629 2.320 1.889 1.823 1.795 1.828 1.815 1.784 1.375 1.516 1.648 1.797 1.831 1.846 1.563
0.009 -0.22295 10.00000 0.9709436893 2.4666233063    0.969  0.491  3.7098  3.724    2  0.000  0.537     0.00     0.00 -1  -5.4e-13      0.00 7.369e-01 2.543e-01 1.547e-03 4.227e-04 3.841e-03 -1.000 8.728e-03 3.541 2.206 1.754 1.685 1.655 1.690 1.676 1.643 1.233 1.374 1.505 1.657 1.693 1.704 1.422
0.009 -0.22295 10.00000 0.9715673327 2.4667627811    0.970  0.510  3.7074  3.697    2  0.000  0.537     0.00     0.00 -1 -5.81e-13      0.00 7.355e-01 2.557e-01 1.551e-03 4.239e-04 3.852e-03 -1.000 8.755e-03 3.496 2.153 1.693 1.624 1.593 1.628 1.615 1.581 1.170 1.311 1.442 1.596 1.632 1.642 1.359
0.009 -0.22295 10.00000 0.9723529220 2.4669384956    0.971  0.539  3.7053  3.659    3  0.000  0.537     0.00     0.00 -1 -6.49e-13      0.00 7.337e-01 2.575e-01 1.556e-03 4.252e-04 3.864e-03 -1.000 8.805e-03 3.423 2.072 1.607 1.536 1.504 1.540 1.526 1.491 1.080 1.221 1.352 1.507 1.544 1.552 1.269
0.009 -0.22295 10.00000 0.9734706283 2.4671876431    0.972  0.586  3.7027  3.603    3  0.000  0.537     0.00     0.00 -1 -7.68e-13      0.00 7.309e-01 2.602e-01 1.561e-03 4.272e-04 3.879e-03 -1.000 8.828e-03 3.305 1.946 1.473 1.401 1.368 1.405 1.390 1.354 0.943 1.084 1.215 1.371 1.409 1.415 1.132
0.009 -0.22295 10.00000 0.9744002223 2.4673943520    0.973  0.630  3.7010  3.552    3  0.000  0.535     0.00     0.00 -1    -9e-13      0.00 7.283e-01 2.628e-01 1.562e-03 4.293e-04 3.889e-03 -1.000 8.843e-03 3.196 1.830 1.352 1.279 1.246 1.283 1.268 1.231 0.820 0.960 1.091 1.249 1.287 1.292 1.009
0.009 -0.22295 10.00000 0.9754557014 2.4676287174    0.974  0.685  3.6992  3.490    3  0.000  0.529     0.00     0.00 -1  -1.1e-12      0.00 7.250e-01 2.662e-01 1.548e-03 4.392e-04 3.899e-03 -1.000 8.876e-03 3.057 1.686 1.203 1.129 1.095 1.133 1.118 1.080 0.668 0.808 0.939 1.098 1.137 1.140 0.857
0.009 -0.22295 10.00000 0.9761752486 2.4677879810    0.974  0.726  3.6981  3.445    3  0.000  0.521     0.00     0.00 -1 -1.27e-12      0.00 7.226e-01 2.685e-01 1.527e-03 4.601e-04 3.905e-03 -1.000 8.878e-03 2.954 1.579 1.092 1.018 0.983 1.022 1.006 0.968 0.556 0.697 0.827 0.986 1.026 1.028 0.744
0.009 -0.22295 10.00000 0.9768701792 2.4679417610    0.975  0.769  3.6969  3.397    3  0.000  0.511     0.00     0.00 -1 -1.48e-12      0.00 7.203e-01 2.708e-01 1.498e-03 4.925e-04 3.910e-03 -1.000 8.921e-03 2.847 1.467 0.977 0.902 0.867 0.907 0.891 0.851 0.439 0.580 0.711 0.870 0.911 0.912 0.628
0.009 -0.22295 10.00000 0.9775170088 2.4680843353    0.976  0.812  3.6958  3.350    3  0.000  0.499     0.00     0.00 -1 -1.73e-12      0.00 7.181e-01 2.730e-01 1.464e-03 5.329e-04 3.914e-03 -1.000 8.934e-03 2.739 1.356 0.861 0.786 0.751 0.791 0.775 0.735 0.323 0.464 0.595 0.754 0.796 0.795 0.511
0.009 -0.22295 10.00000 0.9780845046 2.4682095051    0.976  0.854  3.6947  3.305    3  0.000  0.490     0.00     0.00 -1    -2e-12      0.00 7.164e-01 2.747e-01 1.440e-03 5.639e-04 3.917e-03 -1.000 8.902e-03 2.636 1.249 0.751 0.675 0.640 0.681 0.665 0.623 0.211 0.353 0.484 0.643 0.685 0.683 0.400
0.009 -0.22295 10.00000 0.9786254764 2.4683287144    0.977  0.895  3.6935  3.258    3  0.000  0.482     0.00     0.00 -1 -2.32e-12      0.00 7.148e-01 2.763e-01 1.418e-03 5.928e-04 3.920e-03 -1.000 8.929e-03 2.532 1.140 0.639 0.563 0.526 0.569 0.552 0.509 0.097 0.240 0.371 0.530 0.573 0.570 0.286
0.009 -0.22295 10.00000 0.9791337252 2.4684402943    0.977  0.938  3.6922  3.211    3  0.000  0.476     0.00     0.00 -1  -2.7e-12      0.00 7.135e-01 2.776e-01 1.401e-03 6.138e-04 3.922e-03 -1.000 8.935e-03 2.426 1.029 0.524 0.447 0.410 0.454 0.437 0.393 -0.019 0.123 0.255 0.414 0.458 0.453 0.169
0.009 -0.22295 10.00000 0.9796125293 2.4685454369    0.978  0.981  3.6908  3.163    3  0.000  0.472     0.00     0.00 -1 -3.15e-12      0.00 7.124e-01 2.787e-01 1.388e-03 6.313e-04 3.924e-03 -1.000 8.937e-03 2.319 0.917 0.408 0.330 0.293 0.337 0.320 0.275 -0.138 0.006 0.137 0.296 0.342 0.335 0.051
0.009 -0.22295 10.00000 0.9800298810 2.4686369896    0.978  1.021  3.6895  3.117    3  0.000  0.468     0.00     0.00 -1 -3.65e-12      0.00 7.116e-01 2.794e-01 1.379e-03 6.426e-04 3.925e-03 -1.000 8.938e-03 2.217 0.811 0.297 0.219 0.181 0.226 0.209 0.163 -0.250 -0.106 0.025 0.185 0.231 0.222 -0.061
0.009 -0.22295 10.00000 0.9804226756 2.4687230587    0.978  1.063  3.6880  3.070    3  0.000  0.466     0.00     0.00 -1 -4.24e-12      0.00 7.110e-01 2.801e-01 1.372e-03 6.516e-04 3.926e-03 -1.000 8.948e-03 2.114 0.703 0.184 0.105 0.067 0.113 0.095 0.048 -0.365 -0.221 -0.089 0.070 0.118 0.107 -0.176
0.009 -0.22295 10.00000 0.9807717204 2.4687995911    0.979  1.102  3.6865  3.025    3  0.000  0.464     0.00     0.00 -1 -4.89e-12      0.00 7.105e-01 2.805e-01 1.367e-03 6.576e-04 3.926e-03 -1.000 8.980e-03 2.015 0.599 0.076 -0.003 -0.043 0.004 -0.013 -0.062 -0.475 -0.331 -0.199 -0.039 0.009 -0.003 -0.286
0.009 -0.22295 10.00000 0.9812006950 2.4688935280    0.979  1.155  3.6845  2.963    3  0.000  0.463     0.00     0.00 -1 -5.93e-12      0.00 7.101e-01 2.809e-01 1.363e-03 6.629e-04 3.927e-03 -1.000 8.977e-03 1.881 0.459 -0.070 -0.151 -0.192 -0.143 -0.162 -0.212 -0.625 -0.481 -0.349 -0.188 -0.138 -0.152 -0.436
0.009 -0.22295 10.00000 0.9815742373 2.4689750671    0.979  1.207  3.6823  2.903    3  0.000  0.462     0.00     0.00 -1 -7.14e-12      0.00 7.100e-01 2.811e-01 1.361e-03 6.659e-04 3.927e-03 -1.000 8.955e-03 1.753 0.323 -0.212 -0.294 -0.336 -0.286 -0.305 -0.356 -0.770 -0.626 -0.494 -0.332 -0.281 -0.297 -0.581
0.009 -0.22295 10.00000 0.9819079041 2.4690480232    0.979  1.257  3.6802  2.844    3  0.000  0.462     0.00     0.00 -1 -8.59e-12      0.00 7.099e-01 2.811e-01 1.361e-03 6.665e-04 3.927e-03 -1.000 8.954e-03 1.626 0.190 -0.352 -0.436 -0.478 -0.428 -0.447 -0.500 -0.914 -0.770 -0.639 -0.474 -0.423 -0.440 -0.725
0.009 -0.22295 10.00000 0.9822161198 2.4691152573    0.980  1.309  3.6778  2.783    3  0.000  0.462     0.00     0.00 -1 -1.04e-11      0.00 7.099e-01 2.811e-01 1.361e-03 6.669e-04 3.927e-03 -1.000 8.954e-03 1.498 0.054 -0.495 -0.580 -0.624 -0.573 -0.592 -0.646 -1.060 -0.917 -0.786 -0.619 -0.567 -0.587 -0.871
0.009 -0.22295 10.00000 0.9824865460 2.4691741467    0.980  1.358  3.6755  2.725    3  0.000  0.462     0.00     0.00 -1 -1.24e-11      0.00 7.099e-01 2.812e-01 1.360e-03 6.671e-04 3.928e-03 -1.000 8.954e-03 1.374 -0.076 -0.633 -0.720 -0.764 -0.712 -0.731 -0.787 -1.201 -1.059 -0.928 -0.759 -0.706 -0.728 -1.013
0.009 -0.22295 10.00000 0.9827367067 2.4692287445    0.980  1.408  3.6731  2.666    3  0.000  0.462     0.00     0.00 -1 -1.49e-11      0.00 7.099e-01 2.812e-01 1.360e-03 6.674e-04 3.928e-03 -1.000 8.954e-03 1.250 -0.208 -0.772 -0.860 -0.905 -0.853 -0.872 -0.929 -1.344 -1.202 -1.071 -0.901 -0.847 -0.870 -1.155
0.009 -0.22295 10.00000 0.9829648137 2.4692783356    0.980  1.457  3.6706  2.607    3  0.000  0.462     0.00     0.00 -1 -1.79e-11      0.00 7.099e-01 2.812e-01 1.360e-03 6.676e-04 3.928e-03 -1.000 8.954e-03 1.128 -0.338 -0.910 -1.000 -1.046 -0.992 -1.012 -1.070 -1.486 -1.344 -1.213 -1.041 -0.986 -1.012 -1.297
0.009 -0.22295 10.00000 0.9831718802 2.4693233967    0.980  1.504  3.6682  2.550    3  0.000  0.462     0.00     0.00 -1 -2.13e-11      0.00 7.099e-01 2.812e-01 1.360e-03 6.678e-04 3.928e-03 -1.000 8.954e-03 1.010 -0.463 -1.043 -1.134 -1.181 -1.127 -1.147 -1.206 -1.622 -1.481 -1.350 -1.176 -1.121 -1.148 -1.433
0.009 -0.22295 10.00000 0.9833753705 2.4693677425    0.980  1.551  3.6657  2.493    3  0.000  0.462     0.00     0.00 -1 -2.53e-11      0.00 7.099e-01 2.812e-01 1.360e-03 6.681e-04 3.928e-03 -1.000 8.954e-03 0.892 -0.587 -1.175 -1.268 -1.317 -1.261 -1.282 -1.343 -1.759 -1.618 -1.488 -1.311 -1.255 -1.284 -1.570
0.009 -0.22295 10.00000 0.9836443663 2.4694263935    0.980  1.599  3.6632  2.435    3  0.000  0.462     0.00     0.00 -1 -3.04e-11      0.00 7.098e-01 2.812e-01 1.360e-03 6.683e-04 3.928e-03 -1.000 8.954e-03 0.772 -0.715 -1.311 -1.406 -1.455 -1.397 -1.419 -1.482 -1.898 -1.757 -1.628 -1.450 -1.391 -1.424 -1.709
0.009 -0.22295 10.00000 0.9836869836 2.4694354534    0.980  1.602  3.6631  2.431    3  0.000  0.462     0.00     0.00 -1 -3.09e-11      0.00 7.098e-01 2.812e-01 1.360e-03 6.684e-04 3.928e-03 -1.000 8.954e-03 0.764 -0.724 -1.320 -1.415 -1.465 -1.406 -1.428 -1.491 -1.908 -1.767 -1.637 -1.459 -1.400 -1.433 -1.719
0.009 -0.22295 10.00000 0.9838768244 2.4694766998    0.980  1.564  3.6658  2.480    3  0.000  0.462     0.00     0.00 -1  -2.7e-11      0.00 7.098e-01 2.812e-01 1.359e-03 6.686e-04 3.928e-03 -1.000 8.954e-03 0.860 -0.619 -1.207 -1.300 -1.349 -1.293 -1.314 -1.375 -1.791 -1.650 -1.520 -1.343 -1.286 -1.316 -1.602
0.009 -0.22295 10.00000 0.9839600325 2.4694948196    0.980  1.538  3.6675  2.513    3  0.000  0.462     0.00     0.00 -1 -2.45e-11      0.00 7.098e-01 2.812e-01 1.359e-03 6.687e-04 3.928e-03 -1.000 8.954e-03 0.925 -0.550 -1.132 -1.224 -1.271 -1.216 -1.237 -1.297 -1.713 -1.572 -1.441 -1.266 -1.210 -1.239 -1.524
0.009 -0.22295 10.00000 0.9840434790 2.4695129395    0.980  1.564  3.6661  2.482    3  0.000  0.461     0.00     0.00 -1 -2.66e-11      0.00 7.098e-01 2.812e-01 1.359e-03 6.688e-04 3.928e-03 -1.000 8.954e-03 0.861 -0.618 -1.204 -1.297 -1.345 -1.289 -1.310 -1.371 -1.788 -1.646 -1.516 -1.340 -1.283 -1.313 -1.599
0.009 -0.22295 10.00000 0.9842004180 2.4695470333    0.980  1.611  3.6634  2.424    3  0.000  0.461     0.00     0.00 -1 -3.15e-11      0.00 7.098e-01 2.812e-01 1.359e-03 6.689e-04 3.928e-03 -1.000 8.954e-03 0.742 -0.745 -1.340 -1.434 -1.484 -1.425 -1.447 -1.510 -1.927 -1.786 -1.656 -1.478 -1.419 -1.452 -1.738
0.009 -0.22295 10.00000 0.9843512177 2.4695799351    0.980  1.659  3.6607  2.365    3  0.000  0.461     0.00     0.00 -1 -3.76e-11      0.00 7.098e-01 2.812e-01 1.359e-03 6.691e-04 3.928e-03 -1.000 8.954e-03 0.623 -0.873 -1.476 -1.573 -1.623 -1.562 -1.584 -1.650 -2.067 -1.927 -1.797 -1.617 -1.556 -1.593 -1.878
0.009 -0.22295 10.00000 0.9844883680 2.4696094990    0.980  1.705  3.6579  2.308    3  0.000  0.461     0.00     0.00 -1 -4.47e-11      0.00 7.098e-01 2.812e-01 1.359e-03 6.692e-04 3.928e-03 -1.000 8.954e-03 0.507 -0.997 -1.608 -1.707 -1.759 -1.696 -1.718 -1.787 -2.204 -2.063 -1.935 -1.753 -1.689 -1.729 -2.015
0.009 -0.22295 10.00000 0.9846148491 2.4696371555    0.980  1.751  3.6552  2.251    3  0.000  0.461     0.00     0.00 -1 -5.31e-11      0.00 7.098e-01 2.812e-01 1.359e-03 6.693e-04 3.928e-03 -1.000 8.954e-03 0.392 -1.120 -1.741 -1.842 -1.895 -1.829 -1.852 -1.923 -2.340 -2.200 -2.072 -1.888 -1.822 -1.865 -2.151
0.009 -0.22295 10.00000 0.9847313762 2.4696624279    0.980  1.797  3.6524  2.193    3  0.000  0.461     0.00     0.00 -1 -6.31e-11      0.00 7.098e-01 2.812e-01 1.359e-03 6.695e-04 3.928e-03 -1.000 8.954e-03 0.277 -1.244 -1.873 -1.976 -2.030 -1.962 -1.986 -2.060 -2.477 -2.337 -2.209 -2.024 -1.954 -2.002 -2.288
0.009 -0.22295 10.00000 0.9848368168 2.4696850777    0.980  1.843  3.6495  2.136    3  0.000  0.461     0.00     0.00 -1 -7.48e-11      0.00 7.098e-01 2.813e-01 1.359e-03 6.696e-04 3.928e-03 -1.000 8.954e-03 0.163 -1.365 -2.004 -2.109 -2.164 -2.093 -2.118 -2.194 -2.611 -2.472 -2.344 -2.158 -2.086 -2.137 -2.423
0.009 -0.22295 10.00000 0.9849338531 2.4697062969    0.979  1.888  3.6467  2.080    3  0.000  0.461     0.00     0.00 -1 -8.86e-11      0.00 7.098e-01 2.813e-01 1.359e-03 6.697e-04 3.928e-03 -1.000 8.954e-03 0.050 -1.486 -2.133 -2.242 -2.298 -2.224 -2.249 -2.328 -2.746 -2.606 -2.479 -2.291 -2.216 -2.271 -2.557
0.009 -0.22295 10.00000 0.9850232005 2.4697256088    0.979  1.933  3.6438  2.023    3  0.000  0.461     0.00     0.00 -1 -1.05e-10      0.00 7.098e-01 2.813e-01 1.359e-03 6.698e-04 3.928e-03 -1.000 8.954e-03 -0.062 -1.606 -2.263 -2.373 -2.431 -2.355 -2.380 -2.462 -2.880 -2.740 -2.613 -2.424 -2.346 -2.405 -2.691
0.009 -0.22295 10.00000 0.9851050377 2.4697432518    0.979  1.977  3.6409  1.967    3  0.000  0.461     0.00     0.00 -1 -1.24e-10      0.00 7.098e-01 2.813e-01 1.359e-03 6.699e-04 3.928e-03 -1.000 8.954e-03 -0.173 -1.724 -2.388 -2.502 -2.561 -2.481 -2.509 -2.594 -2.991 -3.156 -3.263 -2.554 -2.473 -2.541 -2.812
0.009 -0.22295 10.00000 0.9851806760 2.4697597027    0.979  2.022  3.6379  1.910    3  0.000  0.461     0.00     0.00 -1 -1.47e-10      0.00 7.098e-01 2.813e-01 1.358e-03 6.699e-04 3.928e-03 -1.000 8.954e-03 -0.285 -1.843 -2.511 -2.630 -2.691 -2.608 -2.638 -2.725 -3.089 -3.781 -4.291 -2.684 -2.599 -2.682 -2.925
0.009 -0.22295 10.00000 0.9852470756 2.4697740078    0.978  2.065  3.6351  1.856    3  0.000  0.461     0.00     0.00 -1 -1.72e-10      0.00 7.098e-01 2.813e-01 1.358e-03 6.700e-04 3.928e-03 -1.000 8.954e-03 -0.391 -1.956 -2.628 -2.753 -2.815 -2.728 -2.761 -2.850 -3.182 -4.378 -5.275 -2.808 -2.719 -2.815 -3.033
0.009 -0.22295 10.00000 0.9853098392 2.4697875977    0.978  2.108  3.6321  1.800    3  0.000  0.461     0.00     0.00 -1 -2.03e-10      0.00 7.098e-01 2.813e-01 1.358e-03 6.701e-04 3.928e-03 -1.000 8.954e-03 -0.500 -2.071 -2.748 -2.878 -2.943 -2.851 -2.887 -2.978 -3.277 -4.990 -6.283 -2.935 -2.842 -2.952 -3.144
0.009 -0.22295 10.00000 0.9853670001 2.4697999954    0.977  2.151  3.6291  1.745    3  0.000  0.461     0.00     0.00 -1 -2.39e-10      0.00 7.098e-01 2.813e-01 1.358e-03 6.701e-04 3.928e-03 -1.000 8.954e-03 -0.608 -2.185 -2.866 -3.002 -3.068 -2.974 -3.012 -3.103 -3.371 -5.597 -7.282 -3.060 -2.964 -3.087 -3.254
0.009 -0.22295 10.00000 0.9854190946 2.4698114395    0.977  2.194  3.6261  1.691    3  0.000  0.461     0.00     0.00 -1 -2.81e-10      0.00 7.098e-01 2.813e-01 1.358e-03 6.702e-04 3.928e-03 -1.000 8.954e-03 -0.714 -2.296 -2.982 -3.124 -3.192 -3.095 -3.135 -3.227 -3.464 -6.195 -8.267 -3.184 -3.085 -3.219 -3.362
0.009 -0.22295 10.00000 0.9854683280 2.4698219299    0.977  2.237  3.6230  1.635    3  0.000  0.461     0.00     0.00 -1 -3.31e-10      0.00 7.098e-01 2.813e-01 1.358e-03 6.702e-04 3.928e-03 -1.000 8.954e-03 -0.822 -2.410 -3.101 -3.249 -3.319 -3.218 -3.262 -3.353 -3.559 -6.807 -9.276 -3.310 -3.208 -3.354 -3.472
0.009 -0.22295 10.00000 0.9855118990 2.4698314667    0.976  2.278  3.6201  1.582    3  0.000  0.461     0.00     0.00 -1 -3.87e-10      0.00 7.098e-01 2.813e-01 1.358e-03 6.703e-04 3.928e-03 -1.000 8.954e-03 -0.925 -2.519 -3.214 -3.369 -3.440 -3.337 -3.383 -3.472 -3.649 -7.392 -10.240 -3.431 -3.327 -3.483 -3.577
0.009 -0.22295 10.00000 0.9855527878 2.4698402882    0.975  2.320  3.6171  1.528    3  0.000  0.461     0.00     0.00 -1 -4.53e-10      0.00 7.098e-01 2.813e-01 1.358e-03 6.703e-04 3.928e-03 -1.000 8.954e-03 -1.030 -2.628 -3.329 -3.489 -3.562 -3.457 -3.506 -3.592 -3.741 -7.984 -11.217 -3.553 -3.447 -3.612 -3.684
0.009 -0.22295 10.00000 0.9855905175 2.4698483944    0.975  2.361  3.6140  1.473    3  0.000  0.461     0.00     0.00 -1 -5.31e-10      0.00 7.098e-01 2.813e-01 1.358e-03 6.704e-04 3.928e-03 -1.000 8.954e-03 -1.134 -2.738 -3.446 -3.612 -3.686 -3.579 -3.631 -3.715 -3.850 -8.349 -11.778 -3.677 -3.569 -3.740 -3.801
0.009 -0.22295 10.00000 0.9856244922 2.4698557854    0.974  2.402  3.6110  1.421    3  0.000  0.461     0.00     0.00 -1  -6.2e-10      0.00 7.098e-01 2.813e-01 1.358e-03 6.704e-04 3.928e-03 -1.000 8.954e-03 -1.234 -2.845 -3.562 -3.733 -3.808 -3.699 -3.753 -3.837 -3.975 -8.474 -11.903 -3.799 -3.689 -3.862 -3.926
0.009 -0.22295 10.00000 0.9856572151 2.4698629379    0.973  2.443  3.6078  1.366    3  0.000  0.461     0.00     0.00 -1 -7.27e-10      0.00 7.098e-01 2.813e-01 1.358e-03 6.704e-04 3.928e-03 -1.000 8.954e-03 -1.339 -2.956 -3.683 -3.858 -3.936 -3.825 -3.880 -3.963 -4.105 -8.604 -12.032 -3.925 -3.815 -3.989 -4.056
0.009 -0.22295 10.00000 0.9856863022 2.4698691368    0.973  2.483  3.6048  1.314    3  0.000  0.461     0.00     0.00 -1 -8.47e-10      0.00 7.098e-01 2.813e-01 1.358e-03 6.705e-04 3.928e-03 -1.000 8.954e-03 -1.439 -3.063 -3.798 -3.979 -4.058 -3.945 -4.002 -4.085 -4.229 -8.728 -12.157 -4.047 -3.935 -4.112 -4.180
0.009 -0.22295 10.00000 0.9857131243 2.4698750973    0.972  2.523  3.6017  1.261    3  0.000  0.461     0.00     0.00 -1 -9.85e-10      0.00 7.098e-01 2.813e-01 1.358e-03 6.705e-04 3.928e-03 -1.000 8.954e-03 -1.537 -3.168 -3.913 -4.098 -4.179 -4.064 -4.123 -4.205 -4.353 -8.852 -12.280 -4.168 -4.054 -4.233 -4.304
0.009 -0.22295 10.00000 0.9857385159 2.4698805809    0.971  2.563  3.5985  1.208    3  0.000  0.461     0.00     0.00 -1 -1.15e-09      0.00 7.098e-01 2.813e-01 1.358e-03 6.705e-04 3.928e-03 -1.000 8.954e-03 -1.638 -3.275 -4.029 -4.220 -4.302 -4.185 -4.247 -4.328 -4.479 -8.978 -12.406 -4.290 -4.176 -4.356 -4.430
0.009 -0.22295 10.00000 0.9857612252 2.4698853493    0.970  2.602  3.5954  1.157    3  0.000  0.461     0.00     0.00 -1 -1.33e-09      0.00 7.098e-01 2.813e-01 1.358e-03 6.705e-04 3.928e-03 -1.000 8.954e-03 -1.734 -3.378 -4.141 -4.337 -4.421 -4.302 -4.366 -4.446 -4.600 -9.099 -12.527 -4.408 -4.292 -4.475 -4.551
0.009 -0.22295 10.00000 0.9857823253 2.4698898792    0.969  2.640  3.5923  1.106    3  0.000  0.461     0.00     0.00 -1 -1.55e-09      0.00 7.098e-01 2.813e-01 1.358e-03 6.706e-04 3.928e-03 -1.000 8.954e-03 -1.830 -3.480 -4.252 -4.453 -4.539 -4.418 -4.484 -4.563 -4.721 -9.219 -12.648 -4.526 -4.408 -4.593 -4.671
0.009 -0.22295 10.00000 0.9858021140 2.4698941708    0.967  2.678  3.5891  1.054    3  0.000  0.461     0.00     0.00 -1 -1.79e-09      0.00 7.098e-01 2.813e-01 1.358e-03 6.706e-04 3.928e-03 -1.000 8.954e-03 -1.925 -3.582 -4.364 -4.570 -4.658 -4.534 -4.603 -4.682 -4.842 -9.341 -12.770 -4.644 -4.525 -4.712 -4.793
0.009 -0.22295 10.00000 0.9858200550 2.4698982239    0.966  2.715  3.5860  1.004    3  0.000  0.461     0.00     0.00 -1 -2.07e-09      0.00 7.098e-01 2.813e-01 1.358e-03 6.706e-04 3.928e-03 -1.000 8.954e-03 -2.018 -3.681 -4.472 -4.683 -4.772 -4.646 -4.718 -4.796 -4.960 -9.458 -12.887 -4.758 -4.637 -4.827 -4.910
0.009 -0.22295 10.00000 0.9858371615 2.4699018002    0.965  2.752  3.5829  0.953    3  0.000  0.461     0.00     0.00 -1 -2.39e-09      0.00 7.098e-01 2.813e-01 1.358e-03 6.706e-04 3.928e-03 -1.000 8.954e-03 -2.111 -3.782 -4.581 -4.798 -4.889 -4.761 -4.836 -4.913 -5.080 -9.579 -13.007 -4.874 -4.752 -4.945 -5.031
0.009 -0.22295 10.00000 0.9858568311 2.4699060917    0.963  2.798  3.5788  0.891    3  0.000  0.461     0.00     0.00 -1 -2.85e-09      0.00 7.097e-01 2.813e-01 1.358e-03 6.706e-04 3.928e-03 -1.000 8.954e-03 -2.225 -3.905 -4.715 -4.939 -5.033 -4.902 -4.981 -5.057 -5.229 -9.727 -13.156 -5.017 -4.894 -5.091 -5.179
0.009 -0.22295 10.00000 0.9858742356 2.4699099064    0.961  2.841  3.5748  0.831    3  0.000  0.461     0.00     0.00 -1 -3.38e-09      0.00 7.097e-01 2.813e-01 1.358e-03 6.707e-04 3.928e-03 -1.000 8.954e-03 -2.333 -4.023 -4.843 -5.074 -5.170 -5.037 -5.120 -5.195 -5.371 -9.869 -13.298 -5.153 -5.029 -5.230 -5.321
0.009 -0.22295 10.00000 0.9858902693 2.4699132442    0.959  2.884  3.5708  0.771    3  0.000  0.461     0.00     0.00 -1    -4e-09      0.00 7.097e-01 2.813e-01 1.358e-03 6.707e-04 3.928e-03 -1.000 8.954e-03 -2.440 -4.140 -4.970 -5.207 -5.306 -5.170 -5.258 -5.332 -5.512 -10.010 -13.439 -5.288 -5.162 -5.368 -5.462
0.009 -0.22295 10.00000 0.9859051704 2.4699165821    0.956  2.927  3.5668  0.711    3  0.000  0.461     0.00     0.00 -1 -4.73e-09      0.00 7.097e-01 2.813e-01 1.358e-03 6.707e-04 3.928e-03 -1.000 8.954e-03 -2.547 -4.257 -5.096 -5.340 -5.442 -5.303 -5.395 -5.469 -5.653 -10.151 -13.580 -5.422 -5.296 -5.506 -5.603
0.009 -0.22295 10.00000 0.9859187603 2.4699194431    0.954  2.968  3.5629  0.653    3  0.000  0.461     0.00     0.00 -1 -5.58e-09      0.00 7.097e-01 2.813e-01 1.358e-03 6.707e-04 3.928e-03 -1.000 8.954e-03 -2.650 -4.371 -5.219 -5.470 -5.575 -5.433 -5.530 -5.602 -5.791 -10.289 -13.718 -5.553 -5.426 -5.640 -5.741
0.009 -0.22295 10.00000 0.9859313965 2.4699223042    0.951  3.009  3.5588  0.595    3  0.000  0.461     0.00     0.00 -1 -6.56e-09      0.00 7.097e-01 2.813e-01 1.358e-03 6.707e-04 3.928e-03 -1.000 8.954e-03 -2.752 -4.484 -5.341 -5.599 -5.707 -5.562 -5.663 -5.735 -5.928 -10.426 -13.855 -5.684 -5.556 -5.775 -5.878
0.009 -0.22295 10.00000 0.9859431386 2.4699246883    0.948  3.049  3.5547  0.537    3  0.000  0.461     0.00     0.00 -1  -7.7e-09      0.00 7.097e-01 2.813e-01 1.358e-03 6.707e-04 3.928e-03 -1.000 8.954e-03 -2.852 -4.595 -5.461 -5.726 -5.837 -5.689 -5.795 -5.867 -6.064 -10.562 -13.991 -5.812 -5.684 -5.908 -6.014
0.009 -0.22295 10.00000 0.9859539270 2.4699270725    0.945  3.088  3.5506  0.480    3  0.000  0.461     0.00     0.00 -1 -9.02e-09      0.00 7.097e-01 2.813e-01 1.358e-03 6.707e-04 3.928e-03 -1.000 8.954e-03 -2.950 -4.705 -5.579 -5.851 -5.965 -5.816 -5.926 -5.997 -6.199 -10.697 -14.125 -5.939 -5.811 -6.039 -6.149
0.009 -0.22295 10.00000 0.9859637022 2.4699292183    0.941  3.126  3.5466  0.424    3  0.000  0.461     0.00     0.00 -1 -1.05e-08      0.00 7.097e-01 2.813e-01 1.358e-03 6.707e-04 3.928e-03 -1.000 8.954e-03 -3.044 -4.812 -5.693 -5.972 -6.089 -5.939 -6.053 -6.124 -6.329 -10.828 -14.256 -6.061 -5.934 -6.168 -6.279
0.009 -0.22295 10.00000 0.9859729409 2.4699311256    0.937  3.163  3.5424  0.369    3  0.000  0.461     0.00     0.00 -1 -1.22e-08      0.00 7.097e-01 2.813e-01 1.358e-03 6.708e-04 3.928e-03 -1.000 8.954e-03 -3.138 -4.918 -5.806 -6.093 -6.214 -6.063 -6.181 -6.252 -6.462 -10.960 -14.388 -6.184 -6.059 -6.297 -6.412
0.009 -0.22295 10.00000 0.9859813452 2.4699330330    0.933  3.199  3.5383  0.315    3  0.000  0.461     0.00     0.00 -1 -1.42e-08      0.00 7.097e-01 2.813e-01 1.358e-03 6.708e-04 3.928e-03 -1.000 8.954e-03 -3.227 -5.021 -5.915 -6.209 -6.334 -6.182 -6.304 -6.375 -6.589 -11.087 -14.516 -6.302 -6.178 -6.422 -6.539
0.009 -0.22295 10.00000 0.9859893918 2.4699347019    0.929  3.235  3.5342  0.260    3  0.000  0.461     0.00     0.00 -1 -1.64e-08      0.00 7.097e-01 2.813e-01 1.358e-03 6.708e-04 3.928e-03 -1.000 8.954e-03 -3.317 -5.125 -6.024 -6.326 -6.453 -6.302 -6.427 -6.498 -6.716 -11.214 -14.643 -6.419 -6.299 -6.547 -6.666
0.009 -0.22295 10.00000 0.9859969616 2.4699363708    0.924  3.270  3.5301  0.206    3  0.000  0.461     0.00     0.00 -1  -1.9e-08      0.00 7.097e-01 2.813e-01 1.358e-03 6.708e-04 3.928e-03 -1.000 8.954e-03 -3.404 -5.226 -6.131 -6.441 -6.571 -6.420 -6.549 -6.619 -6.842 -11.340 -14.768 -6.534 -6.417 -6.670 -6.792
0.009 -0.22295 10.00000 0.9860038757 2.4699378014    0.919  3.303  3.5260  0.154    3  0.000  0.461     0.00     0.00 -1 -2.19e-08      0.00 7.097e-01 2.813e-01 1.358e-03 6.708e-04 3.928e-03 -1.000 8.954e-03 -3.489 -5.325 -6.233 -6.551 -6.685 -6.534 -6.666 -6.736 -6.964 -11.462 -14.890 -6.646 -6.531 -6.789 -6.913
0.009 -0.22295 10.00000 0.9860106111 2.4699392319    0.913  3.337  3.5220  0.101    3  0.000  0.461     0.00     0.00 -1 -2.52e-08      0.00 7.097e-01 2.813e-01 1.358e-03 6.708e-04 3.928e-03 -1.000 8.954e-03 -3.573 -5.424 -6.336 -6.663 -6.800 -6.648 -6.784 -6.855 -7.087 -11.584 -15.013 -6.758 -6.646 -6.910 -7.036
0.009 -0.22295 10.00000 0.9860170484 2.4699406624    0.907  3.370  3.5181  0.050    3  0.000  0.461     0.00     0.00 -1 -2.89e-08      0.00 7.097e-01 2.813e-01 1.358e-03 6.708e-04 3.928e-03 -1.000 8.954e-03 -3.654 -5.517 -6.433 -6.768 -6.909 -6.757 -6.896 -6.967 -7.204 -11.701 -15.129 -6.864 -6.756 -7.024 -7.153
0.009 -0.22295 10.00000 0.9860218167 2.4699418545    0.902  3.393  3.5153  0.013    3  0.000  0.461     0.00     0.00 -1 -3.19e-08      0.00 7.097e-01 2.813e-01 1.358e-03 6.708e-04 3.928e-03 -1.000 8.954e-03 -3.712 -5.585 -6.503 -6.844 -6.988 -6.836 -6.977 -7.047 -7.288 -11.785 -15.213 -6.940 -6.834 -7.106 -7.238
0.009 -0.22295 10.00000 0.9860218167 2.4699418545    0.902  1.700  3.6814  2.371    4  0.000  0.483     0.00     0.00 -1    -1e-30      0.00 7.132e-01 2.779e-01 1.416e-03 5.913e-04 3.911e-03 -1.000 8.861e-03 0.520 -0.915 -1.449 -1.533 -1.577 -1.523 -1.542 -1.600 -2.017 -1.875 -1.745 -1.573 -1.517 -1.542 -1.828
0.009 -0.22295 10.00000 0.9861053228 2.4699597359    0.902  1.709  3.6808  2.359    4  0.000  0.483     0.00     0.00 -1    -1e-30      0.00 7.132e-01 2.779e-01 1.416e-03 5.914e-04 3.911e-03 -1.000 8.861e-03 0.497 -0.940 -1.476 -1.560 -1.605 -1.550 -1.569 -1.628 -2.044 -1.903 -1.773 -1.600 -1.544 -1.570 -1.855
0.009 -0.22295 10.00000 0.9861857295 2.4699771404    0.902  1.713  3.6806  2.355    4  0.000  0.483     0.00     0.00 -1    -1e-30      0.00 7.132e-01 2.779e-01 1.416e-03 5.914e-04 3.911e-03 -1.000 8.861e-03 0.489 -0.949 -1.486 -1.570 -1.615 -1.560 -1.579 -1.638 -2.054 -1.913 -1.783 -1.610 -1.554 -1.580 -1.866
0.009 -0.22295 10.00000 0.9862660766 2.4699945450    0.902  1.713  3.6808  2.355    4  0.000  0.483     0.00     0.00 -1    -1e-30      0.00 7.132e-01 2.779e-01 1.416e-03 5.915e-04 3.911e-03 -1.000 8.861e-03 0.487 -0.950 -1.486 -1.570 -1.615 -1.560 -1.579 -1.638 -2.054 -1.913 -1.783 -1.610 -1.554 -1.580 -1.865
0.009 -0.22295 10.00000 0.9863487482 2.4700124264    0.902  1.712  3.6812  2.358    4  0.000  0.483     0.00     0.00 -1    -1e-30      0.00 7.132e-01 2.779e-01 1.416e-03 5.916e-04 3.911e-03 -1.000 8.862e-03 0.490 -0.945 -1.480 -1.564 -1.609 -1.554 -1.573 -1.632 -2.048 -1.907 -1.777 -1.604 -1.548 -1.574 -1.859
0.009 -0.22295 10.00000 0.9864319563 2.4700303078    0.902  1.710  3.6817  2.363    4  0.000  0.483     0.00     0.00 -1    -1e-30      0.00 7.132e-01 2.779e-01 1.416e-03 5.916e-04 3.911e-03 -1.000 8.862e-03 0.496 -0.938 -1.471 -1.555 -1.600 -1.545 -1.564 -1.623 -2.039 -1.897 -1.768 -1.595 -1.540 -1.564 -1.850
0.009 -0.22295 10.00000 0.9865123630 2.4700477123    0.903  1.707  3.6822  2.367    4  0.000  0.483     0.00     0.00 -1    -1e-30      0.00 7.132e-01 2.779e-01 1.416e-03 5.917e-04 3.911e-03 -1.000 8.862e-03 0.502 -0.930 -1.462 -1.545 -1.590 -1.536 -1.555 -1.613 -2.029 -1.887 -1.758 -1.585 -1.530 -1.554 -1.840
0.009 -0.22295 10.00000 0.9865980148 2.4700663090    0.903  1.705  3.6828  2.372    4  0.000  0.483     0.00     0.00 -1    -1e-30      0.00 7.132e-01 2.779e-01 1.416e-03 5.918e-04 3.911e-03 -1.000 8.862e-03 0.508 -0.922 -1.452 -1.535 -1.579 -1.526 -1.544 -1.602 -2.018 -1.877 -1.747 -1.575 -1.520 -1.544 -1.829
0.009 -0.22295 10.00000 0.9866816998 2.4700844288    0.903  1.702  3.6833  2.376    4  0.000  0.483     0.00     0.00 -1    -1e-30      0.00 7.132e-01 2.780e-01 1.416e-03 5.919e-04 3.911e-03 -1.000 8.862e-03 0.514 -0.914 -1.443 -1.525 -1.569 -1.516 -1.535 -1.592 -2.008 -1.866 -1.737 -1.565 -1.510 -1.534 -1.819
0.009 -0.22295 10.00000 0.9867661595 2.4701025486    0.903  1.700  3.6838  2.381    4  0.000  0.483     0.00     0.00 -1    -1e-30      0.00 7.132e-01 2.780e-01 1.416e-03 5.919e-04 3.911e-03 -1.000 8.863e-03 0.520 -0.907 -1.434 -1.517 -1.560 -1.507 -1.526 -1.583 -1.999 -1.857 -1.727 -1.556 -1.502 -1.525 -1.810
0.009 -0.22295 10.00000 0.9868550301 2.4701216221    0.903  1.698  3.6843  2.384    4  0.000  0.483     0.00     0.00 -1    -1e-30      0.00 7.132e-01 2.780e-01 1.416e-03 5.920e-04 3.911e-03 -1.000 8.863e-03 0.525 -0.901 -1.426 -1.508 -1.552 -1.499 -1.518 -1.575 -1.991 -1.849 -1.719 -1.548 -1.494 -1.516 -1.802
0.009 -0.22295 10.00000 0.9869434237 2.4701406956    0.903  1.697  3.6847  2.388    4  0.000  0.483     0.00     0.00 -1    -1e-30      0.00 7.132e-01 2.780e-01 1.416e-03 5.921e-04 3.911e-03 -1.000 8.863e-03 0.529 -0.895 -1.419 -1.501 -1.545 -1.492 -1.511 -1.567 -1.983 -1.842 -1.712 -1.540 -1.487 -1.509 -1.794
0.009 -0.22295 10.00000 0.9870253205 2.4701585770    0.903  1.695  3.6850  2.391    4  0.000  0.483     0.00     0.00 -1    -1e-30      0.00 7.132e-01 2.780e-01 1.415e-03 5.922e-04 3.911e-03 -1.000 8.863e-03 0.532 -0.891 -1.414 -1.496 -1.539 -1.487 -1.505 -1.561 -1.977 -1.836 -1.706 -1.535 -1.481 -1.503 -1.788
0.009 -0.22295 10.00000 0.9871126413 2.4701774120    0.903  1.694  3.6854  2.393    4  0.000  0.483     0.00     0.00 -1    -1e-30      0.00 7.132e-01 2.780e-01 1.415e-03 5.922e-04 3.912e-03 -1.000 8.863e-03 0.535 -0.887 -1.409 -1.490 -1.533 -1.481 -1.500 -1.556 -1.972 -1.830 -1.700 -1.529 -1.476 -1.497 -1.783
0.009 -0.22295 10.00000 0.9871683717 2.4701893330    0.903  1.693  3.6856  2.395    4  0.000  0.483     0.00     0.00 -1    -1e-30      0.00 7.132e-01 2.780e-01 1.415e-03 5.923e-04 3.912e-03 -1.000 8.864e-03 0.536 -0.884 -1.406 -1.487 -1.530 -1.478 -1.496 -1.553 -1.968 -1.827 -1.697 -1.526 -1.473 -1.494 -1.780
0.009 -0.22295 10.00000 0.9871984124 2.4701957703    0.903  1.693  3.6857  2.396    4  0.000  0.483     0.00     0.00 -1    -1e-30      0.00 7.132e-01 2.780e-01 1.415e-03 5.923e-04 3.912e-03 -1.000 8.864e-03 0.537 -0.883 -1.404 -1.486 -1.529 -1.477 -1.495 -1.551 -1.967 -1.825 -1.695 -1.524 -1.471 -1.493 -1.778
0.009 -0.22295 10.00000 0.9872826338 2.4702138901    0.903  1.692  3.6860  2.397    4  0.000  0.483     0.00     0.00 -1    -1e-30      0.00 7.132e-01 2.780e-01 1.415e-03 5.924e-04 3.912e-03 -1.000 8.864e-03 0.539 -0.881 -1.401 -1.482 -1.525 -1.473 -1.492 -1.547 -1.963 -1.821 -1.692 -1.521 -1.468 -1.489 -1.774
0.009 -0.22295 10.00000 0.9873664975 2.4702320099    0.903  1.692  3.6862  2.398    4  0.000  0.483     0.00     0.00 -1    -1e-30      0.00 7.132e-01 2.780e-01 1.415e-03 5.924e-04 3.912e-03 -1.000 8.864e-03 0.540 -0.879 -1.399 -1.480 -1.523 -1.471 -1.489 -1.545 -1.961 -1.819 -1.689 -1.519 -1.466 -1.487 -1.772
0.009 -0.22295 10.00000 0.9874488711 2.4702498913    0.904  1.692  3.6863  2.399    4  0.000  0.483     0.00     0.00 -1    -1e-30      0.00 7.132e-01 2.780e-01 1.415e-03 5.925e-04 3.912e-03 -1.000 8.864e-03 0.540 -0.878 -1.398 -1.479 -1.521 -1.470 -1.488 -1.544 -1.959 -1.818 -1.688 -1.517 -1.464 -1.485 -1.771
0.009 -0.22295 10.00000 0.9875326753 2.4702677727    0.904  1.692  3.6864  2.399    4  0.000  0.483     0.00     0.00 -1    -1e-30      0.00 7.132e-01 2.780e-01 1.415e-03 5.926e-04 3.912e-03 -1.000 8.864e-03 0.539 -0.879 -1.398 -1.479 -1.521 -1.470 -1.488 -1.543 -1.959 -1.817 -1.687 -1.517 -1.464 -1.485 -1.770
0.009 -0.22295 10.00000 0.9876163006 2.4702858925    0.904  1.693  3.6865  2.399    4  0.000  0.483     0.00     0.00 -1    -1e-30      0.00 7.131e-01 2.780e-01 1.415e-03 5.927e-04 3.912e-03 -1.000 8.865e-03 0.538 -0.880 -1.399 -1.480 -1.523 -1.471 -1.489 -1.545 -1.961 -1.819 -1.689 -1.518 -1.465 -1.486 -1.772
0.009 -0.22295 10.00000 0.9877017140 2.4703042507    0.904  1.694  3.6864  2.398    4  0.000  0.483     0.00     0.00 -1    -1e-30      0.00 7.131e-01 2.780e-01 1.415e-03 5.927e-04 3.912e-03 -1.000 8.865e-03 0.535 -0.883 -1.402 -1.483 -1.526 -1.474 -1.492 -1.548 -1.963 -1.822 -1.692 -1.521 -1.468 -1.489 -1.775
0.009 -0.22295 10.00000 0.9877684116 2.4703185558    0.904  1.695  3.6864  2.397    4  0.000  0.483     0.00     0.00 -1    -1e-30      0.00 7.131e-01 2.780e-01 1.415e-03 5.928e-04 3.912e-03 -1.000 8.865e-03 0.533 -0.886 -1.405 -1.486 -1.529 -1.477 -1.495 -1.551 -1.967 -1.825 -1.695 -1.524 -1.471 -1.492 -1.778
0.009 -0.22295 10.00000 0.9878047705 2.4703264236    0.904  1.696  3.6863  2.396    4  0.000  0.483     0.00     0.00 -1    -1e-30      0.00 7.131e-01 2.780e-01 1.415e-03 5.928e-04 3.912e-03 -1.000 8.865e-03 0.530 -0.888 -1.407 -1.488 -1.531 -1.479 -1.498 -1.553 -1.969 -1.827 -1.697 -1.527 -1.474 -1.495 -1.780
0.009 -0.22295 10.00000 0.9878802896 2.4703426361    0.904  1.698  3.6862  2.393    4  0.000  0.483     0.00     0.00 -1    -1e-30      0.00 7.131e-01 2.780e-01 1.415e-03 5.929e-04 3.912e-03 -1.000 8.865e-03 0.526 -0.893 -1.413 -1.494 -1.537 -1.485 -1.503 -1.559 -1.975 -1.833 -1.703 -1.533 -1.479 -1.501 -1.786
0.009 -0.22295 10.00000 0.9879554510 2.4703588486    0.904  1.700  3.6860  2.390    4  0.000  0.483     0.00     0.00 -1    -1e-30      0.00 7.131e-01 2.780e-01 1.415e-03 5.930e-04 3.912e-03 -1.000 8.865e-03 0.520 -0.900 -1.420 -1.501 -1.544 -1.492 -1.511 -1.567 -1.983 -1.841 -1.711 -1.540 -1.487 -1.508 -1.794
0.009 -0.22295 10.00000 0.9880354404 2.4703760147    0.904  1.703  3.6857  2.386    4  0.000  0.482     0.00     0.00 -1    -1e-30      0.00 7.131e-01 2.780e-01 1.415e-03 5.930e-04 3.912e-03 -1.000 8.866e-03 0.512 -0.909 -1.430 -1.511 -1.555 -1.502 -1.520 -1.577 -1.993 -1.851 -1.721 -1.550 -1.497 -1.518 -1.804
0.009 -0.22295 10.00000 0.9881162643 2.4703934193    0.904  1.707  3.6853  2.380    4  0.000  0.482     0.00     0.00 -1    -1e-30      0.00 7.131e-01 2.780e-01 1.415e-03 5.931e-04 3.912e-03 -1.000 8.866e-03 0.502 -0.920 -1.442 -1.524 -1.567 -1.514 -1.533 -1.589 -2.005 -1.863 -1.734 -1.563 -1.509 -1.531 -1.816
0.009 -0.22295 10.00000 0.9881916642 2.4704096317    0.904  1.711  3.6848  2.374    4  0.000  0.482     0.00     0.00 -1    -1e-30      0.00 7.131e-01 2.780e-01 1.415e-03 5.932e-04 3.912e-03 -1.000 8.866e-03 0.492 -0.932 -1.455 -1.537 -1.581 -1.528 -1.546 -1.603 -2.019 -1.877 -1.748 -1.576 -1.522 -1.545 -1.830
0.009 -0.22295 10.00000 0.9882685542 2.4704263210    0.905  1.716  3.6843  2.368    4  0.000  0.482     0.00     0.00 -1    -1e-30      0.00 7.131e-01 2.780e-01 1.415e-03 5.932e-04 3.912e-03 -1.000 8.866e-03 0.480 -0.945 -1.470 -1.552 -1.596 -1.543 -1.561 -1.618 -2.035 -1.893 -1.763 -1.591 -1.537 -1.560 -1.846
0.009 -0.22295 10.00000 0.9883438349 2.4704425335    0.905  1.721  3.6838  2.361    4  0.000  0.482     0.00     0.00 -1    -1e-30      0.00 7.131e-01 2.780e-01 1.415e-03 5.933e-04 3.912e-03 -1.000 8.866e-03 0.468 -0.960 -1.486 -1.569 -1.613 -1.559 -1.578 -1.635 -2.051 -1.910 -1.780 -1.608 -1.553 -1.577 -1.863
0.009 -0.22295 10.00000 0.9884207845 2.4704589844    0.905  1.728  3.6830  2.350    4  0.000  0.482     0.00     0.00 -1    -1e-30      0.00 7.131e-01 2.780e-01 1.415e-03 5.934e-04 3.912e-03 -1.000 8.866e-03 0.449 -0.981 -1.510 -1.593 -1.637 -1.583 -1.602 -1.660 -2.076 -1.935 -1.805 -1.633 -1.577 -1.602 -1.887
0.009 -0.22295 10.00000 0.9885029197 2.4704766273    0.905  1.740  3.6818  2.334    4  0.000  0.482     0.00     0.00 -1    -1e-30      0.00 7.131e-01 2.780e-01 1.415e-03 5.934e-04 3.912e-03 -1.000 8.867e-03 0.421 -1.013 -1.546 -1.629 -1.674 -1.619 -1.638 -1.697 -2.113 -1.972 -1.842 -1.669 -1.613 -1.639 -1.925
0.009 -0.22295 10.00000 0.9885694981 2.4704909325    0.905  1.739  3.6819  2.335    4  0.000  0.482     0.00     0.00 -1    -1e-30      0.00 7.131e-01 2.780e-01 1.415e-03 5.935e-04 3.912e-03 -1.000 8.867e-03 0.422 -1.011 -1.543 -1.627 -1.672 -1.617 -1.636 -1.695 -2.111 -1.970 -1.840 -1.667 -1.611 -1.637 -1.922
0.009 -0.22295 10.00000 0.9886481166 2.4705078602    0.905  1.758  3.6799  2.308    4  0.000  0.482     0.00     0.00 -1    -1e-30      0.00 7.131e-01 2.780e-01 1.415e-03 5.936e-04 3.912e-03 -1.000 8.867e-03 0.374 -1.067 -1.605 -1.689 -1.735 -1.679 -1.698 -1.758 -2.175 -2.034 -1.904 -1.730 -1.673 -1.700 -1.986
0.009 -0.22295 10.00000 0.9887245297 2.4705243111    0.905  1.791  3.6766  2.262    4  0.000  0.482     0.00     0.00 -1    -1e-30      0.00 7.131e-01 2.780e-01 1.414e-03 5.936e-04 3.912e-03 -1.000 8.867e-03 0.292 -1.159 -1.707 -1.794 -1.841 -1.782 -1.802 -1.865 -2.282 -2.141 -2.012 -1.836 -1.776 -1.807 -2.093
0.009 -0.22295 10.00000 0.9887686968 2.4705338478    0.905  1.827  3.6730  2.211    4  0.000  0.482     0.00     0.00 -1    -1e-30      0.00 7.131e-01 2.780e-01 1.414e-03 5.937e-04 3.912e-03 -1.000 8.867e-03 0.201 -1.262 -1.821 -1.911 -1.959 -1.897 -1.918 -1.984 -2.401 -2.260 -2.131 -1.954 -1.891 -1.926 -2.212
0.009 -0.22295 10.00000 0.9887910485 2.4705386162    0.905  1.865  3.6693  2.159    4  0.000  0.482     0.00     0.00 -1    -1e-30      0.00 7.131e-01 2.780e-01 1.414e-03 5.937e-04 3.912e-03 -1.000 8.867e-03 0.108 -1.367 -1.937 -2.029 -2.079 -2.015 -2.036 -2.104 -2.522 -2.381 -2.253 -2.073 -2.008 -2.047 -2.333
0.009 -0.22295 10.00000 0.9888029695 2.4705412388    0.905  1.903  3.6656  2.106    4  0.000  0.482     0.00     0.00 -1    -1e-30      0.00 7.131e-01 2.780e-01 1.414e-03 5.937e-04 3.912e-03 -1.000 8.867e-03 0.013 -1.473 -2.055 -2.150 -2.201 -2.134 -2.156 -2.227 -2.645 -2.505 -2.376 -2.195 -2.127 -2.170 -2.456
0.009 -0.22295 10.00000 0.9888089895 2.4705424309    0.905  1.940  3.6620  2.055    4  0.000  0.482     0.00     0.00 -1    -1e-30      0.00 7.131e-01 2.780e-01 1.414e-03 5.937e-04 3.912e-03 -1.000 8.867e-03 -0.080 -1.577 -2.170 -2.268 -2.320 -2.251 -2.273 -2.348 -2.765 -2.625 -2.497 -2.314 -2.243 -2.290 -2.576
0.009 -0.22295 10.00000 0.9888123870 2.4705431461    0.905  1.977  3.6585  2.003    4  0.000  0.482     0.00     0.00 -1    -1e-30      0.00 7.131e-01 2.780e-01 1.414e-03 5.937e-04 3.912e-03 -1.000 8.867e-03 -0.173 -1.681 -2.285 -2.385 -2.439 -2.367 -2.390 -2.467 -2.885 -2.745 -2.618 -2.433 -2.359 -2.410 -2.696
0.009 -0.22295 10.00000 0.9888144732 2.4705436230    0.905  2.013  3.6551  1.954    4  0.000  0.482     0.00     0.00 -1    -1e-30      0.00 7.131e-01 2.780e-01 1.414e-03 5.937e-04 3.912e-03 -1.000 8.867e-03 -0.263 -1.780 -2.391 -2.496 -2.551 -2.475 -2.500 -2.581 -2.970 -3.259 -3.460 -2.545 -2.467 -2.531 -2.794
0.009 -0.22295 10.00000 0.9888158441 2.4705438614    0.905  2.047  3.6521  1.908    4  0.000  0.482     0.00     0.00 -1    -1e-30      0.00 7.131e-01 2.780e-01 1.414e-03 5.937e-04 3.912e-03 -1.000 8.867e-03 -0.346 -1.871 -2.488 -2.597 -2.654 -2.574 -2.602 -2.686 -3.047 -3.757 -4.282 -2.648 -2.566 -2.642 -2.883
0.009 -0.22295 10.00000 0.9888159037 2.4705438614    0.905  2.048  3.6519  1.906    4  0.000  0.482     0.00     0.00 -1    -1e-30      0.00 7.131e-01 2.780e-01 1.414e-03 5.937e-04 3.912e-03 -1.000 8.867e-03 -0.350 -1.875 -2.493 -2.601 -2.659 -2.579 -2.606 -2.690 -3.050 -3.779 -4.318 -2.652 -2.570 -2.647 -2.887
0.009 -0.22295 10.00000 0.9888159633 2.4705438614    0.905  2.049  3.6519  1.905    7  0.000  0.482     0.00     0.00 -1 -4.81e-11      0.00 7.131e-01 2.766e-01 1.414e-03 5.937e-04 3.912e-03 -1.000 1.028e-02 -0.352 -1.877 -2.494 -2.603 -2.661 -2.581 -2.608 -2.692 -3.051 -3.789 -4.335 -2.654 -2.572 -2.649 -2.889
0.009 -0.22295 10.00000 0.9888166785 2.4705440998    0.905  2.070  3.6500  1.877    7  0.000  0.482     0.00     0.00 -1 -5.37e-11      0.00 7.131e-01 2.766e-01 1.414e-03 5.937e-04 3.912e-03 -1.000 1.028e-02 -0.404 -1.935 -2.556 -2.667 -2.726 -2.643 -2.672 -2.758 -3.100 -4.103 -4.852 -2.719 -2.635 -2.719 -2.945
0.009 -0.22295 10.00000 0.9888181090 2.4705443382    0.905  2.114  3.6460  1.817    7  0.000  0.482     0.00     0.00 -1 -6.69e-11      0.00 7.131e-01 2.766e-01 1.414e-03 5.937e-04 3.912e-03 -1.000 1.028e-02 -0.514 -2.054 -2.682 -2.800 -2.861 -2.774 -2.805 -2.894 -3.200 -4.757 -5.930 -2.854 -2.765 -2.865 -3.062
0.009 -0.22295 10.00000 0.9888195395 2.4705448151    0.905  2.146  3.6431  1.773    7  0.000  0.482     0.00     0.00 -1 -7.82e-11      0.00 7.131e-01 2.766e-01 1.414e-03 5.937e-04 3.912e-03 -1.000 1.028e-02 -0.595 -2.142 -2.777 -2.899 -2.961 -2.871 -2.904 -2.995 -3.274 -5.242 -6.730 -2.953 -2.861 -2.973 -3.149
0.009 -0.22295 10.00000 0.9888233542 2.4705455303    0.905  2.154  3.6424  1.763    7  0.000  0.482     0.00     0.00 -1 -8.14e-11      0.00 7.131e-01 2.766e-01 1.414e-03 5.937e-04 3.912e-03 -1.000 1.028e-02 -0.614 -2.163 -2.798 -2.922 -2.984 -2.893 -2.928 -3.019 -3.292 -5.356 -6.918 -2.977 -2.884 -2.998 -3.169
0.009 -0.22295 10.00000 0.9888275862 2.4705464840    0.905  2.131  3.6444  1.793    7  0.000  0.482     0.00     0.00 -1 -7.28e-11      0.00 7.131e-01 2.766e-01 1.414e-03 5.937e-04 3.912e-03 -1.000 1.028e-02 -0.559 -2.103 -2.734 -2.854 -2.916 -2.827 -2.860 -2.950 -3.241 -5.025 -6.372 -2.908 -2.818 -2.924 -3.110
0.009 -0.22295 10.00000 0.9888666868 2.4705548286    0.904  2.126  3.6449  1.799    7  0.000  0.482     0.00     0.00 -1 -3.58e-10      0.00 7.131e-01 2.766e-01 1.414e-03 5.937e-04 3.912e-03 -1.000 1.032e-02 -0.545 -2.088 -2.719 -2.838 -2.899 -2.811 -2.844 -2.933 -3.228 -4.950 -6.250 -2.892 -2.802 -2.907 -3.095
0.009 -0.22295 10.00000 0.9889088273 2.4705638885    0.902  2.154  3.6424  1.761    7  0.000  0.482     0.00     0.00 -1 -1.07e-09      0.00 7.131e-01 2.766e-01 1.414e-03 5.938e-04 3.912e-03 -1.000 1.035e-02 -0.614 -2.163 -2.798 -2.921 -2.984 -2.893 -2.927 -3.018 -3.291 -5.367 -6.938 -2.977 -2.884 -2.998 -3.169
0.009 -0.22295 10.00000 0.9889355302 2.4705696106    0.901  2.189  3.6391  1.712    7  0.000  0.482     0.00     0.00 -1  -1.3e-09      0.00 7.131e-01 2.766e-01 1.414e-03 5.938e-04 3.912e-03 -1.000 1.035e-02 -0.703 -2.259 -2.901 -3.029 -3.094 -2.999 -3.036 -3.129 -3.372 -5.904 -7.826 -3.086 -2.990 -3.116 -3.264
0.009 -0.22295 10.00000 0.9889616966 2.4705753326    0.900  2.227  3.6357  1.660    7  0.000  0.482     0.00     0.00 -1 -1.59e-09      0.00 7.131e-01 2.766e-01 1.414e-03 5.938e-04 3.912e-03 -1.000 1.035e-02 -0.798 -2.361 -3.009 -3.143 -3.209 -3.112 -3.151 -3.244 -3.458 -6.471 -8.761 -3.201 -3.102 -3.240 -3.364
0.009 -0.22295 10.00000 0.9889867902 2.4705805779    0.898  2.267  3.6322  1.605    7  0.000  0.482     0.00     0.00 -1 -1.98e-09      0.00 7.131e-01 2.766e-01 1.414e-03 5.938e-04 3.912e-03 -1.000 1.035e-02 -0.898 -2.468 -3.123 -3.263 -3.331 -3.231 -3.273 -3.365 -3.548 -7.071 -9.752 -3.323 -3.221 -3.370 -3.470
0.009 -0.22295 10.00000 0.9890086055 2.4705853462    0.897  2.307  3.6286  1.550    7  0.000  0.482     0.00     0.00 -1 -2.44e-09      0.00 7.131e-01 2.766e-01 1.414e-03 5.939e-04 3.912e-03 -1.000 1.035e-02 -0.997 -2.575 -3.236 -3.383 -3.453 -3.350 -3.394 -3.486 -3.638 -7.671 -10.742 -3.444 -3.339 -3.500 -3.575
0.009 -0.22295 10.00000 0.9890281558 2.4705893993    0.895  2.347  3.6251  1.495    7  0.000  0.482     0.00     0.00 -1 -3.02e-09      0.00 7.131e-01 2.766e-01 1.414e-03 5.939e-04 3.912e-03 -1.000 1.035e-02 -1.098 -2.682 -3.350 -3.504 -3.575 -3.470 -3.517 -3.607 -3.732 -8.231 -11.659 -3.567 -3.460 -3.629 -3.683
0.009 -0.22295 10.00000 0.9890455604 2.4705932140    0.893  2.388  3.6215  1.439    7  0.000  0.482     0.00     0.00 -1 -3.71e-09      0.00 7.131e-01 2.766e-01 1.414e-03 5.939e-04 3.912e-03 -1.000 1.035e-02 -1.199 -2.791 -3.470 -3.629 -3.702 -3.594 -3.643 -3.732 -3.861 -8.360 -11.788 -3.693 -3.584 -3.756 -3.812
0.009 -0.22295 10.00000 0.9890609980 2.4705965519    0.891  2.428  3.6180  1.384    7  0.000  0.482     0.00     0.00 -1 -4.56e-09      0.00 7.131e-01 2.766e-01 1.414e-03 5.940e-04 3.912e-03 -1.000 1.035e-02 -1.300 -2.900 -3.590 -3.753 -3.828 -3.719 -3.769 -3.857 -3.990 -8.489 -11.917 -3.818 -3.708 -3.882 -3.941
0.009 -0.22295 10.00000 0.9890747666 2.4705994129    0.888  2.468  3.6145  1.329    7  0.000  0.482     0.00     0.00 -1 -5.63e-09      0.00 7.131e-01 2.766e-01 1.414e-03 5.940e-04 3.912e-03 -1.000 1.033e-02 -1.399 -3.007 -3.708 -3.877 -3.953 -3.842 -3.894 -3.981 -4.117 -8.616 -12.045 -3.943 -3.831 -4.007 -4.068
0.009 -0.22295 10.00000 0.9890872836 2.4706022739    0.886  2.507  3.6110  1.274    7  0.000  0.482     0.00     0.00 -1 -6.96e-09      0.00 7.131e-01 2.766e-01 1.414e-03 5.941e-04 3.912e-03 -1.000 1.030e-02 -1.498 -3.114 -3.825 -3.999 -4.077 -3.964 -4.018 -4.105 -4.244 -8.743 -12.172 -4.067 -3.954 -4.131 -4.195
0.009 -0.22295 10.00000 0.9890987873 2.4706046581    0.883  2.547  3.6075  1.219    7  0.000  0.482     0.00     0.00 -1  -8.5e-09      0.00 7.131e-01 2.766e-01 1.413e-03 5.944e-04 3.912e-03 -1.000 1.030e-02 -1.597 -3.220 -3.942 -4.121 -4.201 -4.086 -4.142 -4.228 -4.371 -8.870 -12.298 -4.190 -4.076 -4.255 -4.322
0.009 -0.22295 10.00000 0.9891098142 2.4706070423    0.879  2.587  3.6013  1.153    7  0.000  0.481     0.00     0.00 -1 -1.05e-08      0.00 7.131e-01 2.766e-01 1.411e-03 5.956e-04 3.912e-03 -1.000 1.030e-02 -1.696 -3.331 -4.072 -4.261 -4.343 -4.225 -4.285 -4.369 -4.518 -9.017 -12.445 -4.332 -4.215 -4.397 -4.468
0.009 -0.22295 10.00000 0.9891200066 2.4706091881    0.875  2.626  3.5950  1.086    7  0.000  0.480     0.00     0.00 -1 -1.29e-08      0.00 7.131e-01 2.766e-01 1.407e-03 5.992e-04 3.912e-03 -1.000 1.028e-02 -1.794 -3.441 -4.202 -4.400 -4.486 -4.365 -4.429 -4.510 -4.665 -9.164 -12.593 -4.473 -4.355 -4.540 -4.616
0.009 -0.22295 10.00000 0.9891299605 2.4706113338    0.870  2.665  3.5913  1.030    7  0.000  0.478     0.00     0.00 -1 -1.58e-08      0.00 7.131e-01 2.767e-01 1.401e-03 6.057e-04 3.912e-03 -1.000 1.026e-02 -1.893 -3.547 -4.320 -4.524 -4.611 -4.488 -4.555 -4.635 -4.794 -9.293 -12.721 -4.598 -4.478 -4.666 -4.745
0.009 -0.22295 10.00000 0.9891394377 2.4706134796    0.864  2.705  3.5875  0.972    7  0.000  0.476     0.00     0.00 -1 -1.93e-08      0.00 7.131e-01 2.767e-01 1.395e-03 6.136e-04 3.912e-03 -1.000 1.027e-02 -1.993 -3.654 -4.438 -4.649 -4.738 -4.612 -4.683 -4.762 -4.925 -9.424 -12.852 -4.724 -4.603 -4.793 -4.875
0.009 -0.22295 10.00000 0.9891482592 2.4706153870    0.858  2.745  3.5835  0.913    7  0.000  0.473     0.00     0.00 -1 -2.37e-08      0.00 7.130e-01 2.767e-01 1.388e-03 6.214e-04 3.912e-03 -1.000 1.029e-02 -2.091 -3.762 -4.557 -4.774 -4.866 -4.737 -4.812 -4.890 -5.057 -9.556 -12.984 -4.851 -4.729 -4.923 -5.008
0.009 -0.22295 10.00000 0.9891566038 2.4706170559    0.850  2.786  3.5793  0.851    7  0.000  0.471     0.00     0.00 -1 -2.96e-08      0.00 7.130e-01 2.767e-01 1.382e-03 6.285e-04 3.912e-03 -1.000 1.032e-02 -2.194 -3.874 -4.681 -4.905 -5.000 -4.868 -4.947 -5.024 -5.195 -9.694 -13.122 -4.984 -4.860 -5.058 -5.146
0.009 -0.22295 10.00000 0.9891630411 2.4706184864    0.843  2.825  3.5751  0.791    7  0.000  0.470     0.00     0.00 -1 -3.65e-08      0.00 7.130e-01 2.767e-01 1.378e-03 6.344e-04 3.912e-03 -1.000 1.034e-02 -2.293 -3.983 -4.800 -5.032 -5.129 -4.995 -5.078 -5.154 -5.330 -9.828 -13.257 -5.112 -4.987 -5.189 -5.280
0.009 -0.22295 10.00000 0.9891672730 2.4706194401    0.837  2.859  3.5715  0.740    7  0.000  0.468     0.00     0.00 -1 -4.34e-08      0.00 7.130e-01 2.767e-01 1.374e-03 6.389e-04 3.912e-03 -1.000 1.033e-02 -2.377 -4.076 -4.903 -5.140 -5.240 -5.103 -5.191 -5.266 -5.445 -9.944 -13.372 -5.222 -5.096 -5.301 -5.395
0.009 -0.22295 10.00000 0.9891707301 2.4706201553    0.832  2.894  3.5676  0.686    7  0.000  0.467     0.00     0.00 -1 -5.17e-08      0.00 7.130e-01 2.767e-01 1.370e-03 6.434e-04 3.912e-03 -1.000 1.029e-02 -2.466 -4.175 -5.011 -5.255 -5.357 -5.218 -5.309 -5.384 -5.567 -10.066 -13.494 -5.338 -5.211 -5.420 -5.517
0.009 -0.22295 10.00000 0.9891738892 2.4706208706    0.826  2.931  3.5634  0.629    7  0.000  0.466     0.00     0.00 -1 -6.22e-08      0.00 7.130e-01 2.767e-01 1.367e-03 6.474e-04 3.912e-03 -1.000 1.029e-02 -2.558 -4.278 -5.123 -5.375 -5.480 -5.338 -5.434 -5.507 -5.695 -10.194 -13.622 -5.459 -5.331 -5.545 -5.645
0.009 -0.22295 10.00000 0.9891767502 2.4706213474    0.819  2.969  3.5590  0.571    7  0.000  0.465     0.00     0.00 -1 -7.54e-08      0.00 7.130e-01 2.767e-01 1.364e-03 6.507e-04 3.912e-03 -1.000 1.030e-02 -2.652 -4.383 -5.239 -5.497 -5.606 -5.461 -5.562 -5.635 -5.827 -10.326 -13.754 -5.583 -5.454 -5.674 -5.778
0.009 -0.22295 10.00000 0.9891792536 2.4706220627    0.812  3.002  3.5549  0.517    7  0.000  0.464     0.00     0.00 -1 -8.99e-08      0.00 7.130e-01 2.767e-01 1.362e-03 6.530e-04 3.912e-03 -1.000 1.029e-02 -2.735 -4.478 -5.343 -5.608 -5.719 -5.572 -5.678 -5.750 -5.954 -10.450 -13.880 -5.695 -5.566 -5.797 -5.904
0.009 -0.22295 10.00000 0.9891819954 2.4706225395    0.802  3.042  3.5498  0.451    7  0.000  0.464     0.00     0.00 -1 -1.11e-07      0.00 7.130e-01 2.768e-01 1.361e-03 6.550e-04 3.912e-03 -1.000 1.026e-02 -2.835 -4.593 -5.468 -5.742 -5.857 -5.708 -5.819 -5.891 -6.107 -10.601 -14.031 -5.830 -5.703 -5.945 -6.057
0.009 -0.22295 10.00000 0.9891847372 2.4706230164    0.790  3.081  3.5446  0.385    7  0.000  0.464     0.00     0.00 -1 -1.37e-07      0.00 7.130e-01 2.768e-01 1.360e-03 6.560e-04 3.912e-03 -1.000 1.026e-02 -2.932 -4.707 -5.590 -5.874 -5.994 -5.844 -5.960 -6.033 -6.263 -10.754 -14.185 -5.965 -5.839 -6.097 -6.214
0.009 -0.22295 10.00000 0.9891877770 2.4706237316    0.773  3.121  3.5390  0.314    7  0.000  0.464     0.00     0.00 -1 -1.73e-07      0.00 7.130e-01 2.768e-01 1.360e-03 6.563e-04 3.912e-03 -1.000 1.026e-02 -3.032 -4.823 -5.716 -6.011 -6.136 -5.985 -6.106 -6.180 -6.429 -10.917 -14.350 -6.104 -5.981 -6.258 -6.381
0.009 -0.22295 10.00000 0.9891906977 2.4706244469    0.754  3.155  3.5338  0.247    7  0.000  0.464     0.00     0.00 -1 -2.16e-07      0.00 7.130e-01 2.768e-01 1.360e-03 6.563e-04 3.912e-03 -1.000 1.026e-02 -3.118 -4.927 -5.826 -6.131 -6.260 -6.110 -6.236 -6.310 -6.585 -11.067 -14.502 -6.226 -6.106 -6.409 -6.538
0.009 -0.22295 10.00000 0.9891913533 2.4706244469    0.749  3.161  3.5328  0.234    7  0.000  0.464     0.00     0.00 -1 -2.27e-07      0.00 7.130e-01 2.768e-01 1.360e-03 6.563e-04 3.912e-03 -1.000 1.026e-02 -3.132 -4.944 -5.845 -6.152 -6.282 -6.132 -6.259 -6.333 -6.615 -11.095 -14.530 -6.247 -6.128 -6.437 -6.568
0.009 -0.22295 10.00000 0.9891917706 2.4706246853    0.745  3.152  3.5338  0.245    7  0.000  0.464     0.00     0.00 -1 -2.22e-07      0.00 7.130e-01 2.768e-01 1.360e-03 6.563e-04 3.912e-03 -1.000 1.026e-02 -3.111 -4.920 -5.819 -6.124 -6.253 -6.103 -6.229 -6.304 -6.582 -11.063 -14.498 -6.219 -6.099 -6.406 -6.535
0.009 -0.22295 10.00000 0.9891918302 2.4706246853    0.745  3.141  3.5353  0.262    7  0.000  0.464     0.00     0.00 -1 -2.12e-07      0.00 7.130e-01 2.768e-01 1.360e-03 6.563e-04 3.912e-03 -1.000 1.026e-02 -3.083 -4.887 -5.784 -6.086 -6.215 -6.064 -6.189 -6.264 -6.536 -11.018 -14.453 -6.181 -6.060 -6.361 -6.489
0.009 -0.22295 10.00000 0.9891918898 2.4706246853    0.744  3.149  3.5343  0.250    7  0.000  0.463     0.00     0.00 -1  -2.2e-07      0.00 7.130e-01 2.768e-01 1.360e-03 6.565e-04 3.912e-03 -1.000 1.025e-02 -3.102 -4.909 -5.808 -6.112 -6.241 -6.091 -6.216 -6.291 -6.568 -11.049 -14.485 -6.207 -6.087 -6.392 -6.521
0.009 -0.22295 10.00000 0.9891919494 2.4706246853    0.744  3.143  3.5350  0.258    7  0.000  0.463     0.00     0.00 -1 -2.15e-07      0.00 7.130e-01 2.768e-01 1.360e-03 6.565e-04 3.912e-03 -1.000 1.025e-02 -3.089 -4.893 -5.791 -6.094 -6.222 -6.072 -6.197 -6.272 -6.546 -11.027 -14.463 -6.188 -6.068 -6.370 -6.499
0.009 -0.22295 10.00000 0.9891921878 2.4706246853    0.742  3.144  3.5349  0.256    7  0.000  0.463     0.00     0.00 -1 -2.17e-07      0.00 7.130e-01 2.768e-01 1.360e-03 6.565e-04 3.912e-03 -1.000 1.025e-02 -3.090 -4.895 -5.793 -6.096 -6.225 -6.074 -6.199 -6.274 -6.550 -11.031 -14.467 -6.191 -6.071 -6.374 -6.503
0.009 -0.22295 10.00000 0.9891923666 2.4706246853    0.740  3.142  3.5352  0.258    7  0.000  0.463     0.00     0.00 -1 -2.18e-07      0.00 7.130e-01 2.768e-01 1.360e-03 6.565e-04 3.912e-03 -1.000 1.025e-02 -3.085 -4.889 -5.787 -6.089 -6.218 -6.067 -6.192 -6.267 -6.543 -11.024 -14.459 -6.184 -6.063 -6.367 -6.496
0.009 -0.22295 10.00000 0.9891925454 2.4706246853    0.739  3.140  3.5354  0.260    7  0.000  0.463     0.00     0.00 -1 -2.18e-07      0.00 7.130e-01 2.768e-01 1.360e-03 6.565e-04 3.912e-03 -1.000 1.025e-02 -3.081 -4.885 -5.782 -6.084 -6.213 -6.062 -6.187 -6.262 -6.539 -11.019 -14.455 -6.179 -6.059 -6.363 -6.492
0.009 -0.22295 10.00000 0.9891927242 2.4706249237    0.738  3.162  3.5324  0.225    7  0.000  0.463     0.00     0.00 -1  -2.4e-07      0.00 7.130e-01 2.768e-01 1.360e-03 6.565e-04 3.912e-03 -1.000 1.025e-02 -3.136 -4.949 -5.851 -6.158 -6.289 -6.139 -6.266 -6.341 -6.630 -11.108 -14.544 -6.253 -6.135 -6.451 -6.583
0.009 -0.22295 10.00000 0.9891929030 2.4706249237    0.736  3.190  3.5286  0.182    7  0.000  0.463     0.00     0.00 -1  -2.7e-07      0.00 7.130e-01 2.768e-01 1.360e-03 6.566e-04 3.912e-03 -1.000 1.025e-02 -3.204 -5.030 -5.936 -6.251 -6.385 -6.235 -6.366 -6.441 -6.744 -11.219 -14.656 -6.347 -6.232 -6.562 -6.698
0.009 -0.22295 10.00000 0.9891931415 2.4706249237    0.733  3.217  3.5248  0.138    7  0.000  0.463     0.00     0.00 -1 -3.05e-07      0.00 7.130e-01 2.768e-01 1.360e-03 6.566e-04 3.912e-03 -1.000 1.025e-02 -3.272 -5.111 -6.021 -6.343 -6.481 -6.332 -6.466 -6.543 -6.870 -11.339 -14.779 -6.440 -6.329 -6.683 -6.825
0.009 -0.22295 10.00000 0.9891934991 2.4706249237    0.729  3.246  3.5206  0.089    7  0.000  0.463     0.00     0.00 -1 -3.52e-07      0.00 7.130e-01 2.768e-01 1.360e-03 6.567e-04 3.912e-03 -1.000 1.025e-02 -3.346 -5.198 -6.113 -6.444 -6.587 -6.438 -6.577 -6.655 -7.012 -11.474 -14.916 -6.543 -6.436 -6.819 -6.967
0.009 -0.22295 10.00000 0.9891939163 2.4706251621    0.724  3.285  3.5150  0.025    7  0.525  0.463     0.00     0.00 -1 -4.21e-07      0.00 7.130e-01 2.768e-01 1.359e-03 6.572e-04 3.912e-03 -1.000 1.025e-02 -3.442 -5.313 -6.233 -6.576 -6.723 -6.575 -6.719 -6.799 -7.192 -11.645 -15.090 -6.675 -6.574 -6.992 -7.148
0.009 -0.22295 10.00000 0.9891944528 2.4706251621    0.714  3.324  3.5092 -0.043    7  0.521  0.463     0.00     0.00 -1 -5.15e-07      0.01 7.130e-01 2.768e-01 1.358e-03 6.580e-04 3.912e-03 -1.000 1.025e-02 -3.540 -5.431 -6.355 -6.710 -6.865 -6.720 -6.869 -6.951 -7.397 -11.837 -15.287 -6.811 -6.719 -7.189 -7.355
0.009 -0.22295 10.00000 0.9891949296 2.4706254005    0.703  3.348  3.5056 -0.088    8  0.521  0.484   204.18    87.47  0 -5.95e-07      0.01 7.130e-01 2.781e-01 1.424e-03 6.596e-04 3.921e-03 -1.000 8.899e-03 -3.600 -5.503 -6.429 -6.792 -6.951 -6.810 -6.961 -7.046 -7.538 -11.966 -15.420 -6.893 -6.808 -7.323 -7.498
0.009 -0.22295 10.00000 0.9891949892 2.4706254005    0.702  3.078  3.5417  0.325    8  0.521  0.484    83.68    40.41  0 -1.95e-07      0.00 7.130e-01 2.781e-01 1.424e-03 6.596e-04 3.921e-03 -1.000 8.899e-03 -2.924 -4.707 -5.595 -5.886 -6.009 -5.859 -5.979 -6.054 -6.316 -10.799 -14.234 -5.979 -5.855 -6.145 -6.269
0.009 -0.22295 10.00000 0.9891950488 2.4706254005    0.700  2.942  3.5611  0.537    8  0.521  0.484    52.97    27.17  1  -1.1e-07      0.00 7.130e-01 2.781e-01 1.424e-03 6.596e-04 3.921e-03 -1.000 8.899e-03 -2.585 -4.312 -5.161 -5.418 -5.527 -5.382 -5.482 -5.557 -5.764 -10.257 -13.688 -5.504 -5.375 -5.610 -5.715
0.009 -0.22295 10.00000 0.9891952276 2.4706254005    0.695  2.780  3.5845  0.791    8  0.521  0.484    30.68    16.89  1 -5.44e-08      0.00 7.130e-01 2.781e-01 1.424e-03 6.596e-04 3.921e-03 -1.000 8.899e-03 -2.179 -3.852 -4.637 -4.857 -4.951 -4.821 -4.895 -4.976 -5.142 -9.641 -13.070 -4.936 -4.811 -5.008 -5.093
0.009 -0.22295 10.00000 0.9891954660 2.4706254005    0.689  2.804  3.5815  0.750    8  0.521  0.484    33.52    18.13  1 -6.27e-08      0.00 7.130e-01 2.781e-01 1.424e-03 6.596e-04 3.921e-03 -1.000 8.899e-03 -2.241 -3.920 -4.714 -4.939 -5.034 -4.902 -4.979 -5.060 -5.229 -9.728 -13.156 -5.019 -4.893 -5.093 -5.180
0.009 -0.22295 10.00000 0.9891957641 2.4706254005    0.681  2.935  3.5636  0.542    8  0.522  0.484    52.51    26.55  1 -1.17e-07      0.00 7.130e-01 2.781e-01 1.424e-03 6.596e-04 3.921e-03 -1.000 8.899e-03 -2.568 -4.289 -5.130 -5.384 -5.492 -5.348 -5.445 -5.521 -5.730 -10.222 -13.653 -5.470 -5.341 -5.577 -5.681
0.009 -0.22295 10.00000 0.9891961813 2.4706256390    0.671  3.099  3.5411  0.282    8  0.522  0.484    92.32    42.85  0 -2.47e-07      0.00 7.130e-01 2.781e-01 1.424e-03 6.596e-04 3.921e-03 -1.000 8.899e-03 -2.978 -4.764 -5.651 -5.945 -6.071 -5.922 -6.042 -6.120 -6.413 -10.888 -14.326 -6.040 -5.917 -6.239 -6.368
0.009 -0.22295 10.00000 0.9891965985 2.4706256390    0.660  3.234  3.5230  0.068    8  0.522  0.484   146.88    63.30  0 -4.56e-07      0.00 7.130e-01 2.781e-01 1.424e-03 6.596e-04 3.921e-03 -1.000 8.899e-03 -3.314 -5.158 -6.069 -6.398 -6.541 -6.395 -6.533 -6.618 -7.037 -11.481 -14.929 -6.500 -6.392 -6.837 -6.995
0.009 -0.22295 10.00000 0.9891971350 2.4706258774    0.647  3.319  3.5119 -0.071    8  0.522  0.484   198.71    81.03  0 -6.91e-07      0.01 7.130e-01 2.781e-01 1.424e-03 6.596e-04 3.921e-03 -1.000 8.899e-03 -3.528 -5.407 -6.329 -6.683 -6.842 -6.701 -6.852 -6.945 -7.506 -11.916 -15.377 -6.791 -6.699 -7.285 -7.469
0.009 -0.22295 10.00000 0.9891976714 2.4706258774    0.633  3.363  3.5068 -0.145    8  0.523  0.484   234.57    91.84  0 -8.89e-07      0.02 7.130e-01 2.781e-01 1.424e-03 6.596e-04 3.921e-03 -1.000 8.899e-03 -3.638 -5.533 -6.459 -6.826 -6.997 -6.864 -7.020 -7.126 -7.816 -12.197 -15.670 -6.940 -6.860 -7.578 -7.783
0.009 -0.22295 10.00000 0.9891983271 2.4706261158    0.617  3.383  3.5052 -0.182    8  0.523  0.484   256.27    96.85  0 -1.05e-06      0.02 7.130e-01 2.781e-01 1.424e-03 6.596e-04 3.921e-03 -1.000 8.899e-03 -3.689 -5.587 -6.514 -6.887 -7.064 -6.935 -7.095 -7.210 -7.987 -12.347 -15.828 -7.006 -6.931 -7.736 -7.955
0.009 -0.22295 10.00000 0.9891990423 2.4706261158    0.601  3.395  3.5071 -0.198    8  0.523  0.484   268.15    97.69  0 -1.21e-06      0.03 7.130e-01 2.781e-01 1.424e-03 6.596e-04 3.921e-03 -1.000 8.899e-03 -3.717 -5.604 -6.531 -6.906 -7.091 -6.969 -7.133 -7.264 -8.155 -12.495 -15.985 -7.035 -6.964 -7.890 -8.126
0.009 -0.22295 10.00000 0.9891990423 2.4706261158    0.600  3.182  3.5350  0.126    8  0.523  0.484   133.39    53.38  0 -5.02e-07      0.01 7.130e-01 2.781e-01 1.424e-03 6.596e-04 3.921e-03 -1.000 8.899e-03 -3.186 -4.991 -5.885 -6.194 -6.334 -6.190 -6.320 -6.413 -6.902 -11.325 -14.780 -6.300 -6.185 -6.698 -6.863
0.009 -0.22295 10.00000 0.9891991019 2.4706261158    0.599  2.997  3.5614  0.417    8  0.523  0.484    71.33    31.01  0 -2.29e-07      0.00 7.130e-01 2.781e-01 1.424e-03 6.596e-04 3.921e-03 -1.000 8.899e-03 -2.722 -4.451 -5.294 -5.556 -5.669 -5.526 -5.627 -5.710 -5.999 -10.468 -13.908 -5.647 -5.519 -5.836 -5.954
0.009 -0.22295 10.00000 0.9891991019 2.4706261158    0.598  2.833  3.5852  0.675    8  0.523  0.484    40.92    19.12  1 -1.12e-07      0.00 7.130e-01 2.781e-01 1.424e-03 6.596e-04 3.921e-03 -1.000 8.899e-03 -2.311 -3.988 -4.765 -4.987 -5.083 -4.952 -5.026 -5.112 -5.304 -9.796 -13.227 -5.069 -4.942 -5.168 -5.256
0.009 -0.22295 10.00000 0.9891992211 2.4706261158    0.596  2.855  3.5824  0.640    8  0.524  0.484    44.21    20.35  1 -1.25e-07      0.00 7.130e-01 2.781e-01 1.424e-03 6.596e-04 3.921e-03 -1.000 8.899e-03 -2.367 -4.049 -4.834 -5.062 -5.160 -5.027 -5.104 -5.189 -5.394 -9.883 -13.315 -5.144 -5.017 -5.254 -5.347
0.009 -0.22295 10.00000 0.9891992807 2.4706263542    0.593  2.981  3.5643  0.439    8  0.524  0.484    68.39    29.48  1 -2.22e-07      0.00 7.130e-01 2.781e-01 1.424e-03 6.596e-04 3.921e-03 -1.000 8.899e-03 -2.683 -4.405 -5.240 -5.498 -5.609 -5.467 -5.565 -5.648 -5.934 -10.404 -13.843 -5.588 -5.460 -5.773 -5.890
0.009 -0.22295 10.00000 0.9891993999 2.4706263542    0.590  3.140  3.5407  0.183    8  0.524  0.484   119.17    47.27  0 -4.44e-07      0.00 7.130e-01 2.781e-01 1.424e-03 6.596e-04 3.921e-03 -1.000 8.899e-03 -3.080 -4.868 -5.753 -6.052 -6.185 -6.042 -6.166 -6.257 -6.706 -11.138 -14.589 -6.155 -6.036 -6.510 -6.666
0.009 -0.22295 10.00000 0.9891995192 2.4706263542    0.586  3.269  3.5211 -0.027    8  0.524  0.484   188.34    69.52  0 -7.74e-07      0.01 7.130e-01 2.781e-01 1.424e-03 6.596e-04 3.921e-03 -1.000 8.899e-03 -3.403 -5.249 -6.163 -6.502 -6.660 -6.522 -6.669 -6.776 -7.440 -11.824 -15.296 -6.618 -6.518 -7.208 -7.406
0.009 -0.22295 10.00000 0.9891996980 2.4706263542    0.581  3.350  3.5092 -0.159    8  0.524  0.484   251.80    88.26  0  -1.1e-06      0.02 7.130e-01 2.781e-01 1.424e-03 6.596e-04 3.921e-03 -1.000 8.899e-03 -3.605 -5.487 -6.412 -6.780 -6.959 -6.834 -6.994 -7.119 -7.963 -12.311 -15.798 -6.906 -6.829 -7.704 -7.933
0.009 -0.22295 10.00000 0.9891998172 2.4706263542    0.576  3.389  3.5044 -0.221    8  0.524  0.484   290.15    98.26  0 -1.33e-06      0.03 7.130e-01 2.781e-01 1.424e-03 6.596e-04 3.921e-03 -1.000 8.899e-03 -3.703 -5.596 -6.527 -6.909 -7.102 -6.986 -7.153 -7.294 -8.262 -12.588 -16.083 -7.042 -6.979 -7.986 -8.235
0.009 -0.22295 10.00000 0.9892000556 2.4706263542    0.570  3.405  3.5048 -0.239    8  0.524  0.484   304.12   100.43  0 -1.47e-06      0.04 7.130e-01 2.781e-01 1.424e-03 6.596e-04 3.921e-03 -1.000 8.899e-03 -3.741 -5.630 -6.561 -6.945 -7.144 -7.033 -7.204 -7.355 -8.396 -12.709 -16.210 -7.085 -7.026 -8.111 -8.371
0.009 -0.22295 10.00000 0.9892002344 2.4706263542    0.564  3.410  3.5412 -0.104    8  0.524  0.484   229.99    77.08  0  -1.7e-06      0.04 7.130e-01 2.781e-01 1.424e-03 6.596e-04 3.921e-03 -1.000 8.899e-03 -3.756 -5.528 -6.411 -6.740 -6.934 -6.845 -6.997 -7.195 -8.502 -12.768 -16.282 -6.900 -6.829 -8.189 -8.482
0.009 -0.22295 10.00000 0.9892015457 2.4706268311    0.524 -9.999  4.0000  1.891    9  0.525  0.000     0.00     0.00 -1    -1e-30      0.00 7.130e-01 2.781e-01 1.424e-03 6.596e-04 3.921e-03 -1.000 8.899e-03 29.767 30.040 30.067 30.077 30.083 30.081 30.085 30.088 29.605 29.948 30.013 30.082 30.082 29.681 29.787
#isochrone terminated
