# File generated by CMD 3.3 (http://stev.oapd.inaf.it/cmd) on Thu Sep 19 14:11:03 CEST 2019
# isochrones based on PARSEC release v1.2S +  COLIBRI S_35
# Basic references: Bressan et al. (2012), MNRAS, 427, 127 + Chen et al. (2014, 2015), MNRAS, 444, 2525 + MNRAS, 452, 1068 + Tang et al. (2014), MNRAS, 445, 4287 + Marigo et al. (2017), ApJ, 835, 77 + Pastorelli al. (2019), MNRAS in press
# Thermal pulse cycles included 
# On RGB, assumed Reimers mass loss with efficiency eta=0.2
# Photometric system:  2MASS + Spitzer (IRAC+MIPS) + WISE
# Using YBC version of bolometric corrections as in Chen et al. (2019)
# O-rich circumstellar dpmod60alox40 dust from Groenewegen (2006)
# C-rich circumstellar AMCSIC15 dust from Groenewegen (2006)
# IMF: Kroupa (2001, 2002) + Kroupa et al. (2013) canonical two-part-power law IMF corrected for unresolved binaries 
# Kind of output: isochrone tables
# Zini     MH   logAge Mini        int_IMF         Mass   logL    logTe  logg  label   McoreTP C_O  period0 period1 pmode  Mloss  tau1m   X   Y   Xc  Xn  Xo  Cexcess  Z 	 mbolmag  Jmag    Hmag    Ksmag   IRAC_3.6mag  IRAC_4.5mag  IRAC_5.8mag  IRAC_8.0mag  MIPS_24mag  MIPS_70mag  MIPS_160mag  W1mag   W2mag   W3mag   W4mag
0.0152 0.01508 5.00000 0.0900000036 1.0816895962    0.090 -0.764  3.4511  2.913    0  0.000  0.545     0.00     0.00 -1 -2.56e-13      0.00 7.092e-01 2.755e-01 2.746e-03 7.408e-04 6.719e-03 -1.000 1.527e-02 6.679 4.613 4.027 3.729 3.348 3.205 3.160 3.088 2.460 2.430 2.498 3.482 3.210 3.045 2.650
0.0152 0.01508 5.00000 0.1000000015 1.1711064577    0.100 -0.688  3.4553  2.899    0  0.000  0.545     0.00     0.00 -1 -2.93e-13      0.00 7.092e-01 2.755e-01 2.746e-03 7.408e-04 6.719e-03 -1.000 1.527e-02 6.491 4.431 3.828 3.543 3.179 3.039 2.998 2.928 2.305 2.277 2.348 3.312 3.046 2.888 2.495
0.0152 0.01508 5.00000 0.1067722067 1.2253091335    0.107 -0.644  3.4585  2.896    0  0.000  0.545     0.00     0.00 -1 -3.15e-13      0.00 7.092e-01 2.755e-01 2.746e-03 7.408e-04 6.719e-03 -1.000 1.527e-02 6.380 4.325 3.710 3.434 3.083 2.946 2.907 2.839 2.219 2.193 2.267 3.216 2.953 2.801 2.409
0.0152 0.01508 5.00000 0.1233605742 1.3410689831    0.123 -0.542  3.4660  2.887    0  0.000  0.545     0.00     0.00 -1 -3.75e-13      0.00 7.092e-01 2.755e-01 2.746e-03 7.408e-04 6.719e-03 -1.000 1.527e-02 6.124 4.084 3.438 3.179 2.861 2.733 2.697 2.635 2.023 2.003 2.081 2.992 2.740 2.602 2.213
0.0152 0.01508 5.00000 0.1364372820 1.4189119339    0.136 -0.471  3.4727  2.887    0  0.000  0.545     0.00     0.00 -1 -4.19e-13      0.00 7.092e-01 2.755e-01 2.746e-03 7.408e-04 6.719e-03 -1.000 1.527e-02 5.947 3.921 3.247 3.002 2.712 2.593 2.561 2.504 1.899 1.884 1.967 2.842 2.601 2.475 2.089
0.0152 0.01508 5.00000 0.1432723850 1.4558397532    0.143 -0.437  3.4764  2.889    0  0.000  0.545     0.00     0.00 -1 -4.41e-13      0.00 7.092e-01 2.755e-01 2.746e-03 7.408e-04 6.719e-03 -1.000 1.527e-02 5.864 3.845 3.156 2.918 2.643 2.528 2.499 2.443 1.843 1.831 1.916 2.771 2.537 2.417 2.032
0.0152 0.01508 5.00000 0.1551610976 1.5149109364    0.155 -0.382  3.4830  2.894    0  0.000  0.545     0.00     0.00 -1 -4.79e-13      0.00 7.092e-01 2.755e-01 2.746e-03 7.408e-04 6.719e-03 -1.000 1.527e-02 5.724 3.720 3.004 2.777 2.530 2.425 2.398 2.346 1.753 1.748 1.837 2.656 2.434 2.324 1.943
0.0152 0.01508 5.00000 0.1625732780 1.5488405228    0.163 -0.349  3.4871  2.898    0  0.000  0.545     0.00     0.00 -1 -5.02e-13      0.00 7.092e-01 2.755e-01 2.746e-03 7.408e-04 6.719e-03 -1.000 1.527e-02 5.642 3.647 2.914 2.694 2.463 2.365 2.340 2.290 1.702 1.701 1.793 2.588 2.374 2.271 1.892
0.0152 0.01508 5.00000 0.1747228056 1.6003189087    0.175 -0.298  3.4939  2.906    0  0.000  0.545     0.00     0.00 -1 -5.39e-13      0.00 7.092e-01 2.755e-01 2.746e-03 7.408e-04 6.719e-03 -1.000 1.527e-02 5.515 3.537 2.777 2.566 2.361 2.274 2.251 2.204 1.625 1.631 1.728 2.482 2.284 2.191 1.815
0.0152 0.01508 5.00000 0.1877826452 1.6507047415    0.188 -0.244  3.5013  2.913    0  0.000  0.545     0.00     0.00 -1 -5.84e-13      0.00 7.092e-01 2.755e-01 2.746e-03 7.408e-04 6.719e-03 -1.000 1.527e-02 5.381 3.422 2.634 2.430 2.252 2.179 2.158 2.113 1.544 1.559 1.661 2.368 2.189 2.105 1.734
0.0152 0.01508 5.00000 0.2110983282 1.7302274704    0.211 -0.155  3.5135  2.923    0  0.000  0.545     0.00     0.00 -1 -6.69e-13      0.00 7.092e-01 2.755e-01 2.746e-03 7.408e-04 6.719e-03 -1.000 1.527e-02 5.157 3.232 2.401 2.209 2.069 2.022 2.002 1.959 1.408 1.439 1.550 2.175 2.033 1.961 1.598
0.0152 0.01508 5.00000 0.2282428592 1.7817517519    0.228 -0.098  3.5216  2.933    0  0.000  0.545     0.00     0.00 -1 -7.25e-13      0.00 7.092e-01 2.755e-01 2.746e-03 7.408e-04 6.719e-03 -1.000 1.527e-02 5.015 3.112 2.259 2.074 1.955 1.924 1.905 1.862 1.324 1.366 1.481 2.053 1.936 1.870 1.514
0.0152 0.01508 5.00000 0.2466103733 1.8316454887    0.247 -0.039  3.5299  2.940    0  0.000  0.545     0.00     0.00 -1 -7.93e-13      0.00 7.092e-01 2.755e-01 2.746e-03 7.408e-04 6.719e-03 -1.000 1.527e-02 4.867 2.986 2.118 1.937 1.834 1.822 1.801 1.758 1.234 1.286 1.406 1.923 1.833 1.772 1.424
0.0152 0.01508 5.00000 0.2724891901 1.8942860365    0.272  0.040  3.5412  2.950    0  0.000  0.545     0.00     0.00 -1 -8.95e-13      0.00 7.092e-01 2.755e-01 2.746e-03 7.408e-04 6.719e-03 -1.000 1.527e-02 4.669 2.829 1.948 1.769 1.676 1.688 1.662 1.612 1.110 1.180 1.304 1.749 1.699 1.636 1.299
0.0152 0.01508 5.00000 0.2994569838 1.9518252611    0.299  0.114  3.5519  2.959    0  0.000  0.545     0.00     0.00 -1    -1e-12      0.00 7.092e-01 2.755e-01 2.746e-03 7.408e-04 6.719e-03 -1.000 1.527e-02 4.484 2.681 1.799 1.621 1.535 1.566 1.535 1.477 0.994 1.079 1.207 1.592 1.576 1.510 1.184
0.0152 0.01508 5.00000 0.3000000119 1.9529139996    0.300  0.116  3.5521  2.959    0  0.000  0.545     0.00     0.00 -1    -1e-12      0.00 7.092e-01 2.755e-01 2.746e-03 7.408e-04 6.719e-03 -1.000 1.527e-02 4.480 2.679 1.796 1.618 1.532 1.564 1.533 1.475 0.992 1.078 1.205 1.590 1.574 1.507 1.181
0.0152 0.01508 5.00000 0.3163242936 1.9844955206    0.316  0.158  3.5578  2.963    0  0.000  0.545     0.00     0.00 -1 -1.07e-12      0.00 7.092e-01 2.755e-01 2.746e-03 7.408e-04 6.719e-03 -1.000 1.527e-02 4.375 2.593 1.712 1.536 1.453 1.495 1.461 1.399 0.926 1.018 1.146 1.503 1.504 1.435 1.115
0.0152 0.01508 5.00000 0.3500000238 2.0434176922    0.350  0.237  3.5688  2.973    0  0.000  0.545     0.00     0.00 -1 -1.21e-12      0.00 7.092e-01 2.755e-01 2.746e-03 7.408e-04 6.719e-03 -1.000 1.527e-02 4.179 2.434 1.557 1.389 1.314 1.370 1.334 1.264 0.807 0.911 1.039 1.351 1.379 1.308 0.996
0.0152 0.01508 5.00000 0.3837943673 2.0955677032    0.384  0.312  3.5783  2.975    0  0.000  0.545     0.00     0.00 -1 -1.37e-12      0.00 7.092e-01 2.755e-01 2.746e-03 7.408e-04 6.719e-03 -1.000 1.527e-02 3.989 2.273 1.408 1.246 1.177 1.243 1.206 1.132 0.685 0.798 0.927 1.205 1.252 1.179 0.874
0.0152 0.01508 5.00000 0.4000000358 2.1185026169    0.400  0.344  3.5825  2.978    0  0.000  0.545     0.00     0.00 -1 -1.44e-12      0.00 7.092e-01 2.755e-01 2.746e-03 7.408e-04 6.719e-03 -1.000 1.527e-02 3.910 2.205 1.349 1.190 1.123 1.192 1.154 1.078 0.636 0.752 0.881 1.148 1.201 1.128 0.826
0.0152 0.01508 5.00000 0.4235594273 2.1497731209    0.423  0.391  3.5880  2.978    0  0.000  0.545     0.00     0.00 -1 -1.56e-12      0.00 7.092e-01 2.755e-01 2.746e-03 7.408e-04 6.719e-03 -1.000 1.527e-02 3.793 2.103 1.262 1.107 1.041 1.112 1.075 0.998 0.561 0.680 0.809 1.062 1.121 1.049 0.750
0.0152 0.01508 5.00000 0.4500000477 2.1822810173    0.450  0.442  3.5937  2.976    0  0.000  0.545     0.00     0.00 -1  -1.7e-12      0.00 7.092e-01 2.755e-01 2.746e-03 7.408e-04 6.719e-03 -1.000 1.527e-02 3.665 1.989 1.165 1.014 0.949 1.022 0.986 0.907 0.474 0.598 0.727 0.967 1.031 0.960 0.664
0.0152 0.01508 5.00000 0.5000000000 2.2374541759    0.500  0.523  3.6031  2.978    0  0.000  0.545     0.00     0.00 -1 -1.95e-12      0.00 7.092e-01 2.755e-01 2.746e-03 7.408e-04 6.719e-03 -1.000 1.527e-02 3.462 1.810 1.015 0.871 0.808 0.884 0.848 0.769 0.342 0.472 0.603 0.822 0.892 0.824 0.531
0.0152 0.01508 5.00000 0.5367204547 2.2723500729    0.536  0.582  3.6088  2.973    0  0.000  0.545     0.00     0.00 -1 -2.16e-12      0.00 7.092e-01 2.755e-01 2.746e-03 7.408e-04 6.719e-03 -1.000 1.527e-02 3.315 1.676 0.900 0.761 0.699 0.775 0.740 0.661 0.238 0.371 0.503 0.711 0.783 0.718 0.427
0.0152 0.01508 5.00000 0.5500000119 2.2836582661    0.550  0.601  3.6109  2.972    0  0.000  0.545     0.00     0.00 -1 -2.23e-12      0.00 7.092e-01 2.755e-01 2.746e-03 7.408e-04 6.719e-03 -1.000 1.527e-02 3.266 1.633 0.864 0.726 0.665 0.741 0.707 0.628 0.205 0.340 0.472 0.676 0.749 0.685 0.394
0.0152 0.01508 5.00000 0.5997042060 2.3209209442    0.599  0.679  3.6174  2.958    0  0.000  0.545     0.00     0.00 -1 -2.61e-12      0.00 7.092e-01 2.755e-01 2.746e-03 7.408e-04 6.719e-03 -1.000 1.527e-02 3.072 1.454 0.706 0.574 0.515 0.591 0.558 0.479 0.059 0.197 0.330 0.524 0.599 0.537 0.248
0.0152 0.01508 5.00000 0.6000000238 2.3211214542    0.600  0.680  3.6174  2.958    0  0.000  0.545     0.00     0.00 -1 -2.61e-12      0.00 7.092e-01 2.755e-01 2.746e-03 7.408e-04 6.719e-03 -1.000 1.527e-02 3.070 1.453 0.705 0.573 0.514 0.590 0.557 0.478 0.059 0.196 0.329 0.524 0.598 0.536 0.248
0.0152 0.01508 5.00000 0.6429254413 2.3479962349    0.643  0.735  3.6223  2.953    0  0.000  0.545     0.00     0.00 -1 -2.87e-12      0.00 7.092e-01 2.755e-01 2.746e-03 7.408e-04 6.719e-03 -1.000 1.527e-02 2.933 1.328 0.596 0.468 0.410 0.486 0.454 0.376 -0.042 0.098 0.231 0.419 0.494 0.434 0.147
0.0152 0.01508 5.00000 0.6499999762 2.3520355225    0.650  0.744  3.6230  2.951    0  0.000  0.545     0.00     0.00 -1 -2.93e-12      0.00 7.092e-01 2.755e-01 2.746e-03 7.408e-04 6.719e-03 -1.000 1.527e-02 2.910 1.307 0.577 0.450 0.392 0.468 0.436 0.358 -0.060 0.080 0.214 0.401 0.476 0.416 0.129
0.0152 0.01508 5.00000 0.6925981045 2.3743643761    0.693  0.797  3.6271  2.943    0  0.000  0.545     0.00     0.00 -1 -3.23e-12      0.00 7.092e-01 2.755e-01 2.746e-03 7.408e-04 6.719e-03 -1.000 1.527e-02 2.779 1.186 0.470 0.346 0.289 0.364 0.334 0.257 -0.160 -0.019 0.115 0.297 0.372 0.315 0.029
0.0152 0.01508 5.00000 0.7000000477 2.3779268265    0.700  0.805  3.6279  2.942    0  0.000  0.545     0.00     0.00 -1 -3.28e-12      0.00 7.092e-01 2.755e-01 2.746e-03 7.408e-04 6.719e-03 -1.000 1.527e-02 2.758 1.167 0.454 0.331 0.274 0.349 0.318 0.242 -0.175 -0.034 0.100 0.282 0.357 0.300 0.014
0.0152 0.01508 5.00000 0.7308375239 2.3918800354    0.731  0.842  3.6329  2.944    0  0.000  0.540     0.00     0.00 -1 -3.48e-12      0.00 7.092e-01 2.755e-01 2.723e-03 7.402e-04 6.720e-03 -1.000 1.527e-02 2.666 1.087 0.392 0.272 0.217 0.291 0.262 0.186 -0.229 -0.086 0.048 0.224 0.299 0.245 -0.041
0.0152 0.01508 5.00000 0.7500000000 2.3998889923    0.750  0.874  3.6357  2.934    0  0.000  0.538     0.00     0.00 -1 -3.75e-12      0.00 7.092e-01 2.755e-01 2.710e-03 7.399e-04 6.720e-03 -1.000 1.527e-02 2.585 1.014 0.328 0.211 0.156 0.229 0.201 0.126 -0.289 -0.145 -0.011 0.163 0.237 0.185 -0.100
0.0152 0.01508 5.00000 0.7928187251 2.4161868095    0.793  0.914  3.6387  2.930    0  0.000  0.538     0.00     0.00 -1 -4.02e-12      0.00 7.092e-01 2.755e-01 2.710e-03 7.399e-04 6.720e-03 -1.000 1.527e-02 2.484 0.920 0.245 0.130 0.076 0.149 0.121 0.047 -0.368 -0.223 -0.089 0.082 0.156 0.106 -0.179
0.0152 0.01508 5.00000 0.8000000119 2.4187245369    0.800  0.921  3.6392  2.929    0  0.000  0.538     0.00     0.00 -1 -4.06e-12      0.00 7.092e-01 2.755e-01 2.710e-03 7.399e-04 6.720e-03 -1.000 1.527e-02 2.468 0.905 0.232 0.117 0.063 0.135 0.108 0.034 -0.380 -0.236 -0.101 0.069 0.143 0.093 -0.192
0.0152 0.01508 5.00000 0.8097901344 2.4221007824    0.810  0.929  3.6399  2.929    0  0.000  0.538     0.00     0.00 -1 -4.11e-12      0.00 7.092e-01 2.755e-01 2.710e-03 7.399e-04 6.720e-03 -1.000 1.527e-02 2.448 0.887 0.216 0.102 0.048 0.120 0.093 0.019 -0.395 -0.250 -0.116 0.054 0.128 0.078 -0.206
0.0152 0.01508 5.00000 0.8500000238 2.4350347519    0.850  0.968  3.6423  2.921    0  0.000  0.538     0.00     0.00 -1 -4.43e-12      0.00 7.092e-01 2.755e-01 2.710e-03 7.399e-04 6.720e-03 -1.000 1.527e-02 2.351 0.795 0.133 0.021 -0.033 0.039 0.012 -0.061 -0.475 -0.330 -0.195 -0.027 0.046 -0.002 -0.286
0.0152 0.01508 5.00000 0.9000000358 2.4492788315    0.899  1.012  3.6450  2.912    0  0.000  0.538     0.00     0.00 -1 -4.83e-12      0.00 7.092e-01 2.755e-01 2.710e-03 7.399e-04 6.720e-03 -1.000 1.527e-02 2.239 0.691 0.038 -0.072 -0.126 -0.054 -0.081 -0.153 -0.567 -0.421 -0.286 -0.119 -0.047 -0.094 -0.378
0.0152 0.01508 5.00000 0.9500000477 2.4618122578    0.950  1.052  3.6475  2.905    0  0.000  0.538     0.00     0.00 -1  -5.2e-12      0.00 7.092e-01 2.755e-01 2.710e-03 7.399e-04 6.720e-03 -1.000 1.527e-02 2.139 0.597 -0.046 -0.155 -0.208 -0.138 -0.163 -0.235 -0.648 -0.502 -0.367 -0.202 -0.130 -0.176 -0.459
0.0152 0.01508 5.00000 1.0000000000 2.4729156494    1.000  1.092  3.6498  2.897    0  0.000  0.538     0.00     0.00 -1  -5.6e-12      0.00 7.092e-01 2.755e-01 2.710e-03 7.399e-04 6.720e-03 -1.000 1.527e-02 2.039 0.503 -0.132 -0.239 -0.292 -0.222 -0.247 -0.318 -0.731 -0.585 -0.450 -0.286 -0.215 -0.259 -0.542
0.0152 0.01508 5.00000 1.0499999523 2.4828116894    1.050  1.128  3.6519  2.891    0  0.000  0.538     0.00     0.00 -1 -5.55e-12      0.00 7.092e-01 2.755e-01 2.710e-03 7.399e-04 6.720e-03 -1.000 1.527e-02 1.950 0.419 -0.208 -0.314 -0.366 -0.297 -0.322 -0.392 -0.805 -0.658 -0.524 -0.361 -0.290 -0.333 -0.616
0.0152 0.01508 5.00000 1.1000000238 2.4916803837    1.099  1.163  3.6538  2.883    0  0.000  0.538     0.00     0.00 -1 -5.48e-12      0.00 7.092e-01 2.755e-01 2.710e-03 7.399e-04 6.720e-03 -1.000 1.527e-02 1.862 0.336 -0.284 -0.389 -0.441 -0.372 -0.397 -0.466 -0.879 -0.732 -0.598 -0.435 -0.365 -0.407 -0.690
0.0152 0.01508 5.00000 1.1499999762 2.4996678829    1.149  1.197  3.6556  2.876    0  0.000  0.538     0.00     0.00 -1 -5.35e-12      0.00 7.092e-01 2.755e-01 2.710e-03 7.399e-04 6.720e-03 -1.000 1.527e-02 1.779 0.257 -0.357 -0.460 -0.512 -0.444 -0.468 -0.537 -0.950 -0.803 -0.668 -0.506 -0.437 -0.477 -0.761
0.0152 0.01508 5.00000 1.2000000477 2.5068950653    1.200  1.229  3.6572  2.869    0  0.000  0.538     0.00     0.00 -1 -5.17e-12      0.00 7.092e-01 2.755e-01 2.710e-03 7.399e-04 6.720e-03 -1.000 1.527e-02 1.697 0.180 -0.429 -0.531 -0.583 -0.515 -0.539 -0.607 -1.020 -0.873 -0.738 -0.577 -0.508 -0.548 -0.831
0.0152 0.01508 5.00000 1.2272049189 2.5105440617    1.227  1.246  3.6581  2.866    0  0.000  0.538     0.00     0.00 -1 -5.03e-12      0.00 7.092e-01 2.755e-01 2.710e-03 7.399e-04 6.720e-03 -1.000 1.527e-02 1.656 0.141 -0.464 -0.566 -0.617 -0.550 -0.573 -0.641 -1.054 -0.907 -0.772 -0.612 -0.543 -0.582 -0.865
0.0152 0.01508 5.00000 1.2500000000 2.5134611130    1.250  1.258  3.6588  2.864    0  0.000  0.538     0.00     0.00 -1 -4.91e-12      0.00 7.092e-01 2.755e-01 2.710e-03 7.399e-04 6.720e-03 -1.000 1.527e-02 1.624 0.111 -0.491 -0.593 -0.644 -0.577 -0.600 -0.668 -1.081 -0.934 -0.799 -0.639 -0.570 -0.609 -0.892
0.0152 0.01508 5.00000 1.2999999523 2.5194499493    1.300  1.286  3.6603  2.859    0  0.000  0.538     0.00     0.00 -1 -4.58e-12      0.00 7.092e-01 2.755e-01 2.710e-03 7.399e-04 6.720e-03 -1.000 1.527e-02 1.554 0.046 -0.552 -0.652 -0.703 -0.637 -0.660 -0.727 -1.140 -0.992 -0.858 -0.698 -0.630 -0.668 -0.951
0.0152 0.01508 5.00000 1.3095191717 2.5205307007    1.310  1.291  3.6606  2.858    0  0.000  0.538     0.00     0.00 -1 -4.51e-12      0.00 7.092e-01 2.755e-01 2.710e-03 7.399e-04 6.720e-03 -1.000 1.527e-02 1.541 0.033 -0.563 -0.664 -0.714 -0.648 -0.671 -0.738 -1.151 -1.003 -0.869 -0.709 -0.641 -0.679 -0.962
0.0152 0.01508 5.00000 1.3500001431 2.5249314308    1.350  1.312  3.6617  2.855    0  0.000  0.538     0.00     0.00 -1  -4.2e-12      0.00 7.092e-01 2.755e-01 2.710e-03 7.399e-04 6.720e-03 -1.000 1.527e-02 1.489 -0.016 -0.608 -0.708 -0.759 -0.692 -0.715 -0.782 -1.195 -1.047 -0.912 -0.753 -0.685 -0.723 -1.006
0.0152 0.01508 5.00000 1.4000000954 2.5299651623    1.400  1.337  3.6631  2.851    0  0.000  0.538     0.00     0.00 -1 -3.76e-12      0.00 7.092e-01 2.755e-01 2.710e-03 7.399e-04 6.720e-03 -1.000 1.527e-02 1.426 -0.075 -0.663 -0.761 -0.812 -0.746 -0.768 -0.835 -1.248 -1.100 -0.965 -0.807 -0.739 -0.776 -1.059
0.0152 0.01508 5.00000 1.4500000477 2.5346016884    1.450  1.361  3.6644  2.848    0  0.000  0.538     0.00     0.00 -1 -3.26e-12      0.00 7.092e-01 2.755e-01 2.710e-03 7.399e-04 6.720e-03 -1.000 1.527e-02 1.368 -0.129 -0.713 -0.811 -0.861 -0.795 -0.817 -0.884 -1.296 -1.149 -1.014 -0.855 -0.788 -0.824 -1.107
0.0152 0.01508 5.00000 1.5000000000 2.5388846397    1.500  1.386  3.6655  2.842    0  0.000  0.538     0.00     0.00 -1 -2.73e-12      0.00 7.092e-01 2.755e-01 2.710e-03 7.399e-04 6.720e-03 -1.000 1.527e-02 1.306 -0.188 -0.768 -0.866 -0.915 -0.850 -0.872 -0.938 -1.351 -1.203 -1.068 -0.910 -0.843 -0.879 -1.162
0.0152 0.01508 5.00000 1.5500001907 2.5428512096    1.550  1.409  3.6666  2.838    0  0.000  0.538     0.00     0.00 -1 -2.14e-12      0.00 7.092e-01 2.755e-01 2.710e-03 7.399e-04 6.720e-03 -1.000 1.527e-02 1.248 -0.243 -0.819 -0.915 -0.965 -0.900 -0.922 -0.987 -1.400 -1.252 -1.117 -0.960 -0.893 -0.928 -1.211
0.0152 0.01508 5.00000 1.5811661482 2.5451784134    1.581  1.422  3.6673  2.836    0  0.000  0.538     0.00     0.00 -1  -1.7e-12      0.00 7.092e-01 2.755e-01 2.710e-03 7.399e-04 6.720e-03 -1.000 1.527e-02 1.215 -0.274 -0.848 -0.944 -0.993 -0.929 -0.950 -1.016 -1.428 -1.280 -1.146 -0.988 -0.922 -0.957 -1.239
0.0152 0.01508 5.00000 1.6000000238 2.5465342999    1.600  1.428  3.6678  2.837    0  0.000  0.538     0.00     0.00 -1 -1.47e-12      0.00 7.092e-01 2.755e-01 2.710e-03 7.399e-04 6.720e-03 -1.000 1.527e-02 1.199 -0.288 -0.861 -0.956 -1.005 -0.941 -0.962 -1.028 -1.440 -1.292 -1.158 -1.000 -0.934 -0.969 -1.251
0.0152 0.01508 5.00000 1.6500000954 2.5499615669    1.649  1.451  3.6688  2.832    0  0.000  0.538     0.00     0.00 -1 -7.66e-13      0.00 7.092e-01 2.755e-01 2.710e-03 7.399e-04 6.720e-03 -1.000 1.527e-02 1.143 -0.342 -0.910 -1.005 -1.054 -0.990 -1.012 -1.077 -1.489 -1.341 -1.206 -1.049 -0.984 -1.017 -1.300
0.0152 0.01508 5.00000 1.7000000477 2.5531582832    1.699  1.468  3.6699  2.832    0  0.000  0.538     0.00     0.00 -1    -1e-30      0.00 7.092e-01 2.755e-01 2.710e-03 7.399e-04 6.720e-03 -1.000 1.527e-02 1.100 -0.382 -0.947 -1.041 -1.090 -1.026 -1.047 -1.112 -1.524 -1.376 -1.241 -1.085 -1.019 -1.052 -1.335
0.0152 0.01508 5.00000 1.7500000000 2.5561456680    1.749  1.489  3.6708  2.827    0  0.000  0.538     0.00     0.00 -1    -1e-30      0.00 7.092e-01 2.755e-01 2.710e-03 7.399e-04 6.720e-03 -1.000 1.527e-02 1.048 -0.431 -0.993 -1.086 -1.135 -1.072 -1.093 -1.157 -1.569 -1.421 -1.287 -1.130 -1.065 -1.098 -1.381
0.0152 0.01508 5.00000 1.7663903236 2.5570826530    1.765  1.495  3.6711  2.827    0  0.000  0.538     0.00     0.00 -1    -1e-30      0.00 7.092e-01 2.755e-01 2.710e-03 7.399e-04 6.720e-03 -1.000 1.527e-02 1.033 -0.445 -1.006 -1.099 -1.148 -1.085 -1.106 -1.170 -1.582 -1.434 -1.299 -1.143 -1.078 -1.111 -1.393
0.0152 0.01508 5.00000 1.8000000715 2.5589430332    1.799  1.506  3.6718  2.827    0  0.000  0.538     0.00     0.00 -1    -1e-30      0.00 7.092e-01 2.755e-01 2.710e-03 7.399e-04 6.720e-03 -1.000 1.527e-02 1.006 -0.470 -1.029 -1.122 -1.170 -1.107 -1.128 -1.192 -1.604 -1.456 -1.321 -1.165 -1.101 -1.133 -1.415
0.0152 0.01508 5.00000 1.8500000238 2.5615673065    1.849  1.521  3.6728  2.827    0  0.000  0.538     0.00     0.00 -1    -1e-30      0.00 7.092e-01 2.755e-01 2.710e-03 7.399e-04 6.720e-03 -1.000 1.527e-02 0.967 -0.506 -1.061 -1.154 -1.202 -1.140 -1.160 -1.224 -1.636 -1.488 -1.353 -1.197 -1.133 -1.164 -1.447
0.0152 0.01508 5.00000 1.9000000954 2.5640332699    1.899  1.540  3.6736  2.823    0  0.000  0.538     0.00     0.00 -1    -1e-30      0.00 7.092e-01 2.755e-01 2.710e-03 7.399e-04 6.720e-03 -1.000 1.527e-02 0.921 -0.550 -1.103 -1.195 -1.243 -1.180 -1.201 -1.264 -1.676 -1.528 -1.393 -1.238 -1.174 -1.205 -1.488
0.0152 0.01508 5.00000 1.9007760286 2.5640704632    1.900  1.540  3.6736  2.823    0  0.000  0.538     0.00     0.00 -1    -1e-30      0.00 7.092e-01 2.755e-01 2.710e-03 7.399e-04 6.720e-03 -1.000 1.527e-02 0.920 -0.551 -1.103 -1.195 -1.243 -1.181 -1.201 -1.265 -1.677 -1.529 -1.394 -1.239 -1.174 -1.205 -1.488
0.0152 0.01508 5.00000 1.9500001669 2.5663545132    1.950  1.555  3.6745  2.823    0  0.000  0.538     0.00     0.00 -1    -1e-30      0.00 7.092e-01 2.755e-01 2.710e-03 7.399e-04 6.720e-03 -1.000 1.527e-02 0.882 -0.586 -1.136 -1.227 -1.275 -1.213 -1.233 -1.296 -1.709 -1.561 -1.426 -1.270 -1.206 -1.237 -1.520
0.0152 0.01508 5.00000 2.0000000000 2.5685424805    2.000  1.570  3.6754  2.823    0  0.000  0.538     0.00     0.00 -1    -1e-30      0.00 7.092e-01 2.755e-01 2.710e-03 7.399e-04 6.720e-03 -1.000 1.527e-02 0.845 -0.620 -1.167 -1.258 -1.306 -1.244 -1.264 -1.327 -1.739 -1.591 -1.456 -1.301 -1.238 -1.268 -1.550
0.0152 0.01508 5.00000 2.0085380077 2.5689036846    2.009  1.573  3.6755  2.822    0  0.000  0.538     0.00     0.00 -1    -1e-30      0.00 7.092e-01 2.755e-01 2.710e-03 7.399e-04 6.720e-03 -1.000 1.527e-02 0.838 -0.627 -1.174 -1.265 -1.312 -1.250 -1.270 -1.333 -1.746 -1.597 -1.463 -1.307 -1.244 -1.274 -1.557
0.0152 0.01508 5.00000 2.0499999523 2.5706083775    2.050  1.585  3.6763  2.822    0  0.000  0.538     0.00     0.00 -1    -1e-30      0.00 7.092e-01 2.755e-01 2.710e-03 7.399e-04 6.720e-03 -1.000 1.527e-02 0.807 -0.655 -1.199 -1.290 -1.337 -1.276 -1.296 -1.358 -1.771 -1.622 -1.488 -1.333 -1.269 -1.299 -1.582
0.0152 0.01508 5.00000 2.0999999046 2.5725615025    2.099  1.598  3.6771  2.823    0  0.000  0.538     0.00     0.00 -1    -1e-30      0.00 7.092e-01 2.755e-01 2.710e-03 7.399e-04 6.720e-03 -1.000 1.527e-02 0.775 -0.685 -1.226 -1.316 -1.363 -1.302 -1.322 -1.384 -1.797 -1.648 -1.514 -1.359 -1.296 -1.325 -1.608
0.0152 0.01508 5.00000 2.1359493732 2.5739011765    2.135  1.610  3.6776  2.819    0  0.000  0.538     0.00     0.00 -1    -1e-30      0.00 7.092e-01 2.755e-01 2.710e-03 7.399e-04 6.720e-03 -1.000 1.527e-02 0.745 -0.714 -1.254 -1.344 -1.391 -1.330 -1.349 -1.411 -1.824 -1.676 -1.541 -1.386 -1.323 -1.352 -1.635
0.0152 0.01508 5.00000 2.1500000954 2.5744106770    2.149  1.614  3.6778  2.819    0  0.000  0.538     0.00     0.00 -1    -1e-30      0.00 7.092e-01 2.755e-01 2.710e-03 7.399e-04 6.720e-03 -1.000 1.527e-02 0.735 -0.723 -1.262 -1.352 -1.399 -1.338 -1.357 -1.419 -1.832 -1.683 -1.549 -1.394 -1.331 -1.360 -1.643
0.0152 0.01508 5.00000 2.2000000477 2.5761635303    2.199  1.625  3.6787  2.822    0  0.000  0.538     0.00     0.00 -1    -1e-30      0.00 7.092e-01 2.755e-01 2.710e-03 7.399e-04 6.720e-03 -1.000 1.527e-02 0.707 -0.748 -1.284 -1.373 -1.420 -1.360 -1.379 -1.441 -1.853 -1.705 -1.570 -1.416 -1.353 -1.381 -1.664
0.0152 0.01508 5.00000 2.2410864830 2.5775365829    2.240  1.637  3.6792  2.820    0  0.000  0.538     0.00     0.00 -1    -1e-30      0.00 7.092e-01 2.755e-01 2.710e-03 7.399e-04 6.720e-03 -1.000 1.527e-02 0.677 -0.777 -1.311 -1.400 -1.446 -1.386 -1.406 -1.467 -1.879 -1.731 -1.596 -1.442 -1.380 -1.408 -1.691
0.0152 0.01508 5.00000 2.2500000000 2.5778269768    2.249  1.639  3.6794  2.820    0  0.000  0.538     0.00     0.00 -1    -1e-30      0.00 7.092e-01 2.755e-01 2.710e-03 7.399e-04 6.720e-03 -1.000 1.527e-02 0.671 -0.782 -1.316 -1.405 -1.451 -1.391 -1.410 -1.472 -1.884 -1.736 -1.601 -1.447 -1.384 -1.412 -1.695
0.0152 0.01508 5.00000 2.2999999523 2.5794074535    2.299  1.650  3.6802  2.822    0  0.000  0.538     0.00     0.00 -1    -1e-30      0.00 7.092e-01 2.755e-01 2.710e-03 7.399e-04 6.720e-03 -1.000 1.527e-02 0.644 -0.807 -1.338 -1.426 -1.472 -1.412 -1.431 -1.492 -1.905 -1.757 -1.622 -1.468 -1.406 -1.433 -1.716
0.0152 0.01508 5.00000 2.3300459385 2.5803198814    2.329  1.658  3.6806  2.821    0  0.000  0.538     0.00     0.00 -1    -1e-30      0.00 7.092e-01 2.755e-01 2.710e-03 7.399e-04 6.720e-03 -1.000 1.527e-02 0.624 -0.826 -1.356 -1.444 -1.490 -1.430 -1.449 -1.510 -1.922 -1.774 -1.639 -1.485 -1.424 -1.451 -1.734
0.0152 0.01508 5.00000 2.4000000954 2.5823426247    2.399  1.675  3.6816  2.822    0  0.000  0.538     0.00     0.00 -1    -1e-30      0.00 7.092e-01 2.755e-01 2.710e-03 7.399e-04 6.720e-03 -1.000 1.527e-02 0.583 -0.864 -1.390 -1.478 -1.523 -1.464 -1.483 -1.544 -1.956 -1.808 -1.673 -1.519 -1.458 -1.484 -1.767
0.0152 0.01508 5.00000 2.4900305271 2.5847544670    2.490  1.639  3.6861  2.892    0  0.000  0.538     0.00     0.00 -1    -1e-30      0.00 7.092e-01 2.755e-01 2.710e-03 7.399e-04 6.720e-03 -1.000 1.527e-02 0.674 -0.758 -1.272 -1.356 -1.400 -1.343 -1.361 -1.419 -1.831 -1.682 -1.547 -1.396 -1.337 -1.360 -1.642
0.0152 0.01508 5.00000 2.5999999046 2.5874414444    2.600  1.611  3.6904  2.955    0  0.000  0.538     0.00     0.00 -1    -1e-30      0.00 7.092e-01 2.755e-01 2.710e-03 7.399e-04 6.720e-03 -1.000 1.527e-02 0.742 -0.676 -1.176 -1.258 -1.300 -1.245 -1.262 -1.318 -1.730 -1.581 -1.446 -1.296 -1.239 -1.259 -1.541
0.0152 0.01508 5.00000 2.6483135223 2.5885410309    2.648  1.622  3.6910  2.955    0  0.000  0.538     0.00     0.00 -1    -1e-30      0.00 7.092e-01 2.755e-01 2.710e-03 7.399e-04 6.720e-03 -1.000 1.527e-02 0.715 -0.702 -1.200 -1.281 -1.323 -1.268 -1.286 -1.342 -1.753 -1.604 -1.469 -1.319 -1.262 -1.282 -1.565
0.0152 0.01508 5.00000 2.8000001907 2.5917119980    2.800  1.658  3.6926  2.950    0  0.000  0.538     0.00     0.00 -1    -1e-30      0.00 7.092e-01 2.755e-01 2.710e-03 7.399e-04 6.720e-03 -1.000 1.527e-02 0.625 -0.786 -1.279 -1.360 -1.401 -1.346 -1.364 -1.419 -1.831 -1.682 -1.546 -1.397 -1.341 -1.359 -1.642
0.0152 0.01508 5.00000 2.9384269714 2.5942795277    2.939  1.688  3.6941  2.947    0  0.000  0.538     0.00     0.00 -1    -1e-30      0.00 7.092e-01 2.755e-01 2.710e-03 7.399e-04 6.720e-03 -1.000 1.527e-02 0.551 -0.855 -1.344 -1.423 -1.464 -1.410 -1.428 -1.482 -1.894 -1.745 -1.610 -1.461 -1.405 -1.423 -1.705
0.0152 0.01508 5.00000 3.0000000000 2.5953342915    3.000  1.701  3.6947  2.945    0  0.000  0.538     0.00     0.00 -1    -1e-30      0.00 7.092e-01 2.755e-01 2.710e-03 7.399e-04 6.720e-03 -1.000 1.527e-02 0.518 -0.886 -1.374 -1.453 -1.493 -1.440 -1.457 -1.511 -1.923 -1.774 -1.639 -1.490 -1.434 -1.452 -1.735
0.0152 0.01508 5.00000 3.0813004971 2.5966532230    3.081  1.717  3.6955  2.944    0  0.000  0.538     0.00     0.00 -1    -1e-30      0.00 7.092e-01 2.755e-01 2.710e-03 7.399e-04 6.720e-03 -1.000 1.527e-02 0.478 -0.924 -1.409 -1.487 -1.528 -1.474 -1.491 -1.546 -1.958 -1.808 -1.673 -1.524 -1.469 -1.486 -1.769
0.0152 0.01508 5.00000 3.2000000477 2.5984411240    3.199  1.741  3.6965  2.940    0  0.000  0.538     0.00     0.00 -1    -1e-30      0.00 7.092e-01 2.755e-01 2.710e-03 7.399e-04 6.720e-03 -1.000 1.527e-02 0.417 -0.980 -1.462 -1.540 -1.580 -1.528 -1.544 -1.598 -2.010 -1.861 -1.726 -1.577 -1.522 -1.539 -1.821
0.0152 0.01508 5.00000 3.3281836510 2.6002080441    3.327  1.766  3.6976  2.936    0  0.000  0.538     0.00     0.00 -1    -1e-30      0.00 7.092e-01 2.755e-01 2.710e-03 7.399e-04 6.720e-03 -1.000 1.527e-02 0.355 -1.039 -1.518 -1.595 -1.635 -1.582 -1.599 -1.653 -2.065 -1.915 -1.780 -1.631 -1.577 -1.593 -1.876
0.0152 0.01508 5.00000 3.4000000954 2.6011312008    3.398  1.780  3.6982  2.934    0  0.000  0.538     0.00     0.00 -1    -1e-30      0.00 7.092e-01 2.755e-01 2.710e-03 7.399e-04 6.720e-03 -1.000 1.527e-02 0.320 -1.072 -1.548 -1.625 -1.665 -1.613 -1.629 -1.683 -2.095 -1.945 -1.810 -1.661 -1.607 -1.623 -1.906
0.0152 0.01508 5.00000 3.5614054203 2.6030507088    3.559  1.809  3.6996  2.931    0  0.000  0.538     0.00     0.00 -1    -1e-30      0.00 7.092e-01 2.755e-01 2.710e-03 7.399e-04 6.720e-03 -1.000 1.527e-02 0.248 -1.139 -1.612 -1.688 -1.727 -1.676 -1.692 -1.745 -2.157 -2.008 -1.873 -1.724 -1.670 -1.685 -1.968
0.0152 0.01508 5.00000 3.6000001431 2.6034805775    3.598  1.817  3.6999  2.929    0  0.000  0.538     0.00     0.00 -1    -1e-30      0.00 7.092e-01 2.755e-01 2.710e-03 7.399e-04 6.720e-03 -1.000 1.527e-02 0.229 -1.158 -1.629 -1.706 -1.745 -1.693 -1.710 -1.762 -2.174 -2.025 -1.890 -1.741 -1.688 -1.703 -1.986
0.0152 0.01508 5.00000 3.7951126099 2.6055002213    3.793  1.854  3.7012  2.920    0  0.000  0.538     0.00     0.00 -1    -1e-30      0.00 7.092e-01 2.755e-01 2.710e-03 7.399e-04 6.720e-03 -1.000 1.527e-02 0.135 -1.246 -1.714 -1.789 -1.828 -1.777 -1.793 -1.845 -2.258 -2.109 -1.973 -1.825 -1.772 -1.786 -2.069
0.0152 0.01508 5.00000 3.8000001907 2.6055479050    3.798  1.855  3.7013  2.920    0  0.000  0.538     0.00     0.00 -1    -1e-30      0.00 7.092e-01 2.755e-01 2.710e-03 7.399e-04 6.720e-03 -1.000 1.527e-02 0.133 -1.248 -1.716 -1.791 -1.830 -1.779 -1.796 -1.848 -2.260 -2.111 -1.976 -1.827 -1.774 -1.788 -2.071
0.0152 0.01508 5.00000 3.9153857231 2.6066305637    3.915  1.875  3.7021  2.917    0  0.000  0.538     0.00     0.00 -1    -1e-30      0.00 7.092e-01 2.755e-01 2.710e-03 7.399e-04 6.720e-03 -1.000 1.527e-02 0.084 -1.295 -1.760 -1.835 -1.873 -1.823 -1.839 -1.890 -2.303 -2.154 -2.018 -1.870 -1.817 -1.831 -2.114
0.0152 0.01508 5.00000 4.0000000000 2.6073791981    4.001  1.891  3.7027  2.912    0  0.000  0.538     0.00     0.00 -1    -1e-30      0.00 7.092e-01 2.755e-01 2.710e-03 7.399e-04 6.720e-03 -1.000 1.527e-02 0.044 -1.333 -1.796 -1.871 -1.909 -1.859 -1.875 -1.926 -2.339 -2.190 -2.055 -1.906 -1.854 -1.867 -2.150
0.0152 0.01508 5.00000 4.1732249260 2.6088032722    4.171  1.921  3.7040  2.906    0  0.000  0.538     0.00     0.00 -1    -1e-30      0.00 7.092e-01 2.755e-01 2.710e-03 7.399e-04 6.720e-03 -1.000 1.527e-02 -0.032 -1.403 -1.863 -1.937 -1.975 -1.925 -1.941 -1.992 -2.404 -2.255 -2.120 -1.971 -1.920 -1.932 -2.215
0.0152 0.01508 5.00000 4.1999998093 2.6090114117    4.198  1.926  3.7042  2.904    0  0.000  0.538     0.00     0.00 -1    -1e-30      0.00 7.092e-01 2.755e-01 2.710e-03 7.399e-04 6.720e-03 -1.000 1.527e-02 -0.045 -1.416 -1.875 -1.949 -1.987 -1.937 -1.953 -2.004 -2.416 -2.267 -2.132 -1.983 -1.932 -1.944 -2.227
0.0152 0.01508 5.00000 4.3770084381 2.6103138924    4.374  1.959  3.7054  2.894    0  0.000  0.538     0.00     0.00 -1    -1e-30      0.00 7.092e-01 2.755e-01 2.710e-03 7.399e-04 6.720e-03 -1.000 1.527e-02 -0.127 -1.494 -1.949 -2.023 -2.060 -2.011 -2.027 -2.077 -2.490 -2.341 -2.206 -2.057 -2.006 -2.018 -2.301
0.0152 0.01508 5.00000 4.4000000954 2.6104743481    4.397  1.963  3.7055  2.892    0  0.000  0.538     0.00     0.00 -1    -1e-30      0.00 7.092e-01 2.755e-01 2.710e-03 7.399e-04 6.720e-03 -1.000 1.527e-02 -0.138 -1.504 -1.959 -2.033 -2.070 -2.021 -2.037 -2.087 -2.500 -2.351 -2.216 -2.067 -2.016 -2.028 -2.311
0.0152 0.01508 5.00000 4.4811286926 2.6110248566    4.478  1.978  3.7061  2.888    0  0.000  0.538     0.00     0.00 -1    -1e-30      0.00 7.092e-01 2.755e-01 2.710e-03 7.399e-04 6.720e-03 -1.000 1.527e-02 -0.175 -1.539 -1.992 -2.065 -2.102 -2.054 -2.069 -2.119 -2.532 -2.383 -2.248 -2.099 -2.049 -2.060 -2.343
0.0152 0.01508 5.00000 4.5999999046 2.6117916107    4.598  2.001  3.7070  2.879    0  0.000  0.538     0.00     0.00 -1    -1e-30      0.00 7.092e-01 2.755e-01 2.710e-03 7.399e-04 6.720e-03 -1.000 1.527e-02 -0.233 -1.595 -2.045 -2.118 -2.155 -2.106 -2.122 -2.172 -2.584 -2.436 -2.301 -2.152 -2.101 -2.112 -2.395
0.0152 0.01508 5.00000 4.6282005310 2.6119670868    4.626  2.006  3.7072  2.878    0  0.000  0.538     0.00     0.00 -1    -1e-30      0.00 7.092e-01 2.755e-01 2.710e-03 7.399e-04 6.720e-03 -1.000 1.527e-02 -0.246 -1.606 -2.057 -2.129 -2.166 -2.118 -2.133 -2.183 -2.595 -2.447 -2.312 -2.163 -2.113 -2.124 -2.407
0.0152 0.01508 5.00000 4.8000001907 2.6129837036    4.798  2.044  3.7083  2.861    0  0.000  0.538     0.00     0.00 -1    -1e-30      0.00 7.092e-01 2.755e-01 2.710e-03 7.399e-04 6.720e-03 -1.000 1.527e-02 -0.339 -1.696 -2.142 -2.214 -2.251 -2.203 -2.219 -2.268 -2.680 -2.532 -2.397 -2.248 -2.198 -2.208 -2.492
0.0152 0.01508 5.00000 4.8779377937 2.6134178638    4.876  2.058  3.7090  2.856    0  0.000  0.538     0.00     0.00 -1    -1e-30      0.00 7.092e-01 2.755e-01 2.710e-03 7.399e-04 6.720e-03 -1.000 1.527e-02 -0.375 -1.730 -2.174 -2.246 -2.282 -2.235 -2.250 -2.299 -2.712 -2.563 -2.429 -2.279 -2.230 -2.240 -2.523
0.0152 0.01508 5.00000 5.0000000000 2.6140668392    4.999  2.086  3.7100  2.843    0  0.000  0.538     0.00     0.00 -1    -1e-30      0.00 7.092e-01 2.755e-01 2.710e-03 7.399e-04 6.720e-03 -1.000 1.527e-02 -0.445 -1.795 -2.237 -2.308 -2.344 -2.297 -2.313 -2.361 -2.774 -2.625 -2.491 -2.341 -2.292 -2.302 -2.585
0.0152 0.01508 5.00000 5.1999998093 2.6150546074    5.200  2.135  3.7117  2.817    0  0.000  0.538     0.00     0.00 -1    -1e-30      0.00 7.092e-01 2.755e-01 2.710e-03 7.399e-04 6.720e-03 -1.000 1.527e-02 -0.568 -1.913 -2.350 -2.420 -2.456 -2.409 -2.425 -2.472 -2.885 -2.737 -2.602 -2.453 -2.405 -2.413 -2.696
0.0152 0.01508 5.00000 5.3999996185 2.6159586906    5.401  2.185  3.7138  2.793    0  0.000  0.538     0.00     0.00 -1    -1e-30      0.00 7.092e-01 2.755e-01 2.710e-03 7.399e-04 6.720e-03 -1.000 1.527e-02 -0.691 -2.028 -2.458 -2.528 -2.563 -2.518 -2.533 -2.580 -2.992 -2.844 -2.710 -2.560 -2.513 -2.520 -2.804
0.0152 0.01508 5.00000 5.4110183716 2.6160061359    5.412  2.187  3.7139  2.792    0  0.000  0.538     0.00     0.00 -1    -1e-30      0.00 7.092e-01 2.755e-01 2.710e-03 7.399e-04 6.720e-03 -1.000 1.527e-02 -0.698 -2.034 -2.464 -2.533 -2.568 -2.523 -2.538 -2.585 -2.998 -2.850 -2.715 -2.565 -2.518 -2.526 -2.809
0.0152 0.01508 5.00000 5.4586100578 2.6162092686    5.459  2.201  3.7144  2.784    0  0.000  0.538     0.00     0.00 -1    -1e-30      0.00 7.092e-01 2.755e-01 2.710e-03 7.399e-04 6.720e-03 -1.000 1.527e-02 -0.731 -2.065 -2.494 -2.563 -2.598 -2.553 -2.568 -2.615 -3.028 -2.879 -2.745 -2.595 -2.549 -2.555 -2.839
0.0152 0.01508 5.00000 5.5999994278 2.6167888641    5.601  2.250  3.7164  2.753    0  0.000  0.538     0.00     0.00 -1    -1e-30      0.00 7.092e-01 2.755e-01 2.710e-03 7.399e-04 6.720e-03 -1.000 1.527e-02 -0.856 -2.183 -2.606 -2.674 -2.709 -2.665 -2.680 -2.725 -3.138 -2.990 -2.856 -2.706 -2.660 -2.666 -2.949
0.0152 0.01508 5.00000 5.8000001907 2.6175537109    5.801  2.332  3.7199  2.701    0  0.000  0.538     0.00     0.00 -1    -1e-30      0.00 7.092e-01 2.755e-01 2.710e-03 7.399e-04 6.720e-03 -1.000 1.527e-02 -1.060 -2.374 -2.787 -2.854 -2.887 -2.845 -2.860 -2.904 -3.317 -3.169 -3.035 -2.884 -2.841 -2.844 -3.128
0.0152 0.01508 5.00000 5.9368581772 2.6180429459    5.937  2.394  3.7227  2.661    0  0.000  0.538     0.00     0.00 -1    -1e-30      0.00 7.092e-01 2.755e-01 2.710e-03 7.399e-04 6.720e-03 -1.000 1.527e-02 -1.215 -2.518 -2.922 -2.988 -3.021 -2.980 -2.995 -3.037 -3.450 -3.303 -3.169 -3.018 -2.976 -2.977 -3.261
0.0152 0.01508 5.00000 6.0000000000 2.6182601452    6.000  2.425  3.7246  2.642    0  0.000  0.538     0.00     0.00 -1    -1e-30      0.00 7.092e-01 2.755e-01 2.710e-03 7.399e-04 6.720e-03 -1.000 1.527e-02 -1.293 -2.589 -2.988 -3.052 -3.084 -3.045 -3.060 -3.101 -3.514 -3.367 -3.233 -3.082 -3.041 -3.041 -3.325
0.0152 0.01508 5.00000 6.1025199890 2.6186015606    6.103  2.475  3.7278  2.612    0  0.000  0.538     0.00     0.00 -1    -1e-30      0.00 7.092e-01 2.755e-01 2.710e-03 7.399e-04 6.720e-03 -1.000 1.527e-02 -1.417 -2.701 -3.090 -3.154 -3.185 -3.148 -3.162 -3.201 -3.615 -3.468 -3.335 -3.183 -3.144 -3.142 -3.426
0.0152 0.01508 5.00000 6.1999998093 2.6189143658    6.200  2.520  3.7314  2.588    0  0.000  0.538     0.00     0.00 -1    -1e-30      0.00 7.092e-01 2.755e-01 2.710e-03 7.399e-04 6.720e-03 -1.000 1.527e-02 -1.530 -2.799 -3.179 -3.241 -3.271 -3.237 -3.250 -3.287 -3.700 -3.554 -3.421 -3.269 -3.233 -3.228 -3.512
0.0152 0.01508 5.00000 6.2010669708 2.6189177036    6.201  2.520  3.7314  2.588    0  0.000  0.538     0.00     0.00 -1    -1e-30      0.00 7.092e-01 2.755e-01 2.710e-03 7.399e-04 6.720e-03 -1.000 1.527e-02 -1.531 -2.800 -3.180 -3.242 -3.272 -3.238 -3.251 -3.288 -3.701 -3.555 -3.422 -3.270 -3.234 -3.229 -3.513
0.0152 0.01508 5.00000 6.3986358643 2.6195178032    6.397  2.598  3.7406  2.560    0  0.000  0.538     0.00     0.00 -1    -1e-30      0.00 7.092e-01 2.755e-01 2.710e-03 7.399e-04 6.720e-03 -1.000 1.527e-02 -1.726 -2.959 -3.313 -3.371 -3.400 -3.371 -3.384 -3.415 -3.828 -3.681 -3.549 -3.397 -3.368 -3.357 -3.639
0.0152 0.01508 5.00000 6.4000000954 2.6195218563    6.399  2.599  3.7407  2.560    0  0.000  0.538     0.00     0.00 -1    -1e-30      0.00 7.092e-01 2.755e-01 2.710e-03 7.399e-04 6.720e-03 -1.000 1.527e-02 -1.727 -2.960 -3.313 -3.372 -3.400 -3.371 -3.384 -3.416 -3.829 -3.682 -3.550 -3.398 -3.369 -3.358 -3.640
0.0152 0.01508 5.00000 6.5564365387 2.6199672222    6.554  2.652  3.7503  2.556    0  0.000  0.538     0.00     0.00 -1    -1e-30      0.00 7.092e-01 2.755e-01 2.710e-03 7.399e-04 6.720e-03 -1.000 1.527e-02 -1.860 -3.052 -3.379 -3.433 -3.459 -3.436 -3.448 -3.473 -3.898 -3.728 -3.606 -3.457 -3.434 -3.477 -3.710
0.0152 0.01508 5.00000 6.6998867989 2.6203548908    6.697  2.696  3.7623  2.569    0  0.000  0.538     0.00     0.00 -1    -1e-30      0.00 7.092e-01 2.755e-01 2.710e-03 7.399e-04 6.720e-03 -1.000 1.527e-02 -1.971 -3.110 -3.405 -3.455 -3.478 -3.463 -3.473 -3.492 -3.930 -3.730 -3.621 -3.477 -3.461 -3.574 -3.744
0.0152 0.01508 5.00000 6.8297204971 2.6206896305    6.826  2.735  3.7759  2.593    0  0.000  0.538     0.00     0.00 -1    -1e-30      0.00 7.092e-01 2.755e-01 2.710e-03 7.399e-04 6.720e-03 -1.000 1.527e-02 -2.068 -3.142 -3.402 -3.448 -3.468 -3.460 -3.468 -3.481 -3.935 -3.701 -3.606 -3.467 -3.459 -3.651 -3.749
0.0152 0.01508 5.00000 6.9508810043 2.6209890842    6.946  2.771  3.7907  2.623    0  0.000  0.538     0.00     0.00 -1    -1e-30      0.00 7.092e-01 2.755e-01 2.710e-03 7.399e-04 6.720e-03 -1.000 1.527e-02 -2.159 -3.159 -3.384 -3.425 -3.443 -3.442 -3.447 -3.455 -3.926 -3.655 -3.576 -3.442 -3.441 -3.720 -3.742
0.0152 0.01508 5.00000 7.0000000000 2.6211071014    6.996  2.787  3.7970  2.636    0  0.000  0.538     0.00     0.00 -1    -1e-30      0.00 7.092e-01 2.755e-01 2.710e-03 7.399e-04 6.720e-03 -1.000 1.527e-02 -2.197 -3.164 -3.375 -3.414 -3.432 -3.433 -3.437 -3.443 -3.922 -3.635 -3.562 -3.431 -3.433 -3.750 -3.738
0.0152 0.01508 5.00000 7.0596303940 2.6212477684    7.056  2.805  3.8048  2.653    0  0.000  0.538     0.00     0.00 -1    -1e-30      0.00 7.092e-01 2.755e-01 2.710e-03 7.399e-04 6.720e-03 -1.000 1.527e-02 -2.242 -3.168 -3.362 -3.399 -3.416 -3.419 -3.423 -3.427 -3.915 -3.608 -3.543 -3.415 -3.419 -3.784 -3.732
0.0152 0.01508 5.00000 7.1682872772 2.6214971542    7.165  2.839  3.8193  2.684    0  0.000  0.538     0.00     0.00 -1    -1e-30      0.00 7.092e-01 2.755e-01 2.710e-03 7.399e-04 6.720e-03 -1.000 1.527e-02 -2.327 -3.177 -3.341 -3.374 -3.390 -3.395 -3.398 -3.401 -3.897 -3.568 -3.511 -3.389 -3.395 -3.810 -3.715
0.0152 0.01508 5.00000 7.2758040428 2.6217358112    7.273  2.875  3.8340  2.713    0  0.000  0.538     0.00     0.00 -1    -1e-30      0.00 7.092e-01 2.755e-01 2.710e-03 7.399e-04 6.720e-03 -1.000 1.527e-02 -2.416 -3.187 -3.321 -3.352 -3.367 -3.373 -3.375 -3.377 -3.873 -3.542 -3.484 -3.366 -3.373 -3.787 -3.690
0.0152 0.01508 5.00000 7.3812952042 2.6219618320    7.379  2.912  3.8489  2.742    0  0.000  0.538     0.00     0.00 -1    -1e-30      0.00 7.092e-01 2.755e-01 2.710e-03 7.399e-04 6.720e-03 -1.000 1.527e-02 -2.509 -3.197 -3.302 -3.331 -3.345 -3.352 -3.353 -3.355 -3.850 -3.518 -3.459 -3.344 -3.352 -3.765 -3.668
0.0152 0.01508 5.00000 7.4841198921 2.6221754551    7.482  2.950  3.8639  2.770    0  0.000  0.538     0.00     0.00 -1    -1e-30      0.00 7.092e-01 2.755e-01 2.710e-03 7.399e-04 6.720e-03 -1.000 1.527e-02 -2.604 -3.206 -3.284 -3.311 -3.324 -3.331 -3.333 -3.335 -3.828 -3.495 -3.435 -3.324 -3.331 -3.744 -3.646
0.0152 0.01508 5.00000 7.5839138031 2.6223762035    7.583  2.989  3.8788  2.796    0  0.000  0.538     0.00     0.00 -1    -1e-30      0.00 7.092e-01 2.755e-01 2.710e-03 7.399e-04 6.720e-03 -1.000 1.527e-02 -2.702 -3.213 -3.269 -3.293 -3.306 -3.312 -3.314 -3.316 -3.808 -3.473 -3.413 -3.306 -3.313 -3.725 -3.626
0.0152 0.01508 5.00000 7.6804909706 2.6225647926    7.680  3.029  3.8938  2.822    0  0.000  0.538     0.00     0.00 -1    -1e-30      0.00 7.092e-01 2.755e-01 2.710e-03 7.399e-04 6.720e-03 -1.000 1.527e-02 -2.801 -3.221 -3.256 -3.278 -3.289 -3.296 -3.297 -3.299 -3.790 -3.453 -3.392 -3.289 -3.296 -3.708 -3.608
0.0152 0.01508 5.00000 7.7738599777 2.6227421761    7.774  3.069  3.9088  2.847    0  0.000  0.538     0.00     0.00 -1    -1e-30      0.00 7.092e-01 2.755e-01 2.710e-03 7.399e-04 6.720e-03 -1.000 1.527e-02 -2.902 -3.230 -3.247 -3.266 -3.276 -3.282 -3.282 -3.283 -3.773 -3.436 -3.374 -3.276 -3.282 -3.692 -3.591
0.0152 0.01508 5.00000 7.8640804291 2.6229088306    7.865  3.109  3.9238  2.871    0  0.000  0.538     0.00     0.00 -1    -1e-30      0.00 7.092e-01 2.755e-01 2.710e-03 7.399e-04 6.720e-03 -1.000 1.527e-02 -3.004 -3.238 -3.240 -3.256 -3.264 -3.269 -3.269 -3.270 -3.759 -3.420 -3.358 -3.264 -3.269 -3.679 -3.577
0.0152 0.01508 5.00000 7.9512577057 2.6230657101    7.952  3.150  3.9388  2.895    0  0.000  0.538     0.00     0.00 -1    -1e-30      0.00 7.092e-01 2.755e-01 2.710e-03 7.399e-04 6.720e-03 -1.000 1.527e-02 -3.105 -3.243 -3.235 -3.246 -3.252 -3.257 -3.257 -3.257 -3.745 -3.406 -3.343 -3.252 -3.257 -3.666 -3.563
0.0152 0.01508 5.00000 8.0000000000 2.6231517792    8.001  3.173  3.9473  2.909    0  0.000  0.538     0.00     0.00 -1    -1e-30      0.00 7.092e-01 2.755e-01 2.710e-03 7.399e-04 6.720e-03 -1.000 1.527e-02 -3.164 -3.246 -3.232 -3.241 -3.245 -3.249 -3.249 -3.249 -3.737 -3.397 -3.334 -3.246 -3.249 -3.658 -3.555
0.0152 0.01508 5.00000 8.0255498886 2.6231963634    8.026  3.185  3.9518  2.916    0  0.000  0.538     0.00     0.00 -1    -1e-30      0.00 7.092e-01 2.755e-01 2.710e-03 7.399e-04 6.720e-03 -1.000 1.527e-02 -3.194 -3.246 -3.230 -3.238 -3.241 -3.245 -3.245 -3.244 -3.732 -3.392 -3.329 -3.242 -3.245 -3.653 -3.550
0.0152 0.01508 5.00000 8.1068458557 2.6233363152    8.107  3.224  3.9662  2.939    0  0.000  0.538     0.00     0.00 -1    -1e-30      0.00 7.092e-01 2.755e-01 2.710e-03 7.399e-04 6.720e-03 -1.000 1.527e-02 -3.291 -3.248 -3.225 -3.228 -3.228 -3.231 -3.230 -3.229 -3.715 -3.374 -3.310 -3.229 -3.231 -3.637 -3.533
0.0152 0.01508 5.00000 8.1856718063 2.6234688759    8.185  3.263  3.9806  2.963    0  0.000  0.538     0.00     0.00 -1    -1e-30      0.00 7.092e-01 2.755e-01 2.710e-03 7.399e-04 6.720e-03 -1.000 1.527e-02 -3.387 -3.249 -3.220 -3.218 -3.214 -3.216 -3.214 -3.212 -3.697 -3.354 -3.290 -3.215 -3.216 -3.620 -3.515
0.0152 0.01508 5.00000 8.2622346878 2.6235947609    8.261  3.301  3.9950  2.986    0  0.000  0.538     0.00     0.00 -1    -1e-30      0.00 7.092e-01 2.755e-01 2.710e-03 7.399e-04 6.720e-03 -1.000 1.527e-02 -3.483 -3.249 -3.214 -3.208 -3.200 -3.201 -3.198 -3.195 -3.678 -3.334 -3.270 -3.202 -3.200 -3.602 -3.496
0.0152 0.01508 5.00000 8.3367185593 2.6237146854    8.335  3.339  4.0094  3.010    0  0.000  0.538     0.00     0.00 -1    -1e-30      0.00 7.092e-01 2.755e-01 2.710e-03 7.399e-04 6.720e-03 -1.000 1.527e-02 -3.577 -3.248 -3.208 -3.198 -3.186 -3.186 -3.182 -3.178 -3.659 -3.314 -3.249 -3.188 -3.185 -3.584 -3.477
0.0152 0.01508 5.00000 8.4093465805 2.6238293648    8.407  3.376  4.0238  3.034    0  0.000  0.538     0.00     0.00 -1    -1e-30      0.00 7.092e-01 2.755e-01 2.710e-03 7.399e-04 6.720e-03 -1.000 1.527e-02 -3.669 -3.245 -3.200 -3.187 -3.172 -3.170 -3.165 -3.160 -3.639 -3.292 -3.227 -3.174 -3.169 -3.566 -3.457
0.0152 0.01508 5.00000 8.4802913666 2.6239390373    8.478  3.412  4.0381  3.059    0  0.000  0.538     0.00     0.00 -1    -1e-30      0.00 7.092e-01 2.755e-01 2.710e-03 7.399e-04 6.720e-03 -1.000 1.527e-02 -3.760 -3.241 -3.191 -3.174 -3.156 -3.153 -3.147 -3.141 -3.618 -3.269 -3.203 -3.158 -3.152 -3.546 -3.436
0.0152 0.01508 5.00000 8.5497274399 2.6240446568    8.547  3.447  4.0525  3.085    0  0.000  0.538     0.00     0.00 -1    -1e-30      0.00 7.092e-01 2.755e-01 2.710e-03 7.399e-04 6.720e-03 -1.000 1.527e-02 -3.848 -3.233 -3.179 -3.160 -3.138 -3.134 -3.128 -3.121 -3.595 -3.245 -3.178 -3.141 -3.133 -3.525 -3.413
0.0152 0.01508 5.00000 8.6178350449 2.6241459846    8.614  3.481  4.0667  3.111    0  0.000  0.538     0.00     0.00 -1    -1e-30      0.00 7.092e-01 2.755e-01 2.710e-03 7.399e-04 6.720e-03 -1.000 1.527e-02 -3.934 -3.223 -3.165 -3.143 -3.119 -3.114 -3.107 -3.099 -3.571 -3.219 -3.151 -3.122 -3.113 -3.503 -3.389
0.0152 0.01508 5.00000 8.6848249435 2.6242442131    8.681  3.515  4.0810  3.138    0  0.000  0.538     0.00     0.00 -1    -1e-30      0.00 7.092e-01 2.755e-01 2.710e-03 7.399e-04 6.720e-03 -1.000 1.527e-02 -4.017 -3.210 -3.147 -3.123 -3.096 -3.090 -3.083 -3.074 -3.544 -3.191 -3.122 -3.099 -3.089 -3.477 -3.362
0.0152 0.01508 5.00000 8.7512063980 2.6243395805    8.747  3.547  4.0952  3.166    0  0.000  0.538     0.00     0.00 -1    -1e-30      0.00 7.092e-01 2.755e-01 2.710e-03 7.399e-04 6.720e-03 -1.000 1.527e-02 -4.097 -3.192 -3.126 -3.100 -3.071 -3.064 -3.055 -3.046 -3.514 -3.160 -3.091 -3.074 -3.063 -3.449 -3.333
0.0152 0.01508 5.00000 8.8165788651 2.6244320869    8.812  3.578  4.1093  3.194    0  0.000  0.538     0.00     0.00 -1    -1e-30      0.00 7.092e-01 2.755e-01 2.710e-03 7.399e-04 6.720e-03 -1.000 1.527e-02 -4.175 -3.172 -3.102 -3.074 -3.042 -3.034 -3.025 -3.015 -3.482 -3.126 -3.056 -3.045 -3.033 -3.417 -3.300
0.0152 0.01508 5.00000 8.8810939789 2.6245217323    8.876  3.608  4.1234  3.224    0  0.000  0.538     0.00     0.00 -1    -1e-30      0.00 7.092e-01 2.755e-01 2.710e-03 7.399e-04 6.720e-03 -1.000 1.527e-02 -4.250 -3.148 -3.075 -3.044 -3.010 -3.001 -2.992 -2.981 -3.446 -3.090 -3.019 -3.013 -3.000 -3.383 -3.264
0.0152 0.01508 5.00000 8.9449272156 2.6246089935    8.939  3.637  4.1373  3.254    0  0.000  0.538     0.00     0.00 -1    -1e-30      0.00 7.092e-01 2.755e-01 2.710e-03 7.399e-04 6.720e-03 -1.000 1.527e-02 -4.322 -3.121 -3.045 -3.012 -2.975 -2.966 -2.955 -2.944 -3.407 -3.050 -2.979 -2.979 -2.964 -3.345 -3.226
0.0152 0.01508 5.00000 9.0000000000 2.6246831417    8.995  3.661  4.1494  3.281    0  0.000  0.538     0.00     0.00 -1    -1e-30      0.00 7.092e-01 2.755e-01 2.710e-03 7.399e-04 6.720e-03 -1.000 1.527e-02 -4.382 -3.096 -3.017 -2.982 -2.943 -2.933 -2.922 -2.910 -3.372 -3.014 -2.943 -2.947 -2.931 -3.311 -3.190
0.0152 0.01508 5.00000 9.0414514542 2.6247382164    9.036  3.678  4.1582  3.301    0  0.000  0.538     0.00     0.00 -1    -1e-30      0.00 7.092e-01 2.755e-01 2.710e-03 7.399e-04 6.720e-03 -1.000 1.527e-02 -4.425 -3.076 -2.995 -2.959 -2.918 -2.908 -2.896 -2.884 -3.345 -2.987 -2.915 -2.923 -2.906 -3.284 -3.163
0.0152 0.01508 5.00000 9.1081085205 2.6248257160    9.103  3.705  4.1723  3.334    0  0.000  0.538     0.00     0.00 -1    -1e-30      0.00 7.092e-01 2.755e-01 2.710e-03 7.399e-04 6.720e-03 -1.000 1.527e-02 -4.492 -3.042 -2.958 -2.919 -2.876 -2.865 -2.853 -2.839 -3.299 -2.940 -2.869 -2.881 -2.863 -3.239 -3.117
0.0152 0.01508 5.00000 9.1747980118 2.6249117851    9.170  3.730  4.1863  3.367    0  0.000  0.538     0.00     0.00 -1    -1e-30      0.00 7.092e-01 2.755e-01 2.710e-03 7.399e-04 6.720e-03 -1.000 1.527e-02 -4.555 -3.005 -2.918 -2.877 -2.832 -2.819 -2.806 -2.792 -3.251 -2.892 -2.823 -2.836 -2.818 -3.192 -3.069
0.0152 0.01508 5.00000 9.2416696548 2.6249964237    9.237  3.754  4.2002  3.402    0  0.000  0.538     0.00     0.00 -1    -1e-30      0.00 7.092e-01 2.755e-01 2.710e-03 7.399e-04 6.720e-03 -1.000 1.527e-02 -4.616 -2.966 -2.875 -2.832 -2.785 -2.771 -2.758 -2.743 -3.200 -2.841 -2.775 -2.789 -2.770 -3.142 -3.018
0.0152 0.01508 5.00000 9.3088531494 2.6250803471    9.304  3.777  4.2141  3.438    0  0.000  0.538     0.00     0.00 -1    -1e-30      0.00 7.092e-01 2.755e-01 2.710e-03 7.399e-04 6.720e-03 -1.000 1.527e-02 -4.674 -2.924 -2.831 -2.786 -2.735 -2.721 -2.707 -2.691 -3.147 -2.789 -2.726 -2.740 -2.720 -3.090 -2.965
0.0152 0.01508 5.00000 9.3764963150 2.6251633167    9.372  3.800  4.2279  3.474    0  0.000  0.538     0.00     0.00 -1    -1e-30      0.00 7.092e-01 2.755e-01 2.710e-03 7.399e-04 6.720e-03 -1.000 1.527e-02 -4.729 -2.881 -2.784 -2.737 -2.684 -2.669 -2.654 -2.638 -3.092 -2.735 -2.676 -2.689 -2.667 -3.036 -2.910
0.0152 0.01508 5.00000 9.4619588852 2.6252660751    9.458  3.826  4.2451  3.520    0  0.000  0.538     0.00     0.00 -1    -1e-30      0.00 7.092e-01 2.755e-01 2.710e-03 7.399e-04 6.720e-03 -1.000 1.527e-02 -4.794 -2.824 -2.723 -2.673 -2.617 -2.601 -2.585 -2.568 -3.021 -2.665 -2.608 -2.623 -2.599 -2.966 -2.839
0.0152 0.01508 5.00000 9.5312767029 2.6253480911    9.527  3.846  4.2587  3.558    0  0.000  0.538     0.00     0.00 -1    -1e-30      0.00 7.092e-01 2.755e-01 2.710e-03 7.399e-04 6.720e-03 -1.000 1.527e-02 -4.844 -2.776 -2.673 -2.621 -2.562 -2.545 -2.529 -2.510 -2.961 -2.607 -2.551 -2.568 -2.543 -2.908 -2.780
0.0152 0.01508 5.00000 9.6195240021 2.6254503727    9.616  3.869  4.2756  3.607    0  0.000  0.538     0.00     0.00 -1    -1e-30      0.00 7.092e-01 2.755e-01 2.710e-03 7.399e-04 6.720e-03 -1.000 1.527e-02 -4.902 -2.715 -2.608 -2.553 -2.491 -2.473 -2.455 -2.436 -2.884 -2.531 -2.475 -2.497 -2.470 -2.832 -2.703
0.0152 0.01508 5.00000 9.6916379929 2.6255323887    9.688  3.886  4.2891  3.646    0  0.000  0.538     0.00     0.00 -1    -1e-30      0.00 7.092e-01 2.755e-01 2.710e-03 7.399e-04 6.720e-03 -1.000 1.527e-02 -4.946 -2.664 -2.554 -2.497 -2.432 -2.413 -2.395 -2.374 -2.821 -2.467 -2.411 -2.439 -2.411 -2.770 -2.639
0.0152 0.01508 5.00000 9.7653522491 2.6256148815    9.762  3.903  4.3024  3.686    0  0.000  0.538     0.00     0.00 -1    -1e-30      0.00 7.092e-01 2.755e-01 2.710e-03 7.399e-04 6.720e-03 -1.000 1.527e-02 -4.987 -2.612 -2.499 -2.439 -2.372 -2.352 -2.332 -2.311 -2.756 -2.402 -2.345 -2.379 -2.349 -2.706 -2.574
0.0152 0.01508 5.00000 9.8410291672 2.6256978512    9.838  3.918  4.3157  3.727    0  0.000  0.538     0.00     0.00 -1    -1e-30      0.00 7.092e-01 2.755e-01 2.710e-03 7.399e-04 6.720e-03 -1.000 1.527e-02 -5.026 -2.560 -2.443 -2.381 -2.311 -2.289 -2.269 -2.246 -2.689 -2.335 -2.277 -2.318 -2.287 -2.640 -2.507
0.0152 0.01508 5.00000 9.9191474915 2.6257822514    9.917  3.933  4.3288  3.769    0  0.000  0.538     0.00     0.00 -1    -1e-30      0.00 7.092e-01 2.755e-01 2.710e-03 7.399e-04 6.720e-03 -1.000 1.527e-02 -5.063 -2.506 -2.387 -2.322 -2.249 -2.226 -2.205 -2.180 -2.621 -2.267 -2.208 -2.256 -2.223 -2.574 -2.439
0.0152 0.01508 5.00000 10.0000000000 2.6258678436    9.998  3.947  4.3418  3.811    0  0.000  0.538     0.00     0.00 -1    -1e-30      0.00 7.092e-01 2.755e-01 2.710e-03 7.399e-04 6.720e-03 -1.000 1.527e-02 -5.097 -2.451 -2.329 -2.262 -2.185 -2.161 -2.139 -2.113 -2.552 -2.197 -2.137 -2.193 -2.158 -2.506 -2.370
0.0152 0.01508 5.00000 10.0645618439 2.6259350777   10.063  3.956  4.3515  3.842    0  0.000  0.538     0.00     0.00 -1    -1e-30      0.00 7.092e-01 2.755e-01 2.710e-03 7.399e-04 6.720e-03 -1.000 1.527e-02 -5.121 -2.410 -2.285 -2.217 -2.138 -2.112 -2.089 -2.063 -2.500 -2.145 -2.084 -2.146 -2.109 -2.455 -2.319
0.0152 0.01508 5.00000 10.0879850388 2.6259591579   10.086  3.960  4.3550  3.854    0  0.000  0.538     0.00     0.00 -1    -1e-30      0.00 7.092e-01 2.755e-01 2.710e-03 7.399e-04 6.720e-03 -1.000 1.527e-02 -5.129 -2.395 -2.270 -2.201 -2.120 -2.095 -2.071 -2.045 -2.482 -2.126 -2.064 -2.129 -2.092 -2.437 -2.300
0.0152 0.01508 5.00000 10.1572113037 2.6260297298   10.156  3.967  4.3640  3.886    0  0.000  0.538     0.00     0.00 -1    -1e-30      0.00 7.092e-01 2.755e-01 2.710e-03 7.399e-04 6.720e-03 -1.000 1.527e-02 -5.148 -2.352 -2.225 -2.154 -2.072 -2.045 -2.021 -1.994 -2.430 -2.073 -2.011 -2.080 -2.042 -2.385 -2.248
0.0152 0.01508 5.00000 10.2654790878 2.6261379719   10.265  3.973  4.3760  3.932    0  0.000  0.538     0.00     0.00 -1    -1e-30      0.00 7.092e-01 2.755e-01 2.710e-03 7.399e-04 6.720e-03 -1.000 1.527e-02 -5.163 -2.287 -2.157 -2.084 -1.998 -1.971 -1.946 -1.917 -2.352 -1.995 -1.931 -2.007 -1.968 -2.309 -2.171
0.0152 0.01508 5.00000 10.4342908859 2.6263017654   10.434  3.966  4.3873  3.992    0  0.000  0.538     0.00     0.00 -1    -1e-30      0.00 7.092e-01 2.755e-01 2.710e-03 7.399e-04 6.720e-03 -1.000 1.527e-02 -5.144 -2.191 -2.058 -1.983 -1.895 -1.867 -1.841 -1.812 -2.246 -1.888 -1.823 -1.904 -1.863 -2.203 -2.064
0.0152 0.01508 5.00000 10.5926675797 2.6264498234   10.593  3.949  4.3931  4.038    0  0.000  0.538     0.00     0.00 -1    -1e-30      0.00 7.092e-01 2.755e-01 2.710e-03 7.399e-04 6.720e-03 -1.000 1.527e-02 -5.103 -2.110 -1.977 -1.901 -1.811 -1.782 -1.756 -1.727 -2.161 -1.802 -1.736 -1.821 -1.779 -2.118 -1.979
0.0152 0.01508 5.00000 10.7333545685 2.6265771389   10.734  3.934  4.3954  4.068    0  0.000  0.538     0.00     0.00 -1    -1e-30      0.00 7.092e-01 2.755e-01 2.710e-03 7.399e-04 6.720e-03 -1.000 1.527e-02 -5.065 -2.056 -1.922 -1.846 -1.756 -1.727 -1.701 -1.671 -2.105 -1.746 -1.680 -1.765 -1.724 -2.062 -1.923
0.0152 0.01508 5.00000 10.9502763748 2.6267662048   10.952  3.923  4.3987  4.102    0  0.000  0.538     0.00     0.00 -1    -1e-30      0.00 7.092e-01 2.755e-01 2.710e-03 7.399e-04 6.720e-03 -1.000 1.527e-02 -5.037 -2.005 -1.870 -1.794 -1.703 -1.673 -1.647 -1.617 -2.051 -1.691 -1.626 -1.712 -1.670 -2.008 -1.869
0.0152 0.01508 5.00000 11.0000000000 2.6268081665   11.001  3.922  4.3996  4.108    0  0.000  0.538     0.00     0.00 -1    -1e-30      0.00 7.092e-01 2.755e-01 2.710e-03 7.399e-04 6.720e-03 -1.000 1.527e-02 -5.034 -1.997 -1.862 -1.785 -1.694 -1.664 -1.638 -1.608 -2.042 -1.682 -1.616 -1.703 -1.661 -1.999 -1.860
0.0152 0.01508 5.00000 11.1049003601 2.6268956661   11.106  3.920  4.4013  4.121    0  0.000  0.538     0.00     0.00 -1    -1e-30      0.00 7.092e-01 2.755e-01 2.710e-03 7.399e-04 6.720e-03 -1.000 1.527e-02 -5.029 -1.963 -1.849 -1.781 -1.700 -1.678 -2.072 -2.980 -2.578 -2.292 -3.791 -1.709 -1.685 -2.931 -2.777
0.0152 0.01508 5.00000 11.3992671967 2.6271312237   11.401  3.960  4.4147  4.146    0  0.000  0.538     0.00     0.00 -1    -1e-30      0.00 7.092e-01 2.755e-01 2.710e-03 7.399e-04 6.720e-03 -1.000 1.527e-02 -5.129 -1.964 -1.855 -1.784 -1.700 -1.677 -2.066 -2.975 -2.572 -2.313 -3.807 -1.709 -1.683 -2.925 -2.770
0.0152 0.01508 5.00000 11.6953668594 2.6273543835   11.696  4.012  4.4325  4.177    0  0.000  0.538     0.00     0.00 -1    -1e-30      0.00 7.092e-01 2.755e-01 2.710e-03 7.399e-04 6.720e-03 -1.000 1.527e-02 -5.259 -1.983 -1.870 -1.793 -1.710 -1.690 -2.079 -2.987 -2.579 -2.326 -3.812 -1.718 -1.696 -2.937 -2.777
0.0152 0.01508 5.00000 11.8869256973 2.6274919510   11.888  4.048  4.4458  4.201    0  0.000  0.538     0.00     0.00 -1    -1e-30      0.00 7.092e-01 2.755e-01 2.710e-03 7.399e-04 6.720e-03 -1.000 1.527e-02 -5.349 -2.018 -1.890 -1.806 -1.729 -1.716 -2.107 -3.015 -2.603 -2.326 -3.808 -1.735 -1.723 -2.965 -2.801
0.0152 0.01508 5.00000 12.0000000000 2.6275708675   12.001  4.061  4.4514  4.214    0  0.000  0.538     0.00     0.00 -1    -1e-30      0.00 7.092e-01 2.755e-01 2.710e-03 7.399e-04 6.720e-03 -1.000 1.527e-02 -5.383 -2.021 -1.889 -1.803 -1.731 -1.720 -2.111 -3.019 -2.606 -2.320 -3.802 -1.735 -1.726 -2.968 -2.805
0.0152 0.01508 5.00000 12.3905363083 2.6278305054   12.389  4.092  4.4622  4.239    0  0.000  0.539     0.00     0.00 -1 -2.96e-26      0.00 7.092e-01 2.755e-01 2.717e-03 7.401e-04 6.720e-03 -1.000 1.527e-02 -5.461 -1.995 -1.864 -1.789 -1.731 -1.716 -2.107 -3.015 -2.605 -2.302 -3.794 -1.735 -1.722 -2.965 -2.805
0.0152 0.01508 5.00000 13.3009119034 2.6283681393   13.295  4.148  4.4783  4.279    0  0.000  0.542     0.00     0.00 -1 -2.31e-16      0.00 7.092e-01 2.755e-01 2.734e-03 7.405e-04 6.719e-03 -1.000 1.527e-02 -5.600 -1.994 -1.861 -1.797 -1.753 -1.735 -2.126 -3.035 -2.626 -2.303 -3.802 -1.758 -1.742 -2.986 -2.828
0.0152 0.01508 5.00000 13.8543510437 2.6286556721   13.845  4.188  4.4850  4.283    0  0.000  0.544     0.00     0.00 -1  -1.1e-10      0.00 7.092e-01 2.755e-01 2.743e-03 7.408e-04 6.719e-03 -1.000 1.527e-02 -5.700 -2.063 -1.930 -1.859 -1.803 -1.789 -2.182 -3.090 -2.679 -2.357 -3.848 -1.808 -1.796 -3.041 -2.881
0.0152 0.01508 5.00000 14.0000000000 2.6287269592   13.992  4.202  4.4871  4.283    0  0.000  0.545     0.00     0.00 -1 -3.16e-09      0.00 7.092e-01 2.755e-01 2.746e-03 7.408e-04 6.719e-03 -1.000 1.527e-02 -5.734 -2.088 -1.955 -1.881 -1.821 -1.809 -2.202 -3.111 -2.699 -2.377 -3.865 -1.826 -1.816 -3.062 -2.901
0.0152 0.01508 5.00000 16.0000000000 2.6295573711   16.001  4.369  4.5123  4.274    0  0.000  0.545     0.00     0.00 -1 -7.39e-09      0.00 7.092e-01 2.755e-01 2.746e-03 7.408e-04 6.719e-03 -1.000 1.527e-02 -6.153 -2.388 -2.244 -2.148 -2.069 -2.053 -2.444 -3.352 -2.938 -2.625 -4.098 -2.074 -2.060 -3.302 -3.140
0.0152 0.01508 5.00000 18.0000000000 2.6301794052   17.988  4.513  4.5336  4.267    0  0.000  0.545     0.00     0.00 -1 -1.48e-08      0.00 7.092e-01 2.755e-01 2.746e-03 7.408e-04 6.719e-03 -1.000 1.527e-02 -6.511 -2.614 -2.460 -2.354 -2.276 -2.249 -2.632 -3.540 -3.128 -2.837 -4.308 -2.283 -2.254 -3.489 -3.326
0.0152 0.01508 5.00000 20.0000000000 2.6306605339   19.993  4.636  4.5515  4.260    0  0.000  0.545     0.00     0.00 -1 -2.63e-08      0.00 7.092e-01 2.755e-01 2.746e-03 7.408e-04 6.719e-03 -1.000 1.527e-02 -6.821 -2.790 -2.635 -2.529 -2.443 -2.413 -2.798 -3.706 -3.291 -3.032 -4.499 -2.451 -2.419 -3.653 -3.486
0.0152 0.01508 5.00000 24.0000000000 2.6313521862   23.995  4.845  4.5806  4.248    0  0.000  0.545     0.00     0.00 -1 -6.84e-08      0.00 7.092e-01 2.755e-01 2.746e-03 7.408e-04 6.719e-03 -1.000 1.527e-02 -7.341 -3.148 -2.991 -2.902 -2.827 -2.800 -3.186 -4.094 -3.693 -3.437 -4.967 -2.835 -2.805 -4.045 -3.890
0.0152 0.01508 5.00000 28.0000000000 2.6318216324   27.971  5.008  4.6024  4.238    0  0.000  0.545     0.00     0.00 -1 -1.33e-07      0.00 7.092e-01 2.755e-01 2.746e-03 7.408e-04 6.719e-03 -1.000 1.527e-02 -7.750 -3.406 -3.257 -3.169 -3.085 -3.060 -3.448 -4.357 -4.015 -3.893 -5.522 -3.093 -3.066 -4.316 -4.204
0.0152 0.01508 5.00000 30.0000000000 2.6320033073   29.966  5.079  4.6116  4.234    0  0.000  0.545     0.00     0.00 -1 -1.77e-07      0.00 7.092e-01 2.755e-01 2.746e-03 7.408e-04 6.719e-03 -1.000 1.527e-02 -7.928 -3.527 -3.378 -3.289 -3.204 -3.180 -3.568 -4.477 -4.134 -4.014 -5.647 -3.212 -3.186 -4.435 -4.323
0.0152 0.01508 5.00000 32.4189949036 2.6321887970   32.375  5.158  4.6216  4.229    0  0.000  0.545     0.00     0.00 -1 -2.41e-07      0.00 7.092e-01 2.755e-01 2.746e-03 7.408e-04 6.719e-03 -1.000 1.527e-02 -8.125 -3.658 -3.510 -3.421 -3.336 -3.311 -3.700 -4.609 -4.267 -4.157 -5.797 -3.344 -3.317 -4.568 -4.456
0.0152 0.01508 5.00000 35.0000000000 2.6323544979   34.946  5.235  4.6315  4.224    0  0.000  0.545     0.00     0.00 -1 -3.27e-07      0.00 7.092e-01 2.755e-01 2.746e-03 7.408e-04 6.719e-03 -1.000 1.527e-02 -8.318 -3.787 -3.642 -3.555 -3.470 -3.447 -3.838 -4.747 -4.412 -4.326 -5.981 -3.478 -3.453 -4.706 -4.600
0.0152 0.01508 5.00000 40.0000000000 2.6326069832   39.939  5.362  4.6460  4.213    0  0.000  0.545     0.00     0.00 -1  -5.2e-07      0.00 7.092e-01 2.755e-01 2.746e-03 7.408e-04 6.719e-03 -1.000 1.527e-02 -8.635 -4.016 -3.878 -3.791 -3.709 -3.689 -4.081 -4.991 -4.676 -4.636 -6.329 -3.716 -3.696 -4.953 -4.862
0.0152 0.01508 5.00000 45.0000000000 2.6327958107   44.929  5.470  4.6575  4.203    0  0.000  0.545     0.00     0.00 -1 -7.62e-07      0.00 7.092e-01 2.755e-01 2.746e-03 7.408e-04 6.719e-03 -1.000 1.527e-02 -8.905 -4.227 -4.087 -3.998 -3.916 -3.898 -4.291 -5.201 -4.915 -4.936 -6.666 -3.923 -3.905 -5.168 -5.098
0.0152 0.01508 5.00000 50.0000000000 2.6329421997   49.889  5.564  4.6677  4.195    0  0.000  0.545     0.00     0.00 -1 -1.06e-06      0.00 7.092e-01 2.755e-01 2.746e-03 7.408e-04 6.719e-03 -1.000 1.527e-02 -9.139 -4.410 -4.268 -4.193 -4.151 -4.168 -4.582 -5.496 -5.449 -5.919 -7.856 -4.151 -4.179 -5.500 -5.602
0.0152 0.01508 5.00000 55.0000076294 2.6330580711   54.831  5.645  4.6749  4.183    0  0.000  0.545     0.00     0.00 -1 -1.39e-06      0.00 7.092e-01 2.755e-01 2.746e-03 7.408e-04 6.719e-03 -1.000 1.527e-02 -9.343 -4.573 -4.429 -4.354 -4.311 -4.327 -4.741 -5.655 -5.618 -6.097 -8.037 -4.311 -4.337 -5.661 -5.769
0.0152 0.01508 5.00000 60.0000000000 2.6331522465   59.787  5.718  4.6810  4.172    0  0.000  0.545     0.00     0.00 -1 -1.78e-06      0.00 7.092e-01 2.755e-01 2.746e-03 7.408e-04 6.719e-03 -1.000 1.527e-02 -9.525 -4.711 -4.567 -4.490 -4.446 -4.461 -4.874 -5.788 -5.746 -6.230 -8.171 -4.446 -4.471 -5.793 -5.897
0.0152 0.01508 5.00000 65.0000000000 2.6332299709   64.690  5.782  4.6864  4.164    0  0.000  0.545     0.00     0.00 -1  -2.2e-06      0.00 7.092e-01 2.755e-01 2.746e-03 7.408e-04 6.719e-03 -1.000 1.527e-02 -9.686 -4.833 -4.689 -4.610 -4.565 -4.580 -4.993 -5.907 -5.861 -6.353 -8.297 -4.565 -4.590 -5.910 -6.012
0.0152 0.01508 5.00000 70.0000000000 2.6332950592   69.686  5.844  4.6926  4.159    0  0.000  0.545     0.00     0.00 -1 -2.69e-06      0.00 7.092e-01 2.755e-01 2.746e-03 7.408e-04 6.719e-03 -1.000 1.527e-02 -9.840 -4.943 -4.799 -4.719 -4.674 -4.688 -5.100 -6.014 -5.969 -6.472 -8.421 -4.674 -4.698 -6.018 -6.119
0.0152 0.01508 5.00000 80.0000000000 2.6333973408   79.474  5.946  4.7000  4.144    0  0.000  0.545     0.00     0.00 -1  -3.7e-06      0.00 7.092e-01 2.755e-01 2.746e-03 7.408e-04 6.719e-03 -1.000 1.527e-02 -10.095 -5.146 -5.003 -4.920 -4.875 -4.889 -5.301 -6.215 -6.173 -6.695 -8.655 -4.875 -4.899 -6.218 -6.322
0.0152 0.01508 5.00000 90.0000000000 2.6334741116   89.511  6.036  4.7051  4.127    0  0.000  0.545     0.00     0.00 -1 -4.94e-06      0.00 7.092e-01 2.755e-01 2.746e-03 7.408e-04 6.719e-03 -1.000 1.527e-02 -10.320 -5.338 -5.196 -5.116 -5.076 -5.093 -5.506 -6.420 -6.401 -6.945 -8.914 -5.076 -5.103 -6.428 -6.549
0.0152 0.01508 5.00000 95.0000000000 2.6335055828   94.439  6.076  4.7069  4.117    0  0.000  0.545     0.00     0.00 -1 -5.53e-06      0.00 7.092e-01 2.755e-01 2.746e-03 7.408e-04 6.719e-03 -1.000 1.527e-02 -10.419 -5.427 -5.285 -5.206 -5.168 -5.186 -5.599 -6.514 -6.503 -7.057 -9.031 -5.167 -5.196 -6.523 -6.650
0.0152 0.01508 5.00000 100.0000000000 2.6335334778   99.354  6.113  4.7083  4.108    0  0.000  0.545     0.00     0.00 -1 -6.26e-06      0.00 7.092e-01 2.755e-01 2.746e-03 7.408e-04 6.719e-03 -1.000 1.527e-02 -10.511 -5.512 -5.371 -5.291 -5.255 -5.272 -5.686 -6.601 -6.594 -7.155 -9.132 -5.254 -5.282 -6.611 -6.740
0.0152 0.01508 5.00000 120.0000152588 2.6336188316  118.992  6.241  4.7115  4.071    0  0.000  0.545     0.00     0.00 -1 -9.31e-06      0.00 7.092e-01 2.755e-01 2.746e-03 7.408e-04 6.719e-03 -1.000 1.527e-02 -10.833 -5.820 -5.678 -5.598 -5.563 -5.581 -5.994 -6.909 -6.911 -7.496 -9.492 -5.562 -5.591 -6.920 -7.056
0.0152 0.01508 5.00000 181.6581420898 2.6336188316  175.314  6.512  4.7132  3.975    0  0.000  0.414     0.00     0.00 -1 -2.16e-05      0.00 6.959e-01 2.889e-01 1.912e-03 3.162e-03 5.075e-03 -1.000 1.521e-02 -11.509 -6.530 -6.410 -6.361 -6.403 -6.468 -6.909 -7.830 -8.165 -9.187 -11.298 -6.390 -6.483 -7.899 -8.269
0.0152 0.01508 5.00000 184.8479919434 2.6336188316  179.436  6.523  4.7123  3.970    0  0.000  0.389     0.00     0.00 -1 -2.24e-05      0.00 7.020e-01 2.827e-01 1.832e-03 2.983e-03 5.386e-03 -1.000 1.527e-02 -11.538 -6.563 -6.442 -6.393 -6.432 -6.495 -6.935 -7.857 -8.181 -9.196 -11.306 -6.420 -6.510 -7.924 -8.286
0.0152 0.01508 5.00000 191.2019958496 2.6336188316  187.049  6.545  4.7027  3.928    0  0.000  0.463     0.00     0.00 -1 -2.43e-05      0.00 7.091e-01 2.755e-01 2.286e-03 1.240e-03 6.718e-03 -1.000 1.534e-02 -11.592 -6.674 -6.546 -6.484 -6.494 -6.541 -6.971 -7.890 -8.105 -9.037 -11.131 -6.486 -6.554 -7.935 -8.221
0.0152 0.01508 5.00000 195.4067840576 2.6336188316  191.791  6.558  4.6992  3.911    0  0.000  0.545     0.00     0.00 -1 -2.56e-05      0.00 7.092e-01 2.755e-01 2.746e-03 7.408e-04 6.719e-03 -1.000 1.527e-02 -11.626 -6.731 -6.600 -6.535 -6.536 -6.577 -7.005 -7.923 -8.105 -9.009 -11.098 -6.529 -6.590 -7.962 -8.225
0.0152 0.01508 5.00000 200.0000305176 2.6336188316  196.805  6.573  4.6979  3.902    0  0.000  0.545     0.00     0.00 -1 -2.67e-05      0.00 7.092e-01 2.755e-01 2.746e-03 7.408e-04 6.719e-03 -1.000 1.527e-02 -11.664 -6.777 -6.646 -6.581 -6.581 -6.623 -7.050 -7.968 -8.147 -9.044 -11.131 -6.575 -6.635 -8.006 -8.267
0.0152 0.01508 5.00000 243.3326721191 2.6336188316  238.422  6.691  4.7160  3.940    0  0.000  0.500     0.00     0.00 -1 -3.56e-05      0.00 7.084e-01 2.763e-01 2.489e-03 1.222e-03 6.515e-03 -1.000 1.529e-02 -11.957 -6.960 -6.842 -6.798 -6.848 -6.918 -7.362 -8.284 -8.650 -9.697 -11.812 -6.834 -6.933 -8.359 -8.751
0.0152 0.01508 5.00000 250.0000000000 2.6336188316  244.838  6.707  4.7180  3.944    0  0.000  0.479     0.00     0.00 -1 -3.71e-05      0.00 7.081e-01 2.766e-01 2.373e-03 1.437e-03 6.424e-03 -1.000 1.530e-02 -11.997 -6.989 -6.872 -6.830 -6.886 -6.960 -7.406 -8.329 -8.718 -9.783 -11.901 -6.872 -6.976 -8.409 -8.816
0.0152 0.01508 5.00000 300.0000305176 2.6336188316  293.551  6.814  4.7203  3.925    0  0.000  0.500     0.00     0.00 -1 -4.97e-05      0.00 7.084e-01 2.763e-01 2.534e-03 1.170e-03 6.513e-03 -1.000 1.528e-02 -12.264 -7.242 -7.127 -7.088 -7.151 -7.229 -7.677 -8.601 -9.016 -10.101 -12.223 -7.136 -7.245 -8.686 -9.112
0.0152 0.01508 5.00000 350.0000000000 2.6336188316  341.922  6.901  4.7220  3.911    0  0.000  0.178     0.00     0.00 -1  -6.3e-05      0.00 7.067e-01 2.778e-01 8.852e-04 3.540e-03 6.026e-03 -1.000 1.546e-02 -12.483 -7.450 -7.337 -7.300 -7.369 -7.450 -7.899 -8.823 -9.259 -10.358 -12.483 -7.353 -7.466 -8.912 -9.352
0.0152 0.01508 5.00000 350.0010070801 2.6336188316  340.613  6.900  4.7088  3.858    0  0.000  0.057     0.00     0.00 -1 -3.48e-05      0.00 7.056e-01 2.789e-01 2.474e-04 4.554e-03 5.726e-03 -1.000 1.551e-02 -12.479 -7.526 -7.402 -7.348 -7.376 -7.434 -7.870 -8.791 -9.075 -10.059 -12.163 -7.366 -7.448 -8.849 -9.184
0.0152 0.01508 5.00000 350.0052185059 2.6336188316  330.926  6.894  4.6604  3.657    0  0.000  0.085     0.00     0.00 -1 -3.03e-06      0.00 6.822e-01 3.027e-01 2.417e-04 7.406e-03 2.471e-03 -1.000 1.515e-02 -12.465 -7.917 -7.810 -7.769 -7.802 -7.858 -8.291 -9.211 -9.367 -10.032 -12.026 -7.792 -7.872 -9.261 -9.501
0.0152 0.01508 5.00000 350.0079956055 2.6336188316  318.129  6.890  4.6313  3.528    0  0.000  0.265     0.00     0.00 -1 -6.16e-07      0.00 6.415e-01 3.435e-01 3.127e-04 8.450e-03 1.185e-03 -1.000 1.503e-02 -12.456 -8.030 -7.917 -7.883 -7.922 -8.036 -8.064 -8.283 -9.283 -11.765 -11.847 -7.922 -8.024 -8.547 -9.216
0.0152 0.01508 5.00000 350.0093383789 2.6336188316  308.508  6.889  4.6185  3.465    0  0.000  0.506     0.00     0.00 -1 -2.83e-07      0.00 6.069e-01 3.782e-01 3.528e-04 8.664e-03 8.881e-04 -1.000 1.496e-02 -12.452 -8.125 -8.013 -7.980 -8.021 -8.133 -8.164 -8.384 -9.402 -11.888 -11.968 -8.019 -8.121 -8.657 -9.334
0.0152 0.01508 5.00000 350.0104370117 2.6336188316  298.371  6.887  4.6101  3.418    0  0.000  0.828     0.00     0.00 -1 -1.53e-07      0.00 5.679e-01 4.172e-01 3.830e-04 8.661e-03 8.524e-04 -1.000 1.496e-02 -12.448 -8.186 -8.075 -8.043 -8.085 -8.197 -8.228 -8.449 -9.479 -11.969 -12.047 -8.082 -8.185 -8.729 -9.411
0.0152 0.01508 5.00000 350.0112609863 2.6336188316  288.723  6.887  4.6048  3.383    0  0.000  1.022     0.00     0.00 -1 -9.71e-08      0.00 5.285e-01 4.566e-01 4.059e-04 8.618e-03 8.762e-04 -1.000 1.497e-02 -12.447 -8.226 -8.115 -8.084 -8.127 -8.238 -8.270 -8.491 -9.529 -12.021 -12.098 -8.123 -8.226 -8.776 -9.461
0.0152 0.01508 5.00000 350.0118713379 2.6336188316  280.281  6.886  4.6018  3.359    0  0.000  1.105     0.00     0.00 -1 -6.94e-08      0.00 4.947e-01 4.903e-01 4.228e-04 8.573e-03 9.070e-04 -1.000 1.494e-02 -12.445 -8.008 -7.898 -7.969 -7.928 -8.039 -8.084 -8.267 -9.431 -10.462 -11.225 -7.929 -8.037 -8.473 -9.201
0.0152 0.01508 5.00000 350.0122985840 2.6336188316  273.660  6.886  4.6003  3.343    0  0.000  1.140     0.00     0.00 -1 -5.53e-08      0.00 4.675e-01 5.176e-01 4.346e-04 8.537e-03 9.317e-04 -1.000 1.492e-02 -12.444 -8.010 -7.899 -7.970 -7.930 -8.041 -8.086 -8.269 -9.433 -10.464 -11.227 -7.931 -8.039 -8.475 -9.204
0.0152 0.01508 5.00000 350.0126953125 2.6336188316  266.824  6.885  4.5996  3.329    0  0.000  1.162     0.00     0.00 -1 -4.44e-08      0.00 4.391e-01 5.460e-01 4.457e-04 8.507e-03 9.559e-04 -1.000 1.496e-02 -12.444 -8.010 -7.900 -7.971 -7.930 -8.041 -8.086 -8.269 -9.434 -10.465 -11.228 -7.931 -8.040 -8.476 -9.204
0.0152 0.01508 5.00000 350.0130615234 2.6336188316  259.574  6.885  4.5997  3.318    0  0.000  1.183     0.00     0.00 -1 -3.63e-08      0.00 4.089e-01 5.761e-01 4.564e-04 8.475e-03 9.794e-04 -1.000 1.497e-02 -12.443 -8.009 -7.899 -7.970 -7.929 -8.040 -8.085 -8.268 -9.433 -10.464 -11.227 -7.930 -8.039 -8.475 -9.203
0.0152 0.01508 5.00000 350.0133972168 2.6336188316  252.295  6.885  4.6000  3.307    0  0.000  1.202     0.00     0.00 -1 -3.01e-08      0.00 3.795e-01 6.055e-01 4.662e-04 8.446e-03 1.001e-03 -1.000 1.497e-02 -12.442 -8.180 -8.061 -8.043 -8.039 -8.138 -8.158 -8.347 -9.639 -10.366 -11.183 -8.048 -8.136 -8.571 -9.371
0.0152 0.01508 5.00000 350.0134582520 2.6336188316  248.314  6.880  4.6032  3.317    0  0.000  1.210     0.00     0.00 -1 -5.71e-08      0.00 3.678e-01 6.173e-01 4.679e-04 8.442e-03 1.003e-03 -1.000 1.497e-02 -12.431 -8.150 -8.030 -8.013 -8.009 -8.108 -8.128 -8.316 -9.611 -10.343 -11.162 -8.017 -8.105 -8.540 -9.343
0.0152 0.01508 5.00000 350.0135803223 2.6336188316  238.617  6.864  4.6024  3.313    0  0.000  1.215     0.00     0.00 -1 -5.19e-08      0.00 3.574e-01 6.276e-01 4.711e-04 8.431e-03 1.011e-03 -1.000 1.501e-02 -12.391 -8.114 -7.995 -7.977 -7.974 -8.073 -8.092 -8.281 -9.575 -10.306 -11.125 -7.982 -8.070 -8.505 -9.307
0.0152 0.01508 5.00000 350.0136718750 2.6336188316  229.125  6.849  4.6028  3.313    0  0.000  1.221     0.00     0.00 -1 -6.28e-08      0.00 3.454e-01 6.396e-01 4.744e-04 8.425e-03 1.018e-03 -1.000 1.501e-02 -12.351 -8.072 -7.953 -7.935 -7.931 -8.031 -8.050 -8.239 -9.533 -10.264 -11.084 -7.940 -8.028 -8.463 -9.265
0.0152 0.01508 5.00000 350.0137939453 2.6336188316  219.648  6.832  4.6037  3.314    0  0.000  1.227     0.00     0.00 -1 -8.81e-08      0.00 3.321e-01 6.529e-01 4.777e-04 8.415e-03 1.026e-03 -1.000 1.498e-02 -12.310 -8.025 -7.906 -7.888 -7.884 -7.984 -8.003 -8.192 -9.487 -10.220 -11.040 -7.893 -7.981 -8.416 -9.219
0.0152 0.01508 5.00000 350.0139160156 2.6336188316  206.342  6.808  4.6114  3.342    0  0.000  1.246     0.00     0.00 -1 -9.88e-08      0.00 3.041e-01 6.809e-01 4.813e-04 8.406e-03 1.032e-03 -1.000 1.498e-02 -12.250 -7.917 -7.797 -7.780 -7.776 -7.876 -7.896 -8.085 -9.385 -10.131 -10.957 -7.785 -7.873 -8.308 -9.117
0.0152 0.01508 5.00000 350.0140075684 2.6336188316  190.494  6.770  4.6112  3.344    0  0.000  1.248     0.00     0.00 -1 -8.51e-08      0.00 2.919e-01 6.930e-01 4.842e-04 8.397e-03 1.039e-03 -1.000 1.501e-02 -12.156 -7.825 -7.705 -7.687 -7.684 -7.784 -7.803 -7.992 -9.292 -10.038 -10.864 -7.693 -7.781 -8.216 -9.024
0.0152 0.01508 5.00000 350.0141296387 2.6336188316  175.859  6.732  4.6099  3.343    0  0.000  1.248     0.00     0.00 -1 -7.27e-08      0.00 2.822e-01 7.028e-01 4.870e-04 8.388e-03 1.046e-03 -1.000 1.501e-02 -12.060 -7.736 -7.617 -7.599 -7.596 -7.695 -7.715 -7.904 -9.203 -9.946 -10.771 -7.604 -7.693 -8.127 -8.935
0.0152 0.01508 5.00000 350.0142517090 2.6336188316  161.996  6.693  4.6086  3.341    0  0.000  1.246     0.00     0.00 -1 -6.19e-08      0.00 2.722e-01 7.128e-01 4.899e-04 8.379e-03 1.054e-03 -1.000 1.501e-02 -11.962 -7.646 -7.526 -7.509 -7.505 -7.605 -7.625 -7.813 -9.112 -9.853 -10.677 -7.514 -7.602 -8.037 -8.844
0.0152 0.01508 5.00000 350.0143432617 2.6336188316  149.295  6.654  4.6076  3.341    0  0.000  1.246     0.00     0.00 -1 -5.28e-08      0.00 2.622e-01 7.227e-01 4.928e-04 8.370e-03 1.061e-03 -1.000 1.501e-02 -11.864 -7.555 -7.435 -7.418 -7.414 -7.514 -7.534 -7.722 -9.020 -9.759 -10.582 -7.423 -7.511 -7.946 -8.752
0.0152 0.01508 5.00000 350.0144653320 2.6336188316  137.594  6.614  4.6066  3.341    0  0.000  1.246     0.00     0.00 -1 -4.51e-08      0.00 2.521e-01 7.329e-01 4.957e-04 8.361e-03 1.068e-03 -1.000 1.501e-02 -11.766 -7.463 -7.343 -7.326 -7.322 -7.422 -7.441 -7.630 -8.927 -9.665 -10.487 -7.331 -7.419 -7.854 -8.659
0.0152 0.01508 5.00000 350.0145568848 2.6336188316  127.070  6.576  4.6057  3.341    0  0.000  1.246     0.00     0.00 -1 -3.85e-08      0.00 2.423e-01 7.427e-01 4.985e-04 8.351e-03 1.075e-03 -1.000 1.498e-02 -11.670 -7.373 -7.253 -7.235 -7.232 -7.331 -7.351 -7.540 -8.836 -9.572 -10.394 -7.240 -7.329 -7.763 -8.568
0.0152 0.01508 5.00000 350.0146789551 2.6336188316  117.323  6.537  4.6049  3.342    0  0.000  1.247     0.00     0.00 -1 -3.27e-08      0.00 2.324e-01 7.526e-01 5.013e-04 8.343e-03 1.082e-03 -1.000 1.501e-02 -11.574 -7.281 -7.162 -7.144 -7.140 -7.240 -7.259 -7.448 -8.744 -9.478 -10.300 -7.149 -7.237 -7.672 -8.475
0.0152 0.01508 5.00000 350.0147705078 2.6336188316  108.543  6.499  4.6042  3.343    0  0.000  1.249     0.00     0.00 -1 -2.82e-08      0.00 2.228e-01 7.623e-01 5.042e-04 8.334e-03 1.088e-03 -1.000 1.498e-02 -11.479 -7.191 -7.071 -7.054 -7.050 -7.149 -7.169 -7.358 -8.653 -9.386 -10.207 -7.058 -7.147 -7.582 -8.384
0.0152 0.01508 5.00000 350.0148620605 2.6336188316  100.252  6.460  4.6036  3.345    0  0.000  1.251     0.00     0.00 -1  -2.4e-08      0.00 2.128e-01 7.722e-01 5.071e-04 8.328e-03 1.095e-03 -1.000 1.502e-02 -11.381 -7.097 -6.978 -6.960 -6.956 -7.056 -7.075 -7.264 -8.559 -9.291 -10.111 -6.965 -7.053 -7.488 -8.290
0.0152 0.01508 5.00000 350.0149841309 2.6336188316   92.754  6.422  4.6031  3.347    0  0.000  1.256     0.00     0.00 -1 -2.07e-08      0.00 2.030e-01 7.820e-01 5.101e-04 8.320e-03 1.102e-03 -1.000 1.505e-02 -11.286 -7.005 -6.885 -6.868 -6.864 -6.963 -6.983 -7.171 -8.466 -9.198 -10.017 -6.872 -6.960 -7.395 -8.197
0.0152 0.01508 5.00000 350.0150756836 2.6336188316   85.521  6.383  4.6025  3.349    0  0.000  1.262     0.00     0.00 -1 -1.76e-08      0.00 1.926e-01 7.923e-01 5.132e-04 8.310e-03 1.108e-03 -1.000 1.506e-02 -11.187 -6.910 -6.790 -6.773 -6.769 -6.868 -6.888 -7.076 -8.370 -9.101 -9.920 -6.777 -6.865 -7.301 -8.102
0.0152 0.01508 5.00000 350.0151977539 2.6336188316   78.890  6.344  4.6027  3.354    0  0.000  1.272     0.00     0.00 -1 -1.49e-08      0.00 1.823e-01 8.027e-01 5.165e-04 8.301e-03 1.115e-03 -1.000 1.502e-02 -11.090 -6.811 -6.692 -6.674 -6.670 -6.770 -6.789 -6.978 -8.272 -9.003 -9.823 -6.679 -6.767 -7.202 -8.004
0.0152 0.01508 5.00000 350.0152893066 2.6336188316   72.915  6.306  4.6035  3.361    0  0.000  1.285     0.00     0.00 -1 -1.29e-08      0.00 1.719e-01 8.130e-01 5.199e-04 8.292e-03 1.121e-03 -1.000 1.502e-02 -10.996 -6.712 -6.592 -6.575 -6.571 -6.670 -6.690 -6.878 -8.173 -8.906 -9.726 -6.579 -6.668 -7.103 -7.905
0.0152 0.01508 5.00000 350.0153808594 2.6336188316   67.875  6.272  4.6049  3.370    0  0.000  1.300     0.00     0.00 -1 -1.12e-08      0.00 1.624e-01 8.226e-01 5.232e-04 8.284e-03 1.127e-03 -1.000 1.500e-02 -10.910 -6.617 -6.498 -6.480 -6.476 -6.576 -6.595 -6.784 -8.080 -8.815 -9.636 -6.485 -6.573 -7.008 -7.812
0.0152 0.01508 5.00000 350.0154724121 2.6336188316   63.199  6.238  4.6074  3.382    0  0.000  1.323     0.00     0.00 -1 -9.68e-09      0.00 1.528e-01 8.322e-01 5.268e-04 8.276e-03 1.132e-03 -1.000 1.499e-02 -10.824 -6.517 -6.397 -6.379 -6.376 -6.475 -6.495 -6.684 -7.981 -8.720 -9.543 -6.384 -6.473 -6.907 -7.713
0.0152 0.01508 5.00000 350.0155639648 2.6336188316   59.376  6.208  4.6109  3.399    0  0.000  1.349     0.00     0.00 -1 -8.56e-09      0.00 1.444e-01 8.406e-01 5.302e-04 8.268e-03 1.137e-03 -1.000 1.502e-02 -10.750 -6.420 -6.300 -6.283 -6.279 -6.379 -6.399 -6.587 -7.888 -8.632 -9.458 -6.288 -6.376 -6.811 -7.619
0.0152 0.01508 5.00000 350.0156250000 2.6336188316   56.298  6.183  4.6164  3.423    0  0.000  1.379     0.00     0.00 -1 -7.77e-09      0.00 1.372e-01 8.478e-01 5.335e-04 8.258e-03 1.141e-03 -1.000 1.501e-02 -10.687 -6.323 -6.203 -6.186 -6.183 -6.283 -6.302 -6.491 -7.796 -8.549 -9.380 -6.192 -6.280 -6.715 -7.527
0.0152 0.01508 5.00000 350.0156555176 2.6336188316   54.351  6.167  4.6225  3.449    0  0.000  1.400     0.00     0.00 -1 -7.24e-09      0.00 1.336e-01 8.514e-01 5.357e-04 8.253e-03 1.143e-03 -1.000 1.503e-02 -10.647 -6.245 -6.125 -6.107 -6.104 -6.205 -6.224 -6.413 -7.722 -8.486 -9.322 -6.113 -6.202 -6.636 -7.454
0.0152 0.01508 5.00000 350.0156860352 2.6336188316   53.140  6.157  4.6304  3.480    0  0.000  1.412     0.00     0.00 -1 -6.88e-09      0.00 1.318e-01 8.531e-01 5.370e-04 8.251e-03 1.145e-03 -1.000 1.504e-02 -10.623 -6.171 -6.051 -6.033 -6.030 -6.132 -6.151 -6.341 -7.655 -8.432 -9.274 -6.040 -6.129 -6.563 -7.387
0.0152 0.01508 5.00000 350.0157165527 2.6336188316   51.552  6.176  4.7373  3.875    0  0.000  1.353     0.00     0.00 -1 -7.23e-09      0.00 1.274e-01 8.576e-01 5.316e-04 8.258e-03 1.146e-03 -1.000 1.502e-02 -10.671 -5.450 -5.328 -5.309 -5.294 -5.392 -5.404 -5.573 -6.873 -7.681 -8.590 -5.305 -5.389 -5.764 -6.604
0.0152 0.01508 5.00000 350.0157470703 2.6336188316   50.316  6.184  4.8807  4.430    0  0.000  1.303     0.00     0.00 -1 -7.33e-09      0.00 1.233e-01 8.617e-01 5.277e-04 8.265e-03 1.148e-03 -1.000 1.504e-02 -10.691 -4.361 -4.229 -4.182 -4.210 -4.325 -4.360 -4.531 -5.947 -6.974 -7.995 -4.221 -4.324 -4.736 -5.677
0.0152 0.01508 5.00000 350.0158081055 2.6336188316   47.612  6.149  4.9011  4.523    0  0.000  1.618     0.00     0.00 -1 -6.49e-09      0.00 1.132e-01 8.718e-01 5.507e-04 8.232e-03 1.147e-03 -1.000 1.504e-02 -10.603 -4.119 -3.989 -3.945 -3.987 -4.112 -4.151 -4.322 -5.752 -6.809 -7.863 -3.998 -4.110 -4.525 -5.481
0.0152 0.01508 5.00000 350.0158691406 2.6336188316   44.856  6.119  4.9021  4.531    0  0.000 47.350     0.00     0.00 -1 -5.53e-09      0.00 1.126e-01 8.465e-01 2.410e-02 4.552e-03 1.502e-03 10.230 4.092e-02 -10.527 -4.036 -3.906 -3.862 -3.905 -4.030 -4.070 -4.242 -5.675 -6.730 -7.784 -3.916 -4.029 -4.447 -5.404
0.0152 0.01508 5.00000 350.0159912109 2.6336188316   41.724  6.086  4.8988  4.520    0  0.000 31.262     0.00     0.00 -1 -3.64e-09      0.00 1.133e-01 7.225e-01 1.393e-01 1.184e-04 6.929e-03 10.994 1.642e-01 -10.445 -4.029 -3.905 -3.858 -3.899 -3.993 -4.064 -4.253 -5.681 -6.635 -7.617 -3.899 -3.996 -4.492 -5.408
0.0152 0.01508 5.00000 350.0161132812 2.6336188316   38.674  6.058  4.8969  4.508    0  0.000 14.851     0.00     0.00 -1 -2.37e-09      0.00 1.143e-01 6.117e-01 2.353e-01 1.195e-04 2.069e-02 11.205 2.739e-01 -10.374 -3.973 -3.849 -3.803 -3.844 -3.938 -4.009 -4.199 -5.628 -6.580 -7.558 -3.844 -3.942 -4.439 -5.355
0.0152 0.01508 5.00000 350.0162658691 2.6336188316   36.630  6.042  4.8997  4.511    0  0.000  8.960     0.00     0.00 -1 -1.61e-09      0.00 1.153e-01 5.202e-01 3.054e-01 1.204e-04 4.096e-02 11.298 3.645e-01 -10.335 -3.912 -3.788 -3.740 -3.782 -3.875 -3.946 -4.135 -5.563 -6.518 -7.501 -3.782 -3.878 -4.374 -5.290
0.0152 0.01508 5.00000 350.0163879395 2.6336188316   35.341  6.037  4.9097  4.540    0  0.000  5.521     0.00     0.00 -1 -1.01e-09      0.00 1.162e-01 4.109e-01 3.743e-01 1.213e-04 8.050e-02 11.353 4.730e-01 -10.322 -3.817 -3.691 -3.641 -3.678 -3.765 -3.834 -4.011 -5.411 -6.359 -7.347 -3.678 -3.769 -4.235 -5.138
0.0152 0.01508 5.00000 350.0164184570 2.6336188316   34.991  6.038  4.9195  4.574    0  0.000  5.065     0.00     0.00 -1 -9.82e-10      0.00 1.165e-01 3.937e-01 3.832e-01 1.217e-04 8.850e-02 11.355 4.898e-01 -10.326 -3.741 -3.613 -3.560 -3.593 -3.674 -3.741 -3.906 -5.277 -6.219 -7.209 -3.592 -3.677 -4.115 -5.005
0.0152 0.01508 5.00000 350.0164489746 2.6336188316   34.681  6.077  4.9949  4.833    3  0.000  4.748     0.00     0.00 -1 -1.28e-09      0.00 1.167e-01 3.808e-01 3.888e-01 1.219e-04 9.554e-02 11.355 5.025e-01 -10.423 -3.246 -3.113 -3.050 -3.067 -3.125 -3.186 -3.302 -4.558 -5.460 -6.450 -3.063 -3.128 -3.450 -4.286
0.0152 0.01508 5.00000 350.0164794922 2.6336188316   34.606  6.130  5.0589  5.035    3  0.000  4.691     0.00     0.00 -1  -2.1e-09      0.00 1.168e-01 3.785e-01 3.896e-01 1.220e-04 9.697e-02 11.354 5.048e-01 -10.555 -3.026 -2.915 -2.875 -2.939 -3.016 -3.097 -3.212 -4.465 -5.379 -6.337 -2.930 -3.022 -3.339 -4.192
#isochrone terminated
