# File generated by CMD 3.3 (http://stev.oapd.inaf.it/cmd) on Fri Feb  7 15:21:04 CET 2020
# isochrones based on PARSEC release v1.2S +  COLIBRI S_35
# Basic references: Bressan et al. (2012), MNRAS, 427, 127 + Chen et al. (2014, 2015), MNRAS, 444, 2525 + MNRAS, 452, 1068 + Tang et al. (2014), MNRAS, 445, 4287 + Marigo et al. (2017), ApJ, 835, 77 + Pastorelli al. (2019), MNRAS in press
# Thermal pulse cycles included 
# On RGB, assumed Reimers mass loss with efficiency eta=0.2
# Photometric system:  2MASS + Spitzer (IRAC+MIPS) + WISE
# Using YBC version of bolometric corrections as in Chen et al. (2019)
# O-rich circumstellar dpmod60alox40 dust from Groenewegen (2006)
# C-rich circumstellar AMCSIC15 dust from Groenewegen (2006)
# IMF: Kroupa (2001, 2002) + Kroupa et al. (2013) canonical two-part-power law IMF corrected for unresolved binaries 
# Kind of output: isochrone tables
# Zini     MH   logAge Mini        int_IMF         Mass   logL    logTe  logg  label   McoreTP C_O  period0 period1 pmode  Mloss  tau1m   X   Y   Xc  Xn  Xo  Cexcess  Z 	 mbolmag  Jmag    Hmag    Ksmag   IRAC_3.6mag  IRAC_4.5mag  IRAC_5.8mag  IRAC_8.0mag  MIPS_24mag  MIPS_70mag  MIPS_160mag  W1mag   W2mag   W3mag   W4mag
0.05 0.59589 10.00000 0.1000000015 1.1711064577    0.100 -3.264  3.3645  5.112    1  0.000  0.545     0.00     0.00 -1 -6.03e-17      0.00 6.072e-01 3.418e-01 9.173e-03 2.474e-03 2.244e-02 -1.000 5.101e-02 12.929 10.777 10.213 9.898 9.462 9.387 9.322 9.228 8.598 8.566 8.519 9.630 9.399 9.164 8.788
0.05 0.59589 10.00000 0.1166644469 1.2969263792    0.117 -3.083  3.3840  5.076    1  0.000  0.545     0.00     0.00 -1 -8.81e-17      0.00 6.068e-01 3.422e-01 9.173e-03 2.474e-03 2.244e-02 -1.000 5.101e-02 12.478 10.327 9.765 9.447 9.011 8.933 8.867 8.774 8.144 8.112 8.066 9.178 8.945 8.710 8.333
0.05 0.59589 10.00000 0.1199999973 1.3193154335    0.120 -3.050  3.3876  5.070    1  0.000  0.545     0.00     0.00 -1 -9.44e-17      0.00 6.067e-01 3.423e-01 9.173e-03 2.474e-03 2.244e-02 -1.000 5.101e-02 12.395 10.244 9.683 9.365 8.928 8.850 8.784 8.690 8.061 8.029 7.983 9.095 8.862 8.627 8.250
0.05 0.59589 10.00000 0.1400000006 1.4384527206    0.140 -2.887  3.4036  5.038    1  0.000  0.545     0.00     0.00 -1 -6.96e-18      0.00 6.061e-01 3.429e-01 9.173e-03 2.474e-03 2.244e-02 -1.000 5.101e-02 11.988 9.838 9.279 8.958 8.521 8.440 8.374 8.281 7.651 7.619 7.574 8.688 8.452 8.218 7.841
0.05 0.59589 10.00000 0.1599999964 1.5372931957    0.160 -2.755  3.4155  5.011    1  0.000  0.545     0.00     0.00 -1 -1.25e-16      0.00 6.057e-01 3.433e-01 9.173e-03 2.474e-03 2.244e-02 -1.000 5.101e-02 11.658 9.508 8.951 8.629 8.192 8.108 8.042 7.949 7.320 7.288 7.244 8.357 8.120 7.887 7.510
0.05 0.59589 10.00000 0.2000000030 1.6938791275    0.200 -2.537  3.4348  4.968    1  0.000  0.545     0.00     0.00 -1 -2.68e-16      0.00 6.049e-01 3.441e-01 9.173e-03 2.474e-03 2.244e-02 -1.000 5.101e-02 11.114 8.997 8.445 8.135 7.721 7.624 7.564 7.484 6.870 6.839 6.826 7.871 7.633 7.430 7.060
0.05 0.59589 10.00000 0.2500000000 1.8403258324    0.250 -2.315  3.4543  4.920    1  0.000  0.545     0.00     0.00 -1 -1.43e-18      0.00 6.043e-01 3.447e-01 9.172e-03 2.474e-03 2.244e-02 -1.000 5.101e-02 10.558 8.481 7.930 7.636 7.250 7.144 7.091 7.023 6.425 6.398 6.421 7.386 7.152 6.982 6.614
0.05 0.59589 10.00000 0.3000000417 1.9529141188    0.300 -2.144  3.4672  4.879    1  0.000  0.545     0.00     0.00 -1 -5.98e-16      0.00 6.041e-01 3.449e-01 9.172e-03 2.475e-03 2.244e-02 -1.000 5.104e-02 10.129 8.080 7.525 7.243 6.879 6.770 6.719 6.657 6.069 6.048 6.094 7.004 6.776 6.626 6.258
0.05 0.59589 10.00000 0.3499999940 2.0434174538    0.350 -1.992  3.4791  4.842    1  0.000  0.545     0.00     0.00 -1  -8.2e-16      0.00 6.084e-01 3.406e-01 9.173e-03 2.474e-03 2.244e-02 -1.000 5.101e-02 9.750 7.726 7.165 6.896 6.554 6.444 6.396 6.340 5.761 5.748 5.813 6.671 6.450 6.317 5.950
0.05 0.59589 10.00000 0.3617003262 2.0621876717    0.362 -1.956  3.4825  4.834    1  0.000  0.545     0.00     0.00 -1 -8.85e-16      0.00 6.084e-01 3.406e-01 9.173e-03 2.474e-03 2.244e-02 -1.000 5.101e-02 9.660 7.644 7.080 6.815 6.479 6.369 6.321 6.266 5.690 5.681 5.751 6.593 6.375 6.246 5.879
0.05 0.59589 10.00000 0.4000000060 2.1185026169    0.400 -1.845  3.4930  4.809    1  0.000  0.545     0.00     0.00 -1 -1.12e-15      0.00 6.086e-01 3.404e-01 9.173e-03 2.474e-03 2.244e-02 -1.000 5.101e-02 9.383 7.392 6.818 6.564 6.249 6.142 6.094 6.042 5.474 5.477 5.564 6.356 6.147 6.030 5.664
0.05 0.59589 10.00000 0.4500000179 2.1822810173    0.450 -1.699  3.5072  4.771    1  0.000  0.545     0.00     0.00 -1 -1.54e-15      0.00 6.086e-01 3.404e-01 9.173e-03 2.474e-03 2.244e-02 -1.000 5.101e-02 9.018 7.060 6.465 6.226 5.944 5.848 5.802 5.754 5.201 5.219 5.321 6.042 5.852 5.752 5.390
0.05 0.59589 10.00000 0.4954491854 2.2327349186    0.495 -1.562  3.5221  4.735    1  0.000  0.545     0.00     0.00 -1  -2.1e-15      0.00 6.087e-01 3.403e-01 9.173e-03 2.474e-03 2.244e-02 -1.000 5.101e-02 8.674 6.755 6.135 5.906 5.658 5.580 5.533 5.486 4.950 4.990 5.105 5.745 5.584 5.495 5.139
0.05 0.59589 10.00000 0.5000000596 2.2374544144    0.500 -1.549  3.5235  4.732    1  0.000  0.545     0.00     0.00 -1 -2.17e-15      0.00 6.087e-01 3.403e-01 9.173e-03 2.474e-03 2.244e-02 -1.000 5.101e-02 8.641 6.725 6.104 5.876 5.631 5.555 5.508 5.461 4.927 4.969 5.085 5.716 5.559 5.471 5.117
0.05 0.59589 10.00000 0.5049565434 2.2425060272    0.505 -1.531  3.5253  4.726    1  0.000  0.545     0.00     0.00 -1 -2.26e-15      0.00 6.114e-01 3.379e-01 9.111e-03 2.458e-03 2.229e-02 -1.000 5.066e-02 8.598 6.686 6.062 5.835 5.594 5.521 5.475 5.428 4.897 4.941 5.058 5.679 5.526 5.440 5.086
0.05 0.59589 10.00000 0.5500000119 2.2836582661    0.550 -1.382  3.5409  4.676    1  0.000  0.545     0.00     0.00 -1 -3.23e-15      0.00 6.341e-01 3.181e-01 8.593e-03 2.318e-03 2.102e-02 -1.000 4.779e-02 8.226 6.352 5.702 5.484 5.280 5.235 5.189 5.144 4.635 4.697 4.821 5.352 5.240 5.166 4.824
0.05 0.59589 10.00000 0.5518051386 2.2851471901    0.551 -1.376  3.5418  4.675    1  0.000  0.545     0.00     0.00 -1 -3.27e-15      0.00 6.342e-01 3.180e-01 8.591e-03 2.317e-03 2.102e-02 -1.000 4.778e-02 8.210 6.339 5.687 5.470 5.268 5.225 5.179 5.134 4.626 4.689 4.814 5.340 5.230 5.156 4.815
0.05 0.59589 10.00000 0.6000000238 2.3211214542    0.600 -1.217  3.5648  4.645    1  0.000  0.545     0.00     0.00 -1 -4.68e-15      0.00 6.377e-01 3.149e-01 8.518e-03 2.299e-03 2.085e-02 -1.000 4.740e-02 7.814 6.005 5.325 5.127 4.968 4.968 4.921 4.868 4.394 4.486 4.613 5.019 4.974 4.905 4.584
0.05 0.59589 10.00000 0.6499999762 2.3520355225    0.650 -1.046  3.5938  4.624    1  0.000  0.544     0.00     0.00 -1 -6.82e-15      0.00 6.410e-01 3.120e-01 8.446e-03 2.280e-03 2.068e-02 -1.000 4.701e-02 7.386 5.659 4.972 4.803 4.691 4.733 4.688 4.624 4.186 4.303 4.427 4.719 4.739 4.675 4.375
0.05 0.59589 10.00000 0.6999999881 2.3779268265    0.700 -0.878  3.6234  4.606    1  0.000  0.544     0.00     0.00 -1 -9.91e-15      0.00 6.442e-01 3.092e-01 8.379e-03 2.262e-03 2.052e-02 -1.000 4.662e-02 6.964 5.318 4.653 4.517 4.449 4.516 4.479 4.412 3.996 4.126 4.252 4.462 4.523 4.472 4.185
0.05 0.59589 10.00000 0.7080313563 2.3816955090    0.708 -0.849  3.6293  4.606    1  0.000  0.543     0.00     0.00 -1 -1.05e-14      0.00 6.446e-01 3.088e-01 8.352e-03 2.259e-03 2.050e-02 -1.000 4.657e-02 6.892 5.262 4.604 4.475 4.414 4.483 4.447 4.382 3.967 4.099 4.226 4.425 4.490 4.442 4.156
0.05 0.59589 10.00000 0.7349708080 2.3936481476    0.735 -0.753  3.6482  4.602    1  0.000  0.539     0.00     0.00 -1 -1.29e-14      0.00 6.460e-01 3.076e-01 8.265e-03 2.250e-03 2.044e-02 -1.000 4.643e-02 6.653 5.080 4.466 4.352 4.305 4.374 4.343 4.281 3.869 4.006 4.134 4.311 4.380 4.342 4.058
0.05 0.59589 10.00000 0.7500000000 2.3998889923    0.750 -0.701  3.6584  4.600    1  0.000  0.537     0.00     0.00 -1 -1.44e-14      0.00 6.467e-01 3.069e-01 8.219e-03 2.246e-03 2.041e-02 -1.000 4.639e-02 6.523 4.980 4.396 4.290 4.246 4.312 4.284 4.225 3.813 3.951 4.081 4.250 4.318 4.286 4.002
0.05 0.59589 10.00000 0.7628373504 2.4049963951    0.763 -0.662  3.6636  4.589    1  0.000  0.537     0.00     0.00 -1 -1.59e-14      0.00 6.480e-01 3.058e-01 8.192e-03 2.238e-03 2.034e-02 -1.000 4.623e-02 6.425 4.898 4.332 4.228 4.185 4.249 4.222 4.166 3.753 3.892 4.022 4.189 4.255 4.226 3.942
0.05 0.59589 10.00000 0.7903283238 2.4152944088    0.790 -0.579  3.6746  4.565    1  0.000  0.537     0.00     0.00 -1 -1.94e-14      0.00 6.506e-01 3.035e-01 8.136e-03 2.224e-03 2.021e-02 -1.000 4.591e-02 6.217 4.724 4.194 4.096 4.055 4.114 4.091 4.038 3.626 3.765 3.896 4.058 4.120 4.098 3.814
0.05 0.59589 10.00000 0.7976072431 2.4178848267    0.797 -0.557  3.6775  4.559    1  0.000  0.537     0.00     0.00 -1 -2.05e-14      0.00 6.513e-01 3.029e-01 8.122e-03 2.220e-03 2.017e-02 -1.000 4.584e-02 6.162 4.678 4.157 4.061 4.020 4.078 4.056 4.003 3.591 3.731 3.863 4.023 4.084 4.064 3.780
0.05 0.59589 10.00000 0.8151179552 2.4238991737    0.815 -0.503  3.6845  4.542    1  0.000  0.537     0.00     0.00 -1 -2.34e-14      0.00 6.531e-01 3.013e-01 8.083e-03 2.209e-03 2.008e-02 -1.000 4.563e-02 6.027 4.565 4.066 3.973 3.935 3.990 3.969 3.919 3.507 3.648 3.780 3.937 3.995 3.979 3.696
0.05 0.59589 10.00000 0.8377137184 2.4312341213    0.837 -0.433  3.6933  4.519    1  0.000  0.537     0.00     0.00 -1 -2.78e-14      0.00 6.553e-01 2.993e-01 8.035e-03 2.196e-03 1.996e-02 -1.000 4.535e-02 5.853 4.419 3.947 3.859 3.822 3.874 3.854 3.807 3.397 3.538 3.670 3.825 3.879 3.868 3.585
0.05 0.59589 10.00000 0.8452144861 2.4335694313    0.844 -0.410  3.6961  4.512    1  0.000  0.537     0.00     0.00 -1 -2.94e-14      0.00 6.561e-01 2.986e-01 8.019e-03 2.192e-03 1.992e-02 -1.000 4.527e-02 5.796 4.371 3.908 3.821 3.785 3.835 3.816 3.770 3.359 3.501 3.634 3.787 3.840 3.831 3.548
0.05 0.59589 10.00000 0.8565844297 2.4370200634    0.856 -0.375  3.7003  4.498    1  0.000  0.537     0.00     0.00 -1 -3.22e-14      0.00 6.573e-01 2.975e-01 7.992e-03 2.185e-03 1.986e-02 -1.000 4.517e-02 5.707 4.296 3.845 3.761 3.725 3.774 3.756 3.711 3.300 3.442 3.575 3.727 3.778 3.772 3.489
0.05 0.59589 10.00000 0.8800908923 2.4438300133    0.879 -0.302  3.7084  4.469    1  0.000  0.537     0.00     0.00 -1 -3.88e-14      0.00 6.599e-01 2.952e-01 7.938e-03 2.170e-03 1.972e-02 -1.000 4.483e-02 5.524 4.142 3.714 3.634 3.600 3.646 3.629 3.587 3.176 3.318 3.451 3.602 3.650 3.647 3.365
0.05 0.59589 10.00000 0.8928216696 2.4473464489    0.892 -0.262  3.7125  4.453    1  0.000  0.536     0.00     0.00 -1  -4.3e-14      0.00 6.613e-01 2.941e-01 7.910e-03 2.162e-03 1.966e-02 -1.000 4.468e-02 5.426 4.058 3.641 3.563 3.531 3.575 3.559 3.517 3.107 3.249 3.382 3.532 3.579 3.578 3.296
0.05 0.59589 10.00000 0.8977376223 2.4486734867    0.897 -0.247  3.7140  4.446    1  0.000  0.536     0.00     0.00 -1 -4.48e-14      0.00 6.619e-01 2.935e-01 7.897e-03 2.159e-03 1.963e-02 -1.000 4.461e-02 5.387 4.025 3.612 3.535 3.503 3.546 3.531 3.490 3.079 3.222 3.355 3.504 3.550 3.550 3.268
0.05 0.59589 10.00000 0.9097100496 2.4518368244    0.909 -0.210  3.7175  4.428    1  0.000  0.536     0.00     0.00 -1 -4.95e-14      0.00 6.633e-01 2.922e-01 7.868e-03 2.151e-03 1.956e-02 -1.000 4.449e-02 5.294 3.944 3.540 3.465 3.434 3.476 3.461 3.421 3.010 3.153 3.286 3.435 3.480 3.482 3.199
0.05 0.59589 10.00000 0.9210523963 2.4547467232    0.920 -0.175  3.7205  4.410    1  0.000  0.536     0.00     0.00 -1 -5.45e-14      0.00 6.646e-01 2.910e-01 7.841e-03 2.144e-03 1.949e-02 -1.000 4.434e-02 5.206 3.867 3.472 3.398 3.367 3.409 3.394 3.355 2.944 3.087 3.220 3.369 3.413 3.415 3.133
0.05 0.59589 10.00000 0.9319984913 2.4574778080    0.931 -0.141  3.7232  4.393    1  0.000  0.536     0.00     0.00 -1 -5.97e-14      0.00 6.658e-01 2.900e-01 7.817e-03 2.138e-03 1.944e-02 -1.000 4.421e-02 5.123 3.794 3.405 3.333 3.303 3.343 3.329 3.290 2.880 3.023 3.156 3.304 3.347 3.351 3.068
0.05 0.59589 10.00000 0.9404288530 2.4595315456    0.939 -0.115  3.7251  4.378    1  0.000  0.536     0.00     0.00 -1 -6.41e-14      0.00 6.666e-01 2.893e-01 7.801e-03 2.133e-03 1.940e-02 -1.000 4.416e-02 5.058 3.736 3.353 3.281 3.251 3.292 3.278 3.239 2.829 2.972 3.105 3.253 3.296 3.300 3.018
0.05 0.59589 10.00000 0.9426368475 2.4600625038    0.942 -0.109  3.7255  4.375    1  0.000  0.536     0.00     0.00 -1 -6.53e-14      0.00 6.668e-01 2.891e-01 7.796e-03 2.132e-03 1.938e-02 -1.000 4.414e-02 5.041 3.721 3.339 3.267 3.238 3.278 3.264 3.226 2.815 2.958 3.091 3.239 3.282 3.286 3.004
0.05 0.59589 10.00000 0.9518368244 2.4622440338    0.951 -0.079  3.7275  4.357    1  0.000  0.536     0.00     0.00 -1 -7.11e-14      0.00 6.677e-01 2.883e-01 7.780e-03 2.127e-03 1.934e-02 -1.000 4.399e-02 4.967 3.654 3.276 3.206 3.177 3.217 3.203 3.165 2.754 2.898 3.031 3.178 3.220 3.226 2.943
0.05 0.59589 10.00000 0.9657007456 2.4654414654    0.965 -0.031  3.7305  4.328    1  0.000  0.536     0.00     0.00 -1 -8.14e-14      0.00 6.674e-01 2.886e-01 7.786e-03 2.129e-03 1.936e-02 -1.000 4.404e-02 4.848 3.546 3.177 3.108 3.080 3.118 3.105 3.068 2.657 2.801 2.934 3.081 3.122 3.128 2.846
0.05 0.59589 10.00000 0.9694843888 2.4662957191    0.969 -0.018  3.7313  4.320    1  0.000  0.536     0.00     0.00 -1 -8.46e-14      0.00 6.670e-01 2.889e-01 7.793e-03 2.131e-03 1.938e-02 -1.000 4.409e-02 4.816 3.517 3.150 3.081 3.053 3.091 3.078 3.041 2.631 2.774 2.907 3.054 3.095 3.102 2.819
0.05 0.59589 10.00000 0.9777302742 2.4681315422    0.977  0.011  3.7328  4.300    1  0.000  0.536     0.00     0.00 -1 -9.21e-14      0.00 6.660e-01 2.898e-01 7.817e-03 2.138e-03 1.944e-02 -1.000 4.420e-02 4.742 3.449 3.085 3.017 2.990 3.028 3.014 2.978 2.567 2.711 2.844 2.991 3.031 3.039 2.756
0.05 0.59589 10.00000 0.9853337407 2.4697928429    0.984  0.039  3.7338  4.279    1  0.000  0.536     0.00     0.00 -1    -1e-13      0.00 6.650e-01 2.907e-01 7.841e-03 2.144e-03 1.950e-02 -1.000 4.432e-02 4.672 3.383 3.022 2.955 2.927 2.965 2.951 2.915 2.505 2.648 2.781 2.928 2.968 2.976 2.693
0.05 0.59589 10.00000 0.9880360961 2.4703762531    0.987  0.050  3.7341  4.271    1  0.000  0.536     0.00     0.00 -1 -1.03e-13      0.00 6.645e-01 2.911e-01 7.850e-03 2.146e-03 1.952e-02 -1.000 4.438e-02 4.646 3.358 2.998 2.931 2.903 2.941 2.928 2.892 2.481 2.624 2.758 2.904 2.944 2.952 2.670
0.05 0.59589 10.00000 0.9899290204 2.4707827568    0.989  0.057  3.7343  4.265    1  0.000  0.536     0.00     0.00 -1 -1.06e-13      0.00 6.642e-01 2.913e-01 7.856e-03 2.148e-03 1.953e-02 -1.000 4.441e-02 4.628 3.341 2.980 2.914 2.886 2.924 2.911 2.874 2.464 2.607 2.741 2.887 2.927 2.935 2.653
0.05 0.59589 10.00000 0.9946831465 2.4717957973    0.994  0.076  3.7345  4.249    1  0.000  0.536     0.00     0.00 -1 -1.12e-13      0.00 6.630e-01 2.924e-01 7.882e-03 2.155e-03 1.960e-02 -1.000 4.457e-02 4.580 3.294 2.934 2.867 2.839 2.877 2.864 2.828 2.417 2.560 2.694 2.840 2.880 2.888 2.606
0.05 0.59589 10.00000 0.9962174296 2.4721202850    0.995  0.082  3.7345  4.244    1  0.000  0.536     0.00     0.00 -1 -1.14e-13      0.00 6.625e-01 2.929e-01 7.893e-03 2.158e-03 1.963e-02 -1.000 4.463e-02 4.564 3.278 2.918 2.851 2.824 2.861 2.848 2.812 2.401 2.545 2.678 2.825 2.865 2.873 2.590
0.05 0.59589 10.00000 1.0022786856 2.4733912945    1.001  0.105  3.7349  4.225    2  0.000  0.536     0.00     0.00 -1 -1.21e-13      0.00 6.614e-01 2.938e-01 7.917e-03 2.165e-03 1.968e-02 -1.000 4.478e-02 4.506 3.222 2.863 2.796 2.769 2.806 2.793 2.757 2.346 2.489 2.623 2.770 2.810 2.817 2.535
0.05 0.59589 10.00000 1.0105808973 2.4751038551    1.009  0.138  3.7350  4.196    2  0.000  0.536     0.00     0.00 -1 -1.33e-13      0.00 6.593e-01 2.956e-01 7.961e-03 2.177e-03 1.980e-02 -1.000 4.504e-02 4.426 3.141 2.783 2.716 2.688 2.726 2.713 2.676 2.266 2.409 2.542 2.689 2.729 2.737 2.454
0.05 0.59589 10.00000 1.0191290379 2.4768335819    1.018  0.172  3.7346  4.165    2  0.000  0.536     0.00     0.00 -1 -1.47e-13      0.00 6.570e-01 2.977e-01 8.012e-03 2.191e-03 1.992e-02 -1.000 4.530e-02 4.341 3.056 2.696 2.629 2.601 2.639 2.626 2.589 2.178 2.321 2.455 2.602 2.642 2.649 2.367
0.05 0.59589 10.00000 1.0264056921 2.4782798290    1.025  0.201  3.7332  4.133    2  0.000  0.536     0.00     0.00 -1 -1.61e-13      0.00 6.539e-01 3.004e-01 8.079e-03 2.209e-03 2.009e-02 -1.000 4.568e-02 4.268 2.977 2.613 2.546 2.517 2.556 2.542 2.505 2.094 2.237 2.370 2.518 2.559 2.565 2.283
0.05 0.59589 10.00000 1.0341274738 2.4797892570    1.033  0.231  3.7304  4.094    2  0.000  0.536     0.00     0.00 -1 -1.79e-13      0.00 6.498e-01 3.040e-01 8.170e-03 2.234e-03 2.032e-02 -1.000 4.623e-02 4.192 2.890 2.519 2.450 2.420 2.459 2.446 2.407 1.996 2.139 2.273 2.422 2.463 2.468 2.185
0.05 0.59589 10.00000 1.0356432199 2.4800825119    1.034  0.237  3.7295  4.086    2  0.000  0.536     0.00     0.00 -1 -1.82e-13      0.00 6.487e-01 3.049e-01 8.195e-03 2.241e-03 2.038e-02 -1.000 4.638e-02 4.177 2.872 2.499 2.430 2.399 2.439 2.425 2.386 1.975 2.118 2.251 2.401 2.443 2.447 2.164
0.05 0.59589 10.00000 1.0394393206 2.4808125496    1.038  0.252  3.7273  4.063    2  0.000  0.536     0.00     0.00 -1 -1.93e-13      0.00 6.461e-01 3.072e-01 8.254e-03 2.257e-03 2.052e-02 -1.000 4.672e-02 4.139 2.826 2.447 2.377 2.346 2.386 2.372 2.332 1.921 2.064 2.197 2.347 2.390 2.393 2.110
0.05 0.59589 10.00000 1.0447264910 2.4818191528    1.043  0.270  3.7215  4.024    2  0.000  0.536     0.00     0.00 -1 -2.08e-13      0.00 6.413e-01 3.115e-01 8.363e-03 2.286e-03 2.079e-02 -1.000 4.729e-02 4.094 2.760 2.365 2.292 2.259 2.301 2.286 2.245 1.833 1.976 2.108 2.260 2.305 2.305 2.022
0.05 0.59589 10.00000 1.0501942635 2.4828479290    1.049  0.284  3.7108  3.969    2  0.000  0.536     0.00     0.00 -1 -2.26e-13      0.00 6.342e-01 3.177e-01 8.514e-03 2.327e-03 2.116e-02 -1.000 4.810e-02 4.059 2.687 2.263 2.184 2.147 2.192 2.176 2.131 1.719 1.861 1.993 2.149 2.197 2.191 1.908
0.05 0.59589 10.00000 1.0528544188 2.4833440781    1.051  0.290  3.7021  3.930    2  0.000  0.537     0.00     0.00 -1 -2.39e-13      0.00 6.296e-01 3.218e-01 8.612e-03 2.353e-03 2.140e-02 -1.000 4.864e-02 4.045 2.643 2.195 2.111 2.071 2.120 2.103 2.055 1.642 1.784 1.916 2.074 2.125 2.114 1.831
0.05 0.59589 10.00000 1.0547002554 2.4836866856    1.053  0.300  3.6944  3.891    2  0.000  0.537     0.00     0.00 -1 -2.54e-13      0.00 6.258e-01 3.251e-01 8.686e-03 2.373e-03 2.158e-02 -1.000 4.903e-02 4.021 2.594 2.123 2.036 1.993 2.045 2.027 1.975 1.563 1.704 1.836 1.996 2.050 2.035 1.752
0.05 0.59589 10.00000 1.0561044216 2.4839463234    1.054  0.315  3.6881  3.850    2  0.000  0.537     0.00     0.00 -1 -2.75e-13      0.00 6.228e-01 3.279e-01 8.744e-03 2.388e-03 2.172e-02 -1.000 4.937e-02 3.982 2.534 2.045 1.954 1.909 1.963 1.944 1.890 1.477 1.618 1.749 1.912 1.969 1.950 1.666
0.05 0.59589 10.00000 1.0572563410 2.4841585159    1.056  0.343  3.6838  3.806    2  0.000  0.537     0.00     0.00 -1 -3.07e-13      0.00 6.201e-01 3.303e-01 8.789e-03 2.400e-03 2.183e-02 -1.000 4.958e-02 3.913 2.452 1.950 1.856 1.810 1.866 1.846 1.790 1.377 1.517 1.648 1.813 1.871 1.849 1.565
0.05 0.59589 10.00000 1.0574178696 2.4841883183    1.056  0.347  3.6833  3.799    2  0.000  0.537     0.00     0.00 -1 -3.13e-13      0.00 6.197e-01 3.306e-01 8.795e-03 2.402e-03 2.184e-02 -1.000 4.963e-02 3.902 2.439 1.936 1.841 1.795 1.851 1.831 1.775 1.361 1.501 1.633 1.798 1.856 1.834 1.550
0.05 0.59589 10.00000 1.0588940382 2.4844596386    1.057  0.402  3.6795  3.730    3  0.000  0.536     0.00     0.00 -1 -3.81e-13      0.00 6.160e-01 3.342e-01 8.816e-03 2.420e-03 2.195e-02 -1.000 4.985e-02 3.766 2.292 1.777 1.680 1.632 1.690 1.669 1.612 1.197 1.337 1.468 1.636 1.696 1.671 1.386
0.05 0.59589 10.00000 1.0598822832 2.4846408367    1.058  0.444  3.6775  3.680    3  0.000  0.532     0.00     0.00 -1 -4.44e-13      0.00 6.132e-01 3.368e-01 8.782e-03 2.450e-03 2.201e-02 -1.000 4.999e-02 3.659 2.180 1.659 1.560 1.511 1.570 1.549 1.490 1.076 1.215 1.346 1.515 1.576 1.549 1.265
0.05 0.59589 10.00000 1.0610671043 2.4848575592    1.059  0.501  3.6756  3.616    3  0.000  0.517     0.00     0.00 -1 -5.44e-13      0.00 6.095e-01 3.404e-01 8.557e-03 2.653e-03 2.207e-02 -1.000 5.017e-02 3.517 2.032 1.504 1.405 1.355 1.414 1.393 1.333 0.918 1.058 1.188 1.359 1.420 1.392 1.107
0.05 0.59589 10.00000 1.0620881319 2.4850437641    1.060  0.556  3.6740  3.556    3  0.000  0.496     0.00     0.00 -1  -6.6e-13      0.00 6.062e-01 3.435e-01 8.211e-03 3.060e-03 2.211e-02 -1.000 5.032e-02 3.381 1.892 1.359 1.259 1.208 1.268 1.247 1.186 0.771 0.910 1.040 1.212 1.274 1.244 0.960
0.05 0.59589 10.00000 1.0628409386 2.4851808548    1.061  0.598  3.6729  3.509    3  0.000  0.480     0.00     0.00 -1 -7.68e-13      0.00 6.038e-01 3.458e-01 7.955e-03 3.382e-03 2.213e-02 -1.000 5.042e-02 3.274 1.781 1.245 1.144 1.092 1.153 1.131 1.069 0.655 0.794 0.924 1.096 1.159 1.128 0.843
0.05 0.59589 10.00000 1.0635529757 2.4853103161    1.062  0.642  3.6716  3.461    3  0.000  0.468     0.00     0.00 -1 -8.95e-13      0.00 6.018e-01 3.477e-01 7.768e-03 3.622e-03 2.215e-02 -1.000 5.052e-02 3.166 1.669 1.130 1.027 0.974 1.036 1.015 0.952 0.536 0.675 0.805 0.979 1.042 1.010 0.725
0.05 0.59589 10.00000 1.0642046928 2.4854288101    1.062  0.684  3.6704  3.414    3  0.000  0.460     0.00     0.00 -1 -1.04e-12      0.00 6.002e-01 3.492e-01 7.634e-03 3.795e-03 2.217e-02 -1.000 5.056e-02 3.060 1.559 1.017 0.913 0.859 0.922 0.900 0.836 0.421 0.560 0.690 0.864 0.928 0.894 0.610
0.05 0.59589 10.00000 1.0648198128 2.4855401516    1.063  0.727  3.6691  3.366    3  0.000  0.453     0.00     0.00 -1 -1.21e-12      0.00 5.989e-01 3.505e-01 7.535e-03 3.922e-03 2.218e-02 -1.000 5.060e-02 2.953 1.448 0.902 0.797 0.742 0.806 0.784 0.719 0.303 0.442 0.572 0.747 0.812 0.777 0.492
0.05 0.59589 10.00000 1.0653835535 2.4856421947    1.063  0.769  3.6677  3.318    3  0.000  0.449     0.00     0.00 -1 -1.41e-12      0.00 5.979e-01 3.515e-01 7.466e-03 4.011e-03 2.219e-02 -1.000 5.064e-02 2.847 1.338 0.788 0.682 0.626 0.691 0.669 0.602 0.186 0.325 0.454 0.631 0.698 0.660 0.375
0.05 0.59589 10.00000 1.0660436153 2.4857616425    1.064  0.823  3.6659  3.258    3  0.000  0.444     0.00     0.00 -1 -1.71e-12      0.00 5.967e-01 3.526e-01 7.392e-03 4.108e-03 2.219e-02 -1.000 5.069e-02 2.713 1.199 0.643 0.535 0.478 0.545 0.522 0.454 0.038 0.176 0.305 0.484 0.551 0.512 0.227
0.05 0.59589 10.00000 1.0665012598 2.4858443737    1.064  0.864  3.6644  3.211    3  0.000  0.442     0.00     0.00 -1 -1.98e-12      0.00 5.962e-01 3.531e-01 7.358e-03 4.151e-03 2.220e-02 -1.000 5.073e-02 2.611 1.093 0.532 0.423 0.365 0.433 0.410 0.340 -0.076 0.063 0.191 0.371 0.440 0.398 0.113
0.05 0.59589 10.00000 1.0669420958 2.4859237671    1.065  0.906  3.6627  3.162    3  0.000  0.440     0.00     0.00 -1  -2.3e-12      0.00 5.958e-01 3.535e-01 7.333e-03 4.184e-03 2.220e-02 -1.000 5.071e-02 2.505 0.981 0.416 0.306 0.247 0.315 0.292 0.221 -0.195 -0.057 0.071 0.252 0.322 0.279 -0.006
0.05 0.59589 10.00000 1.0673164129 2.4859912395    1.065  0.945  3.6612  3.117    3  0.000  0.440     0.00     0.00 -1 -2.65e-12      0.00 5.955e-01 3.538e-01 7.318e-03 4.204e-03 2.221e-02 -1.000 5.072e-02 2.408 0.880 0.310 0.198 0.138 0.208 0.184 0.112 -0.304 -0.166 -0.038 0.144 0.215 0.170 -0.115
0.05 0.59589 10.00000 1.0676798820 2.4860568047    1.066  0.986  3.6595  3.069    3  0.000  0.439     0.00     0.00 -1 -3.08e-12      0.00 5.954e-01 3.539e-01 7.308e-03 4.217e-03 2.221e-02 -1.000 5.072e-02 2.305 0.772 0.198 0.084 0.023 0.094 0.070 -0.003 -0.420 -0.282 -0.154 0.029 0.101 0.054 -0.231
0.05 0.59589 10.00000 1.0680035353 2.4861149788    1.066  1.025  3.6578  3.024    3  0.000  0.439     0.00     0.00 -1 -3.54e-12      0.00 5.953e-01 3.540e-01 7.302e-03 4.224e-03 2.221e-02 -1.000 5.072e-02 2.208 0.670 0.090 -0.025 -0.087 -0.015 -0.039 -0.114 -0.531 -0.393 -0.265 -0.081 -0.007 -0.056 -0.342
0.05 0.59589 10.00000 1.0682979822 2.4861679077    1.066  1.063  3.6560  2.978    3  0.000  0.438     0.00     0.00 -1 -4.08e-12      0.00 5.952e-01 3.540e-01 7.300e-03 4.227e-03 2.221e-02 -1.000 5.072e-02 2.111 0.569 -0.016 -0.132 -0.195 -0.123 -0.147 -0.223 -0.640 -0.502 -0.374 -0.189 -0.115 -0.166 -0.451
0.05 0.59589 10.00000 1.0685724020 2.4862172604    1.066  1.102  3.6543  2.933    3  0.000  0.438     0.00     0.00 -1 -4.69e-12      0.00 5.952e-01 3.540e-01 7.300e-03 4.228e-03 2.221e-02 -1.000 5.072e-02 2.015 0.468 -0.122 -0.240 -0.305 -0.231 -0.255 -0.333 -0.750 -0.612 -0.485 -0.298 -0.223 -0.276 -0.561
0.05 0.59589 10.00000 1.0688989162 2.4862759113    1.067  1.151  3.6519  2.874    3  0.000  0.438     0.00     0.00 -1 -5.62e-12      0.00 5.952e-01 3.540e-01 7.299e-03 4.229e-03 2.221e-02 -1.000 5.072e-02 1.891 0.338 -0.259 -0.380 -0.446 -0.371 -0.395 -0.475 -0.892 -0.754 -0.627 -0.439 -0.363 -0.418 -0.703
0.05 0.59589 10.00000 1.0691365004 2.4863185883    1.067  1.190  3.6499  2.827    3  0.000  0.438     0.00     0.00 -1 -6.48e-12      0.00 5.952e-01 3.540e-01 7.298e-03 4.230e-03 2.221e-02 -1.000 5.072e-02 1.794 0.235 -0.368 -0.490 -0.557 -0.481 -0.506 -0.587 -1.004 -0.866 -0.740 -0.550 -0.473 -0.530 -0.815
0.05 0.59589 10.00000 1.0694128275 2.4863681793    1.067  1.239  3.6474  2.769    3  0.000  0.438     0.00     0.00 -1 -7.75e-12      0.00 5.952e-01 3.541e-01 7.297e-03 4.231e-03 2.221e-02 -1.000 5.072e-02 1.673 0.107 -0.503 -0.628 -0.696 -0.620 -0.645 -0.727 -1.144 -1.007 -0.881 -0.689 -0.611 -0.670 -0.956
0.05 0.59589 10.00000 1.0696665049 2.4864137173    1.067  1.287  3.6449  2.711    3  0.000  0.438     0.00     0.00 -1 -9.24e-12      0.00 5.952e-01 3.541e-01 7.297e-03 4.231e-03 2.221e-02 -1.000 5.072e-02 1.554 -0.018 -0.636 -0.764 -0.833 -0.756 -0.781 -0.865 -1.282 -1.145 -1.019 -0.826 -0.747 -0.808 -1.094
0.05 0.59589 10.00000 1.0699172020 2.4864587784    1.067  1.335  3.6423  2.653    3  0.000  0.438     0.00     0.00 -1  -1.1e-11      0.00 5.952e-01 3.541e-01 7.296e-03 4.232e-03 2.221e-02 -1.000 5.072e-02 1.433 -0.146 -0.771 -0.902 -0.973 -0.894 -0.920 -1.005 -1.423 -1.286 -1.160 -0.965 -0.886 -0.949 -1.234
0.05 0.59589 10.00000 1.0701901913 2.4865076542    1.067  1.375  3.6401  2.604    3  0.000  0.438     0.00     0.00 -1 -1.28e-11      0.00 5.952e-01 3.541e-01 7.295e-03 4.233e-03 2.221e-02 -1.000 5.072e-02 1.331 -0.253 -0.885 -1.018 -1.090 -1.010 -1.036 -1.123 -1.541 -1.403 -1.279 -1.082 -1.002 -1.067 -1.352
0.05 0.59589 10.00000 1.0703366995 2.4865338802    1.068  1.393  3.6392  2.583    3  0.000  0.438     0.00     0.00 -1 -1.37e-11      0.00 5.952e-01 3.541e-01 7.295e-03 4.234e-03 2.221e-02 -1.000 5.072e-02 1.288 -0.298 -0.933 -1.067 -1.140 -1.060 -1.086 -1.173 -1.592 -1.454 -1.329 -1.132 -1.051 -1.117 -1.403
0.05 0.59589 10.00000 1.0706282854 2.4865860939    1.068  1.341  3.6428  2.649    3  0.000  0.438     0.00     0.00 -1 -1.15e-11      0.00 5.952e-01 3.541e-01 7.294e-03 4.235e-03 2.221e-02 -1.000 5.073e-02 1.418 -0.160 -0.784 -0.914 -0.985 -0.907 -0.932 -1.017 -1.435 -1.298 -1.173 -0.977 -0.898 -0.961 -1.246
0.05 0.59589 10.00000 1.0706585646 2.4865913391    1.068  1.333  3.6433  2.658    3  0.000  0.438     0.00     0.00 -1 -1.11e-11      0.00 5.952e-01 3.541e-01 7.294e-03 4.235e-03 2.221e-02 -1.000 5.073e-02 1.436 -0.140 -0.763 -0.892 -0.963 -0.885 -0.910 -0.995 -1.413 -1.275 -1.150 -0.955 -0.876 -0.939 -1.224
0.05 0.59589 10.00000 1.0707561970 2.4866089821    1.068  1.360  3.6417  2.625    3  0.000  0.438     0.00     0.00 -1 -1.22e-11      0.00 5.952e-01 3.541e-01 7.294e-03 4.235e-03 2.221e-02 -1.000 5.073e-02 1.369 -0.211 -0.839 -0.970 -1.042 -0.963 -0.988 -1.074 -1.492 -1.355 -1.230 -1.034 -0.954 -1.018 -1.303
0.05 0.59589 10.00000 1.0709575415 2.4866449833    1.068  1.411  3.6388  2.562    3  0.000  0.438     0.00     0.00 -1 -1.46e-11      0.00 5.952e-01 3.541e-01 7.294e-03 4.236e-03 2.221e-02 -1.000 5.073e-02 1.242 -0.346 -0.982 -1.117 -1.190 -1.110 -1.136 -1.224 -1.642 -1.504 -1.380 -1.182 -1.101 -1.167 -1.453
0.05 0.59589 10.00000 1.0711470842 2.4866788387    1.068  1.461  3.6359  2.501    3  0.000  0.438     0.00     0.00 -1 -1.76e-11      0.00 5.952e-01 3.541e-01 7.293e-03 4.237e-03 2.221e-02 -1.000 5.073e-02 1.118 -0.477 -1.122 -1.259 -1.334 -1.253 -1.279 -1.369 -1.788 -1.651 -1.526 -1.326 -1.244 -1.313 -1.599
0.05 0.59589 10.00000 1.0713181496 2.4867093563    1.068  1.509  3.6330  2.442    3  0.000  0.438     0.00     0.00 -1  -2.1e-11      0.00 5.952e-01 3.541e-01 7.293e-03 4.237e-03 2.221e-02 -1.000 5.073e-02 0.999 -0.605 -1.257 -1.398 -1.475 -1.391 -1.418 -1.511 -1.930 -1.793 -1.669 -1.466 -1.382 -1.455 -1.741
0.05 0.59589 10.00000 1.0714788437 2.4867379665    1.068  1.557  3.6300  2.381    3  0.000  0.438     0.00     0.00 -1 -2.52e-11      0.00 5.952e-01 3.541e-01 7.292e-03 4.238e-03 2.221e-02 -1.000 5.073e-02 0.877 -0.735 -1.395 -1.540 -1.619 -1.532 -1.560 -1.656 -2.076 -1.939 -1.816 -1.610 -1.523 -1.601 -1.887
0.05 0.59589 10.00000 1.0716221333 2.4867637157    1.068  1.605  3.6270  2.322    3  0.000  0.438     0.00     0.00 -1 -3.01e-11      0.00 5.952e-01 3.541e-01 7.292e-03 4.238e-03 2.221e-02 -1.000 5.073e-02 0.758 -0.862 -1.529 -1.679 -1.759 -1.670 -1.698 -1.798 -2.218 -2.082 -1.959 -1.750 -1.660 -1.743 -2.029
0.05 0.59589 10.00000 1.0717535019 2.4867870808    1.068  1.652  3.6239  2.262    3  0.000  0.438     0.00     0.00 -1 -3.59e-11      0.00 5.952e-01 3.541e-01 7.292e-03 4.239e-03 2.221e-02 -1.000 5.073e-02 0.640 -0.989 -1.663 -1.817 -1.900 -1.808 -1.836 -1.939 -2.360 -2.224 -2.102 -1.890 -1.798 -1.885 -2.172
0.05 0.59589 10.00000 1.0718740225 2.4868085384    1.068  1.699  3.6208  2.203    3  0.000  0.438     0.00     0.00 -1 -4.29e-11      0.00 5.952e-01 3.541e-01 7.291e-03 4.239e-03 2.221e-02 -1.000 5.073e-02 0.522 -1.116 -1.798 -1.956 -2.041 -1.946 -1.975 -2.082 -2.503 -2.367 -2.245 -2.030 -1.935 -2.027 -2.314
0.05 0.59589 10.00000 1.0719822645 2.4868278503    1.068  1.745  3.6177  2.144    3  0.000  0.438     0.00     0.00 -1  -5.1e-11      0.00 5.952e-01 3.541e-01 7.291e-03 4.239e-03 2.221e-02 -1.000 5.073e-02 0.407 -1.240 -1.929 -2.092 -2.179 -2.082 -2.111 -2.221 -2.643 -2.508 -2.386 -2.168 -2.071 -2.167 -2.455
0.05 0.59589 10.00000 1.0720809698 2.4868454933    1.068  1.791  3.6145  2.085    3  0.000  0.438     0.00     0.00 -1 -6.07e-11      0.00 5.952e-01 3.541e-01 7.291e-03 4.240e-03 2.221e-02 -1.000 5.073e-02 0.292 -1.364 -2.061 -2.228 -2.317 -2.217 -2.248 -2.361 -2.784 -2.648 -2.527 -2.306 -2.206 -2.307 -2.595
0.05 0.59589 10.00000 1.0721713305 2.4868617058    1.068  1.837  3.6114  2.027    3  0.000  0.438     0.00     0.00 -1 -7.22e-11      0.00 5.952e-01 3.541e-01 7.290e-03 4.240e-03 2.221e-02 -1.000 5.073e-02 0.177 -1.488 -2.192 -2.364 -2.455 -2.353 -2.384 -2.500 -2.924 -2.789 -2.668 -2.443 -2.341 -2.446 -2.735
0.05 0.59589 10.00000 1.0722526312 2.4868760109    1.068  1.882  3.6081  1.969    3  0.000  0.438     0.00     0.00 -1 -8.56e-11      0.00 5.952e-01 3.541e-01 7.290e-03 4.240e-03 2.221e-02 -1.000 5.073e-02 0.065 -1.609 -2.317 -2.495 -2.589 -2.482 -2.515 -2.633 -3.041 -3.194 -3.295 -2.576 -2.470 -2.584 -2.860
0.05 0.59589 10.00000 1.0723264217 2.4868893623    1.067  1.926  3.6049  1.911    3  0.000  0.438     0.00     0.00 -1 -1.01e-10      0.00 5.952e-01 3.541e-01 7.290e-03 4.241e-03 2.221e-02 -1.000 5.073e-02 -0.046 -1.729 -2.436 -2.623 -2.719 -2.605 -2.644 -2.759 -3.138 -3.825 -4.334 -2.706 -2.593 -2.721 -2.974
0.05 0.59589 10.00000 1.0723938942 2.4869012833    1.067  1.971  3.6016  1.854    3  0.000  0.438     0.00     0.00 -1  -1.2e-10      0.00 5.952e-01 3.541e-01 7.290e-03 4.241e-03 2.221e-02 -1.000 5.073e-02 -0.157 -1.848 -2.554 -2.751 -2.849 -2.728 -2.772 -2.885 -3.234 -4.453 -5.369 -2.835 -2.716 -2.857 -3.086
0.05 0.59589 10.00000 1.0724554062 2.4869122505    1.067  2.014  3.5982  1.797    3  0.000  0.438     0.00     0.00 -1 -1.42e-10      0.00 5.952e-01 3.541e-01 7.290e-03 4.241e-03 2.221e-02 -1.000 5.073e-02 -0.265 -1.966 -2.672 -2.878 -2.977 -2.850 -2.900 -3.010 -3.330 -5.078 -6.400 -2.963 -2.838 -2.991 -3.198
0.05 0.59589 10.00000 1.0725111961 2.4869222641    1.067  2.057  3.5949  1.740    3  0.000  0.438     0.00     0.00 -1 -1.67e-10      0.00 5.952e-01 3.541e-01 7.290e-03 4.241e-03 2.221e-02 -1.000 5.073e-02 -0.373 -2.082 -2.788 -3.003 -3.105 -2.970 -3.027 -3.132 -3.426 -5.696 -7.418 -3.090 -2.958 -3.123 -3.309
0.05 0.59589 10.00000 1.0725630522 2.4869315624    1.067  2.100  3.5915  1.684    3  0.000  0.438     0.00     0.00 -1 -1.97e-10      0.00 5.952e-01 3.541e-01 7.289e-03 4.241e-03 2.221e-02 -1.000 5.073e-02 -0.480 -2.199 -2.905 -3.130 -3.233 -3.091 -3.156 -3.256 -3.522 -6.320 -8.445 -3.218 -3.080 -3.257 -3.421
0.05 0.59589 10.00000 1.0726096630 2.4869396687    1.066  2.142  3.5881  1.628    3  0.000  0.438     0.00     0.00 -1 -2.31e-10      0.00 5.952e-01 3.541e-01 7.289e-03 4.242e-03 2.221e-02 -1.000 5.073e-02 -0.585 -2.313 -3.019 -3.253 -3.358 -3.208 -3.283 -3.376 -3.616 -6.928 -9.447 -3.342 -3.198 -3.386 -3.531
0.05 0.59589 10.00000 1.0726529360 2.4869475365    1.066  2.184  3.5846  1.572    3  0.000  0.438     0.00     0.00 -1 -2.72e-10      0.00 5.952e-01 3.541e-01 7.289e-03 4.242e-03 2.221e-02 -1.000 5.073e-02 -0.690 -2.428 -3.134 -3.377 -3.484 -3.326 -3.410 -3.496 -3.711 -7.540 -10.456 -3.468 -3.317 -3.517 -3.641
0.05 0.59589 10.00000 1.0726922750 2.4869544506    1.066  2.225  3.5812  1.517    3  0.000  0.438     0.00     0.00 -1 -3.19e-10      0.00 5.952e-01 3.541e-01 7.289e-03 4.242e-03 2.221e-02 -1.000 5.073e-02 -0.793 -2.540 -3.247 -3.500 -3.608 -3.442 -3.537 -3.614 -3.804 -8.145 -11.452 -3.591 -3.434 -3.645 -3.750
0.05 0.59589 10.00000 1.0727283955 2.4869608879    1.065  2.266  3.5776  1.462    3  0.000  0.438     0.00     0.00 -1 -3.73e-10      0.00 5.952e-01 3.541e-01 7.289e-03 4.242e-03 2.221e-02 -1.000 5.073e-02 -0.895 -2.654 -3.365 -3.625 -3.736 -3.564 -3.666 -3.740 -3.925 -8.424 -11.852 -3.718 -3.557 -3.774 -3.876
0.05 0.59589 10.00000 1.0727610588 2.4869666100    1.065  2.305  3.5741  1.408    3  0.000  0.438     0.00     0.00 -1 -4.35e-10      0.00 5.952e-01 3.541e-01 7.289e-03 4.242e-03 2.221e-02 -1.000 5.073e-02 -0.994 -2.765 -3.482 -3.747 -3.861 -3.686 -3.791 -3.865 -4.055 -8.553 -11.982 -3.843 -3.679 -3.901 -4.005
0.05 0.59589 10.00000 1.0727915764 2.4869720936    1.064  2.345  3.5705  1.354    3  0.000  0.438     0.00     0.00 -1 -5.08e-10      0.00 5.952e-01 3.541e-01 7.289e-03 4.242e-03 2.221e-02 -1.000 5.073e-02 -1.093 -2.877 -3.600 -3.871 -3.988 -3.808 -3.919 -3.992 -4.185 -8.684 -12.113 -3.968 -3.802 -4.029 -4.136
0.05 0.59589 10.00000 1.0728201866 2.4869773388    1.064  2.385  3.5669  1.299    3  0.000  0.438     0.00     0.00 -1 -5.94e-10      0.00 5.952e-01 3.541e-01 7.289e-03 4.242e-03 2.221e-02 -1.000 5.073e-02 -1.193 -2.989 -3.718 -3.996 -4.115 -3.932 -4.047 -4.120 -4.317 -8.816 -12.244 -4.095 -3.925 -4.158 -4.268
0.05 0.59589 10.00000 1.0728456974 2.4869818687    1.063  2.423  3.5633  1.247    3  0.000  0.438     0.00     0.00 -1  -6.9e-10      0.00 5.952e-01 3.541e-01 7.289e-03 4.242e-03 2.221e-02 -1.000 5.073e-02 -1.288 -3.097 -3.832 -4.115 -4.237 -4.050 -4.170 -4.243 -4.444 -8.942 -12.371 -4.216 -4.044 -4.281 -4.394
0.05 0.59589 10.00000 1.0728694201 2.4869859219    1.063  2.461  3.5597  1.194    3  0.000  0.438     0.00     0.00 -1    -8e-10      0.00 5.952e-01 3.541e-01 7.289e-03 4.242e-03 2.221e-02 -1.000 5.073e-02 -1.382 -3.204 -3.945 -4.235 -4.360 -4.168 -4.293 -4.366 -4.570 -9.069 -12.497 -4.338 -4.162 -4.405 -4.521
0.05 0.59589 10.00000 1.0728913546 2.4869899750    1.062  2.499  3.5560  1.141    3  0.000  0.438     0.00     0.00 -1 -9.29e-10      0.00 5.952e-01 3.541e-01 7.289e-03 4.242e-03 2.221e-02 -1.000 5.073e-02 -1.477 -3.311 -4.057 -4.355 -4.482 -4.286 -4.416 -4.489 -4.697 -9.196 -12.624 -4.459 -4.281 -4.529 -4.648
0.05 0.59589 10.00000 1.0729117393 2.4869935513    1.061  2.536  3.5522  1.089    3  0.000  0.438     0.00     0.00 -1 -1.08e-09      0.00 5.952e-01 3.541e-01 7.289e-03 4.243e-03 2.221e-02 -1.000 5.073e-02 -1.570 -3.417 -4.169 -4.473 -4.604 -4.403 -4.539 -4.611 -4.823 -9.322 -12.750 -4.580 -4.398 -4.652 -4.774
0.05 0.59589 10.00000 1.0729308128 2.4869968891    1.061  2.573  3.5485  1.036    3  0.000  0.438     0.00     0.00 -1 -1.25e-09      0.00 5.952e-01 3.541e-01 7.289e-03 4.243e-03 2.221e-02 -1.000 5.073e-02 -1.663 -3.523 -4.281 -4.592 -4.725 -4.521 -4.661 -4.733 -4.949 -9.447 -12.876 -4.700 -4.516 -4.775 -4.899
0.05 0.59589 10.00000 1.0729521513 2.4870007038    1.060  2.618  3.5438  0.973    3  0.000  0.438     0.00     0.00 -1 -1.49e-09      0.00 5.952e-01 3.541e-01 7.289e-03 4.243e-03 2.221e-02 -1.000 5.073e-02 -1.775 -3.652 -4.415 -4.736 -4.873 -4.663 -4.810 -4.882 -5.102 -9.600 -13.029 -4.846 -4.659 -4.925 -5.052
0.05 0.59589 10.00000 1.0729719400 2.4870042801    1.059  2.663  3.5391  0.909    3  0.000  0.438     0.00     0.00 -1 -1.78e-09      0.00 5.952e-01 3.541e-01 7.288e-03 4.243e-03 2.221e-02 -1.000 5.073e-02 -1.886 -3.779 -4.549 -4.879 -5.020 -4.806 -4.959 -5.031 -5.255 -9.753 -13.182 -4.992 -4.802 -5.075 -5.206
0.05 0.59589 10.00000 1.0729899406 2.4870073795    1.057  2.706  3.5345  0.846    3  0.000  0.438     0.00     0.00 -1 -2.12e-09      0.00 5.952e-01 3.541e-01 7.288e-03 4.243e-03 2.221e-02 -1.000 5.073e-02 -1.995 -3.904 -4.679 -5.020 -5.164 -4.946 -5.106 -5.176 -5.405 -9.903 -13.331 -5.134 -4.943 -5.222 -5.356
0.05 0.59589 10.00000 1.0730066299 2.4870104790    1.056  2.749  3.5297  0.784    3  0.000  0.438     0.00     0.00 -1 -2.52e-09      0.00 5.952e-01 3.541e-01 7.288e-03 4.243e-03 2.221e-02 -1.000 5.073e-02 -2.103 -4.027 -4.808 -5.160 -5.308 -5.086 -5.251 -5.322 -5.555 -10.052 -13.480 -5.276 -5.083 -5.369 -5.505
0.05 0.59589 10.00000 1.0730217695 2.4870131016    1.055  2.791  3.5249  0.722    3  0.000  0.438     0.00     0.00 -1 -2.99e-09      0.00 5.952e-01 3.541e-01 7.288e-03 4.243e-03 2.221e-02 -1.000 5.073e-02 -2.208 -4.147 -4.935 -5.298 -5.449 -5.222 -5.394 -5.464 -5.701 -10.197 -13.626 -5.415 -5.220 -5.512 -5.651
0.05 0.59589 10.00000 1.0730359554 2.4870157242    1.053  2.833  3.5201  0.660    3  0.000  0.438     0.00     0.00 -1 -3.55e-09      0.00 5.952e-01 3.541e-01 7.288e-03 4.243e-03 2.221e-02 -1.000 5.073e-02 -2.312 -4.266 -5.061 -5.435 -5.590 -5.358 -5.537 -5.607 -5.847 -10.343 -13.771 -5.553 -5.357 -5.656 -5.797
0.05 0.59589 10.00000 1.0730485916 2.4870178699    1.052  2.873  3.5153  0.600    3  0.000  0.438     0.00     0.00 -1 -4.18e-09      0.00 5.952e-01 3.541e-01 7.288e-03 4.243e-03 2.221e-02 -1.000 5.073e-02 -2.413 -4.377 -5.182 -5.566 -5.724 -5.487 -5.671 -5.738 -5.984 -10.478 -13.906 -5.683 -5.486 -5.789 -5.934
0.05 0.59589 10.00000 1.0730606318 2.4870200157    1.050  2.913  3.5105  0.540    3  0.000  0.438     0.00     0.00 -1 -4.94e-09      0.00 5.952e-01 3.541e-01 7.288e-03 4.243e-03 2.221e-02 -1.000 5.073e-02 -2.513 -4.489 -5.304 -5.699 -5.861 -5.618 -5.808 -5.873 -6.123 -10.616 -14.045 -5.816 -5.616 -5.926 -6.074
0.05 0.59589 10.00000 1.0730717182 2.4870219231    1.048  2.953  3.5056  0.480    3  0.000  0.438     0.00     0.00 -1 -5.82e-09      0.00 5.952e-01 3.541e-01 7.288e-03 4.243e-03 2.221e-02 -1.000 5.073e-02 -2.612 -4.598 -5.424 -5.830 -5.994 -5.745 -5.940 -6.003 -6.259 -10.750 -14.178 -5.943 -5.744 -6.059 -6.210
0.05 0.59589 10.00000 1.0730820894 2.4870238304    1.046  2.991  3.5006  0.421    3  0.000  0.438     0.00     0.00 -1 -6.83e-09      0.00 5.952e-01 3.541e-01 7.288e-03 4.243e-03 2.221e-02 -1.000 5.073e-02 -2.708 -4.705 -5.541 -5.957 -6.124 -5.872 -6.071 -6.130 -6.393 -10.882 -14.310 -6.067 -5.871 -6.190 -6.344
0.05 0.59589 10.00000 1.0730915070 2.4870254993    1.043  3.029  3.4958  0.363    3  0.000  0.438     0.00     0.00 -1 -7.99e-09      0.00 5.952e-01 3.541e-01 7.288e-03 4.243e-03 2.221e-02 -1.000 5.073e-02 -2.802 -4.807 -5.656 -6.081 -6.250 -5.995 -6.196 -6.251 -6.522 -11.009 -14.437 -6.185 -5.994 -6.317 -6.474
0.05 0.59589 10.00000 1.0731004477 2.4870271683    1.041  3.066  3.4909  0.305    3  0.000  0.438     0.00     0.00 -1 -9.37e-09      0.00 5.952e-01 3.541e-01 7.288e-03 4.243e-03 2.221e-02 -1.000 5.073e-02 -2.896 -4.909 -5.771 -6.206 -6.378 -6.118 -6.323 -6.375 -6.653 -11.137 -14.566 -6.305 -6.117 -6.446 -6.606
0.05 0.59589 10.00000 1.0731086731 2.4870285988    1.038  3.102  3.4860  0.248    3  0.000  0.438     0.00     0.00 -1 -1.09e-08      0.00 5.952e-01 3.541e-01 7.288e-03 4.243e-03 2.221e-02 -1.000 5.073e-02 -2.986 -5.006 -5.881 -6.324 -6.498 -6.235 -6.441 -6.491 -6.779 -11.262 -14.690 -6.415 -6.234 -6.568 -6.733
0.05 0.59589 10.00000 1.0731164217 2.4870300293    1.035  3.138  3.4812  0.191    3  0.000  0.438     0.00     0.00 -1 -1.27e-08      0.00 5.952e-01 3.541e-01 7.288e-03 4.243e-03 2.221e-02 -1.000 5.073e-02 -3.075 -5.100 -5.990 -6.441 -6.617 -6.352 -6.559 -6.606 -6.905 -11.386 -14.814 -6.525 -6.351 -6.690 -6.858
0.05 0.59589 10.00000 1.0731235743 2.4870312214    1.031  3.173  3.4762  0.136    3  0.000  0.438     0.00     0.00 -1 -1.48e-08      0.00 5.952e-01 3.541e-01 7.288e-03 4.243e-03 2.221e-02 -1.000 5.073e-02 -3.162 -5.193 -6.095 -6.552 -6.729 -6.465 -6.671 -6.716 -7.027 -11.508 -14.937 -6.626 -6.464 -6.808 -6.980
0.05 0.59589 10.00000 1.0731301308 2.4870324135    1.028  3.206  3.4714  0.082    3  0.000  0.438     0.00     0.00 -1 -1.71e-08      0.00 5.952e-01 3.541e-01 7.288e-03 4.243e-03 2.221e-02 -1.000 5.073e-02 -3.245 -5.281 -6.195 -6.658 -6.836 -6.573 -6.778 -6.821 -7.145 -11.625 -15.054 -6.722 -6.571 -6.920 -7.098
0.05 0.59589 10.00000 1.0731363297 2.4870336056    1.024  3.239  3.4665  0.028    3  0.000  0.438     0.00     0.00 -1 -1.98e-08      0.00 5.952e-01 3.541e-01 7.288e-03 4.243e-03 2.221e-02 -1.000 5.073e-02 -3.327 -5.366 -6.295 -6.763 -6.943 -6.680 -6.884 -6.924 -7.262 -11.742 -15.171 -6.818 -6.677 -7.032 -7.215
0.05 0.59589 10.00000 1.0731420517 2.4870345592    1.020  3.270  3.4616 -0.025    3  0.000  0.438     0.00     0.00 -1 -2.28e-08      0.00 5.952e-01 3.541e-01 7.288e-03 4.243e-03 2.221e-02 -1.000 5.073e-02 -3.406 -5.448 -6.392 -6.866 -7.047 -6.785 -6.988 -7.028 -7.378 -11.858 -15.287 -6.911 -6.782 -7.144 -7.331
0.05 0.59589 10.00000 1.0731476545 2.4870355129    1.015  3.302  3.4567 -0.079    3  0.000  0.438     0.00     0.00 -1 -2.62e-08      0.00 5.952e-01 3.541e-01 7.288e-03 4.243e-03 2.221e-02 -1.000 5.073e-02 -3.485 -5.531 -6.487 -6.965 -7.148 -6.892 -7.093 -7.133 -7.496 -11.976 -15.405 -7.002 -6.888 -7.257 -7.448
0.05 0.59589 10.00000 1.0731530190 2.4870364666    1.010  3.334  3.4517 -0.133    3  0.000  0.438     0.00     0.00 -1 -3.01e-08      0.00 5.952e-01 3.541e-01 7.288e-03 4.243e-03 2.221e-02 -1.000 5.073e-02 -3.565 -5.614 -6.582 -7.064 -7.250 -6.998 -7.196 -7.237 -7.614 -12.095 -15.523 -7.093 -6.994 -7.370 -7.567
0.05 0.59589 10.00000 1.0731589794 2.4870376587    1.003  3.370  3.4460 -0.194    3  0.000  0.438     0.00     0.00 -1 -3.54e-08      0.00 5.952e-01 3.541e-01 7.288e-03 4.243e-03 2.221e-02 -1.000 5.073e-02 -3.654 -5.707 -6.688 -7.174 -7.363 -7.117 -7.313 -7.355 -7.748 -12.229 -15.657 -7.194 -7.112 -7.498 -7.700
0.05 0.59589 10.00000 1.0731630325 2.4870383739    0.998  3.392  3.4424 -0.233    3  0.000  0.438     0.00     0.00 -1 -3.94e-08      0.00 5.952e-01 3.541e-01 7.288e-03 4.243e-03 2.221e-02 -1.000 5.073e-02 -3.710 -5.766 -6.754 -7.243 -7.434 -7.193 -7.387 -7.430 -7.833 -12.314 -15.743 -7.259 -7.187 -7.580 -7.785
0.05 0.59589 10.00000 1.0731630325 2.4870383739    0.998  1.665  3.6373  2.274    4  0.000  0.449     0.00     0.00 -1    -1e-30      0.00 5.960e-01 3.535e-01 7.470e-03 4.003e-03 2.216e-02 -1.000 5.055e-02 0.608 -0.987 -1.619 -1.760 -1.840 -1.752 -1.778 -1.875 -2.295 -2.158 -2.035 -1.831 -1.742 -1.820 -2.106
0.05 0.59589 10.00000 1.0732694864 2.4870572090    0.998  1.680  3.6361  2.254    4  0.000  0.449     0.00     0.00 -1    -1e-30      0.00 5.960e-01 3.535e-01 7.470e-03 4.003e-03 2.216e-02 -1.000 5.055e-02 0.571 -1.028 -1.663 -1.806 -1.886 -1.797 -1.823 -1.922 -2.341 -2.205 -2.082 -1.877 -1.787 -1.866 -2.152
0.05 0.59589 10.00000 1.0733753443 2.4870760441    0.999  1.681  3.6363  2.254    4  0.000  0.449     0.00     0.00 -1    -1e-30      0.00 5.959e-01 3.535e-01 7.470e-03 4.004e-03 2.216e-02 -1.000 5.055e-02 0.568 -1.030 -1.664 -1.807 -1.888 -1.799 -1.825 -1.923 -2.343 -2.206 -2.083 -1.878 -1.789 -1.868 -2.154
0.05 0.59589 10.00000 1.0734810829 2.4870948792    0.999  1.679  3.6368  2.258    4  0.000  0.449     0.00     0.00 -1    -1e-30      0.00 5.959e-01 3.535e-01 7.469e-03 4.004e-03 2.216e-02 -1.000 5.055e-02 0.573 -1.024 -1.656 -1.799 -1.879 -1.790 -1.816 -1.914 -2.334 -2.198 -2.074 -1.870 -1.780 -1.859 -2.145
0.05 0.59589 10.00000 1.0735867023 2.4871137142    0.999  1.676  3.6373  2.263    4  0.000  0.449     0.00     0.00 -1    -1e-30      0.00 5.959e-01 3.535e-01 7.469e-03 4.004e-03 2.216e-02 -1.000 5.055e-02 0.580 -1.016 -1.647 -1.789 -1.869 -1.780 -1.806 -1.904 -2.323 -2.187 -2.064 -1.860 -1.770 -1.848 -2.135
0.05 0.59589 10.00000 1.0736943483 2.4871327877    0.999  1.673  3.6378  2.268    4  0.000  0.449     0.00     0.00 -1    -1e-30      0.00 5.959e-01 3.535e-01 7.469e-03 4.005e-03 2.216e-02 -1.000 5.055e-02 0.587 -1.007 -1.637 -1.778 -1.858 -1.770 -1.796 -1.893 -2.313 -2.176 -2.053 -1.849 -1.760 -1.838 -2.124
0.05 0.59589 10.00000 1.0737992525 2.4871513844    0.999  1.671  3.6382  2.272    4  0.000  0.449     0.00     0.00 -1    -1e-30      0.00 5.959e-01 3.535e-01 7.469e-03 4.005e-03 2.216e-02 -1.000 5.055e-02 0.594 -1.000 -1.628 -1.769 -1.848 -1.760 -1.786 -1.883 -2.303 -2.166 -2.042 -1.839 -1.751 -1.828 -2.114
0.05 0.59589 10.00000 1.0739028454 2.4871697426    0.999  1.668  3.6387  2.277    4  0.000  0.449     0.00     0.00 -1    -1e-30      0.00 5.959e-01 3.535e-01 7.469e-03 4.005e-03 2.216e-02 -1.000 5.055e-02 0.600 -0.992 -1.619 -1.759 -1.839 -1.751 -1.777 -1.873 -2.293 -2.156 -2.033 -1.830 -1.741 -1.818 -2.104
0.05 0.59589 10.00000 1.0740095377 2.4871888161    0.999  1.665  3.6392  2.281    4  0.000  0.449     0.00     0.00 -1    -1e-30      0.00 5.959e-01 3.535e-01 7.469e-03 4.005e-03 2.216e-02 -1.000 5.055e-02 0.606 -0.985 -1.610 -1.750 -1.829 -1.742 -1.767 -1.863 -2.283 -2.146 -2.023 -1.820 -1.732 -1.808 -2.094
0.05 0.59589 10.00000 1.0741200447 2.4872083664    1.000  1.663  3.6397  2.286    4  0.000  0.449     0.00     0.00 -1    -1e-30      0.00 5.959e-01 3.535e-01 7.468e-03 4.006e-03 2.216e-02 -1.000 5.055e-02 0.613 -0.977 -1.601 -1.740 -1.819 -1.732 -1.758 -1.853 -2.273 -2.136 -2.012 -1.810 -1.722 -1.798 -2.084
0.05 0.59589 10.00000 1.0742334127 2.4872286320    1.000  1.660  3.6402  2.290    4  0.000  0.449     0.00     0.00 -1    -1e-30      0.00 5.959e-01 3.535e-01 7.468e-03 4.006e-03 2.216e-02 -1.000 5.055e-02 0.619 -0.969 -1.592 -1.731 -1.809 -1.723 -1.748 -1.844 -2.263 -2.126 -2.003 -1.801 -1.713 -1.788 -2.074
0.05 0.59589 10.00000 1.0743368864 2.4872469902    1.000  1.658  3.6406  2.294    4  0.000  0.449     0.00     0.00 -1    -1e-30      0.00 5.959e-01 3.535e-01 7.468e-03 4.006e-03 2.216e-02 -1.000 5.055e-02 0.624 -0.963 -1.584 -1.723 -1.801 -1.715 -1.740 -1.835 -2.255 -2.118 -1.994 -1.793 -1.705 -1.780 -2.066
0.05 0.59589 10.00000 1.0744472742 2.4872665405    1.000  1.656  3.6410  2.297    4  0.000  0.449     0.00     0.00 -1    -1e-30      0.00 5.959e-01 3.535e-01 7.468e-03 4.006e-03 2.216e-02 -1.000 5.055e-02 0.629 -0.957 -1.578 -1.716 -1.794 -1.708 -1.733 -1.828 -2.247 -2.110 -1.987 -1.785 -1.698 -1.772 -2.058
0.05 0.59589 10.00000 1.0745509863 2.4872848988    1.000  1.655  3.6413  2.300    4  0.000  0.449     0.00     0.00 -1    -1e-30      0.00 5.959e-01 3.535e-01 7.468e-03 4.007e-03 2.216e-02 -1.000 5.055e-02 0.632 -0.953 -1.572 -1.710 -1.788 -1.702 -1.727 -1.822 -2.241 -2.105 -1.981 -1.779 -1.693 -1.766 -2.052
0.05 0.59589 10.00000 1.0746145248 2.4872961044    1.000  1.654  3.6415  2.302    4  0.000  0.449     0.00     0.00 -1    -1e-30      0.00 5.959e-01 3.535e-01 7.467e-03 4.007e-03 2.216e-02 -1.000 5.055e-02 0.634 -0.951 -1.569 -1.707 -1.785 -1.699 -1.724 -1.819 -2.238 -2.101 -1.977 -1.776 -1.689 -1.763 -2.049
0.05 0.59589 10.00000 1.0746655464 2.4873051643    1.000  1.654  3.6417  2.303    4  0.000  0.449     0.00     0.00 -1    -1e-30      0.00 5.959e-01 3.535e-01 7.467e-03 4.007e-03 2.216e-02 -1.000 5.055e-02 0.636 -0.949 -1.567 -1.704 -1.782 -1.697 -1.722 -1.816 -2.236 -2.099 -1.975 -1.774 -1.687 -1.761 -2.047
0.05 0.59589 10.00000 1.0747685432 2.4873235226    1.000  1.653  3.6419  2.305    4  0.000  0.449     0.00     0.00 -1    -1e-30      0.00 5.959e-01 3.535e-01 7.467e-03 4.007e-03 2.216e-02 -1.000 5.055e-02 0.638 -0.946 -1.563 -1.700 -1.778 -1.693 -1.718 -1.812 -2.231 -2.095 -1.971 -1.770 -1.683 -1.756 -2.042
0.05 0.59589 10.00000 1.0748788118 2.4873430729    1.000  1.652  3.6422  2.307    4  0.000  0.449     0.00     0.00 -1    -1e-30      0.00 5.959e-01 3.535e-01 7.467e-03 4.008e-03 2.216e-02 -1.000 5.055e-02 0.640 -0.943 -1.560 -1.697 -1.774 -1.689 -1.714 -1.808 -2.227 -2.091 -1.967 -1.766 -1.679 -1.752 -2.038
0.05 0.59589 10.00000 1.0749886036 2.4873626232    1.001  1.652  3.6425  2.308    4  0.000  0.449     0.00     0.00 -1    -1e-30      0.00 5.959e-01 3.535e-01 7.467e-03 4.008e-03 2.216e-02 -1.000 5.055e-02 0.641 -0.941 -1.557 -1.694 -1.772 -1.686 -1.711 -1.805 -2.224 -2.088 -1.964 -1.763 -1.677 -1.749 -2.035
0.05 0.59589 10.00000 1.0750911236 2.4873807430    1.001  1.651  3.6427  2.310    4  0.000  0.449     0.00     0.00 -1    -1e-30      0.00 5.959e-01 3.535e-01 7.467e-03 4.008e-03 2.216e-02 -1.000 5.056e-02 0.641 -0.941 -1.556 -1.692 -1.770 -1.684 -1.709 -1.803 -2.222 -2.086 -1.962 -1.761 -1.675 -1.748 -2.034
0.05 0.59589 10.00000 1.0751979351 2.4873995781    1.001  1.652  3.6428  2.310    4  0.000  0.449     0.00     0.00 -1    -1e-30      0.00 5.959e-01 3.535e-01 7.466e-03 4.008e-03 2.216e-02 -1.000 5.056e-02 0.641 -0.940 -1.555 -1.691 -1.769 -1.684 -1.709 -1.802 -2.222 -2.085 -1.961 -1.760 -1.674 -1.747 -2.033
0.05 0.59589 10.00000 1.0753026009 2.4874181747    1.001  1.652  3.6429  2.310    4  0.000  0.449     0.00     0.00 -1    -1e-30      0.00 5.959e-01 3.535e-01 7.466e-03 4.009e-03 2.216e-02 -1.000 5.056e-02 0.640 -0.942 -1.556 -1.692 -1.770 -1.685 -1.710 -1.803 -2.222 -2.086 -1.962 -1.761 -1.675 -1.747 -2.033
0.05 0.59589 10.00000 1.0754033327 2.4874360561    1.001  1.653  3.6430  2.309    4  0.000  0.449     0.00     0.00 -1    -1e-30      0.00 5.959e-01 3.535e-01 7.466e-03 4.009e-03 2.216e-02 -1.000 5.056e-02 0.637 -0.944 -1.558 -1.694 -1.771 -1.686 -1.711 -1.805 -2.224 -2.088 -1.964 -1.763 -1.677 -1.749 -2.035
0.05 0.59589 10.00000 1.0754126310 2.4874377251    1.001  1.653  3.6430  2.309    4  0.000  0.449     0.00     0.00 -1    -1e-30      0.00 5.959e-01 3.535e-01 7.466e-03 4.009e-03 2.216e-02 -1.000 5.056e-02 0.637 -0.944 -1.558 -1.694 -1.772 -1.687 -1.712 -1.805 -2.225 -2.088 -1.964 -1.763 -1.677 -1.750 -2.036
0.05 0.59589 10.00000 1.0755248070 2.4874575138    1.001  1.655  3.6430  2.308    4  0.000  0.449     0.00     0.00 -1    -1e-30      0.00 5.959e-01 3.535e-01 7.466e-03 4.009e-03 2.216e-02 -1.000 5.056e-02 0.632 -0.949 -1.563 -1.699 -1.776 -1.691 -1.716 -1.810 -2.229 -2.093 -1.969 -1.768 -1.682 -1.754 -2.040
0.05 0.59589 10.00000 1.0756366253 2.4874773026    1.001  1.657  3.6430  2.305    4  0.000  0.449     0.00     0.00 -1    -1e-30      0.00 5.959e-01 3.535e-01 7.466e-03 4.009e-03 2.216e-02 -1.000 5.056e-02 0.626 -0.955 -1.569 -1.705 -1.783 -1.698 -1.723 -1.816 -2.236 -2.099 -1.975 -1.774 -1.688 -1.761 -2.047
0.05 0.59589 10.00000 1.0757492781 2.4874973297    1.001  1.661  3.6428  2.301    4  0.000  0.449     0.00     0.00 -1    -1e-30      0.00 5.959e-01 3.535e-01 7.466e-03 4.010e-03 2.216e-02 -1.000 5.056e-02 0.618 -0.963 -1.578 -1.714 -1.792 -1.707 -1.732 -1.825 -2.245 -2.108 -1.984 -1.783 -1.697 -1.770 -2.056
0.05 0.59589 10.00000 1.0758565664 2.4875161648    1.002  1.665  3.6426  2.296    4  0.000  0.449     0.00     0.00 -1    -1e-30      0.00 5.959e-01 3.535e-01 7.465e-03 4.010e-03 2.216e-02 -1.000 5.056e-02 0.608 -0.974 -1.589 -1.726 -1.804 -1.718 -1.743 -1.837 -2.257 -2.120 -1.996 -1.795 -1.708 -1.782 -2.068
0.05 0.59589 10.00000 1.0759676695 2.4875359535    1.002  1.670  3.6422  2.290    4  0.000  0.449     0.00     0.00 -1    -1e-30      0.00 5.959e-01 3.535e-01 7.465e-03 4.010e-03 2.216e-02 -1.000 5.056e-02 0.595 -0.989 -1.604 -1.741 -1.820 -1.734 -1.759 -1.853 -2.273 -2.136 -2.012 -1.811 -1.724 -1.798 -2.084
0.05 0.59589 10.00000 1.0760757923 2.4875550270    1.002  1.677  3.6417  2.281    4  0.000  0.449     0.00     0.00 -1    -1e-30      0.00 5.959e-01 3.535e-01 7.465e-03 4.011e-03 2.216e-02 -1.000 5.056e-02 0.578 -1.007 -1.624 -1.761 -1.840 -1.754 -1.779 -1.874 -2.293 -2.157 -2.033 -1.831 -1.744 -1.818 -2.104
0.05 0.59589 10.00000 1.0761858225 2.4875743389    1.002  1.685  3.6411  2.270    4  0.000  0.449     0.00     0.00 -1    -1e-30      0.00 5.959e-01 3.535e-01 7.465e-03 4.011e-03 2.216e-02 -1.000 5.056e-02 0.557 -1.029 -1.648 -1.787 -1.866 -1.779 -1.804 -1.899 -2.319 -2.182 -2.059 -1.857 -1.769 -1.844 -2.130
0.05 0.59589 10.00000 1.0762909651 2.4875929356    1.002  1.695  3.6403  2.258    4  0.000  0.449     0.00     0.00 -1    -1e-30      0.00 5.959e-01 3.536e-01 7.465e-03 4.011e-03 2.216e-02 -1.000 5.056e-02 0.533 -1.055 -1.676 -1.815 -1.895 -1.807 -1.833 -1.929 -2.348 -2.212 -2.088 -1.886 -1.797 -1.874 -2.160
0.05 0.59589 10.00000 1.0764030218 2.4876127243    1.002  1.710  3.6391  2.237    4  0.000  0.449     0.00     0.00 -1    -1e-30      0.00 5.959e-01 3.536e-01 7.464e-03 4.011e-03 2.216e-02 -1.000 5.056e-02 0.495 -1.097 -1.721 -1.862 -1.942 -1.853 -1.879 -1.976 -2.396 -2.260 -2.136 -1.933 -1.843 -1.921 -2.207
0.05 0.59589 10.00000 1.0765092373 2.4876315594    1.002  1.731  3.6373  2.209    4  0.000  0.449     0.00     0.00 -1    -1e-30      0.00 5.959e-01 3.536e-01 7.464e-03 4.012e-03 2.216e-02 -1.000 5.056e-02 0.443 -1.154 -1.783 -1.926 -2.007 -1.917 -1.943 -2.043 -2.462 -2.326 -2.203 -1.998 -1.907 -1.987 -2.274
0.05 0.59589 10.00000 1.0766060352 2.4876487255    1.002  1.772  3.6337  2.154    4  0.000  0.449     0.00     0.00 -1    -1e-30      0.00 5.959e-01 3.536e-01 7.464e-03 4.012e-03 2.216e-02 -1.000 5.056e-02 0.339 -1.267 -1.906 -2.053 -2.137 -2.043 -2.070 -2.173 -2.593 -2.457 -2.334 -2.127 -2.033 -2.118 -2.404
0.05 0.59589 10.00000 1.0766441822 2.4876554012    1.003  1.809  3.6304  2.103    4  0.000  0.449     0.00     0.00 -1    -1e-30      0.00 5.959e-01 3.536e-01 7.464e-03 4.012e-03 2.216e-02 -1.000 5.056e-02 0.247 -1.368 -2.016 -2.167 -2.253 -2.157 -2.184 -2.290 -2.711 -2.575 -2.452 -2.243 -2.146 -2.235 -2.522
0.05 0.59589 10.00000 1.0766673088 2.4876594543    1.003  1.845  3.6272  2.055    4  0.000  0.449     0.00     0.00 -1    -1e-30      0.00 5.959e-01 3.536e-01 7.464e-03 4.012e-03 2.216e-02 -1.000 5.056e-02 0.158 -1.465 -2.121 -2.277 -2.364 -2.266 -2.293 -2.403 -2.824 -2.688 -2.566 -2.353 -2.255 -2.348 -2.635
0.05 0.59589 10.00000 1.0766841173 2.4876625538    1.003  1.885  3.6237  2.001    4  0.000  0.449     0.00     0.00 -1    -1e-30      0.00 5.959e-01 3.536e-01 7.464e-03 4.012e-03 2.216e-02 -1.000 5.056e-02 0.059 -1.574 -2.239 -2.400 -2.489 -2.388 -2.416 -2.529 -2.951 -2.815 -2.694 -2.478 -2.376 -2.475 -2.762
0.05 0.59589 10.00000 1.0766941309 2.4876642227    1.003  1.922  3.6204  1.951    4  0.000  0.449     0.00     0.00 -1    -1e-30      0.00 5.959e-01 3.536e-01 7.464e-03 4.012e-03 2.216e-02 -1.000 5.056e-02 -0.035 -1.676 -2.342 -2.511 -2.601 -2.495 -2.526 -2.639 -3.034 -3.354 -3.582 -2.590 -2.483 -2.593 -2.859
0.05 0.59589 10.00000 1.0767002106 2.4876654148    1.003  1.956  3.6174  1.905    4  0.000  0.449     0.00     0.00 -1    -1e-30      0.00 5.959e-01 3.536e-01 7.464e-03 4.012e-03 2.216e-02 -1.000 5.056e-02 -0.119 -1.768 -2.436 -2.612 -2.704 -2.592 -2.627 -2.740 -3.110 -3.856 -4.411 -2.693 -2.580 -2.701 -2.948
0.05 0.59589 10.00000 1.0767043829 2.4876661301    1.003  1.993  3.6140  1.854    4  0.000  0.449     0.00     0.00 -1    -1e-30      0.00 5.959e-01 3.536e-01 7.464e-03 4.012e-03 2.216e-02 -1.000 5.056e-02 -0.212 -1.870 -2.539 -2.724 -2.817 -2.699 -2.738 -2.850 -3.193 -4.409 -5.323 -2.805 -2.687 -2.820 -3.045
0.05 0.59589 10.00000 1.0767074823 2.4876666069    1.003  2.032  3.6105  1.801    4  0.000  0.449     0.00     0.00 -1    -1e-30      0.00 5.959e-01 3.536e-01 7.464e-03 4.012e-03 2.216e-02 -1.000 5.056e-02 -0.310 -1.976 -2.647 -2.841 -2.936 -2.811 -2.855 -2.965 -3.281 -4.988 -6.279 -2.923 -2.799 -2.944 -3.148
0.05 0.59589 10.00000 1.0767095089 2.4876670837    1.003  2.068  3.6072  1.752    4  0.000  0.449     0.00     0.00 -1    -1e-30      0.00 5.959e-01 3.536e-01 7.464e-03 4.012e-03 2.216e-02 -1.000 5.056e-02 -0.400 -2.075 -2.747 -2.949 -3.046 -2.916 -2.965 -3.071 -3.363 -5.528 -7.169 -3.033 -2.904 -3.059 -3.243
0.05 0.59589 10.00000 1.0767110586 2.4876673222    1.003  2.102  3.6041  1.705    7  0.000  0.449     0.00     0.00 -1    -1e-30      0.00 5.959e-01 3.536e-01 7.464e-03 4.012e-03 2.216e-02 -1.000 5.056e-02 -0.486 -2.169 -2.842 -3.052 -3.150 -3.015 -3.069 -3.172 -3.441 -6.038 -8.011 -3.137 -3.003 -3.168 -3.334
0.05 0.59589 10.00000 1.0767114162 2.4876673222    1.003  2.112  3.6032  1.691    7  0.000  0.449     0.00     0.00 -1    -1e-30      0.00 5.959e-01 3.536e-01 7.464e-03 4.012e-03 2.216e-02 -1.000 5.056e-02 -0.511 -2.196 -2.870 -3.082 -3.181 -3.044 -3.100 -3.202 -3.463 -6.189 -8.260 -3.168 -3.032 -3.200 -3.361
0.05 0.59589 10.00000 1.0767129660 2.4876675606    1.003  2.149  3.5998  1.641    7  0.000  0.449     0.00     0.00 -1    -1e-30      0.00 5.959e-01 3.536e-01 7.464e-03 4.012e-03 2.216e-02 -1.000 5.056e-02 -0.603 -2.296 -2.972 -3.193 -3.293 -3.149 -3.212 -3.309 -3.547 -6.736 -9.161 -3.279 -3.138 -3.315 -3.458
0.05 0.59589 10.00000 1.0767143965 2.4876677990    1.003  2.183  3.5966  1.594    7  0.000  0.449     0.00     0.00 -1    -1e-30      0.00 5.959e-01 3.536e-01 7.464e-03 4.012e-03 2.216e-02 -1.000 5.056e-02 -0.688 -2.390 -3.067 -3.296 -3.398 -3.248 -3.318 -3.409 -3.625 -7.249 -10.007 -3.383 -3.238 -3.424 -3.550
0.05 0.59589 10.00000 1.0767159462 2.4876680374    1.003  2.205  3.5946  1.565    7  0.000  0.449     0.00     0.00 -1    -1e-30      0.00 5.959e-01 3.536e-01 7.464e-03 4.012e-03 2.216e-02 -1.000 5.056e-02 -0.742 -2.449 -3.127 -3.361 -3.463 -3.310 -3.384 -3.472 -3.674 -7.570 -10.537 -3.449 -3.300 -3.492 -3.607
0.05 0.59589 10.00000 1.0767188072 2.4876685143    1.003  2.216  3.5936  1.549    7  0.000  0.449     0.00     0.00 -1    -1e-30      0.00 5.959e-01 3.536e-01 7.464e-03 4.012e-03 2.216e-02 -1.000 5.056e-02 -0.771 -2.482 -3.160 -3.396 -3.499 -3.344 -3.421 -3.507 -3.702 -7.747 -10.828 -3.485 -3.334 -3.530 -3.639
0.05 0.59589 10.00000 1.0767205954 2.4876689911    1.003  2.203  3.5949  1.567    7  0.000  0.449     0.00     0.00 -1    -1e-30      0.00 5.959e-01 3.536e-01 7.464e-03 4.012e-03 2.216e-02 -1.000 5.056e-02 -0.738 -2.445 -3.123 -3.356 -3.458 -3.306 -3.379 -3.468 -3.671 -7.545 -10.495 -3.444 -3.295 -3.487 -3.603
0.05 0.59589 10.00000 1.0767227411 2.4876692295    1.003  2.182  3.5969  1.597    7  0.000  0.449     0.00     0.00 -1    -1e-30      0.00 5.959e-01 3.536e-01 7.464e-03 4.012e-03 2.216e-02 -1.000 5.056e-02 -0.684 -2.386 -3.062 -3.290 -3.392 -3.243 -3.312 -3.404 -3.621 -7.220 -9.959 -3.378 -3.232 -3.418 -3.545
0.05 0.59589 10.00000 1.0767261982 2.4876699448    1.003  2.156  3.5994  1.633    7  0.000  0.449     0.00     0.00 -1    -1e-30      0.00 5.959e-01 3.536e-01 7.464e-03 4.012e-03 2.216e-02 -1.000 5.056e-02 -0.620 -2.315 -2.990 -3.212 -3.313 -3.168 -3.232 -3.328 -3.562 -6.831 -9.318 -3.299 -3.157 -3.336 -3.475
0.05 0.59589 10.00000 1.0767315626 2.4876708984    1.003  2.126  3.6022  1.674    7  0.000  0.449     0.00     0.00 -1    -1e-30      0.00 5.959e-01 3.536e-01 7.464e-03 4.012e-03 2.216e-02 -1.000 5.056e-02 -0.545 -2.233 -2.907 -3.122 -3.221 -3.082 -3.140 -3.240 -3.493 -6.382 -8.578 -3.207 -3.070 -3.241 -3.396
0.05 0.59589 10.00000 1.0767430067 2.4876728058    1.003  2.091  3.6053  1.721    7  0.000  0.449     0.00     0.00 -1    -1e-30      0.00 5.959e-01 3.536e-01 7.464e-03 4.012e-03 2.216e-02 -1.000 5.056e-02 -0.459 -2.138 -2.811 -3.018 -3.116 -2.982 -3.034 -3.138 -3.415 -5.865 -7.726 -3.102 -2.970 -3.131 -3.304
0.05 0.59589 10.00000 1.0768333673 2.4876887798    1.003  2.076  3.6067  1.742    7  0.000  0.449     0.00     0.00 -1    -1e-30      0.00 5.959e-01 3.536e-01 7.464e-03 4.012e-03 2.216e-02 -1.000 5.056e-02 -0.421 -2.097 -2.769 -2.973 -3.070 -2.939 -2.988 -3.094 -3.381 -5.641 -7.356 -3.057 -2.927 -3.083 -3.264
0.05 0.59589 10.00000 1.0769020319 2.4877009392    1.003  2.109  3.6037  1.696    7  0.000  0.449     0.00     0.00 -1    -1e-30      0.00 5.959e-01 3.536e-01 7.464e-03 4.013e-03 2.216e-02 -1.000 5.056e-02 -0.504 -2.188 -2.861 -3.072 -3.170 -3.034 -3.089 -3.191 -3.456 -6.134 -8.168 -3.157 -3.022 -3.188 -3.352
0.05 0.59589 10.00000 1.0769535303 2.4877099991    1.003  2.149  3.6000  1.642    7  0.000  0.449     0.00     0.00 -1    -1e-30      0.00 5.959e-01 3.536e-01 7.463e-03 4.013e-03 2.216e-02 -1.000 5.056e-02 -0.603 -2.297 -2.972 -3.192 -3.292 -3.149 -3.211 -3.308 -3.546 -6.730 -9.152 -3.278 -3.138 -3.315 -3.458
0.05 0.59589 10.00000 1.0769941807 2.4877171516    1.003  2.190  3.5962  1.586    7  0.000  0.449     0.00     0.00 -1    -1e-30      0.00 5.959e-01 3.536e-01 7.463e-03 4.013e-03 2.216e-02 -1.000 5.056e-02 -0.705 -2.409 -3.085 -3.315 -3.417 -3.267 -3.338 -3.428 -3.640 -7.342 -10.160 -3.403 -3.256 -3.445 -3.567
0.05 0.59589 10.00000 1.0770261288 2.4877228737    1.003  2.231  3.5924  1.530    7  0.000  0.449     0.00     0.00 -1    -1e-30      0.00 5.959e-01 3.536e-01 7.463e-03 4.013e-03 2.216e-02 -1.000 5.056e-02 -0.806 -2.520 -3.199 -3.438 -3.542 -3.384 -3.464 -3.547 -3.734 -7.953 -11.167 -3.527 -3.375 -3.574 -3.676
0.05 0.59589 10.00000 1.0770517588 2.4877274036    1.003  2.270  3.5885  1.475    7  0.000  0.449     0.00     0.00 -1    -1e-30      0.00 5.959e-01 3.536e-01 7.463e-03 4.013e-03 2.216e-02 -1.000 5.056e-02 -0.906 -2.631 -3.314 -3.562 -3.668 -3.504 -3.592 -3.670 -3.844 -8.343 -11.772 -3.652 -3.495 -3.702 -3.795
0.05 0.59589 10.00000 1.0770732164 2.4877312183    1.003  2.310  3.5847  1.420    7  0.000  0.449     0.00     0.00 -1    -1e-30      0.00 5.959e-01 3.536e-01 7.463e-03 4.013e-03 2.216e-02 -1.000 5.056e-02 -1.005 -2.742 -3.433 -3.687 -3.795 -3.627 -3.720 -3.798 -3.977 -8.475 -11.904 -3.779 -3.619 -3.831 -3.927
0.05 0.59589 10.00000 1.0770918131 2.4877345562    1.003  2.349  3.5808  1.365    7  0.000  0.449     0.00     0.00 -1    -1e-30      0.00 5.959e-01 3.536e-01 7.463e-03 4.013e-03 2.216e-02 -1.000 5.056e-02 -1.103 -2.853 -3.551 -3.811 -3.923 -3.751 -3.848 -3.925 -4.108 -8.607 -12.035 -3.905 -3.743 -3.960 -4.059
0.05 0.59589 10.00000 1.0771081448 2.4877374172    1.003  2.388  3.5768  1.311    7  0.000  0.449     0.00     0.00 -1    -1e-30      0.00 5.959e-01 3.536e-01 7.463e-03 4.013e-03 2.216e-02 -1.000 5.056e-02 -1.200 -2.964 -3.669 -3.935 -4.050 -3.874 -3.976 -4.053 -4.240 -8.739 -12.167 -4.032 -3.866 -4.088 -4.191
0.05 0.59589 10.00000 1.0771230459 2.4877400398    1.003  2.427  3.5728  1.256    7  0.000  0.449     0.00     0.00 -1    -1e-30      0.00 5.959e-01 3.536e-01 7.463e-03 4.013e-03 2.216e-02 -1.000 5.056e-02 -1.298 -3.075 -3.788 -4.060 -4.178 -3.997 -4.105 -4.181 -4.373 -8.872 -12.300 -4.159 -3.990 -4.218 -4.324
0.05 0.59589 10.00000 1.0771366358 2.4877424240    1.003  2.466  3.5688  1.200    7  0.000  0.449     0.00     0.00 -1    -1e-30      0.00 5.959e-01 3.536e-01 7.463e-03 4.013e-03 2.216e-02 -1.000 5.056e-02 -1.395 -3.186 -3.906 -4.186 -4.306 -4.121 -4.234 -4.310 -4.506 -9.005 -12.433 -4.286 -4.114 -4.347 -4.456
0.05 0.59589 10.00000 1.0771491528 2.4877445698    1.003  2.505  3.5647  1.145    7  0.000  0.449     0.00     0.00 -1    -1e-30      0.00 5.959e-01 3.536e-01 7.463e-03 4.013e-03 2.216e-02 -1.000 5.056e-02 -1.492 -3.297 -4.024 -4.310 -4.434 -4.244 -4.363 -4.438 -4.639 -9.137 -12.566 -4.413 -4.238 -4.477 -4.589
0.05 0.59589 10.00000 1.0771605968 2.4877467155    1.003  2.543  3.5605  1.090    7  0.000  0.449     0.00     0.00 -1    -1e-30      0.00 5.959e-01 3.536e-01 7.463e-03 4.013e-03 2.216e-02 -1.000 5.056e-02 -1.588 -3.407 -4.141 -4.434 -4.561 -4.367 -4.491 -4.566 -4.771 -9.270 -12.698 -4.539 -4.361 -4.606 -4.721
0.05 0.59589 10.00000 1.0771708488 2.4877483845    1.003  2.580  3.5564  1.037    7  0.000  0.449     0.00     0.00 -1    -1e-30      0.00 5.959e-01 3.536e-01 7.463e-03 4.013e-03 2.216e-02 -1.000 5.056e-02 -1.681 -3.514 -4.255 -4.556 -4.685 -4.486 -4.617 -4.691 -4.900 -9.399 -12.827 -4.662 -4.481 -4.732 -4.851
0.05 0.59589 10.00000 1.0771808624 2.4877502918    1.003  2.619  3.5521  0.981    7  0.000  0.449     0.00     0.00 -1    -1e-30      0.00 5.959e-01 3.536e-01 7.462e-03 4.013e-03 2.216e-02 -1.000 5.056e-02 -1.777 -3.626 -4.373 -4.682 -4.815 -4.611 -4.748 -4.822 -5.035 -9.534 -12.962 -4.791 -4.606 -4.863 -4.985
0.05 0.59589 10.00000 1.0771906376 2.4877519608    1.003  2.658  3.5476  0.924    7  0.000  0.449     0.00     0.00 -1    -1e-30      0.00 5.959e-01 3.536e-01 7.461e-03 4.014e-03 2.216e-02 -1.000 5.056e-02 -1.875 -3.739 -4.493 -4.810 -4.946 -4.739 -4.881 -4.954 -5.172 -9.670 -13.099 -4.921 -4.734 -4.997 -5.122
0.05 0.59589 10.00000 1.0771999359 2.4877536297    1.003  2.697  3.5431  0.867    7  0.000  0.449     0.00     0.00 -1    -1e-30      0.00 5.959e-01 3.536e-01 7.459e-03 4.015e-03 2.216e-02 -1.000 5.056e-02 -1.972 -3.852 -4.612 -4.938 -5.078 -4.866 -5.014 -5.088 -5.310 -9.808 -13.236 -5.051 -4.862 -5.132 -5.260
0.05 0.59589 10.00000 1.0772075653 2.4877548218    1.003  2.733  3.5388  0.814    7  0.000  0.448     0.00     0.00 -1    -1e-30      0.00 5.959e-01 3.536e-01 7.456e-03 4.017e-03 2.216e-02 -1.000 5.056e-02 -2.062 -3.957 -4.723 -5.058 -5.201 -4.985 -5.140 -5.213 -5.439 -9.937 -13.366 -5.173 -4.981 -5.258 -5.389
0.05 0.59589 10.00000 1.0772131681 2.4877557755    1.003  2.764  3.5350  0.767    7  0.000  0.448     0.00     0.00 -1    -1e-30      0.00 5.959e-01 3.536e-01 7.452e-03 4.019e-03 2.216e-02 -1.000 5.056e-02 -2.140 -4.048 -4.819 -5.162 -5.308 -5.089 -5.248 -5.321 -5.550 -10.048 -13.477 -5.278 -5.085 -5.367 -5.500
0.05 0.59589 10.00000 1.0772171021 2.4877564907    1.003  2.792  3.5315  0.726    7  0.000  0.448     0.00     0.00 -1    -1e-30      0.00 5.959e-01 3.536e-01 7.448e-03 4.023e-03 2.216e-02 -1.000 5.056e-02 -2.209 -4.129 -4.904 -5.255 -5.404 -5.181 -5.345 -5.418 -5.649 -10.147 -13.576 -5.372 -5.178 -5.464 -5.600
0.05 0.59589 10.00000 1.0772202015 2.4877572060    1.003  2.818  3.5281  0.686    7  0.000  0.448     0.00     0.00 -1    -1e-30      0.00 5.959e-01 3.536e-01 7.443e-03 4.027e-03 2.216e-02 -1.000 5.056e-02 -2.276 -4.206 -4.985 -5.344 -5.495 -5.269 -5.438 -5.510 -5.745 -10.242 -13.671 -5.462 -5.267 -5.558 -5.695
0.05 0.59589 10.00000 1.0772230625 2.4877576828    1.003  2.846  3.5245  0.643    7  0.000  0.447     0.00     0.00 -1    -1e-30      0.00 5.959e-01 3.536e-01 7.438e-03 4.032e-03 2.216e-02 -1.000 5.056e-02 -2.346 -4.287 -5.072 -5.439 -5.593 -5.364 -5.537 -5.609 -5.846 -10.343 -13.772 -5.558 -5.361 -5.657 -5.797
0.05 0.59589 10.00000 1.0772256851 2.4877581596    1.003  2.876  3.5206  0.598    7  0.000  0.447     0.00     0.00 -1    -1e-30      0.00 5.959e-01 3.536e-01 7.433e-03 4.038e-03 2.216e-02 -1.000 5.056e-02 -2.420 -4.372 -5.163 -5.539 -5.696 -5.463 -5.642 -5.713 -5.954 -10.450 -13.879 -5.660 -5.461 -5.762 -5.904
0.05 0.59589 10.00000 1.0772281885 2.4877586365    1.003  2.906  3.5165  0.551    7  0.000  0.447     0.00     0.00 -1    -1e-30      0.00 5.959e-01 3.536e-01 7.428e-03 4.043e-03 2.216e-02 -1.000 5.056e-02 -2.496 -4.458 -5.257 -5.642 -5.802 -5.564 -5.748 -5.818 -6.062 -10.558 -13.986 -5.762 -5.563 -5.869 -6.013
0.05 0.59589 10.00000 1.0772302151 2.4877588749    1.003  2.934  3.5127  0.508    7  0.000  0.447     0.00     0.00 -1    -1e-30      0.00 5.959e-01 3.536e-01 7.424e-03 4.047e-03 2.216e-02 -1.000 5.056e-02 -2.565 -4.537 -5.344 -5.737 -5.899 -5.657 -5.846 -5.915 -6.163 -10.657 -14.085 -5.857 -5.656 -5.966 -6.113
0.05 0.59589 10.00000 1.0772323608 2.4877593517    1.003  2.964  3.5086  0.462    7  0.000  0.446     0.00     0.00 -1    -1e-30      0.00 5.959e-01 3.536e-01 7.422e-03 4.051e-03 2.216e-02 -1.000 5.056e-02 -2.640 -4.620 -5.436 -5.838 -6.003 -5.758 -5.950 -6.017 -6.269 -10.762 -14.190 -5.956 -5.757 -6.071 -6.220
0.05 0.59589 10.00000 1.0772347450 2.4877595901    1.003  2.997  3.5039  0.410    7  0.000  0.446     0.00     0.00 -1    -1e-30      0.00 5.959e-01 3.536e-01 7.419e-03 4.054e-03 2.216e-02 -1.000 5.057e-02 -2.723 -4.714 -5.540 -5.951 -6.118 -5.870 -6.065 -6.128 -6.387 -10.878 -14.306 -6.065 -5.869 -6.186 -6.338
0.05 0.59589 10.00000 1.0772371292 2.4877600670    1.003  3.032  3.4989  0.355    7  0.000  0.446     0.00     0.00 -1    -1e-30      0.00 5.959e-01 3.536e-01 7.416e-03 4.057e-03 2.216e-02 -1.000 5.058e-02 -2.810 -4.811 -5.649 -6.070 -6.239 -5.987 -6.186 -6.246 -6.512 -11.000 -14.429 -6.179 -5.986 -6.308 -6.463
0.05 0.59589 10.00000 1.0772395134 2.4877605438    1.003  3.067  3.4939  0.300    7  0.000  0.446     0.00     0.00 -1    -1e-30      0.00 5.959e-01 3.536e-01 7.414e-03 4.060e-03 2.216e-02 -1.000 5.058e-02 -2.897 -4.906 -5.758 -6.189 -6.361 -6.104 -6.307 -6.363 -6.637 -11.123 -14.551 -6.293 -6.103 -6.431 -6.589
0.05 0.59589 10.00000 1.0772422552 2.4877610207    1.003  3.106  3.4882  0.239    7  0.000  0.446     0.00     0.00 -1    -1e-30      0.00 5.959e-01 3.536e-01 7.412e-03 4.063e-03 2.216e-02 -1.000 5.058e-02 -2.994 -5.011 -5.879 -6.320 -6.495 -6.234 -6.441 -6.493 -6.777 -11.260 -14.688 -6.418 -6.233 -6.567 -6.730
0.05 0.59589 10.00000 1.0772449970 2.4877614975    1.003  3.143  3.4825  0.178    7  0.000  0.446     0.00     0.00 -1    -1e-30      0.00 5.959e-01 3.536e-01 7.410e-03 4.065e-03 2.216e-02 -1.000 5.058e-02 -3.088 -5.112 -5.997 -6.447 -6.624 -6.360 -6.568 -6.617 -6.913 -11.394 -14.823 -6.536 -6.359 -6.699 -6.866
0.05 0.59589 10.00000 1.0772479773 2.4877619743    1.003  3.182  3.4766  0.116    7  0.000  0.446     0.00     0.00 -1    -1e-30      0.00 5.959e-01 3.536e-01 7.409e-03 4.066e-03 2.216e-02 -1.000 5.058e-02 -3.185 -5.216 -6.116 -6.575 -6.753 -6.489 -6.696 -6.743 -7.052 -11.533 -14.961 -6.653 -6.487 -6.833 -7.006
0.05 0.59589 10.00000 1.0772509575 2.4877624512    1.003  3.221  3.4706  0.053    7  0.000  0.445     0.00     0.00 -1    -1e-30      0.00 5.959e-01 3.536e-01 7.409e-03 4.066e-03 2.216e-02 -1.000 5.058e-02 -3.282 -5.319 -6.235 -6.701 -6.880 -6.616 -6.822 -6.865 -7.191 -11.672 -15.100 -6.765 -6.614 -6.966 -7.144
0.05 0.59589 10.00000 1.0772540569 2.4877631664    1.003  3.259  3.4646 -0.009    7  0.000  0.445     0.00     0.00 -1    -1e-30      0.00 5.959e-01 3.536e-01 7.409e-03 4.066e-03 2.216e-02 -1.000 5.058e-02 -3.377 -5.416 -6.352 -6.824 -7.005 -6.741 -6.946 -6.987 -7.329 -11.809 -15.238 -6.876 -6.739 -7.098 -7.282
0.05 0.59589 10.00000 1.0772572756 2.4877636433    1.003  3.296  3.4586 -0.070    7  0.000  0.445     0.00     0.00 -1    -1e-30      0.00 5.959e-01 3.536e-01 7.409e-03 4.066e-03 2.216e-02 -1.000 5.058e-02 -3.470 -5.515 -6.466 -6.944 -7.128 -6.869 -7.072 -7.112 -7.470 -11.950 -15.379 -6.986 -6.866 -7.233 -7.422
0.05 0.59589 10.00000 1.0772602558 2.4877641201    1.003  3.330  3.4529 -0.127    7  0.000  0.445     0.00     0.00 -1    -1e-30      0.00 5.959e-01 3.536e-01 7.409e-03 4.066e-03 2.216e-02 -1.000 5.058e-02 -3.556 -5.605 -6.570 -7.052 -7.237 -6.985 -7.184 -7.225 -7.598 -12.079 -15.508 -7.083 -6.981 -7.356 -7.551
0.05 0.59589 10.00000 1.0772633553 2.4877648354    1.003  3.363  3.4474 -0.182    7  0.000  0.445     0.00     0.00 -1    -1e-30      0.00 5.959e-01 3.536e-01 7.409e-03 4.066e-03 2.216e-02 -1.000 5.058e-02 -3.637 -5.689 -6.667 -7.153 -7.341 -7.094 -7.290 -7.332 -7.721 -12.202 -15.630 -7.175 -7.089 -7.472 -7.673
0.05 0.59589 10.00000 1.0772664547 2.4877653122    1.003  3.397  3.4414 -0.240    7  0.521  0.445     0.00     0.00 -1    -1e-30      0.00 5.959e-01 3.536e-01 7.409e-03 4.066e-03 2.216e-02 -1.000 5.058e-02 -3.723 -5.780 -6.770 -7.259 -7.451 -7.211 -7.404 -7.448 -7.853 -12.334 -15.763 -7.273 -7.205 -7.599 -7.805
0.05 0.59589 10.00000 1.0772680044 2.4877655506    1.003  3.424  3.4367 -0.286    7  0.519  0.445     0.00     0.00 -1    -1e-30      0.00 5.959e-01 3.536e-01 7.409e-03 4.066e-03 2.216e-02 -1.000 5.058e-02 -3.791 -5.851 -6.850 -7.341 -7.536 -7.302 -7.493 -7.538 -7.957 -12.438 -15.866 -7.349 -7.295 -7.698 -7.909
0.05 0.59589 10.00000 1.0772681236 2.4877655506    0.886  3.351  3.4767 -0.107    8  0.519  0.473   214.05    99.13  0 -2.28e-07      0.01 6.801e-01 3.001e-01 3.083e-03 1.553e-03 8.699e-03 -1.000 1.977e-02 -3.608 -5.639 -6.531 -7.006 -7.205 -6.947 -7.165 -7.237 -7.704 -12.138 -15.585 -7.112 -6.946 -7.472 -7.664
0.05 0.59589 10.00000 1.0772681236 2.4877655506    0.885  3.054  3.5187  0.358    8  0.519  0.473    78.50    41.64  1 -6.91e-08      0.00 6.801e-01 3.001e-01 3.083e-03 1.553e-03 8.699e-03 -1.000 1.977e-02 -2.865 -4.826 -5.608 -5.997 -6.163 -5.930 -6.111 -6.190 -6.461 -10.950 -14.382 -6.126 -5.929 -6.267 -6.413
0.05 0.59589 10.00000 1.0772682428 2.4877655506    0.885  2.927  3.5371  0.559    8  0.519  0.473    50.92    28.64  1 -4.08e-08      0.00 6.801e-01 3.001e-01 3.083e-03 1.553e-03 8.699e-03 -1.000 1.977e-02 -2.547 -4.450 -5.206 -5.554 -5.705 -5.484 -5.641 -5.720 -5.958 -10.453 -13.883 -5.676 -5.480 -5.774 -5.908
0.05 0.59589 10.00000 1.0772683620 2.4877655506    0.884  2.784  3.5576  0.782    8  0.519  0.473    31.42    18.86  1 -2.22e-08      0.00 6.801e-01 3.001e-01 3.083e-03 1.553e-03 8.699e-03 -1.000 1.977e-02 -2.191 -4.024 -4.749 -5.058 -5.194 -4.992 -5.120 -5.200 -5.409 -9.908 -13.336 -5.170 -4.985 -5.241 -5.359
0.05 0.59589 10.00000 1.0772684813 2.4877655506    0.882  2.827  3.5512  0.713    8  0.519  0.473    36.46    21.44  1 -2.68e-08      0.00 6.801e-01 3.001e-01 3.083e-03 1.553e-03 8.699e-03 -1.000 1.977e-02 -2.297 -4.153 -4.888 -5.208 -5.349 -5.141 -5.279 -5.357 -5.573 -10.072 -13.500 -5.324 -5.135 -5.400 -5.523
0.05 0.59589 10.00000 1.0772687197 2.4877657890    0.881  2.963  3.5311  0.496    8  0.520  0.473    58.21    32.11  1  -4.8e-08      0.00 6.801e-01 3.001e-01 3.083e-03 1.553e-03 8.699e-03 -1.000 1.977e-02 -2.637 -4.560 -5.325 -5.685 -5.841 -5.615 -5.780 -5.859 -6.106 -10.600 -14.030 -5.810 -5.611 -5.918 -6.057
0.05 0.59589 10.00000 1.0772689581 2.4877657890    0.879  3.120  3.5078  0.245    8  0.520  0.473   100.09    51.27  0 -9.22e-08      0.00 6.801e-01 3.001e-01 3.083e-03 1.553e-03 8.699e-03 -1.000 1.977e-02 -3.030 -5.017 -5.822 -6.234 -6.409 -6.168 -6.361 -6.437 -6.737 -11.217 -14.651 -6.362 -6.167 -6.535 -6.690
0.05 0.59589 10.00000 1.0772693157 2.4877657890    0.876  3.246  3.4889  0.043    8  0.520  0.473   154.90    74.72  0 -1.54e-07      0.00 6.801e-01 3.001e-01 3.083e-03 1.553e-03 8.699e-03 -1.000 1.977e-02 -3.344 -5.363 -6.218 -6.671 -6.860 -6.601 -6.816 -6.887 -7.267 -11.722 -15.162 -6.790 -6.601 -7.048 -7.224
0.05 0.59589 10.00000 1.0772696733 2.4877657890    0.874  3.325  3.4768 -0.087    8  0.520  0.473   204.80    95.03  0 -2.12e-07      0.01 6.801e-01 3.001e-01 3.083e-03 1.553e-03 8.699e-03 -1.000 1.977e-02 -3.543 -5.574 -6.467 -6.940 -7.138 -6.878 -7.095 -7.165 -7.614 -12.052 -15.497 -7.044 -6.877 -7.383 -7.573
0.05 0.59589 10.00000 1.0772700310 2.4877660275    0.870  3.366  3.4702 -0.156    8  0.520  0.473   237.42   107.86  0 -2.51e-07      0.01 6.801e-01 3.001e-01 3.083e-03 1.553e-03 8.699e-03 -1.000 1.977e-02 -3.645 -5.679 -6.595 -7.078 -7.281 -7.023 -7.242 -7.312 -7.811 -12.238 -15.687 -7.174 -7.022 -7.573 -7.771
0.05 0.59589 10.00000 1.0772705078 2.4877660275    0.867  3.384  3.4668 -0.189    8  0.521  0.473   255.30   114.71  0 -2.72e-07      0.01 6.801e-01 3.001e-01 3.083e-03 1.553e-03 8.699e-03 -1.000 1.977e-02 -3.691 -5.727 -6.653 -7.141 -7.345 -7.089 -7.307 -7.378 -7.901 -12.324 -15.773 -7.231 -7.088 -7.658 -7.861
0.05 0.59589 10.00000 1.0772709846 2.4877660275    0.863  3.395  3.4679 -0.197    8  0.521  0.473   259.37   116.13  0  -2.9e-07      0.01 6.801e-01 3.001e-01 3.083e-03 1.553e-03 8.699e-03 -1.000 1.977e-02 -3.717 -5.752 -6.674 -7.162 -7.368 -7.113 -7.332 -7.406 -7.944 -12.362 -15.814 -7.257 -7.111 -7.701 -7.905
0.05 0.59589 10.00000 1.0772709846 2.4877660275    0.863  3.157  3.4990  0.165    8  0.521  0.473   118.81    59.13  0 -1.12e-07      0.00 6.801e-01 3.001e-01 3.083e-03 1.553e-03 8.699e-03 -1.000 1.977e-02 -3.122 -5.127 -5.953 -6.384 -6.563 -6.315 -6.517 -6.589 -6.913 -11.386 -14.822 -6.506 -6.314 -6.704 -6.866
0.05 0.59589 10.00000 1.0772711039 2.4877660275    0.862  2.977  3.5251  0.449    8  0.521  0.473    64.32    34.78  1 -5.39e-08      0.00 6.801e-01 3.001e-01 3.083e-03 1.553e-03 8.699e-03 -1.000 1.977e-02 -2.672 -4.613 -5.387 -5.761 -5.921 -5.691 -5.864 -5.942 -6.198 -10.690 -14.121 -5.887 -5.688 -6.007 -6.149
0.05 0.59589 10.00000 1.0772712231 2.4877660275    0.861  2.834  3.5458  0.674    8  0.521  0.473    39.63    22.87  1 -2.97e-08      0.00 6.801e-01 3.001e-01 3.083e-03 1.553e-03 8.699e-03 -1.000 1.977e-02 -2.316 -4.190 -4.934 -5.263 -5.408 -5.195 -5.340 -5.418 -5.639 -10.138 -13.566 -5.381 -5.190 -5.462 -5.589
0.05 0.59589 10.00000 1.0772713423 2.4877662659    0.860  2.876  3.5395  0.606    8  0.521  0.473    45.87    25.94  1 -3.57e-08      0.00 6.801e-01 3.001e-01 3.083e-03 1.553e-03 8.699e-03 -1.000 1.977e-02 -2.421 -4.316 -5.070 -5.412 -5.561 -5.342 -5.496 -5.574 -5.806 -10.303 -13.732 -5.532 -5.338 -5.624 -5.757
0.05 0.59589 10.00000 1.0772715807 2.4877662659    0.858  3.010  3.5198  0.392    8  0.521  0.473    72.74    38.62  1 -6.28e-08      0.00 6.801e-01 3.001e-01 3.083e-03 1.553e-03 8.699e-03 -1.000 1.977e-02 -2.756 -4.714 -5.496 -5.881 -6.046 -5.813 -5.993 -6.072 -6.337 -10.828 -14.259 -6.010 -5.811 -6.144 -6.289
0.05 0.59589 10.00000 1.0772718191 2.4877662659    0.856  3.166  3.4969  0.144    8  0.522  0.473   124.19    61.28  0 -1.19e-07      0.00 6.801e-01 3.001e-01 3.083e-03 1.553e-03 8.699e-03 -1.000 1.977e-02 -3.144 -5.152 -5.984 -6.419 -6.600 -6.350 -6.555 -6.626 -6.961 -11.430 -14.866 -6.541 -6.349 -6.750 -6.915
0.05 0.59589 10.00000 1.0772720575 2.4877662659    0.853  3.290  3.4783 -0.056    8  0.522  0.473   191.12    88.86  0 -1.96e-07      0.01 6.801e-01 3.001e-01 3.083e-03 1.553e-03 8.699e-03 -1.000 1.977e-02 -3.455 -5.484 -6.373 -6.843 -7.038 -6.776 -6.993 -7.061 -7.490 -11.933 -15.376 -6.946 -6.776 -7.262 -7.448
0.05 0.59589 10.00000 1.0772724152 2.4877662659    0.850  3.368  3.4664 -0.183    8  0.522  0.473   251.65   112.59  0 -2.69e-07      0.01 6.801e-01 3.001e-01 3.083e-03 1.553e-03 8.699e-03 -1.000 1.977e-02 -3.651 -5.687 -6.614 -7.102 -7.306 -7.050 -7.267 -7.337 -7.859 -12.283 -15.733 -7.190 -7.048 -7.617 -7.820
0.05 0.59589 10.00000 1.0772727728 2.4877665043    0.847  3.408  3.4600 -0.250    8  0.522  0.473   290.84   127.42  0 -3.17e-07      0.01 6.801e-01 3.001e-01 3.083e-03 1.553e-03 8.699e-03 -1.000 1.977e-02 -3.751 -5.790 -6.739 -7.235 -7.446 -7.196 -7.413 -7.486 -8.061 -12.473 -15.927 -7.319 -7.193 -7.811 -8.022
0.05 0.59589 10.00000 1.0772732496 2.4877665043    0.843  3.426  3.4568 -0.283    8  0.523  0.473   311.98   135.19  0 -3.43e-07      0.01 6.801e-01 3.001e-01 3.083e-03 1.553e-03 8.699e-03 -1.000 1.977e-02 -3.795 -5.836 -6.793 -7.293 -7.507 -7.261 -7.478 -7.553 -8.162 -12.568 -16.025 -7.372 -7.258 -7.906 -8.125
0.05 0.59589 10.00000 1.0772737265 2.4877665043    0.839  3.436  3.4590 -0.286    8  0.523  0.473   314.20   135.80  0 -3.68e-07      0.02 6.801e-01 3.001e-01 3.083e-03 1.553e-03 8.699e-03 -1.000 1.977e-02 -3.820 -5.860 -6.811 -7.312 -7.529 -7.283 -7.503 -7.583 -8.217 -12.615 -16.075 -7.401 -7.280 -7.962 -8.181
0.05 0.59589 10.00000 1.0772737265 2.4877665043    0.838  3.204  3.4891  0.065    8  0.523  0.473   147.10    70.46  0 -1.47e-07      0.00 6.801e-01 3.001e-01 3.083e-03 1.553e-03 8.699e-03 -1.000 1.977e-02 -3.241 -5.259 -6.115 -6.567 -6.754 -6.495 -6.709 -6.779 -7.155 -11.611 -15.050 -6.684 -6.495 -6.937 -7.111
0.05 0.59589 10.00000 1.0772738457 2.4877665043    0.838  3.025  3.5157  0.351    8  0.523  0.473    79.48    41.37  1 -7.15e-08      0.00 6.801e-01 3.001e-01 3.083e-03 1.553e-03 8.699e-03 -1.000 1.977e-02 -2.793 -4.761 -5.551 -5.945 -6.113 -5.877 -6.062 -6.139 -6.415 -10.902 -14.334 -6.073 -5.876 -6.218 -6.367
0.05 0.59589 10.00000 1.0772739649 2.4877665043    0.836  2.882  3.5368  0.577    8  0.523  0.473    48.75    27.10  1 -3.98e-08      0.00 6.801e-01 3.001e-01 3.083e-03 1.553e-03 8.699e-03 -1.000 1.977e-02 -2.436 -4.340 -5.098 -5.446 -5.597 -5.375 -5.533 -5.611 -5.849 -10.345 -13.774 -5.567 -5.371 -5.665 -5.800
0.05 0.59589 10.00000 1.0772740841 2.4877667427    0.834  2.924  3.5305  0.510    8  0.523  0.473    56.37    30.70  1 -4.76e-08      0.00 6.801e-01 3.001e-01 3.083e-03 1.553e-03 8.699e-03 -1.000 1.977e-02 -2.539 -4.464 -5.230 -5.592 -5.747 -5.520 -5.687 -5.765 -6.013 -10.507 -13.937 -5.716 -5.517 -5.824 -5.963
0.05 0.59589 10.00000 1.0772743225 2.4877667427    0.832  3.055  3.5107  0.297    8  0.524  0.473    89.11    45.56  0 -8.25e-08      0.00 6.801e-01 3.001e-01 3.083e-03 1.553e-03 8.699e-03 -1.000 1.977e-02 -2.868 -4.849 -5.649 -6.054 -6.226 -5.987 -6.177 -6.253 -6.543 -11.025 -14.459 -6.182 -5.986 -6.343 -6.495
0.05 0.59589 10.00000 1.0772745609 2.4877667427    0.829  3.208  3.4876  0.051    8  0.524  0.473   151.58    72.03  0 -1.53e-07      0.00 6.801e-01 3.001e-01 3.083e-03 1.553e-03 8.699e-03 -1.000 1.977e-02 -3.249 -5.268 -6.129 -6.584 -6.772 -6.512 -6.727 -6.796 -7.181 -11.635 -15.075 -6.699 -6.512 -6.962 -7.139
0.05 0.59589 10.00000 1.0772749186 2.4877667427    0.825  3.330  3.4689 -0.147    8  0.524  0.473   232.46   104.08  0  -2.5e-07      0.01 6.801e-01 3.001e-01 3.083e-03 1.553e-03 8.699e-03 -1.000 1.977e-02 -3.554 -5.588 -6.509 -6.992 -7.194 -6.936 -7.154 -7.223 -7.729 -12.155 -15.604 -7.084 -6.934 -7.489 -7.689
0.05 0.59589 10.00000 1.0772752762 2.4877667427    0.821  3.406  3.4570 -0.273    8  0.524  0.473   305.09   131.43  0  -3.4e-07      0.01 6.801e-01 3.001e-01 3.083e-03 1.553e-03 8.699e-03 -1.000 1.977e-02 -3.744 -5.785 -6.742 -7.241 -7.454 -7.207 -7.424 -7.498 -8.109 -12.515 -15.971 -7.319 -7.204 -7.853 -8.072
0.05 0.59589 10.00000 1.0772756338 2.4877669811    0.817  3.444  3.4507 -0.339    8  0.525  0.473   351.45   148.23  0 -3.99e-07      0.02 6.801e-01 3.001e-01 3.083e-03 1.553e-03 8.699e-03 -1.000 1.977e-02 -3.840 -5.879 -6.856 -7.361 -7.579 -7.339 -7.553 -7.629 -8.307 -12.701 -16.162 -7.428 -7.334 -8.040 -8.272
0.05 0.59589 10.00000 1.0772761106 2.4877669811    0.812  3.460  3.4477 -0.370    8  0.525  0.473   375.67   156.66  0 -4.32e-07      0.02 6.801e-01 3.001e-01 3.083e-03 1.553e-03 8.699e-03 -1.000 1.977e-02 -3.881 -5.920 -6.905 -7.413 -7.634 -7.398 -7.611 -7.690 -8.398 -12.786 -16.250 -7.476 -7.393 -8.127 -8.364
0.05 0.59589 10.00000 1.0772765875 2.4877669811    0.806  3.469  3.4510 -0.368    8  0.526  0.473   374.08   155.69  0 -4.65e-07      0.02 6.801e-01 3.001e-01 3.083e-03 1.553e-03 8.699e-03 -1.000 1.977e-02 -3.901 -5.937 -6.915 -7.424 -7.648 -7.412 -7.629 -7.714 -8.463 -12.839 -16.307 -7.499 -7.407 -8.189 -8.430
0.05 0.59589 10.00000 1.0772765875 2.4877669811    0.806  3.245  3.4801 -0.028    8  0.526  0.473   179.69    82.59  0 -1.93e-07      0.01 6.801e-01 3.001e-01 3.083e-03 1.553e-03 8.699e-03 -1.000 1.977e-02 -3.342 -5.369 -6.254 -6.721 -6.914 -6.652 -6.869 -6.937 -7.367 -11.809 -15.253 -6.827 -6.651 -7.140 -7.326
0.05 0.59589 10.00000 1.0772767067 2.4877669811    0.805  3.067  3.5074  0.258    8  0.526  0.473    96.85    48.38  0 -9.54e-08      0.00 6.801e-01 3.001e-01 3.083e-03 1.553e-03 8.699e-03 -1.000 1.977e-02 -2.897 -4.885 -5.692 -6.104 -6.278 -6.037 -6.231 -6.306 -6.613 -11.091 -14.526 -6.231 -6.036 -6.410 -6.566
0.05 0.59589 10.00000 1.0772768259 2.4877672195    0.803  2.924  3.5291  0.487    8  0.526  0.473    59.11    31.54  1 -5.36e-08      0.00 6.801e-01 3.001e-01 3.083e-03 1.553e-03 8.699e-03 -1.000 1.977e-02 -2.540 -4.469 -5.237 -5.602 -5.759 -5.531 -5.700 -5.778 -6.033 -10.526 -13.957 -5.727 -5.528 -5.844 -5.985
0.05 0.59589 10.00000 1.0772769451 2.4877672195    0.800  2.965  3.5227  0.420    8  0.526  0.473    68.40    35.74  1 -6.41e-08      0.00 6.801e-01 3.001e-01 3.083e-03 1.553e-03 8.699e-03 -1.000 1.977e-02 -2.642 -4.590 -5.368 -5.747 -5.910 -5.679 -5.855 -5.934 -6.201 -10.691 -14.123 -5.875 -5.676 -6.008 -6.153
0.05 0.59589 10.00000 1.0772771835 2.4877672195    0.797  3.094  3.5026  0.208    8  0.526  0.473   108.00    52.96  0  -1.1e-07      0.00 6.801e-01 3.001e-01 3.083e-03 1.553e-03 8.699e-03 -1.000 1.977e-02 -2.965 -4.963 -5.780 -6.203 -6.380 -6.135 -6.334 -6.407 -6.730 -11.204 -14.639 -6.327 -6.135 -6.523 -6.683
0.05 0.59589 10.00000 1.0772775412 2.4877672195    0.793  3.244  3.4792 -0.038    8  0.526  0.473   183.42    83.54  0 -2.01e-07      0.01 6.801e-01 3.001e-01 3.083e-03 1.553e-03 8.699e-03 -1.000 1.977e-02 -3.339 -5.367 -6.254 -6.722 -6.917 -6.655 -6.873 -6.941 -7.386 -11.825 -15.270 -6.827 -6.654 -7.157 -7.346
0.05 0.59589 10.00000 1.0772777796 2.4877672195    0.788  3.363  3.4603 -0.236    8  0.527  0.473   281.06   120.51  0 -3.24e-07      0.01 6.801e-01 3.001e-01 3.083e-03 1.553e-03 8.699e-03 -1.000 1.977e-02 -3.638 -5.675 -6.624 -7.120 -7.330 -7.080 -7.297 -7.371 -7.970 -12.377 -15.833 -7.202 -7.077 -7.717 -7.933
0.05 0.59589 10.00000 1.0772782564 2.4877674580    0.782  3.438  3.4482 -0.362    8  0.527  0.473   368.73   151.95  0  -4.4e-07      0.02 6.801e-01 3.001e-01 3.083e-03 1.553e-03 8.699e-03 -1.000 1.977e-02 -3.824 -5.863 -6.847 -7.354 -7.576 -7.340 -7.553 -7.633 -8.357 -12.742 -16.207 -7.419 -7.334 -8.085 -8.324
0.05 0.59589 10.00000 1.0772786140 2.4877674580    0.776  3.475  3.4420 -0.427    8  0.528  0.473   424.74   171.13  0 -5.18e-07      0.03 6.801e-01 3.001e-01 3.083e-03 1.553e-03 8.699e-03 -1.000 1.977e-02 -3.917 -5.953 -6.955 -7.470 -7.703 -7.479 -7.691 -7.782 -8.600 -12.967 -16.440 -7.533 -7.472 -8.313 -8.568
0.05 0.59589 10.00000 1.0772790909 2.4877674580    0.769  3.490  3.4392 -0.458    8  0.528  0.473   453.98   180.56  0 -5.64e-07      0.03 6.801e-01 3.001e-01 3.083e-03 1.553e-03 8.699e-03 -1.000 1.977e-02 -3.956 -5.991 -7.000 -7.519 -7.759 -7.540 -7.753 -7.850 -8.715 -13.073 -16.550 -7.584 -7.533 -8.421 -8.685
0.05 0.59589 10.00000 1.0772796869 2.4877676964    0.761  3.498  3.4437 -0.452    8  0.529  0.473   448.30   177.81  0 -6.16e-07      0.04 6.801e-01 3.001e-01 3.083e-03 1.553e-03 8.699e-03 -1.000 1.977e-02 -3.975 -6.004 -7.005 -7.525 -7.769 -7.549 -7.767 -7.872 -8.795 -13.137 -16.620 -7.604 -7.542 -8.498 -8.767
0.05 0.59589 10.00000 1.0772796869 2.4877676964    0.760  3.284  3.4716 -0.126    8  0.529  0.473   221.99    96.82  0 -2.66e-07      0.01 6.801e-01 3.001e-01 3.083e-03 1.553e-03 8.699e-03 -1.000 1.977e-02 -3.439 -5.471 -6.383 -6.864 -7.067 -6.808 -7.028 -7.100 -7.631 -12.049 -15.501 -6.962 -6.807 -7.390 -7.593
0.05 0.59589 10.00000 1.0772798061 2.4877676964    0.758  3.107  3.4994  0.160    8  0.529  0.473   119.61    56.66  0 -1.34e-07      0.00 6.801e-01 3.001e-01 3.083e-03 1.553e-03 8.699e-03 -1.000 1.977e-02 -2.997 -5.001 -5.826 -6.257 -6.438 -6.191 -6.394 -6.469 -6.833 -11.295 -14.735 -6.381 -6.190 -6.620 -6.788
0.05 0.59589 10.00000 1.0772799253 2.4877676964    0.755  2.964  3.5217  0.391    8  0.529  0.473    72.82    36.83  1 -7.66e-08      0.00 6.801e-01 3.001e-01 3.083e-03 1.553e-03 8.699e-03 -1.000 1.977e-02 -2.641 -4.593 -5.371 -5.753 -5.918 -5.687 -5.864 -5.945 -6.227 -10.712 -14.146 -5.882 -5.685 -6.032 -6.179
0.05 0.59589 10.00000 1.0772801638 2.4877676964    0.750  3.005  3.5147  0.320    8  0.529  0.473    84.86    41.92  0 -9.18e-08      0.00 6.801e-01 3.001e-01 3.083e-03 1.553e-03 8.699e-03 -1.000 1.977e-02 -2.741 -4.712 -5.503 -5.900 -6.070 -5.835 -6.021 -6.100 -6.402 -10.882 -14.317 -6.030 -5.834 -6.202 -6.355
0.05 0.59589 10.00000 1.0772802830 2.4877676964    0.744  3.132  3.4934  0.104    8  0.529  0.473   135.24    62.48  0 -1.56e-07      0.00 6.801e-01 3.001e-01 3.083e-03 1.553e-03 8.699e-03 -1.000 1.977e-02 -3.059 -5.070 -5.914 -6.357 -6.543 -6.289 -6.500 -6.573 -6.965 -11.417 -14.859 -6.478 -6.289 -6.747 -6.922
0.05 0.59589 10.00000 1.0772806406 2.4877676964    0.737  3.278  3.4683 -0.147    8  0.530  0.473   232.63    99.38  0 -2.83e-07      0.01 6.801e-01 3.001e-01 3.083e-03 1.553e-03 8.699e-03 -1.000 1.977e-02 -3.426 -5.458 -6.382 -6.867 -7.071 -6.814 -7.033 -7.104 -7.661 -12.074 -15.527 -6.958 -6.812 -7.415 -7.622
0.05 0.59589 10.00000 1.0772809982 2.4877679348    0.729  3.396  3.4478 -0.352    8  0.530  0.473   361.87   144.76  0 -4.54e-07      0.02 6.801e-01 3.001e-01 3.083e-03 1.553e-03 8.699e-03 -1.000 1.977e-02 -3.719 -5.755 -6.741 -7.249 -7.473 -7.238 -7.452 -7.535 -8.299 -12.675 -16.143 -7.314 -7.232 -8.021 -8.266
0.05 0.59589 10.00000 1.0772813559 2.4877679348    0.719  3.469  3.4345 -0.484    8  0.531  0.473   481.69   184.05  0 -6.18e-07      0.04 6.801e-01 3.001e-01 3.083e-03 1.553e-03 8.699e-03 -1.000 1.977e-02 -3.902 -5.935 -6.956 -7.479 -7.725 -7.513 -7.724 -7.827 -8.755 -13.101 -16.583 -7.540 -7.504 -8.451 -8.726
0.05 0.59589 10.00000 1.0772818327 2.4877679348    0.708  3.505  3.4278 -0.554    8  0.531  0.473   561.10   208.22  0 -7.39e-07      0.05 6.801e-01 3.001e-01 3.083e-03 1.553e-03 8.699e-03 -1.000 1.977e-02 -3.993 -6.025 -7.062 -7.592 -7.852 -7.651 -7.862 -7.977 -8.991 -13.320 -16.810 -7.655 -7.641 -8.675 -8.964
0.05 0.59589 10.00000 1.0772823095 2.4877681732    0.696  3.521  3.4253 -0.587    8  0.532  0.473   603.33   219.44  0 -8.26e-07      0.07 6.801e-01 3.001e-01 3.083e-03 1.553e-03 8.699e-03 -1.000 1.977e-02 -4.032 -6.056 -7.101 -7.638 -7.910 -7.717 -7.931 -8.058 -9.154 -13.469 -16.965 -7.708 -7.706 -8.825 -9.128
0.05 0.59589 10.00000 1.0772829056 2.4877681732    0.683  3.529  3.4572 -0.475    8  0.532  0.473   475.48   176.42  0 -1.06e-06      0.10 6.801e-01 3.001e-01 3.083e-03 1.553e-03 8.699e-03 -1.000 1.977e-02 -4.051 -6.035 -7.017 -7.553 -7.840 -7.638 -7.888 -8.062 -9.429 -13.685 -17.207 -7.707 -7.626 -9.079 -9.411
0.05 0.59589 10.00000 1.0772829056 2.4877681732    0.682  3.324  3.4620 -0.253    8  0.532  0.473   294.21   116.39  0 -4.33e-07      0.02 6.801e-01 3.001e-01 3.083e-03 1.553e-03 8.699e-03 -1.000 1.977e-02 -3.541 -5.572 -6.517 -7.017 -7.238 -6.995 -7.219 -7.311 -8.069 -12.436 -15.908 -7.115 -6.991 -7.801 -8.038
0.05 0.59589 10.00000 1.0772830248 2.4877681732    0.679  3.149  3.4929  0.045    8  0.532  0.473   155.01    66.69  0 -2.25e-07      0.01 6.801e-01 3.001e-01 3.083e-03 1.553e-03 8.699e-03 -1.000 1.977e-02 -3.102 -5.113 -5.955 -6.404 -6.597 -6.346 -6.561 -6.644 -7.141 -11.565 -15.017 -6.533 -6.344 -6.912 -7.103
0.05 0.59589 10.00000 1.0772831440 2.4877681732    0.673  3.005  3.5179  0.285    8  0.533  0.473    92.41    42.42  0 -1.31e-07      0.00 6.801e-01 3.001e-01 3.083e-03 1.553e-03 8.699e-03 -1.000 1.977e-02 -2.743 -4.706 -5.487 -5.881 -6.053 -5.823 -6.006 -6.093 -6.460 -10.922 -14.364 -6.015 -5.821 -6.254 -6.416
0.05 0.59589 10.00000 1.0772833824 2.4877681732    0.666  3.043  3.5092  0.208    8  0.533  0.473   109.40    48.71  0 -1.56e-07      0.00 6.801e-01 3.001e-01 3.083e-03 1.553e-03 8.699e-03 -1.000 1.977e-02 -2.837 -4.822 -5.620 -6.033 -6.212 -5.976 -6.170 -6.256 -6.656 -11.108 -14.553 -6.167 -5.975 -6.442 -6.613
0.05 0.59589 10.00000 1.0772836208 2.4877684116    0.657  3.165  3.4845 -0.019    8  0.533  0.473   178.94    73.76  0 -2.59e-07      0.01 6.801e-01 3.001e-01 3.083e-03 1.553e-03 8.699e-03 -1.000 1.977e-02 -3.143 -5.162 -6.032 -6.496 -6.694 -6.437 -6.657 -6.738 -7.281 -11.692 -15.148 -6.615 -6.435 -7.044 -7.244
0.05 0.59589 10.00000 1.0772838593 2.4877684116    0.646  3.306  3.4566 -0.279    8  0.533  0.473   314.78   118.52  0  -4.6e-07      0.03 6.801e-01 3.001e-01 3.083e-03 1.553e-03 8.699e-03 -1.000 1.977e-02 -3.495 -5.525 -6.488 -6.993 -7.218 -6.979 -7.201 -7.294 -8.103 -12.463 -15.938 -7.081 -6.974 -7.825 -8.073
0.05 0.59589 10.00000 1.0772842169 2.4877684116    0.634  3.418  3.4360 -0.482    8  0.534  0.473   490.50   170.70  0 -7.35e-07      0.06 6.801e-01 3.001e-01 3.083e-03 1.553e-03 8.699e-03 -1.000 1.977e-02 -3.774 -5.794 -6.818 -7.346 -7.604 -7.397 -7.615 -7.735 -8.806 -13.121 -16.616 -7.422 -7.387 -8.485 -8.780
0.05 0.59589 10.00000 1.0772846937 2.4877684116    0.619  3.486  3.4275 -0.594    8  0.534  0.473   630.50   206.90  0 -1.03e-06      0.10 6.801e-01 3.001e-01 3.083e-03 1.553e-03 8.699e-03 -1.000 1.977e-02 -3.944 -5.944 -6.997 -7.546 -7.841 -7.658 -7.883 -8.038 -9.337 -13.616 -17.128 -7.643 -7.645 -8.981 -9.316
0.05 0.59589 10.00000 1.0772851706 2.4877686501    0.603  3.517  3.4319 -0.619    8  0.535  0.473   675.68   212.32  0 -1.32e-06      0.21 6.801e-01 3.001e-01 3.083e-03 1.553e-03 8.699e-03 -1.000 1.977e-02 -4.023 -5.942 -7.025 -7.613 -7.981 -7.834 -8.088 -8.323 -10.008 -14.241 -17.782 -7.791 -7.813 -9.576 -9.991
0.05 0.59589 10.00000 1.0772856474 2.4877686501    0.586  3.528  3.4481 -0.578    8  0.535  0.473   632.31   190.84  0 -1.64e-06      0.29 6.801e-01 3.001e-01 3.083e-03 1.553e-03 8.699e-03 -1.000 1.977e-02 -4.050 -5.897 -6.970 -7.579 -7.995 -7.865 -8.153 -8.438 -10.280 -14.502 -18.054 -7.836 -7.837 -9.804 -10.264
0.05 0.59589 10.00000 1.0772862434 2.4877688885    0.567  3.531  3.5282 -0.274    8  0.536  0.473   342.26   103.64  0 -2.41e-06      0.38 6.801e-01 3.001e-01 3.083e-03 1.553e-03 8.699e-03 -1.000 1.977e-02 -4.057 -5.753 -6.613 -7.165 -7.703 -7.759 -8.059 -8.527 -10.729 -14.953 -18.521 -7.645 -7.702 -10.169 -10.710
0.05 0.59589 10.00000 1.0772870779 2.4877688885    0.537 -9.999  4.0000  1.813    9  0.537  0.000     0.00     0.00 -1    -1e-30      0.00 6.801e-01 3.001e-01 3.083e-03 1.553e-03 8.699e-03 -1.000 1.977e-02 29.767 30.004 30.036 30.050 30.062 30.063 30.068 30.074 29.601 29.955 30.025 30.060 30.064 29.670 29.783
#isochrone terminated
