# File generated by CMD 3.3 (http://stev.oapd.inaf.it/cmd) on Wed Apr 22 16:27:25 CEST 2020
# isochrones based on PARSEC release v1.2S +  COLIBRI S_35
# Basic references: Bressan et al. (2012), MNRAS, 427, 127 + Chen et al. (2014, 2015), MNRAS, 444, 2525 + MNRAS, 452, 1068 + Tang et al. (2014), MNRAS, 445, 4287 + Marigo et al. (2017), ApJ, 835, 77 + Pastorelli al. (2019), MNRAS in press
# Thermal pulse cycles included 
# On RGB, assumed Reimers mass loss with efficiency eta=0.2
# Photometric system:  2MASS + Spitzer (IRAC+MIPS) + WISE
# Using YBC version of bolometric corrections as in Chen et al. (2019)
# O-rich circumstellar dpmod60alox40 dust from Groenewegen (2006)
# C-rich circumstellar AMCSIC15 dust from Groenewegen (2006)
# IMF: Kroupa (2001, 2002) + Kroupa et al. (2013) canonical two-part-power law IMF corrected for unresolved binaries 
# Kind of output: isochrone tables
# Zini     MH   logAge Mini        int_IMF         Mass   logL    logTe  logg  label   McoreTP C_O  period0 period1 pmode  Mloss  tau1m   X   Y   Xc  Xn  Xo  Cexcess  Z 	 mbolmag  Jmag    Hmag    Ksmag   IRAC_3.6mag  IRAC_4.5mag  IRAC_5.8mag  IRAC_8.0mag  MIPS_24mag  MIPS_70mag  MIPS_160mag  W1mag   W2mag   W3mag   W4mag
0.05 0.59589 7.00000 0.1000000015 1.1711064577    0.100 -2.086  3.3591  3.912    0  0.000  0.545     0.00     0.00 -1 -3.65e-15      0.00 6.087e-01 3.403e-01 9.173e-03 2.474e-03 2.244e-02 -1.000 5.101e-02 9.984 7.861 7.335 6.966 6.496 6.353 6.281 6.187 5.538 5.493 5.509 6.644 6.357 6.127 5.728
0.05 0.59589 7.00000 0.1199999973 1.3193154335    0.120 -1.972  3.3718  3.928    0  0.000  0.545     0.00     0.00 -1 -4.25e-15      0.00 6.087e-01 3.403e-01 9.173e-03 2.474e-03 2.244e-02 -1.000 5.101e-02 9.700 7.577 7.051 6.683 6.213 6.070 5.998 5.904 5.256 5.211 5.226 6.361 6.074 5.844 5.446
0.05 0.59589 7.00000 0.1230821460 1.3392959833    0.123 -1.956  3.3737  3.931    0  0.000  0.545     0.00     0.00 -1 -4.34e-15      0.00 6.087e-01 3.403e-01 9.173e-03 2.474e-03 2.244e-02 -1.000 5.101e-02 9.659 7.536 7.010 6.641 6.172 6.029 5.957 5.863 5.215 5.170 5.185 6.320 6.033 5.803 5.405
0.05 0.59589 7.00000 0.1400000006 1.4384527206    0.140 -1.872  3.3837  3.943    0  0.000  0.545     0.00     0.00 -1 -4.87e-15      0.00 6.087e-01 3.403e-01 9.173e-03 2.474e-03 2.244e-02 -1.000 5.101e-02 9.450 7.327 6.801 6.432 5.963 5.820 5.749 5.654 5.007 4.962 4.976 6.111 5.825 5.594 5.196
0.05 0.59589 7.00000 0.1471146643 1.4756073952    0.147 -1.840  3.3880  3.949    0  0.000  0.545     0.00     0.00 -1 -5.09e-15      0.00 6.087e-01 3.403e-01 9.173e-03 2.474e-03 2.244e-02 -1.000 5.101e-02 9.369 7.245 6.720 6.351 5.882 5.739 5.668 5.574 4.926 4.881 4.896 6.030 5.744 5.513 5.116
0.05 0.59589 7.00000 0.1609817594 1.5417270660    0.161 -1.782  3.3955  3.961    0  0.000  0.545     0.00     0.00 -1 -5.48e-15      0.00 6.087e-01 3.403e-01 9.173e-03 2.474e-03 2.244e-02 -1.000 5.101e-02 9.225 7.101 6.575 6.207 5.737 5.595 5.524 5.430 4.782 4.738 4.752 5.886 5.600 5.369 4.972
0.05 0.59589 7.00000 0.1720773727 1.5895143747    0.172 -1.733  3.4028  3.970    0  0.000  0.545     0.00     0.00 -1 -5.84e-15      0.00 6.087e-01 3.403e-01 9.173e-03 2.474e-03 2.244e-02 -1.000 5.101e-02 9.102 6.978 6.452 6.084 5.615 5.473 5.402 5.307 4.660 4.616 4.629 5.764 5.478 5.247 4.850
0.05 0.59589 7.00000 0.1772169918 1.6103127003    0.177 -1.712  3.4060  3.975    0  0.000  0.545     0.00     0.00 -1 -6.01e-15      0.00 6.087e-01 3.403e-01 9.173e-03 2.474e-03 2.244e-02 -1.000 5.101e-02 9.051 6.926 6.400 6.033 5.563 5.422 5.351 5.256 4.609 4.565 4.578 5.712 5.426 5.196 4.799
0.05 0.59589 7.00000 0.1912926584 1.6634745598    0.191 -1.662  3.4130  3.985    0  0.000  0.545     0.00     0.00 -1 -6.44e-15      0.00 6.087e-01 3.403e-01 9.173e-03 2.474e-03 2.244e-02 -1.000 5.101e-02 8.924 6.800 6.274 5.906 5.437 5.296 5.225 5.130 4.483 4.439 4.452 5.586 5.300 5.070 4.673
0.05 0.59589 7.00000 0.2093264759 1.7245932817    0.209 -1.605  3.4212  4.000    0  0.000  0.545     0.00     0.00 -1  -6.9e-15      0.00 6.087e-01 3.403e-01 9.173e-03 2.474e-03 2.244e-02 -1.000 5.101e-02 8.781 6.662 6.135 5.774 5.312 5.171 5.102 5.010 4.366 4.323 4.341 5.459 5.176 4.952 4.556
0.05 0.59589 7.00000 0.2249800712 1.7723416090    0.225 -1.554  3.4290  4.012    0  0.000  0.545     0.00     0.00 -1 -7.38e-15      0.00 6.087e-01 3.403e-01 9.173e-03 2.474e-03 2.244e-02 -1.000 5.101e-02 8.655 6.545 6.018 5.668 5.222 5.082 5.017 4.931 4.293 4.252 4.280 5.364 5.086 4.877 4.483
0.05 0.59589 7.00000 0.2417216003 1.8188489676    0.242 -1.506  3.4361  4.024    0  0.000  0.545     0.00     0.00 -1 -7.84e-15      0.00 6.087e-01 3.403e-01 9.173e-03 2.474e-03 2.244e-02 -1.000 5.101e-02 8.536 6.434 5.905 5.567 5.135 4.997 4.936 4.855 4.223 4.185 4.220 5.274 5.002 4.804 4.413
0.05 0.59589 7.00000 0.2653782666 1.8778693676    0.265 -1.447  3.4451  4.041    0  0.000  0.545     0.00     0.00 -1 -8.41e-15      0.00 6.087e-01 3.403e-01 9.173e-03 2.474e-03 2.244e-02 -1.000 5.101e-02 8.387 6.297 5.764 5.441 5.028 4.892 4.835 4.761 4.137 4.102 4.147 5.163 4.897 4.715 4.327
0.05 0.59589 7.00000 0.2874634862 1.9271034002    0.287 -1.393  3.4535  4.055    0  0.000  0.545     0.00     0.00 -1    -9e-15      0.00 6.087e-01 3.403e-01 9.173e-03 2.474e-03 2.244e-02 -1.000 5.101e-02 8.253 6.174 5.636 5.326 4.932 4.799 4.745 4.675 4.059 4.029 4.084 5.062 4.803 4.635 4.249
0.05 0.59589 7.00000 0.3010910451 1.9550938606    0.301 -1.363  3.4583  4.065    0  0.000  0.545     0.00     0.00 -1 -9.33e-15      0.00 6.087e-01 3.403e-01 9.173e-03 2.474e-03 2.244e-02 -1.000 5.101e-02 8.178 6.107 5.564 5.263 4.879 4.747 4.695 4.628 4.017 3.990 4.050 5.006 4.752 4.591 4.207
0.05 0.59589 7.00000 0.3298910260 2.0091717243    0.330 -1.300  3.4679  4.080    0  0.000  0.545     0.00     0.00 -1 -1.01e-14      0.00 6.087e-01 3.403e-01 9.173e-03 2.474e-03 2.244e-02 -1.000 5.101e-02 8.021 5.966 5.408 5.124 4.766 4.640 4.591 4.530 3.929 3.908 3.977 4.890 4.645 4.500 4.119
0.05 0.59589 7.00000 0.3499999940 2.0434174538    0.350 -1.259  3.4744  4.091    0  0.000  0.545     0.00     0.00 -1 -1.07e-14      0.00 6.087e-01 3.403e-01 9.173e-03 2.474e-03 2.244e-02 -1.000 5.101e-02 7.918 5.875 5.304 5.033 4.692 4.570 4.524 4.466 3.871 3.856 3.931 4.813 4.575 4.441 4.061
0.05 0.59589 7.00000 0.3718080223 2.0777783394    0.372 -1.218  3.4810  4.102    0  0.000  0.545     0.00     0.00 -1 -1.12e-14      0.00 6.087e-01 3.403e-01 9.173e-03 2.474e-03 2.244e-02 -1.000 5.101e-02 7.814 5.784 5.201 4.940 4.618 4.500 4.455 4.401 3.814 3.804 3.886 4.735 4.505 4.380 4.003
0.05 0.59589 7.00000 0.4000000060 2.1185026169    0.400 -1.165  3.4895  4.115    0  0.000  0.545     0.00     0.00 -1  -1.2e-14      0.00 6.087e-01 3.403e-01 9.173e-03 2.474e-03 2.244e-02 -1.000 5.101e-02 7.683 5.673 5.071 4.821 4.520 4.408 4.363 4.309 3.732 3.736 3.830 4.630 4.413 4.297 3.922
0.05 0.59589 7.00000 0.4192513227 2.1442263126    0.419 -1.133  3.4947  4.124    0  0.000  0.545     0.00     0.00 -1 -1.25e-14      0.00 6.087e-01 3.403e-01 9.173e-03 2.474e-03 2.244e-02 -1.000 5.101e-02 7.602 5.604 4.989 4.745 4.460 4.354 4.310 4.259 3.688 3.697 3.796 4.567 4.359 4.250 3.877
0.05 0.59589 7.00000 0.4500000179 2.1822810173    0.450 -1.082  3.5028  4.136    0  0.000  0.545     0.00     0.00 -1 -1.34e-14      0.00 6.087e-01 3.403e-01 9.173e-03 2.474e-03 2.244e-02 -1.000 5.101e-02 7.474 5.495 4.860 4.624 4.363 4.269 4.226 4.178 3.617 3.636 3.740 4.465 4.274 4.175 3.807
0.05 0.59589 7.00000 0.4849407673 2.2216191292    0.485 -1.027  3.5118  4.150    0  0.000  0.545     0.00     0.00 -1 -1.44e-14      0.00 6.087e-01 3.403e-01 9.173e-03 2.474e-03 2.244e-02 -1.000 5.101e-02 7.337 5.382 4.724 4.496 4.259 4.179 4.136 4.089 3.540 3.572 3.683 4.354 4.184 4.093 3.730
0.05 0.59589 7.00000 0.5000000596 2.2374544144    0.500 -1.003  3.5156  4.155    0  0.000  0.545     0.00     0.00 -1 -1.49e-14      0.00 6.087e-01 3.403e-01 9.173e-03 2.474e-03 2.244e-02 -1.000 5.101e-02 7.278 5.334 4.667 4.442 4.213 4.140 4.097 4.049 3.506 3.544 3.659 4.305 4.145 4.056 3.695
0.05 0.59589 7.00000 0.5246810317 2.2615270615    0.525 -0.969  3.5214  4.164    0  0.000  0.545     0.00     0.00 -1 -1.56e-14      0.00 6.087e-01 3.403e-01 9.173e-03 2.474e-03 2.244e-02 -1.000 5.101e-02 7.193 5.264 4.584 4.362 4.148 4.085 4.042 3.993 3.458 3.505 3.624 4.235 4.091 4.004 3.648
0.05 0.59589 7.00000 0.5500000119 2.2836582661    0.550 -0.934  3.5271  4.173    0  0.000  0.545     0.00     0.00 -1 -1.63e-14      0.00 6.087e-01 3.403e-01 9.173e-03 2.474e-03 2.244e-02 -1.000 5.101e-02 7.105 5.190 4.498 4.281 4.082 4.030 3.988 3.941 3.414 3.467 3.588 4.165 4.036 3.955 3.604
0.05 0.59589 7.00000 0.5650643110 2.2957491875    0.565 -0.915  3.5303  4.178    0  0.000  0.545     0.00     0.00 -1 -1.67e-14      0.00 6.087e-01 3.403e-01 9.173e-03 2.474e-03 2.244e-02 -1.000 5.101e-02 7.058 5.150 4.451 4.236 4.046 4.001 3.960 3.913 3.391 3.448 3.570 4.127 4.008 3.930 3.581
0.05 0.59589 7.00000 0.5894303322 2.3138096333    0.589 -0.884  3.5354  4.186    0  0.000  0.545     0.00     0.00 -1 -1.74e-14      0.00 6.087e-01 3.403e-01 9.173e-03 2.474e-03 2.244e-02 -1.000 5.101e-02 6.981 5.085 4.377 4.167 3.989 3.955 3.914 3.867 3.353 3.416 3.540 4.065 3.961 3.887 3.543
0.05 0.59589 7.00000 0.6000000238 2.3211214542    0.600 -0.871  3.5375  4.189    0  0.000  0.545     0.00     0.00 -1 -1.77e-14      0.00 6.087e-01 3.403e-01 9.173e-03 2.474e-03 2.244e-02 -1.000 5.101e-02 6.948 5.058 4.346 4.137 3.964 3.935 3.894 3.847 3.337 3.402 3.526 4.039 3.941 3.869 3.526
0.05 0.59589 7.00000 0.6102487445 2.3279337883    0.610 -0.859  3.5397  4.193    0  0.000  0.545     0.00     0.00 -1  -1.8e-14      0.00 6.087e-01 3.403e-01 9.173e-03 2.474e-03 2.244e-02 -1.000 5.101e-02 6.918 5.032 4.317 4.110 3.942 3.917 3.877 3.830 3.324 3.391 3.516 4.015 3.924 3.853 3.513
0.05 0.59589 7.00000 0.6405424476 2.3466124535    0.640 -0.823  3.5460  4.203    0  0.000  0.545     0.00     0.00 -1 -1.89e-14      0.00 6.087e-01 3.403e-01 9.173e-03 2.474e-03 2.244e-02 -1.000 5.101e-02 6.827 4.957 4.234 4.032 3.876 3.864 3.823 3.775 3.279 3.353 3.480 3.943 3.871 3.803 3.468
0.05 0.59589 7.00000 0.6499999762 2.3520355225    0.650 -0.812  3.5478  4.207    0  0.000  0.545     0.00     0.00 -1 -1.91e-14      0.00 6.087e-01 3.403e-01 9.173e-03 2.474e-03 2.244e-02 -1.000 5.101e-02 6.801 4.935 4.210 4.010 3.857 3.849 3.808 3.760 3.267 3.343 3.470 3.923 3.856 3.789 3.456
0.05 0.59589 7.00000 0.6535738707 2.3540377617    0.654 -0.808  3.5486  4.208    0  0.000  0.545     0.00     0.00 -1 -1.92e-14      0.00 6.087e-01 3.403e-01 9.173e-03 2.474e-03 2.244e-02 -1.000 5.101e-02 6.790 4.927 4.201 4.001 3.850 3.843 3.803 3.754 3.262 3.339 3.467 3.915 3.850 3.783 3.451
0.05 0.59589 7.00000 0.6820496321 2.3691332340    0.682 -0.773  3.5549  4.216    0  0.000  0.545     0.00     0.00 -1 -2.02e-14      0.00 6.087e-01 3.403e-01 9.173e-03 2.474e-03 2.244e-02 -1.000 5.101e-02 6.702 4.855 4.124 3.929 3.788 3.793 3.752 3.701 3.218 3.303 3.431 3.847 3.800 3.734 3.408
0.05 0.59589 7.00000 0.6999999881 2.3779268265    0.700 -0.753  3.5585  4.222    0  0.000  0.545     0.00     0.00 -1 -2.08e-14      0.00 6.087e-01 3.403e-01 9.173e-03 2.474e-03 2.244e-02 -1.000 5.101e-02 6.652 4.815 4.082 3.889 3.753 3.765 3.723 3.671 3.194 3.283 3.411 3.809 3.772 3.706 3.383
0.05 0.59589 7.00000 0.7500000000 2.3998889923    0.750 -0.614  3.6059  4.302    0  0.000  0.538     0.00     0.00 -1 -2.52e-14      0.00 6.087e-01 3.403e-01 9.053e-03 2.471e-03 2.244e-02 -1.000 5.101e-02 6.305 4.607 3.902 3.750 3.668 3.732 3.692 3.623 3.198 3.324 3.448 3.687 3.739 3.679 3.387
0.05 0.59589 7.00000 0.7575655580 2.4029231071    0.758 -0.607  3.6070  4.304    0  0.000  0.538     0.00     0.00 -1 -2.55e-14      0.00 6.087e-01 3.403e-01 9.053e-03 2.471e-03 2.244e-02 -1.000 5.101e-02 6.286 4.592 3.888 3.737 3.657 3.721 3.682 3.612 3.188 3.314 3.439 3.675 3.729 3.669 3.377
0.05 0.59589 7.00000 0.7976072431 2.4178848267    0.797 -0.564  3.6130  4.308    0  0.000  0.538     0.00     0.00 -1 -2.72e-14      0.00 6.087e-01 3.403e-01 9.053e-03 2.471e-03 2.244e-02 -1.000 5.101e-02 6.180 4.503 3.808 3.663 3.590 3.657 3.619 3.549 3.129 3.257 3.382 3.605 3.665 3.607 3.318
0.05 0.59589 7.00000 0.8077864647 2.4214174747    0.807 -0.554  3.6145  4.309    0  0.000  0.538     0.00     0.00 -1 -2.77e-14      0.00 6.087e-01 3.403e-01 9.053e-03 2.471e-03 2.244e-02 -1.000 5.101e-02 6.155 4.483 3.789 3.646 3.574 3.643 3.605 3.535 3.115 3.244 3.369 3.589 3.650 3.593 3.304
0.05 0.59589 7.00000 0.8452144861 2.4335694313    0.845 -0.513  3.6200  4.310    0  0.000  0.538     0.00     0.00 -1 -2.97e-14      0.00 6.087e-01 3.403e-01 9.053e-03 2.471e-03 2.244e-02 -1.000 5.101e-02 6.053 4.397 3.709 3.572 3.509 3.579 3.543 3.473 3.056 3.187 3.312 3.521 3.587 3.532 3.245
0.05 0.59589 7.00000 0.8696227670 2.4408495426    0.869 -0.489  3.6234  4.311    0  0.000  0.538     0.00     0.00 -1 -3.09e-14      0.00 6.087e-01 3.403e-01 9.053e-03 2.471e-03 2.244e-02 -1.000 5.101e-02 5.992 4.346 3.664 3.531 3.470 3.542 3.506 3.437 3.021 3.153 3.278 3.481 3.549 3.496 3.210
0.05 0.59589 7.00000 0.8928216696 2.4473464489    0.892 -0.464  3.6267  4.312    0  0.000  0.538     0.00     0.00 -1 -3.23e-14      0.00 6.087e-01 3.403e-01 9.053e-03 2.471e-03 2.244e-02 -1.000 5.101e-02 5.930 4.295 3.619 3.489 3.431 3.503 3.468 3.399 2.984 3.117 3.243 3.441 3.510 3.459 3.173
0.05 0.59589 7.00000 0.9191539288 2.4542655945    0.918 -0.439  3.6302  4.313    0  0.000  0.538     0.00     0.00 -1 -3.36e-14      0.00 6.087e-01 3.403e-01 9.053e-03 2.471e-03 2.244e-02 -1.000 5.101e-02 5.868 4.243 3.573 3.447 3.392 3.465 3.431 3.362 2.948 3.082 3.208 3.401 3.472 3.422 3.136
0.05 0.59589 7.00000 0.9404288530 2.4595315456    0.940 -0.415  3.6333  4.312    0  0.000  0.538     0.00     0.00 -1 -3.52e-14      0.00 6.087e-01 3.403e-01 9.053e-03 2.471e-03 2.244e-02 -1.000 5.101e-02 5.808 4.193 3.532 3.407 3.354 3.426 3.393 3.325 2.911 3.046 3.172 3.362 3.433 3.385 3.100
0.05 0.59589 7.00000 0.9880360961 2.4703762531    0.988 -0.368  3.6398  4.312    0  0.000  0.538     0.00     0.00 -1 -3.83e-14      0.00 6.087e-01 3.403e-01 9.053e-03 2.471e-03 2.244e-02 -1.000 5.101e-02 5.691 4.095 3.451 3.331 3.281 3.352 3.320 3.253 2.840 2.977 3.104 3.287 3.359 3.314 3.029
0.05 0.59589 7.00000 1.0356432199 2.4800825119    1.035 -0.315  3.6466  4.307    0  0.000  0.538     0.00     0.00 -1 -4.04e-14      0.00 6.087e-01 3.403e-01 9.053e-03 2.471e-03 2.244e-02 -1.000 5.101e-02 5.558 3.983 3.361 3.246 3.196 3.266 3.236 3.171 2.758 2.896 3.024 3.202 3.272 3.231 2.947
0.05 0.59589 7.00000 1.0832505226 2.4888141155    1.082 -0.267  3.6533  4.304    0  0.000  0.538     0.00     0.00 -1  -4.1e-14      0.00 6.087e-01 3.403e-01 9.053e-03 2.471e-03 2.244e-02 -1.000 5.101e-02 5.436 3.882 3.281 3.170 3.123 3.190 3.162 3.099 2.686 2.824 2.953 3.128 3.196 3.159 2.875
0.05 0.59589 7.00000 1.1105356216 2.4934322834    1.110 -0.238  3.6573  4.302    0  0.000  0.538     0.00     0.00 -1 -4.13e-14      0.00 6.087e-01 3.403e-01 9.053e-03 2.471e-03 2.244e-02 -1.000 5.101e-02 5.365 3.822 3.235 3.126 3.080 3.146 3.118 3.057 2.645 2.783 2.912 3.084 3.152 3.117 2.833
0.05 0.59589 7.00000 1.1308577061 2.4967057705    1.130 -0.214  3.6605  4.300    0  0.000  0.538     0.00     0.00 -1 -4.19e-14      0.00 6.087e-01 3.403e-01 9.053e-03 2.471e-03 2.244e-02 -1.000 5.101e-02 5.306 3.773 3.196 3.090 3.044 3.108 3.082 3.022 2.609 2.748 2.877 3.048 3.114 3.082 2.798
0.05 0.59589 7.00000 1.1784650087 2.5038688183    1.178 -0.166  3.6676  4.297    0  0.000  0.538     0.00     0.00 -1 -4.22e-14      0.00 6.087e-01 3.403e-01 9.053e-03 2.471e-03 2.244e-02 -1.000 5.101e-02 5.184 3.672 3.119 3.016 2.971 3.033 3.009 2.951 2.539 2.678 2.808 2.975 3.039 3.011 2.728
0.05 0.59589 7.00000 1.2114450932 2.5084531307    1.211 -0.130  3.6727  4.294    0  0.000  0.538     0.00     0.00 -1 -4.22e-14      0.00 6.087e-01 3.403e-01 9.053e-03 2.471e-03 2.244e-02 -1.000 5.101e-02 5.094 3.597 3.061 2.961 2.917 2.977 2.954 2.898 2.486 2.625 2.756 2.921 2.983 2.958 2.674
0.05 0.59589 7.00000 1.2260721922 2.5103957653    1.225 -0.110  3.6754  4.290    0  0.000  0.538     0.00     0.00 -1 -4.28e-14      0.00 6.087e-01 3.403e-01 9.053e-03 2.471e-03 2.244e-02 -1.000 5.101e-02 5.045 3.556 3.029 2.930 2.887 2.946 2.923 2.868 2.456 2.595 2.726 2.890 2.951 2.928 2.645
0.05 0.59589 7.00000 1.2736792564 2.5163648129    1.273 -0.049  3.6838  4.279    0  0.000  0.538     0.00     0.00 -1  -4.4e-14      0.00 6.087e-01 3.403e-01 9.053e-03 2.471e-03 2.244e-02 -1.000 5.101e-02 4.894 3.430 2.929 2.835 2.794 2.849 2.829 2.777 2.364 2.505 2.636 2.797 2.855 2.837 2.553
0.05 0.59589 7.00000 1.2852915525 2.5177438259    1.285 -0.035  3.6857  4.277    0  0.000  0.538     0.00     0.00 -1  -4.4e-14      0.00 6.087e-01 3.403e-01 9.053e-03 2.471e-03 2.244e-02 -1.000 5.101e-02 4.858 3.401 2.905 2.813 2.772 2.826 2.806 2.755 2.343 2.483 2.615 2.775 2.832 2.815 2.531
0.05 0.59589 7.00000 1.3212866783 2.5218420029    1.321  0.012  3.6921  4.267    0  0.000  0.538     0.00     0.00 -1 -4.46e-14      0.00 6.087e-01 3.403e-01 9.053e-03 2.471e-03 2.244e-02 -1.000 5.101e-02 4.739 3.303 2.826 2.738 2.698 2.750 2.731 2.682 2.270 2.412 2.544 2.701 2.755 2.742 2.459
0.05 0.59589 7.00000 1.3615401983 2.5261311531    1.361  0.067  3.6993  4.255    0  0.000  0.538     0.00     0.00 -1  -4.5e-14      0.00 6.087e-01 3.403e-01 9.053e-03 2.471e-03 2.244e-02 -1.000 5.101e-02 4.603 3.190 2.735 2.651 2.613 2.662 2.644 2.597 2.186 2.327 2.460 2.615 2.667 2.657 2.374
0.05 0.59589 7.00000 1.3688938618 2.5268833637    1.369  0.077  3.7007  4.252    0  0.000  0.538     0.00     0.00 -1 -4.51e-14      0.00 6.087e-01 3.403e-01 9.053e-03 2.471e-03 2.244e-02 -1.000 5.101e-02 4.577 3.169 2.718 2.634 2.596 2.645 2.627 2.581 2.169 2.311 2.444 2.599 2.650 2.641 2.358
0.05 0.59589 7.00000 1.3748816252 2.5274889469    1.375  0.086  3.7018  4.250    0  0.000  0.538     0.00     0.00 -1 -4.51e-14      0.00 6.087e-01 3.403e-01 9.053e-03 2.471e-03 2.244e-02 -1.000 5.101e-02 4.556 3.152 2.704 2.621 2.583 2.631 2.614 2.568 2.156 2.298 2.431 2.585 2.636 2.628 2.345
0.05 0.59589 7.00000 1.4165010452 2.5315370560    1.416  0.151  3.7100  4.230    0  0.000  0.538     0.00     0.00 -1  -4.6e-14      0.00 6.087e-01 3.403e-01 9.053e-03 2.471e-03 2.244e-02 -1.000 5.101e-02 4.393 3.017 2.592 2.513 2.478 2.523 2.507 2.463 2.052 2.194 2.327 2.480 2.527 2.524 2.241
0.05 0.59589 7.00000 1.4540638924 2.5349624157    1.454  0.214  3.7177  4.209    0  0.000  0.538     0.00     0.00 -1 -4.62e-14      0.00 6.087e-01 3.403e-01 9.053e-03 2.471e-03 2.244e-02 -1.000 5.101e-02 4.235 2.887 2.482 2.407 2.374 2.417 2.402 2.361 1.949 2.092 2.225 2.376 2.421 2.421 2.138
0.05 0.59589 7.00000 1.4641082287 2.5358443260    1.464  0.232  3.7198  4.203    0  0.000  0.538     0.00     0.00 -1 -4.65e-14      0.00 6.087e-01 3.403e-01 9.053e-03 2.471e-03 2.244e-02 -1.000 5.101e-02 4.190 2.850 2.451 2.377 2.345 2.387 2.372 2.331 1.920 2.063 2.196 2.346 2.391 2.391 2.109
0.05 0.59589 7.00000 1.5010366440 2.5389699936    1.501  0.303  3.7278  4.174    0  0.000  0.538     0.00     0.00 -1 -4.65e-14      0.00 6.087e-01 3.403e-01 9.053e-03 2.471e-03 2.244e-02 -1.000 5.101e-02 4.012 2.701 2.323 2.253 2.223 2.263 2.249 2.210 1.799 1.942 2.076 2.224 2.267 2.271 1.988
0.05 0.59589 7.00000 1.5117155313 2.5398411751    1.511  0.326  3.7303  4.165    0  0.000  0.538     0.00     0.00 -1 -4.69e-14      0.00 6.087e-01 3.403e-01 9.053e-03 2.471e-03 2.244e-02 -1.000 5.101e-02 3.955 2.653 2.282 2.213 2.184 2.223 2.209 2.171 1.760 1.904 2.037 2.185 2.227 2.232 1.949
0.05 0.59589 7.00000 1.5286542177 2.5411942005    1.528  0.363  3.7343  4.148    0  0.000  0.538     0.00     0.00 -1 -4.62e-14      0.00 6.087e-01 3.403e-01 9.053e-03 2.471e-03 2.244e-02 -1.000 5.101e-02 3.863 2.576 2.215 2.148 2.120 2.158 2.145 2.108 1.697 1.840 1.973 2.121 2.161 2.168 1.886
0.05 0.59589 7.00000 1.5570170879 2.5433845520    1.556  0.432  3.7414  4.116    0  0.000  0.538     0.00     0.00 -1 -4.63e-14      0.00 6.087e-01 3.403e-01 9.053e-03 2.471e-03 2.244e-02 -1.000 5.101e-02 3.690 2.431 2.088 2.025 2.000 2.035 2.023 1.988 1.576 1.722 1.855 2.000 2.038 2.042 1.765
0.05 0.59589 7.00000 1.5593228340 2.5435585976    1.559  0.438  3.7420  4.113    0  0.000  0.538     0.00     0.00 -1 -4.64e-14      0.00 6.087e-01 3.403e-01 9.053e-03 2.471e-03 2.244e-02 -1.000 5.101e-02 3.675 2.419 2.077 2.015 1.989 2.025 2.012 1.978 1.565 1.712 1.845 1.990 2.028 2.028 1.754
0.05 0.59589 7.00000 1.5767486095 2.5448548794    1.576  0.484  3.7466  4.089    0  0.000  0.538     0.00     0.00 -1 -4.41e-14      0.00 6.087e-01 3.403e-01 9.053e-03 2.471e-03 2.244e-02 -1.000 5.101e-02 3.559 2.322 1.992 1.932 1.908 1.943 1.931 1.898 1.480 1.640 1.767 1.909 1.946 1.918 1.668
0.05 0.59589 7.00000 1.5964416265 2.5462808609    1.596  0.542  3.7522  4.060    0  0.000  0.538     0.00     0.00 -1 -4.23e-14      0.00 6.087e-01 3.403e-01 9.053e-03 2.471e-03 2.244e-02 -1.000 5.101e-02 3.416 2.203 1.888 1.830 1.809 1.842 1.830 1.799 1.375 1.550 1.672 1.809 1.845 1.783 1.563
0.05 0.59589 7.00000 1.6069297791 2.5470237732    1.606  0.574  3.7553  4.043    0  0.000  0.538     0.00     0.00 -1 -4.17e-14      0.00 6.087e-01 3.403e-01 9.053e-03 2.471e-03 2.244e-02 -1.000 5.101e-02 3.336 2.137 1.829 1.774 1.753 1.785 1.773 1.743 1.316 1.499 1.618 1.753 1.788 1.707 1.504
0.05 0.59589 7.00000 1.6202667952 2.5479526520    1.619  0.616  3.7596  4.022    0  0.000  0.538     0.00     0.00 -1 -3.38e-16      0.00 6.087e-01 3.403e-01 9.053e-03 2.471e-03 2.244e-02 -1.000 5.101e-02 3.230 2.050 1.752 1.699 1.680 1.711 1.699 1.671 1.239 1.433 1.548 1.680 1.713 1.608 1.426
0.05 0.59589 7.00000 1.6403297186 2.5493173599    1.639  0.681  3.7664  3.990    0  0.000  0.538     0.00     0.00 -1 -2.53e-19      0.00 6.087e-01 3.403e-01 9.053e-03 2.471e-03 2.244e-02 -1.000 5.101e-02 3.068 1.919 1.638 1.588 1.572 1.600 1.589 1.564 1.125 1.337 1.445 1.572 1.602 1.456 1.311
0.05 0.59589 7.00000 1.6545372009 2.5502607822    1.653  0.727  3.7716  3.968    0  0.000  0.538     0.00     0.00 -1 -1.59e-21      0.00 6.087e-01 3.403e-01 9.053e-03 2.471e-03 2.244e-02 -1.000 5.101e-02 2.953 1.828 1.559 1.512 1.497 1.523 1.513 1.491 1.046 1.272 1.375 1.497 1.526 1.350 1.232
0.05 0.59589 7.00000 1.6696571112 2.5512444973    1.668  0.776  3.7775  3.947    0  0.000  0.538     0.00     0.00 -1 -2.71e-22      0.00 6.087e-01 3.403e-01 9.053e-03 2.471e-03 2.244e-02 -1.000 5.101e-02 2.831 1.734 1.480 1.435 1.423 1.446 1.437 1.417 0.966 1.208 1.305 1.423 1.448 1.238 1.152
0.05 0.59589 7.00000 1.6881265640 2.5524187088    1.687  0.834  3.7853  3.924    0  0.000  0.538     0.00     0.00 -1 -3.14e-23      0.00 6.087e-01 3.403e-01 9.052e-03 2.471e-03 2.244e-02 -1.000 5.101e-02 2.685 1.626 1.390 1.348 1.338 1.358 1.350 1.334 0.875 1.138 1.227 1.338 1.360 1.104 1.060
0.05 0.59589 7.00000 1.7021443844 2.5532903671    1.701  0.878  3.7919  3.911    0  0.000  0.538     0.00     0.00 -1 -6.15e-24      0.00 6.087e-01 3.403e-01 9.052e-03 2.471e-03 2.244e-02 -1.000 5.101e-02 2.576 1.550 1.330 1.290 1.281 1.298 1.291 1.278 0.812 1.093 1.175 1.281 1.300 1.006 0.996
0.05 0.59589 7.00000 1.7152743340 2.5540921688    1.714  0.917  3.7987  3.902    0  0.000  0.538     0.00     0.00 -1 -8.04e-26      0.00 6.087e-01 3.403e-01 9.052e-03 2.471e-03 2.244e-02 -1.000 5.101e-02 2.478 1.487 1.282 1.245 1.238 1.252 1.246 1.235 0.762 1.061 1.136 1.238 1.253 0.919 0.946
0.05 0.59589 7.00000 1.7310730219 2.5550382137    1.729  0.960  3.8077  3.899    0  0.000  0.538     0.00     0.00 -1 -4.46e-28      0.00 6.087e-01 3.403e-01 9.052e-03 2.471e-03 2.244e-02 -1.000 5.101e-02 2.369 1.427 1.242 1.208 1.203 1.213 1.208 1.201 0.719 1.042 1.107 1.203 1.214 0.827 0.901
0.05 0.59589 7.00000 1.7497515678 2.5561313629    1.748  1.002  3.8191  3.907    0  0.000  0.538     0.00     0.00 -1    -1e-30      0.00 6.087e-01 3.403e-01 9.052e-03 2.471e-03 2.244e-02 -1.000 5.101e-02 2.266 1.383 1.221 1.191 1.188 1.193 1.190 1.186 0.699 1.036 1.096 1.187 1.194 0.779 0.881
0.05 0.59589 7.00000 1.7515139580 2.5562331676    1.750  1.005  3.8202  3.908    0  0.000  0.538     0.00     0.00 -1    -1e-30      0.00 6.087e-01 3.403e-01 9.052e-03 2.471e-03 2.244e-02 -1.000 5.101e-02 2.256 1.379 1.220 1.190 1.187 1.192 1.189 1.185 0.698 1.035 1.096 1.186 1.193 0.778 0.880
0.05 0.59589 7.00000 1.7631026506 2.5568964481    1.761  1.010  3.8256  3.928    0  0.000  0.538     0.00     0.00 -1    -1e-30      0.00 6.087e-01 3.403e-01 9.052e-03 2.471e-03 2.244e-02 -1.000 5.101e-02 2.244 1.395 1.246 1.217 1.215 1.218 1.216 1.214 0.727 1.065 1.125 1.214 1.219 0.807 0.909
0.05 0.59589 7.00000 1.7835456133 2.5580422878    1.782  1.004  3.8333  3.970    0  0.000  0.538     0.00     0.00 -1    -1e-30      0.00 6.087e-01 3.403e-01 9.052e-03 2.471e-03 2.244e-02 -1.000 5.101e-02 2.259 1.450 1.315 1.287 1.286 1.288 1.286 1.286 0.799 1.138 1.199 1.285 1.288 0.879 0.981
0.05 0.59589 7.00000 1.7973587513 2.5587997437    1.796  0.981  3.8348  4.003    0  0.000  0.538     0.00     0.00 -1    -1e-30      0.00 6.087e-01 3.403e-01 9.052e-03 2.471e-03 2.244e-02 -1.000 5.101e-02 2.319 1.518 1.385 1.358 1.357 1.359 1.358 1.357 0.871 1.209 1.271 1.356 1.359 0.950 1.053
0.05 0.59589 7.00000 1.7979310751 2.5588307381    1.796  0.979  3.8349  4.005    0  0.000  0.538     0.00     0.00 -1    -1e-30      0.00 6.087e-01 3.403e-01 9.052e-03 2.471e-03 2.244e-02 -1.000 5.101e-02 2.321 1.521 1.388 1.361 1.360 1.362 1.361 1.360 0.874 1.212 1.274 1.360 1.362 0.953 1.056
0.05 0.59589 7.00000 1.8103276491 2.5594987869    1.809  0.949  3.8343  4.035    0  0.000  0.538     0.00     0.00 -1    -1e-30      0.00 6.087e-01 3.403e-01 9.052e-03 2.471e-03 2.244e-02 -1.000 5.101e-02 2.397 1.594 1.459 1.433 1.432 1.433 1.432 1.432 0.946 1.284 1.345 1.431 1.434 1.025 1.128
0.05 0.59589 7.00000 1.8222967386 2.5601336956    1.820  0.918  3.8326  4.063    0  0.000  0.538     0.00     0.00 -1    -1e-30      0.00 6.087e-01 3.403e-01 9.052e-03 2.471e-03 2.244e-02 -1.000 5.101e-02 2.476 1.663 1.525 1.498 1.497 1.499 1.498 1.497 1.011 1.349 1.411 1.497 1.500 1.090 1.193
0.05 0.59589 7.00000 1.8350069523 2.5607976913    1.833  0.888  3.8303  4.087    0  0.000  0.538     0.00     0.00 -1    -1e-30      0.00 6.087e-01 3.403e-01 9.052e-03 2.471e-03 2.244e-02 -1.000 5.101e-02 2.551 1.726 1.583 1.556 1.555 1.558 1.557 1.555 1.069 1.407 1.468 1.555 1.558 1.148 1.251
0.05 0.59589 7.00000 1.8449659348 2.5613105297    1.843  0.871  3.8288  4.100    0  0.000  0.538     0.00     0.00 -1    -1e-30      0.00 6.087e-01 3.403e-01 9.052e-03 2.471e-03 2.244e-02 -1.000 5.101e-02 2.592 1.759 1.613 1.586 1.585 1.588 1.587 1.585 1.099 1.437 1.498 1.585 1.589 1.178 1.281
0.05 0.59589 7.00000 1.8624235392 2.5621941090    1.861  0.857  3.8273  4.112    0  0.000  0.538     0.00     0.00 -1    -1e-30      0.00 6.087e-01 3.403e-01 9.052e-03 2.471e-03 2.244e-02 -1.000 5.101e-02 2.627 1.786 1.637 1.610 1.609 1.613 1.611 1.609 1.122 1.460 1.521 1.608 1.613 1.202 1.304
0.05 0.59589 7.00000 1.8838447332 2.5632529259    1.882  0.862  3.8271  4.111    0  0.000  0.538     0.00     0.00 -1    -1e-30      0.00 6.087e-01 3.403e-01 9.052e-03 2.471e-03 2.244e-02 -1.000 5.101e-02 2.615 1.774 1.625 1.597 1.596 1.600 1.598 1.596 1.109 1.447 1.508 1.595 1.600 1.189 1.291
0.05 0.59589 7.00000 1.8955013752 2.5638175011    1.894  0.877  3.8287  4.105    0  0.000  0.538     0.00     0.00 -1    -1e-30      0.00 6.087e-01 3.403e-01 9.052e-03 2.471e-03 2.244e-02 -1.000 5.101e-02 2.576 1.743 1.597 1.570 1.569 1.572 1.571 1.569 1.083 1.420 1.481 1.568 1.573 1.162 1.265
0.05 0.59589 7.00000 1.9460365772 2.5661754608    1.945  0.941  3.8364  4.083    0  0.000  0.538     0.00     0.00 -1    -1e-30      0.00 6.088e-01 3.403e-01 9.049e-03 2.471e-03 2.244e-02 -1.000 5.098e-02 2.417 1.625 1.493 1.467 1.466 1.468 1.467 1.467 0.981 1.319 1.381 1.466 1.468 1.060 1.163
0.05 0.59589 7.00000 1.9793056250 2.5676522255    1.978  0.983  3.8423  4.072    0  0.000  0.538     0.00     0.00 -1    -1e-30      0.00 6.088e-01 3.403e-01 9.049e-03 2.471e-03 2.244e-02 -1.000 5.097e-02 2.312 1.552 1.431 1.406 1.406 1.406 1.406 1.406 0.921 1.260 1.321 1.405 1.406 0.999 1.103
0.05 0.59589 7.00000 1.9965720177 2.5683965683    1.996  1.004  3.8458  4.070    0  0.000  0.538     0.00     0.00 -1    -1e-30      0.00 6.088e-01 3.403e-01 9.049e-03 2.471e-03 2.244e-02 -1.000 5.097e-02 2.261 1.520 1.406 1.381 1.381 1.380 1.380 1.381 0.896 1.235 1.297 1.380 1.381 0.974 1.078
0.05 0.59589 7.00000 2.0404617786 2.5702233315    2.039  1.055  3.8545  4.062    0  0.000  0.538     0.00     0.00 -1    -1e-30      0.00 6.088e-01 3.402e-01 9.049e-03 2.471e-03 2.244e-02 -1.000 5.100e-02 2.133 1.439 1.341 1.317 1.317 1.316 1.316 1.318 0.833 1.173 1.235 1.316 1.316 0.911 1.015
0.05 0.59589 7.00000 2.0471072197 2.5704920292    2.046  1.062  3.8559  4.062    0  0.000  0.538     0.00     0.00 -1    -1e-30      0.00 6.088e-01 3.402e-01 9.049e-03 2.471e-03 2.244e-02 -1.000 5.100e-02 2.114 1.428 1.333 1.309 1.309 1.308 1.308 1.310 0.825 1.165 1.227 1.308 1.308 0.903 1.007
0.05 0.59589 7.00000 2.0976424217 2.5724718571    2.096  1.120  3.8678  4.063    0  0.000  0.538     0.00     0.00 -1    -1e-30      0.00 6.088e-01 3.402e-01 9.049e-03 2.471e-03 2.244e-02 -1.000 5.100e-02 1.969 1.351 1.276 1.254 1.254 1.253 1.253 1.256 0.772 1.112 1.175 1.254 1.253 0.849 0.954
0.05 0.59589 7.00000 2.1481778622 2.5743451118    2.146  1.176  3.8797  4.064    0  0.000  0.538     0.00     0.00 -1    -1e-30      0.00 6.088e-01 3.402e-01 9.047e-03 2.471e-03 2.244e-02 -1.000 5.099e-02 1.829 1.280 1.224 1.203 1.204 1.202 1.203 1.206 0.722 1.064 1.126 1.203 1.202 0.799 0.904
0.05 0.59589 7.00000 2.1521708965 2.5744886398    2.150  1.181  3.8807  4.064    0  0.000  0.537     0.00     0.00 -1    -1e-30      0.00 6.088e-01 3.402e-01 9.047e-03 2.471e-03 2.244e-02 -1.000 5.099e-02 1.817 1.274 1.219 1.198 1.199 1.198 1.198 1.201 0.718 1.059 1.122 1.199 1.198 0.794 0.900
0.05 0.59589 7.00000 2.1987133026 2.5761194229    2.197  1.244  3.8970  4.076    0  0.000  0.537     0.00     0.00 -1    -1e-30      0.00 6.088e-01 3.402e-01 9.046e-03 2.471e-03 2.244e-02 -1.000 5.099e-02 1.661 1.216 1.185 1.166 1.167 1.166 1.167 1.170 0.687 1.030 1.093 1.167 1.166 0.763 0.869
0.05 0.59589 7.00000 2.1999819279 2.5761628151    2.198  1.245  3.8974  4.076    0  0.000  0.537     0.00     0.00 -1    -1e-30      0.00 6.088e-01 3.402e-01 9.046e-03 2.471e-03 2.244e-02 -1.000 5.099e-02 1.657 1.215 1.184 1.165 1.167 1.165 1.166 1.169 0.686 1.029 1.093 1.166 1.165 0.762 0.868
0.05 0.59589 7.00000 2.2492485046 2.5778024197    2.247  1.315  3.9163  4.092    0  0.000  0.537     0.00     0.00 -1    -1e-30      0.00 6.088e-01 3.402e-01 9.046e-03 2.471e-03 2.244e-02 -1.000 5.101e-02 1.483 1.161 1.153 1.136 1.138 1.137 1.138 1.141 0.660 1.004 1.068 1.138 1.138 0.734 0.842
0.05 0.59589 7.00000 2.2782804966 2.5787305832    2.276  1.375  3.9352  4.113    0  0.000  0.537     0.00     0.00 -1    -1e-30      0.00 6.088e-01 3.402e-01 9.046e-03 2.471e-03 2.244e-02 -1.000 5.098e-02 1.333 1.132 1.142 1.128 1.133 1.133 1.134 1.137 0.656 1.002 1.066 1.132 1.133 0.730 0.838
0.05 0.59589 7.00000 2.2960278988 2.5792846680    2.294  1.401  3.9452  4.130    0  0.000  0.537     0.00     0.00 -1    -1e-30      0.00 6.088e-01 3.402e-01 9.046e-03 2.471e-03 2.244e-02 -1.000 5.098e-02 1.266 1.131 1.149 1.137 1.143 1.143 1.145 1.149 0.668 1.014 1.079 1.142 1.143 0.741 0.850
0.05 0.59589 7.00000 2.2997837067 2.5794007778    2.298  1.404  3.9466  4.133    0  0.000  0.537     0.00     0.00 -1    -1e-30      0.00 6.088e-01 3.402e-01 9.046e-03 2.471e-03 2.244e-02 -1.000 5.098e-02 1.259 1.133 1.153 1.141 1.147 1.147 1.149 1.152 0.672 1.018 1.083 1.145 1.147 0.745 0.854
0.05 0.59589 7.00000 2.3503189087 2.5809202194    2.348  1.459  3.9688  4.177    0  0.000  0.537     0.00     0.00 -1    -1e-30      0.00 6.088e-01 3.402e-01 9.046e-03 2.471e-03 2.244e-02 -1.000 5.098e-02 1.124 1.145 1.179 1.171 1.180 1.181 1.183 1.187 0.708 1.055 1.121 1.178 1.181 0.780 0.890
0.05 0.59589 7.00000 2.3562660217 2.5810940266    2.354  1.466  3.9715  4.182    0  0.000  0.537     0.00     0.00 -1    -1e-30      0.00 6.088e-01 3.402e-01 9.046e-03 2.471e-03 2.244e-02 -1.000 5.098e-02 1.106 1.146 1.181 1.174 1.183 1.184 1.186 1.191 0.711 1.058 1.124 1.181 1.184 0.784 0.893
0.05 0.59589 7.00000 2.4010984898 2.5823731422    2.399  1.482  3.9770  4.196    0  0.000  0.537     0.00     0.00 -1    -1e-30      0.00 6.088e-01 3.402e-01 9.047e-03 2.471e-03 2.244e-02 -1.000 5.099e-02 1.065 1.142 1.180 1.175 1.184 1.185 1.188 1.192 0.713 1.060 1.126 1.182 1.185 0.785 0.895
0.05 0.59589 7.00000 2.4097971916 2.5826151371    2.407  1.494  3.9783  4.190    0  0.000  0.538     0.00     0.00 -1    -1e-30      0.00 6.088e-01 3.402e-01 9.048e-03 2.471e-03 2.244e-02 -1.000 5.099e-02 1.034 1.120 1.158 1.154 1.163 1.164 1.167 1.171 0.692 1.040 1.106 1.162 1.165 0.764 0.874
0.05 0.59589 7.00000 2.4158649445 2.5827825069    2.414  1.499  3.9771  4.182    0  0.000  0.538     0.00     0.00 -1    -1e-30      0.00 6.088e-01 3.402e-01 9.048e-03 2.471e-03 2.244e-02 -1.000 5.099e-02 1.023 1.101 1.138 1.133 1.143 1.144 1.147 1.151 0.672 1.019 1.085 1.141 1.144 0.744 0.854
0.05 0.59589 7.00000 2.4262187481 2.5830662251    2.424  1.498  3.9731  4.169    0  0.000  0.538     0.00     0.00 -1    -1e-30      0.00 6.088e-01 3.402e-01 9.050e-03 2.471e-03 2.244e-02 -1.000 5.099e-02 1.026 1.077 1.112 1.106 1.115 1.116 1.119 1.123 0.644 0.991 1.057 1.114 1.116 0.716 0.826
0.05 0.59589 7.00000 2.4289095402 2.5831394196    2.427  1.500  3.9725  4.165    0  0.000  0.538     0.00     0.00 -1    -1e-30      0.00 6.088e-01 3.402e-01 9.050e-03 2.471e-03 2.244e-02 -1.000 5.100e-02 1.021 1.067 1.102 1.096 1.105 1.106 1.108 1.113 0.633 0.981 1.046 1.103 1.106 0.706 0.815
0.05 0.59589 7.00000 2.4319787025 2.5832226276    2.430  1.509  3.9731  4.159    0  0.000  0.538     0.00     0.00 -1    -1e-30      0.00 6.088e-01 3.402e-01 9.050e-03 2.471e-03 2.244e-02 -1.000 5.100e-02 0.998 1.049 1.085 1.079 1.087 1.088 1.091 1.095 0.616 0.963 1.029 1.086 1.089 0.688 0.798
0.05 0.59589 7.00000 2.4415299892 2.5834805965    2.439  1.524  3.9706  4.136    0  0.000  0.538     0.00     0.00 -1    -1e-30      0.00 6.087e-01 3.403e-01 9.051e-03 2.471e-03 2.244e-02 -1.000 5.100e-02 0.960 0.995 1.029 1.023 1.031 1.032 1.034 1.039 0.559 0.906 0.972 1.030 1.032 0.632 0.741
0.05 0.59589 7.00000 2.4469459057 2.5836255550    2.445  1.526  3.9668  4.119    0  0.000  0.538     0.00     0.00 -1    -1e-30      0.00 6.087e-01 3.403e-01 9.052e-03 2.471e-03 2.244e-02 -1.000 5.100e-02 0.954 0.964 0.996 0.988 0.996 0.997 0.999 1.004 0.524 0.871 0.937 0.995 0.997 0.596 0.706
0.05 0.59589 7.00000 2.4501285553 2.5837106705    2.448  1.516  3.9618  4.109    0  0.000  0.538     0.00     0.00 -1    -1e-30      0.00 6.087e-01 3.403e-01 9.052e-03 2.471e-03 2.244e-02 -1.000 5.101e-02 0.979 0.954 0.983 0.975 0.982 0.983 0.985 0.989 0.509 0.856 0.921 0.981 0.983 0.582 0.691
0.05 0.59589 7.00000 2.4513897896 2.5837442875    2.449  1.511  3.9595  4.105    0  0.000  0.538     0.00     0.00 -1    -1e-30      0.00 6.087e-01 3.403e-01 9.053e-03 2.471e-03 2.244e-02 -1.000 5.101e-02 0.991 0.951 0.979 0.970 0.977 0.978 0.980 0.984 0.504 0.851 0.916 0.976 0.978 0.577 0.686
0.05 0.59589 7.00000 2.4614214897 2.5840098858    2.459  1.534  3.9669  4.114    0  0.000  0.538     0.00     0.00 -1    -1e-30      0.00 6.087e-01 3.403e-01 9.053e-03 2.471e-03 2.244e-02 -1.000 5.101e-02 0.936 0.945 0.977 0.970 0.978 0.978 0.981 0.985 0.505 0.852 0.918 0.976 0.979 0.578 0.687
0.05 0.59589 7.00000 2.4735531807 2.5843281746    2.471  1.559  3.9761  4.128    0  0.000  0.538     0.00     0.00 -1    -1e-30      0.00 6.087e-01 3.403e-01 9.053e-03 2.471e-03 2.244e-02 -1.000 5.101e-02 0.872 0.944 0.981 0.975 0.984 0.985 0.988 0.992 0.513 0.860 0.926 0.983 0.986 0.585 0.695
0.05 0.59589 7.00000 2.5016217232 2.5850503445    2.500  1.583  3.9900  4.165    0  0.000  0.538     0.00     0.00 -1    -1e-30      0.00 6.087e-01 3.403e-01 9.053e-03 2.471e-03 2.244e-02 -1.000 5.101e-02 0.812 0.980 1.023 1.021 1.033 1.034 1.037 1.042 0.563 0.911 0.978 1.031 1.035 0.635 0.745
0.05 0.59589 7.00000 2.5150482655 2.5853893757    2.513  1.570  3.9906  4.182    0  0.000  0.538     0.00     0.00 -1    -1e-30      0.00 6.087e-01 3.403e-01 9.053e-03 2.471e-03 2.244e-02 -1.000 5.100e-02 0.845 1.016 1.059 1.058 1.069 1.071 1.074 1.079 0.600 0.948 1.015 1.068 1.071 0.672 0.782
0.05 0.59589 7.00000 2.5193672180 2.5854976177    2.517  1.556  3.9879  4.187    0  0.000  0.538     0.00     0.00 -1    -1e-30      0.00 6.087e-01 3.403e-01 9.053e-03 2.471e-03 2.244e-02 -1.000 5.100e-02 0.881 1.033 1.076 1.073 1.084 1.086 1.089 1.093 0.615 0.963 1.029 1.083 1.086 0.687 0.797
0.05 0.59589 7.00000 2.5233316422 2.5855965614    2.521  1.541  3.9849  4.191    0  0.000  0.538     0.00     0.00 -1    -1e-30      0.00 6.087e-01 3.403e-01 9.053e-03 2.471e-03 2.244e-02 -1.000 5.100e-02 0.918 1.050 1.091 1.088 1.099 1.100 1.103 1.108 0.629 0.976 1.043 1.097 1.101 0.701 0.811
0.05 0.59589 7.00000 2.5356040001 2.5859005451    2.534  1.536  3.9840  4.194    0  0.000  0.538     0.00     0.00 -1    -1e-30      0.00 6.087e-01 3.403e-01 9.053e-03 2.471e-03 2.244e-02 -1.000 5.100e-02 0.930 1.056 1.097 1.093 1.104 1.105 1.108 1.112 0.633 0.981 1.048 1.102 1.105 0.705 0.815
0.05 0.59589 7.00000 2.5443701744 2.5861155987    2.543  1.551  3.9866  4.190    0  0.000  0.538     0.00     0.00 -1    -1e-30      0.00 6.087e-01 3.403e-01 9.053e-03 2.471e-03 2.244e-02 -1.000 5.100e-02 0.891 1.035 1.076 1.074 1.084 1.086 1.089 1.093 0.615 0.963 1.029 1.083 1.086 0.687 0.797
0.05 0.59589 7.00000 2.5509335995 2.5862753391    2.549  1.574  3.9909  4.186    0  0.000  0.538     0.00     0.00 -1    -1e-30      0.00 6.087e-01 3.403e-01 9.053e-03 2.471e-03 2.244e-02 -1.000 5.100e-02 0.836 1.009 1.053 1.051 1.063 1.064 1.068 1.072 0.593 0.942 1.009 1.061 1.065 0.665 0.775
0.05 0.59589 7.00000 2.5575938225 2.5864367485    2.556  1.593  3.9952  4.185    0  0.000  0.538     0.00     0.00 -1    -1e-30      0.00 6.087e-01 3.403e-01 9.053e-03 2.471e-03 2.244e-02 -1.000 5.100e-02 0.787 0.990 1.035 1.035 1.047 1.049 1.052 1.057 0.579 0.927 0.994 1.045 1.049 0.650 0.761
0.05 0.59589 7.00000 2.5680034161 2.5866868496    2.566  1.611  3.9999  4.188    0  0.000  0.538     0.00     0.00 -1    -1e-30      0.00 6.087e-01 3.403e-01 9.053e-03 2.471e-03 2.244e-02 -1.000 5.100e-02 0.743 0.979 1.026 1.027 1.040 1.042 1.046 1.051 0.573 0.922 0.989 1.038 1.043 0.644 0.755
0.05 0.59589 7.00000 2.5954377651 2.5873351097    2.594  1.607  4.0024  4.207    0  0.000  0.538     0.00     0.00 -1    -1e-30      0.00 6.087e-01 3.403e-01 9.053e-03 2.471e-03 2.244e-02 -1.000 5.101e-02 0.752 1.007 1.054 1.056 1.070 1.073 1.076 1.081 0.604 0.953 1.020 1.068 1.073 0.675 0.786
0.05 0.59589 7.00000 2.6174819469 2.5878448486    2.616  1.609  4.0036  4.213    0  0.000  0.538     0.00     0.00 -1    -1e-30      0.00 6.087e-01 3.403e-01 9.053e-03 2.471e-03 2.244e-02 -1.000 5.101e-02 0.748 1.011 1.059 1.061 1.075 1.078 1.082 1.087 0.609 0.959 1.026 1.074 1.079 0.680 0.791
0.05 0.59589 7.00000 2.6535310745 2.5886571407    2.652  1.633  4.0081  4.213    0  0.000  0.538     0.00     0.00 -1    -1e-30      0.00 6.087e-01 3.403e-01 9.053e-03 2.471e-03 2.244e-02 -1.000 5.101e-02 0.687 0.983 1.033 1.036 1.051 1.054 1.058 1.063 0.586 0.936 1.003 1.049 1.055 0.657 0.768
0.05 0.59589 7.00000 2.8556723595 2.5927789211    2.855  1.764  4.0317  4.208    0  0.000  0.538     0.00     0.00 -1    -1e-30      0.00 6.087e-01 3.403e-01 9.053e-03 2.471e-03 2.244e-02 -1.000 5.101e-02 0.359 0.818 0.876 0.886 0.907 0.912 0.917 0.924 0.450 0.802 0.870 0.904 0.912 0.519 0.632
0.05 0.59589 7.00000 3.0578136444 2.5962805748    3.056  1.887  4.0537  4.203    0  0.000  0.538     0.00     0.00 -1    -1e-30      0.00 6.087e-01 3.403e-01 9.053e-03 2.471e-03 2.244e-02 -1.000 5.101e-02 0.052 0.657 0.722 0.738 0.765 0.771 0.778 0.786 0.316 0.670 0.739 0.762 0.772 0.382 0.498
0.05 0.59589 7.00000 3.2599549294 2.5992872715    3.258  2.000  4.0738  4.198    1  0.000  0.538     0.00     0.00 -1    -1e-30      0.00 6.087e-01 3.403e-01 9.053e-03 2.471e-03 2.244e-02 -1.000 5.101e-02 -0.230 0.511 0.581 0.602 0.633 0.641 0.650 0.659 0.192 0.549 0.619 0.630 0.642 0.256 0.374
0.05 0.59589 7.00000 3.4620962143 2.6018941402    3.459  2.107  4.0925  4.192    1  0.000  0.538     0.00     0.00 -1    -1e-30      0.00 6.087e-01 3.403e-01 9.053e-03 2.471e-03 2.244e-02 -1.000 5.101e-02 -0.497 0.370 0.445 0.471 0.505 0.515 0.524 0.535 0.072 0.431 0.502 0.502 0.516 0.133 0.254
0.05 0.59589 7.00000 3.6642372608 2.6041729450    3.661  2.205  4.1097  4.187    1  0.000  0.538     0.00     0.00 -1    -1e-30      0.00 6.087e-01 3.403e-01 9.053e-03 2.471e-03 2.244e-02 -1.000 5.101e-02 -0.744 0.240 0.320 0.348 0.387 0.397 0.407 0.420 -0.041 0.320 0.392 0.383 0.399 0.018 0.141
0.05 0.59589 7.00000 3.7208623886 2.6047604084    3.718  2.232  4.1143  4.185    1  0.000  0.538     0.00     0.00 -1    -1e-30      0.00 6.087e-01 3.403e-01 9.053e-03 2.471e-03 2.244e-02 -1.000 5.101e-02 -0.810 0.205 0.286 0.315 0.354 0.365 0.376 0.388 -0.072 0.289 0.362 0.350 0.367 -0.013 0.110
0.05 0.59589 7.00000 3.8663783073 2.6061799526    3.864  2.299  4.1258  4.181    1  0.000  0.538     0.00     0.00 -1    -1e-30      0.00 6.087e-01 3.403e-01 9.053e-03 2.471e-03 2.244e-02 -1.000 5.101e-02 -0.977 0.117 0.200 0.232 0.273 0.285 0.296 0.309 -0.150 0.213 0.285 0.269 0.286 -0.091 0.032
0.05 0.59589 7.00000 3.9430422783 2.6068794727    3.941  2.333  4.1317  4.179    1  0.000  0.538     0.00     0.00 -1    -1e-30      0.00 6.087e-01 3.403e-01 9.053e-03 2.471e-03 2.244e-02 -1.000 5.101e-02 -1.063 0.072 0.156 0.189 0.231 0.243 0.255 0.269 -0.190 0.173 0.246 0.227 0.245 -0.132 -0.008
0.05 0.59589 7.00000 4.0685195923 2.6079592705    4.067  2.388  4.1410  4.175    1  0.000  0.538     0.00     0.00 -1    -1e-30      0.00 6.087e-01 3.403e-01 9.053e-03 2.471e-03 2.244e-02 -1.000 5.101e-02 -1.200 -0.001 0.085 0.120 0.164 0.177 0.189 0.203 -0.254 0.109 0.183 0.159 0.178 -0.197 -0.072
0.05 0.59589 7.00000 4.2706608772 2.6095461845    4.267  2.472  4.1552  4.169    1  0.000  0.538     0.00     0.00 -1    -1e-30      0.00 6.087e-01 3.403e-01 9.053e-03 2.471e-03 2.244e-02 -1.000 5.101e-02 -1.411 -0.113 -0.024 0.014 0.060 0.074 0.087 0.102 -0.353 0.011 0.085 0.055 0.075 -0.298 -0.172
0.05 0.59589 7.00000 4.3880009651 2.6103909016    4.384  2.519  4.1630  4.165    1  0.000  0.538     0.00     0.00 -1    -1e-30      0.00 6.087e-01 3.403e-01 9.053e-03 2.471e-03 2.244e-02 -1.000 5.101e-02 -1.528 -0.175 -0.084 -0.046 0.002 0.016 0.029 0.045 -0.409 -0.044 0.030 -0.003 0.018 -0.354 -0.227
0.05 0.59589 7.00000 4.4728021622 2.6109695435    4.469  2.552  4.1686  4.162    1  0.000  0.538     0.00     0.00 -1    -1e-30      0.00 6.087e-01 3.403e-01 9.053e-03 2.471e-03 2.244e-02 -1.000 5.101e-02 -1.611 -0.220 -0.128 -0.088 -0.039 -0.025 -0.011 0.005 -0.448 -0.084 -0.009 -0.044 -0.023 -0.394 -0.267
0.05 0.59589 7.00000 4.6749429703 2.6122522354    4.672  2.629  4.1812  4.156    1  0.000  0.538     0.00     0.00 -1    -1e-30      0.00 6.087e-01 3.403e-01 9.053e-03 2.471e-03 2.244e-02 -1.000 5.101e-02 -1.801 -0.322 -0.227 -0.185 -0.134 -0.119 -0.105 -0.088 -0.539 -0.174 -0.099 -0.139 -0.117 -0.486 -0.358
0.05 0.59589 7.00000 4.7172875404 2.6125049591    4.714  2.644  4.1838  4.154    1  0.000  0.538     0.00     0.00 -1    -1e-30      0.00 6.087e-01 3.403e-01 9.053e-03 2.471e-03 2.244e-02 -1.000 5.101e-02 -1.840 -0.343 -0.247 -0.205 -0.153 -0.138 -0.124 -0.107 -0.558 -0.193 -0.118 -0.159 -0.136 -0.505 -0.376
0.05 0.59589 7.00000 4.8770847321 2.6134133339    4.875  2.702  4.1932  4.149    1  0.000  0.538     0.00     0.00 -1    -1e-30      0.00 6.087e-01 3.403e-01 9.053e-03 2.471e-03 2.244e-02 -1.000 5.101e-02 -1.984 -0.420 -0.323 -0.279 -0.226 -0.210 -0.195 -0.178 -0.628 -0.262 -0.187 -0.231 -0.208 -0.576 -0.446
0.05 0.59589 7.00000 4.9586195946 2.6138508320    4.956  2.730  4.1979  4.146    1  0.000  0.538     0.00     0.00 -1    -1e-30      0.00 6.087e-01 3.403e-01 9.053e-03 2.471e-03 2.244e-02 -1.000 5.101e-02 -2.056 -0.459 -0.361 -0.316 -0.262 -0.246 -0.231 -0.213 -0.663 -0.296 -0.222 -0.268 -0.244 -0.611 -0.481
0.05 0.59589 7.00000 5.0792264938 2.6144688129    5.078  2.772  4.2046  4.142    1  0.000  0.538     0.00     0.00 -1    -1e-30      0.00 6.087e-01 3.403e-01 9.053e-03 2.471e-03 2.244e-02 -1.000 5.101e-02 -2.160 -0.516 -0.416 -0.370 -0.315 -0.298 -0.283 -0.265 -0.714 -0.347 -0.273 -0.320 -0.296 -0.662 -0.532
0.05 0.59589 7.00000 5.1596164703 2.6148622036    5.158  2.799  4.2090  4.140    1  0.000  0.538     0.00     0.00 -1    -1e-30      0.00 6.087e-01 3.403e-01 9.053e-03 2.471e-03 2.244e-02 -1.000 5.101e-02 -2.227 -0.552 -0.452 -0.405 -0.349 -0.333 -0.317 -0.298 -0.747 -0.380 -0.307 -0.355 -0.331 -0.696 -0.565
0.05 0.59589 7.00000 5.2813673019 2.6154317856    5.281  2.839  4.2154  4.135    1  0.000  0.538     0.00     0.00 -1    -1e-30      0.00 6.087e-01 3.403e-01 9.053e-03 2.471e-03 2.244e-02 -1.000 5.101e-02 -2.328 -0.608 -0.506 -0.458 -0.401 -0.384 -0.368 -0.349 -0.796 -0.429 -0.357 -0.407 -0.382 -0.746 -0.615
0.05 0.59589 7.00000 5.4835081100 2.6163136959    5.483  2.904  4.2257  4.128    1  0.000  0.538     0.00     0.00 -1    -1e-30      0.00 6.087e-01 3.403e-01 9.053e-03 2.471e-03 2.244e-02 -1.000 5.101e-02 -2.489 -0.697 -0.593 -0.543 -0.484 -0.466 -0.450 -0.430 -0.877 -0.510 -0.439 -0.490 -0.464 -0.827 -0.695
0.05 0.59589 7.00000 5.5524287224 2.6165976524    5.552  2.925  4.2290  4.126    1  0.000  0.538     0.00     0.00 -1    -1e-30      0.00 6.087e-01 3.403e-01 9.053e-03 2.471e-03 2.244e-02 -1.000 5.101e-02 -2.542 -0.727 -0.622 -0.572 -0.512 -0.494 -0.477 -0.458 -0.904 -0.536 -0.467 -0.518 -0.492 -0.854 -0.722
0.05 0.59589 7.00000 5.6856498718 2.6171240807    5.686  2.966  4.2355  4.121    1  0.000  0.538     0.00     0.00 -1    -1e-30      0.00 6.087e-01 3.403e-01 9.053e-03 2.471e-03 2.244e-02 -1.000 5.101e-02 -2.645 -0.784 -0.678 -0.626 -0.566 -0.547 -0.530 -0.510 -0.955 -0.588 -0.520 -0.572 -0.545 -0.906 -0.774
0.05 0.59589 7.00000 5.8877906799 2.6178705692    5.888  3.026  4.2448  4.113    1  0.000  0.538     0.00     0.00 -1    -1e-30      0.00 6.087e-01 3.403e-01 9.053e-03 2.471e-03 2.244e-02 -1.000 5.101e-02 -2.795 -0.869 -0.761 -0.708 -0.645 -0.626 -0.608 -0.588 -1.032 -0.666 -0.600 -0.652 -0.624 -0.984 -0.850
0.05 0.59589 7.00000 6.0899319649 2.6185603142    6.089  3.084  4.2537  4.105    1  0.000  0.538     0.00     0.00 -1    -1e-30      0.00 6.087e-01 3.403e-01 9.053e-03 2.471e-03 2.244e-02 -1.000 5.101e-02 -2.941 -0.953 -0.843 -0.788 -0.724 -0.704 -0.686 -0.665 -1.108 -0.742 -0.678 -0.730 -0.702 -1.060 -0.926
0.05 0.59589 7.00000 6.0944323540 2.6185750961    6.094  3.086  4.2539  4.105    1  0.000  0.538     0.00     0.00 -1    -1e-30      0.00 6.087e-01 3.403e-01 9.053e-03 2.471e-03 2.244e-02 -1.000 5.101e-02 -2.944 -0.955 -0.845 -0.790 -0.726 -0.706 -0.687 -0.666 -1.109 -0.744 -0.680 -0.732 -0.704 -1.062 -0.928
0.05 0.59589 7.00000 6.2876834869 2.6191861629    6.286  3.140  4.2621  4.097    1  0.000  0.538     0.00     0.00 -1    -1e-30      0.00 6.087e-01 3.403e-01 9.053e-03 2.471e-03 2.244e-02 -1.000 5.101e-02 -3.079 -1.032 -0.920 -0.864 -0.798 -0.778 -0.759 -0.737 -1.179 -0.815 -0.752 -0.805 -0.775 -1.132 -0.997
0.05 0.59589 7.00000 6.4854354858 2.6197681427    6.481  3.192  4.2700  4.089    1  0.000  0.538     0.00     0.00 -1    -1e-30      0.00 6.087e-01 3.403e-01 9.053e-03 2.471e-03 2.244e-02 -1.000 5.101e-02 -3.211 -1.109 -0.996 -0.938 -0.870 -0.850 -0.830 -0.808 -1.249 -0.885 -0.824 -0.877 -0.847 -1.203 -1.067
0.05 0.59589 7.00000 6.8947801590 2.6208519936    6.887  3.297  4.2853  4.072    1  0.000  0.538     0.00     0.00 -1    -1e-30      0.00 6.087e-01 3.403e-01 9.053e-03 2.471e-03 2.244e-02 -1.000 5.101e-02 -3.472 -1.264 -1.147 -1.086 -1.015 -0.993 -0.973 -0.949 -1.388 -1.027 -0.967 -1.023 -0.991 -1.343 -1.207
0.05 0.59589 7.00000 7.0786905289 2.6212921143    7.070  3.342  4.2919  4.065    1  0.000  0.538     0.00     0.00 -1    -1e-30      0.00 6.087e-01 3.403e-01 9.053e-03 2.471e-03 2.244e-02 -1.000 5.101e-02 -3.586 -1.333 -1.214 -1.152 -1.080 -1.057 -1.036 -1.012 -1.450 -1.089 -1.029 -1.087 -1.055 -1.406 -1.269
0.05 0.59589 7.00000 7.4426164627 2.6220901012    7.436  3.429  4.3040  4.049    1  0.000  0.538     0.00     0.00 -1    -1e-30      0.00 6.087e-01 3.403e-01 9.053e-03 2.471e-03 2.244e-02 -1.000 5.101e-02 -3.802 -1.465 -1.344 -1.279 -1.204 -1.180 -1.159 -1.133 -1.570 -1.209 -1.149 -1.212 -1.178 -1.526 -1.388
0.05 0.59589 7.00000 7.9960966110 2.6231448650    7.992  3.555  4.3209  4.022    1  0.000  0.538     0.00     0.00 -1    -1e-30      0.00 6.087e-01 3.403e-01 9.053e-03 2.471e-03 2.244e-02 -1.000 5.101e-02 -4.117 -1.665 -1.539 -1.471 -1.391 -1.366 -1.343 -1.316 -1.750 -1.390 -1.328 -1.400 -1.363 -1.708 -1.568
0.05 0.59589 7.00000 8.0674486160 2.6232688427    8.064  3.571  4.3230  4.018    1  0.000  0.538     0.00     0.00 -1    -1e-30      0.00 6.087e-01 3.403e-01 9.053e-03 2.471e-03 2.244e-02 -1.000 5.101e-02 -4.156 -1.690 -1.564 -1.496 -1.416 -1.390 -1.367 -1.340 -1.774 -1.413 -1.351 -1.424 -1.387 -1.732 -1.592
0.05 0.59589 7.00000 8.5212545395 2.6240015030    8.515  3.666  4.3350  3.994    1  0.000  0.538     0.00     0.00 -1    -1e-30      0.00 6.087e-01 3.403e-01 9.053e-03 2.471e-03 2.244e-02 -1.000 5.101e-02 -4.395 -1.848 -1.719 -1.649 -1.565 -1.538 -1.514 -1.486 -1.918 -1.557 -1.493 -1.574 -1.535 -1.877 -1.736
0.05 0.59589 7.00000 8.8723783493 2.6245095730    8.864  3.738  4.3436  3.974    1  0.000  0.538     0.00     0.00 -1    -1e-30      0.00 6.087e-01 3.403e-01 9.053e-03 2.471e-03 2.244e-02 -1.000 5.101e-02 -4.575 -1.971 -1.841 -1.769 -1.683 -1.655 -1.630 -1.601 -2.032 -1.670 -1.605 -1.692 -1.652 -1.992 -1.850
0.05 0.59589 7.00000 9.0562076569 2.6247577667    9.048  3.775  4.3478  3.962    1  0.000  0.538     0.00     0.00 -1    -1e-30      0.00 6.087e-01 3.403e-01 9.053e-03 2.471e-03 2.244e-02 -1.000 5.101e-02 -4.668 -2.036 -1.905 -1.832 -1.745 -1.717 -1.691 -1.662 -2.092 -1.729 -1.664 -1.754 -1.714 -2.053 -1.910
0.05 0.59589 7.00000 9.3554353714 2.6251375675    9.349  3.833  4.3541  3.944    1  0.000  0.538     0.00     0.00 -1    -1e-30      0.00 6.087e-01 3.403e-01 9.053e-03 2.471e-03 2.244e-02 -1.000 5.101e-02 -4.812 -2.139 -2.007 -1.932 -1.844 -1.815 -1.789 -1.759 -2.188 -1.824 -1.758 -1.853 -1.811 -2.149 -2.006
0.05 0.59589 7.00000 9.7160139084 2.6255598068    9.711  3.901  4.3611  3.921    1  0.000  0.538     0.00     0.00 -1    -1e-30      0.00 6.087e-01 3.403e-01 9.053e-03 2.471e-03 2.244e-02 -1.000 5.101e-02 -4.983 -2.264 -2.130 -2.055 -1.964 -1.934 -1.908 -1.877 -2.305 -1.941 -1.874 -1.973 -1.931 -2.267 -2.123
0.05 0.59589 7.00000 10.0449657440 2.6259148121   10.041  3.962  4.3669  3.897    1  0.000  0.538     0.00     0.00 -1    -1e-30      0.00 6.087e-01 3.403e-01 9.053e-03 2.471e-03 2.244e-02 -1.000 5.101e-02 -5.136 -2.381 -2.246 -2.169 -2.078 -2.047 -2.020 -1.989 -2.416 -2.050 -1.983 -2.087 -2.044 -2.379 -2.234
0.05 0.59589 7.00000 10.0624418259 2.6259329319   10.059  3.966  4.3672  3.896    1  0.000  0.538     0.00     0.00 -1    -1e-30      0.00 6.087e-01 3.403e-01 9.053e-03 2.471e-03 2.244e-02 -1.000 5.101e-02 -5.144 -2.387 -2.252 -2.175 -2.083 -2.053 -2.026 -1.995 -2.422 -2.056 -1.988 -2.093 -2.050 -2.384 -2.240
0.05 0.59589 7.00000 10.3678216934 2.6262378693   10.365  4.020  4.3717  3.873    1  0.000  0.538     0.00     0.00 -1    -1e-30      0.00 6.087e-01 3.403e-01 9.053e-03 2.471e-03 2.244e-02 -1.000 5.101e-02 -5.280 -2.494 -2.359 -2.281 -2.188 -2.157 -2.130 -2.099 -2.525 -2.158 -2.090 -2.198 -2.154 -2.488 -2.343
0.05 0.59589 7.00000 10.7025432587 2.6265494823   10.702  4.079  4.3760  3.845    1  0.000  0.538     0.00     0.00 -1    -1e-30      0.00 6.087e-01 3.403e-01 9.053e-03 2.471e-03 2.244e-02 -1.000 5.101e-02 -5.427 -2.615 -2.479 -2.400 -2.306 -2.275 -2.248 -2.216 -2.641 -2.274 -2.205 -2.316 -2.272 -2.605 -2.460
0.05 0.59589 7.00000 11.0337247849 2.6268365383   11.034  4.137  4.3796  3.815    1  0.000  0.538     0.00     0.00 -1    -1e-30      0.00 6.087e-01 3.403e-01 9.053e-03 2.471e-03 2.244e-02 -1.000 5.101e-02 -5.572 -2.738 -2.601 -2.522 -2.427 -2.396 -2.368 -2.336 -2.761 -2.392 -2.323 -2.437 -2.392 -2.724 -2.579
0.05 0.59589 7.00000 11.2576742172 2.6270196438   11.257  4.174  4.3816  3.794    1  0.000  0.538     0.00     0.00 -1 -1.14e-30      0.00 6.087e-01 3.403e-01 9.053e-03 2.471e-03 2.244e-02 -1.000 5.101e-02 -5.665 -2.819 -2.682 -2.603 -2.508 -2.476 -2.448 -2.416 -2.841 -2.472 -2.402 -2.518 -2.473 -2.805 -2.659
0.05 0.59589 7.00000 11.5522260666 2.6272480488   11.552  4.223  4.3835  3.764    1  0.000  0.538     0.00     0.00 -1 -1.36e-30      0.00 6.087e-01 3.403e-01 9.053e-03 2.471e-03 2.244e-02 -1.000 5.101e-02 -5.787 -2.930 -2.793 -2.714 -2.618 -2.586 -2.558 -2.526 -2.950 -2.580 -2.510 -2.628 -2.583 -2.914 -2.768
0.05 0.59589 7.00000 11.9048757553 2.6275045872   11.903  4.281  4.3847  3.724    1  0.000  0.538     0.00     0.00 -1 -1.66e-30      0.00 6.087e-01 3.403e-01 9.054e-03 2.471e-03 2.244e-02 -1.000 5.101e-02 -5.932 -3.070 -2.933 -2.853 -2.758 -2.726 -2.697 -2.665 -3.089 -2.719 -2.648 -2.768 -2.722 -3.053 -2.907
0.05 0.59589 7.00000 12.0224828720 2.6275863647   12.021  4.300  4.3849  3.709    1  0.000  0.538     0.00     0.00 -1 -1.77e-30      0.00 6.087e-01 3.403e-01 9.054e-03 2.471e-03 2.244e-02 -1.000 5.101e-02 -5.981 -3.118 -2.981 -2.901 -2.805 -2.774 -2.745 -2.713 -3.136 -2.766 -2.695 -2.815 -2.770 -3.101 -2.955
0.05 0.59589 7.00000 12.3683891296 2.6278162003   12.346  4.352  4.3841  3.666    1  0.000  0.539     0.00     0.00 -1 -2.24e-26      0.00 6.087e-01 3.403e-01 9.076e-03 2.472e-03 2.244e-02 -1.000 5.101e-02 -6.111 -3.256 -3.119 -3.039 -2.944 -2.912 -2.884 -2.851 -3.275 -2.904 -2.833 -2.954 -2.909 -3.239 -3.093
0.05 0.59589 7.00000 12.7218980789 2.6280364990   12.675  4.405  4.3820  3.616    1  0.000  0.541     0.00     0.00 -1 -2.64e-22      0.00 6.087e-01 3.403e-01 9.098e-03 2.472e-03 2.244e-02 -1.000 5.101e-02 -6.243 -3.404 -3.268 -3.188 -3.093 -3.061 -3.033 -3.000 -3.424 -3.053 -2.982 -3.103 -3.058 -3.389 -3.242
0.05 0.59589 7.00000 13.0240917206 2.6282138824   12.955  4.450  4.3790  3.568    1  0.000  0.542     0.00     0.00 -1 -6.46e-19      0.00 6.087e-01 3.403e-01 9.116e-03 2.473e-03 2.244e-02 -1.000 5.101e-02 -6.355 -3.539 -3.403 -3.323 -3.229 -3.197 -3.169 -3.137 -3.560 -3.189 -3.118 -3.239 -3.194 -3.525 -3.378
0.05 0.59589 7.00000 13.3940000534 2.6284184456   13.267  4.504  4.3722  3.498    1  0.000  0.543     0.00     0.00 -1 -2.23e-14      0.00 6.087e-01 3.403e-01 9.138e-03 2.473e-03 2.244e-02 -1.000 5.101e-02 -6.489 -3.720 -3.586 -3.507 -3.414 -3.382 -3.354 -3.323 -3.746 -3.376 -3.305 -3.423 -3.379 -3.711 -3.564
0.05 0.59589 7.00000 13.6562623978 2.6285557747   13.453  4.540  4.3649  3.439    1  0.000  0.544     0.00     0.00 -1 -1.96e-11      0.00 6.087e-01 3.403e-01 9.153e-03 2.474e-03 2.244e-02 -1.000 5.101e-02 -6.580 -3.863 -3.730 -3.652 -3.560 -3.530 -3.502 -3.471 -3.895 -3.525 -3.455 -3.570 -3.527 -3.859 -3.713
0.05 0.59589 7.00000 13.8821830750 2.6286695004   13.573  4.569  4.3567  3.380    1  0.000  0.545     0.00     0.00 -1 -1.76e-08      0.00 6.087e-01 3.403e-01 9.166e-03 2.474e-03 2.244e-02 -1.000 5.101e-02 -6.653 -3.855 -3.760 -3.734 -3.768 -3.862 -3.887 -4.192 -5.268 -7.829 -8.073 -3.758 -3.849 -4.491 -5.199
0.05 0.59589 7.00000 14.0000000000 2.6287269592   13.626  4.584  4.3515  3.347    0  0.000  0.545     0.00     0.00 -1 -3.26e-07      0.00 6.087e-01 3.403e-01 9.173e-03 2.474e-03 2.244e-02 -1.000 5.101e-02 -6.690 -3.892 -3.797 -3.771 -3.805 -3.899 -3.924 -4.229 -5.305 -7.866 -8.110 -3.795 -3.886 -4.528 -5.236
0.05 0.59589 7.00000 14.0335350037 2.6287431717   13.646  4.588  4.3503  3.338    0  0.000  0.545     0.00     0.00 -1 -3.49e-07      0.00 6.087e-01 3.403e-01 9.173e-03 2.474e-03 2.244e-02 -1.000 5.101e-02 -6.700 -3.902 -3.807 -3.781 -3.816 -3.910 -3.935 -4.239 -5.315 -7.877 -8.120 -3.805 -3.896 -4.538 -5.246
0.05 0.59589 7.00000 14.2114610672 2.6288275719   13.747  4.610  4.3422  3.287    0  0.000  0.545     0.00     0.00 -1 -3.85e-07      0.00 6.087e-01 3.403e-01 9.173e-03 2.474e-03 2.244e-02 -1.000 5.101e-02 -6.756 -3.958 -3.863 -3.837 -3.871 -3.965 -3.990 -4.295 -5.371 -7.932 -8.176 -3.861 -3.952 -4.594 -5.302
0.05 0.59589 7.00000 14.3753042221 2.6289031506   13.831  4.631  4.3332  3.232    0  0.000  0.545     0.00     0.00 -1 -4.14e-07      0.00 6.087e-01 3.403e-01 9.173e-03 2.474e-03 2.244e-02 -1.000 5.101e-02 -6.808 -4.010 -3.915 -3.890 -3.924 -4.018 -4.043 -4.348 -5.423 -7.985 -8.229 -3.914 -4.004 -4.647 -5.354
0.05 0.59589 7.00000 14.5256280899 2.6289708614   13.901  4.651  4.3239  3.178    0  0.000  0.545     0.00     0.00 -1 -4.44e-07      0.00 6.087e-01 3.403e-01 9.173e-03 2.474e-03 2.244e-02 -1.000 5.101e-02 -6.857 -4.059 -3.964 -3.938 -3.972 -4.066 -4.091 -4.396 -5.472 -8.034 -8.277 -3.962 -4.053 -4.695 -5.403
0.05 0.59589 7.00000 14.6665534973 2.6290328503   13.962  4.669  4.3147  3.124    0  0.000  0.545     0.00     0.00 -1 -4.75e-07      0.00 6.087e-01 3.403e-01 9.173e-03 2.474e-03 2.244e-02 -1.000 5.101e-02 -6.903 -4.105 -4.010 -3.984 -4.019 -4.113 -4.138 -4.442 -5.518 -8.080 -8.323 -4.009 -4.099 -4.741 -5.449
0.05 0.59589 7.00000 14.8154191971 2.6290967464   14.018  4.690  4.3060  3.071    0  0.000  0.545     0.00     0.00 -1 -5.13e-07      0.00 6.087e-01 3.403e-01 9.173e-03 2.474e-03 2.244e-02 -1.000 5.101e-02 -6.955 -4.157 -4.062 -4.036 -4.070 -4.164 -4.189 -4.494 -5.570 -8.131 -8.375 -4.060 -4.151 -4.793 -5.501
0.05 0.59589 7.00000 15.0316581726 2.6291871071   14.084  4.728  4.3075  3.041    0  0.000  0.545     0.00     0.00 -1 -6.24e-07      0.00 6.087e-01 3.403e-01 9.173e-03 2.474e-03 2.244e-02 -1.000 5.101e-02 -7.051 -4.253 -4.158 -4.132 -4.166 -4.260 -4.285 -4.590 -5.666 -8.227 -8.471 -4.156 -4.247 -4.889 -5.597
0.05 0.59589 7.00000 15.0685834885 2.6292021275   14.093  4.741  4.3156  3.061    0  0.000  0.545     0.00     0.00 -1 -6.77e-07      0.00 6.087e-01 3.403e-01 9.173e-03 2.474e-03 2.244e-02 -1.000 5.101e-02 -7.081 -4.283 -4.188 -4.163 -4.197 -4.291 -4.316 -4.621 -5.696 -8.258 -8.502 -4.187 -4.277 -4.920 -5.627
0.05 0.59589 7.00000 15.0813217163 2.6292073727   14.095  4.753  4.3256  3.089    0  0.000  0.545     0.00     0.00 -1 -7.36e-07      0.00 6.087e-01 3.403e-01 9.173e-03 2.474e-03 2.244e-02 -1.000 5.101e-02 -7.112 -4.314 -4.218 -4.193 -4.227 -4.321 -4.346 -4.651 -5.726 -8.288 -8.532 -4.217 -4.308 -4.950 -5.658
0.05 0.59589 7.00000 15.0878791809 2.6292099953   14.095  4.772  4.3375  3.118    0  0.000  0.545     0.00     0.00 -1 -8.31e-07      0.00 6.087e-01 3.403e-01 9.173e-03 2.474e-03 2.244e-02 -1.000 5.101e-02 -7.159 -4.361 -4.266 -4.240 -4.274 -4.368 -4.393 -4.698 -5.774 -8.335 -8.579 -4.264 -4.355 -4.997 -5.705
0.05 0.59589 7.00000 15.0903701782 2.6292111874   14.095  4.790  4.3463  3.134    0  0.000  0.545     0.00     0.00 -1 -9.36e-07      0.00 6.087e-01 3.403e-01 9.173e-03 2.474e-03 2.244e-02 -1.000 5.101e-02 -7.206 -4.408 -4.313 -4.287 -4.321 -4.415 -4.441 -4.745 -5.821 -8.383 -8.626 -4.311 -4.402 -5.044 -5.752
0.05 0.59589 7.00000 15.0910835266 2.6292114258   14.096  4.798  4.3495  3.139    0  0.000  0.545     0.00     0.00 -1  -9.8e-07      0.00 6.087e-01 3.403e-01 9.173e-03 2.474e-03 2.244e-02 -1.000 5.101e-02 -7.224 -4.426 -4.331 -4.306 -4.340 -4.434 -4.459 -4.764 -5.839 -8.401 -8.645 -4.330 -4.420 -5.063 -5.770
0.05 0.59589 7.00000 15.0920600891 2.6292119026   14.095  4.795  4.3506  3.146    0  0.000  0.545     0.00     0.00 -1 -9.76e-07      0.00 6.087e-01 3.403e-01 9.173e-03 2.474e-03 2.244e-02 -1.000 5.101e-02 -7.218 -4.420 -4.325 -4.300 -4.334 -4.428 -4.453 -4.758 -5.833 -8.395 -8.639 -4.324 -4.414 -5.057 -5.764
0.05 0.59589 7.00000 15.0938787460 2.6292126179   14.095  4.779  4.3463  3.146    1  0.000  0.545     0.00     0.00 -1 -8.93e-07      0.00 6.087e-01 3.403e-01 9.173e-03 2.474e-03 2.244e-02 -1.000 5.101e-02 -7.177 -4.379 -4.284 -4.258 -4.293 -4.386 -4.412 -4.716 -5.792 -8.354 -8.597 -4.282 -4.373 -5.015 -5.723
0.05 0.59589 7.00000 15.0946540833 2.6292128563   14.095  4.771  4.3393  3.126    1  0.000  0.545     0.00     0.00 -1  -8.4e-07      0.00 6.087e-01 3.403e-01 9.173e-03 2.474e-03 2.244e-02 -1.000 5.101e-02 -7.156 -4.358 -4.263 -4.237 -4.272 -4.366 -4.391 -4.695 -5.771 -8.333 -8.576 -4.262 -4.352 -4.994 -5.702
0.05 0.59589 7.00000 15.0952386856 2.6292130947   14.095  4.765  4.3328  3.105    1  0.000  0.545     0.00     0.00 -1 -8.04e-07      0.00 6.087e-01 3.403e-01 9.173e-03 2.474e-03 2.244e-02 -1.000 5.101e-02 -7.144 -4.346 -4.250 -4.225 -4.259 -4.353 -4.378 -4.683 -5.758 -8.320 -8.564 -4.249 -4.339 -4.982 -5.689
0.05 0.59589 7.00000 15.0957164764 2.6292133331   14.095  4.763  4.3251  3.077    1  0.000  0.545     0.00     0.00 -1 -7.82e-07      0.00 6.087e-01 3.403e-01 9.173e-03 2.474e-03 2.244e-02 -1.000 5.101e-02 -7.137 -4.339 -4.244 -4.219 -4.253 -4.347 -4.372 -4.677 -5.752 -8.314 -8.557 -4.243 -4.333 -4.975 -5.683
0.05 0.59589 7.00000 15.0962009430 2.6292135715   14.095  4.762  4.3163  3.043    1  0.000  0.545     0.00     0.00 -1 -7.62e-07      0.00 6.087e-01 3.403e-01 9.173e-03 2.474e-03 2.244e-02 -1.000 5.101e-02 -7.134 -4.336 -4.241 -4.215 -4.249 -4.343 -4.368 -4.673 -5.749 -8.310 -8.554 -4.239 -4.330 -4.972 -5.680
0.05 0.59589 7.00000 15.0966930389 2.6292135715   14.095  4.761  4.3062  3.003    1  0.000  0.545     0.00     0.00 -1 -7.41e-07      0.00 6.087e-01 3.403e-01 9.173e-03 2.474e-03 2.244e-02 -1.000 5.101e-02 -7.134 -4.336 -4.240 -4.215 -4.249 -4.343 -4.368 -4.673 -5.748 -8.310 -8.554 -4.239 -4.329 -4.972 -5.679
0.05 0.59589 7.00000 15.0970659256 2.6292138100   14.095  4.762  4.2977  2.968    1  0.000  0.545     0.00     0.00 -1 -7.29e-07      0.00 6.087e-01 3.403e-01 9.173e-03 2.474e-03 2.244e-02 -1.000 5.101e-02 -7.136 -4.876 -4.758 -4.691 -4.614 -4.590 -4.566 -4.540 -4.972 -4.607 -4.542 -4.622 -4.587 -4.931 -4.790
0.05 0.59589 7.00000 15.0974426270 2.6292140484   14.095  4.763  4.2886  2.930    1  0.000  0.545     0.00     0.00 -1 -7.17e-07      0.00 6.087e-01 3.403e-01 9.173e-03 2.474e-03 2.244e-02 -1.000 5.101e-02 -7.138 -4.940 -4.824 -4.759 -4.685 -4.661 -4.639 -4.613 -5.046 -4.681 -4.618 -4.693 -4.659 -5.005 -4.865
0.05 0.59589 7.00000 15.0978212357 2.6292140484   14.095  4.765  4.2790  2.890    1  0.000  0.545     0.00     0.00 -1 -7.05e-07      0.00 6.087e-01 3.403e-01 9.173e-03 2.474e-03 2.244e-02 -1.000 5.101e-02 -7.142 -5.011 -4.898 -4.835 -4.764 -4.741 -4.719 -4.694 -5.129 -4.764 -4.700 -4.771 -4.738 -5.086 -4.947
0.05 0.59589 7.00000 15.0982065201 2.6292142868   14.095  4.766  4.2686  2.847    1  0.000  0.545     0.00     0.00 -1 -6.92e-07      0.00 6.087e-01 3.403e-01 9.173e-03 2.474e-03 2.244e-02 -1.000 5.101e-02 -7.146 -5.086 -4.976 -4.915 -4.846 -4.824 -4.803 -4.779 -5.215 -4.850 -4.786 -4.853 -4.821 -5.172 -5.033
0.05 0.59589 7.00000 15.0985937119 2.6292145252   14.096  4.768  4.2577  2.802    1  0.000  0.545     0.00     0.00 -1 -6.79e-07      0.00 6.087e-01 3.403e-01 9.173e-03 2.474e-03 2.244e-02 -1.000 5.101e-02 -7.150 -5.164 -5.057 -4.998 -4.931 -4.911 -4.890 -4.867 -5.305 -4.940 -4.876 -4.938 -4.908 -5.261 -5.124
0.05 0.59589 7.00000 15.0989866257 2.6292145252   14.095  4.769  4.2462  2.755    1  0.000  0.545     0.00     0.00 -1 -6.68e-07      0.00 6.087e-01 3.403e-01 9.173e-03 2.474e-03 2.244e-02 -1.000 5.101e-02 -7.153 -5.246 -5.142 -5.084 -5.021 -5.001 -4.982 -4.960 -5.400 -5.034 -4.969 -5.028 -4.999 -5.354 -5.218
0.05 0.59589 7.00000 15.0993824005 2.6292147636   14.095  4.770  4.2342  2.706    1  0.000  0.545     0.00     0.00 -1 -6.51e-07      0.00 6.087e-01 3.403e-01 9.173e-03 2.474e-03 2.244e-02 -1.000 5.101e-02 -7.156 -5.331 -5.230 -5.175 -5.114 -5.096 -5.077 -5.056 -5.498 -5.132 -5.065 -5.121 -5.094 -5.451 -5.317
0.05 0.59589 7.00000 15.0996494293 2.6292150021   14.096  4.771  4.2258  2.671    1  0.000  0.545     0.00     0.00 -1 -6.38e-07      0.00 6.087e-01 3.403e-01 9.173e-03 2.474e-03 2.244e-02 -1.000 5.101e-02 -7.157 -5.390 -5.291 -5.238 -5.179 -5.162 -5.143 -5.123 -5.567 -5.200 -5.132 -5.185 -5.159 -5.518 -5.385
0.05 0.59589 7.00000 15.0999174118 2.6292150021   14.096  4.771  4.2171  2.637    1  0.000  0.545     0.00     0.00 -1 -6.27e-07      0.00 6.087e-01 3.403e-01 9.173e-03 2.474e-03 2.244e-02 -1.000 5.101e-02 -7.157 -5.450 -5.354 -5.302 -5.246 -5.229 -5.211 -5.191 -5.636 -5.269 -5.200 -5.252 -5.226 -5.587 -5.454
0.05 0.59589 7.00000 15.1001873016 2.6292150021   14.096  4.771  4.2081  2.601    1  0.000  0.545     0.00     0.00 -1 -6.15e-07      0.00 6.087e-01 3.403e-01 9.173e-03 2.474e-03 2.244e-02 -1.000 5.101e-02 -7.158 -5.512 -5.418 -5.368 -5.314 -5.298 -5.280 -5.261 -5.707 -5.341 -5.269 -5.319 -5.295 -5.657 -5.526
0.05 0.59589 7.00000 15.1004581451 2.6292152405   14.096  4.771  4.1988  2.564    1  0.000  0.545     0.00     0.00 -1 -1.12e-06      0.00 6.087e-01 3.403e-01 9.173e-03 2.474e-03 2.244e-02 -1.000 5.101e-02 -7.157 -5.576 -5.485 -5.436 -5.384 -5.368 -5.352 -5.333 -5.781 -5.414 -5.342 -5.389 -5.366 -5.730 -5.599
0.05 0.59589 7.00000 15.1007318497 2.6292152405   14.095  4.771  4.1892  2.525    1  0.000  0.545     0.00     0.00 -1 -1.09e-06      0.00 6.087e-01 3.403e-01 9.173e-03 2.474e-03 2.244e-02 -1.000 5.101e-02 -7.157 -5.642 -5.554 -5.507 -5.456 -5.442 -5.426 -5.408 -5.856 -5.490 -5.417 -5.462 -5.439 -5.805 -5.675
0.05 0.59589 7.00000 15.1010074615 2.6292154789   14.095  4.770  4.1791  2.485    1  0.000  0.545     0.00     0.00 -1 -1.06e-06      0.00 6.087e-01 3.403e-01 9.173e-03 2.474e-03 2.244e-02 -1.000 5.101e-02 -7.155 -5.711 -5.625 -5.580 -5.531 -5.517 -5.502 -5.485 -5.935 -5.569 -5.495 -5.536 -5.515 -5.882 -5.753
0.05 0.59589 7.00000 15.1012830734 2.6292154789   14.094  4.769  4.1687  2.444    1  0.000  0.545     0.00     0.00 -1 -2.05e-06      0.00 6.087e-01 3.403e-01 9.173e-03 2.474e-03 2.244e-02 -1.000 5.101e-02 -7.153 -5.781 -5.697 -5.654 -5.608 -5.594 -5.580 -5.563 -6.015 -5.649 -5.575 -5.613 -5.593 -5.961 -5.833
0.05 0.59589 7.00000 15.1015634537 2.6292157173   14.093  4.768  4.1577  2.401    1  0.000  0.545     0.00     0.00 -1 -2.25e-06      0.00 6.087e-01 3.403e-01 9.173e-03 2.474e-03 2.244e-02 -1.000 5.101e-02 -7.151 -5.854 -5.774 -5.733 -5.689 -5.677 -5.663 -5.647 -6.100 -5.735 -5.661 -5.694 -5.675 -6.045 -5.918
0.05 0.59589 7.00000 15.1018428802 2.6292157173   14.092  4.767  4.1462  2.356    1  0.000  0.545     0.00     0.00 -1 -2.18e-06      0.00 6.087e-01 3.403e-01 9.173e-03 2.474e-03 2.244e-02 -1.000 5.101e-02 -7.148 -5.931 -5.854 -5.815 -5.774 -5.763 -5.750 -5.735 -6.188 -5.824 -5.750 -5.779 -5.761 -6.133 -6.007
0.05 0.59589 7.00000 15.1021251678 2.6292159557   14.091  4.766  4.1341  2.309    1  0.000  0.545     0.00     0.00 -1 -2.09e-06      0.00 6.087e-01 3.403e-01 9.173e-03 2.474e-03 2.244e-02 -1.000 5.101e-02 -7.145 -6.011 -5.937 -5.900 -5.862 -5.851 -5.838 -5.824 -6.279 -5.916 -5.842 -5.866 -5.849 -6.223 -6.098
0.05 0.59589 7.00000 15.1024084091 2.6292159557   14.090  4.764  4.1214  2.260    1  0.000  0.545     0.00     0.00 -1 -3.13e-06      0.00 6.087e-01 3.403e-01 9.173e-03 2.474e-03 2.244e-02 -1.000 5.101e-02 -7.141 -6.095 -6.024 -5.988 -5.951 -5.941 -5.929 -5.916 -6.373 -6.010 -5.936 -5.955 -5.940 -6.315 -6.191
0.05 0.59589 7.00000 15.1026954651 2.6292161942   14.089  4.762  4.1080  2.208    1  0.000  0.545     0.00     0.00 -1  -3.2e-06      0.00 6.087e-01 3.403e-01 9.173e-03 2.474e-03 2.244e-02 -1.000 5.101e-02 -7.136 -6.183 -6.114 -6.081 -6.046 -6.037 -6.026 -6.013 -6.471 -6.109 -6.035 -6.050 -6.035 -6.413 -6.289
0.05 0.59589 7.00000 15.1029834747 2.6292161942   14.088  4.760  4.0938  2.154    1  0.000  0.545     0.00     0.00 -1 -3.07e-06      0.00 6.087e-01 3.403e-01 9.173e-03 2.474e-03 2.244e-02 -1.000 5.101e-02 -7.131 -6.275 -6.210 -6.179 -6.147 -6.138 -6.128 -6.116 -6.576 -6.214 -6.141 -6.150 -6.137 -6.517 -6.394
0.05 0.59589 7.00000 15.1032733917 2.6292164326   14.087  4.758  4.0788  2.096    1  0.000  0.545     0.00     0.00 -1 -2.98e-06      0.00 6.087e-01 3.403e-01 9.173e-03 2.474e-03 2.244e-02 -1.000 5.101e-02 -7.124 -6.371 -6.310 -6.282 -6.253 -6.246 -6.236 -6.225 -6.687 -6.326 -6.253 -6.257 -6.245 -6.626 -6.505
0.05 0.59589 7.00000 15.1034173965 2.6292164326   14.086  4.756  4.0710  2.066    1  0.000  0.545     0.00     0.00 -1 -2.98e-06      0.00 6.087e-01 3.403e-01 9.173e-03 2.474e-03 2.244e-02 -1.000 5.101e-02 -7.121 -6.420 -6.366 -6.340 -6.315 -6.309 -6.301 -6.290 -6.753 -6.393 -6.321 -6.318 -6.308 -6.692 -6.571
0.05 0.59589 7.00000 15.1035633087 2.6292164326   14.086  4.755  4.0629  2.035    1  0.000  0.545     0.00     0.00 -1 -3.37e-06      0.00 6.087e-01 3.403e-01 9.173e-03 2.474e-03 2.244e-02 -1.000 5.101e-02 -7.117 -6.471 -6.420 -6.396 -6.373 -6.368 -6.359 -6.349 -6.813 -6.454 -6.382 -6.375 -6.366 -6.751 -6.632
0.05 0.59589 7.00000 15.1037101746 2.6292164326   14.085  4.753  4.0545  2.003    1  0.000  0.545     0.00     0.00 -1 -4.34e-06      0.00 6.087e-01 3.403e-01 9.173e-03 2.474e-03 2.244e-02 -1.000 5.101e-02 -7.113 -6.524 -6.475 -6.452 -6.431 -6.427 -6.419 -6.409 -6.874 -6.515 -6.443 -6.434 -6.425 -6.811 -6.692
0.05 0.59589 7.00000 15.1038551331 2.6292166710   14.085  4.752  4.0459  1.971    1  0.000  0.545     0.00     0.00 -1 -5.11e-06      0.00 6.087e-01 3.403e-01 9.173e-03 2.474e-03 2.244e-02 -1.000 5.101e-02 -7.109 -6.577 -6.531 -6.509 -6.489 -6.485 -6.477 -6.468 -6.934 -6.576 -6.504 -6.492 -6.484 -6.871 -6.752
0.05 0.59589 7.00000 15.1040029526 2.6292166710   14.084  4.750  4.0370  1.937    1  0.000  0.545     0.00     0.00 -1 -4.96e-06      0.00 6.087e-01 3.403e-01 9.173e-03 2.474e-03 2.244e-02 -1.000 5.101e-02 -7.105 -6.631 -6.587 -6.567 -6.549 -6.545 -6.538 -6.529 -6.996 -6.638 -6.566 -6.551 -6.544 -6.932 -6.814
0.05 0.59589 7.00000 15.1041498184 2.6292166710   14.084  4.748  4.0279  1.902    1  0.000  0.545     0.00     0.00 -1 -4.81e-06      0.00 6.087e-01 3.403e-01 9.173e-03 2.474e-03 2.244e-02 -1.000 5.101e-02 -7.100 -6.685 -6.644 -6.625 -6.608 -6.605 -6.598 -6.590 -7.058 -6.700 -6.629 -6.610 -6.604 -6.993 -6.876
0.05 0.59589 7.00000 15.1042985916 2.6292166710   14.083  4.746  4.0185  1.867    1  0.000  0.545     0.00     0.00 -1 -4.67e-06      0.00 6.087e-01 3.403e-01 9.173e-03 2.474e-03 2.244e-02 -1.000 5.101e-02 -7.095 -6.741 -6.703 -6.685 -6.670 -6.667 -6.661 -6.653 -7.122 -6.766 -6.695 -6.672 -6.666 -7.057 -6.941
0.05 0.59589 7.00000 15.1044473648 2.6292169094   14.083  4.744  4.0087  1.830    1  0.000  0.545     0.00     0.00 -1  -4.5e-06      0.00 6.087e-01 3.403e-01 9.173e-03 2.474e-03 2.244e-02 -1.000 5.101e-02 -7.089 -6.798 -6.763 -6.747 -6.733 -6.732 -6.726 -6.719 -7.190 -6.835 -6.764 -6.735 -6.731 -7.123 -7.008
0.05 0.59589 7.00000 15.1045951843 2.6292169094   14.082  4.741  3.9986  1.791    1  0.000  0.545     0.00     0.00 -1 -4.37e-06      0.00 6.087e-01 3.403e-01 9.173e-03 2.474e-03 2.244e-02 -1.000 5.101e-02 -7.084 -6.857 -6.825 -6.811 -6.799 -6.799 -6.793 -6.787 -7.261 -6.907 -6.838 -6.801 -6.798 -7.192 -7.079
0.05 0.59589 7.00000 15.1047430038 2.6292169094   14.082  4.739  3.9882  1.753    1  0.000  0.545     0.00     0.00 -1  -4.2e-06      0.00 6.087e-01 3.403e-01 9.173e-03 2.474e-03 2.244e-02 -1.000 5.101e-02 -7.077 -6.915 -6.887 -6.875 -6.866 -6.866 -6.862 -6.857 -7.333 -6.981 -6.913 -6.868 -6.866 -7.262 -7.151
0.05 0.59589 7.00000 15.1048917770 2.6292169094   14.081  4.736  3.9773  1.712    1  0.000  0.545     0.00     0.00 -1 -4.04e-06      0.00 6.087e-01 3.403e-01 9.173e-03 2.474e-03 2.244e-02 -1.000 5.101e-02 -7.070 -6.976 -6.952 -6.942 -6.937 -6.938 -6.934 -6.931 -7.409 -7.060 -6.992 -6.938 -6.937 -7.337 -7.227
0.05 0.59589 7.00000 15.1050424576 2.6292171478   14.081  4.733  3.9660  1.670    1  0.000  0.545     0.00     0.00 -1 -3.89e-06      0.00 6.087e-01 3.403e-01 9.173e-03 2.474e-03 2.244e-02 -1.000 5.101e-02 -7.063 -7.038 -7.019 -7.013 -7.011 -7.014 -7.011 -7.009 -7.490 -7.142 -7.075 -7.012 -7.014 -7.416 -7.308
0.05 0.59589 7.00000 15.1051921844 2.6292171478   14.080  4.730  3.9543  1.626    1  0.000  0.545     0.00     0.00 -1 -3.72e-06      0.00 6.087e-01 3.403e-01 9.173e-03 2.474e-03 2.244e-02 -1.000 5.101e-02 -7.054 -7.102 -7.091 -7.087 -7.090 -7.095 -7.093 -7.092 -7.574 -7.228 -7.162 -7.091 -7.095 -7.499 -7.392
0.05 0.59589 7.00000 15.1053428650 2.6292171478   14.080  4.726  3.9421  1.581    1  0.000  0.545     0.00     0.00 -1 -3.54e-06      0.00 6.087e-01 3.403e-01 9.173e-03 2.474e-03 2.244e-02 -1.000 5.101e-02 -7.045 -7.167 -7.163 -7.162 -7.169 -7.176 -7.175 -7.174 -7.659 -7.314 -7.249 -7.170 -7.175 -7.582 -7.477
0.05 0.59589 7.00000 15.1054916382 2.6292171478   14.080  4.722  3.9296  1.535    1  0.000  0.545     0.00     0.00 -1 -3.39e-06      0.00 6.087e-01 3.403e-01 9.173e-03 2.474e-03 2.244e-02 -1.000 5.101e-02 -7.035 -7.233 -7.234 -7.238 -7.249 -7.257 -7.257 -7.257 -7.743 -7.400 -7.335 -7.249 -7.256 -7.665 -7.561
0.05 0.59589 7.00000 15.1056432724 2.6292173862   14.079  4.717  3.9165  1.487    1  0.000  0.545     0.00     0.00 -1 -3.21e-06      0.00 6.087e-01 3.403e-01 9.173e-03 2.474e-03 2.244e-02 -1.000 5.101e-02 -7.024 -7.299 -7.308 -7.317 -7.332 -7.341 -7.342 -7.343 -7.831 -7.489 -7.425 -7.332 -7.341 -7.752 -7.649
0.05 0.59589 7.00000 15.1057958603 2.6292173862   14.079  4.712  3.9029  1.438    1  0.000  0.545     0.00     0.00 -1 -3.03e-06      0.00 6.087e-01 3.403e-01 9.173e-03 2.474e-03 2.244e-02 -1.000 5.101e-02 -7.010 -7.366 -7.385 -7.399 -7.419 -7.429 -7.431 -7.433 -7.922 -7.581 -7.518 -7.418 -7.429 -7.842 -7.740
0.05 0.59589 7.00000 15.1058702469 2.6292173862   14.079  4.709  3.8961  1.414    1  0.000  0.545     0.00     0.00 -1 -2.91e-06      0.00 6.087e-01 3.403e-01 9.173e-03 2.474e-03 2.244e-02 -1.000 5.101e-02 -7.002 -7.399 -7.424 -7.441 -7.462 -7.473 -7.476 -7.478 -7.968 -7.628 -7.565 -7.461 -7.473 -7.888 -7.786
0.05 0.59589 7.00000 15.1059560776 2.6292173862   14.078  4.705  3.8882  1.387    1  0.000  0.545     0.00     0.00 -1 -2.81e-06      0.00 6.087e-01 3.403e-01 9.173e-03 2.474e-03 2.244e-02 -1.000 5.101e-02 -6.992 -7.436 -7.468 -7.487 -7.511 -7.523 -7.526 -7.529 -8.020 -7.680 -7.617 -7.510 -7.523 -7.939 -7.837
0.05 0.59589 7.00000 15.1060495377 2.6292173862   14.078  4.701  3.8792  1.354    1  0.000  0.545     0.00     0.00 -1 -2.69e-06      0.00 6.087e-01 3.403e-01 9.173e-03 2.474e-03 2.244e-02 -1.000 5.101e-02 -6.982 -7.481 -7.522 -7.544 -7.570 -7.583 -7.587 -7.590 -8.081 -7.742 -7.679 -7.569 -7.583 -8.000 -7.899
0.05 0.59589 7.00000 15.1061563492 2.6292176247   14.078  4.696  3.8684  1.316    1  0.000  0.545     0.00     0.00 -1 -2.58e-06      0.00 6.087e-01 3.403e-01 9.173e-03 2.474e-03 2.244e-02 -1.000 5.101e-02 -6.970 -7.534 -7.586 -7.612 -7.641 -7.654 -7.658 -7.662 -8.154 -7.815 -7.753 -7.640 -7.655 -8.072 -7.972
0.05 0.59589 7.00000 15.1062755585 2.6292176247   14.078  4.690  3.8561  1.273    1  0.000  0.545     0.00     0.00 -1 -2.44e-06      0.00 6.087e-01 3.403e-01 9.173e-03 2.474e-03 2.244e-02 -1.000 5.101e-02 -6.955 -7.593 -7.660 -7.690 -7.722 -7.736 -7.740 -7.745 -8.237 -7.898 -7.836 -7.720 -7.736 -8.155 -8.055
0.05 0.59589 7.00000 15.1064071655 2.6292176247   14.078  4.682  3.8420  1.224    1  0.000  0.545     0.00     0.00 -1  -2.3e-06      0.00 6.087e-01 3.403e-01 9.173e-03 2.474e-03 2.244e-02 -1.000 5.101e-02 -6.936 -7.659 -7.744 -7.779 -7.813 -7.827 -7.832 -7.837 -8.329 -7.990 -7.929 -7.811 -7.827 -8.247 -8.147
0.05 0.59589 7.00000 15.1065549850 2.6292176247   14.078  4.672  3.8260  1.170    1  0.000  0.545     0.00     0.00 -1 -2.12e-06      0.00 6.087e-01 3.403e-01 9.173e-03 2.474e-03 2.244e-02 -1.000 5.101e-02 -6.911 -7.729 -7.839 -7.878 -7.913 -7.926 -7.932 -7.937 -8.429 -8.090 -8.029 -7.911 -7.926 -8.347 -8.247
0.05 0.59589 7.00000 15.1067085266 2.6292178631   14.077  4.660  3.8097  1.117    1  0.000  0.545     0.00     0.00 -1 -1.93e-06      0.00 6.087e-01 3.403e-01 9.173e-03 2.474e-03 2.244e-02 -1.000 5.101e-02 -6.880 -7.795 -7.933 -7.977 -8.013 -8.022 -8.030 -8.036 -8.525 -8.196 -8.133 -8.011 -8.022 -8.425 -8.343
0.05 0.59589 7.00000 15.1068630219 2.6292178631   14.077  4.645  3.7945  1.071    1  0.000  0.545     0.00     0.00 -1 -1.87e-06      0.00 6.087e-01 3.403e-01 9.173e-03 2.474e-03 2.244e-02 -1.000 5.101e-02 -6.843 -7.850 -8.017 -8.068 -8.107 -8.110 -8.120 -8.132 -8.606 -8.321 -8.244 -8.105 -8.110 -8.423 -8.422
0.05 0.59589 7.00000 15.1071710587 2.6292178631   14.077  4.622  3.7675  0.987    1  0.000  0.545     0.00     0.00 -1 -1.67e-06      0.00 6.087e-01 3.403e-01 9.173e-03 2.474e-03 2.244e-02 -1.000 5.101e-02 -6.784 -7.946 -8.174 -8.235 -8.282 -8.271 -8.286 -8.309 -8.757 -8.551 -8.455 -8.279 -8.270 -8.426 -8.571
0.05 0.59589 7.00000 15.1074829102 2.6292181015   14.076  4.595  3.7392  0.900    1  0.000  0.545     0.00     0.00 -1 -1.41e-06      0.00 6.087e-01 3.403e-01 9.173e-03 2.474e-03 2.244e-02 -1.000 5.101e-02 -6.717 -8.019 -8.321 -8.398 -8.454 -8.427 -8.445 -8.485 -8.909 -8.785 -8.669 -8.450 -8.424 -8.429 -8.720
0.05 0.59589 7.00000 15.1077957153 2.6292181015   14.076  4.601  3.7043  0.754    1  0.000  0.543     0.00     0.00 -1 -1.24e-06      0.00 6.087e-01 3.403e-01 9.135e-03 2.482e-03 2.244e-02 -1.000 5.101e-02 -6.734 -8.175 -8.569 -8.671 -8.744 -8.679 -8.701 -8.779 -9.208 -9.085 -8.971 -8.738 -8.672 -8.726 -9.019
0.05 0.59589 7.00000 15.1079072952 2.6292183399   14.076  4.617  3.6905  0.683    1  0.000  0.528     0.00     0.00 -1 -1.25e-06      0.00 6.077e-01 3.412e-01 8.807e-03 2.901e-03 2.234e-02 -1.000 5.105e-02 -6.773 -8.264 -8.691 -8.809 -8.892 -8.813 -8.836 -8.929 -9.360 -9.238 -9.126 -8.884 -8.804 -8.878 -9.171
0.05 0.59589 7.00000 15.1079845428 2.6292183399   14.076  4.628  3.6817  0.637    1  0.000  0.520     0.00     0.00 -1 -1.31e-06      0.00 6.060e-01 3.429e-01 8.595e-03 3.315e-03 2.216e-02 -1.000 5.105e-02 -6.800 -8.320 -8.758 -8.891 -8.980 -8.888 -8.914 -9.018 -9.403 -9.959 -10.366 -8.971 -8.878 -8.979 -9.235
0.05 0.59589 7.00000 15.1080436707 2.6292183399   14.076  4.635  3.6750  0.604    1  0.000  0.517     0.00     0.00 -1 -1.37e-06      0.00 6.054e-01 3.435e-01 8.516e-03 3.468e-03 2.210e-02 -1.000 5.108e-02 -6.818 -8.358 -8.796 -8.945 -9.037 -8.930 -8.960 -9.076 -9.384 -11.046 -12.300 -9.027 -8.918 -9.054 -9.249
0.05 0.59589 7.00000 15.1081047058 2.6292183399   14.076  4.640  3.6688  0.574    1  0.000  0.515     0.00     0.00 -1 -1.42e-06      0.00 6.050e-01 3.439e-01 8.465e-03 3.568e-03 2.205e-02 -1.000 5.108e-02 -6.830 -8.389 -8.826 -8.990 -9.085 -8.963 -8.996 -9.123 -9.359 -12.067 -14.123 -9.075 -8.949 -9.118 -9.256
0.05 0.59589 7.00000 15.1081666946 2.6292183399   14.076  4.643  3.6634  0.549    1  0.000  0.515     0.00     0.00 -1 -1.43e-06      0.00 6.049e-01 3.441e-01 8.448e-03 3.600e-03 2.204e-02 -1.000 5.108e-02 -6.838 -8.412 -8.847 -9.025 -9.123 -8.987 -9.024 -9.157 -9.332 -12.939 -15.684 -9.112 -8.973 -9.167 -9.257
0.05 0.59589 7.00000 15.1082868576 2.6292183399   14.076  4.643  3.6541  0.512    1  0.000  0.514     0.00     0.00 -1 -1.42e-06      0.00 6.047e-01 3.442e-01 8.430e-03 3.637e-03 2.202e-02 -1.000 5.108e-02 -6.837 -8.436 -8.878 -9.076 -9.178 -9.027 -9.068 -9.204 -9.325 -13.823 -17.251 -9.166 -9.011 -9.231 -9.277
0.05 0.59589 7.00000 15.1085624695 2.6292185783   14.076  4.627  3.6366  0.458    1  0.000  0.513     0.00     0.00 -1  -1.3e-06      0.00 6.046e-01 3.443e-01 8.415e-03 3.666e-03 2.201e-02 -1.000 5.108e-02 -6.798 -8.441 -8.922 -9.148 -9.261 -9.103 -9.148 -9.276 -9.411 -13.909 -17.337 -9.247 -9.087 -9.306 -9.363
0.05 0.59589 7.00000 15.1095933914 2.6292188168   14.075  4.679  3.5833  0.193    1  0.000  0.486     0.00     0.00 -1 -1.47e-06      0.00 5.999e-01 3.490e-01 7.949e-03 4.475e-03 2.167e-02 -1.000 5.110e-02 -6.927 -8.699 -9.320 -9.622 -9.765 -9.585 -9.677 -9.778 -9.958 -14.457 -17.886 -9.744 -9.574 -9.815 -9.909
0.05 0.59589 7.00000 15.1097736359 2.6292190552   14.075  4.685  3.5738  0.149    1  0.000  0.485     0.00     0.00 -1 -1.43e-06      0.00 5.996e-01 3.493e-01 7.914e-03 4.517e-03 2.165e-02 -1.000 5.110e-02 -6.943 -8.742 -9.387 -9.701 -9.850 -9.664 -9.768 -9.866 -10.056 -14.555 -17.984 -9.828 -9.655 -9.906 -10.006
0.05 0.59589 7.00000 15.1099605560 2.6292190552   14.075  4.727  3.5600  0.051    1  0.000  0.464     0.00     0.00 -1 -1.54e-06      0.00 5.954e-01 3.535e-01 7.356e-03 5.469e-03 2.123e-02 -1.000 5.115e-02 -7.048 -8.891 -9.566 -9.900 -10.058 -9.865 -9.986 -10.081 -10.284 -14.784 -18.213 -10.033 -9.858 -10.124 -10.234
0.05 0.59589 7.00000 15.1101503372 2.6292190552   14.074  4.782  3.5446 -0.065    1  0.000  0.446     0.00     0.00 -1 -1.94e-06      0.00 5.913e-01 3.575e-01 6.891e-03 6.345e-03 2.084e-02 -1.000 5.117e-02 -7.186 -9.083 -9.786 -10.143 -10.313 -10.113 -10.253 -10.346 -10.565 -15.065 -18.494 -10.284 -10.108 -10.395 -10.514
0.05 0.59589 7.00000 15.1103448868 2.6292192936   14.074  4.801  3.5341 -0.126    1  0.000  0.444     0.00     0.00 -1 -2.06e-06      0.00 5.908e-01 3.580e-01 6.852e-03 6.426e-03 2.080e-02 -1.000 5.117e-02 -7.231 -9.165 -9.885 -10.260 -10.438 -10.234 -10.387 -10.480 -10.707 -15.208 -18.637 -10.407 -10.231 -10.531 -10.657
0.05 0.59589 7.00000 15.1105461121 2.6292192936   14.074  4.796  3.5285 -0.143    1  0.000  0.444     0.00     0.00 -1 -2.02e-06      0.00 5.906e-01 3.582e-01 6.838e-03 6.460e-03 2.078e-02 -1.000 5.117e-02 -7.220 -9.171 -9.901 -10.287 -10.468 -10.261 -10.421 -10.514 -10.746 -15.247 -18.676 -10.435 -10.258 -10.567 -10.695
0.05 0.59589 7.00000 15.1107320786 2.6292192936   14.073  4.788  3.5257 -0.147    1  0.000  0.444     0.00     0.00 -1 -2.01e-06      0.00 5.904e-01 3.585e-01 6.829e-03 6.484e-03 2.076e-02 -1.000 5.117e-02 -7.200 -9.160 -9.895 -10.286 -10.469 -10.260 -10.424 -10.516 -10.751 -15.252 -18.681 -10.435 -10.258 -10.570 -10.700
0.05 0.59589 7.00000 15.1109275818 2.6292195320   14.073  4.781  3.5237 -0.147    1  0.000  0.444     0.00     0.00 -1 -2.02e-06      0.00 5.902e-01 3.587e-01 6.819e-03 6.510e-03 2.074e-02 -1.000 5.118e-02 -7.181 -9.147 -9.886 -10.281 -10.465 -10.254 -10.420 -10.513 -10.750 -15.251 -18.679 -10.430 -10.252 -10.568 -10.699
0.05 0.59589 7.00000 15.1111297607 2.6292195320   14.073  4.776  3.5213 -0.153    1  0.000  0.443     0.00     0.00 -1 -2.04e-06      0.00 5.898e-01 3.590e-01 6.801e-03 6.551e-03 2.072e-02 -1.000 5.118e-02 -7.171 -9.144 -9.887 -10.288 -10.472 -10.260 -10.430 -10.523 -10.761 -15.262 -18.691 -10.437 -10.259 -10.578 -10.710
0.05 0.59589 7.00000 15.1113462448 2.6292195320   14.072  4.839  3.5132 -0.248    1  0.000  0.427     0.00     0.00 -1 -2.46e-06      0.00 5.856e-01 3.632e-01 6.509e-03 7.123e-03 2.044e-02 -1.000 5.119e-02 -7.328 -9.324 -10.081 -10.500 -10.691 -10.477 -10.656 -10.751 -10.995 -15.497 -18.925 -10.652 -10.477 -10.808 -10.944
0.05 0.59589 7.00000 15.1114654541 2.6292197704   14.072  4.874  3.5087 -0.300    1  0.000  0.419     0.00     0.00 -1 -2.72e-06      0.00 5.833e-01 3.655e-01 6.348e-03 7.438e-03 2.028e-02 -1.000 5.120e-02 -7.414 -9.422 -10.187 -10.616 -10.812 -10.599 -10.782 -10.878 -11.126 -15.628 -19.057 -10.771 -10.599 -10.937 -11.075
0.05 0.59589 7.00000 15.1115236282 2.6292197704   14.072  4.890  3.5066 -0.326    1  0.000  0.414     0.00     0.00 -1 -2.86e-06      0.00 5.822e-01 3.666e-01 6.270e-03 7.591e-03 2.020e-02 -1.000 5.120e-02 -7.456 -9.471 -10.239 -10.673 -10.871 -10.661 -10.845 -10.942 -11.192 -15.694 -19.122 -10.829 -10.662 -11.003 -11.140
0.05 0.59589 7.00000 15.1115684509 2.6292197704   14.072  4.903  3.5049 -0.346    1  0.000  0.411     0.00     0.00 -1 -2.97e-06      0.00 5.813e-01 3.675e-01 6.209e-03 7.709e-03 2.015e-02 -1.000 5.120e-02 -7.489 -9.508 -10.279 -10.717 -10.917 -10.709 -10.894 -10.992 -11.243 -15.744 -19.173 -10.874 -10.710 -11.053 -11.191
0.05 0.59589 7.00000 15.1116590500 2.6292197704   14.071  4.921  3.5026 -0.372    1  0.000  0.407     0.00     0.00 -1 -3.16e-06      0.00 5.803e-01 3.685e-01 6.137e-03 7.852e-03 2.007e-02 -1.000 5.121e-02 -7.533 -9.558 -10.333 -10.777 -10.980 -10.773 -10.959 -11.059 -11.311 -15.813 -19.241 -10.935 -10.774 -11.122 -11.260
0.05 0.59589 7.00000 15.1118087769 2.6292197704   14.071  4.931  3.5013 -0.388    1  0.000  0.407     0.00     0.00 -1 -3.35e-06      0.00 5.800e-01 3.688e-01 6.129e-03 7.875e-03 2.006e-02 -1.000 5.121e-02 -7.558 -9.587 -10.365 -10.811 -11.016 -10.810 -10.997 -11.098 -11.351 -15.853 -19.281 -10.970 -10.811 -11.161 -11.300
0.05 0.59589 7.00000 15.1157131195 2.6292214394   14.060  4.963  3.4970 -0.437    1  0.000  0.406     0.00     0.00 -1 -3.92e-06      0.00 5.754e-01 3.733e-01 6.039e-03 8.208e-03 1.980e-02 -1.000 5.124e-02 -7.639 -9.675 -10.465 -10.920 -11.128 -10.920 -11.113 -11.214 -11.472 -15.972 -19.401 -11.079 -10.922 -11.280 -11.421
0.05 0.59589 7.00000 15.1649866104 2.6292412281   13.922  4.931  3.5012 -0.392    1  0.000  0.406     0.00     0.00 -1 -3.51e-06      0.00 5.713e-01 3.775e-01 5.958e-03 8.513e-03 1.957e-02 -1.000 5.119e-02 -7.557 -9.586 -10.363 -10.810 -11.015 -10.810 -10.997 -11.098 -11.351 -15.853 -19.281 -10.970 -10.811 -11.161 -11.300
0.05 0.59589 7.00000 15.1937417984 2.6292529106   13.850  4.904  3.5048 -0.354    1  0.000  0.406     0.00     0.00 -1 -3.17e-06      0.00 5.710e-01 3.778e-01 5.952e-03 8.539e-03 1.955e-02 -1.000 5.118e-02 -7.491 -9.511 -10.281 -10.720 -10.921 -10.713 -10.898 -10.997 -11.247 -15.749 -19.178 -10.878 -10.714 -11.058 -11.196
0.05 0.59589 7.00000 15.2221755981 2.6292643547   13.790  4.876  3.5088 -0.311    1  0.000  0.406     0.00     0.00 -1 -2.82e-06      0.00 5.710e-01 3.779e-01 5.951e-03 8.544e-03 1.955e-02 -1.000 5.118e-02 -7.420 -9.429 -10.193 -10.622 -10.818 -10.607 -10.789 -10.886 -11.134 -15.636 -19.064 -10.778 -10.608 -10.945 -11.082
0.05 0.59589 7.00000 15.2580585480 2.6292784214   13.728  4.847  3.5133 -0.266    1  0.000  0.406     0.00     0.00 -1 -2.49e-06      0.00 5.709e-01 3.779e-01 5.949e-03 8.551e-03 1.954e-02 -1.000 5.118e-02 -7.348 -9.344 -10.100 -10.519 -10.710 -10.498 -10.676 -10.771 -11.015 -15.517 -18.945 -10.672 -10.497 -10.828 -10.964
0.05 0.59589 7.00000 15.3302288055 2.6293070316   13.626  4.824  3.5178 -0.229    1  0.000  0.406     0.00     0.00 -1 -2.24e-06      0.00 5.708e-01 3.780e-01 5.946e-03 8.564e-03 1.953e-02 -1.000 5.118e-02 -7.291 -9.275 -10.022 -10.431 -10.620 -10.409 -10.582 -10.676 -10.916 -15.418 -18.846 -10.583 -10.408 -10.732 -10.865
0.05 0.59589 7.00000 15.6416473389 2.6294264793   13.206  4.823  3.5221 -0.223    1  0.000  0.406     0.00     0.00 -1  -2.2e-06      0.00 5.703e-01 3.786e-01 5.934e-03 8.622e-03 1.948e-02 -1.000 5.117e-02 -7.286 -9.259 -9.997 -10.398 -10.584 -10.376 -10.543 -10.637 -10.874 -15.376 -18.804 -10.549 -10.374 -10.692 -10.823
0.05 0.59589 7.00000 15.8191366196 2.6294922829   12.914  4.847  3.5167 -0.279    2  0.000  0.406     0.00     0.00 -1 -2.48e-06      0.00 5.700e-01 3.789e-01 5.927e-03 8.654e-03 1.945e-02 -1.000 5.117e-02 -7.347 -9.334 -10.083 -10.495 -10.684 -10.473 -10.647 -10.742 -10.983 -15.485 -18.914 -10.647 -10.472 -10.799 -10.932
0.05 0.59589 7.00000 15.8268003464 2.6294949055   12.900  4.848  3.5165 -0.281    2  0.000  0.406     0.00     0.00 -1 -2.49e-06      0.00 5.700e-01 3.789e-01 5.927e-03 8.655e-03 1.945e-02 -1.000 5.117e-02 -7.350 -9.338 -10.087 -10.499 -10.689 -10.478 -10.652 -10.747 -10.988 -15.490 -18.918 -10.651 -10.477 -10.803 -10.937
0.05 0.59589 7.00000 15.8545799255 2.6295051575   12.845  4.853  3.5153 -0.293    2  0.000  0.406     0.00     0.00 -1 -2.56e-06      0.00 5.699e-01 3.789e-01 5.926e-03 8.660e-03 1.945e-02 -1.000 5.116e-02 -7.363 -9.354 -10.105 -10.520 -10.711 -10.500 -10.675 -10.770 -11.013 -15.515 -18.943 -10.673 -10.499 -10.827 -10.961
0.05 0.59589 7.00000 15.9292888641 2.6295320988   12.697  4.867  3.5122 -0.325    3  0.000  0.406     0.00     0.00 -1 -2.77e-06      0.00 5.698e-01 3.790e-01 5.923e-03 8.673e-03 1.943e-02 -1.000 5.116e-02 -7.398 -9.401 -10.155 -10.578 -10.772 -10.566 -10.743 -10.840 -11.084 -15.586 -19.015 -10.734 -10.566 -10.899 -11.032
0.05 0.59589 7.00000 16.0000000000 2.6295573711   12.526  4.890  3.5077 -0.372    3  0.000  0.406     0.00     0.00 -1 -3.11e-06      0.00 5.697e-01 3.792e-01 5.920e-03 8.686e-03 1.942e-02 -1.000 5.116e-02 -7.455 -9.472 -10.232 -10.666 -10.866 -10.665 -10.844 -10.944 -11.191 -15.693 -19.122 -10.825 -10.666 -11.005 -11.139
0.05 0.59589 7.00000 16.0641574860 2.6295802593   12.368  4.909  3.5040 -0.410    3  0.000  0.406     0.00     0.00 -1 -3.43e-06      0.00 5.694e-01 3.794e-01 5.917e-03 8.705e-03 1.941e-02 -1.000 5.116e-02 -7.502 -9.527 -10.295 -10.737 -10.941 -10.742 -10.924 -11.026 -11.275 -15.778 -19.206 -10.898 -10.743 -11.088 -11.223
0.05 0.59589 7.00000 16.0665779114 2.6295809746   12.361  4.910  3.5039 -0.412    3  0.000  0.406     0.00     0.00 -1 -3.44e-06      0.00 5.694e-01 3.794e-01 5.917e-03 8.705e-03 1.941e-02 -1.000 5.116e-02 -7.504 -9.530 -10.298 -10.740 -10.945 -10.745 -10.928 -11.029 -11.279 -15.781 -19.210 -10.901 -10.747 -11.092 -11.227
0.05 0.59589 7.00000 16.0838642120 2.6295871735   12.310  4.935  3.4994 -0.457    3  0.000  0.406     0.00     0.00 -1  -3.9e-06      0.00 5.694e-01 3.795e-01 5.916e-03 8.710e-03 1.940e-02 -1.000 5.116e-02 -7.568 -9.603 -10.382 -10.833 -11.041 -10.841 -11.028 -11.130 -11.384 -15.886 -19.315 -10.995 -10.842 -11.195 -11.333
0.05 0.59589 7.00000 16.0891590118 2.6295890808   12.292  4.964  3.4947 -0.506    3  0.000  0.406     0.00     0.00 -1 -4.46e-06      0.00 5.693e-01 3.795e-01 5.915e-03 8.712e-03 1.940e-02 -1.000 5.116e-02 -7.640 -9.681 -10.478 -10.937 -11.147 -10.938 -11.133 -11.234 -11.495 -15.994 -19.422 -11.095 -10.940 -11.301 -11.443
0.05 0.59589 7.00000 16.0957145691 2.6295912266   12.264  5.010  3.4879 -0.579    3  0.000  0.403     0.00     0.00 -1 -5.55e-06      0.00 5.693e-01 3.795e-01 5.872e-03 8.754e-03 1.940e-02 -1.000 5.120e-02 -7.754 -9.799 -10.624 -11.094 -11.304 -11.079 -11.286 -11.381 -11.654 -16.148 -19.577 -11.243 -11.081 -11.453 -11.604
0.05 0.59589 7.00000 16.0980091095 2.6295921803   12.252  5.043  3.4833 -0.632    3  0.000  0.398     0.00     0.00 -1 -6.48e-06      0.00 5.693e-01 3.795e-01 5.788e-03 8.859e-03 1.939e-02 -1.000 5.120e-02 -7.837 -9.885 -10.730 -11.206 -11.417 -11.184 -11.395 -11.486 -11.767 -16.256 -19.685 -11.347 -11.186 -11.563 -11.718
0.05 0.59589 7.00000 16.1006374359 2.6295928955   12.237  5.080  3.4784 -0.689    3  0.000  0.394     0.00     0.00 -1 -7.84e-06      0.00 5.692e-01 3.796e-01 5.732e-03 8.934e-03 1.939e-02 -1.000 5.122e-02 -7.930 -9.979 -10.846 -11.327 -11.539 -11.299 -11.513 -11.598 -11.889 -16.375 -19.803 -11.459 -11.301 -11.681 -11.841
0.05 0.59589 7.00000 16.1042709351 2.6295943260   12.210  5.121  3.4735 -0.750    3  0.000  0.393     0.00     0.00 -1  -9.5e-06      0.00 5.691e-01 3.797e-01 5.698e-03 8.991e-03 1.937e-02 -1.000 5.120e-02 -8.031 -10.082 -10.970 -11.455 -11.666 -11.422 -11.637 -11.716 -12.018 -16.502 -19.930 -11.576 -11.424 -11.806 -11.971
0.05 0.59589 7.00000 16.1096000671 2.6295962334   12.165  5.165  3.4688 -0.815    3  0.000  0.392     0.00     0.00 -1 -1.19e-05      0.00 5.688e-01 3.801e-01 5.674e-03 9.054e-03 1.933e-02 -1.000 5.116e-02 -8.142 -10.194 -11.097 -11.586 -11.797 -11.550 -11.766 -11.840 -12.151 -16.633 -20.062 -11.698 -11.551 -11.935 -12.104
0.05 0.59589 7.00000 16.1105690002 2.6295964718   12.165  5.173  3.4680 -0.825    3  0.000  0.392     0.00     0.00 -1 -1.24e-05      0.00 5.687e-01 3.802e-01 5.670e-03 9.062e-03 1.932e-02 -1.000 5.116e-02 -8.162 -10.214 -11.117 -11.607 -11.817 -11.570 -11.786 -11.860 -12.172 -16.654 -20.082 -11.718 -11.571 -11.956 -12.125
#isochrone terminated
