# File generated by CMD 3.3 (http://stev.oapd.inaf.it/cmd) on Wed Apr 22 15:23:42 CEST 2020
# isochrones based on PARSEC release v1.2S +  COLIBRI S_35
# Basic references: Bressan et al. (2012), MNRAS, 427, 127 + Chen et al. (2014, 2015), MNRAS, 444, 2525 + MNRAS, 452, 1068 + Tang et al. (2014), MNRAS, 445, 4287 + Marigo et al. (2017), ApJ, 835, 77 + Pastorelli al. (2019), MNRAS in press
# Thermal pulse cycles included 
# On RGB, assumed Reimers mass loss with efficiency eta=0.2
# Photometric system:  2MASS + Spitzer (IRAC+MIPS) + WISE
# Using YBC version of bolometric corrections as in Chen et al. (2019)
# O-rich circumstellar dpmod60alox40 dust from Groenewegen (2006)
# C-rich circumstellar AMCSIC15 dust from Groenewegen (2006)
# IMF: Kroupa (2001, 2002) + Kroupa et al. (2013) canonical two-part-power law IMF corrected for unresolved binaries 
# Kind of output: isochrone tables
# Zini     MH   logAge Mini        int_IMF         Mass   logL    logTe  logg  label   McoreTP C_O  period0 period1 pmode  Mloss  tau1m   X   Y   Xc  Xn  Xo  Cexcess  Z 	 mbolmag  Jmag    Hmag    Ksmag   IRAC_3.6mag  IRAC_4.5mag  IRAC_5.8mag  IRAC_8.0mag  MIPS_24mag  MIPS_70mag  MIPS_160mag  W1mag   W2mag   W3mag   W4mag
0.04 0.47971 5.00000 0.1000000015 1.1711064577    0.100 -0.750  3.4157  2.803    0  0.000  0.545     0.00     0.00 -1 -2.84e-13      0.00 6.390e-01 3.210e-01 7.193e-03 1.940e-03 1.760e-02 -1.000 4.000e-02 6.644 4.504 3.974 3.614 3.152 3.002 2.934 2.839 2.172 2.113 2.154 3.301 3.006 2.776 2.362
0.04 0.47971 5.00000 0.1136803254 1.2761791945    0.114 -0.665  3.4230  2.803    0  0.000  0.545     0.00     0.00 -1 -3.24e-13      0.00 6.390e-01 3.210e-01 7.193e-03 1.940e-03 1.760e-02 -1.000 4.000e-02 6.433 4.293 3.751 3.409 2.965 2.818 2.753 2.663 2.000 1.943 1.988 3.113 2.823 2.601 2.190
0.04 0.47971 5.00000 0.1223990917 1.3349245787    0.122 -0.615  3.4281  2.805    0  0.000  0.545     0.00     0.00 -1 -3.49e-13      0.00 6.390e-01 3.210e-01 7.193e-03 1.940e-03 1.760e-02 -1.000 4.000e-02 6.309 4.169 3.616 3.290 2.864 2.720 2.659 2.572 1.914 1.859 1.907 3.012 2.725 2.513 2.104
0.04 0.47971 5.00000 0.1383198649 1.4293190241    0.138 -0.527  3.4409  2.821    0  0.000  0.545     0.00     0.00 -1 -3.95e-13      0.00 6.390e-01 3.210e-01 7.193e-03 1.940e-03 1.760e-02 -1.000 4.000e-02 6.086 3.953 3.353 3.072 2.703 2.569 2.519 2.442 1.794 1.745 1.799 2.852 2.577 2.389 1.984
0.04 0.47971 5.00000 0.1400000006 1.4384527206    0.140 -0.517  3.4423  2.822    0  0.000  0.545     0.00     0.00 -1 -4.01e-13      0.00 6.390e-01 3.210e-01 7.193e-03 1.940e-03 1.760e-02 -1.000 4.000e-02 6.062 3.930 3.323 3.047 2.685 2.553 2.504 2.427 1.781 1.732 1.788 2.834 2.560 2.375 1.971
0.04 0.47971 5.00000 0.1508061439 1.4939770699    0.151 -0.457  3.4525  2.836    0  0.000  0.545     0.00     0.00 -1 -4.36e-13      0.00 6.390e-01 3.210e-01 7.193e-03 1.940e-03 1.760e-02 -1.000 4.000e-02 5.913 3.791 3.141 2.897 2.582 2.461 2.419 2.350 1.713 1.670 1.732 2.731 2.469 2.303 1.903
0.04 0.47971 5.00000 0.1609094441 1.5414016247    0.161 -0.402  3.4619  2.846    0  0.000  0.545     0.00     0.00 -1 -4.74e-13      0.00 6.390e-01 3.210e-01 7.193e-03 1.940e-03 1.760e-02 -1.000 4.000e-02 5.775 3.667 2.975 2.753 2.483 2.373 2.338 2.275 1.649 1.613 1.681 2.631 2.383 2.235 1.839
0.04 0.47971 5.00000 0.1717733741 1.5882589817    0.172 -0.348  3.4711  2.857    0  0.000  0.545     0.00     0.00 -1 -5.14e-13      0.00 6.390e-01 3.210e-01 7.193e-03 1.940e-03 1.760e-02 -1.000 4.000e-02 5.639 3.553 2.813 2.606 2.380 2.285 2.257 2.201 1.585 1.558 1.632 2.526 2.297 2.167 1.775
0.04 0.47971 5.00000 0.1834854037 1.6346418858    0.183 -0.292  3.4804  2.867    0  0.000  0.545     0.00     0.00 -1 -5.59e-13      0.00 6.390e-01 3.210e-01 7.193e-03 1.940e-03 1.760e-02 -1.000 4.000e-02 5.500 3.436 2.650 2.456 2.273 2.195 2.171 2.120 1.517 1.500 1.582 2.414 2.207 2.094 1.707
0.04 0.47971 5.00000 0.1962208748 1.6808986664    0.196 -0.233  3.4898  2.875    0  0.000  0.545     0.00     0.00 -1 -6.13e-13      0.00 6.390e-01 3.210e-01 7.193e-03 1.940e-03 1.760e-02 -1.000 4.000e-02 5.353 3.309 2.488 2.304 2.158 2.095 2.073 2.022 1.435 1.435 1.530 2.290 2.108 2.008 1.625
0.04 0.47971 5.00000 0.2048921287 1.7102166414    0.205 -0.196  3.4954  2.879    0  0.000  0.545     0.00     0.00 -1 -6.51e-13      0.00 6.390e-01 3.210e-01 7.193e-03 1.940e-03 1.760e-02 -1.000 4.000e-02 5.259 3.236 2.397 2.211 2.077 2.028 2.006 1.956 1.380 1.390 1.490 2.202 2.041 1.948 1.570
0.04 0.47971 5.00000 0.2196699083 1.7566411495    0.220 -0.141  3.5039  2.888    0  0.000  0.545     0.00     0.00 -1 -7.05e-13      0.00 6.390e-01 3.210e-01 7.193e-03 1.940e-03 1.760e-02 -1.000 4.000e-02 5.122 3.129 2.268 2.077 1.957 1.929 1.907 1.857 1.298 1.322 1.430 2.071 1.942 1.856 1.488
0.04 0.47971 5.00000 0.2352420092 1.8013603687    0.235 -0.086  3.5122  2.896    0  0.000  0.545     0.00     0.00 -1 -7.67e-13      0.00 6.390e-01 3.210e-01 7.193e-03 1.940e-03 1.760e-02 -1.000 4.000e-02 4.984 3.023 2.146 1.948 1.838 1.829 1.804 1.751 1.209 1.250 1.365 1.939 1.841 1.759 1.399
0.04 0.47971 5.00000 0.2599890530 1.8650418520    0.260 -0.004  3.5236  2.903    0  0.000  0.545     0.00     0.00 -1 -8.73e-13      0.00 6.390e-01 3.210e-01 7.193e-03 1.940e-03 1.760e-02 -1.000 4.000e-02 4.780 2.859 1.973 1.769 1.663 1.679 1.648 1.588 1.071 1.135 1.259 1.746 1.691 1.607 1.261
0.04 0.47971 5.00000 0.2817712426 1.9148958921    0.282  0.059  3.5322  2.909    0  0.000  0.545     0.00     0.00 -1 -9.64e-13      0.00 6.390e-01 3.210e-01 7.193e-03 1.940e-03 1.760e-02 -1.000 4.000e-02 4.621 2.727 1.844 1.638 1.533 1.567 1.532 1.465 0.967 1.045 1.172 1.602 1.578 1.491 1.156
0.04 0.47971 5.00000 0.3000000417 1.9529141188    0.300  0.105  3.5388  2.917    0  0.000  0.545     0.00     0.00 -1 -1.03e-12      0.00 6.390e-01 3.210e-01 7.193e-03 1.940e-03 1.760e-02 -1.000 4.000e-02 4.507 2.629 1.755 1.549 1.445 1.489 1.452 1.380 0.895 0.982 1.111 1.504 1.500 1.410 1.084
0.04 0.47971 5.00000 0.3242793083 1.9991276264    0.324  0.167  3.5466  2.920    0  0.000  0.545     0.00     0.00 -1 -1.14e-12      0.00 6.390e-01 3.210e-01 7.193e-03 1.940e-03 1.760e-02 -1.000 4.000e-02 4.352 2.496 1.630 1.428 1.326 1.382 1.342 1.264 0.793 0.890 1.021 1.376 1.392 1.300 0.982
0.04 0.47971 5.00000 0.3499999940 2.0434174538    0.350  0.221  3.5541  2.929    0  0.000  0.545     0.00     0.00 -1 -1.23e-12      0.00 6.390e-01 3.210e-01 7.193e-03 1.940e-03 1.760e-02 -1.000 4.000e-02 4.217 2.381 1.525 1.327 1.230 1.293 1.253 1.169 0.709 0.815 0.947 1.271 1.303 1.209 0.898
0.04 0.47971 5.00000 0.4000000060 2.1185026169    0.400  0.325  3.5669  2.934    0  0.000  0.545     0.00     0.00 -1 -1.45e-12      0.00 6.390e-01 3.210e-01 7.193e-03 1.940e-03 1.760e-02 -1.000 4.000e-02 3.957 2.158 1.323 1.135 1.044 1.117 1.075 0.985 0.540 0.658 0.787 1.073 1.127 1.031 0.729
0.04 0.47971 5.00000 0.4500000179 2.1822810173    0.450  0.422  3.5775  2.931    0  0.000  0.545     0.00     0.00 -1 -1.71e-12      0.00 6.390e-01 3.210e-01 7.193e-03 1.940e-03 1.760e-02 -1.000 4.000e-02 3.716 1.947 1.135 0.956 0.868 0.947 0.906 0.812 0.376 0.502 0.630 0.890 0.956 0.862 0.565
0.04 0.47971 5.00000 0.4679396152 2.2029554844    0.468  0.452  3.5808  2.931    0  0.000  0.545     0.00     0.00 -1  -1.8e-12      0.00 6.390e-01 3.210e-01 7.193e-03 1.940e-03 1.760e-02 -1.000 4.000e-02 3.640 1.883 1.078 0.902 0.817 0.897 0.857 0.762 0.329 0.456 0.584 0.837 0.907 0.813 0.518
0.04 0.47971 5.00000 0.5000000596 2.2374544144    0.500  0.510  3.5863  2.924    0  0.000  0.545     0.00     0.00 -1 -2.01e-12      0.00 6.390e-01 3.210e-01 7.193e-03 1.940e-03 1.760e-02 -1.000 4.000e-02 3.494 1.777 0.973 0.813 0.735 0.818 0.779 0.684 0.254 0.384 0.509 0.753 0.827 0.737 0.443
0.04 0.47971 5.00000 0.5500000119 2.2836582661    0.550  0.581  3.5939  2.925    0  0.000  0.545     0.00     0.00 -1 -2.25e-12      0.00 6.390e-01 3.210e-01 7.193e-03 1.940e-03 1.760e-02 -1.000 4.000e-02 3.318 1.626 0.840 0.687 0.613 0.697 0.660 0.565 0.139 0.270 0.394 0.628 0.706 0.619 0.328
0.04 0.47971 5.00000 0.5996753573 2.3209011555    0.599  0.652  3.6003  2.917    0  0.000  0.545     0.00     0.00 -1 -2.56e-12      0.00 6.390e-01 3.210e-01 7.193e-03 1.940e-03 1.760e-02 -1.000 4.000e-02 3.141 1.448 0.690 0.532 0.455 0.538 0.503 0.408 -0.016 0.118 0.241 0.468 0.548 0.463 0.173
0.04 0.47971 5.00000 0.6000000238 2.3211214542    0.600  0.652  3.6004  2.917    0  0.000  0.545     0.00     0.00 -1 -2.56e-12      0.00 6.390e-01 3.210e-01 7.193e-03 1.940e-03 1.760e-02 -1.000 4.000e-02 3.140 1.447 0.689 0.531 0.454 0.538 0.502 0.407 -0.017 0.117 0.240 0.467 0.547 0.462 0.172
0.04 0.47971 5.00000 0.6445340514 2.3489236832    0.645  0.714  3.6051  2.905    0  0.000  0.545     0.00     0.00 -1 -2.89e-12      0.00 6.390e-01 3.210e-01 7.193e-03 1.940e-03 1.760e-02 -1.000 4.000e-02 2.984 1.302 0.559 0.403 0.326 0.410 0.375 0.281 -0.141 -0.007 0.117 0.339 0.419 0.337 0.047
0.04 0.47971 5.00000 0.6499999762 2.3520355225    0.650  0.722  3.6057  2.904    0  0.000  0.545     0.00     0.00 -1 -2.94e-12      0.00 6.390e-01 3.210e-01 7.193e-03 1.940e-03 1.760e-02 -1.000 4.000e-02 2.965 1.285 0.544 0.388 0.311 0.395 0.360 0.266 -0.156 -0.022 0.102 0.323 0.404 0.322 0.033
0.04 0.47971 5.00000 0.6723250151 2.3641433716    0.672  0.748  3.6078  2.901    0  0.000  0.545     0.00     0.00 -1 -3.07e-12      0.00 6.390e-01 3.210e-01 7.193e-03 1.940e-03 1.760e-02 -1.000 4.000e-02 2.901 1.226 0.491 0.336 0.260 0.343 0.309 0.215 -0.206 -0.071 0.052 0.271 0.353 0.271 -0.017
0.04 0.47971 5.00000 0.6999999881 2.3779268265    0.700  0.783  3.6103  2.893    0  0.000  0.545     0.00     0.00 -1  -3.3e-12      0.00 6.390e-01 3.210e-01 7.193e-03 1.940e-03 1.760e-02 -1.000 4.000e-02 2.812 1.143 0.416 0.262 0.186 0.270 0.236 0.143 -0.278 -0.143 -0.019 0.197 0.279 0.199 -0.089
0.04 0.47971 5.00000 0.7500000000 2.3998889923    0.750  0.850  3.6189  2.891    0  0.000  0.538     0.00     0.00 -1 -3.73e-12      0.00 6.390e-01 3.210e-01 7.098e-03 1.938e-03 1.760e-02 -1.000 4.000e-02 2.646 1.002 0.299 0.152 0.080 0.162 0.131 0.040 -0.380 -0.243 -0.119 0.089 0.171 0.096 -0.191
0.04 0.47971 5.00000 0.7813113928 2.4120085239    0.781  0.879  3.6210  2.888    0  0.000  0.538     0.00     0.00 -1 -3.92e-12      0.00 6.390e-01 3.210e-01 7.098e-03 1.938e-03 1.760e-02 -1.000 4.000e-02 2.572 0.935 0.238 0.093 0.021 0.104 0.072 -0.018 -0.437 -0.300 -0.176 0.031 0.113 0.038 -0.248
0.04 0.47971 5.00000 0.8000000119 2.4187245369    0.800  0.899  3.6222  2.882    0  0.000  0.538     0.00     0.00 -1 -4.08e-12      0.00 6.390e-01 3.210e-01 7.098e-03 1.938e-03 1.760e-02 -1.000 4.000e-02 2.521 0.888 0.195 0.051 -0.021 0.061 0.030 -0.060 -0.478 -0.341 -0.217 -0.012 0.070 -0.003 -0.290
0.04 0.47971 5.00000 0.8500000238 2.4350347519    0.850  0.948  3.6251  2.872    0  0.000  0.538     0.00     0.00 -1 -4.49e-12      0.00 6.390e-01 3.210e-01 7.098e-03 1.938e-03 1.760e-02 -1.000 4.000e-02 2.400 0.775 0.090 -0.051 -0.122 -0.040 -0.071 -0.160 -0.578 -0.441 -0.317 -0.113 -0.032 -0.103 -0.389
0.04 0.47971 5.00000 0.8999999762 2.4492788315    0.899  0.989  3.6278  2.867    0  0.000  0.538     0.00     0.00 -1 -4.82e-12      0.00 6.390e-01 3.210e-01 7.098e-03 1.938e-03 1.760e-02 -1.000 4.000e-02 2.299 0.681 0.005 -0.134 -0.205 -0.123 -0.153 -0.242 -0.659 -0.522 -0.397 -0.196 -0.115 -0.185 -0.471
0.04 0.47971 5.00000 0.9185411930 2.4541096687    0.918  1.003  3.6287  2.865    0  0.000  0.538     0.00     0.00 -1 -4.94e-12      0.00 6.390e-01 3.210e-01 7.098e-03 1.938e-03 1.760e-02 -1.000 4.000e-02 2.263 0.648 -0.025 -0.164 -0.234 -0.153 -0.182 -0.270 -0.688 -0.551 -0.426 -0.226 -0.144 -0.214 -0.499
0.04 0.47971 5.00000 0.9499999881 2.4618122578    0.950  1.030  3.6301  2.858    0  0.000  0.538     0.00     0.00 -1 -5.21e-12      0.00 6.390e-01 3.210e-01 7.098e-03 1.938e-03 1.760e-02 -1.000 4.000e-02 2.195 0.584 -0.085 -0.222 -0.292 -0.211 -0.240 -0.328 -0.746 -0.608 -0.483 -0.284 -0.202 -0.271 -0.557
0.04 0.47971 5.00000 1.0000000000 2.4729156494    1.000  1.068  3.6323  2.851    0  0.000  0.538     0.00     0.00 -1 -5.59e-12      0.00 6.390e-01 3.210e-01 7.098e-03 1.938e-03 1.760e-02 -1.000 4.000e-02 2.101 0.496 -0.166 -0.302 -0.372 -0.291 -0.319 -0.407 -0.824 -0.686 -0.561 -0.363 -0.282 -0.350 -0.635
0.04 0.47971 5.00000 1.0499999523 2.4828116894    1.050  1.108  3.6341  2.839    0  0.000  0.538     0.00     0.00 -1 -5.64e-12      0.00 6.390e-01 3.210e-01 7.098e-03 1.938e-03 1.760e-02 -1.000 4.000e-02 1.999 0.400 -0.257 -0.391 -0.461 -0.380 -0.408 -0.495 -0.912 -0.774 -0.649 -0.452 -0.372 -0.438 -0.723
0.04 0.47971 5.00000 1.1000000238 2.4916803837    1.099  1.142  3.6359  2.833    0  0.000  0.538     0.00     0.00 -1 -5.53e-12      0.00 6.390e-01 3.210e-01 7.098e-03 1.938e-03 1.760e-02 -1.000 4.000e-02 1.915 0.321 -0.329 -0.463 -0.532 -0.452 -0.480 -0.566 -0.983 -0.845 -0.720 -0.524 -0.443 -0.509 -0.794
0.04 0.47971 5.00000 1.1262581348 2.4959766865    1.126  1.159  3.6368  2.830    0  0.000  0.538     0.00     0.00 -1 -5.44e-12      0.00 6.390e-01 3.210e-01 7.098e-03 1.938e-03 1.760e-02 -1.000 4.000e-02 1.874 0.281 -0.366 -0.498 -0.567 -0.488 -0.515 -0.601 -1.018 -0.880 -0.755 -0.559 -0.479 -0.544 -0.829
0.04 0.47971 5.00000 1.1499999762 2.4996678829    1.149  1.174  3.6376  2.827    0  0.000  0.538     0.00     0.00 -1 -5.37e-12      0.00 6.390e-01 3.210e-01 7.098e-03 1.938e-03 1.760e-02 -1.000 4.000e-02 1.835 0.244 -0.400 -0.532 -0.601 -0.522 -0.549 -0.634 -1.051 -0.913 -0.788 -0.593 -0.513 -0.577 -0.862
0.04 0.47971 5.00000 1.2000000477 2.5068950653    1.200  1.204  3.6392  2.822    0  0.000  0.538     0.00     0.00 -1 -5.14e-12      0.00 6.390e-01 3.210e-01 7.098e-03 1.938e-03 1.760e-02 -1.000 4.000e-02 1.761 0.175 -0.464 -0.595 -0.663 -0.584 -0.611 -0.696 -1.113 -0.975 -0.849 -0.656 -0.576 -0.639 -0.924
0.04 0.47971 5.00000 1.2485146523 2.5132749081    1.248  1.231  3.6406  2.817    0  0.000  0.538     0.00     0.00 -1 -4.88e-12      0.00 6.390e-01 3.210e-01 7.098e-03 1.938e-03 1.760e-02 -1.000 4.000e-02 1.692 0.110 -0.525 -0.654 -0.723 -0.644 -0.671 -0.755 -1.172 -1.034 -0.908 -0.715 -0.636 -0.698 -0.983
0.04 0.47971 5.00000 1.2500000000 2.5134611130    1.250  1.232  3.6407  2.817    0  0.000  0.538     0.00     0.00 -1 -4.88e-12      0.00 6.390e-01 3.210e-01 7.098e-03 1.938e-03 1.760e-02 -1.000 4.000e-02 1.690 0.108 -0.527 -0.656 -0.724 -0.646 -0.672 -0.757 -1.174 -1.035 -0.910 -0.717 -0.637 -0.700 -0.985
0.04 0.47971 5.00000 1.2999999523 2.5194499493    1.300  1.260  3.6421  2.813    0  0.000  0.538     0.00     0.00 -1 -4.55e-12      0.00 6.390e-01 3.210e-01 7.098e-03 1.938e-03 1.760e-02 -1.000 4.000e-02 1.621 0.042 -0.587 -0.716 -0.784 -0.706 -0.732 -0.816 -1.233 -1.095 -0.969 -0.776 -0.697 -0.759 -1.044
0.04 0.47971 5.00000 1.3500000238 2.5249314308    1.350  1.286  3.6434  2.808    0  0.000  0.538     0.00     0.00 -1 -4.17e-12      0.00 6.390e-01 3.210e-01 7.098e-03 1.938e-03 1.760e-02 -1.000 4.000e-02 1.555 -0.020 -0.646 -0.773 -0.841 -0.763 -0.789 -0.872 -1.290 -1.152 -1.026 -0.834 -0.755 -0.815 -1.101
0.04 0.47971 5.00000 1.3999999762 2.5299651623    1.400  1.314  3.6445  2.800    0  0.000  0.538     0.00     0.00 -1 -3.78e-12      0.00 6.390e-01 3.210e-01 7.098e-03 1.938e-03 1.760e-02 -1.000 4.000e-02 1.486 -0.087 -0.708 -0.835 -0.903 -0.825 -0.851 -0.934 -1.351 -1.213 -1.087 -0.895 -0.817 -0.877 -1.162
0.04 0.47971 5.00000 1.4371354580 2.5334441662    1.437  1.331  3.6454  2.798    0  0.000  0.538     0.00     0.00 -1  -3.4e-12      0.00 6.390e-01 3.210e-01 7.098e-03 1.938e-03 1.760e-02 -1.000 4.000e-02 1.442 -0.128 -0.746 -0.872 -0.940 -0.863 -0.888 -0.971 -1.388 -1.250 -1.124 -0.933 -0.855 -0.914 -1.199
0.04 0.47971 5.00000 1.4500000477 2.5346016884    1.450  1.337  3.6457  2.798    0  0.000  0.538     0.00     0.00 -1 -3.27e-12      0.00 6.390e-01 3.210e-01 7.098e-03 1.938e-03 1.760e-02 -1.000 4.000e-02 1.428 -0.141 -0.758 -0.884 -0.952 -0.875 -0.900 -0.982 -1.400 -1.262 -1.136 -0.944 -0.866 -0.925 -1.211
0.04 0.47971 5.00000 1.5000000000 2.5388846397    1.500  1.361  3.6467  2.793    0  0.000  0.538     0.00     0.00 -1 -2.73e-12      0.00 6.390e-01 3.210e-01 7.098e-03 1.938e-03 1.760e-02 -1.000 4.000e-02 1.369 -0.198 -0.812 -0.937 -1.004 -0.928 -0.953 -1.035 -1.452 -1.314 -1.188 -0.997 -0.919 -0.978 -1.263
0.04 0.47971 5.00000 1.5048524141 2.5392827988    1.505  1.363  3.6469  2.792    0  0.000  0.538     0.00     0.00 -1 -2.67e-12      0.00 6.390e-01 3.210e-01 7.098e-03 1.938e-03 1.760e-02 -1.000 4.000e-02 1.364 -0.203 -0.816 -0.941 -1.008 -0.932 -0.957 -1.039 -1.456 -1.319 -1.192 -1.001 -0.924 -0.982 -1.267
0.04 0.47971 5.00000 1.5500000715 2.5428512096    1.550  1.383  3.6478  2.789    0  0.000  0.538     0.00     0.00 -1 -2.13e-12      0.00 6.390e-01 3.210e-01 7.098e-03 1.938e-03 1.760e-02 -1.000 4.000e-02 1.314 -0.250 -0.860 -0.985 -1.052 -0.976 -1.001 -1.082 -1.500 -1.362 -1.236 -1.045 -0.967 -1.025 -1.311
0.04 0.47971 5.00000 1.6000000238 2.5465342999    1.600  1.404  3.6488  2.785    0  0.000  0.538     0.00     0.00 -1 -1.47e-12      0.00 6.390e-01 3.210e-01 7.098e-03 1.938e-03 1.760e-02 -1.000 4.000e-02 1.260 -0.301 -0.908 -1.032 -1.099 -1.023 -1.048 -1.129 -1.546 -1.409 -1.283 -1.092 -1.015 -1.072 -1.358
0.04 0.47971 5.00000 1.6499999762 2.5499615669    1.649  1.425  3.6497  2.781    0  0.000  0.538     0.00     0.00 -1 -7.67e-13      0.00 6.390e-01 3.210e-01 7.098e-03 1.938e-03 1.760e-02 -1.000 4.000e-02 1.207 -0.352 -0.956 -1.079 -1.146 -1.070 -1.095 -1.176 -1.593 -1.456 -1.329 -1.139 -1.062 -1.119 -1.404
0.04 0.47971 5.00000 1.7000000477 2.5531582832    1.699  1.444  3.6507  2.779    0  0.000  0.538     0.00     0.00 -1    -1e-30      0.00 6.390e-01 3.210e-01 7.098e-03 1.938e-03 1.760e-02 -1.000 4.000e-02 1.159 -0.397 -0.998 -1.120 -1.187 -1.112 -1.136 -1.216 -1.634 -1.497 -1.370 -1.180 -1.104 -1.160 -1.445
0.04 0.47971 5.00000 1.7500000000 2.5561456680    1.749  1.465  3.6515  2.774    0  0.000  0.538     0.00     0.00 -1    -1e-30      0.00 6.390e-01 3.210e-01 7.098e-03 1.938e-03 1.760e-02 -1.000 4.000e-02 1.107 -0.447 -1.045 -1.166 -1.233 -1.158 -1.182 -1.262 -1.680 -1.543 -1.416 -1.226 -1.150 -1.206 -1.491
0.04 0.47971 5.00000 1.7999999523 2.5589430332    1.799  1.481  3.6525  2.774    0  0.000  0.538     0.00     0.00 -1    -1e-30      0.00 6.390e-01 3.210e-01 7.098e-03 1.938e-03 1.760e-02 -1.000 4.000e-02 1.068 -0.483 -1.078 -1.199 -1.265 -1.191 -1.215 -1.294 -1.712 -1.575 -1.448 -1.259 -1.183 -1.238 -1.523
0.04 0.47971 5.00000 1.8500000238 2.5615673065    1.849  1.498  3.6533  2.772    0  0.000  0.538     0.00     0.00 -1    -1e-30      0.00 6.390e-01 3.210e-01 7.098e-03 1.938e-03 1.760e-02 -1.000 4.000e-02 1.024 -0.525 -1.117 -1.237 -1.304 -1.229 -1.253 -1.333 -1.750 -1.613 -1.486 -1.297 -1.221 -1.276 -1.561
0.04 0.47971 5.00000 1.8608648777 2.5621161461    1.860  1.503  3.6535  2.771    0  0.000  0.538     0.00     0.00 -1    -1e-30      0.00 6.390e-01 3.210e-01 7.098e-03 1.938e-03 1.760e-02 -1.000 4.000e-02 1.013 -0.536 -1.127 -1.248 -1.314 -1.240 -1.263 -1.343 -1.760 -1.623 -1.496 -1.307 -1.232 -1.286 -1.572
0.04 0.47971 5.00000 1.8999999762 2.5640332699    1.899  1.520  3.6539  2.764    0  0.000  0.538     0.00     0.00 -1    -1e-30      0.00 6.390e-01 3.210e-01 7.098e-03 1.938e-03 1.760e-02 -1.000 4.000e-02 0.970 -0.578 -1.168 -1.288 -1.355 -1.281 -1.304 -1.384 -1.801 -1.664 -1.537 -1.348 -1.273 -1.327 -1.612
0.04 0.47971 5.00000 1.9035840034 2.5642042160    1.903  1.521  3.6539  2.764    0  0.000  0.538     0.00     0.00 -1    -1e-30      0.00 6.390e-01 3.210e-01 7.098e-03 1.938e-03 1.760e-02 -1.000 4.000e-02 0.967 -0.581 -1.171 -1.290 -1.357 -1.283 -1.306 -1.386 -1.803 -1.666 -1.539 -1.350 -1.275 -1.329 -1.614
0.04 0.47971 5.00000 1.9511904716 2.5664079189    1.951  1.532  3.6550  2.768    0  0.000  0.538     0.00     0.00 -1    -1e-30      0.00 6.390e-01 3.210e-01 7.098e-03 1.938e-03 1.760e-02 -1.000 4.000e-02 0.939 -0.606 -1.192 -1.312 -1.378 -1.304 -1.327 -1.406 -1.824 -1.687 -1.560 -1.371 -1.296 -1.349 -1.635
0.04 0.47971 5.00000 2.0023808479 2.5686435699    2.003  1.549  3.6557  2.766    0  0.000  0.538     0.00     0.00 -1    -1e-30      0.00 6.390e-01 3.210e-01 7.098e-03 1.938e-03 1.760e-02 -1.000 4.000e-02 0.898 -0.645 -1.229 -1.347 -1.413 -1.340 -1.363 -1.442 -1.860 -1.722 -1.595 -1.407 -1.332 -1.385 -1.671
0.04 0.47971 5.00000 2.0535714626 2.5707516670    2.053  1.566  3.6564  2.763    0  0.000  0.538     0.00     0.00 -1    -1e-30      0.00 6.390e-01 3.210e-01 7.098e-03 1.938e-03 1.760e-02 -1.000 4.000e-02 0.856 -0.685 -1.267 -1.385 -1.451 -1.378 -1.401 -1.479 -1.897 -1.760 -1.633 -1.444 -1.370 -1.422 -1.708
0.04 0.47971 5.00000 2.1047618389 2.5727419853    2.104  1.581  3.6571  2.760    0  0.000  0.538     0.00     0.00 -1    -1e-30      0.00 6.390e-01 3.210e-01 7.098e-03 1.938e-03 1.760e-02 -1.000 4.000e-02 0.817 -0.723 -1.302 -1.420 -1.485 -1.413 -1.436 -1.514 -1.932 -1.794 -1.667 -1.479 -1.405 -1.457 -1.743
0.04 0.47971 5.00000 2.1558735371 2.5746214390    2.154  1.596  3.6578  2.758    0  0.000  0.538     0.00     0.00 -1    -1e-30      0.00 6.390e-01 3.210e-01 7.098e-03 1.938e-03 1.760e-02 -1.000 4.000e-02 0.779 -0.758 -1.335 -1.453 -1.518 -1.445 -1.468 -1.546 -1.964 -1.827 -1.700 -1.512 -1.438 -1.489 -1.775
0.04 0.47971 5.00000 2.1559524536 2.5746243000    2.155  1.596  3.6578  2.758    0  0.000  0.538     0.00     0.00 -1    -1e-30      0.00 6.390e-01 3.210e-01 7.098e-03 1.938e-03 1.760e-02 -1.000 4.000e-02 0.779 -0.759 -1.335 -1.453 -1.518 -1.445 -1.468 -1.546 -1.964 -1.827 -1.700 -1.512 -1.438 -1.489 -1.775
0.04 0.47971 5.00000 2.1829969883 2.5755777359    2.181  1.603  3.6582  2.759    0  0.000  0.538     0.00     0.00 -1    -1e-30      0.00 6.390e-01 3.210e-01 7.098e-03 1.938e-03 1.760e-02 -1.000 4.000e-02 0.763 -0.774 -1.349 -1.466 -1.531 -1.459 -1.482 -1.559 -1.977 -1.840 -1.713 -1.525 -1.451 -1.503 -1.788
0.04 0.47971 5.00000 2.2071428299 2.5764062405    2.206  1.608  3.6586  2.760    0  0.000  0.538     0.00     0.00 -1    -1e-30      0.00 6.390e-01 3.210e-01 7.098e-03 1.938e-03 1.760e-02 -1.000 4.000e-02 0.750 -0.786 -1.360 -1.477 -1.542 -1.470 -1.493 -1.570 -1.988 -1.851 -1.724 -1.536 -1.462 -1.513 -1.799
0.04 0.47971 5.00000 2.2415051460 2.5775501728    2.240  1.618  3.6590  2.758    0  0.000  0.538     0.00     0.00 -1    -1e-30      0.00 6.390e-01 3.210e-01 7.098e-03 1.938e-03 1.760e-02 -1.000 4.000e-02 0.724 -0.811 -1.384 -1.500 -1.565 -1.493 -1.516 -1.593 -2.011 -1.874 -1.747 -1.559 -1.485 -1.536 -1.822
0.04 0.47971 5.00000 2.2583334446 2.5780959129    2.257  1.624  3.6592  2.757    0  0.000  0.538     0.00     0.00 -1    -1e-30      0.00 6.390e-01 3.210e-01 7.098e-03 1.938e-03 1.760e-02 -1.000 4.000e-02 0.711 -0.824 -1.396 -1.512 -1.577 -1.505 -1.528 -1.605 -2.023 -1.886 -1.759 -1.571 -1.497 -1.548 -1.834
0.04 0.47971 5.00000 2.2658674717 2.5783371925    2.264  1.626  3.6593  2.756    0  0.000  0.538     0.00     0.00 -1    -1e-30      0.00 6.390e-01 3.210e-01 7.098e-03 1.938e-03 1.760e-02 -1.000 4.000e-02 0.705 -0.829 -1.401 -1.517 -1.582 -1.510 -1.533 -1.610 -2.028 -1.891 -1.764 -1.576 -1.503 -1.554 -1.839
0.04 0.47971 5.00000 2.3095238209 2.5796995163    2.308  1.637  3.6599  2.756    0  0.000  0.538     0.00     0.00 -1    -1e-30      0.00 6.390e-01 3.210e-01 7.098e-03 1.938e-03 1.760e-02 -1.000 4.000e-02 0.679 -0.854 -1.424 -1.539 -1.604 -1.533 -1.555 -1.632 -2.050 -1.913 -1.786 -1.598 -1.525 -1.575 -1.861
0.04 0.47971 5.00000 2.3607141972 2.5812234879    2.359  1.648  3.6606  2.757    0  0.000  0.538     0.00     0.00 -1    -1e-30      0.00 6.390e-01 3.210e-01 7.098e-03 1.938e-03 1.760e-02 -1.000 4.000e-02 0.649 -0.882 -1.449 -1.564 -1.629 -1.558 -1.580 -1.657 -2.075 -1.938 -1.810 -1.623 -1.550 -1.600 -1.886
0.04 0.47971 5.00000 2.4049975872 2.5824818611    2.403  1.653  3.6616  2.765    0  0.000  0.538     0.00     0.00 -1    -1e-30      0.00 6.390e-01 3.210e-01 7.098e-03 1.938e-03 1.760e-02 -1.000 4.000e-02 0.638 -0.889 -1.454 -1.568 -1.633 -1.562 -1.584 -1.660 -2.078 -1.941 -1.813 -1.627 -1.554 -1.603 -1.889
0.04 0.47971 5.00000 2.4119048119 2.5826733112    2.411  1.653  3.6618  2.766    0  0.000  0.538     0.00     0.00 -1    -1e-30      0.00 6.390e-01 3.210e-01 7.098e-03 1.938e-03 1.760e-02 -1.000 4.000e-02 0.637 -0.891 -1.455 -1.569 -1.633 -1.562 -1.585 -1.661 -2.079 -1.941 -1.814 -1.627 -1.555 -1.604 -1.890
0.04 0.47971 5.00000 2.4310028553 2.5831961632    2.429  1.646  3.6627  2.780    0  0.000  0.538     0.00     0.00 -1    -1e-30      0.00 6.390e-01 3.210e-01 7.098e-03 1.938e-03 1.760e-02 -1.000 4.000e-02 0.655 -0.870 -1.431 -1.544 -1.608 -1.538 -1.560 -1.635 -2.053 -1.916 -1.788 -1.602 -1.530 -1.579 -1.864
0.04 0.47971 5.00000 2.4630951881 2.5840539932    2.461  1.633  3.6643  2.805    0  0.000  0.538     0.00     0.00 -1    -1e-30      0.00 6.390e-01 3.210e-01 7.098e-03 1.938e-03 1.760e-02 -1.000 4.000e-02 0.688 -0.833 -1.389 -1.501 -1.565 -1.494 -1.516 -1.591 -2.009 -1.871 -1.744 -1.559 -1.487 -1.534 -1.820
0.04 0.47971 5.00000 2.5142858028 2.5853703022    2.512  1.613  3.6668  2.844    0  0.000  0.538     0.00     0.00 -1    -1e-30      0.00 6.390e-01 3.210e-01 7.098e-03 1.938e-03 1.760e-02 -1.000 4.000e-02 0.738 -0.776 -1.324 -1.434 -1.496 -1.427 -1.449 -1.522 -1.940 -1.802 -1.674 -1.491 -1.420 -1.465 -1.751
0.04 0.47971 5.00000 2.6139886379 2.5877647400    2.612  1.611  3.6694  2.873    0  0.000  0.538     0.00     0.00 -1    -1e-30      0.00 6.390e-01 3.210e-01 7.098e-03 1.938e-03 1.760e-02 -1.000 4.000e-02 0.742 -0.764 -1.305 -1.413 -1.474 -1.406 -1.427 -1.499 -1.917 -1.779 -1.650 -1.468 -1.398 -1.442 -1.728
0.04 0.47971 5.00000 2.7190475464 2.5900702477    2.717  1.614  3.6718  2.897    0  0.000  0.538     0.00     0.00 -1    -1e-30      0.00 6.390e-01 3.210e-01 7.098e-03 1.938e-03 1.760e-02 -1.000 4.000e-02 0.734 -0.765 -1.299 -1.405 -1.465 -1.398 -1.419 -1.490 -1.907 -1.769 -1.640 -1.460 -1.391 -1.433 -1.718
0.04 0.47971 5.00000 2.8980357647 2.5935592651    2.897  1.654  3.6735  2.892    0  0.000  0.538     0.00     0.00 -1    -1e-30      0.00 6.390e-01 3.210e-01 7.098e-03 1.938e-03 1.760e-02 -1.000 4.000e-02 0.635 -0.860 -1.388 -1.493 -1.552 -1.486 -1.506 -1.577 -1.994 -1.856 -1.727 -1.547 -1.479 -1.520 -1.805
0.04 0.47971 5.00000 2.9238095284 2.5940215588    2.922  1.660  3.6738  2.891    0  0.000  0.538     0.00     0.00 -1    -1e-30      0.00 6.390e-01 3.210e-01 7.098e-03 1.938e-03 1.760e-02 -1.000 4.000e-02 0.620 -0.873 -1.401 -1.506 -1.565 -1.499 -1.519 -1.589 -2.007 -1.869 -1.740 -1.560 -1.492 -1.532 -1.818
0.04 0.47971 5.00000 3.0202941895 2.5956711769    3.019  1.680  3.6747  2.889    0  0.000  0.538     0.00     0.00 -1    -1e-30      0.00 6.390e-01 3.210e-01 7.098e-03 1.938e-03 1.760e-02 -1.000 4.000e-02 0.571 -0.920 -1.445 -1.549 -1.608 -1.542 -1.562 -1.632 -2.050 -1.912 -1.783 -1.603 -1.535 -1.575 -1.861
0.04 0.47971 5.00000 3.1285715103 2.5973839760    3.127  1.702  3.6756  2.886    0  0.000  0.538     0.00     0.00 -1    -1e-30      0.00 6.390e-01 3.210e-01 7.098e-03 1.938e-03 1.760e-02 -1.000 4.000e-02 0.515 -0.973 -1.495 -1.599 -1.658 -1.592 -1.612 -1.682 -2.099 -1.961 -1.832 -1.652 -1.585 -1.625 -1.910
0.04 0.47971 5.00000 3.2700068951 2.5994257927    3.267  1.728  3.6769  2.884    0  0.000  0.538     0.00     0.00 -1    -1e-30      0.00 6.390e-01 3.210e-01 7.098e-03 1.938e-03 1.760e-02 -1.000 4.000e-02 0.449 -1.035 -1.553 -1.656 -1.714 -1.649 -1.669 -1.739 -2.156 -2.018 -1.889 -1.709 -1.642 -1.681 -1.967
0.04 0.47971 5.00000 3.3333334923 2.6002757549    3.331  1.741  3.6774  2.881    0  0.000  0.538     0.00     0.00 -1    -1e-30      0.00 6.390e-01 3.210e-01 7.098e-03 1.938e-03 1.760e-02 -1.000 4.000e-02 0.418 -1.065 -1.581 -1.684 -1.742 -1.677 -1.697 -1.766 -2.184 -2.046 -1.916 -1.737 -1.670 -1.709 -1.995
0.04 0.47971 5.00000 3.4284260273 2.6014842987    3.425  1.758  3.6781  2.879    0  0.000  0.538     0.00     0.00 -1    -1e-30      0.00 6.390e-01 3.210e-01 7.098e-03 1.938e-03 1.760e-02 -1.000 4.000e-02 0.375 -1.107 -1.620 -1.722 -1.781 -1.716 -1.736 -1.804 -2.222 -2.084 -1.955 -1.775 -1.709 -1.747 -2.033
0.04 0.47971 5.00000 3.5380954742 2.6027860641    3.535  1.779  3.6789  2.875    0  0.000  0.538     0.00     0.00 -1    -1e-30      0.00 6.390e-01 3.210e-01 7.098e-03 1.938e-03 1.760e-02 -1.000 4.000e-02 0.323 -1.156 -1.668 -1.769 -1.827 -1.763 -1.782 -1.851 -2.268 -2.130 -2.001 -1.822 -1.756 -1.794 -2.080
0.04 0.47971 5.00000 3.7155923843 2.6047065258    3.712  1.809  3.6802  2.871    0  0.000  0.538     0.00     0.00 -1    -1e-30      0.00 6.390e-01 3.210e-01 7.098e-03 1.938e-03 1.760e-02 -1.000 4.000e-02 0.246 -1.229 -1.736 -1.837 -1.894 -1.830 -1.850 -1.918 -2.335 -2.197 -2.068 -1.889 -1.823 -1.861 -2.147
0.04 0.47971 5.00000 3.7428572178 2.6049830914    3.740  1.814  3.6805  2.871    0  0.000  0.538     0.00     0.00 -1    -1e-30      0.00 6.390e-01 3.210e-01 7.098e-03 1.938e-03 1.760e-02 -1.000 4.000e-02 0.235 -1.240 -1.746 -1.847 -1.904 -1.840 -1.860 -1.928 -2.345 -2.207 -2.078 -1.899 -1.833 -1.871 -2.156
0.04 0.47971 5.00000 3.7890844345 2.6054415703    3.786  1.821  3.6808  2.870    0  0.000  0.538     0.00     0.00 -1    -1e-30      0.00 6.390e-01 3.210e-01 7.098e-03 1.938e-03 1.760e-02 -1.000 4.000e-02 0.216 -1.257 -1.763 -1.863 -1.921 -1.857 -1.876 -1.944 -2.362 -2.223 -2.094 -1.916 -1.850 -1.887 -2.173
0.04 0.47971 5.00000 3.9476191998 2.6069202423    3.946  1.850  3.6817  2.863    0  0.000  0.538     0.00     0.00 -1    -1e-30      0.00 6.390e-01 3.210e-01 7.098e-03 1.938e-03 1.760e-02 -1.000 4.000e-02 0.145 -1.326 -1.829 -1.928 -1.986 -1.922 -1.941 -2.009 -2.426 -2.288 -2.159 -1.981 -1.915 -1.952 -2.238
0.04 0.47971 5.00000 3.9602808952 2.6070322990    3.959  1.852  3.6818  2.863    0  0.000  0.538     0.00     0.00 -1    -1e-30      0.00 6.390e-01 3.210e-01 7.098e-03 1.938e-03 1.760e-02 -1.000 4.000e-02 0.140 -1.330 -1.833 -1.933 -1.990 -1.926 -1.945 -2.013 -2.430 -2.292 -2.163 -1.985 -1.919 -1.956 -2.242
0.04 0.47971 5.00000 4.1389055252 2.6085321903    4.136  1.881  3.6830  2.857    0  0.000  0.538     0.00     0.00 -1    -1e-30      0.00 6.390e-01 3.210e-01 7.098e-03 1.938e-03 1.760e-02 -1.000 4.000e-02 0.067 -1.401 -1.900 -1.998 -2.055 -1.992 -2.011 -2.078 -2.496 -2.357 -2.228 -2.050 -1.985 -2.021 -2.307
0.04 0.47971 5.00000 4.1523809433 2.6086392403    4.150  1.884  3.6831  2.857    0  0.000  0.538     0.00     0.00 -1    -1e-30      0.00 6.390e-01 3.210e-01 7.098e-03 1.938e-03 1.760e-02 -1.000 4.000e-02 0.060 -1.406 -1.905 -2.004 -2.061 -1.998 -2.017 -2.084 -2.501 -2.363 -2.233 -2.056 -1.991 -2.027 -2.312
0.04 0.47971 5.00000 4.3106203079 2.6098399162    4.307  1.910  3.6841  2.850    0  0.000  0.538     0.00     0.00 -1    -1e-30      0.00 6.390e-01 3.210e-01 7.098e-03 1.938e-03 1.760e-02 -1.000 4.000e-02 -0.006 -1.470 -1.966 -2.064 -2.121 -2.058 -2.077 -2.144 -2.561 -2.422 -2.293 -2.116 -2.051 -2.087 -2.372
0.04 0.47971 5.00000 4.3571429253 2.6101737022    4.354  1.919  3.6843  2.847    0  0.000  0.538     0.00     0.00 -1    -1e-30      0.00 6.390e-01 3.210e-01 7.098e-03 1.938e-03 1.760e-02 -1.000 4.000e-02 -0.027 -1.490 -1.985 -2.083 -2.140 -2.077 -2.096 -2.163 -2.580 -2.441 -2.312 -2.135 -2.070 -2.106 -2.391
0.04 0.47971 5.00000 4.4812288284 2.6110255718    4.478  1.939  3.6851  2.842    0  0.000  0.538     0.00     0.00 -1    -1e-30      0.00 6.390e-01 3.210e-01 7.098e-03 1.938e-03 1.760e-02 -1.000 4.000e-02 -0.078 -1.539 -2.032 -2.129 -2.186 -2.123 -2.142 -2.208 -2.626 -2.487 -2.358 -2.181 -2.117 -2.151 -2.437
0.04 0.47971 5.00000 4.5619049072 2.6115510464    4.559  1.953  3.6856  2.838    0  0.000  0.538     0.00     0.00 -1    -1e-30      0.00 6.390e-01 3.210e-01 7.098e-03 1.938e-03 1.760e-02 -1.000 4.000e-02 -0.114 -1.573 -2.065 -2.162 -2.218 -2.156 -2.174 -2.241 -2.658 -2.519 -2.390 -2.213 -2.149 -2.184 -2.469
0.04 0.47971 5.00000 4.6083803177 2.6118440628    4.605  1.961  3.6859  2.836    0  0.000  0.538     0.00     0.00 -1    -1e-30      0.00 6.390e-01 3.210e-01 7.098e-03 1.938e-03 1.760e-02 -1.000 4.000e-02 -0.131 -1.590 -2.080 -2.177 -2.233 -2.171 -2.190 -2.256 -2.673 -2.534 -2.405 -2.228 -2.165 -2.199 -2.484
0.04 0.47971 5.00000 4.7666664124 2.6127929688    4.764  1.988  3.6868  2.827    0  0.000  0.538     0.00     0.00 -1    -1e-30      0.00 6.390e-01 3.210e-01 7.098e-03 1.938e-03 1.760e-02 -1.000 4.000e-02 -0.201 -1.657 -2.144 -2.241 -2.296 -2.234 -2.253 -2.319 -2.736 -2.597 -2.468 -2.291 -2.228 -2.262 -2.547
0.04 0.47971 5.00000 4.8024535179 2.6129975319    4.800  1.994  3.6871  2.825    0  0.000  0.538     0.00     0.00 -1    -1e-30      0.00 6.390e-01 3.210e-01 7.098e-03 1.938e-03 1.760e-02 -1.000 4.000e-02 -0.215 -1.670 -2.157 -2.254 -2.309 -2.247 -2.266 -2.332 -2.749 -2.610 -2.481 -2.304 -2.241 -2.275 -2.560
0.04 0.47971 5.00000 4.9714288712 2.6139180660    4.970  2.029  3.6879  2.809    0  0.000  0.538     0.00     0.00 -1    -1e-30      0.00 6.390e-01 3.210e-01 7.098e-03 1.938e-03 1.760e-02 -1.000 4.000e-02 -0.302 -1.755 -2.239 -2.335 -2.390 -2.329 -2.347 -2.413 -2.830 -2.691 -2.562 -2.386 -2.322 -2.356 -2.641
0.04 0.47971 5.00000 5.0480918884 2.6143124104    5.047  2.041  3.6885  2.806    0  0.000  0.538     0.00     0.00 -1    -1e-30      0.00 6.390e-01 3.210e-01 7.098e-03 1.938e-03 1.760e-02 -1.000 4.000e-02 -0.333 -1.784 -2.266 -2.362 -2.417 -2.356 -2.374 -2.440 -2.857 -2.717 -2.588 -2.412 -2.349 -2.382 -2.668
0.04 0.47971 5.00000 5.1761903763 2.6149415970    5.176  2.066  3.6894  2.796    0  0.000  0.538     0.00     0.00 -1    -1e-30      0.00 6.390e-01 3.210e-01 7.098e-03 1.938e-03 1.760e-02 -1.000 4.000e-02 -0.395 -1.843 -2.323 -2.418 -2.473 -2.412 -2.430 -2.495 -2.912 -2.773 -2.644 -2.468 -2.405 -2.438 -2.723
0.04 0.47971 5.00000 5.2928543091 2.6154839993    5.293  2.087  3.6903  2.788    0  0.000  0.538     0.00     0.00 -1    -1e-30      0.00 6.390e-01 3.210e-01 7.098e-03 1.938e-03 1.760e-02 -1.000 4.000e-02 -0.447 -1.893 -2.370 -2.465 -2.519 -2.459 -2.476 -2.542 -2.958 -2.819 -2.690 -2.515 -2.452 -2.484 -2.770
0.04 0.47971 5.00000 5.3809523582 2.6158759594    5.381  2.106  3.6909  2.779    0  0.000  0.538     0.00     0.00 -1    -1e-30      0.00 6.390e-01 3.210e-01 7.098e-03 1.938e-03 1.760e-02 -1.000 4.000e-02 -0.495 -1.938 -2.413 -2.508 -2.562 -2.502 -2.519 -2.584 -3.001 -2.862 -2.733 -2.557 -2.495 -2.527 -2.812
0.04 0.47971 5.00000 5.5857143402 2.6167318821    5.586  2.158  3.6925  2.749    0  0.000  0.538     0.00     0.00 -1    -1e-30      0.00 6.390e-01 3.210e-01 7.098e-03 1.938e-03 1.760e-02 -1.000 4.000e-02 -0.626 -2.064 -2.535 -2.628 -2.682 -2.623 -2.640 -2.705 -3.122 -2.983 -2.853 -2.678 -2.616 -2.647 -2.933
0.04 0.47971 5.00000 5.7782292366 2.6174733639    5.779  2.202  3.6944  2.727    0  0.000  0.538     0.00     0.00 -1    -1e-30      0.00 6.390e-01 3.210e-01 7.098e-03 1.938e-03 1.760e-02 -1.000 4.000e-02 -0.736 -2.169 -2.634 -2.726 -2.779 -2.720 -2.738 -2.802 -3.219 -3.080 -2.950 -2.775 -2.714 -2.744 -3.030
0.04 0.47971 5.00000 5.7904763222 2.6175186634    5.791  2.206  3.6946  2.726    0  0.000  0.538     0.00     0.00 -1    -1e-30      0.00 6.390e-01 3.210e-01 7.098e-03 1.938e-03 1.760e-02 -1.000 4.000e-02 -0.744 -2.176 -2.640 -2.733 -2.786 -2.727 -2.744 -2.808 -3.225 -3.086 -2.957 -2.782 -2.721 -2.751 -3.036
0.04 0.47971 5.00000 5.8271384239 2.6176526546    5.828  2.214  3.6950  2.721    0  0.000  0.538     0.00     0.00 -1    -1e-30      0.00 6.390e-01 3.210e-01 7.098e-03 1.938e-03 1.760e-02 -1.000 4.000e-02 -0.765 -2.196 -2.660 -2.752 -2.805 -2.746 -2.763 -2.827 -3.244 -3.105 -2.976 -2.800 -2.740 -2.770 -3.055
0.04 0.47971 5.00000 5.9776010513 2.6181836128    5.978  2.269  3.6970  2.686    0  0.000  0.538     0.00     0.00 -1    -1e-30      0.00 6.390e-01 3.210e-01 7.098e-03 1.938e-03 1.760e-02 -1.000 4.000e-02 -0.902 -2.326 -2.783 -2.874 -2.927 -2.869 -2.886 -2.949 -3.366 -3.227 -3.098 -2.922 -2.863 -2.892 -3.177
0.04 0.47971 5.00000 5.9952383041 2.6182439327    5.996  2.276  3.6973  2.682    0  0.000  0.538     0.00     0.00 -1    -1e-30      0.00 6.390e-01 3.210e-01 7.098e-03 1.938e-03 1.760e-02 -1.000 4.000e-02 -0.919 -2.343 -2.799 -2.890 -2.942 -2.884 -2.901 -2.964 -3.381 -3.242 -3.113 -2.938 -2.878 -2.907 -3.193
0.04 0.47971 5.00000 6.1972713470 2.6189057827    6.197  2.352  3.7006  2.633    0  0.000  0.538     0.00     0.00 -1    -1e-30      0.00 6.390e-01 3.210e-01 7.098e-03 1.938e-03 1.760e-02 -1.000 4.000e-02 -1.110 -2.524 -2.970 -3.059 -3.111 -3.054 -3.070 -3.132 -3.550 -3.411 -3.282 -3.106 -3.048 -3.075 -3.361
0.04 0.47971 5.00000 6.1999998093 2.6189143658    6.200  2.356  3.7010  2.630    0  0.000  0.538     0.00     0.00 -1    -1e-30      0.00 6.390e-01 3.210e-01 7.098e-03 1.938e-03 1.760e-02 -1.000 4.000e-02 -1.121 -2.533 -2.978 -3.067 -3.119 -3.062 -3.078 -3.140 -3.557 -3.418 -3.289 -3.114 -3.056 -3.083 -3.369
0.04 0.47971 5.00000 6.3247237206 2.6192982197    6.324  2.411  3.7037  2.595    0  0.000  0.538     0.00     0.00 -1    -1e-30      0.00 6.390e-01 3.210e-01 7.098e-03 1.938e-03 1.760e-02 -1.000 4.000e-02 -1.256 -2.659 -3.097 -3.184 -3.235 -3.179 -3.195 -3.256 -3.673 -3.534 -3.405 -3.231 -3.173 -3.199 -3.484
0.04 0.47971 5.00000 6.3949995041 2.6195070744    6.394  2.444  3.7056  2.575    0  0.000  0.538     0.00     0.00 -1    -1e-30      0.00 6.390e-01 3.210e-01 7.098e-03 1.938e-03 1.760e-02 -1.000 4.000e-02 -1.339 -2.736 -3.168 -3.254 -3.304 -3.250 -3.265 -3.325 -3.742 -3.603 -3.474 -3.300 -3.244 -3.268 -3.553
0.04 0.47971 5.00000 6.5899996758 2.6200597286    6.582  2.526  3.7116  2.529    0  0.000  0.538     0.00     0.00 -1    -1e-30      0.00 6.390e-01 3.210e-01 7.098e-03 1.938e-03 1.760e-02 -1.000 4.000e-02 -1.545 -2.921 -3.336 -3.419 -3.466 -3.415 -3.430 -3.487 -3.904 -3.765 -3.636 -3.462 -3.409 -3.429 -3.715
0.04 0.47971 5.00000 6.7462015152 2.6204760075    6.737  2.585  3.7185  2.507    0  0.000  0.538     0.00     0.00 -1    -1e-30      0.00 6.390e-01 3.210e-01 7.098e-03 1.938e-03 1.760e-02 -1.000 4.000e-02 -1.693 -3.045 -3.442 -3.520 -3.565 -3.517 -3.532 -3.585 -4.001 -3.862 -3.733 -3.562 -3.512 -3.527 -3.812
0.04 0.47971 5.00000 6.9576182365 2.6210052967    6.946  2.653  3.7306  2.501    0  0.000  0.538     0.00     0.00 -1    -1e-30      0.00 6.390e-01 3.210e-01 7.098e-03 1.938e-03 1.760e-02 -1.000 4.000e-02 -1.864 -3.169 -3.534 -3.605 -3.645 -3.604 -3.618 -3.663 -4.078 -3.939 -3.810 -3.642 -3.600 -3.605 -3.890
0.04 0.47971 5.00000 7.1502809525 2.6214566231    7.136  2.708  3.7454  2.517    0  0.000  0.538     0.00     0.00 -1    -1e-30      0.00 6.390e-01 3.210e-01 7.098e-03 1.938e-03 1.760e-02 -1.000 4.000e-02 -2.001 -3.245 -3.571 -3.634 -3.668 -3.635 -3.648 -3.684 -4.104 -3.951 -3.826 -3.666 -3.632 -3.658 -3.916
0.04 0.47971 5.00000 7.1749997139 2.6215124130    7.162  2.715  3.7476  2.520    0  0.000  0.538     0.00     0.00 -1    -1e-30      0.00 6.390e-01 3.210e-01 7.098e-03 1.938e-03 1.760e-02 -1.000 4.000e-02 -2.018 -3.253 -3.572 -3.635 -3.667 -3.635 -3.649 -3.683 -4.105 -3.946 -3.823 -3.665 -3.632 -3.670 -3.917
0.04 0.47971 5.00000 7.1825351715 2.6215293407    7.169  2.717  3.7483  2.522    0  0.000  0.538     0.00     0.00 -1    -1e-30      0.00 6.390e-01 3.210e-01 7.098e-03 1.938e-03 1.760e-02 -1.000 4.000e-02 -2.023 -3.255 -3.572 -3.634 -3.666 -3.635 -3.648 -3.682 -4.105 -3.944 -3.822 -3.664 -3.632 -3.674 -3.917
0.04 0.47971 5.00000 7.2895889282 2.6217656136    7.277  2.746  3.7600  2.546    0  0.000  0.538     0.00     0.00 -1    -1e-30      0.00 6.390e-01 3.210e-01 7.098e-03 1.938e-03 1.760e-02 -1.000 4.000e-02 -2.095 -3.276 -3.560 -3.617 -3.645 -3.620 -3.632 -3.659 -4.094 -3.901 -3.790 -3.644 -3.617 -3.726 -3.907
0.04 0.47971 5.00000 7.3997406960 2.6220006943    7.387  2.776  3.7728  2.574    0  0.000  0.538     0.00     0.00 -1    -1e-30      0.00 6.390e-01 3.210e-01 7.098e-03 1.938e-03 1.760e-02 -1.000 4.000e-02 -2.169 -3.289 -3.541 -3.593 -3.616 -3.597 -3.608 -3.628 -4.076 -3.849 -3.749 -3.615 -3.595 -3.778 -3.890
0.04 0.47971 5.00000 7.5124545097 2.6222331524    7.501  2.807  3.7866  2.605    0  0.000  0.538     0.00     0.00 -1    -1e-30      0.00 6.390e-01 3.210e-01 7.098e-03 1.938e-03 1.760e-02 -1.000 4.000e-02 -2.248 -3.297 -3.515 -3.562 -3.581 -3.569 -3.577 -3.591 -4.054 -3.789 -3.703 -3.580 -3.568 -3.830 -3.869
0.04 0.47971 5.00000 7.6265859604 2.6224603653    7.615  2.840  3.8011  2.636    0  0.000  0.538     0.00     0.00 -1    -1e-30      0.00 6.390e-01 3.210e-01 7.098e-03 1.938e-03 1.760e-02 -1.000 4.000e-02 -2.329 -3.303 -3.487 -3.529 -3.545 -3.540 -3.546 -3.554 -4.032 -3.728 -3.657 -3.545 -3.539 -3.886 -3.849
0.04 0.47971 5.00000 7.7405967712 2.6226794720    7.730  2.875  3.8159  2.667    0  0.000  0.538     0.00     0.00 -1    -1e-30      0.00 6.390e-01 3.210e-01 7.098e-03 1.938e-03 1.760e-02 -1.000 4.000e-02 -2.416 -3.308 -3.461 -3.498 -3.512 -3.512 -3.516 -3.520 -4.010 -3.674 -3.614 -3.511 -3.512 -3.928 -3.828
0.04 0.47971 5.00000 7.8530955315 2.6228888035    7.843  2.911  3.8310  2.697    0  0.000  0.538     0.00     0.00 -1    -1e-30      0.00 6.390e-01 3.210e-01 7.098e-03 1.938e-03 1.760e-02 -1.000 4.000e-02 -2.508 -3.319 -3.443 -3.476 -3.489 -3.494 -3.496 -3.497 -3.987 -3.649 -3.589 -3.489 -3.494 -3.906 -3.804
0.04 0.47971 5.00000 7.9628772736 2.6230864525    7.954  2.950  3.8462  2.726    0  0.000  0.538     0.00     0.00 -1    -1e-30      0.00 6.390e-01 3.210e-01 7.098e-03 1.938e-03 1.760e-02 -1.000 4.000e-02 -2.604 -3.329 -3.426 -3.457 -3.469 -3.475 -3.477 -3.477 -3.966 -3.627 -3.566 -3.469 -3.475 -3.886 -3.784
0.04 0.47971 5.00000 8.0691652298 2.6232719421    8.061  2.990  3.8615  2.753    0  0.000  0.538     0.00     0.00 -1    -1e-30      0.00 6.390e-01 3.210e-01 7.098e-03 1.938e-03 1.760e-02 -1.000 4.000e-02 -2.704 -3.339 -3.411 -3.439 -3.451 -3.458 -3.459 -3.459 -3.947 -3.608 -3.546 -3.451 -3.458 -3.868 -3.765
0.04 0.47971 5.00000 8.1499996185 2.6234090328    8.142  3.022  3.8735  2.773    0  0.000  0.538     0.00     0.00 -1    -1e-30      0.00 6.390e-01 3.210e-01 7.098e-03 1.938e-03 1.760e-02 -1.000 4.000e-02 -2.784 -3.346 -3.400 -3.426 -3.438 -3.444 -3.446 -3.446 -3.933 -3.593 -3.531 -3.438 -3.445 -3.854 -3.751
0.04 0.47971 5.00000 8.1542835236 2.6234164238    8.146  3.023  3.8741  2.774    0  0.000  0.538     0.00     0.00 -1    -1e-30      0.00 6.390e-01 3.210e-01 7.098e-03 1.938e-03 1.760e-02 -1.000 4.000e-02 -2.788 -3.346 -3.400 -3.426 -3.437 -3.444 -3.445 -3.445 -3.932 -3.592 -3.530 -3.438 -3.444 -3.853 -3.750
0.04 0.47971 5.00000 8.2529506683 2.6235795021    8.245  3.064  3.8889  2.798    0  0.000  0.538     0.00     0.00 -1    -1e-30      0.00 6.390e-01 3.210e-01 7.098e-03 1.938e-03 1.760e-02 -1.000 4.000e-02 -2.889 -3.356 -3.390 -3.414 -3.424 -3.430 -3.431 -3.431 -3.917 -3.577 -3.514 -3.424 -3.430 -3.839 -3.735
0.04 0.47971 5.00000 8.3479471207 2.6237325668    8.339  3.105  3.9038  2.821    0  0.000  0.538     0.00     0.00 -1    -1e-30      0.00 6.390e-01 3.210e-01 7.098e-03 1.938e-03 1.760e-02 -1.000 4.000e-02 -2.992 -3.367 -3.385 -3.405 -3.413 -3.419 -3.419 -3.419 -3.904 -3.563 -3.499 -3.413 -3.419 -3.827 -3.722
0.04 0.47971 5.00000 8.4393377304 2.6238760948    8.430  3.147  3.9186  2.844    0  0.000  0.538     0.00     0.00 -1    -1e-30      0.00 6.390e-01 3.210e-01 7.098e-03 1.938e-03 1.760e-02 -1.000 4.000e-02 -3.096 -3.379 -3.382 -3.398 -3.404 -3.409 -3.408 -3.407 -3.893 -3.550 -3.486 -3.404 -3.409 -3.816 -3.711
0.04 0.47971 5.00000 8.5273971558 2.6240108013    8.518  3.188  3.9334  2.866    0  0.000  0.538     0.00     0.00 -1    -1e-30      0.00 6.390e-01 3.210e-01 7.098e-03 1.938e-03 1.760e-02 -1.000 4.000e-02 -3.201 -3.389 -3.381 -3.393 -3.396 -3.400 -3.399 -3.397 -3.882 -3.538 -3.474 -3.397 -3.400 -3.806 -3.700
0.04 0.47971 5.00000 8.5914649963 2.6241068840    8.582  3.220  3.9446  2.882    0  0.000  0.538     0.00     0.00 -1    -1e-30      0.00 6.390e-01 3.210e-01 7.098e-03 1.938e-03 1.760e-02 -1.000 4.000e-02 -3.280 -3.396 -3.381 -3.389 -3.391 -3.394 -3.393 -3.391 -3.875 -3.530 -3.466 -3.392 -3.394 -3.799 -3.693
0.04 0.47971 5.00000 8.6539936066 2.6241991520    8.644  3.252  3.9558  2.898    0  0.000  0.538     0.00     0.00 -1    -1e-30      0.00 6.390e-01 3.210e-01 7.098e-03 1.938e-03 1.760e-02 -1.000 4.000e-02 -3.359 -3.402 -3.381 -3.386 -3.385 -3.388 -3.386 -3.384 -3.867 -3.522 -3.457 -3.387 -3.388 -3.792 -3.685
0.04 0.47971 5.00000 8.7146167755 2.6242871284    8.704  3.283  3.9670  2.914    0  0.000  0.538     0.00     0.00 -1    -1e-30      0.00 6.390e-01 3.210e-01 7.098e-03 1.938e-03 1.760e-02 -1.000 4.000e-02 -3.438 -3.407 -3.381 -3.383 -3.379 -3.382 -3.379 -3.377 -3.859 -3.513 -3.448 -3.381 -3.381 -3.784 -3.677
0.04 0.47971 5.00000 8.7734155655 2.6243712902    8.763  3.314  3.9781  2.931    0  0.000  0.538     0.00     0.00 -1    -1e-30      0.00 6.390e-01 3.210e-01 7.098e-03 1.938e-03 1.760e-02 -1.000 4.000e-02 -3.516 -3.412 -3.381 -3.379 -3.373 -3.374 -3.371 -3.368 -3.849 -3.502 -3.436 -3.374 -3.374 -3.775 -3.667
0.04 0.47971 5.00000 8.8304748535 2.6244513988    8.820  3.345  3.9892  2.947    0  0.000  0.538     0.00     0.00 -1    -1e-30      0.00 6.390e-01 3.210e-01 7.098e-03 1.938e-03 1.760e-02 -1.000 4.000e-02 -3.593 -3.417 -3.381 -3.375 -3.366 -3.366 -3.362 -3.359 -3.838 -3.490 -3.423 -3.368 -3.365 -3.765 -3.656
0.04 0.47971 5.00000 8.8858785629 2.6245284081    8.875  3.375  4.0002  2.963    0  0.000  0.538     0.00     0.00 -1    -1e-30      0.00 6.390e-01 3.210e-01 7.098e-03 1.938e-03 1.760e-02 -1.000 4.000e-02 -3.669 -3.420 -3.380 -3.371 -3.359 -3.358 -3.353 -3.349 -3.826 -3.477 -3.409 -3.361 -3.357 -3.754 -3.644
0.04 0.47971 5.00000 8.9397287369 2.6246018410    8.929  3.405  4.0111  2.980    0  0.000  0.538     0.00     0.00 -1    -1e-30      0.00 6.390e-01 3.210e-01 7.098e-03 1.938e-03 1.760e-02 -1.000 4.000e-02 -3.743 -3.422 -3.378 -3.366 -3.350 -3.348 -3.343 -3.338 -3.813 -3.462 -3.394 -3.353 -3.348 -3.743 -3.631
0.04 0.47971 5.00000 8.9921226501 2.6246726513    8.981  3.435  4.0220  2.996    0  0.000  0.538     0.00     0.00 -1    -1e-30      0.00 6.390e-01 3.210e-01 7.098e-03 1.938e-03 1.760e-02 -1.000 4.000e-02 -3.817 -3.425 -3.377 -3.362 -3.344 -3.341 -3.335 -3.328 -3.802 -3.449 -3.381 -3.346 -3.340 -3.733 -3.620
0.04 0.47971 5.00000 9.0431385040 2.6247403622    9.032  3.464  4.0328  3.013    0  0.000  0.538     0.00     0.00 -1    -1e-30      0.00 6.390e-01 3.210e-01 7.098e-03 1.938e-03 1.760e-02 -1.000 4.000e-02 -3.890 -3.428 -3.376 -3.358 -3.337 -3.333 -3.326 -3.319 -3.790 -3.437 -3.367 -3.340 -3.332 -3.723 -3.608
0.04 0.47971 5.00000 9.0928525925 2.6248056889    9.081  3.492  4.0436  3.030    0  0.000  0.538     0.00     0.00 -1    -1e-30      0.00 6.390e-01 3.210e-01 7.098e-03 1.938e-03 1.760e-02 -1.000 4.000e-02 -3.961 -3.429 -3.374 -3.354 -3.330 -3.325 -3.318 -3.310 -3.779 -3.424 -3.354 -3.333 -3.324 -3.713 -3.597
0.04 0.47971 5.00000 9.1250000000 2.6248476505    9.114  3.511  4.0507  3.042    0  0.000  0.538     0.00     0.00 -1    -1e-30      0.00 6.390e-01 3.210e-01 7.098e-03 1.938e-03 1.760e-02 -1.000 4.000e-02 -4.007 -3.429 -3.372 -3.350 -3.325 -3.320 -3.312 -3.303 -3.771 -3.415 -3.344 -3.328 -3.318 -3.706 -3.589
0.04 0.47971 5.00000 9.1631593704 2.6248967648    9.153  3.532  4.0590  3.055    0  0.000  0.538     0.00     0.00 -1    -1e-30      0.00 6.390e-01 3.210e-01 7.098e-03 1.938e-03 1.760e-02 -1.000 4.000e-02 -4.061 -3.428 -3.368 -3.345 -3.318 -3.312 -3.304 -3.294 -3.761 -3.404 -3.333 -3.322 -3.311 -3.697 -3.579
0.04 0.47971 5.00000 9.2116537094 2.6249585152    9.201  3.560  4.0697  3.073    0  0.000  0.538     0.00     0.00 -1    -1e-30      0.00 6.390e-01 3.210e-01 7.098e-03 1.938e-03 1.760e-02 -1.000 4.000e-02 -4.129 -3.424 -3.362 -3.337 -3.308 -3.301 -3.292 -3.282 -3.747 -3.389 -3.317 -3.312 -3.300 -3.684 -3.566
0.04 0.47971 5.00000 9.2592544556 2.6250185966    9.249  3.586  4.0803  3.091    0  0.000  0.538     0.00     0.00 -1    -1e-30      0.00 6.390e-01 3.210e-01 7.098e-03 1.938e-03 1.760e-02 -1.000 4.000e-02 -4.196 -3.419 -3.354 -3.327 -3.296 -3.289 -3.279 -3.269 -3.732 -3.373 -3.301 -3.300 -3.287 -3.670 -3.550
0.04 0.47971 5.00000 9.3058357239 2.6250765324    9.296  3.612  4.0909  3.110    0  0.000  0.538     0.00     0.00 -1    -1e-30      0.00 6.390e-01 3.210e-01 7.098e-03 1.938e-03 1.760e-02 -1.000 4.000e-02 -4.261 -3.412 -3.344 -3.316 -3.283 -3.275 -3.265 -3.254 -3.716 -3.356 -3.283 -3.287 -3.273 -3.655 -3.534
0.04 0.47971 5.00000 9.3515110016 2.6251327991    9.342  3.638  4.1014  3.128    0  0.000  0.538     0.00     0.00 -1    -1e-30      0.00 6.390e-01 3.210e-01 7.098e-03 1.938e-03 1.760e-02 -1.000 4.000e-02 -4.324 -3.404 -3.333 -3.303 -3.268 -3.259 -3.249 -3.237 -3.698 -3.337 -3.264 -3.272 -3.257 -3.638 -3.516
0.04 0.47971 5.00000 9.3963451385 2.6251873970    9.387  3.662  4.1119  3.148    0  0.000  0.538     0.00     0.00 -1    -1e-30      0.00 6.390e-01 3.210e-01 7.098e-03 1.938e-03 1.760e-02 -1.000 4.000e-02 -4.386 -3.393 -3.320 -3.288 -3.251 -3.241 -3.231 -3.218 -3.678 -3.317 -3.244 -3.255 -3.240 -3.619 -3.496
0.04 0.47971 5.00000 9.4548912048 2.6252577305    9.446  3.694  4.1257  3.174    0  0.000  0.538     0.00     0.00 -1    -1e-30      0.00 6.390e-01 3.210e-01 7.098e-03 1.938e-03 1.760e-02 -1.000 4.000e-02 -4.465 -3.377 -3.300 -3.265 -3.226 -3.216 -3.204 -3.191 -3.649 -3.287 -3.214 -3.230 -3.214 -3.591 -3.467
0.04 0.47971 5.00000 9.5121631622 2.6253256798    9.503  3.725  4.1393  3.201    0  0.000  0.538     0.00     0.00 -1    -1e-30      0.00 6.390e-01 3.210e-01 7.098e-03 1.938e-03 1.760e-02 -1.000 4.000e-02 -4.541 -3.357 -3.277 -3.241 -3.199 -3.187 -3.175 -3.161 -3.618 -3.255 -3.182 -3.203 -3.186 -3.561 -3.436
0.04 0.47971 5.00000 9.5682649612 2.6253912449    9.560  3.754  4.1529  3.228    0  0.000  0.538     0.00     0.00 -1    -1e-30      0.00 6.390e-01 3.210e-01 7.098e-03 1.938e-03 1.760e-02 -1.000 4.000e-02 -4.615 -3.336 -3.252 -3.214 -3.169 -3.157 -3.144 -3.129 -3.584 -3.221 -3.147 -3.174 -3.155 -3.528 -3.403
0.04 0.47971 5.00000 9.6233081818 2.6254546642    9.615  3.782  4.1663  3.256    0  0.000  0.538     0.00     0.00 -1    -1e-30      0.00 6.390e-01 3.210e-01 7.098e-03 1.938e-03 1.760e-02 -1.000 4.000e-02 -4.684 -3.311 -3.225 -3.184 -3.137 -3.124 -3.110 -3.095 -3.549 -3.184 -3.110 -3.142 -3.122 -3.493 -3.367
0.04 0.47971 5.00000 9.6773853302 2.6255161762    9.669  3.808  4.1795  3.285    0  0.000  0.538     0.00     0.00 -1    -1e-30      0.00 6.390e-01 3.210e-01 7.098e-03 1.938e-03 1.760e-02 -1.000 4.000e-02 -4.751 -3.285 -3.195 -3.152 -3.103 -3.089 -3.074 -3.058 -3.510 -3.146 -3.072 -3.108 -3.087 -3.456 -3.329
0.04 0.47971 5.00000 9.7305974960 2.6255760193    9.723  3.834  4.1926  3.315    0  0.000  0.538     0.00     0.00 -1    -1e-30      0.00 6.390e-01 3.210e-01 7.098e-03 1.938e-03 1.760e-02 -1.000 4.000e-02 -4.815 -3.255 -3.163 -3.117 -3.066 -3.051 -3.036 -3.019 -3.470 -3.105 -3.032 -3.072 -3.049 -3.417 -3.288
0.04 0.47971 5.00000 9.7830524445 2.6256344318    9.775  3.858  4.2056  3.345    0  0.000  0.538     0.00     0.00 -1    -1e-30      0.00 6.390e-01 3.210e-01 7.098e-03 1.938e-03 1.760e-02 -1.000 4.000e-02 -4.875 -3.224 -3.128 -3.081 -3.027 -3.012 -2.996 -2.978 -3.427 -3.062 -2.990 -3.033 -3.010 -3.375 -3.246
0.04 0.47971 5.00000 9.8348522186 2.6256911755    9.827  3.880  4.2184  3.375    0  0.000  0.538     0.00     0.00 -1    -1e-30      0.00 6.390e-01 3.210e-01 7.098e-03 1.938e-03 1.760e-02 -1.000 4.000e-02 -4.931 -3.190 -3.092 -3.042 -2.986 -2.970 -2.953 -2.935 -3.383 -3.017 -2.948 -2.992 -2.968 -3.331 -3.201
0.04 0.47971 5.00000 9.8861246109 2.6257467270    9.879  3.902  4.2310  3.407    0  0.000  0.538     0.00     0.00 -1    -1e-30      0.00 6.390e-01 3.210e-01 7.098e-03 1.938e-03 1.760e-02 -1.000 4.000e-02 -4.984 -3.154 -3.053 -3.001 -2.943 -2.926 -2.908 -2.889 -3.336 -2.971 -2.904 -2.949 -2.923 -3.285 -3.154
0.04 0.47971 5.00000 9.9369869232 2.6258010864    9.930  3.922  4.2434  3.439    0  0.000  0.538     0.00     0.00 -1    -1e-30      0.00 6.390e-01 3.210e-01 7.098e-03 1.938e-03 1.760e-02 -1.000 4.000e-02 -5.034 -3.117 -3.012 -2.959 -2.898 -2.880 -2.862 -2.841 -3.286 -2.922 -2.858 -2.904 -2.877 -3.237 -3.105
0.04 0.47971 5.00000 9.9876031876 2.6258547306    9.981  3.940  4.2557  3.472    0  0.000  0.538     0.00     0.00 -1    -1e-30      0.00 6.390e-01 3.210e-01 7.098e-03 1.938e-03 1.760e-02 -1.000 4.000e-02 -5.081 -3.077 -2.969 -2.914 -2.851 -2.831 -2.813 -2.792 -3.235 -2.872 -2.810 -2.857 -2.829 -3.187 -3.053
0.04 0.47971 5.00000 10.0381450653 2.6259076595   10.032  3.958  4.2679  3.505    0  0.000  0.538     0.00     0.00 -1    -1e-30      0.00 6.390e-01 3.210e-01 7.098e-03 1.938e-03 1.760e-02 -1.000 4.000e-02 -5.124 -3.035 -2.925 -2.867 -2.801 -2.781 -2.762 -2.740 -3.182 -2.820 -2.759 -2.808 -2.779 -3.135 -3.000
0.04 0.47971 5.00000 10.0888147354 2.6259601116   10.083  3.974  4.2799  3.539    0  0.000  0.538     0.00     0.00 -1    -1e-30      0.00 6.390e-01 3.210e-01 7.098e-03 1.938e-03 1.760e-02 -1.000 4.000e-02 -5.165 -2.992 -2.879 -2.819 -2.750 -2.729 -2.709 -2.686 -3.126 -2.766 -2.706 -2.757 -2.727 -3.081 -2.945
0.04 0.47971 5.00000 10.1000003815 2.6259715557   10.094  3.977  4.2825  3.547    0  0.000  0.538     0.00     0.00 -1    -1e-30      0.00 6.390e-01 3.210e-01 7.098e-03 1.938e-03 1.760e-02 -1.000 4.000e-02 -5.173 -2.982 -2.868 -2.808 -2.739 -2.718 -2.697 -2.674 -3.114 -2.753 -2.693 -2.746 -2.715 -3.068 -2.932
0.04 0.47971 5.00000 10.1462631226 2.6260187626   10.141  3.990  4.2927  3.577    0  0.000  0.538     0.00     0.00 -1    -1e-30      0.00 6.390e-01 3.210e-01 7.098e-03 1.938e-03 1.760e-02 -1.000 4.000e-02 -5.205 -2.944 -2.827 -2.765 -2.694 -2.671 -2.650 -2.627 -3.065 -2.704 -2.644 -2.701 -2.669 -3.020 -2.883
0.04 0.47971 5.00000 10.2032756805 2.6260762215   10.198  4.005  4.3050  3.614    0  0.000  0.538     0.00     0.00 -1    -1e-30      0.00 6.390e-01 3.210e-01 7.098e-03 1.938e-03 1.760e-02 -1.000 4.000e-02 -5.241 -2.896 -2.776 -2.711 -2.637 -2.614 -2.592 -2.567 -3.003 -2.643 -2.582 -2.645 -2.611 -2.959 -2.821
0.04 0.47971 5.00000 10.2766761780 2.6261491776   10.272  4.020  4.3201  3.662    0  0.000  0.538     0.00     0.00 -1    -1e-30      0.00 6.390e-01 3.210e-01 7.098e-03 1.938e-03 1.760e-02 -1.000 4.000e-02 -5.281 -2.832 -2.709 -2.641 -2.563 -2.538 -2.515 -2.488 -2.923 -2.562 -2.500 -2.571 -2.535 -2.880 -2.741
0.04 0.47971 5.00000 10.3542718887 2.6262249947   10.350  4.034  4.3353  3.712    0  0.000  0.538     0.00     0.00 -1    -1e-30      0.00 6.390e-01 3.210e-01 7.098e-03 1.938e-03 1.760e-02 -1.000 4.000e-02 -5.315 -2.764 -2.638 -2.567 -2.485 -2.458 -2.434 -2.406 -2.838 -2.477 -2.413 -2.493 -2.455 -2.797 -2.656
0.04 0.47971 5.00000 10.3706378937 2.6262407303   10.366  4.037  4.3383  3.722    0  0.000  0.538     0.00     0.00 -1    -1e-30      0.00 6.390e-01 3.210e-01 7.098e-03 1.938e-03 1.760e-02 -1.000 4.000e-02 -5.322 -2.750 -2.622 -2.551 -2.468 -2.441 -2.417 -2.389 -2.820 -2.459 -2.395 -2.477 -2.438 -2.780 -2.639
0.04 0.47971 5.00000 10.4181079865 2.6262862682   10.414  4.041  4.3463  3.752    0  0.000  0.538     0.00     0.00 -1    -1e-30      0.00 6.390e-01 3.210e-01 7.098e-03 1.938e-03 1.760e-02 -1.000 4.000e-02 -5.333 -2.708 -2.579 -2.506 -2.421 -2.393 -2.368 -2.339 -2.770 -2.408 -2.343 -2.430 -2.390 -2.730 -2.588
0.04 0.47971 5.00000 10.4947700500 2.6263587475   10.491  4.043  4.3572  3.797    0  0.000  0.538     0.00     0.00 -1    -1e-30      0.00 6.390e-01 3.210e-01 7.098e-03 1.938e-03 1.760e-02 -1.000 4.000e-02 -5.338 -2.639 -2.507 -2.433 -2.345 -2.316 -2.290 -2.261 -2.690 -2.327 -2.260 -2.354 -2.313 -2.651 -2.508
0.04 0.47971 5.00000 10.6091022491 2.6264648438   10.606  4.029  4.3672  3.855    0  0.000  0.538     0.00     0.00 -1    -1e-30      0.00 6.390e-01 3.210e-01 7.098e-03 1.938e-03 1.760e-02 -1.000 4.000e-02 -5.303 -2.536 -2.403 -2.327 -2.237 -2.207 -2.180 -2.150 -2.578 -2.214 -2.147 -2.246 -2.204 -2.540 -2.397
0.04 0.47971 5.00000 10.7017440796 2.6265487671   10.699  4.009  4.3712  3.895    0  0.000  0.538     0.00     0.00 -1    -1e-30      0.00 6.390e-01 3.210e-01 7.098e-03 1.938e-03 1.760e-02 -1.000 4.000e-02 -5.253 -2.457 -2.323 -2.246 -2.155 -2.125 -2.099 -2.068 -2.496 -2.132 -2.065 -2.165 -2.122 -2.458 -2.315
0.04 0.47971 5.00000 10.7846851349 2.6266226768   10.782  3.987  4.3722  3.925    0  0.000  0.538     0.00     0.00 -1    -1e-30      0.00 6.390e-01 3.210e-01 7.098e-03 1.938e-03 1.760e-02 -1.000 4.000e-02 -5.196 -2.393 -2.258 -2.182 -2.091 -2.061 -2.034 -2.003 -2.432 -2.067 -2.000 -2.100 -2.057 -2.393 -2.250
0.04 0.47971 5.00000 10.8706092834 2.6266977787   10.869  3.963  4.3714  3.949    0  0.000  0.538     0.00     0.00 -1    -1e-30      0.00 6.390e-01 3.210e-01 7.098e-03 1.938e-03 1.760e-02 -1.000 4.000e-02 -5.137 -2.337 -2.202 -2.126 -2.035 -2.005 -1.978 -1.948 -2.377 -2.013 -1.945 -2.045 -2.002 -2.338 -2.195
0.04 0.47971 5.00000 10.9737939835 2.6267859936   10.972  3.940  4.3696  3.969    0  0.000  0.538     0.00     0.00 -1    -1e-30      0.00 6.390e-01 3.210e-01 7.098e-03 1.938e-03 1.760e-02 -1.000 4.000e-02 -5.079 -2.289 -2.155 -2.080 -1.989 -1.959 -1.933 -1.902 -2.331 -1.968 -1.901 -1.998 -1.956 -2.292 -2.150
0.04 0.47971 5.00000 11.0749998093 2.6268708706   11.074  3.934  4.3694  3.978    0  0.000  0.538     0.00     0.00 -1    -1e-30      0.00 6.390e-01 3.210e-01 7.098e-03 1.938e-03 1.760e-02 -1.000 4.000e-02 -5.066 -2.278 -2.144 -2.068 -1.977 -1.948 -1.921 -1.891 -2.320 -1.957 -1.890 -1.987 -1.944 -2.281 -2.138
0.04 0.47971 5.00000 11.4560651779 2.6271750927   11.454  3.941  4.3713  3.993    0  0.000  0.538     0.00     0.00 -1 -1.65e-30      0.00 6.390e-01 3.210e-01 7.099e-03 1.938e-03 1.760e-02 -1.000 4.000e-02 -5.083 -2.281 -2.146 -2.070 -1.979 -1.950 -1.923 -1.893 -2.321 -1.958 -1.891 -1.989 -1.946 -2.282 -2.140
0.04 0.47971 5.00000 11.9483232498 2.6275348663   11.945  4.008  4.3851  4.000    0  0.000  0.538     0.00     0.00 -1 -3.06e-30      0.00 6.390e-01 3.210e-01 7.100e-03 1.938e-03 1.760e-02 -1.000 4.000e-02 -5.250 -2.357 -2.220 -2.142 -2.048 -2.017 -1.990 -1.958 -2.385 -2.020 -1.951 -2.058 -2.014 -2.347 -2.204
0.04 0.47971 5.00000 12.0500001907 2.6276051998   12.047  4.022  4.3881  4.002    0  0.000  0.538     0.00     0.00 -1 -3.47e-30      0.00 6.390e-01 3.210e-01 7.100e-03 1.938e-03 1.760e-02 -1.000 4.000e-02 -5.284 -2.372 -2.234 -2.155 -2.061 -2.030 -2.002 -1.971 -2.397 -2.031 -1.963 -2.071 -2.026 -2.360 -2.216
0.04 0.47971 5.00000 12.2834615707 2.6277611256   12.279  4.051  4.3941  4.005    0  0.000  0.539     0.00     0.00 -1 -1.73e-27      0.00 6.390e-01 3.210e-01 7.112e-03 1.938e-03 1.760e-02 -1.000 4.000e-02 -5.357 -2.405 -2.267 -2.187 -2.092 -2.060 -2.032 -2.000 -2.426 -2.059 -1.990 -2.101 -2.056 -2.389 -2.245
0.04 0.47971 5.00000 13.4153947830 2.6284298897   13.407  4.193  4.4319  4.051    0  0.000  0.543     0.00     0.00 -1 -5.28e-15      0.00 6.390e-01 3.210e-01 7.167e-03 1.939e-03 1.760e-02 -1.000 4.000e-02 -5.713 -2.676 -2.565 -2.519 -2.525 -2.605 -2.611 -2.906 -4.053 -6.596 -6.827 -2.519 -2.585 -3.282 -3.984
0.04 0.47971 5.00000 13.8991289139 2.6286778450   13.889  4.262  4.4558  4.094    0  0.000  0.545     0.00     0.00 -1 -7.07e-10      0.00 6.390e-01 3.210e-01 7.189e-03 1.940e-03 1.760e-02 -1.000 4.000e-02 -5.885 -2.682 -2.563 -2.508 -2.504 -2.582 -2.579 -2.860 -4.022 -6.551 -6.770 -2.500 -2.557 -3.259 -3.954
0.04 0.47971 5.00000 14.0000000000 2.6287269592   13.991  4.273  4.4600  4.103    0  0.000  0.545     0.00     0.00 -1 -7.82e-09      0.00 6.390e-01 3.210e-01 7.193e-03 1.940e-03 1.760e-02 -1.000 4.000e-02 -5.911 -2.687 -2.569 -2.516 -2.516 -2.599 -2.597 -2.871 -4.016 -6.542 -6.757 -2.511 -2.573 -3.255 -3.947
0.04 0.47971 5.00000 14.2804498672 2.6288597584   14.273  4.297  4.4697  4.127    0  0.000  0.545     0.00     0.00 -1 -9.52e-09      0.00 6.390e-01 3.210e-01 7.193e-03 1.940e-03 1.760e-02 -1.000 4.000e-02 -5.972 -2.697 -2.582 -2.534 -2.543 -2.636 -2.636 -2.895 -4.000 -6.521 -6.727 -2.536 -2.608 -3.247 -3.932
0.04 0.47971 5.00000 14.7798452377 2.6290814877   14.774  4.322  4.4792  4.154    0  0.000  0.545     0.00     0.00 -1 -1.16e-08      0.00 6.390e-01 3.210e-01 7.193e-03 1.940e-03 1.760e-02 -1.000 4.000e-02 -6.036 -2.713 -2.600 -2.556 -2.574 -2.677 -2.680 -2.924 -3.990 -6.505 -6.703 -2.566 -2.647 -3.243 -3.922
0.04 0.47971 5.00000 15.4566831589 2.6293561459   15.454  4.364  4.4880  4.167    0  0.000  0.545     0.00     0.00 -1 -1.44e-08      0.00 6.390e-01 3.210e-01 7.193e-03 1.940e-03 1.760e-02 -1.000 4.000e-02 -6.141 -2.773 -2.662 -2.622 -2.649 -2.761 -2.766 -2.996 -4.026 -6.535 -6.725 -2.639 -2.729 -3.286 -3.958
0.04 0.47971 5.00000 16.0000000000 2.6295573711   15.999  4.409  4.4949  4.165    0  0.000  0.545     0.00     0.00 -1 -1.82e-08      0.00 6.390e-01 3.210e-01 7.193e-03 1.940e-03 1.760e-02 -1.000 4.000e-02 -6.251 -2.848 -2.740 -2.702 -2.736 -2.855 -2.861 -3.082 -4.083 -6.588 -6.772 -2.725 -2.822 -3.348 -4.015
0.04 0.47971 5.00000 18.0000000000 2.6301794052   17.985  4.553  4.5167  4.158    0  0.000  0.545     0.00     0.00 -1 -3.72e-08      0.00 6.390e-01 3.210e-01 7.193e-03 1.940e-03 1.760e-02 -1.000 4.000e-02 -6.614 -3.065 -2.958 -2.924 -2.962 -3.081 -3.093 -3.302 -4.270 -6.774 -6.956 -2.951 -3.051 -3.550 -4.203
0.04 0.47971 5.00000 20.0000000000 2.6306605339   19.988  4.679  4.5350  4.151    0  0.000  0.545     0.00     0.00 -1 -6.91e-08      0.00 6.390e-01 3.210e-01 7.193e-03 1.940e-03 1.760e-02 -1.000 4.000e-02 -6.928 -3.249 -3.142 -3.109 -3.146 -3.258 -3.275 -3.482 -4.436 -6.941 -7.128 -3.137 -3.233 -3.729 -4.370
0.04 0.47971 5.00000 24.0000000000 2.6313521862   23.983  4.887  4.5637  4.137    0  0.000  0.545     0.00     0.00 -1 -1.81e-07      0.00 6.390e-01 3.210e-01 7.193e-03 1.940e-03 1.760e-02 -1.000 4.000e-02 -7.448 -3.552 -3.445 -3.413 -3.452 -3.560 -3.585 -3.795 -4.775 -7.280 -7.436 -3.445 -3.541 -4.057 -4.708
0.04 0.47971 5.00000 30.0000000000 2.6320033073   29.934  5.122  4.5941  4.120    0  0.000  0.545     0.00     0.00 -1 -4.81e-07      0.00 6.390e-01 3.210e-01 7.193e-03 1.940e-03 1.760e-02 -1.000 4.000e-02 -8.036 -3.897 -3.788 -3.758 -3.802 -3.914 -3.946 -4.172 -5.231 -7.734 -7.812 -3.797 -3.900 -4.466 -5.161
0.04 0.47971 5.00000 35.0000000000 2.6323544979   34.889  5.275  4.6119  4.105    0  0.000  0.545     0.00     0.00 -1 -8.91e-07      0.00 6.390e-01 3.210e-01 7.193e-03 1.940e-03 1.760e-02 -1.000 4.000e-02 -8.418 -4.141 -4.030 -4.000 -4.045 -4.159 -4.191 -4.420 -5.476 -7.973 -8.044 -4.041 -4.147 -4.711 -5.407
0.04 0.47971 5.00000 40.0000000000 2.6326069832   39.844  5.402  4.6255  4.091    0  0.000  0.545     0.00     0.00 -1 -1.45e-06      0.00 6.390e-01 3.210e-01 7.193e-03 1.940e-03 1.760e-02 -1.000 4.000e-02 -8.734 -4.353 -4.241 -4.210 -4.254 -4.371 -4.401 -4.630 -5.666 -8.157 -8.235 -4.252 -4.358 -4.910 -5.597
0.04 0.47971 5.00000 45.0000000000 2.6327958107   44.789  5.508  4.6358  4.077    0  0.000  0.545     0.00     0.00 -1  -2.1e-06      0.00 6.390e-01 3.210e-01 7.193e-03 1.940e-03 1.760e-02 -1.000 4.000e-02 -9.000 -4.539 -4.427 -4.395 -4.439 -4.558 -4.587 -4.815 -5.835 -8.322 -8.406 -4.438 -4.545 -5.087 -5.768
0.04 0.47971 5.00000 50.0000000000 2.6329421997   49.697  5.600  4.6433  4.060    0  0.000  0.545     0.00     0.00 -1 -2.95e-06      0.00 6.390e-01 3.210e-01 7.193e-03 1.940e-03 1.760e-02 -1.000 4.000e-02 -9.229 -4.711 -4.597 -4.565 -4.609 -4.729 -4.757 -4.986 -5.995 -8.478 -8.566 -4.609 -4.716 -5.251 -5.927
0.04 0.47971 5.00000 55.0000038147 2.6330580711   54.572  5.680  4.6497  4.046    0  0.000  0.545     0.00     0.00 -1 -3.92e-06      0.00 6.390e-01 3.210e-01 7.193e-03 1.940e-03 1.760e-02 -1.000 4.000e-02 -9.430 -4.863 -4.749 -4.717 -4.761 -4.882 -4.909 -5.137 -6.137 -8.617 -8.708 -4.761 -4.869 -5.397 -6.070
0.04 0.47971 5.00000 60.0000000000 2.6331522465   59.449  5.752  4.6545  4.030    0  0.000  0.545     0.00     0.00 -1 -5.02e-06      0.00 6.390e-01 3.210e-01 7.193e-03 1.940e-03 1.760e-02 -1.000 4.000e-02 -9.609 -5.007 -4.892 -4.859 -4.902 -5.022 -5.049 -5.277 -6.271 -8.751 -8.844 -4.903 -5.010 -5.535 -6.205
0.04 0.47971 5.00000 65.0000000000 2.6332299709   64.337  5.816  4.6579  4.014    0  0.000  0.545     0.00     0.00 -1 -6.21e-06      0.00 6.390e-01 3.210e-01 7.193e-03 1.940e-03 1.760e-02 -1.000 4.000e-02 -9.769 -5.141 -5.026 -4.992 -5.035 -5.154 -5.181 -5.408 -6.400 -8.878 -8.974 -5.035 -5.142 -5.665 -6.334
0.04 0.47971 5.00000 70.0000000000 2.6332950592   69.083  5.873  4.6600  3.997    0  0.000  0.545     0.00     0.00 -1 -7.51e-06      0.00 6.390e-01 3.210e-01 7.193e-03 1.940e-03 1.760e-02 -1.000 4.000e-02 -9.911 -5.268 -5.153 -5.119 -5.161 -5.280 -5.307 -5.534 -6.523 -9.001 -9.098 -5.162 -5.268 -5.789 -6.457
0.04 0.47971 5.00000 75.0000000000 2.6333501339   73.838  5.925  4.6619  3.981    0  0.000  0.545     0.00     0.00 -1 -8.91e-06      0.00 6.390e-01 3.210e-01 7.193e-03 1.940e-03 1.760e-02 -1.000 4.000e-02 -10.042 -5.385 -5.269 -5.235 -5.276 -5.395 -5.422 -5.648 -6.636 -9.114 -9.212 -5.277 -5.383 -5.903 -6.571
0.04 0.47971 5.00000 80.0000000000 2.6333973408   78.604  5.972  4.6621  3.962    0  0.000  0.545     0.00     0.00 -1 -1.05e-05      0.00 6.390e-01 3.210e-01 7.193e-03 1.940e-03 1.760e-02 -1.000 4.000e-02 -10.160 -5.502 -5.387 -5.353 -5.395 -5.515 -5.542 -5.769 -6.759 -9.237 -9.335 -5.396 -5.502 -6.024 -6.693
0.04 0.47971 5.00000 90.0000000000 2.6334741116   88.077  6.057  4.6627  3.929    0  0.000  0.545     0.00     0.00 -1 -1.38e-05      0.00 6.390e-01 3.210e-01 7.193e-03 1.940e-03 1.760e-02 -1.000 4.000e-02 -10.373 -5.725 -5.615 -5.591 -5.651 -5.786 -5.817 -6.062 -7.094 -9.586 -9.696 -5.650 -5.773 -6.334 -7.027
0.04 0.47971 5.00000 95.0000000000 2.6335055828   92.781  6.096  4.6629  3.913    0  0.000  0.545     0.00     0.00 -1 -1.57e-05      0.00 6.390e-01 3.210e-01 7.193e-03 1.940e-03 1.760e-02 -1.000 4.000e-02 -10.469 -5.826 -5.720 -5.699 -5.768 -5.911 -5.943 -6.197 -7.249 -9.747 -9.863 -5.767 -5.897 -6.477 -7.181
0.04 0.47971 5.00000 100.0000000000 2.6335334778   97.465  6.131  4.6629  3.899    0  0.000  0.545     0.00     0.00 -1 -1.75e-05      0.00 6.390e-01 3.210e-01 7.193e-03 1.940e-03 1.760e-02 -1.000 4.000e-02 -10.558 -5.921 -5.817 -5.799 -5.874 -6.023 -6.056 -6.318 -7.384 -9.887 -10.007 -5.873 -6.008 -6.603 -7.315
0.04 0.47971 5.00000 120.0000076294 2.6336188316  116.038  6.255  4.6649  3.859    0  0.000  0.545     0.00     0.00 -1 -2.63e-05      0.00 6.390e-01 3.210e-01 7.193e-03 1.940e-03 1.760e-02 -1.000 4.000e-02 -10.868 -6.243 -6.149 -6.146 -6.249 -6.421 -6.459 -6.749 -7.872 -10.392 -10.531 -6.246 -6.405 -7.058 -7.802
0.04 0.47971 5.00000 150.0000000000 2.6336188316  143.754  6.400  4.6680  3.819    0  0.000  0.540     0.00     0.00 -1 -4.07e-05      0.00 6.390e-01 3.210e-01 7.123e-03 2.029e-03 1.759e-02 -1.000 4.001e-02 -11.231 -6.615 -6.531 -6.544 -6.675 -6.870 -6.911 -7.227 -8.397 -10.927 -11.086 -6.670 -6.851 -7.558 -8.327
0.04 0.47971 5.00000 200.0000152588 2.6336188316  188.938  6.599  4.6684  3.741    0  0.000  0.299     0.00     0.00 -1 -7.77e-05      0.00 5.937e-01 3.609e-01 4.420e-03 5.774e-03 1.936e-02 -1.000 4.534e-02 -11.728 -7.178 -7.111 -7.153 -7.329 -7.562 -7.606 -7.962 -9.179 -11.719 -11.911 -7.322 -7.538 -8.316 -9.108
0.04 0.47971 5.00000 250.0000000000 2.6336188316  234.264  6.737  4.6517  3.629    0  0.000  0.235     0.00     0.00 -1 -0.000119      0.00 5.649e-01 3.687e-01 5.117e-03 1.134e-02 2.737e-02 -1.000 6.638e-02 -12.072 -7.674 -7.615 -7.666 -7.856 -8.094 -8.140 -8.510 -9.748 -12.279 -12.468 -7.845 -8.067 -8.882 -9.677
0.04 0.47971 5.00000 300.0000305176 2.6336188316  281.914  6.818  4.6821  3.750    0  0.000  0.336     0.00     0.00 -1 -0.000137      0.00 6.319e-01 3.279e-01 4.414e-03 6.863e-03 1.572e-02 -1.000 4.024e-02 -12.276 -7.669 -7.613 -7.672 -7.879 -8.140 -8.183 -8.562 -9.793 -12.350 -12.569 -7.872 -8.113 -8.915 -9.721
0.04 0.47971 5.00000 350.0000000000 2.6336188316  326.355  6.916  4.6842  3.725    0  0.000  0.245     0.00     0.00 -1 -0.000184      0.00 6.007e-01 3.555e-01 3.476e-03 8.194e-03 1.699e-02 -1.000 4.374e-02 -12.519 -7.942 -7.895 -7.968 -8.194 -8.472 -8.513 -8.908 -10.156 -12.725 -12.952 -8.186 -8.441 -9.268 -10.083
0.04 0.47971 5.00000 350.0003967285 2.6336188316  324.660  6.913  4.6788  3.703    0  0.000  0.225     0.00     0.00 -1 -0.000146      0.00 6.006e-01 3.557e-01 3.182e-03 8.813e-03 1.666e-02 -1.000 4.367e-02 -12.513 -7.895 -7.831 -7.877 -8.062 -8.305 -8.348 -8.709 -9.924 -12.472 -12.678 -8.056 -8.280 -9.057 -9.852
0.04 0.47971 5.00000 350.0026245117 2.6336188316  310.930  6.894  4.6526  3.599    0  0.000  0.035     0.00     0.00 -1 -3.71e-05      0.00 5.823e-01 3.742e-01 3.675e-04 1.668e-02 1.229e-02 -1.000 4.356e-02 -12.466 -7.877 -7.763 -7.730 -7.773 -7.894 -7.921 -8.149 -9.145 -11.625 -11.717 -7.774 -7.881 -8.407 -9.079
0.04 0.47971 5.00000 350.0040283203 2.6336188316  297.879  6.877  4.6381  3.539    0  0.000  0.053     0.00     0.00 -1 -1.55e-05      0.00 5.611e-01 3.958e-01 4.944e-04 1.922e-02 9.180e-03 -1.000 4.306e-02 -12.423 -7.945 -7.832 -7.800 -7.844 -7.963 -7.992 -8.220 -9.237 -11.723 -11.808 -7.843 -7.950 -8.490 -9.170
0.04 0.47971 5.00000 350.0050964355 2.6336188316  285.051  6.860  4.6273  3.494    0  0.000  0.070     0.00     0.00 -1 -8.02e-06      0.00 5.411e-01 4.160e-01 5.846e-04 2.063e-02 7.424e-03 -1.000 4.287e-02 -12.379 -7.985 -7.873 -7.841 -7.886 -8.003 -8.033 -8.262 -9.295 -11.785 -11.864 -7.884 -7.990 -8.540 -9.226
0.04 0.47971 5.00000 350.0058898926 2.6336188316  273.184  6.844  4.6190  3.459    0  0.000  0.088     0.00     0.00 -1 -4.84e-06      0.00 5.218e-01 4.354e-01 6.521e-04 2.160e-02 6.210e-03 -1.000 4.275e-02 -12.339 -8.007 -7.896 -7.865 -7.910 -8.026 -8.057 -8.285 -9.331 -11.825 -11.900 -7.907 -8.013 -8.571 -9.262
0.04 0.47971 5.00000 350.0065612793 2.6336188316  261.828  6.828  4.6124  3.430    0  0.000  0.107     0.00     0.00 -1 -3.19e-06      0.00 5.030e-01 4.543e-01 7.067e-04 2.230e-02 5.320e-03 -1.000 4.261e-02 -12.300 -8.019 -7.908 -7.878 -7.923 -8.037 -8.069 -8.298 -9.353 -11.851 -11.921 -7.920 -8.025 -8.589 -9.284
0.04 0.47971 5.00000 350.0071411133 2.6336188316  250.484  6.812  4.6069  3.404    0  0.000  0.128     0.00     0.00 -1 -2.22e-06      0.00 4.842e-01 4.734e-01 7.536e-04 2.284e-02 4.627e-03 -1.000 4.247e-02 -12.260 -7.762 -7.652 -7.749 -7.690 -7.803 -7.851 -8.032 -9.256 -9.935 -10.856 -7.692 -7.803 -8.232 -8.985
0.04 0.47971 5.00000 350.0076293945 2.6336188316  239.861  6.796  4.6026  3.384    0  0.000  0.151     0.00     0.00 -1 -1.63e-06      0.00 4.659e-01 4.917e-01 7.925e-04 2.324e-02 4.116e-03 -1.000 4.238e-02 -12.221 -7.723 -7.613 -7.710 -7.651 -7.764 -7.812 -7.993 -9.217 -9.896 -10.817 -7.653 -7.764 -8.193 -8.946
0.04 0.47971 5.00000 350.0080261230 2.6336188316  229.697  6.781  4.5990  3.366    0  0.000  0.177     0.00     0.00 -1 -1.24e-06      0.00 4.477e-01 5.100e-01 8.264e-04 2.354e-02 3.715e-03 -1.000 4.230e-02 -12.182 -7.684 -7.574 -7.671 -7.612 -7.725 -7.773 -7.954 -9.177 -9.857 -10.778 -7.614 -7.725 -8.154 -8.907
0.04 0.47971 5.00000 350.0084228516 2.6336188316  219.920  6.765  4.5956  3.350    0  0.000  0.205     0.00     0.00 -1 -9.67e-07      0.00 4.297e-01 5.280e-01 8.563e-04 2.377e-02 3.409e-03 -1.000 4.229e-02 -12.143 -7.644 -7.535 -7.632 -7.573 -7.685 -7.733 -7.914 -9.138 -9.817 -10.738 -7.575 -7.686 -8.114 -8.868
0.04 0.47971 5.00000 350.0087585449 2.6336188316  210.439  6.749  4.5928  3.335    0  0.000  0.237     0.00     0.00 -1 -7.72e-07      0.00 4.117e-01 5.460e-01 8.831e-04 2.394e-02 3.176e-03 -1.000 4.220e-02 -12.103 -7.605 -7.495 -7.593 -7.533 -7.646 -7.694 -7.875 -9.099 -9.778 -10.699 -7.535 -7.647 -8.075 -8.828
0.04 0.47971 5.00000 350.0090637207 2.6336188316  201.311  6.733  4.5904  3.322    0  0.000  0.271     0.00     0.00 -1 -6.29e-07      0.00 3.942e-01 5.636e-01 9.072e-04 2.407e-02 2.996e-03 -1.000 4.218e-02 -12.064 -7.565 -7.456 -7.553 -7.493 -7.606 -7.654 -7.835 -9.059 -9.738 -10.659 -7.496 -7.607 -8.035 -8.788
0.04 0.47971 5.00000 350.0093994141 2.6336188316  191.471  6.716  4.5880  3.308    0  0.000  0.314     0.00     0.00 -1 -5.09e-07      0.00 3.746e-01 5.832e-01 9.317e-04 2.417e-02 2.837e-03 -1.000 4.217e-02 -12.020 -7.521 -7.412 -7.509 -7.450 -7.562 -7.610 -7.791 -9.015 -9.694 -10.615 -7.452 -7.563 -7.991 -8.745
0.04 0.47971 5.00000 350.0094909668 2.6336188316  188.066  6.710  4.5873  3.304    0  0.000  0.330     0.00     0.00 -1 -4.73e-07      0.00 3.677e-01 5.901e-01 9.399e-04 2.420e-02 2.788e-03 -1.000 4.217e-02 -12.004 -7.506 -7.396 -7.493 -7.434 -7.547 -7.595 -7.776 -8.999 -9.679 -10.600 -7.436 -7.547 -7.976 -8.729
0.04 0.47971 5.00000 350.0096130371 2.6336188316  184.006  6.702  4.5867  3.300    0  0.000  0.350     0.00     0.00 -1 -4.31e-07      0.00 3.594e-01 5.984e-01 9.493e-04 2.423e-02 2.741e-03 -1.000 4.217e-02 -11.985 -7.486 -7.377 -7.474 -7.415 -7.527 -7.576 -7.757 -8.980 -9.660 -10.580 -7.417 -7.528 -7.956 -8.710
0.04 0.47971 5.00000 350.0097351074 2.6336188316  179.873  6.694  4.5862  3.296    0  0.000  0.371     0.00     0.00 -1 -4.04e-07      0.00 3.509e-01 6.070e-01 9.587e-04 2.427e-02 2.692e-03 -1.000 4.217e-02 -11.965 -7.467 -7.357 -7.454 -7.395 -7.508 -7.556 -7.737 -8.960 -9.640 -10.561 -7.397 -7.508 -7.937 -8.690
0.04 0.47971 5.00000 350.0098571777 2.6336188316  174.824  6.683  4.5864  3.295    0  0.000  0.399     0.00     0.00 -1 -6.01e-07      0.00 3.401e-01 6.178e-01 9.682e-04 2.430e-02 2.644e-03 -1.000 4.216e-02 -11.938 -7.440 -7.330 -7.428 -7.368 -7.481 -7.529 -7.710 -8.934 -9.613 -10.534 -7.370 -7.482 -7.910 -8.663
0.04 0.47971 5.00000 350.0099792480 2.6336188316  169.902  6.673  4.5867  3.294    0  0.000  0.427     0.00     0.00 -1 -8.95e-07      0.00 3.292e-01 6.286e-01 9.775e-04 2.433e-02 2.594e-03 -1.000 4.216e-02 -11.912 -7.413 -7.304 -7.401 -7.341 -7.454 -7.502 -7.683 -8.907 -9.586 -10.507 -7.343 -7.455 -7.883 -8.636
0.04 0.47971 5.00000 350.0101013184 2.6336188316  157.334  6.634  4.5894  3.310    0  0.000  0.473     0.00     0.00 -1 -8.22e-07      0.00 3.119e-01 6.460e-01 9.867e-04 2.438e-02 2.524e-03 -1.000 4.214e-02 -11.816 -7.318 -7.208 -7.305 -7.246 -7.359 -7.407 -7.588 -8.812 -9.491 -10.412 -7.248 -7.359 -7.788 -8.541
0.04 0.47971 5.00000 350.0102233887 2.6336188316  144.771  6.591  4.5871  3.307    0  0.000  0.496     0.00     0.00 -1 -6.86e-07      0.00 3.032e-01 6.548e-01 9.946e-04 2.439e-02 2.505e-03 -1.000 4.209e-02 -11.709 -7.210 -7.101 -7.198 -7.139 -7.251 -7.299 -7.480 -8.704 -9.383 -10.304 -7.141 -7.252 -7.680 -8.434
0.04 0.47971 5.00000 350.0103149414 2.6336188316  133.369  6.549  4.5850  3.306    0  0.000  0.519     0.00     0.00 -1 -5.74e-07      0.00 2.944e-01 6.634e-01 1.002e-03 2.439e-02 2.489e-03 -1.000 4.215e-02 -11.602 -7.104 -6.994 -7.091 -7.032 -7.145 -7.193 -7.374 -8.598 -9.277 -10.198 -7.034 -7.145 -7.574 -8.327
0.04 0.47971 5.00000 350.0104370117 2.6336188316  122.834  6.506  4.5829  3.305    0  0.000  0.541     0.00     0.00 -1 -4.79e-07      0.00 2.857e-01 6.722e-01 1.010e-03 2.439e-02 2.477e-03 -1.000 4.215e-02 -11.494 -6.996 -6.886 -6.984 -6.924 -7.037 -7.085 -7.266 -8.490 -9.169 -10.090 -6.926 -7.038 -7.466 -8.219
0.04 0.47971 5.00000 350.0105590820 2.6336188316  113.344  6.463  4.5807  3.304    0  0.000  0.563     0.00     0.00 -1 -4.02e-07      0.00 2.770e-01 6.808e-01 1.018e-03 2.439e-02 2.468e-03 -1.000 4.215e-02 -11.388 -6.889 -6.780 -6.877 -6.818 -6.930 -6.978 -7.159 -8.383 -9.062 -9.983 -6.820 -6.931 -7.359 -8.113
0.04 0.47971 5.00000 350.0106811523 2.6336188316  104.130  6.418  4.5784  3.303    0  0.000  0.586     0.00     0.00 -1 -3.35e-07      0.00 2.680e-01 6.899e-01 1.026e-03 2.439e-02 2.461e-03 -1.000 4.214e-02 -11.275 -6.776 -6.667 -6.764 -6.704 -6.817 -6.865 -7.046 -8.270 -8.949 -9.870 -6.706 -6.818 -7.246 -7.999
0.04 0.47971 5.00000 350.0108032227 2.6336188316   95.830  6.373  4.5765  3.304    0  0.000  0.608     0.00     0.00 -1 -2.78e-07      0.00 2.591e-01 6.988e-01 1.034e-03 2.438e-02 2.457e-03 -1.000 4.207e-02 -11.162 -6.664 -6.554 -6.652 -6.592 -6.705 -6.753 -6.934 -8.158 -8.837 -9.758 -6.594 -6.706 -7.134 -7.887
0.04 0.47971 5.00000 350.0109252930 2.6336188316   88.190  6.328  4.5742  3.304    0  0.000  0.630     0.00     0.00 -1 -2.31e-07      0.00 2.500e-01 7.078e-01 1.042e-03 2.437e-02 2.455e-03 -1.000 4.213e-02 -11.051 -6.552 -6.443 -6.540 -6.481 -6.593 -6.641 -6.822 -8.046 -8.725 -9.646 -6.483 -6.594 -7.022 -7.776
0.04 0.47971 5.00000 350.0110473633 2.6336188316   81.354  6.285  4.5721  3.304    0  0.000  0.650     0.00     0.00 -1 -1.93e-07      0.00 2.414e-01 7.165e-01 1.049e-03 2.436e-02 2.456e-03 -1.000 4.214e-02 -10.942 -6.444 -6.334 -6.431 -6.372 -6.485 -6.533 -6.714 -7.938 -8.617 -9.538 -6.374 -6.485 -6.914 -7.667
0.04 0.47971 5.00000 350.0111389160 2.6336188316   74.901  6.240  4.5700  3.304    0  0.000  0.671     0.00     0.00 -1  -1.6e-07      0.00 2.324e-01 7.255e-01 1.058e-03 2.435e-02 2.459e-03 -1.000 4.205e-02 -10.830 -6.332 -6.222 -6.320 -6.260 -6.373 -6.421 -6.602 -7.826 -8.505 -9.426 -6.262 -6.374 -6.802 -7.555
0.04 0.47971 5.00000 350.0112609863 2.6336188316   69.087  6.196  4.5679  3.305    0  0.000  0.690     0.00     0.00 -1 -1.36e-07      0.00 2.233e-01 7.345e-01 1.066e-03 2.434e-02 2.463e-03 -1.000 4.213e-02 -10.721 -6.223 -6.113 -6.210 -6.151 -6.264 -6.312 -6.493 -7.716 -8.396 -9.317 -6.153 -6.264 -6.693 -7.446
0.04 0.47971 5.00000 350.0113830566 2.6336188316   63.761  6.152  4.5658  3.305    0  0.000  0.710     0.00     0.00 -1 -1.12e-07      0.00 2.142e-01 7.436e-01 1.074e-03 2.432e-02 2.469e-03 -1.000 4.213e-02 -10.611 -6.113 -6.003 -6.100 -6.041 -6.154 -6.202 -6.383 -7.607 -8.286 -9.207 -6.043 -6.154 -6.583 -7.336
0.04 0.47971 5.00000 350.0115051270 2.6336188316   58.833  6.108  4.5639  3.307    0  0.000  0.729     0.00     0.00 -1 -9.28e-08      0.00 2.049e-01 7.530e-01 1.082e-03 2.430e-02 2.476e-03 -1.000 4.212e-02 -10.501 -6.002 -5.893 -5.990 -5.930 -6.043 -6.091 -6.272 -7.496 -8.175 -9.096 -5.932 -6.044 -6.472 -7.225
0.04 0.47971 5.00000 350.0116271973 2.6336188316   54.276  6.064  4.5621  3.309    0  0.000  0.748     0.00     0.00 -1  -7.7e-08      0.00 1.955e-01 7.625e-01 1.091e-03 2.429e-02 2.484e-03 -1.000 4.206e-02 -10.389 -5.891 -5.781 -5.878 -5.819 -5.932 -5.980 -6.161 -7.385 -8.064 -8.985 -5.821 -5.932 -6.361 -7.114
0.04 0.47971 5.00000 350.0117492676 2.6336188316   49.870  6.017  4.5604  3.313    0  0.000  0.767     0.00     0.00 -1 -6.34e-08      0.00 1.856e-01 7.724e-01 1.100e-03 2.426e-02 2.494e-03 -1.000 4.203e-02 -10.272 -5.773 -5.664 -5.761 -5.701 -5.814 -5.862 -6.043 -7.267 -7.946 -8.867 -5.703 -5.815 -6.243 -6.996
0.04 0.47971 5.00000 350.0118713379 2.6336188316   45.952  5.972  4.5583  3.314    0  0.000  0.785     0.00     0.00 -1 -5.24e-08      0.00 1.760e-01 7.820e-01 1.109e-03 2.424e-02 2.505e-03 -1.000 4.203e-02 -10.159 -5.661 -5.551 -5.648 -5.589 -5.702 -5.750 -5.931 -7.155 -7.834 -8.755 -5.591 -5.702 -6.131 -6.884
0.04 0.47971 5.00000 350.0119934082 2.6336188316   42.307  5.927  4.5563  3.315    0  0.000  0.804     0.00     0.00 -1 -4.33e-08      0.00 1.658e-01 7.921e-01 1.118e-03 2.422e-02 2.517e-03 -1.000 4.211e-02 -10.047 -5.549 -5.439 -5.536 -5.477 -5.590 -5.638 -5.819 -7.042 -7.722 -8.643 -5.479 -5.590 -6.019 -6.772
0.04 0.47971 5.00000 350.0121154785 2.6336188316   39.003  5.884  4.5554  3.319    0  0.000  0.822     0.00     0.00 -1 -3.61e-08      0.00 1.562e-01 8.017e-01 1.128e-03 2.420e-02 2.530e-03 -1.000 4.208e-02 -9.939 -5.440 -5.331 -5.428 -5.369 -5.481 -5.530 -5.711 -6.934 -7.614 -8.534 -5.371 -5.482 -5.910 -6.664
0.04 0.47971 5.00000 350.0122680664 2.6336188316   35.922  5.840  4.5560  3.330    0  0.000  0.842     0.00     0.00 -1    -3e-08      0.00 1.459e-01 8.120e-01 1.138e-03 2.417e-02 2.544e-03 -1.000 4.209e-02 -9.829 -5.331 -5.221 -5.319 -5.259 -5.372 -5.420 -5.601 -6.825 -7.504 -8.425 -5.261 -5.372 -5.801 -6.554
0.04 0.47971 5.00000 350.0123596191 2.6336188316   33.445  5.802  4.5579  3.344    0  0.000  0.861     0.00     0.00 -1 -2.56e-08      0.00 1.367e-01 8.212e-01 1.147e-03 2.415e-02 2.556e-03 -1.000 4.209e-02 -9.735 -5.237 -5.127 -5.224 -5.165 -5.278 -5.326 -5.507 -6.730 -7.410 -8.331 -5.167 -5.278 -5.707 -6.460
0.04 0.47971 5.00000 350.0124511719 2.6336188316   31.583  5.772  4.5614  3.363    0  0.000  0.878     0.00     0.00 -1 -2.24e-08      0.00 1.293e-01 8.286e-01 1.155e-03 2.413e-02 2.566e-03 -1.000 4.211e-02 -9.661 -5.162 -5.053 -5.150 -5.091 -5.203 -5.252 -5.432 -6.656 -7.335 -8.256 -5.093 -5.204 -5.632 -6.386
0.04 0.47971 5.00000 350.0125122070 2.6336188316   30.410  5.753  4.5659  3.383    0  0.000  0.890     0.00     0.00 -1 -2.06e-08      0.00 1.243e-01 8.336e-01 1.161e-03 2.412e-02 2.573e-03 -1.000 4.209e-02 -9.613 -5.115 -5.005 -5.102 -5.043 -5.156 -5.204 -5.385 -6.608 -7.288 -8.209 -5.045 -5.156 -5.585 -6.338
0.04 0.47971 5.00000 350.0125427246 2.6336188316   29.533  5.739  4.5715  3.407    0  0.000  0.900     0.00     0.00 -1 -1.95e-08      0.00 1.204e-01 8.375e-01 1.165e-03 2.411e-02 2.578e-03 -1.000 4.211e-02 -9.577 -5.079 -4.969 -5.067 -5.007 -5.120 -5.168 -5.349 -6.573 -7.252 -8.173 -5.009 -5.121 -5.549 -6.302
0.04 0.47971 5.00000 350.0125732422 2.6336188316   28.944  5.730  4.5797  3.440    0  0.000  0.907     0.00     0.00 -1 -1.86e-08      0.00 1.177e-01 8.402e-01 1.169e-03 2.410e-02 2.581e-03 -1.000 4.209e-02 -9.556 -5.058 -4.948 -5.045 -4.986 -5.099 -5.147 -5.328 -6.551 -7.231 -8.152 -4.988 -5.099 -5.528 -6.281
0.04 0.47971 5.00000 350.0126037598 2.6336188316   28.403  5.724  4.5929  3.491    0  0.000  0.914     0.00     0.00 -1  -1.8e-08      0.00 1.152e-01 8.427e-01 1.172e-03 2.409e-02 2.584e-03 -1.000 4.207e-02 -9.540 -5.042 -4.932 -5.030 -4.970 -5.083 -5.131 -5.312 -6.536 -7.215 -8.136 -4.972 -5.084 -5.512 -6.265
0.04 0.47971 5.00000 350.0126342773 2.6336188316   27.750  5.914  4.6868  3.666    0  0.000  0.923     0.00     0.00 -1 -3.11e-08      0.00 1.124e-01 8.455e-01 1.175e-03 2.408e-02 2.588e-03 -1.000 4.211e-02 -10.016 -5.188 -5.075 -5.175 -5.094 -5.200 -5.248 -5.424 -6.658 -7.272 -8.136 -5.097 -5.201 -5.621 -6.387
0.04 0.47971 5.00000 350.0127258301 2.6336188316   25.773  5.748  4.9030  4.665    0  0.000  0.764     0.00     0.00 -1  -1.9e-08      0.00 9.372e-02 8.642e-01 1.124e-03 2.416e-02 2.589e-03 -1.000 4.209e-02 -9.599 -3.150 -3.025 -2.977 -3.017 -3.108 -3.179 -3.364 -4.783 -5.736 -6.721 -3.017 -3.112 -3.598 -4.510
0.04 0.47971 5.00000 350.0127868652 2.6336188316   24.193  5.712  4.9023  4.671    0  0.000  1.261     0.00     0.00 -1 -1.67e-08      0.00 8.233e-02 8.756e-01 1.261e-03 2.396e-02 2.585e-03 -1.000 4.209e-02 -9.510 -3.066 -2.942 -2.893 -2.934 -3.026 -3.096 -3.282 -4.703 -5.656 -6.641 -2.934 -3.029 -3.517 -4.430
0.04 0.47971 5.00000 350.0128784180 2.6336188316   22.608  5.676  4.8982  4.661    0  0.000  2.684     0.00     0.00 -1 -1.43e-08      0.00 8.224e-02 8.746e-01 1.997e-03 2.324e-02 2.608e-03  7.616 4.318e-02 -9.420 -3.009 -2.885 -2.838 -2.880 -2.973 -3.044 -3.234 -4.662 -5.616 -6.596 -2.880 -2.977 -3.473 -4.389
0.04 0.47971 5.00000 350.0129394531 2.6336188316   21.526  5.651  4.9034  4.686    0  0.000 48.114     0.00     0.00 -1 -1.19e-08      0.00 8.263e-02 8.340e-01 2.888e-02 2.661e-04 2.983e-03 10.429 8.339e-02 -9.357 -2.904 -2.779 -2.731 -2.771 -2.862 -2.932 -3.117 -4.534 -5.487 -6.472 -2.770 -2.865 -3.350 -4.261
0.04 0.47971 5.00000 350.0129699707 2.6336188316   20.827  5.636  4.9017  4.680    0  0.000 41.443     0.00     0.00 -1 -9.93e-09      0.00 8.295e-02 7.816e-01 7.906e-02 2.600e-04 4.839e-03 10.880 1.354e-01 -9.320 -2.881 -2.756 -2.708 -2.749 -2.841 -2.912 -3.098 -4.521 -5.475 -6.459 -2.749 -2.844 -3.334 -4.248
0.04 0.47971 5.00000 350.0130004883 2.6336188316   20.766  5.635  4.9016  4.679    0  0.000 40.846     0.00     0.00 -1 -9.77e-09      0.00 8.298e-02 7.769e-01 8.356e-02 2.595e-04 5.006e-03 10.904 1.401e-01 -9.316 -2.879 -2.754 -2.706 -2.747 -2.839 -2.910 -3.097 -4.520 -5.474 -6.458 -2.747 -2.842 -3.333 -4.247
0.04 0.47971 5.00000 350.0131225586 2.6336188316   19.200  5.604  4.9002  4.670    0  0.000 23.569     0.00     0.00 -1 -6.25e-09      0.00 8.388e-02 6.555e-01 1.961e-01 2.547e-04 1.293e-02 11.268 2.607e-01 -9.239 -2.813 -2.688 -2.641 -2.682 -2.775 -2.846 -3.035 -4.461 -5.416 -6.401 -2.682 -2.778 -3.273 -4.188
0.04 0.47971 5.00000 350.0132446289 2.6336188316   18.160  5.588  4.9052  4.682    0  0.000 14.616     0.00     0.00 -1 -4.42e-09      0.00 8.470e-02 5.695e-01 2.700e-01 2.572e-04 2.414e-02 11.394 3.458e-01 -9.200 -2.733 -2.607 -2.558 -2.597 -2.687 -2.757 -2.940 -4.352 -5.304 -6.289 -2.597 -2.691 -3.170 -4.079
0.04 0.47971 5.00000 350.0133361816 2.6336188316   17.679  5.584  4.9143  4.710    0  0.000 11.955     0.00     0.00 -1 -3.67e-09      0.00 8.518e-02 5.266e-01 3.043e-01 2.586e-04 3.226e-02 11.438 3.882e-01 -9.190 -2.648 -2.522 -2.470 -2.505 -2.589 -2.658 -2.829 -4.215 -5.161 -6.149 -2.504 -2.593 -3.045 -3.943
0.04 0.47971 5.00000 350.0133666992 2.6336188316   17.423  5.584  4.9242  4.744    0  0.000 10.620     0.00     0.00 -1  -3.3e-09      0.00 8.547e-02 5.011e-01 3.239e-01 2.595e-04 3.782e-02 11.460 4.134e-01 -9.190 -2.566 -2.438 -2.384 -2.415 -2.493 -2.559 -2.718 -4.076 -5.014 -6.007 -2.414 -2.496 -2.920 -3.804
0.04 0.47971 5.00000 350.0133972168 2.6336188316   17.218  5.629  4.9946  4.976    0  0.000  9.661     0.00     0.00 -1 -3.39e-09      0.00 8.571e-02 4.797e-01 3.397e-01 2.602e-04 4.315e-02 11.475 4.346e-01 -9.302 -2.128 -1.995 -1.932 -1.949 -2.007 -2.067 -2.183 -3.439 -4.342 -5.332 -1.945 -2.010 -2.332 -3.168
0.04 0.47971 5.00000 350.0134277344 2.6336188316   17.174  5.703  5.0750  5.222    0  0.000  9.403     0.00     0.00 -1 -4.15e-09      0.00 8.576e-02 4.735e-01 3.442e-01 2.604e-04 4.484e-02 11.480 4.408e-01 -9.487 -1.932 -1.833 -1.809 -1.911 -2.017 -2.121 -2.301 -3.718 -4.703 -5.693 -1.898 -2.024 -2.511 -3.444
#isochrone terminated
