# File generated by CMD 3.3 (http://stev.oapd.inaf.it/cmd) on Wed Apr 22 16:19:25 CEST 2020
# isochrones based on PARSEC release v1.2S +  COLIBRI S_35
# Basic references: Bressan et al. (2012), MNRAS, 427, 127 + Chen et al. (2014, 2015), MNRAS, 444, 2525 + MNRAS, 452, 1068 + Tang et al. (2014), MNRAS, 445, 4287 + Marigo et al. (2017), ApJ, 835, 77 + Pastorelli al. (2019), MNRAS in press
# Thermal pulse cycles included 
# On RGB, assumed Reimers mass loss with efficiency eta=0.2
# Photometric system:  2MASS + Spitzer (IRAC+MIPS) + WISE
# Using YBC version of bolometric corrections as in Chen et al. (2019)
# O-rich circumstellar dpmod60alox40 dust from Groenewegen (2006)
# C-rich circumstellar AMCSIC15 dust from Groenewegen (2006)
# IMF: Kroupa (2001, 2002) + Kroupa et al. (2013) canonical two-part-power law IMF corrected for unresolved binaries 
# Kind of output: isochrone tables
# Zini     MH   logAge Mini        int_IMF         Mass   logL    logTe  logg  label   McoreTP C_O  period0 period1 pmode  Mloss  tau1m   X   Y   Xc  Xn  Xo  Cexcess  Z 	 mbolmag  Jmag    Hmag    Ksmag   IRAC_3.6mag  IRAC_4.5mag  IRAC_5.8mag  IRAC_8.0mag  MIPS_24mag  MIPS_70mag  MIPS_160mag  W1mag   W2mag   W3mag   W4mag
0.008 -0.27576 6.00000 0.0900000036 1.0816895962    0.090 -1.232  3.4647  3.435    0  0.000  0.545     0.00     0.00 -1 -4.75e-14      0.00 7.290e-01 2.630e-01 1.439e-03 3.881e-04 3.520e-03 -1.000 8.000e-03 7.850 5.830 5.295 4.995 4.611 4.457 4.416 4.352 3.741 3.719 3.787 4.734 4.462 4.318 3.931
0.008 -0.27576 6.00000 0.1000000015 1.1711064577    0.100 -1.126  3.4719  3.403    0  0.000  0.545     0.00     0.00 -1 -5.98e-14      0.00 7.290e-01 2.630e-01 1.439e-03 3.881e-04 3.520e-03 -1.000 8.000e-03 7.584 5.575 5.028 4.743 4.379 4.230 4.192 4.132 3.527 3.510 3.583 4.500 4.234 4.102 3.717
0.008 -0.27576 6.00000 0.1200000048 1.3193155527    0.120 -0.971  3.4831  3.372    0  0.000  0.545     0.00     0.00 -1 -8.08e-14      0.00 7.290e-01 2.630e-01 1.439e-03 3.881e-04 3.520e-03 -1.000 8.000e-03 7.197 5.210 4.637 4.372 4.042 3.901 3.866 3.812 3.219 3.210 3.295 4.159 3.906 3.790 3.409
0.008 -0.27576 6.00000 0.1228422672 1.3377643824    0.123 -0.951  3.4846  3.368    0  0.000  0.545     0.00     0.00 -1  -8.4e-14      0.00 7.290e-01 2.630e-01 1.439e-03 3.881e-04 3.520e-03 -1.000 8.000e-03 7.146 5.163 4.586 4.324 3.998 3.859 3.824 3.770 3.178 3.172 3.258 4.114 3.863 3.749 3.368
0.008 -0.27576 6.00000 0.1400000006 1.4384527206    0.140 -0.834  3.4931  3.343    0  0.000  0.545     0.00     0.00 -1 -1.06e-13      0.00 7.290e-01 2.630e-01 1.439e-03 3.881e-04 3.520e-03 -1.000 8.000e-03 6.855 4.892 4.288 4.041 3.744 3.613 3.580 3.530 2.947 2.950 3.044 3.856 3.618 3.515 3.137
0.008 -0.27576 6.00000 0.1492253393 1.4861830473    0.149 -0.781  3.4972  3.334    0  0.000  0.545     0.00     0.00 -1 -1.17e-13      0.00 7.290e-01 2.630e-01 1.439e-03 3.881e-04 3.520e-03 -1.000 8.000e-03 6.723 4.769 4.152 3.911 3.628 3.502 3.471 3.423 2.845 2.852 2.949 3.739 3.508 3.411 3.035
0.008 -0.27576 6.00000 0.1630392671 1.5509063005    0.163 -0.715  3.5026  3.327    0  0.000  0.545     0.00     0.00 -1 -1.32e-13      0.00 7.290e-01 2.630e-01 1.439e-03 3.881e-04 3.520e-03 -1.000 8.002e-03 6.557 4.617 3.981 3.748 3.484 3.365 3.335 3.290 2.718 2.730 2.831 3.591 3.371 3.282 2.908
0.008 -0.27576 6.00000 0.1669676453 1.5680207014    0.167 -0.705  3.5038  3.332    0  0.000  0.545     0.00     0.00 -1 -1.32e-13      0.00 7.290e-01 2.630e-01 1.439e-03 3.881e-04 3.520e-03 -1.000 8.007e-03 6.531 4.595 3.956 3.724 3.463 3.346 3.316 3.271 2.701 2.715 2.817 3.570 3.352 3.264 2.891
0.008 -0.27576 6.00000 0.1719557792 1.5890126228    0.172 -0.684  3.5058  3.332    0  0.000  0.545     0.00     0.00 -1 -1.37e-13      0.00 7.290e-01 2.630e-01 1.439e-03 3.881e-04 3.520e-03 -1.000 8.016e-03 6.479 4.549 3.903 3.674 3.419 3.305 3.275 3.231 2.663 2.679 2.782 3.524 3.311 3.225 2.853
0.008 -0.27576 6.00000 0.1800112277 1.6212937832    0.180 -0.640  3.5094  3.323    0  0.000  0.545     0.00     0.00 -1 -1.49e-13      0.00 7.290e-01 2.630e-01 1.439e-03 3.881e-04 3.520e-03 -1.000 8.011e-03 6.371 4.450 3.791 3.567 3.324 3.216 3.187 3.144 2.580 2.601 2.707 3.428 3.222 3.140 2.770
0.008 -0.27576 6.00000 0.1911584884 1.6629920006    0.191 -0.577  3.5144  3.305    0  0.000  0.545     0.00     0.00 -1 -1.71e-13      0.00 7.290e-01 2.630e-01 1.439e-03 3.881e-04 3.520e-03 -1.000 8.000e-03 6.212 4.306 3.627 3.409 3.184 3.084 3.055 3.013 2.456 2.484 2.594 3.284 3.090 3.013 2.646
0.008 -0.27576 6.00000 0.2080742121 1.7205736637    0.208 -0.540  3.5187  3.323    0  0.000  0.545     0.00     0.00 -1 -1.75e-13      0.00 7.290e-01 2.630e-01 1.439e-03 3.881e-04 3.520e-03 -1.000 8.000e-03 6.119 4.228 3.537 3.323 3.108 3.016 2.986 2.944 2.393 2.428 2.542 3.204 3.022 2.948 2.583
0.008 -0.27576 6.00000 0.2167019695 1.7476493120    0.217 -0.536  3.5203  3.344    0  0.000  0.545     0.00     0.00 -1 -1.69e-13      0.00 7.290e-01 2.630e-01 1.439e-03 3.881e-04 3.520e-03 -1.000 8.000e-03 6.111 4.225 3.533 3.319 3.107 3.016 2.986 2.944 2.396 2.433 2.548 3.202 3.022 2.949 2.586
0.008 -0.27576 6.00000 0.2251420617 1.7728129625    0.225 -0.520  3.5227  3.353    0  0.000  0.545     0.00     0.00 -1  -1.7e-13      0.00 7.289e-01 2.631e-01 1.439e-03 3.881e-04 3.520e-03 -1.000 8.001e-03 6.070 4.192 3.494 3.282 3.076 2.989 2.959 2.918 2.373 2.413 2.529 3.168 2.995 2.925 2.563
0.008 -0.27576 6.00000 0.2333686501 1.7961870432    0.233 -0.489  3.5259  3.351    0  0.000  0.545     0.00     0.00 -1  -1.8e-13      0.00 7.289e-01 2.631e-01 1.439e-03 3.881e-04 3.520e-03 -1.000 8.007e-03 5.993 4.125 3.417 3.208 3.011 2.931 2.901 2.861 2.321 2.365 2.482 3.102 2.937 2.870 2.511
0.008 -0.27576 6.00000 0.2399913669 1.8142391443    0.240 -0.457  3.5288  3.342    0  0.000  0.545     0.00     0.00 -1 -1.93e-13      0.00 7.289e-01 2.631e-01 1.439e-03 3.881e-04 3.520e-03 -1.000 8.018e-03 5.913 4.054 3.334 3.128 2.941 2.868 2.838 2.799 2.263 2.310 2.429 3.030 2.874 2.810 2.453
0.008 -0.27576 6.00000 0.2474838048 1.8338969946    0.248 -0.414  3.5324  3.327    0  0.000  0.545     0.00     0.00 -1 -2.14e-13      0.00 7.289e-01 2.630e-01 1.439e-03 3.881e-04 3.520e-03 -1.000 8.039e-03 5.804 3.956 3.222 3.021 2.846 2.781 2.751 2.713 2.182 2.234 2.353 2.932 2.787 2.726 2.372
0.008 -0.27576 6.00000 0.2631411552 1.8725860119    0.263 -0.402  3.5353  3.354    0  0.000  0.545     0.00     0.00 -1 -2.06e-13      0.00 7.290e-01 2.630e-01 1.439e-03 3.881e-04 3.520e-03 -1.000 8.020e-03 5.776 3.938 3.200 3.000 2.830 2.769 2.739 2.701 2.175 2.229 2.350 2.913 2.775 2.716 2.364
0.008 -0.27576 6.00000 0.2776759267 1.9059131145    0.278 -0.408  3.5373  3.390    0  0.000  0.545     0.00     0.00 -1  -1.9e-13      0.00 7.289e-01 2.631e-01 1.439e-03 3.881e-04 3.520e-03 -1.000 8.000e-03 5.789 3.958 3.222 3.022 2.852 2.794 2.763 2.725 2.202 2.259 2.381 2.933 2.800 2.742 2.392
0.008 -0.27576 6.00000 0.2919675112 1.9365420341    0.292 -0.398  3.5404  3.415    0  0.000  0.545     0.00     0.00 -1 -1.84e-13      0.00 7.289e-01 2.631e-01 1.439e-03 3.881e-04 3.520e-03 -1.000 8.000e-03 5.765 3.945 3.205 3.006 2.842 2.789 2.757 2.720 2.201 2.262 2.385 2.920 2.795 2.738 2.391
0.008 -0.27576 6.00000 0.3049675524 1.9627565145    0.305 -0.378  3.5439  3.428    0  0.000  0.545     0.00     0.00 -1 -1.86e-13      0.00 7.289e-01 2.631e-01 1.439e-03 3.881e-04 3.520e-03 -1.000 8.000e-03 5.715 3.906 3.159 2.964 2.806 2.760 2.728 2.690 2.178 2.242 2.366 2.881 2.766 2.711 2.367
0.008 -0.27576 6.00000 0.3296871781 2.0088107586    0.330 -0.353  3.5491  3.458    0  0.000  0.545     0.00     0.00 -1 -1.83e-13      0.00 7.289e-01 2.631e-01 1.439e-03 3.881e-04 3.520e-03 -1.000 8.000e-03 5.654 3.862 3.107 2.916 2.768 2.731 2.699 2.661 2.156 2.227 2.353 2.838 2.737 2.685 2.346
0.008 -0.27576 6.00000 0.3605927527 2.0604450703    0.361 -0.332  3.5553  3.500    0  0.000  0.545     0.00     0.00 -1 -1.75e-13      0.00 7.289e-01 2.631e-01 1.439e-03 3.881e-04 3.520e-03 -1.000 8.000e-03 5.600 3.828 3.066 2.881 2.744 2.717 2.684 2.645 2.150 2.228 2.354 2.808 2.723 2.673 2.339
0.008 -0.27576 6.00000 0.3979712725 2.1156980991    0.398 -0.289  3.5640  3.535    0  0.000  0.545     0.00     0.00 -1 -1.77e-13      0.00 7.289e-01 2.631e-01 1.439e-03 3.881e-04 3.520e-03 -1.000 8.000e-03 5.493 3.749 2.975 2.799 2.677 2.665 2.631 2.590 2.108 2.195 2.322 2.732 2.671 2.623 2.297
0.008 -0.27576 6.00000 0.4000000358 2.1185026169    0.400 -0.287  3.5645  3.537    0  0.000  0.545     0.00     0.00 -1 -1.77e-13      0.00 7.289e-01 2.631e-01 1.439e-03 3.881e-04 3.520e-03 -1.000 8.000e-03 5.488 3.746 2.971 2.795 2.675 2.663 2.629 2.587 2.106 2.194 2.321 2.729 2.669 2.621 2.295
0.008 -0.27576 6.00000 0.4398067892 2.1700501442    0.440 -0.234  3.5745  3.565    0  0.000  0.545     0.00     0.00 -1 -1.85e-13      0.00 7.289e-01 2.631e-01 1.439e-03 3.881e-04 3.520e-03 -1.000 8.000e-03 5.355 3.643 2.860 2.694 2.590 2.595 2.559 2.515 2.048 2.147 2.273 2.635 2.601 2.555 2.237
0.008 -0.27576 6.00000 0.4500000179 2.1822810173    0.450 -0.221  3.5768  3.572    0  0.000  0.545     0.00     0.00 -1 -1.86e-13      0.00 7.289e-01 2.631e-01 1.439e-03 3.881e-04 3.520e-03 -1.000 8.000e-03 5.323 3.618 2.835 2.672 2.571 2.579 2.544 2.499 2.035 2.136 2.262 2.614 2.585 2.539 2.224
0.008 -0.27576 6.00000 0.4763366282 2.2122819424    0.476 -0.185  3.5836  3.587    0  0.000  0.545     0.00     0.00 -1 -1.94e-13      0.00 7.289e-01 2.631e-01 1.439e-03 3.881e-04 3.520e-03 -1.000 8.000e-03 5.232 3.546 2.763 2.606 2.515 2.532 2.496 2.448 1.994 2.101 2.226 2.551 2.538 2.493 2.183
0.008 -0.27576 6.00000 0.5000000000 2.2374541759    0.500 -0.155  3.5892  3.600    0  0.000  0.545     0.00     0.00 -1 -1.99e-13      0.00 7.289e-01 2.631e-01 1.439e-03 3.881e-04 3.520e-03 -1.000 8.000e-03 5.156 3.486 2.707 2.555 2.470 2.494 2.457 2.407 1.959 2.071 2.195 2.501 2.499 2.455 2.149
0.008 -0.27576 6.00000 0.5108992457 2.2484147549    0.511 -0.140  3.5915  3.605    0  0.000  0.545     0.00     0.00 -1 -2.03e-13      0.00 7.289e-01 2.631e-01 1.439e-03 3.881e-04 3.520e-03 -1.000 8.000e-03 5.121 3.456 2.680 2.530 2.447 2.473 2.437 2.386 1.941 2.055 2.178 2.476 2.479 2.435 2.130
0.008 -0.27576 6.00000 0.5278467536 2.2644279003    0.528 -0.118  3.5954  3.612    0  0.000  0.545     0.00     0.00 -1 -2.09e-13      0.00 7.289e-01 2.631e-01 1.439e-03 3.881e-04 3.520e-03 -1.000 8.000e-03 5.064 3.408 2.637 2.491 2.412 2.441 2.405 2.354 1.914 2.030 2.154 2.439 2.447 2.405 2.103
0.008 -0.27576 6.00000 0.5457590222 2.2801156044    0.545 -0.094  3.5997  3.620    0  0.000  0.545     0.00     0.00 -1 -2.14e-13      0.00 7.289e-01 2.631e-01 1.439e-03 3.881e-04 3.520e-03 -1.000 8.000e-03 5.006 3.360 2.595 2.453 2.377 2.411 2.375 2.324 1.889 2.008 2.131 2.402 2.416 2.376 2.078
0.008 -0.27576 6.00000 0.5500000119 2.2836582661    0.550 -0.089  3.6007  3.622    0  0.000  0.545     0.00     0.00 -1 -2.15e-13      0.00 7.289e-01 2.631e-01 1.439e-03 3.881e-04 3.520e-03 -1.000 8.000e-03 4.993 3.350 2.586 2.445 2.371 2.405 2.370 2.318 1.884 2.004 2.127 2.395 2.411 2.371 2.073
0.008 -0.27576 6.00000 0.5516471863 2.2850174904    0.551 -0.088  3.6011  3.623    0  0.000  0.545     0.00     0.00 -1 -2.16e-13      0.00 7.289e-01 2.631e-01 1.439e-03 3.881e-04 3.520e-03 -1.000 8.000e-03 4.989 3.346 2.583 2.442 2.368 2.403 2.367 2.316 1.882 2.001 2.125 2.392 2.408 2.368 2.071
0.008 -0.27576 6.00000 0.5713006258 2.3005404472    0.571 -0.062  3.6052  3.630    0  0.000  0.545     0.00     0.00 -1 -2.23e-13      0.00 7.289e-01 2.631e-01 1.439e-03 3.881e-04 3.520e-03 -1.000 8.000e-03 4.926 3.293 2.537 2.400 2.330 2.367 2.332 2.280 1.850 1.972 2.096 2.351 2.373 2.334 2.039
0.008 -0.27576 6.00000 0.5919203162 2.3155591488    0.592 -0.037  3.6098  3.638    0  0.000  0.545     0.00     0.00 -1  -2.3e-13      0.00 7.289e-01 2.631e-01 1.439e-03 3.881e-04 3.520e-03 -1.000 8.000e-03 4.862 3.240 2.492 2.359 2.293 2.333 2.299 2.246 1.821 1.945 2.069 2.311 2.339 2.302 2.010
0.008 -0.27576 6.00000 0.6000000238 2.3211214542    0.600 -0.026  3.6117  3.641    0  0.000  0.545     0.00     0.00 -1 -2.33e-13      0.00 7.289e-01 2.631e-01 1.439e-03 3.881e-04 3.520e-03 -1.000 8.000e-03 4.836 3.218 2.473 2.342 2.277 2.319 2.285 2.233 1.808 1.934 2.058 2.295 2.325 2.289 1.997
0.008 -0.27576 6.00000 0.6125046611 2.3293981552    0.612 -0.012  3.6140  3.645    0  0.000  0.545     0.00     0.00 -1 -2.38e-13      0.00 7.289e-01 2.631e-01 1.439e-03 3.881e-04 3.520e-03 -1.000 8.000e-03 4.800 3.188 2.447 2.318 2.255 2.299 2.265 2.213 1.790 1.916 2.040 2.272 2.304 2.270 1.979
0.008 -0.27576 6.00000 0.6326122284 2.3419213295    0.633  0.012  3.6180  3.652    0  0.000  0.545     0.00     0.00 -1 -2.45e-13      0.00 7.289e-01 2.631e-01 1.439e-03 3.881e-04 3.520e-03 -1.000 8.000e-03 4.741 3.137 2.405 2.279 2.220 2.265 2.233 2.180 1.761 1.889 2.013 2.235 2.271 2.239 1.950
0.008 -0.27576 6.00000 0.6499999762 2.3520355225    0.650  0.032  3.6217  3.658    0  0.000  0.545     0.00     0.00 -1 -2.52e-13      0.00 7.289e-01 2.631e-01 1.439e-03 3.881e-04 3.520e-03 -1.000 8.000e-03 4.689 3.094 2.369 2.247 2.190 2.238 2.206 2.154 1.737 1.866 1.991 2.204 2.243 2.213 1.926
0.008 -0.27576 6.00000 0.6537372470 2.3541285992    0.654  0.036  3.6224  3.659    0  0.000  0.545     0.00     0.00 -1 -2.53e-13      0.00 7.289e-01 2.631e-01 1.439e-03 3.881e-04 3.520e-03 -1.000 8.000e-03 4.680 3.086 2.362 2.240 2.184 2.232 2.201 2.148 1.731 1.861 1.986 2.197 2.238 2.208 1.920
0.008 -0.27576 6.00000 0.6761046648 2.3661024570    0.676  0.062  3.6264  3.663    0  0.000  0.545     0.00     0.00 -1 -2.63e-13      0.00 7.289e-01 2.631e-01 1.439e-03 3.881e-04 3.520e-03 -1.000 8.000e-03 4.614 3.030 2.314 2.196 2.143 2.193 2.162 2.110 1.695 1.826 1.951 2.155 2.198 2.170 1.884
0.008 -0.27576 6.00000 0.6995471120 2.3777112961    0.700  0.089  3.6310  3.669    0  0.000  0.545     0.00     0.00 -1 -2.73e-13      0.00 7.289e-01 2.631e-01 1.439e-03 3.881e-04 3.520e-03 -1.000 8.000e-03 4.547 2.973 2.268 2.154 2.104 2.155 2.125 2.073 1.660 1.793 1.918 2.114 2.160 2.134 1.849
0.008 -0.27576 6.00000 0.7000000477 2.3779268265    0.700  0.090  3.6310  3.669    0  0.000  0.545     0.00     0.00 -1 -2.73e-13      0.00 7.289e-01 2.631e-01 1.439e-03 3.881e-04 3.520e-03 -1.000 8.000e-03 4.545 2.972 2.267 2.153 2.103 2.154 2.125 2.073 1.659 1.792 1.917 2.113 2.159 2.133 1.848
0.008 -0.27576 6.00000 0.7500000000 2.3998889923    0.750  0.160  3.6481  3.697    0  0.000  0.538     0.00     0.00 -1 -3.02e-13      0.00 7.289e-01 2.631e-01 1.420e-03 3.876e-04 3.521e-03 -1.000 8.000e-03 4.369 2.841 2.188 2.086 2.043 2.092 2.066 2.017 1.605 1.741 1.868 2.049 2.097 2.078 1.794
0.008 -0.27576 6.00000 0.7665460110 2.4064352512    0.766  0.175  3.6500  3.699    0  0.000  0.538     0.00     0.00 -1 -3.08e-13      0.00 7.289e-01 2.631e-01 1.420e-03 3.876e-04 3.521e-03 -1.000 8.000e-03 4.332 2.809 2.162 2.061 2.018 2.067 2.042 1.993 1.581 1.717 1.845 2.024 2.072 2.054 1.770
0.008 -0.27576 6.00000 0.7977272868 2.4179270267    0.798  0.204  3.6535  3.701    0  0.000  0.538     0.00     0.00 -1 -3.22e-13      0.00 7.289e-01 2.631e-01 1.420e-03 3.876e-04 3.521e-03 -1.000 8.000e-03 4.259 2.746 2.111 2.013 1.971 2.019 1.994 1.946 1.534 1.671 1.799 1.976 2.023 2.007 1.723
0.008 -0.27576 6.00000 0.8065592051 2.4209969044    0.806  0.211  3.6544  3.703    0  0.000  0.538     0.00     0.00 -1 -3.25e-13      0.00 7.289e-01 2.631e-01 1.420e-03 3.876e-04 3.521e-03 -1.000 8.000e-03 4.242 2.732 2.100 2.003 1.961 2.008 1.984 1.936 1.524 1.661 1.789 1.966 2.013 1.997 1.713
0.008 -0.27576 6.00000 0.8454545736 2.4336435795    0.845  0.243  3.6586  3.708    0  0.000  0.538     0.00     0.00 -1  -3.4e-13      0.00 7.289e-01 2.631e-01 1.420e-03 3.876e-04 3.521e-03 -1.000 8.000e-03 4.161 2.663 2.045 1.950 1.909 1.955 1.932 1.885 1.473 1.610 1.738 1.914 1.960 1.946 1.662
0.008 -0.27576 6.00000 0.8738577366 2.4420652390    0.873  0.265  3.6613  3.711    0  0.000  0.538     0.00     0.00 -1  -3.5e-13      0.00 7.289e-01 2.631e-01 1.420e-03 3.876e-04 3.521e-03 -1.000 8.000e-03 4.108 2.617 2.009 1.916 1.875 1.920 1.898 1.852 1.439 1.577 1.705 1.879 1.925 1.912 1.628
0.008 -0.27576 6.00000 0.8931818008 2.4474442005    0.892  0.280  3.6632  3.713    0  0.000  0.538     0.00     0.00 -1 -3.58e-13      0.00 7.289e-01 2.631e-01 1.420e-03 3.876e-04 3.521e-03 -1.000 8.000e-03 4.069 2.584 1.982 1.891 1.850 1.895 1.873 1.828 1.415 1.553 1.681 1.854 1.899 1.888 1.604
0.008 -0.27576 6.00000 0.9409090877 2.4596471786    0.940  0.316  3.6676  3.717    0  0.000  0.538     0.00     0.00 -1 -3.77e-13      0.00 7.289e-01 2.631e-01 1.420e-03 3.876e-04 3.521e-03 -1.000 8.000e-03 3.979 2.506 1.920 1.831 1.791 1.834 1.813 1.769 1.357 1.495 1.624 1.795 1.839 1.830 1.546
0.008 -0.27576 6.00000 0.9886363149 2.4705052376    0.988  0.351  3.6716  3.721    0  0.000  0.538     0.00     0.00 -1 -3.96e-13      0.00 7.289e-01 2.631e-01 1.420e-03 3.876e-04 3.521e-03 -1.000 8.000e-03 3.893 2.433 1.860 1.773 1.734 1.777 1.756 1.714 1.301 1.439 1.569 1.738 1.781 1.774 1.490
0.008 -0.27576 6.00000 0.9940567017 2.4716629982    0.994  0.354  3.6720  3.721    0  0.000  0.538     0.00     0.00 -1 -3.95e-13      0.00 7.289e-01 2.631e-01 1.420e-03 3.876e-04 3.521e-03 -1.000 8.000e-03 3.885 2.426 1.855 1.768 1.729 1.771 1.751 1.709 1.296 1.434 1.564 1.733 1.776 1.769 1.485
0.008 -0.27576 6.00000 1.0363636017 2.4802215099    1.036  0.382  3.6754  3.724    0  0.000  0.538     0.00     0.00 -1 -3.92e-13      0.00 7.289e-01 2.631e-01 1.420e-03 3.876e-04 3.521e-03 -1.000 8.000e-03 3.814 2.365 1.805 1.720 1.682 1.723 1.704 1.662 1.249 1.388 1.518 1.686 1.728 1.723 1.438
0.008 -0.27576 6.00000 1.0605729818 2.4847671986    1.060  0.398  3.6772  3.726    0  0.000  0.538     0.00     0.00 -1 -3.86e-13      0.00 7.289e-01 2.631e-01 1.420e-03 3.876e-04 3.521e-03 -1.000 8.000e-03 3.776 2.333 1.779 1.695 1.657 1.698 1.679 1.638 1.225 1.363 1.493 1.660 1.702 1.698 1.414
0.008 -0.27576 6.00000 1.0840909481 2.4889605045    1.083  0.414  3.6789  3.727    0  0.000  0.538     0.00     0.00 -1 -3.82e-13      0.00 7.289e-01 2.631e-01 1.420e-03 3.876e-04 3.521e-03 -1.000 8.000e-03 3.736 2.298 1.749 1.667 1.629 1.669 1.651 1.610 1.197 1.336 1.466 1.633 1.674 1.670 1.386
0.008 -0.27576 6.00000 1.1222541332 2.4953365326    1.121  0.438  3.6815  3.728    0  0.000  0.538     0.00     0.00 -1 -3.71e-13      0.00 7.289e-01 2.631e-01 1.420e-03 3.876e-04 3.521e-03 -1.000 8.000e-03 3.676 2.247 1.707 1.625 1.588 1.628 1.610 1.570 1.157 1.296 1.426 1.591 1.632 1.630 1.346
0.008 -0.27576 6.00000 1.1318181753 2.4968571663    1.131  0.443  3.6822  3.729    0  0.000  0.538     0.00     0.00 -1 -3.68e-13      0.00 7.289e-01 2.631e-01 1.420e-03 3.876e-04 3.521e-03 -1.000 8.000e-03 3.662 2.235 1.697 1.616 1.579 1.618 1.600 1.561 1.148 1.287 1.417 1.582 1.623 1.621 1.337
0.008 -0.27576 6.00000 1.1347513199 2.4973175526    1.134  0.445  3.6824  3.729    0  0.000  0.538     0.00     0.00 -1 -3.67e-13      0.00 7.289e-01 2.631e-01 1.420e-03 3.876e-04 3.521e-03 -1.000 8.000e-03 3.658 2.231 1.694 1.613 1.576 1.616 1.598 1.558 1.145 1.285 1.415 1.580 1.620 1.619 1.334
0.008 -0.27576 6.00000 1.1795454025 2.5040235519    1.179  0.471  3.6853  3.731    0  0.000  0.538     0.00     0.00 -1 -3.51e-13      0.00 7.289e-01 2.631e-01 1.420e-03 3.876e-04 3.521e-03 -1.000 8.000e-03 3.591 2.174 1.646 1.567 1.530 1.570 1.552 1.513 1.101 1.241 1.371 1.534 1.574 1.574 1.290
0.008 -0.27576 6.00000 1.2265219688 2.5104546547    1.226  0.498  3.6882  3.733    0  0.000  0.538     0.00     0.00 -1 -3.33e-13      0.00 7.289e-01 2.631e-01 1.420e-03 3.876e-04 3.521e-03 -1.000 8.000e-03 3.524 2.116 1.597 1.519 1.484 1.522 1.505 1.467 1.056 1.196 1.326 1.487 1.526 1.528 1.244
0.008 -0.27576 6.00000 1.2272726297 2.5105528831    1.227  0.499  3.6882  3.733    0  0.000  0.538     0.00     0.00 -1 -3.32e-13      0.00 7.289e-01 2.631e-01 1.420e-03 3.876e-04 3.521e-03 -1.000 8.000e-03 3.523 2.116 1.597 1.519 1.483 1.522 1.505 1.467 1.055 1.195 1.325 1.486 1.525 1.527 1.244
0.008 -0.27576 6.00000 1.2423167229 2.5124917030    1.242  0.507  3.6891  3.734    0  0.000  0.538     0.00     0.00 -1 -3.25e-13      0.00 7.289e-01 2.631e-01 1.420e-03 3.876e-04 3.521e-03 -1.000 8.000e-03 3.503 2.098 1.582 1.504 1.469 1.507 1.490 1.453 1.041 1.181 1.312 1.472 1.511 1.514 1.230
0.008 -0.27576 6.00000 1.2749998569 2.5165231228    1.275  0.526  3.6910  3.733    0  0.000  0.538     0.00     0.00 -1 -3.12e-13      0.00 7.289e-01 2.631e-01 1.420e-03 3.876e-04 3.521e-03 -1.000 8.000e-03 3.455 2.056 1.546 1.469 1.434 1.472 1.456 1.418 1.007 1.147 1.278 1.437 1.476 1.479 1.196
0.008 -0.27576 6.00000 1.3104556799 2.5206360817    1.310  0.544  3.6929  3.735    0  0.000  0.538     0.00     0.00 -1 -2.93e-13      0.00 7.289e-01 2.631e-01 1.420e-03 3.876e-04 3.521e-03 -1.000 8.000e-03 3.409 2.017 1.513 1.437 1.403 1.440 1.424 1.387 0.976 1.116 1.247 1.406 1.444 1.448 1.165
0.008 -0.27576 6.00000 1.3227273226 2.5220005512    1.323  0.551  3.6936  3.735    0  0.000  0.538     0.00     0.00 -1 -2.87e-13      0.00 7.289e-01 2.631e-01 1.420e-03 3.876e-04 3.521e-03 -1.000 8.000e-03 3.393 2.003 1.501 1.426 1.391 1.428 1.412 1.376 0.965 1.105 1.236 1.394 1.432 1.437 1.154
0.008 -0.27576 6.00000 1.3462328911 2.5245347023    1.346  0.562  3.6949  3.737    0  0.000  0.538     0.00     0.00 -1 -2.72e-13      0.00 7.289e-01 2.631e-01 1.420e-03 3.876e-04 3.521e-03 -1.000 8.000e-03 3.365 1.980 1.482 1.407 1.373 1.410 1.394 1.358 0.947 1.087 1.218 1.376 1.413 1.419 1.135
0.008 -0.27576 6.00000 1.3704545498 2.5270416737    1.370  0.575  3.6961  3.736    0  0.000  0.538     0.00     0.00 -1  -2.6e-13      0.00 7.289e-01 2.631e-01 1.420e-03 3.876e-04 3.521e-03 -1.000 8.000e-03 3.332 1.952 1.458 1.383 1.349 1.386 1.370 1.334 0.923 1.064 1.195 1.352 1.390 1.396 1.112
0.008 -0.27576 6.00000 1.4181818962 2.5316946507    1.418  0.600  3.6985  3.736    0  0.000  0.538     0.00     0.00 -1 -2.31e-13      0.00 7.289e-01 2.631e-01 1.420e-03 3.876e-04 3.521e-03 -1.000 8.000e-03 3.271 1.899 1.412 1.339 1.305 1.341 1.326 1.291 0.880 1.020 1.151 1.308 1.345 1.352 1.068
0.008 -0.27576 6.00000 1.4659090042 2.5360009670    1.466  0.623  3.7008  3.737    0  0.000  0.538     0.00     0.00 -1 -1.99e-13      0.00 7.289e-01 2.631e-01 1.420e-03 3.876e-04 3.521e-03 -1.000 8.000e-03 3.214 1.850 1.370 1.298 1.265 1.300 1.285 1.251 0.840 0.980 1.111 1.268 1.304 1.312 1.029
0.008 -0.27576 6.00000 1.4676735401 2.5361540318    1.468  0.623  3.7009  3.737    0  0.000  0.538     0.00     0.00 -1 -1.97e-13      0.00 7.289e-01 2.631e-01 1.420e-03 3.876e-04 3.521e-03 -1.000 8.000e-03 3.212 1.848 1.368 1.296 1.263 1.299 1.284 1.249 0.838 0.979 1.110 1.266 1.302 1.311 1.027
0.008 -0.27576 6.00000 1.5136363506 2.5399963856    1.514  0.644  3.7030  3.738    0  0.000  0.538     0.00     0.00 -1 -1.63e-13      0.00 7.289e-01 2.631e-01 1.420e-03 3.876e-04 3.521e-03 -1.000 8.000e-03 3.159 1.803 1.330 1.259 1.227 1.261 1.247 1.213 0.802 0.943 1.074 1.229 1.265 1.274 0.991
0.008 -0.27576 6.00000 1.5158665180 2.5401759148    1.516  0.645  3.7031  3.738    0  0.000  0.538     0.00     0.00 -1 -1.61e-13      0.00 7.289e-01 2.631e-01 1.420e-03 3.876e-04 3.521e-03 -1.000 8.000e-03 3.157 1.801 1.328 1.257 1.225 1.260 1.245 1.212 0.801 0.941 1.072 1.228 1.263 1.273 0.989
0.008 -0.27576 6.00000 1.5613635778 2.5437121391    1.561  0.668  3.7051  3.736    0  0.000  0.538     0.00     0.00 -1 -1.25e-13      0.00 7.289e-01 2.631e-01 1.420e-03 3.876e-04 3.521e-03 -1.000 8.000e-03 3.101 1.752 1.285 1.215 1.183 1.217 1.203 1.170 0.759 0.900 1.031 1.186 1.221 1.231 0.948
0.008 -0.27576 6.00000 1.6090908051 2.5471756458    1.609  0.689  3.7072  3.736    0  0.000  0.538     0.00     0.00 -1 -8.36e-14      0.00 7.289e-01 2.631e-01 1.420e-03 3.876e-04 3.521e-03 -1.000 8.000e-03 3.048 1.707 1.246 1.176 1.145 1.179 1.165 1.132 0.721 0.863 0.994 1.148 1.182 1.193 0.910
0.008 -0.27576 6.00000 1.6568181515 2.5504105091    1.656  0.711  3.7092  3.735    0  0.000  0.538     0.00     0.00 -1 -2.58e-16      0.00 7.289e-01 2.631e-01 1.420e-03 3.876e-04 3.521e-03 -1.000 8.000e-03 2.992 1.658 1.203 1.135 1.104 1.137 1.123 1.091 0.681 0.822 0.953 1.106 1.140 1.153 0.869
0.008 -0.27576 6.00000 1.7045452595 2.5534381866    1.704  0.733  3.7111  3.732    0  0.000  0.538     0.00     0.00 -1    -1e-30      0.00 7.289e-01 2.631e-01 1.420e-03 3.876e-04 3.521e-03 -1.000 8.000e-03 2.937 1.610 1.160 1.093 1.062 1.095 1.081 1.050 0.639 0.781 0.912 1.065 1.098 1.111 0.828
0.008 -0.27576 6.00000 1.7318596840 2.5550847054    1.731  0.744  3.7122  3.733    0  0.000  0.538     0.00     0.00 -1    -1e-30      0.00 7.289e-01 2.631e-01 1.420e-03 3.876e-04 3.521e-03 -1.000 8.000e-03 2.910 1.587 1.140 1.073 1.043 1.076 1.062 1.031 0.621 0.762 0.893 1.046 1.079 1.093 0.810
0.008 -0.27576 6.00000 1.7522726059 2.5562767982    1.751  0.753  3.7130  3.732    0  0.000  0.538     0.00     0.00 -1    -1e-30      0.00 7.289e-01 2.631e-01 1.420e-03 3.876e-04 3.521e-03 -1.000 8.000e-03 2.886 1.567 1.122 1.056 1.026 1.058 1.045 1.014 0.603 0.745 0.876 1.028 1.061 1.075 0.792
0.008 -0.27576 6.00000 1.7999999523 2.5589430332    1.799  0.775  3.7148  3.730    0  0.000  0.538     0.00     0.00 -1    -1e-30      0.00 7.289e-01 2.631e-01 1.420e-03 3.876e-04 3.521e-03 -1.000 8.000e-03 2.833 1.520 1.081 1.016 0.986 1.018 1.005 0.974 0.564 0.705 0.837 0.988 1.021 1.036 0.753
0.008 -0.27576 6.00000 1.8451038599 2.5613174438    1.844  0.792  3.7165  3.730    0  0.000  0.538     0.00     0.00 -1    -1e-30      0.00 7.289e-01 2.631e-01 1.420e-03 3.876e-04 3.521e-03 -1.000 8.000e-03 2.791 1.484 1.050 0.985 0.956 0.987 0.974 0.944 0.534 0.675 0.807 0.958 0.990 1.006 0.723
0.008 -0.27576 6.00000 1.8500000238 2.5615673065    1.849  0.794  3.7167  3.730    0  0.000  0.538     0.00     0.00 -1    -1e-30      0.00 7.289e-01 2.631e-01 1.420e-03 3.876e-04 3.521e-03 -1.000 8.000e-03 2.785 1.480 1.046 0.981 0.952 0.983 0.970 0.941 0.530 0.672 0.803 0.954 0.986 1.002 0.719
0.008 -0.27576 6.00000 1.8999999762 2.5640332699    1.899  0.819  3.7185  3.723    0  0.000  0.538     0.00     0.00 -1    -1e-30      0.00 7.289e-01 2.631e-01 1.420e-03 3.876e-04 3.521e-03 -1.000 8.000e-03 2.722 1.423 0.995 0.931 0.902 0.933 0.921 0.891 0.481 0.622 0.754 0.904 0.936 0.953 0.670
0.008 -0.27576 6.00000 1.9500000477 2.5663545132    1.950  0.840  3.7203  3.721    0  0.000  0.538     0.00     0.00 -1    -1e-30      0.00 7.289e-01 2.631e-01 1.420e-03 3.876e-04 3.521e-03 -1.000 8.000e-03 2.669 1.377 0.954 0.890 0.862 0.892 0.880 0.851 0.441 0.582 0.714 0.864 0.895 0.913 0.630
0.008 -0.27576 6.00000 2.0000000000 2.5685424805    2.000  0.860  3.7221  3.720    0  0.000  0.538     0.00     0.00 -1    -1e-30      0.00 7.289e-01 2.631e-01 1.420e-03 3.876e-04 3.521e-03 -1.000 8.000e-03 2.620 1.335 0.917 0.854 0.826 0.856 0.844 0.816 0.406 0.547 0.679 0.829 0.859 0.877 0.594
0.008 -0.27576 6.00000 2.0499999523 2.5706083775    2.050  0.881  3.7238  3.716    0  0.000  0.538     0.00     0.00 -1    -1e-30      0.00 7.289e-01 2.631e-01 1.420e-03 3.876e-04 3.521e-03 -1.000 8.000e-03 2.567 1.289 0.876 0.814 0.786 0.815 0.804 0.776 0.366 0.507 0.639 0.788 0.818 0.837 0.555
0.008 -0.27576 6.00000 2.0999999046 2.5725615025    2.099  0.903  3.7256  3.711    0  0.000  0.538     0.00     0.00 -1    -1e-30      0.00 7.289e-01 2.631e-01 1.420e-03 3.876e-04 3.521e-03 -1.000 8.000e-03 2.513 1.242 0.833 0.772 0.745 0.773 0.762 0.734 0.324 0.466 0.598 0.747 0.776 0.796 0.513
0.008 -0.27576 6.00000 2.1500000954 2.5744106770    2.149  0.929  3.7274  3.702    0  0.000  0.538     0.00     0.00 -1    -1e-30      0.00 7.289e-01 2.631e-01 1.420e-03 3.876e-04 3.521e-03 -1.000 8.000e-03 2.446 1.182 0.778 0.718 0.691 0.719 0.708 0.681 0.271 0.413 0.545 0.693 0.722 0.743 0.460
0.008 -0.27576 6.00000 2.2000000477 2.5761635303    2.199  0.947  3.7290  3.701    0  0.000  0.538     0.00     0.00 -1    -1e-30      0.00 7.289e-01 2.631e-01 1.420e-03 3.876e-04 3.521e-03 -1.000 8.000e-03 2.403 1.145 0.746 0.686 0.660 0.687 0.676 0.650 0.240 0.382 0.514 0.662 0.690 0.712 0.429
0.008 -0.27576 6.00000 2.2273476124 2.5770838261    2.226  0.958  3.7300  3.699    0  0.000  0.538     0.00     0.00 -1    -1e-30      0.00 7.289e-01 2.631e-01 1.420e-03 3.876e-04 3.521e-03 -1.000 8.000e-03 2.374 1.120 0.723 0.664 0.638 0.665 0.654 0.628 0.218 0.360 0.492 0.640 0.668 0.690 0.407
0.008 -0.27576 6.00000 2.2500000000 2.5778269768    2.249  0.970  3.7308  3.695    0  0.000  0.538     0.00     0.00 -1    -1e-30      0.00 7.289e-01 2.631e-01 1.420e-03 3.876e-04 3.521e-03 -1.000 8.000e-03 2.345 1.094 0.700 0.640 0.614 0.641 0.630 0.605 0.195 0.337 0.469 0.616 0.644 0.666 0.384
0.008 -0.27576 6.00000 2.2999999523 2.5794074535    2.299  0.994  3.7325  3.688    0  0.000  0.538     0.00     0.00 -1    -1e-30      0.00 7.289e-01 2.631e-01 1.420e-03 3.876e-04 3.521e-03 -1.000 8.000e-03 2.286 1.042 0.653 0.594 0.568 0.595 0.584 0.559 0.149 0.291 0.423 0.570 0.598 0.621 0.338
0.008 -0.27576 6.00000 2.3499999046 2.5809109211    2.349  1.015  3.7342  3.683    0  0.000  0.538     0.00     0.00 -1    -1e-30      0.00 7.289e-01 2.631e-01 1.420e-03 3.876e-04 3.521e-03 -1.000 8.000e-03 2.232 0.995 0.610 0.552 0.527 0.553 0.542 0.518 0.108 0.250 0.382 0.529 0.556 0.580 0.297
0.008 -0.27576 6.00000 2.4000000954 2.5823426247    2.399  1.035  3.7359  3.679    0  0.000  0.538     0.00     0.00 -1    -1e-30      0.00 7.289e-01 2.631e-01 1.420e-03 3.876e-04 3.521e-03 -1.000 8.000e-03 2.184 0.954 0.573 0.516 0.491 0.516 0.506 0.482 0.072 0.214 0.346 0.493 0.519 0.544 0.261
0.008 -0.27576 6.00000 2.4287922382 2.5831363201    2.428  1.046  3.7371  3.678    0  0.000  0.538     0.00     0.00 -1    -1e-30      0.00 7.289e-01 2.631e-01 1.420e-03 3.876e-04 3.521e-03 -1.000 8.000e-03 2.156 0.930 0.553 0.496 0.472 0.497 0.486 0.463 0.053 0.195 0.327 0.473 0.499 0.525 0.242
0.008 -0.27576 6.00000 2.5111191273 2.5852906704    2.511  1.087  3.7407  3.666    0  0.000  0.538     0.00     0.00 -1    -1e-30      0.00 7.290e-01 2.630e-01 1.420e-03 3.876e-04 3.521e-03 -1.000 8.000e-03 2.053 0.843 0.475 0.419 0.396 0.420 0.410 0.387 -0.023 0.120 0.252 0.398 0.422 0.447 0.166
0.008 -0.27576 6.00000 2.5999999046 2.5874414444    2.600  1.140  3.7450  3.645    0  0.000  0.538     0.00     0.00 -1    -1e-30      0.00 7.290e-01 2.630e-01 1.420e-03 3.876e-04 3.521e-03 -1.000 8.000e-03 1.919 0.727 0.370 0.317 0.294 0.316 0.306 0.286 -0.130 0.023 0.151 0.296 0.318 0.317 0.058
0.008 -0.27576 6.00000 2.7672255039 2.5910606384    2.768  1.266  3.7534  3.580    0  0.000  0.538     0.00     0.00 -1    -1e-30      0.00 7.290e-01 2.630e-01 1.420e-03 3.876e-04 3.521e-03 -1.000 8.000e-03 1.606 0.450 0.114 0.065 0.044 0.062 0.053 0.035 -0.391 -0.217 -0.099 0.046 0.064 0.012 -0.204
0.008 -0.27576 6.00000 2.7999999523 2.5917119980    2.800  1.297  3.7554  3.562    0  0.000  0.538     0.00     0.00 -1    -1e-30      0.00 7.290e-01 2.630e-01 1.420e-03 3.876e-04 3.521e-03 -1.000 8.000e-03 1.527 0.380 0.050 0.001 -0.019 -0.002 -0.011 -0.028 -0.457 -0.278 -0.162 -0.018 -0.001 -0.064 -0.270
0.008 -0.27576 6.00000 2.8594195843 2.5928490162    2.860  1.358  3.7593  3.526    0  0.000  0.538     0.00     0.00 -1    -1e-30      0.00 7.290e-01 2.630e-01 1.420e-03 3.876e-04 3.521e-03 -1.000 8.000e-03 1.376 0.247 -0.075 -0.122 -0.141 -0.126 -0.134 -0.150 -0.584 -0.396 -0.283 -0.139 -0.124 -0.211 -0.397
0.008 -0.27576 6.00000 2.9233391285 2.5940132141    2.924  1.437  3.7645  3.477    0  0.000  0.538     0.00     0.00 -1    -1e-30      0.00 7.290e-01 2.630e-01 1.420e-03 3.876e-04 3.521e-03 -1.000 8.000e-03 1.178 0.072 -0.237 -0.282 -0.300 -0.287 -0.295 -0.309 -0.750 -0.548 -0.442 -0.298 -0.286 -0.404 -0.563
0.008 -0.27576 6.00000 2.9775154591 2.5949549675    2.978  1.507  3.7694  3.434    0  0.000  0.538     0.00     0.00 -1    -1e-30      0.00 7.290e-01 2.630e-01 1.420e-03 3.876e-04 3.521e-03 -1.000 8.000e-03 1.002 -0.082 -0.379 -0.422 -0.439 -0.429 -0.436 -0.448 -0.895 -0.682 -0.581 -0.438 -0.428 -0.576 -0.709
0.008 -0.27576 6.00000 3.0000000000 2.5953342915    3.000  1.536  3.7716  3.417    0  0.000  0.538     0.00     0.00 -1    -1e-30      0.00 7.290e-01 2.630e-01 1.420e-03 3.876e-04 3.521e-03 -1.000 8.000e-03 0.929 -0.144 -0.435 -0.477 -0.494 -0.485 -0.492 -0.503 -0.953 -0.734 -0.635 -0.492 -0.484 -0.645 -0.767
0.008 -0.27576 6.00000 3.0127568245 2.5955467224    3.013  1.553  3.7729  3.408    0  0.000  0.538     0.00     0.00 -1    -1e-30      0.00 7.290e-01 2.630e-01 1.420e-03 3.876e-04 3.521e-03 -1.000 8.000e-03 0.888 -0.179 -0.467 -0.509 -0.525 -0.517 -0.523 -0.534 -0.986 -0.763 -0.666 -0.523 -0.516 -0.684 -0.800
0.008 -0.27576 6.00000 3.0702631474 2.5964789391    3.070  1.623  3.7792  3.371    0  0.000  0.538     0.00     0.00 -1    -1e-30      0.00 7.290e-01 2.630e-01 1.420e-03 3.876e-04 3.521e-03 -1.000 8.000e-03 0.712 -0.325 -0.596 -0.636 -0.652 -0.647 -0.653 -0.662 -1.121 -0.883 -0.791 -0.651 -0.646 -0.853 -0.936
0.008 -0.27576 6.00000 3.1278243065 2.5973725319    3.127  1.692  3.7866  3.339    0  0.000  0.538     0.00     0.00 -1    -1e-30      0.00 7.290e-01 2.630e-01 1.420e-03 3.876e-04 3.521e-03 -1.000 8.000e-03 0.539 -0.460 -0.714 -0.752 -0.767 -0.764 -0.770 -0.778 -1.247 -0.990 -0.904 -0.766 -0.764 -1.017 -1.063
0.008 -0.27576 6.00000 3.1837749481 2.5982055664    3.183  1.760  3.7962  3.318    0  0.000  0.538     0.00     0.00 -1    -1e-30      0.00 7.290e-01 2.630e-01 1.420e-03 3.876e-04 3.521e-03 -1.000 8.000e-03 0.370 -0.582 -0.814 -0.849 -0.863 -0.864 -0.868 -0.874 -1.355 -1.074 -0.998 -0.862 -0.863 -1.176 -1.172
0.008 -0.27576 6.00000 3.2000000477 2.5984411240    3.199  1.780  3.7996  3.314    0  0.000  0.538     0.00     0.00 -1    -1e-30      0.00 7.290e-01 2.630e-01 1.420e-03 3.876e-04 3.521e-03 -1.000 8.000e-03 0.320 -0.615 -0.839 -0.873 -0.887 -0.889 -0.892 -0.898 -1.383 -1.093 -1.022 -0.886 -0.888 -1.222 -1.200
0.008 -0.27576 6.00000 3.2129015923 2.5986261368    3.212  1.796  3.8025  3.311    0  0.000  0.538     0.00     0.00 -1    -1e-30      0.00 7.290e-01 2.630e-01 1.420e-03 3.876e-04 3.521e-03 -1.000 8.000e-03 0.280 -0.640 -0.858 -0.892 -0.905 -0.907 -0.911 -0.916 -1.405 -1.107 -1.040 -0.904 -0.907 -1.259 -1.221
0.008 -0.27576 6.00000 3.2487659454 2.5991320610    3.248  1.841  3.8134  3.314    0  0.000  0.538     0.00     0.00 -1    -1e-30      0.00 7.290e-01 2.630e-01 1.420e-03 3.876e-04 3.521e-03 -1.000 8.000e-03 0.167 -0.698 -0.894 -0.924 -0.936 -0.940 -0.943 -0.946 -1.448 -1.124 -1.070 -0.935 -0.940 -1.357 -1.265
0.008 -0.27576 6.00000 3.2772107124 2.5995242596    3.276  1.878  3.8241  3.324    0  0.000  0.538     0.00     0.00 -1    -1e-30      0.00 7.290e-01 2.630e-01 1.420e-03 3.876e-04 3.521e-03 -1.000 8.000e-03 0.076 -0.735 -0.907 -0.936 -0.947 -0.951 -0.953 -0.957 -1.457 -1.132 -1.077 -0.946 -0.951 -1.367 -1.275
0.008 -0.27576 6.00000 3.3017449379 2.5998563766    3.301  1.910  3.8346  3.337    0  0.000  0.538     0.00     0.00 -1    -1e-30      0.00 7.290e-01 2.630e-01 1.420e-03 3.876e-04 3.521e-03 -1.000 8.000e-03 -0.004 -0.760 -0.910 -0.938 -0.948 -0.953 -0.954 -0.957 -1.456 -1.130 -1.075 -0.947 -0.953 -1.367 -1.274
0.008 -0.27576 6.00000 3.3242352009 2.6001558304    3.323  1.939  3.8448  3.351    0  0.000  0.538     0.00     0.00 -1    -1e-30      0.00 7.290e-01 2.630e-01 1.420e-03 3.876e-04 3.521e-03 -1.000 8.000e-03 -0.079 -0.780 -0.909 -0.935 -0.945 -0.950 -0.951 -0.954 -1.452 -1.125 -1.069 -0.944 -0.950 -1.364 -1.270
0.008 -0.27576 6.00000 3.3458507061 2.6004393101    3.344  1.968  3.8550  3.366    0  0.000  0.538     0.00     0.00 -1    -1e-30      0.00 7.290e-01 2.630e-01 1.420e-03 3.876e-04 3.521e-03 -1.000 8.000e-03 -0.151 -0.797 -0.906 -0.931 -0.940 -0.945 -0.946 -0.948 -1.446 -1.117 -1.061 -0.939 -0.945 -1.358 -1.264
0.008 -0.27576 6.00000 3.3668193817 2.6007103920    3.365  1.997  3.8651  3.381    0  0.000  0.538     0.00     0.00 -1    -1e-30      0.00 7.290e-01 2.630e-01 1.420e-03 3.876e-04 3.521e-03 -1.000 8.000e-03 -0.222 -0.811 -0.901 -0.925 -0.933 -0.938 -0.940 -0.942 -1.438 -1.108 -1.051 -0.933 -0.938 -1.351 -1.256
0.008 -0.27576 6.00000 3.3872275352 2.6009702682    3.385  2.025  3.8753  3.396    0  0.000  0.538     0.00     0.00 -1    -1e-30      0.00 7.290e-01 2.630e-01 1.420e-03 3.876e-04 3.521e-03 -1.000 8.000e-03 -0.292 -0.823 -0.895 -0.917 -0.925 -0.930 -0.932 -0.933 -1.429 -1.098 -1.040 -0.925 -0.930 -1.343 -1.246
0.008 -0.27576 6.00000 3.4000003338 2.6011312008    3.398  2.042  3.8818  3.406    0  0.000  0.538     0.00     0.00 -1    -1e-30      0.00 7.290e-01 2.630e-01 1.420e-03 3.876e-04 3.521e-03 -1.000 8.000e-03 -0.335 -0.829 -0.890 -0.912 -0.919 -0.924 -0.926 -0.927 -1.422 -1.091 -1.032 -0.919 -0.924 -1.337 -1.240
0.008 -0.27576 6.00000 3.4193534851 2.6013724804    3.418  2.069  3.8920  3.422    0  0.000  0.538     0.00     0.00 -1    -1e-30      0.00 7.290e-01 2.630e-01 1.420e-03 3.876e-04 3.521e-03 -1.000 8.000e-03 -0.403 -0.836 -0.881 -0.902 -0.909 -0.913 -0.915 -0.916 -1.410 -1.078 -1.019 -0.909 -0.913 -1.326 -1.228
0.008 -0.27576 6.00000 3.4386427402 2.6016097069    3.437  2.096  3.9023  3.439    0  0.000  0.538     0.00     0.00 -1    -1e-30      0.00 7.290e-01 2.630e-01 1.420e-03 3.876e-04 3.521e-03 -1.000 8.000e-03 -0.471 -0.840 -0.870 -0.891 -0.897 -0.902 -0.903 -0.904 -1.397 -1.063 -1.004 -0.897 -0.902 -1.313 -1.215
0.008 -0.27576 6.00000 3.4575276375 2.6018390656    3.456  2.123  3.9127  3.457    0  0.000  0.538     0.00     0.00 -1    -1e-30      0.00 7.290e-01 2.630e-01 1.420e-03 3.876e-04 3.521e-03 -1.000 8.000e-03 -0.537 -0.842 -0.859 -0.878 -0.885 -0.889 -0.890 -0.891 -1.383 -1.048 -0.988 -0.885 -0.889 -1.300 -1.200
0.008 -0.27576 6.00000 3.4760372639 2.6020610332    3.474  2.149  3.9231  3.474    0  0.000  0.538     0.00     0.00 -1    -1e-30      0.00 7.290e-01 2.630e-01 1.420e-03 3.876e-04 3.521e-03 -1.000 8.000e-03 -0.602 -0.842 -0.848 -0.865 -0.871 -0.875 -0.875 -0.876 -1.367 -1.032 -0.971 -0.871 -0.875 -1.286 -1.185
0.008 -0.27576 6.00000 3.4941997528 2.6022763252    3.492  2.174  3.9335  3.493    0  0.000  0.538     0.00     0.00 -1    -1e-30      0.00 7.290e-01 2.630e-01 1.420e-03 3.876e-04 3.521e-03 -1.000 8.000e-03 -0.666 -0.839 -0.835 -0.851 -0.855 -0.859 -0.860 -0.860 -1.351 -1.015 -0.954 -0.856 -0.859 -1.270 -1.169
0.008 -0.27576 6.00000 3.5120391846 2.6024851799    3.510  2.199  3.9438  3.511    0  0.000  0.538     0.00     0.00 -1    -1e-30      0.00 7.290e-01 2.630e-01 1.420e-03 3.876e-04 3.521e-03 -1.000 8.000e-03 -0.728 -0.834 -0.822 -0.835 -0.838 -0.842 -0.842 -0.843 -1.333 -0.996 -0.935 -0.839 -0.842 -1.252 -1.151
0.008 -0.27576 6.00000 3.5353734493 2.6027548313    3.533  2.232  3.9576  3.537    0  0.000  0.538     0.00     0.00 -1    -1e-30      0.00 7.290e-01 2.630e-01 1.420e-03 3.876e-04 3.521e-03 -1.000 8.000e-03 -0.809 -0.823 -0.802 -0.812 -0.813 -0.816 -0.816 -0.816 -1.305 -0.967 -0.906 -0.814 -0.816 -1.225 -1.123
0.008 -0.27576 6.00000 3.5582492352 2.6030151844    3.556  2.263  3.9713  3.563    0  0.000  0.538     0.00     0.00 -1    -1e-30      0.00 7.290e-01 2.630e-01 1.420e-03 3.876e-04 3.521e-03 -1.000 8.000e-03 -0.887 -0.809 -0.781 -0.787 -0.785 -0.787 -0.786 -0.785 -1.273 -0.935 -0.874 -0.786 -0.787 -1.194 -1.091
0.008 -0.27576 6.00000 3.5807125568 2.6032671928    3.578  2.293  3.9850  3.591    0  0.000  0.538     0.00     0.00 -1    -1e-30      0.00 7.290e-01 2.630e-01 1.420e-03 3.876e-04 3.521e-03 -1.000 8.000e-03 -0.963 -0.792 -0.757 -0.760 -0.755 -0.756 -0.754 -0.753 -1.239 -0.900 -0.839 -0.756 -0.755 -1.161 -1.057
0.008 -0.27576 6.00000 3.5999999046 2.6034805775    3.598  2.319  3.9970  3.615    0  0.000  0.538     0.00     0.00 -1    -1e-30      0.00 7.290e-01 2.630e-01 1.420e-03 3.876e-04 3.521e-03 -1.000 8.000e-03 -1.027 -0.774 -0.735 -0.735 -0.727 -0.727 -0.724 -0.722 -1.207 -0.868 -0.807 -0.728 -0.726 -1.130 -1.025
0.008 -0.27576 6.00000 3.6165068150 2.6036612988    3.614  2.340  4.0074  3.637    0  0.000  0.538     0.00     0.00 -1    -1e-30      0.00 7.290e-01 2.630e-01 1.420e-03 3.876e-04 3.521e-03 -1.000 8.000e-03 -1.081 -0.757 -0.715 -0.711 -0.701 -0.700 -0.697 -0.694 -1.178 -0.839 -0.777 -0.702 -0.699 -1.101 -0.996
0.008 -0.27576 6.00000 3.6369397640 2.6038820744    3.635  2.366  4.0204  3.666    0  0.000  0.538     0.00     0.00 -1    -1e-30      0.00 7.290e-01 2.630e-01 1.420e-03 3.876e-04 3.521e-03 -1.000 8.000e-03 -1.146 -0.734 -0.687 -0.680 -0.666 -0.665 -0.661 -0.658 -1.140 -0.800 -0.738 -0.668 -0.664 -1.064 -0.958
0.008 -0.27576 6.00000 3.6571173668 2.6040976048    3.655  2.392  4.0334  3.695    0  0.000  0.538     0.00     0.00 -1    -1e-30      0.00 7.290e-01 2.630e-01 1.420e-03 3.876e-04 3.521e-03 -1.000 8.000e-03 -1.209 -0.709 -0.657 -0.647 -0.631 -0.628 -0.624 -0.620 -1.101 -0.760 -0.697 -0.633 -0.628 -1.026 -0.919
0.008 -0.27576 6.00000 3.6770980358 2.6043081284    3.675  2.416  4.0463  3.725    0  0.000  0.538     0.00     0.00 -1    -1e-30      0.00 7.290e-01 2.630e-01 1.420e-03 3.876e-04 3.521e-03 -1.000 8.000e-03 -1.269 -0.681 -0.626 -0.613 -0.594 -0.590 -0.586 -0.581 -1.061 -0.718 -0.655 -0.596 -0.590 -0.986 -0.879
0.008 -0.27576 6.00000 3.6969356537 2.6045145988    3.695  2.439  4.0591  3.755    0  0.000  0.538     0.00     0.00 -1    -1e-30      0.00 7.290e-01 2.630e-01 1.420e-03 3.876e-04 3.521e-03 -1.000 8.000e-03 -1.327 -0.651 -0.593 -0.577 -0.555 -0.551 -0.545 -0.540 -1.018 -0.675 -0.610 -0.558 -0.550 -0.945 -0.836
0.008 -0.27576 6.00000 3.7166879177 2.6047177315    3.715  2.461  4.0718  3.786    0  0.000  0.538     0.00     0.00 -1    -1e-30      0.00 7.290e-01 2.630e-01 1.420e-03 3.876e-04 3.521e-03 -1.000 8.000e-03 -1.382 -0.619 -0.557 -0.538 -0.515 -0.509 -0.503 -0.497 -0.974 -0.629 -0.564 -0.517 -0.508 -0.902 -0.792
0.008 -0.27576 6.00000 3.7364172935 2.6049182415    3.734  2.482  4.0844  3.818    0  0.000  0.538     0.00     0.00 -1    -1e-30      0.00 7.290e-01 2.630e-01 1.420e-03 3.876e-04 3.521e-03 -1.000 8.000e-03 -1.435 -0.584 -0.519 -0.498 -0.472 -0.466 -0.460 -0.452 -0.928 -0.581 -0.515 -0.475 -0.465 -0.857 -0.746
0.008 -0.27576 6.00000 3.7561943531 2.6051166058    3.754  2.502  4.0970  3.850    0  0.000  0.538     0.00     0.00 -1    -1e-30      0.00 7.290e-01 2.630e-01 1.420e-03 3.876e-04 3.521e-03 -1.000 8.000e-03 -1.486 -0.547 -0.479 -0.456 -0.427 -0.421 -0.413 -0.406 -0.879 -0.531 -0.464 -0.430 -0.419 -0.810 -0.697
0.008 -0.27576 6.00000 3.7761042118 2.6053140163    3.774  2.522  4.1095  3.883    0  0.000  0.538     0.00     0.00 -1    -1e-30      0.00 7.290e-01 2.630e-01 1.420e-03 3.876e-04 3.521e-03 -1.000 8.000e-03 -1.534 -0.508 -0.436 -0.411 -0.380 -0.373 -0.365 -0.356 -0.828 -0.479 -0.411 -0.383 -0.372 -0.760 -0.646
0.008 -0.27576 6.00000 3.7962896824 2.6055116653    3.794  2.540  4.1220  3.917    0  0.000  0.538     0.00     0.00 -1    -1e-30      0.00 7.290e-01 2.630e-01 1.420e-03 3.876e-04 3.521e-03 -1.000 8.000e-03 -1.579 -0.465 -0.390 -0.363 -0.330 -0.322 -0.314 -0.304 -0.775 -0.424 -0.356 -0.333 -0.321 -0.708 -0.593
0.008 -0.27576 6.00000 3.7999999523 2.6055479050    3.798  2.543  4.1243  3.924    0  0.000  0.538     0.00     0.00 -1    -1e-30      0.00 7.290e-01 2.630e-01 1.420e-03 3.876e-04 3.521e-03 -1.000 8.000e-03 -1.588 -0.457 -0.382 -0.354 -0.321 -0.313 -0.304 -0.295 -0.765 -0.414 -0.346 -0.324 -0.311 -0.698 -0.583
0.008 -0.27576 6.00000 3.8024947643 2.6055719852    3.801  2.545  4.1258  3.928    0  0.000  0.538     0.00     0.00 -1    -1e-30      0.00 7.290e-01 2.630e-01 1.420e-03 3.876e-04 3.521e-03 -1.000 8.000e-03 -1.593 -0.451 -0.376 -0.348 -0.314 -0.306 -0.298 -0.288 -0.758 -0.407 -0.339 -0.318 -0.305 -0.691 -0.576
0.008 -0.27576 6.00000 3.8233990669 2.6057734489    3.822  2.562  4.1383  3.964    0  0.000  0.538     0.00     0.00 -1    -1e-30      0.00 7.290e-01 2.630e-01 1.420e-03 3.876e-04 3.521e-03 -1.000 8.000e-03 -1.634 -0.404 -0.326 -0.295 -0.260 -0.251 -0.242 -0.231 -0.700 -0.348 -0.280 -0.263 -0.249 -0.634 -0.518
0.008 -0.27576 6.00000 3.8453941345 2.6059827805    3.844  2.576  4.1508  4.001    0  0.000  0.538     0.00     0.00 -1    -1e-30      0.00 7.290e-01 2.630e-01 1.420e-03 3.876e-04 3.521e-03 -1.000 8.000e-03 -1.671 -0.352 -0.271 -0.238 -0.201 -0.191 -0.181 -0.170 -0.637 -0.284 -0.216 -0.204 -0.189 -0.572 -0.455
0.008 -0.27576 6.00000 3.8633022308 2.6061511040    3.862  2.587  4.1604  4.032    0  0.000  0.538     0.00     0.00 -1    -1e-30      0.00 7.290e-01 2.630e-01 1.420e-03 3.876e-04 3.521e-03 -1.000 8.000e-03 -1.696 -0.308 -0.224 -0.191 -0.151 -0.141 -0.131 -0.119 -0.585 -0.232 -0.165 -0.155 -0.140 -0.521 -0.403
0.008 -0.27576 6.00000 3.8694851398 2.6062088013    3.869  2.588  4.1632  4.042    0  0.000  0.538     0.00     0.00 -1    -1e-30      0.00 7.290e-01 2.630e-01 1.420e-03 3.876e-04 3.521e-03 -1.000 8.000e-03 -1.701 -0.292 -0.208 -0.174 -0.134 -0.123 -0.113 -0.101 -0.567 -0.214 -0.147 -0.138 -0.122 -0.503 -0.385
0.008 -0.27576 6.00000 3.9001338482 2.6064918041    3.900  2.587  4.1741  4.090    0  0.000  0.538     0.00     0.00 -1    -1e-30      0.00 7.290e-01 2.630e-01 1.420e-03 3.876e-04 3.521e-03 -1.000 8.000e-03 -1.699 -0.211 -0.125 -0.089 -0.047 -0.036 -0.025 -0.013 -0.477 -0.124 -0.058 -0.051 -0.034 -0.414 -0.295
0.008 -0.27576 6.00000 3.9381792545 2.6068358421    3.938  2.569  4.1818  4.143    0  0.000  0.538     0.00     0.00 -1    -1e-30      0.00 7.290e-01 2.630e-01 1.420e-03 3.876e-04 3.521e-03 -1.000 8.000e-03 -1.653 -0.109 -0.021 0.015 0.059 0.070 0.082 0.094 -0.370 -0.016 0.049 0.054 0.072 -0.307 -0.188
0.008 -0.27576 6.00000 3.9648807049 2.6070730686    3.965  2.552  4.1849  4.176    0  0.000  0.538     0.00     0.00 -1    -1e-30      0.00 7.290e-01 2.630e-01 1.420e-03 3.876e-04 3.521e-03 -1.000 8.000e-03 -1.611 -0.044 0.044 0.082 0.126 0.137 0.149 0.162 -0.302 0.051 0.116 0.121 0.139 -0.239 -0.120
0.008 -0.27576 6.00000 4.0000000000 2.6073791981    4.001  2.537  4.1889  4.210    0  0.000  0.538     0.00     0.00 -1    -1e-30      0.00 7.290e-01 2.630e-01 1.420e-03 3.876e-04 3.521e-03 -1.000 8.000e-03 -1.573 0.022 0.111 0.149 0.194 0.206 0.217 0.230 -0.233 0.120 0.184 0.189 0.207 -0.170 -0.051
0.008 -0.27576 6.00000 4.0073261261 2.6074423790    4.008  2.534  4.1897  4.218    0  0.000  0.538     0.00     0.00 -1    -1e-30      0.00 7.290e-01 2.630e-01 1.420e-03 3.876e-04 3.521e-03 -1.000 8.000e-03 -1.565 0.036 0.126 0.164 0.208 0.220 0.232 0.245 -0.218 0.135 0.198 0.204 0.222 -0.156 -0.036
0.008 -0.27576 6.00000 4.0802550316 2.6080563068    4.080  2.547  4.2053  4.275    0  0.000  0.538     0.00     0.00 -1    -1e-30      0.00 7.290e-01 2.630e-01 1.420e-03 3.876e-04 3.521e-03 -1.000 8.000e-03 -1.597 0.117 0.210 0.251 0.298 0.311 0.324 0.337 -0.124 0.228 0.289 0.294 0.313 -0.063 0.058
0.008 -0.27576 6.00000 4.1131114960 2.6083247662    4.112  2.568  4.2155  4.298    0  0.000  0.538     0.00     0.00 -1    -1e-30      0.00 7.290e-01 2.630e-01 1.420e-03 3.876e-04 3.521e-03 -1.000 8.000e-03 -1.649 0.138 0.233 0.276 0.325 0.338 0.351 0.365 -0.095 0.257 0.315 0.320 0.340 -0.035 0.087
0.008 -0.27576 6.00000 4.1384191513 2.6085281372    4.137  2.586  4.2237  4.315    0  0.000  0.538     0.00     0.00 -1    -1e-30      0.00 7.290e-01 2.630e-01 1.420e-03 3.876e-04 3.521e-03 -1.000 8.000e-03 -1.696 0.151 0.248 0.292 0.342 0.356 0.369 0.384 -0.076 0.275 0.333 0.337 0.358 -0.016 0.106
0.008 -0.27576 6.00000 4.1740126610 2.6088094711    4.172  2.601  4.2321  4.338    0  0.000  0.538     0.00     0.00 -1    -1e-30      0.00 7.290e-01 2.630e-01 1.420e-03 3.876e-04 3.521e-03 -1.000 8.000e-03 -1.733 0.175 0.273 0.318 0.370 0.385 0.398 0.413 -0.046 0.305 0.361 0.365 0.386 0.014 0.136
0.008 -0.27576 6.00000 4.1999998093 2.6090114117    4.198  2.608  4.2371  4.354    0  0.000  0.538     0.00     0.00 -1    -1e-30      0.00 7.290e-01 2.630e-01 1.420e-03 3.876e-04 3.521e-03 -1.000 8.000e-03 -1.750 0.194 0.294 0.339 0.392 0.407 0.421 0.436 -0.023 0.328 0.383 0.387 0.408 0.037 0.159
0.008 -0.27576 6.00000 4.2213497162 2.6091752052    4.219  2.613  4.2410  4.366    0  0.000  0.538     0.00     0.00 -1    -1e-30      0.00 7.290e-01 2.630e-01 1.420e-03 3.876e-04 3.521e-03 -1.000 8.000e-03 -1.762 0.210 0.310 0.357 0.410 0.425 0.439 0.455 -0.004 0.347 0.402 0.405 0.427 0.056 0.178
0.008 -0.27576 6.00000 4.3003005981 2.6097645760    4.298  2.605  4.2460  4.403    0  0.000  0.538     0.00     0.00 -1    -1e-30      0.00 7.290e-01 2.630e-01 1.420e-03 3.876e-04 3.521e-03 -1.000 8.000e-03 -1.741 0.267 0.369 0.416 0.470 0.485 0.499 0.515 0.057 0.408 0.462 0.465 0.487 0.116 0.239
0.008 -0.27576 6.00000 4.3638277054 2.6102211475    4.361  2.594  4.2463  4.421    0  0.000  0.538     0.00     0.00 -1    -1e-30      0.00 7.290e-01 2.630e-01 1.420e-03 3.876e-04 3.521e-03 -1.000 8.000e-03 -1.715 0.296 0.398 0.445 0.499 0.514 0.529 0.545 0.087 0.437 0.492 0.494 0.516 0.146 0.269
0.008 -0.27576 6.00000 4.4000000954 2.6104743481    4.397  2.599  4.2471  4.423    0  0.000  0.538     0.00     0.00 -1    -1e-30      0.00 7.290e-01 2.630e-01 1.420e-03 3.876e-04 3.521e-03 -1.000 8.000e-03 -1.727 0.290 0.392 0.439 0.493 0.508 0.523 0.539 0.081 0.431 0.486 0.488 0.510 0.140 0.263
0.008 -0.27576 6.00000 4.4145975113 2.6105749607    4.412  2.601  4.2474  4.424    0  0.000  0.538     0.00     0.00 -1    -1e-30      0.00 7.290e-01 2.630e-01 1.420e-03 3.876e-04 3.521e-03 -1.000 8.000e-03 -1.732 0.287 0.389 0.436 0.491 0.506 0.520 0.536 0.078 0.429 0.483 0.485 0.508 0.137 0.260
0.008 -0.27576 6.00000 4.4894199371 2.6110799313    4.487  2.614  4.2495  4.426    0  0.000  0.538     0.00     0.00 -1    -1e-30      0.00 7.290e-01 2.630e-01 1.420e-03 3.876e-04 3.521e-03 -1.000 8.000e-03 -1.765 0.269 0.371 0.418 0.473 0.488 0.503 0.519 0.061 0.411 0.466 0.468 0.490 0.120 0.243
0.008 -0.27576 6.00000 4.5999999046 2.6117916107    4.598  2.651  4.2557  4.424    0  0.000  0.538     0.00     0.00 -1    -1e-30      0.00 7.290e-01 2.630e-01 1.420e-03 3.876e-04 3.521e-03 -1.000 8.000e-03 -1.859 0.220 0.323 0.371 0.427 0.443 0.458 0.474 0.017 0.367 0.421 0.422 0.445 0.076 0.199
0.008 -0.27576 6.00000 4.8000001907 2.6129837036    4.798  2.715  4.2660  4.420    0  0.000  0.538     0.00     0.00 -1    -1e-30      0.00 7.290e-01 2.630e-01 1.420e-03 3.876e-04 3.521e-03 -1.000 8.000e-03 -2.018 0.135 0.240 0.290 0.348 0.364 0.379 0.397 -0.059 0.291 0.344 0.342 0.366 -0.002 0.123
0.008 -0.27576 6.00000 5.0000000000 2.6140668392    4.999  2.777  4.2759  4.416    0  0.000  0.538     0.00     0.00 -1    -1e-30      0.00 7.290e-01 2.630e-01 1.420e-03 3.876e-04 3.521e-03 -1.000 8.000e-03 -2.172 0.051 0.158 0.210 0.269 0.286 0.302 0.320 -0.135 0.215 0.268 0.263 0.288 -0.078 0.047
0.008 -0.27576 6.00000 5.1999998093 2.6150546074    5.200  2.836  4.2856  4.412    0  0.000  0.538     0.00     0.00 -1    -1e-30      0.00 7.290e-01 2.630e-01 1.420e-03 3.876e-04 3.521e-03 -1.000 8.000e-03 -2.321 -0.029 0.079 0.133 0.194 0.212 0.228 0.247 -0.206 0.144 0.196 0.188 0.214 -0.151 -0.024
0.008 -0.27576 6.00000 5.4000000954 2.6159586906    5.401  2.893  4.2945  4.408    1  0.000  0.538     0.00     0.00 -1    -1e-30      0.00 7.290e-01 2.630e-01 1.420e-03 3.876e-04 3.521e-03 -1.000 8.000e-03 -2.462 -0.107 0.003 0.059 0.121 0.140 0.157 0.176 -0.276 0.075 0.127 0.115 0.142 -0.221 -0.094
0.008 -0.27576 6.00000 5.5999999046 2.6167888641    5.601  2.946  4.3025  4.402    1  0.000  0.538     0.00     0.00 -1    -1e-30      0.00 7.290e-01 2.630e-01 1.420e-03 3.876e-04 3.521e-03 -1.000 8.000e-03 -2.595 -0.184 -0.071 -0.015 0.050 0.069 0.086 0.106 -0.344 0.006 0.059 0.043 0.071 -0.291 -0.162
0.008 -0.27576 6.00000 5.8000001907 2.6175537109    5.801  2.998  4.3116  4.402    0  0.000  0.538     0.00     0.00 -1    -1e-30      0.00 7.290e-01 2.630e-01 1.420e-03 3.876e-04 3.521e-03 -1.000 8.000e-03 -2.725 -0.250 -0.136 -0.078 -0.012 0.008 0.026 0.046 -0.402 -0.052 0.002 -0.019 0.010 -0.350 -0.220
0.008 -0.27576 6.00000 6.0000000000 2.6182601452    6.000  3.048  4.3196  4.398    0  0.000  0.538     0.00     0.00 -1    -1e-30      0.00 7.290e-01 2.630e-01 1.420e-03 3.876e-04 3.521e-03 -1.000 8.000e-03 -2.851 -0.320 -0.205 -0.145 -0.077 -0.057 -0.038 -0.017 -0.463 -0.113 -0.059 -0.084 -0.054 -0.412 -0.281
0.008 -0.27576 6.00000 6.1999998093 2.6189143658    6.200  3.096  4.3269  4.394    0  0.000  0.538     0.00     0.00 -1    -1e-30      0.00 7.290e-01 2.630e-01 1.420e-03 3.876e-04 3.521e-03 -1.000 8.000e-03 -2.970 -0.389 -0.272 -0.211 -0.142 -0.121 -0.101 -0.079 -0.525 -0.175 -0.120 -0.149 -0.118 -0.475 -0.343
0.008 -0.27576 6.00000 6.4000000954 2.6195218563    6.399  3.143  4.3344  4.390    0  0.000  0.538     0.00     0.00 -1    -1e-30      0.00 7.290e-01 2.630e-01 1.420e-03 3.876e-04 3.521e-03 -1.000 8.000e-03 -3.088 -0.456 -0.337 -0.275 -0.204 -0.182 -0.162 -0.139 -0.583 -0.233 -0.178 -0.211 -0.179 -0.534 -0.401
0.008 -0.27576 6.00000 7.0000000000 2.6211071014    6.996  3.273  4.3552  4.382    0  0.000  0.538     0.00     0.00 -1    -1e-30      0.00 7.290e-01 2.630e-01 1.420e-03 3.876e-04 3.521e-03 -1.000 8.000e-03 -3.413 -0.639 -0.515 -0.449 -0.373 -0.349 -0.327 -0.302 -0.743 -0.393 -0.336 -0.381 -0.346 -0.696 -0.561
0.008 -0.27576 6.00000 8.0000000000 2.6231517792    8.001  3.463  4.3840  4.367    1  0.000  0.538     0.00     0.00 -1    -1e-30      0.00 7.290e-01 2.630e-01 1.420e-03 3.876e-04 3.521e-03 -1.000 8.000e-03 -3.887 -0.919 -0.789 -0.717 -0.634 -0.606 -0.582 -0.555 -0.993 -0.641 -0.580 -0.642 -0.603 -0.947 -0.811
0.008 -0.27576 6.00000 9.0000000000 2.6246831417    8.995  3.627  4.4076  4.347    1  0.000  0.538     0.00     0.00 -1    -1e-30      0.00 7.290e-01 2.630e-01 1.420e-03 3.876e-04 3.521e-03 -1.000 8.000e-03 -4.297 -1.177 -1.064 -0.991 -0.932 -0.905 -1.291 -2.199 -1.794 -1.491 -2.967 -0.938 -0.910 -2.151 -1.995
0.008 -0.27576 6.00000 9.0475788116 2.6247463226    9.042  3.634  4.4087  4.347    1  0.000  0.538     0.00     0.00 -1    -1e-30      0.00 7.290e-01 2.630e-01 1.420e-03 3.876e-04 3.521e-03 -1.000 8.000e-03 -4.315 -1.187 -1.075 -1.001 -0.941 -0.914 -1.301 -2.209 -1.804 -1.502 -2.978 -0.947 -0.920 -2.161 -2.005
0.008 -0.27576 6.00000 10.0000000000 2.6258678436    9.998  3.772  4.4298  4.337    1  0.000  0.538     0.00     0.00 -1    -1e-30      0.00 7.290e-01 2.630e-01 1.420e-03 3.876e-04 3.521e-03 -1.000 8.000e-03 -4.661 -1.397 -1.279 -1.193 -1.129 -1.115 -1.505 -2.414 -1.997 -1.717 -3.185 -1.133 -1.121 -2.364 -2.200
0.008 -0.27576 6.00000 10.7839698792 2.6266219616   10.785  3.874  4.4447  4.327    1  0.000  0.538     0.00     0.00 -1    -1e-30      0.00 7.290e-01 2.630e-01 1.420e-03 3.876e-04 3.521e-03 -1.000 8.000e-03 -4.916 -1.592 -1.454 -1.352 -1.308 -1.307 -1.696 -2.604 -2.164 -1.872 -3.324 -1.307 -1.313 -2.549 -2.364
0.008 -0.27576 6.00000 11.0000000000 2.6268081665   11.001  3.901  4.4488  4.325    1  0.000  0.538     0.00     0.00 -1    -1e-30      0.00 7.290e-01 2.630e-01 1.420e-03 3.876e-04 3.521e-03 -1.000 8.000e-03 -4.983 -1.643 -1.500 -1.394 -1.354 -1.357 -1.746 -2.654 -2.207 -1.912 -3.360 -1.352 -1.363 -2.597 -2.407
0.008 -0.27576 6.00000 12.0000000000 2.6275708675   12.001  4.017  4.4654  4.314    1  0.000  0.538     0.00     0.00 -1    -1e-30      0.00 7.290e-01 2.630e-01 1.420e-03 3.876e-04 3.521e-03 -1.000 8.000e-03 -5.272 -1.777 -1.641 -1.570 -1.532 -1.517 -1.906 -2.814 -2.383 -2.077 -3.532 -1.534 -1.523 -2.762 -2.588
0.008 -0.27576 6.00000 13.9999990463 2.6287269592   13.990  4.217  4.4940  4.295    1  0.000  0.545     0.00     0.00 -1 -2.06e-09      0.00 7.289e-01 2.631e-01 1.439e-03 3.881e-04 3.520e-03 -1.000 8.000e-03 -5.773 -2.104 -1.967 -1.872 -1.823 -1.809 -2.194 -3.102 -2.670 -2.358 -3.799 -1.824 -1.815 -3.050 -2.875
0.008 -0.27576 6.00000 16.0000000000 2.6295573711   15.997  4.386  4.5176  4.279    1  0.000  0.545     0.00     0.00 -1 -4.81e-09      0.00 7.289e-01 2.631e-01 1.439e-03 3.881e-04 3.520e-03 -1.000 8.000e-03 -6.195 -2.385 -2.242 -2.146 -2.077 -2.046 -2.428 -3.336 -2.921 -2.607 -4.062 -2.084 -2.050 -3.286 -3.121
0.008 -0.27576 6.00000 18.0000000000 2.6301794052   17.980  4.531  4.5378  4.265    1  0.000  0.545     0.00     0.00 -1 -9.49e-09      0.00 7.289e-01 2.631e-01 1.439e-03 3.881e-04 3.520e-03 -1.000 8.000e-03 -6.557 -2.622 -2.467 -2.370 -2.281 -2.246 -2.629 -3.537 -3.131 -2.816 -4.269 -2.291 -2.251 -3.488 -3.330
0.008 -0.27576 6.00000 20.0000000000 2.6306605339   19.979  4.657  4.5549  4.254    0  0.000  0.545     0.00     0.00 -1 -1.73e-08      0.00 7.289e-01 2.631e-01 1.439e-03 3.881e-04 3.520e-03 -1.000 8.000e-03 -6.871 -2.831 -2.668 -2.568 -2.475 -2.445 -2.829 -3.737 -3.327 -3.008 -4.457 -2.483 -2.450 -3.687 -3.528
0.008 -0.27576 6.00000 20.5118370056 2.6307663918   20.490  4.686  4.5588  4.251    0  0.000  0.545     0.00     0.00 -1 -1.96e-08      0.00 7.289e-01 2.631e-01 1.439e-03 3.881e-04 3.520e-03 -1.000 8.000e-03 -6.944 -2.878 -2.715 -2.617 -2.530 -2.500 -2.884 -3.792 -3.379 -3.057 -4.511 -2.538 -2.505 -3.742 -3.580
0.008 -0.27576 6.00000 24.0000000000 2.6313521862   23.961  4.867  4.5827  4.234    0  0.000  0.545     0.00     0.00 -1 -4.32e-08      0.00 7.289e-01 2.631e-01 1.439e-03 3.881e-04 3.520e-03 -1.000 8.000e-03 -7.397 -3.172 -3.010 -2.919 -2.850 -2.822 -3.207 -4.115 -3.699 -3.376 -4.862 -2.856 -2.827 -4.064 -3.899
0.008 -0.27576 6.00000 28.0000000000 2.6318216324   27.904  5.036  4.6040  4.216    0  0.000  0.545     0.00     0.00 -1  -8.8e-08      0.00 7.289e-01 2.631e-01 1.439e-03 3.881e-04 3.520e-03 -1.000 8.000e-03 -7.819 -3.449 -3.298 -3.204 -3.118 -3.095 -3.484 -4.392 -3.999 -3.712 -5.224 -3.125 -3.101 -4.344 -4.195
0.008 -0.27576 6.00000 30.0000000000 2.6320033073   29.876  5.109  4.6129  4.208    0  0.000  0.545     0.00     0.00 -1 -1.19e-07      0.00 7.289e-01 2.631e-01 1.439e-03 3.881e-04 3.520e-03 -1.000 8.000e-03 -8.002 -3.567 -3.418 -3.324 -3.240 -3.216 -3.603 -4.512 -4.150 -3.967 -5.546 -3.247 -3.222 -4.468 -4.342
0.008 -0.27576 6.00000 35.0000000000 2.6323544979   34.782  5.266  4.6314  4.190    0  0.000  0.545     0.00     0.00 -1 -2.21e-07      0.00 7.289e-01 2.631e-01 1.439e-03 3.881e-04 3.520e-03 -1.000 8.000e-03 -8.396 -3.829 -3.687 -3.600 -3.519 -3.497 -3.886 -4.795 -4.431 -4.238 -5.814 -3.525 -3.503 -4.751 -4.623
0.008 -0.27576 6.00000 36.6847572327 2.6324484348   36.433  5.312  4.6364  4.185    0  0.000  0.545     0.00     0.00 -1 -2.62e-07      0.00 7.289e-01 2.631e-01 1.439e-03 3.881e-04 3.520e-03 -1.000 8.000e-03 -8.511 -3.911 -3.771 -3.685 -3.605 -3.584 -3.973 -4.882 -4.526 -4.354 -5.953 -3.612 -3.590 -4.839 -4.718
0.008 -0.27576 6.00000 40.0000000000 2.6326069832   39.673  5.397  4.6455  4.174    0  0.000  0.545     0.00     0.00 -1 -3.56e-07      0.00 7.289e-01 2.631e-01 1.439e-03 3.881e-04 3.520e-03 -1.000 8.000e-03 -8.722 -4.067 -3.929 -3.846 -3.767 -3.746 -4.136 -5.045 -4.702 -4.566 -6.203 -3.774 -3.752 -5.004 -4.892
0.008 -0.27576 6.00000 45.0000000000 2.6327958107   44.537  5.507  4.6566  4.158    0  0.000  0.545     0.00     0.00 -1 -5.35e-07      0.00 7.289e-01 2.631e-01 1.439e-03 3.881e-04 3.520e-03 -1.000 8.000e-03 -8.997 -4.281 -4.141 -4.057 -3.979 -3.957 -4.347 -5.257 -4.926 -4.829 -6.499 -3.986 -3.963 -5.218 -5.115
0.008 -0.27576 6.00000 49.4051818848 2.6329264641   48.774  5.591  4.6644  4.145    0  0.000  0.545     0.00     0.00 -1 -7.21e-07      0.00 7.289e-01 2.631e-01 1.439e-03 3.881e-04 3.520e-03 -1.000 8.000e-03 -9.207 -4.449 -4.306 -4.220 -4.143 -4.122 -4.512 -5.422 -5.103 -5.046 -6.740 -4.150 -4.128 -5.385 -5.291
0.008 -0.27576 6.00000 50.0000000000 2.6329421997   49.346  5.602  4.6654  4.143    0  0.000  0.545     0.00     0.00 -1  -7.5e-07      0.00 7.289e-01 2.631e-01 1.439e-03 3.881e-04 3.520e-03 -1.000 8.000e-03 -9.234 -4.471 -4.328 -4.241 -4.165 -4.143 -4.534 -5.444 -5.126 -5.075 -6.773 -4.171 -4.150 -5.406 -5.314
0.008 -0.27576 6.00000 55.0000000000 2.6330580711   54.112  5.684  4.6724  4.128    0  0.000  0.545     0.00     0.00 -1    -1e-06      0.00 7.289e-01 2.631e-01 1.439e-03 3.881e-04 3.520e-03 -1.000 8.000e-03 -9.441 -4.604 -4.460 -4.387 -4.329 -4.333 -4.741 -5.654 -5.524 -5.883 -7.796 -4.332 -4.342 -5.645 -5.689
0.008 -0.27576 6.00000 59.9999961853 2.6331522465   58.861  5.758  4.6780  4.114    0  0.000  0.545     0.00     0.00 -1 -1.28e-06      0.00 7.289e-01 2.631e-01 1.439e-03 3.881e-04 3.520e-03 -1.000 8.000e-03 -9.624 -4.752 -4.608 -4.536 -4.481 -4.485 -4.894 -5.806 -5.687 -6.063 -7.979 -4.484 -4.495 -5.799 -5.850
0.008 -0.27576 6.00000 62.4350051880 2.6331918240   61.187  5.790  4.6803  4.107    0  0.000  0.545     0.00     0.00 -1 -1.43e-06      0.00 7.289e-01 2.631e-01 1.439e-03 3.881e-04 3.520e-03 -1.000 8.000e-03 -9.706 -4.821 -4.678 -4.604 -4.551 -4.556 -4.964 -5.877 -5.762 -6.147 -8.066 -4.554 -4.565 -5.870 -5.924
0.008 -0.27576 6.00000 64.9999923706 2.6332299709   63.630  5.824  4.6824  4.100    0  0.000  0.545     0.00     0.00 -1 -1.61e-06      0.00 7.289e-01 2.631e-01 1.439e-03 3.881e-04 3.520e-03 -1.000 8.000e-03 -9.789 -4.892 -4.749 -4.674 -4.623 -4.627 -5.035 -5.948 -5.837 -6.233 -8.155 -4.625 -4.637 -5.942 -5.998
0.008 -0.27576 6.00000 70.0000000000 2.6332950592   68.299  5.883  4.6860  4.085    0  0.000  0.545     0.00     0.00 -1 -1.97e-06      0.00 7.289e-01 2.631e-01 1.439e-03 3.881e-04 3.520e-03 -1.000 8.000e-03 -9.938 -5.021 -4.878 -4.801 -4.751 -4.757 -5.164 -6.077 -5.972 -6.384 -8.313 -4.754 -4.766 -6.071 -6.131
0.008 -0.27576 6.00000 73.3949432373 2.6333334446   71.475  5.920  4.6880  4.076    0  0.000  0.545     0.00     0.00 -1 -2.22e-06      0.00 7.289e-01 2.631e-01 1.439e-03 3.881e-04 3.520e-03 -1.000 8.000e-03 -10.031 -5.103 -4.960 -4.883 -4.834 -4.839 -5.246 -6.159 -6.057 -6.479 -8.412 -4.836 -4.848 -6.154 -6.215
0.008 -0.27576 6.00000 74.9999923706 2.6333501339   72.979  5.937  4.6888  4.071    0  0.000  0.545     0.00     0.00 -1 -2.35e-06      0.00 7.289e-01 2.631e-01 1.439e-03 3.881e-04 3.520e-03 -1.000 8.000e-03 -10.073 -5.142 -4.998 -4.921 -4.872 -4.877 -5.284 -6.197 -6.095 -6.522 -8.457 -4.874 -4.886 -6.192 -6.254
0.008 -0.27576 6.00000 80.0000000000 2.6333973408   77.652  5.987  4.6910  4.057    0  0.000  0.545     0.00     0.00 -1 -2.76e-06      0.00 7.289e-01 2.631e-01 1.439e-03 3.881e-04 3.520e-03 -1.000 8.000e-03 -10.197 -5.256 -5.112 -5.034 -4.985 -4.990 -5.396 -6.309 -6.208 -6.643 -8.584 -4.987 -4.999 -6.304 -6.366
0.008 -0.27576 6.00000 90.0000000000 2.6334741116   86.936  6.075  4.6936  4.029    0  0.000  0.545     0.00     0.00 -1  -3.7e-06      0.00 7.289e-01 2.631e-01 1.439e-03 3.881e-04 3.520e-03 -1.000 8.000e-03 -10.418 -5.467 -5.324 -5.243 -5.193 -5.197 -5.602 -6.515 -6.408 -6.849 -8.801 -5.195 -5.205 -6.508 -6.566
0.008 -0.27576 6.00000 94.9999923706 2.6335055828   91.409  6.113  4.6941  4.014    0  0.000  0.545     0.00     0.00 -1  -4.2e-06      0.00 7.289e-01 2.631e-01 1.439e-03 3.881e-04 3.520e-03 -1.000 8.000e-03 -10.513 -5.564 -5.420 -5.338 -5.287 -5.290 -5.695 -6.608 -6.495 -6.934 -8.889 -5.289 -5.299 -6.599 -6.653
0.008 -0.27576 6.00000 99.9999923706 2.6335334778   96.088  6.152  4.6945  3.999    0  0.000  0.545     0.00     0.00 -1 -4.77e-06      0.00 7.289e-01 2.631e-01 1.439e-03 3.881e-04 3.520e-03 -1.000 8.000e-03 -10.609 -5.661 -5.517 -5.435 -5.382 -5.384 -5.788 -6.700 -6.581 -7.015 -8.973 -5.384 -5.393 -6.691 -6.740
0.008 -0.27576 6.00000 101.9348907471 2.6335434914   97.844  6.165  4.6944  3.993    0  0.000  0.545     0.00     0.00 -1 -4.98e-06      0.00 7.289e-01 2.631e-01 1.439e-03 3.881e-04 3.520e-03 -1.000 8.000e-03 -10.642 -5.695 -5.551 -5.468 -5.415 -5.416 -5.820 -6.732 -6.607 -7.031 -8.985 -5.417 -5.425 -6.722 -6.767
0.008 -0.27576 6.00000 119.9999923706 2.6336188316  114.085  6.278  4.6922  3.938    0  0.000  0.545     0.00     0.00 -1 -7.27e-06      0.00 7.289e-01 2.631e-01 1.439e-03 3.881e-04 3.520e-03 -1.000 8.000e-03 -10.926 -5.995 -5.848 -5.764 -5.703 -5.698 -6.097 -7.009 -6.828 -7.151 -9.070 -5.706 -5.705 -6.990 -6.995
0.008 -0.27576 6.00000 129.9999847412 2.6336188316  122.373  6.327  4.6892  3.907    0  0.000  0.545     0.00     0.00 -1 -8.57e-06      0.00 7.289e-01 2.631e-01 1.439e-03 3.881e-04 3.520e-03 -1.000 8.000e-03 -11.048 -6.136 -5.989 -5.905 -5.840 -5.832 -6.230 -7.141 -6.927 -7.184 -9.075 -5.844 -5.840 -7.118 -7.099
0.008 -0.27576 6.00000 150.0000000000 2.6336188316  140.621  6.425  4.6820  3.841    0  0.000  0.545     0.00     0.00 -1  -1.2e-05      0.00 7.289e-01 2.631e-01 1.439e-03 3.881e-04 3.520e-03 -1.000 8.000e-03 -11.294 -6.426 -6.290 -6.219 -6.179 -6.196 -6.611 -7.525 -7.507 -8.107 -10.120 -6.179 -6.207 -7.533 -7.656
0.008 -0.27576 6.00000 199.9999847412 2.6336188316  183.717  6.605  4.6776  3.759    0  0.000  0.115     0.00     0.00 -1  -2.1e-05      0.00 7.041e-01 2.881e-01 5.007e-05 4.493e-03 6.965e-04 -1.000 7.886e-03 -11.743 -6.909 -6.772 -6.702 -6.656 -6.670 -7.082 -7.996 -7.946 -8.492 -10.491 -6.656 -6.680 -7.999 -8.100
0.008 -0.27576 6.00000 202.2621765137 2.6336188316  185.646  6.612  4.6780  3.759    0  0.000  0.135     0.00     0.00 -1 -2.14e-05      0.00 7.022e-01 2.899e-01 5.049e-05 4.527e-03 6.565e-04 -1.000 7.880e-03 -11.760 -6.923 -6.786 -6.715 -6.670 -6.684 -7.097 -8.011 -7.964 -8.515 -10.515 -6.670 -6.694 -8.015 -8.118
0.008 -0.27576 6.00000 250.0000000000 2.6336188316  225.848  6.739  4.6862  3.750    0  0.000  0.589     0.00     0.00 -1 -3.08e-05      0.00 6.662e-01 3.260e-01 5.643e-05 4.982e-03 1.299e-04 -1.000 7.800e-03 -12.078 -7.178 -7.043 -6.972 -6.939 -6.958 -7.374 -8.289 -8.300 -8.952 -10.978 -6.938 -6.969 -8.301 -8.444
0.008 -0.27576 6.00000 260.3872375488 2.6336188316  234.605  6.763  4.6882  3.750    0  0.000  0.697     0.00     0.00 -1 -3.29e-05      0.00 6.591e-01 3.331e-01 5.681e-05 4.996e-03 1.136e-04 -1.000 7.800e-03 -12.137 -7.222 -7.087 -7.017 -6.986 -7.007 -7.423 -8.338 -8.364 -9.040 -11.073 -6.984 -7.018 -8.352 -8.506
0.008 -0.27576 6.00000 300.0000000000 2.6336188316  267.719  6.845  4.6958  3.756    0  0.000  1.067     0.00     0.00 -1 -4.13e-05      0.00 6.332e-01 3.590e-01 5.801e-05 5.030e-03 7.302e-05  5.631 7.800e-03 -12.343 -7.463 -7.356 -7.334 -7.401 -7.547 -7.576 -7.822 -8.848 -11.363 -11.507 -7.403 -7.535 -8.084 -8.778
0.008 -0.27576 6.00000 334.6821899414 2.6336188316  296.648  6.907  4.7025  3.765    0  0.000  1.201     0.00     0.00 -1 -4.82e-05      0.00 6.133e-01 3.789e-01 5.872e-05 5.037e-03 6.538e-05  6.119 7.800e-03 -12.499 -7.572 -7.466 -7.447 -7.519 -7.670 -7.700 -7.951 -8.988 -11.508 -11.657 -7.521 -7.657 -8.216 -8.917
0.008 -0.27576 6.00000 350.0000000000 2.6336188316   56.997  6.417  5.1578  5.360    0  0.000  2.285     0.00     0.00 -1 -9.48e-05      0.00 4.891e-03 2.700e-01 4.510e-01 2.604e-06 2.626e-01 12.636 7.251e-01 -11.271 -5.342 -5.420 -5.718 -6.145 -6.583 -6.644 -7.139 -8.881 -9.854 -10.844 -6.179 -6.573 -7.511 -8.609
0.008 -0.27576 6.00000 350.0002746582 2.6336188316  305.988  6.936  4.7009  3.743    0  0.000  1.283     0.00     0.00 -1 -4.59e-05      0.00 5.879e-01 4.043e-01 6.285e-05 5.028e-03 7.060e-05  6.147 7.801e-03 -12.570 -7.647 -7.538 -7.514 -7.576 -7.718 -7.746 -7.987 -9.002 -11.514 -11.659 -7.578 -7.706 -8.244 -8.933
0.008 -0.27576 6.00000 350.0006408691 2.6336188316  300.535  6.940  4.6946  3.706    0  0.000  1.306     0.00     0.00 -1 -3.85e-05      0.00 5.601e-01 4.321e-01 6.833e-05 5.012e-03 8.267e-05  5.974 7.801e-03 -12.581 -7.690 -7.575 -7.541 -7.586 -7.711 -7.736 -7.958 -8.932 -11.426 -11.559 -7.588 -7.700 -8.201 -8.864
0.008 -0.27576 6.00000 350.0009765625 2.6336188316  295.137  6.945  4.6884  3.669    0  0.000  1.320     0.00     0.00 -1  -3.4e-05      0.00 5.314e-01 4.607e-01 7.311e-05 4.998e-03 9.338e-05  5.684 7.901e-03 -12.592 -7.741 -7.623 -7.584 -7.617 -7.732 -7.753 -7.962 -8.903 -11.383 -11.501 -7.620 -7.721 -8.194 -8.837
0.008 -0.27576 6.00000 350.0012512207 2.6336188316  289.633  6.950  4.6846  3.641    0  0.000  1.337     0.00     0.00 -1    -3e-05      0.00 4.993e-01 4.929e-01 7.751e-05 4.986e-03 1.030e-04  4.657 7.803e-03 -12.604 -7.781 -7.662 -7.665 -7.648 -7.750 -7.776 -7.956 -8.955 -10.794 -11.157 -7.652 -7.744 -8.161 -8.821
0.008 -0.27576 6.00000 350.0014648438 2.6336188316  285.031  6.954  4.6794  3.609    0  0.000  1.348     0.00     0.00 -1 -2.76e-05      0.00 4.774e-01 5.147e-01 8.078e-05 4.976e-03 1.102e-04 -1.000 7.901e-03 -12.614 -7.830 -7.709 -7.709 -7.688 -7.785 -7.809 -7.983 -8.964 -10.798 -11.156 -7.692 -7.779 -8.181 -8.830
0.008 -0.27576 6.00000 350.0016479492 2.6336188316  280.711  6.957  4.6757  3.584    0  0.000  1.361     0.00     0.00 -1 -2.58e-05      0.00 4.542e-01 5.380e-01 8.364e-05 4.968e-03 1.163e-04 -1.000 7.803e-03 -12.624 -7.869 -7.749 -7.750 -7.729 -7.826 -7.851 -8.025 -9.007 -10.844 -11.202 -7.733 -7.820 -8.224 -8.874
0.008 -0.27576 6.00000 350.0018310547 2.6336188316  276.145  6.962  4.6726  3.560    0  0.000  1.376     0.00     0.00 -1 -2.49e-05      0.00 4.293e-01 5.629e-01 8.645e-05 4.961e-03 1.221e-04 -1.000 7.804e-03 -12.634 -7.905 -7.784 -7.785 -7.766 -7.863 -7.888 -8.063 -9.045 -10.884 -11.242 -7.769 -7.857 -8.262 -8.912
0.008 -0.27576 6.00000 350.0020446777 2.6336188316  270.402  6.966  4.6711  3.540    0  0.000  1.397     0.00     0.00 -1  -2.3e-05      0.00 3.967e-01 5.954e-01 8.975e-05 4.952e-03 1.287e-04 -1.000 7.902e-03 -12.646 -7.939 -7.823 -7.872 -7.828 -7.933 -7.969 -8.150 -9.418 -10.132 -11.013 -7.835 -7.933 -8.354 -9.148
0.008 -0.27576 6.00000 350.0022277832 2.6336188316  264.797  6.971  4.6715  3.527    0  0.000  1.421     0.00     0.00 -1 -2.16e-05      0.00 3.637e-01 6.285e-01 9.280e-05 4.945e-03 1.344e-04 -1.000 7.804e-03 -12.659 -7.949 -7.833 -7.882 -7.838 -7.943 -7.979 -8.159 -9.427 -10.141 -11.022 -7.844 -7.942 -8.363 -9.158
0.008 -0.27576 6.00000 350.0024108887 2.6336188316  257.809  6.978  4.6709  3.507    0  0.000  1.453     0.00     0.00 -1 -2.05e-05      0.00 3.247e-01 6.674e-01 9.630e-05 4.936e-03 1.408e-04 -1.000 7.902e-03 -12.675 -7.969 -7.854 -7.903 -7.859 -7.964 -8.000 -8.180 -9.449 -10.163 -11.044 -7.865 -7.963 -8.384 -9.179
0.008 -0.27576 6.00000 350.0025024414 2.6336188316  250.072  6.979  4.6951  3.589    0  0.000  1.495     0.00     0.00 -1 -0.000125      0.00 2.811e-01 7.110e-01 9.836e-05 4.933e-03 1.430e-04 -1.000 7.903e-03 -12.679 -7.928 -7.850 -8.004 -8.022 -8.212 -8.265 -8.531 -9.946 -10.785 -11.737 -8.028 -8.211 -8.793 -9.676
0.008 -0.27576 6.00000 350.0025329590 2.6336188316  239.939  6.976  4.7365  3.740    0  0.000  1.565     0.00     0.00 -1  -0.00014      0.00 2.225e-01 7.697e-01 1.002e-04 4.932e-03 1.429e-04 -1.000 7.805e-03 -12.671 -7.691 -7.637 -7.875 -7.901 -8.138 -8.197 -8.511 -9.979 -10.854 -11.836 -7.912 -8.136 -8.801 -9.709
0.008 -0.27576 6.00000 350.0025634766 2.6336188316  230.285  6.971  4.7721  3.869    0  0.000  1.654     0.00     0.00 -1 -0.000154      0.00 1.668e-01 8.254e-01 1.024e-04 4.932e-03 1.424e-04 -1.000 7.805e-03 -12.658 -7.512 -7.477 -7.765 -7.813 -8.090 -8.147 -8.498 -10.006 -10.929 -11.919 -7.832 -8.086 -8.803 -9.736
0.008 -0.27576 6.00000 350.0025939941 2.6336188316  226.721  6.969  4.7819  3.905    0  0.000  1.691     0.00     0.00 -1 -0.000156      0.00 1.477e-01 8.445e-01 1.032e-04 4.931e-03 1.422e-04 -1.000 7.805e-03 -12.651 -7.460 -7.430 -7.730 -7.783 -8.071 -8.126 -8.489 -10.015 -10.942 -11.931 -7.805 -8.067 -8.800 -9.744
0.008 -0.27576 6.00000 350.0026245117 2.6336188316  217.676  6.955  4.7891  3.929    0  0.000  1.733     0.00     0.00 -1 -0.000157      0.00 1.270e-01 8.651e-01 1.043e-04 4.931e-03 1.423e-04 -1.000 7.805e-03 -12.618 -7.405 -7.379 -7.694 -7.751 -8.050 -8.104 -8.476 -10.014 -10.944 -11.934 -7.776 -8.045 -8.791 -9.743
0.008 -0.27576 6.00000 350.0026550293 2.6336188316  198.801  6.914  4.7896  3.933    0  0.000  1.749     0.00     0.00 -1 -0.000136      0.00 1.165e-01 8.756e-01 1.053e-04 4.929e-03 1.440e-04 -1.000 7.883e-03 -12.515 -7.273 -7.244 -7.550 -7.603 -7.897 -7.952 -8.322 -9.862 -10.787 -11.774 -7.628 -7.893 -8.638 -9.592
0.008 -0.27576 6.00000 350.0027160645 2.6336188316  181.527  6.874  4.7906  3.938    0  0.000  1.766     0.00     0.00 -1  -0.00012      0.00 1.059e-01 8.863e-01 1.064e-04 4.926e-03 1.456e-04 -1.000 7.835e-03 -12.414 -7.151 -7.119 -7.420 -7.473 -7.764 -7.819 -8.188 -9.731 -10.653 -11.639 -7.497 -7.760 -8.506 -9.461
0.008 -0.27576 6.00000 350.0027770996 2.6336188316  165.715  6.833  4.7919  3.944    0  0.000  1.786     0.00     0.00 -1 -0.000104      0.00 9.525e-02 8.969e-01 1.075e-04 4.923e-03 1.473e-04 -1.000 7.864e-03 -12.313 -7.016 -6.981 -7.273 -7.323 -7.610 -7.665 -8.033 -9.580 -10.497 -11.480 -7.347 -7.606 -8.353 -9.310
0.008 -0.27576 6.00000 350.0028381348 2.6336188316  152.152  6.795  4.7934  3.951    0  0.000  1.808     0.00     0.00 -1 -9.19e-05      0.00 8.542e-02 9.067e-01 1.087e-04 4.921e-03 1.487e-04 -1.000 7.835e-03 -12.218 -6.895 -6.858 -7.144 -7.193 -7.478 -7.534 -7.901 -9.452 -10.366 -11.347 -7.217 -7.474 -8.222 -9.182
0.008 -0.27576 6.00000 350.0028686523 2.6336188316  139.760  6.757  4.7955  3.960    0  0.000  1.837     0.00     0.00 -1 -8.15e-05      0.00 7.549e-02 9.166e-01 1.100e-04 4.919e-03 1.501e-04 -1.000 7.903e-03 -12.122 -6.772 -6.732 -7.014 -7.061 -7.345 -7.401 -7.768 -9.324 -10.235 -11.214 -7.085 -7.341 -8.091 -9.054
0.008 -0.27576 6.00000 350.0029296875 2.6336188316  128.434  6.719  4.7981  3.972    0  0.000  1.874     0.00     0.00 -1 -7.22e-05      0.00 6.571e-02 9.265e-01 1.114e-04 4.916e-03 1.514e-04 -1.000 7.835e-03 -12.027 -6.644 -6.603 -6.879 -6.927 -7.208 -7.264 -7.633 -9.195 -10.103 -11.080 -6.951 -7.204 -7.958 -8.925
0.008 -0.27576 6.00000 350.0029907227 2.6336188316  118.637  6.683  4.8015  3.987    0  0.000  1.920     0.00     0.00 -1 -6.41e-05      0.00 5.653e-02 9.356e-01 1.130e-04 4.913e-03 1.525e-04 -1.000 7.835e-03 -11.938 -6.518 -6.474 -6.743 -6.792 -7.072 -7.128 -7.497 -9.065 -9.973 -10.948 -6.816 -7.068 -7.825 -8.796
0.008 -0.27576 6.00000 350.0030212402 2.6336188316  110.299  6.650  4.8061  4.007    0  0.000  1.981     0.00     0.00 -1 -5.71e-05      0.00 4.798e-02 9.442e-01 1.148e-04 4.910e-03 1.534e-04 -1.000 7.864e-03 -11.855 -6.390 -6.343 -6.601 -6.655 -6.932 -6.990 -7.358 -8.931 -9.843 -10.818 -6.678 -6.929 -7.687 -8.662
0.008 -0.27576 6.00000 350.0030517578 2.6336188316  103.165  6.620  4.8127  4.034    0  0.000  2.064     0.00     0.00 -1 -5.21e-05      0.00 4.015e-02 9.520e-01 1.170e-04 4.907e-03 1.539e-04  6.512 7.835e-03 -11.780 -6.264 -6.217 -6.465 -6.529 -6.806 -6.865 -7.234 -8.815 -9.734 -10.711 -6.552 -6.803 -7.565 -8.545
0.008 -0.27576 6.00000 350.0030822754 2.6336188316   97.988  6.597  4.8219  4.072    0  0.000  2.163     0.00     0.00 -1 -4.78e-05      0.00 3.410e-02 9.581e-01 1.194e-04 4.904e-03 1.541e-04  6.978 7.806e-03 -11.723 -6.137 -6.089 -6.324 -6.401 -6.678 -6.738 -7.109 -8.699 -9.629 -10.609 -6.424 -6.675 -7.442 -8.429
0.008 -0.27576 6.00000 350.0031127930 2.6336188316   93.293  6.577  4.8444  4.161    0  0.000  2.275     0.00     0.00 -1 -4.49e-05      0.00 2.992e-02 9.622e-01 1.222e-04 4.899e-03 1.542e-04  7.261 7.843e-03 -11.672 -5.945 -5.902 -6.120 -6.232 -6.520 -6.582 -6.964 -8.579 -9.539 -10.524 -6.256 -6.517 -7.302 -8.308
0.008 -0.27576 6.00000 350.0031433105 2.6336188316   90.117  6.596  5.1075  5.178    0  0.000  2.332     0.00     0.00 -1 -4.75e-05      0.00 2.481e-02 9.673e-01 1.213e-04 4.901e-03 1.531e-04  7.336 7.860e-03 -11.721 -4.758 -4.768 -4.920 -5.327 -5.625 -5.810 -6.212 -8.018 -9.266 -10.395 -5.313 -5.637 -6.606 -7.743
0.008 -0.27576 6.00000 350.0031738281 2.6336188316   86.729  6.578  5.1131  5.202    0  0.000  3.202     0.00     0.00 -1 -4.38e-05      0.00 2.308e-02 9.690e-01 1.466e-04 4.865e-03 1.524e-04  8.066 7.901e-03 -11.676 -4.656 -4.665 -4.814 -5.219 -5.514 -5.701 -6.101 -7.910 -9.154 -10.280 -5.204 -5.527 -6.497 -7.635
0.008 -0.27576 6.00000 350.0032043457 2.6336188316   82.666  6.554  5.1146  5.211    0  0.000 92.489     0.00     0.00 -1 -3.77e-05      0.00 2.327e-02 9.211e-01 4.458e-02 1.239e-05 7.340e-04 11.198 5.563e-02 -11.616 -4.523 -4.526 -4.665 -5.056 -5.342 -5.529 -5.925 -7.729 -8.964 -10.086 -5.039 -5.355 -6.321 -7.454
0.008 -0.27576 6.00000 350.0032348633 2.6336188316   76.583  6.519  5.1097  5.194    0  0.000 28.691     0.00     0.00 -1 -2.68e-05      0.00 2.364e-02 8.175e-01 1.419e-01 1.259e-05 6.496e-03 11.684 1.588e-01 -11.528 -4.383 -4.371 -4.494 -4.875 -5.148 -5.340 -5.721 -7.469 -8.659 -9.773 -4.857 -5.161 -6.096 -7.194
0.008 -0.27576 6.00000 350.0033264160 2.6336188316   70.082  6.481  5.1053  5.176    0  0.000 12.146     0.00     0.00 -1  -1.6e-05      0.00 2.422e-02 6.690e-01 2.677e-01 1.290e-05 2.856e-02 11.928 3.067e-01 -11.432 -4.069 -4.026 -4.100 -4.401 -4.630 -4.811 -5.164 -6.891 -8.023 -9.119 -4.381 -4.643 -5.535 -6.616
0.008 -0.27576 6.00000 350.0034484863 2.6336188316   64.270  6.451  5.1026  5.158    0  0.000  5.419     0.00     0.00 -1 -7.79e-06      0.00 2.512e-02 4.771e-01 3.932e-01 1.338e-05 9.386e-02 12.030 4.978e-01 -11.357 -3.772 -3.694 -3.702 -3.880 -4.041 -4.189 -4.481 -6.163 -7.261 -8.306 -3.863 -4.053 -4.825 -5.887
0.008 -0.27576 6.00000 350.0035400391 2.6336188316   60.067  6.429  5.1089  5.175    0  0.000  2.224     0.00     0.00 -1 -1.14e-05      0.00 2.586e-02 2.692e-01 4.381e-01 1.377e-05 2.556e-01 11.900 7.050e-01 -11.302 -3.822 -3.769 -3.820 -4.083 -4.292 -4.466 -4.804 -6.527 -7.649 -8.729 -4.063 -4.305 -5.173 -6.252
0.008 -0.27576 6.00000 350.0036010742 2.6336188316   55.415  6.398  5.1281  5.248    0  0.000  0.767     0.00     0.00 -1  -1.5e-05      0.00 2.636e-02 1.041e-01 3.151e-01 1.403e-05 5.418e-01 -1.000 8.695e-01 -11.225 -3.810 -3.794 -3.888 -4.227 -4.472 -4.665 -5.032 -6.796 -7.974 -9.074 -4.204 -4.487 -5.415 -6.521
0.008 -0.27576 6.00000 350.0036315918 2.6336188316   52.739  6.412  5.2091  5.536    0  0.000  0.492     0.00     0.00 -1  -2.1e-05      0.00 2.659e-02 6.313e-02 2.407e-01 1.415e-05 6.549e-01 -1.000 9.103e-01 -11.261 -3.963 -4.030 -4.203 -4.663 -4.962 -5.184 -5.587 -7.450 -8.723 -9.851 -4.633 -4.980 -5.995 -7.173
0.008 -0.27576 6.00000 350.0036621094 2.6336188316   52.366  6.454  5.2455  5.636    0  0.000  0.484     0.00     0.00 -1 -3.05e-05      0.00 2.661e-02 6.185e-02 2.378e-01 1.416e-05 6.589e-01 -1.000 9.115e-01 -11.366 -5.218 -5.265 -5.516 -6.058 -6.437 -6.605 -7.052 -8.894 -10.167 -11.311 -6.052 -6.445 -7.446 -8.617
#isochrone terminated
