# File generated by CMD 3.3 (http://stev.oapd.inaf.it/cmd) on Wed Apr 22 16:17:56 CEST 2020
# isochrones based on PARSEC release v1.2S +  COLIBRI S_35
# Basic references: Bressan et al. (2012), MNRAS, 427, 127 + Chen et al. (2014, 2015), MNRAS, 444, 2525 + MNRAS, 452, 1068 + Tang et al. (2014), MNRAS, 445, 4287 + Marigo et al. (2017), ApJ, 835, 77 + Pastorelli al. (2019), MNRAS in press
# Thermal pulse cycles included 
# On RGB, assumed Reimers mass loss with efficiency eta=0.2
# Photometric system:  2MASS + Spitzer (IRAC+MIPS) + WISE
# Using YBC version of bolometric corrections as in Chen et al. (2019)
# O-rich circumstellar dpmod60alox40 dust from Groenewegen (2006)
# C-rich circumstellar AMCSIC15 dust from Groenewegen (2006)
# IMF: Kroupa (2001, 2002) + Kroupa et al. (2013) canonical two-part-power law IMF corrected for unresolved binaries 
# Kind of output: isochrone tables
# Zini     MH   logAge Mini        int_IMF         Mass   logL    logTe  logg  label   McoreTP C_O  period0 period1 pmode  Mloss  tau1m   X   Y   Xc  Xn  Xo  Cexcess  Z 	 mbolmag  Jmag    Hmag    Ksmag   IRAC_3.6mag  IRAC_4.5mag  IRAC_5.8mag  IRAC_8.0mag  MIPS_24mag  MIPS_70mag  MIPS_160mag  W1mag   W2mag   W3mag   W4mag
0.004 -0.58336 6.00000 0.0900000036 1.0816895962    0.090 -1.152  3.4893  3.453    0  0.000  0.545     0.00     0.00 -1  -5.6e-14      0.00 7.400e-01 2.560e-01 7.193e-04 1.940e-04 1.760e-03 -1.000 4.000e-03 7.650 5.689 5.161 4.895 4.554 4.400 4.367 4.316 3.726 3.718 3.799 4.667 4.403 4.296 3.916
0.004 -0.58336 6.00000 0.1000000015 1.1711064577    0.100 -1.061  3.4953  3.432    0  0.000  0.545     0.00     0.00 -1  -6.7e-14      0.00 7.400e-01 2.560e-01 7.193e-04 1.940e-04 1.760e-03 -1.000 4.000e-03 7.423 5.477 4.934 4.678 4.355 4.205 4.175 4.127 3.543 3.539 3.626 4.465 4.209 4.111 3.733
0.004 -0.58336 6.00000 0.1199999973 1.3193154335    0.120 -0.899  3.5059  3.392    0  0.000  0.545     0.00     0.00 -1 -9.31e-14      0.00 7.400e-01 2.560e-01 7.193e-04 1.940e-04 1.760e-03 -1.000 4.040e-03 7.018 5.101 4.526 4.286 3.996 3.857 3.828 3.785 3.212 3.220 3.316 4.101 3.861 3.776 3.402
0.004 -0.58336 6.00000 0.1400000006 1.4384527206    0.140 -0.762  3.5154  3.359    0  0.000  0.545     0.00     0.00 -1 -1.23e-13      0.00 7.400e-01 2.560e-01 7.193e-04 1.940e-04 1.760e-03 -1.000 4.022e-03 6.675 4.788 4.181 3.953 3.691 3.564 3.534 3.494 2.932 2.954 3.060 3.790 3.568 3.492 3.122
0.004 -0.58336 6.00000 0.1519273072 1.4994409084    0.152 -0.696  3.5201  3.348    0  0.000  0.545     0.00     0.00 -1 -1.39e-13      0.00 7.400e-01 2.560e-01 7.193e-04 1.940e-04 1.760e-03 -1.000 4.049e-03 6.511 4.640 4.017 3.794 3.546 3.425 3.395 3.355 2.799 2.829 2.939 3.641 3.429 3.357 2.989
0.004 -0.58336 6.00000 0.1613015234 1.5431636572    0.161 -0.653  3.5233  3.344    0  0.000  0.545     0.00     0.00 -1  -1.5e-13      0.00 7.399e-01 2.560e-01 7.193e-04 1.940e-04 1.760e-03 -1.000 4.049e-03 6.402 4.542 3.907 3.687 3.449 3.335 3.305 3.267 2.715 2.748 2.861 3.543 3.338 3.271 2.905
0.004 -0.58336 6.00000 0.1666091532 1.5664806366    0.167 -0.649  3.5242  3.358    0  0.000  0.545     0.00     0.00 -1 -1.46e-13      0.00 7.400e-01 2.560e-01 7.193e-04 1.940e-04 1.760e-03 -1.000 4.032e-03 6.393 4.536 3.901 3.681 3.445 3.331 3.302 3.264 2.713 2.747 2.860 3.538 3.335 3.268 2.903
0.004 -0.58336 6.00000 0.1717354804 1.5881022215    0.172 -0.634  3.5257  3.362    0  0.000  0.545     0.00     0.00 -1 -1.49e-13      0.00 7.399e-01 2.560e-01 7.193e-04 1.940e-04 1.760e-03 -1.000 4.019e-03 6.355 4.503 3.863 3.645 3.413 3.301 3.272 3.235 2.686 2.722 2.836 3.505 3.305 3.240 2.876
0.004 -0.58336 6.00000 0.1759502888 1.6052602530    0.176 -0.614  3.5273  3.358    0  0.000  0.545     0.00     0.00 -1 -1.54e-13      0.00 7.399e-01 2.560e-01 7.193e-04 1.940e-04 1.760e-03 -1.000 4.011e-03 6.304 4.458 3.812 3.596 3.369 3.261 3.232 3.196 2.649 2.687 2.801 3.460 3.265 3.202 2.839
0.004 -0.58336 6.00000 0.1809707433 1.6250135899    0.181 -0.586  3.5295  3.351    0  0.000  0.545     0.00     0.00 -1 -1.64e-13      0.00 7.399e-01 2.561e-01 7.193e-04 1.940e-04 1.760e-03 -1.000 4.005e-03 6.234 4.394 3.740 3.526 3.307 3.203 3.174 3.139 2.596 2.636 2.751 3.397 3.207 3.147 2.785
0.004 -0.58336 6.00000 0.1884211749 1.6530507803    0.188 -0.540  3.5329  3.337    0  0.000  0.545     0.00     0.00 -1 -1.81e-13      0.00 7.399e-01 2.561e-01 7.193e-04 1.940e-04 1.760e-03 -1.000 4.008e-03 6.121 4.292 3.625 3.415 3.206 3.109 3.080 3.047 2.508 2.551 2.668 3.294 3.113 3.056 2.697
0.004 -0.58336 6.00000 0.2026935965 1.7029379606    0.203 -0.480  3.5378  3.328    0  0.000  0.545     0.00     0.00 -1 -2.02e-13      0.00 7.399e-01 2.560e-01 7.193e-04 1.940e-04 1.760e-03 -1.000 4.080e-03 5.970 4.158 3.473 3.269 3.074 2.986 2.958 2.926 2.394 2.443 2.561 3.159 2.990 2.939 2.583
0.004 -0.58336 6.00000 0.2349188328 1.8004717827    0.235 -0.463  3.5436  3.398    0  0.000  0.545     0.00     0.00 -1  -1.8e-13      0.00 7.399e-01 2.561e-01 7.193e-04 1.940e-04 1.760e-03 -1.000 4.000e-03 5.927 4.132 3.444 3.242 3.056 2.975 2.947 2.916 2.392 2.447 2.567 3.136 2.980 2.932 2.582
0.004 -0.58336 6.00000 0.2651983202 1.8774465322    0.265 -0.376  3.5529  3.401    0  0.000  0.545     0.00     0.00 -1 -2.07e-13      0.00 7.399e-01 2.561e-01 7.193e-04 1.940e-04 1.760e-03 -1.000 4.000e-03 5.710 3.946 3.229 3.038 2.876 2.814 2.785 2.755 2.245 2.311 2.434 2.948 2.818 2.777 2.435
0.004 -0.58336 6.00000 0.2808124721 1.9128081799    0.281 -0.382  3.5546  3.439    0  0.000  0.545     0.00     0.00 -1  -1.9e-13      0.00 7.399e-01 2.561e-01 7.193e-04 1.940e-04 1.760e-03 -1.000 4.016e-03 5.726 3.968 3.254 3.063 2.901 2.841 2.811 2.781 2.274 2.341 2.465 2.972 2.845 2.805 2.463
0.004 -0.58336 6.00000 0.2964166105 1.9456815720    0.296 -0.380  3.5572  3.470    0  0.000  0.545     0.00     0.00 -1 -1.79e-13      0.00 7.399e-01 2.561e-01 7.193e-04 1.940e-04 1.760e-03 -1.000 4.006e-03 5.720 3.970 3.255 3.065 2.907 2.850 2.819 2.790 2.286 2.357 2.481 2.975 2.854 2.815 2.476
0.004 -0.58336 6.00000 0.3148976862 1.9818209410    0.315 -0.357  3.5617  3.491    0  0.000  0.545     0.00     0.00 -1 -1.79e-13      0.00 7.399e-01 2.561e-01 7.193e-04 1.940e-04 1.760e-03 -1.000 4.000e-03 5.662 3.927 3.203 3.018 2.869 2.820 2.789 2.759 2.262 2.338 2.462 2.933 2.824 2.787 2.452
0.004 -0.58336 6.00000 0.3395224810 2.0259032249    0.340 -0.336  3.5668  3.524    0  0.000  0.545     0.00     0.00 -1 -1.74e-13      0.00 7.399e-01 2.561e-01 7.193e-04 1.940e-04 1.760e-03 -1.000 4.000e-03 5.610 3.893 3.160 2.980 2.841 2.800 2.768 2.736 2.247 2.330 2.453 2.899 2.804 2.768 2.437
0.004 -0.58336 6.00000 0.3499999642 2.0434174538    0.350 -0.332  3.5686  3.541    0  0.000  0.545     0.00     0.00 -1  -1.7e-13      0.00 7.399e-01 2.561e-01 7.193e-04 1.940e-04 1.760e-03 -1.000 4.000e-03 5.600 3.888 3.153 2.975 2.839 2.801 2.768 2.736 2.250 2.334 2.458 2.895 2.805 2.769 2.439
0.004 -0.58336 6.00000 0.3686501086 2.0729672909    0.369 -0.306  3.5735  3.557    0  0.000  0.545     0.00     0.00 -1 -1.72e-13      0.00 7.399e-01 2.561e-01 7.193e-04 1.940e-04 1.760e-03 -1.000 4.000e-03 5.536 3.838 3.094 2.923 2.797 2.768 2.735 2.702 2.223 2.313 2.437 2.849 2.772 2.737 2.412
0.004 -0.58336 6.00000 0.3999999762 2.1185023785    0.400 -0.271  3.5809  3.587    0  0.000  0.545     0.00     0.00 -1 -1.73e-13      0.00 7.399e-01 2.561e-01 7.193e-04 1.940e-04 1.760e-03 -1.000 4.000e-03 5.448 3.771 3.018 2.856 2.745 2.728 2.695 2.661 2.193 2.290 2.414 2.790 2.732 2.701 2.382
0.004 -0.58336 6.00000 0.4000330269 2.1185479164    0.400 -0.271  3.5809  3.587    0  0.000  0.545     0.00     0.00 -1 -1.73e-13      0.00 7.399e-01 2.561e-01 7.193e-04 1.940e-04 1.760e-03 -1.000 4.000e-03 5.447 3.771 3.018 2.855 2.745 2.728 2.695 2.661 2.193 2.290 2.414 2.790 2.732 2.701 2.382
0.004 -0.58336 6.00000 0.4499999881 2.1822810173    0.450 -0.201  3.5941  3.620    0  0.000  0.545     0.00     0.00 -1 -1.85e-13      0.00 7.399e-01 2.561e-01 7.193e-04 1.940e-04 1.760e-03 -1.000 4.000e-03 5.272 3.631 2.876 2.728 2.637 2.639 2.604 2.566 2.116 2.225 2.347 2.669 2.642 2.613 2.305
0.004 -0.58336 6.00000 0.4630858004 2.1974647045    0.463 -0.182  3.5976  3.628    0  0.000  0.545     0.00     0.00 -1 -1.88e-13      0.00 7.399e-01 2.561e-01 7.193e-04 1.940e-04 1.760e-03 -1.000 4.000e-03 5.225 3.593 2.840 2.695 2.609 2.614 2.581 2.542 2.096 2.207 2.330 2.638 2.618 2.590 2.285
0.004 -0.58336 6.00000 0.4999999702 2.2374541759    0.500 -0.133  3.6067  3.649    0  0.000  0.545     0.00     0.00 -1 -1.98e-13      0.00 7.399e-01 2.561e-01 7.193e-04 1.940e-04 1.760e-03 -1.000 4.000e-03 5.102 3.489 2.748 2.612 2.535 2.549 2.516 2.477 2.042 2.158 2.285 2.559 2.553 2.529 2.231
0.004 -0.58336 6.00000 0.5105568767 2.2480785847    0.511 -0.118  3.6091  3.653    0  0.000  0.545     0.00     0.00 -1 -2.02e-13      0.00 7.399e-01 2.561e-01 7.193e-04 1.940e-04 1.760e-03 -1.000 4.000e-03 5.066 3.458 2.720 2.586 2.511 2.528 2.496 2.456 2.024 2.141 2.269 2.534 2.532 2.509 2.213
0.004 -0.58336 6.00000 0.5255560875 2.2623329163    0.525 -0.098  3.6126  3.659    0  0.000  0.545     0.00     0.00 -1 -2.07e-13      0.00 7.399e-01 2.561e-01 7.193e-04 1.940e-04 1.760e-03 -1.000 4.000e-03 5.015 3.415 2.683 2.552 2.481 2.501 2.469 2.429 2.001 2.119 2.249 2.502 2.505 2.484 2.190
0.004 -0.58336 6.00000 0.5413467884 2.2763621807    0.541 -0.078  3.6164  3.667    0  0.000  0.545     0.00     0.00 -1 -2.12e-13      0.00 7.399e-01 2.561e-01 7.193e-04 1.940e-04 1.760e-03 -1.000 4.000e-03 4.965 3.373 2.648 2.520 2.452 2.475 2.444 2.404 1.979 2.099 2.231 2.471 2.479 2.460 2.168
0.004 -0.58336 6.00000 0.5500000119 2.2836582661    0.550 -0.067  3.6185  3.671    0  0.000  0.545     0.00     0.00 -1 -2.14e-13      0.00 7.399e-01 2.561e-01 7.193e-04 1.940e-04 1.760e-03 -1.000 4.000e-03 4.938 3.350 2.629 2.503 2.437 2.462 2.431 2.391 1.968 2.089 2.222 2.455 2.465 2.448 2.157
0.004 -0.58336 6.00000 0.5630420446 2.2941694260    0.563 -0.050  3.6214  3.676    0  0.000  0.545     0.00     0.00 -1 -2.19e-13      0.00 7.399e-01 2.561e-01 7.193e-04 1.940e-04 1.760e-03 -1.000 4.000e-03 4.895 3.314 2.598 2.475 2.412 2.438 2.408 2.368 1.947 2.070 2.202 2.428 2.442 2.426 2.136
0.004 -0.58336 6.00000 0.5840528607 2.3099725246    0.584 -0.022  3.6264  3.684    0  0.000  0.545     0.00     0.00 -1 -2.27e-13      0.00 7.399e-01 2.561e-01 7.193e-04 1.940e-04 1.760e-03 -1.000 4.000e-03 4.826 3.256 2.550 2.430 2.371 2.399 2.371 2.331 1.913 2.038 2.168 2.385 2.403 2.390 2.102
0.004 -0.58336 6.00000 0.5999999642 2.3211214542    0.600 -0.002  3.6301  3.690    0  0.000  0.545     0.00     0.00 -1 -2.34e-13      0.00 7.399e-01 2.561e-01 7.193e-04 1.940e-04 1.760e-03 -1.000 4.000e-03 4.774 3.213 2.513 2.397 2.340 2.371 2.343 2.304 1.887 2.015 2.143 2.353 2.375 2.364 2.076
0.004 -0.58336 6.00000 0.6050671339 2.3245227337    0.605  0.004  3.6310  3.692    0  0.000  0.545     0.00     0.00 -1 -2.35e-13      0.00 7.399e-01 2.561e-01 7.193e-04 1.940e-04 1.760e-03 -1.000 4.000e-03 4.760 3.201 2.504 2.388 2.332 2.363 2.335 2.296 1.880 2.008 2.136 2.344 2.367 2.356 2.069
0.004 -0.58336 6.00000 0.6238539815 2.3365807533    0.624  0.027  3.6346  3.696    0  0.000  0.545     0.00     0.00 -1 -2.43e-13      0.00 7.399e-01 2.561e-01 7.193e-04 1.940e-04 1.760e-03 -1.000 4.000e-03 4.702 3.153 2.464 2.351 2.297 2.329 2.302 2.263 1.847 1.977 2.105 2.308 2.333 2.323 2.036
0.004 -0.58336 6.00000 0.6435154676 2.3483369350    0.643  0.052  3.6390  3.703    0  0.000  0.545     0.00     0.00 -1 -2.51e-13      0.00 7.399e-01 2.561e-01 7.193e-04 1.940e-04 1.760e-03 -1.000 4.000e-03 4.641 3.103 2.424 2.315 2.263 2.296 2.271 2.232 1.817 1.949 2.076 2.273 2.300 2.292 2.006
0.004 -0.58336 6.00000 0.6499999166 2.3520352840    0.650  0.060  3.6405  3.705    0  0.000  0.545     0.00     0.00 -1 -2.54e-13      0.00 7.399e-01 2.561e-01 7.193e-04 1.940e-04 1.760e-03 -1.000 4.000e-03 4.619 3.085 2.410 2.302 2.252 2.285 2.260 2.221 1.807 1.939 2.066 2.261 2.289 2.282 1.996
0.004 -0.58336 6.00000 0.6647856832 2.3601589203    0.665  0.076  3.6428  3.708    0  0.000  0.545     0.00     0.00 -1  -2.6e-13      0.00 7.399e-01 2.561e-01 7.193e-04 1.940e-04 1.760e-03 -1.000 4.000e-03 4.581 3.053 2.386 2.280 2.230 2.263 2.238 2.199 1.785 1.919 2.047 2.238 2.267 2.260 1.974
0.004 -0.58336 6.00000 0.6876774430 2.3719470501    0.688  0.101  3.6469  3.714    0  0.000  0.545     0.00     0.00 -1 -2.69e-13      0.00 7.399e-01 2.561e-01 7.193e-04 1.940e-04 1.760e-03 -1.000 4.000e-03 4.518 3.001 2.348 2.245 2.196 2.230 2.205 2.166 1.753 1.887 2.019 2.204 2.233 2.227 1.942
0.004 -0.58336 6.00000 0.6999999881 2.3779268265    0.700  0.117  3.6492  3.715    0  0.000  0.545     0.00     0.00 -1 -2.76e-13      0.00 7.399e-01 2.561e-01 7.193e-04 1.940e-04 1.760e-03 -1.000 4.000e-03 4.477 2.968 2.323 2.221 2.173 2.207 2.182 2.143 1.730 1.866 1.999 2.180 2.210 2.204 1.919
0.004 -0.58336 6.00000 0.7477272749 2.3989636898    0.748  0.178  3.6630  3.738    0  0.000  0.538     0.00     0.00 -1    -3e-13      0.00 7.399e-01 2.561e-01 7.102e-04 1.938e-04 1.760e-03 -1.000 4.000e-03 4.325 2.855 2.257 2.164 2.119 2.150 2.128 2.092 1.679 1.817 1.954 2.124 2.153 2.152 1.867
0.004 -0.58336 6.00000 0.7574169040 2.4028642178    0.757  0.186  3.6641  3.740    0  0.000  0.538     0.00     0.00 -1 -3.03e-13      0.00 7.399e-01 2.561e-01 7.101e-04 1.938e-04 1.760e-03 -1.000 4.000e-03 4.304 2.838 2.243 2.151 2.106 2.137 2.115 2.079 1.666 1.804 1.940 2.111 2.140 2.140 1.855
0.004 -0.58336 6.00000 0.7941380739 2.4166572094    0.794  0.220  3.6687  3.744    0  0.000  0.538     0.00     0.00 -1 -3.19e-13      0.00 7.399e-01 2.561e-01 7.098e-04 1.938e-04 1.760e-03 -1.000 4.000e-03 4.219 2.766 2.185 2.095 2.051 2.082 2.062 2.027 1.614 1.752 1.885 2.056 2.085 2.088 1.803
0.004 -0.58336 6.00000 0.7954545617 2.4171245098    0.795  0.222  3.6689  3.744    0  0.000  0.538     0.00     0.00 -1 -3.19e-13      0.00 7.399e-01 2.561e-01 7.098e-04 1.938e-04 1.760e-03 -1.000 4.000e-03 4.216 2.764 2.183 2.093 2.049 2.080 2.060 2.025 1.612 1.750 1.883 2.054 2.083 2.086 1.801
0.004 -0.58336 6.00000 0.8088315129 2.4217743874    0.808  0.233  3.6703  3.746    0  0.000  0.538     0.00     0.00 -1 -3.24e-13      0.00 7.399e-01 2.561e-01 7.098e-04 1.938e-04 1.760e-03 -1.000 4.000e-03 4.188 2.740 2.164 2.075 2.031 2.061 2.042 2.008 1.595 1.732 1.864 2.036 2.065 2.069 1.784
0.004 -0.58336 6.00000 0.8410245180 2.4322707653    0.840  0.261  3.6737  3.748    0  0.000  0.538     0.00     0.00 -1 -3.38e-13      0.00 7.399e-01 2.561e-01 7.098e-04 1.938e-04 1.760e-03 -1.000 4.000e-03 4.117 2.680 2.114 2.028 1.985 2.014 1.995 1.962 1.549 1.687 1.818 1.989 2.017 2.023 1.738
0.004 -0.58336 6.00000 0.8431818485 2.4329414368    0.843  0.263  3.6740  3.749    0  0.000  0.538     0.00     0.00 -1 -3.39e-13      0.00 7.399e-01 2.561e-01 7.098e-04 1.938e-04 1.760e-03 -1.000 4.000e-03 4.113 2.676 2.111 2.025 1.982 2.011 1.993 1.960 1.546 1.684 1.815 1.986 2.014 2.020 1.735
0.004 -0.58336 6.00000 0.8676292300 2.4402725697    0.867  0.282  3.6763  3.752    0  0.000  0.538     0.00     0.00 -1 -3.48e-13      0.00 7.399e-01 2.561e-01 7.098e-04 1.938e-04 1.760e-03 -1.000 4.000e-03 4.066 2.637 2.080 1.994 1.952 1.981 1.963 1.930 1.517 1.655 1.785 1.956 1.984 1.991 1.706
0.004 -0.58336 6.00000 0.8909090757 2.4468255043    0.890  0.300  3.6787  3.755    0  0.000  0.538     0.00     0.00 -1 -3.57e-13      0.00 7.399e-01 2.561e-01 7.098e-04 1.938e-04 1.760e-03 -1.000 4.000e-03 4.021 2.599 2.049 1.965 1.923 1.952 1.934 1.903 1.489 1.627 1.757 1.927 1.955 1.963 1.678
0.004 -0.58336 6.00000 0.8996810913 2.4491937160    0.899  0.306  3.6795  3.756    0  0.000  0.538     0.00     0.00 -1 -3.59e-13      0.00 7.399e-01 2.561e-01 7.098e-04 1.938e-04 1.760e-03 -1.000 4.000e-03 4.006 2.587 2.039 1.956 1.914 1.942 1.925 1.893 1.480 1.618 1.748 1.918 1.945 1.954 1.669
0.004 -0.58336 6.00000 0.9386363626 2.4590983391    0.938  0.335  3.6830  3.759    0  0.000  0.538     0.00     0.00 -1 -3.75e-13      0.00 7.399e-01 2.561e-01 7.098e-04 1.938e-04 1.760e-03 -1.000 4.000e-03 3.932 2.525 1.990 1.908 1.867 1.895 1.877 1.846 1.433 1.572 1.707 1.871 1.898 1.907 1.622
0.004 -0.58336 6.00000 0.9566073418 2.4633562565    0.956  0.348  3.6845  3.761    0  0.000  0.538     0.00     0.00 -1 -3.81e-13      0.00 7.399e-01 2.561e-01 7.098e-04 1.938e-04 1.760e-03 -1.000 4.000e-03 3.901 2.499 1.970 1.889 1.847 1.875 1.857 1.826 1.413 1.553 1.690 1.851 1.878 1.887 1.602
0.004 -0.58336 6.00000 0.9863637090 2.4700157642    0.986  0.370  3.6871  3.763    0  0.000  0.538     0.00     0.00 -1 -3.94e-13      0.00 7.399e-01 2.561e-01 7.098e-04 1.938e-04 1.760e-03 -1.000 4.000e-03 3.846 2.453 1.933 1.853 1.812 1.839 1.822 1.791 1.378 1.519 1.659 1.816 1.842 1.851 1.566
0.004 -0.58336 6.00000 0.9987040162 2.4726438522    0.998  0.377  3.6880  3.764    0  0.000  0.538     0.00     0.00 -1 -3.93e-13      0.00 7.399e-01 2.561e-01 7.098e-04 1.938e-04 1.760e-03 -1.000 4.000e-03 3.826 2.437 1.921 1.841 1.800 1.827 1.809 1.778 1.365 1.507 1.649 1.804 1.829 1.839 1.554
0.004 -0.58336 6.00000 1.0340908766 2.4797821045    1.034  0.401  3.6908  3.766    0  0.000  0.538     0.00     0.00 -1 -3.92e-13      0.00 7.399e-01 2.561e-01 7.098e-04 1.938e-04 1.760e-03 -1.000 4.000e-03 3.767 2.387 1.881 1.803 1.761 1.788 1.771 1.740 1.327 1.470 1.615 1.765 1.791 1.800 1.516
0.004 -0.58336 6.00000 1.0569335222 2.4840991497    1.056  0.416  3.6925  3.768    0  0.000  0.538     0.00     0.00 -1 -3.86e-13      0.00 7.399e-01 2.561e-01 7.098e-04 1.938e-04 1.760e-03 -1.000 4.000e-03 3.730 2.357 1.855 1.778 1.737 1.763 1.746 1.716 1.303 1.446 1.591 1.741 1.766 1.776 1.492
0.004 -0.58336 6.00000 1.0818182230 2.4885642529    1.081  0.432  3.6944  3.769    0  0.000  0.538     0.00     0.00 -1 -3.81e-13      0.00 7.399e-01 2.561e-01 7.098e-04 1.938e-04 1.760e-03 -1.000 4.000e-03 3.689 2.322 1.826 1.750 1.709 1.735 1.719 1.689 1.276 1.420 1.564 1.713 1.738 1.749 1.465
0.004 -0.58336 6.00000 1.0846821070 2.4890630245    1.084  0.434  3.6946  3.769    0  0.000  0.538     0.00     0.00 -1  -3.8e-13      0.00 7.399e-01 2.561e-01 7.098e-04 1.938e-04 1.760e-03 -1.000 4.000e-03 3.685 2.319 1.824 1.747 1.707 1.733 1.716 1.686 1.273 1.417 1.562 1.711 1.735 1.746 1.462
0.004 -0.58336 6.00000 1.1295454502 2.4964985847    1.129  0.463  3.6976  3.770    0  0.000  0.538     0.00     0.00 -1 -3.69e-13      0.00 7.399e-01 2.561e-01 7.098e-04 1.938e-04 1.760e-03 -1.000 4.000e-03 3.613 2.257 1.771 1.696 1.657 1.682 1.665 1.636 1.223 1.368 1.513 1.660 1.684 1.697 1.412
0.004 -0.58336 6.00000 1.1538579464 2.5002512932    1.153  0.477  3.6992  3.772    0  0.000  0.538     0.00     0.00 -1  -3.6e-13      0.00 7.399e-01 2.561e-01 7.098e-04 1.938e-04 1.760e-03 -1.000 4.000e-03 3.577 2.228 1.746 1.672 1.633 1.657 1.641 1.613 1.200 1.344 1.490 1.636 1.660 1.673 1.389
0.004 -0.58336 6.00000 1.1772727966 2.5036973953    1.176  0.491  3.7007  3.773    0  0.000  0.538     0.00     0.00 -1 -3.52e-13      0.00 7.399e-01 2.561e-01 7.098e-04 1.938e-04 1.760e-03 -1.000 4.000e-03 3.543 2.199 1.722 1.649 1.610 1.634 1.618 1.590 1.177 1.322 1.467 1.613 1.637 1.650 1.366
0.004 -0.58336 6.00000 1.1858723164 2.5049238205    1.185  0.495  3.7013  3.773    0  0.000  0.538     0.00     0.00 -1 -3.48e-13      0.00 7.399e-01 2.561e-01 7.098e-04 1.938e-04 1.760e-03 -1.000 4.000e-03 3.532 2.189 1.714 1.641 1.602 1.626 1.610 1.582 1.169 1.314 1.460 1.605 1.629 1.643 1.358
0.004 -0.58336 6.00000 1.2250000238 2.5102550983    1.224  0.519  3.7037  3.773    0  0.000  0.538     0.00     0.00 -1 -3.34e-13      0.00 7.399e-01 2.561e-01 7.098e-04 1.938e-04 1.760e-03 -1.000 4.000e-03 3.471 2.138 1.670 1.598 1.559 1.583 1.568 1.540 1.127 1.272 1.418 1.563 1.586 1.601 1.316
0.004 -0.58336 6.00000 1.2618900537 2.5149347782    1.261  0.540  3.7058  3.774    0  0.000  0.538     0.00     0.00 -1 -3.18e-13      0.00 7.399e-01 2.561e-01 7.098e-04 1.938e-04 1.760e-03 -1.000 4.000e-03 3.419 2.094 1.632 1.561 1.522 1.546 1.531 1.504 1.091 1.236 1.381 1.526 1.548 1.564 1.280
0.004 -0.58336 6.00000 1.2727272511 2.5162503719    1.272  0.547  3.7065  3.773    0  0.000  0.538     0.00     0.00 -1 -3.15e-13      0.00 7.399e-01 2.561e-01 7.098e-04 1.938e-04 1.760e-03 -1.000 4.000e-03 3.402 2.079 1.620 1.549 1.510 1.533 1.518 1.491 1.079 1.224 1.369 1.514 1.536 1.552 1.268
0.004 -0.58336 6.00000 1.3204547167 2.5217502117    1.320  0.572  3.7091  3.775    0  0.000  0.538     0.00     0.00 -1  -2.9e-13      0.00 7.399e-01 2.561e-01 7.098e-04 1.938e-04 1.760e-03 -1.000 4.000e-03 3.340 2.027 1.575 1.505 1.467 1.490 1.475 1.449 1.036 1.181 1.327 1.471 1.492 1.509 1.225
0.004 -0.58336 6.00000 1.3355773687 2.5233986378    1.335  0.580  3.7099  3.775    0  0.000  0.538     0.00     0.00 -1 -2.81e-13      0.00 7.399e-01 2.561e-01 7.098e-04 1.938e-04 1.760e-03 -1.000 4.000e-03 3.319 2.009 1.560 1.490 1.452 1.475 1.460 1.434 1.021 1.167 1.312 1.456 1.477 1.494 1.210
0.004 -0.58336 6.00000 1.3681819439 2.5268108845    1.368  0.599  3.7117  3.774    0  0.000  0.538     0.00     0.00 -1 -2.65e-13      0.00 7.399e-01 2.561e-01 7.098e-04 1.938e-04 1.760e-03 -1.000 4.000e-03 3.273 1.970 1.525 1.456 1.419 1.441 1.427 1.401 0.988 1.133 1.279 1.422 1.443 1.462 1.177
0.004 -0.58336 6.00000 1.3784269094 2.5278449059    1.378  0.604  3.7122  3.774    0  0.000  0.538     0.00     0.00 -1 -2.58e-13      0.00 7.399e-01 2.561e-01 7.098e-04 1.938e-04 1.760e-03 -1.000 4.000e-03 3.260 1.959 1.516 1.447 1.410 1.432 1.418 1.392 0.980 1.124 1.270 1.413 1.434 1.453 1.168
0.004 -0.58336 6.00000 1.4159091711 2.5314812660    1.416  0.625  3.7141  3.772    0  0.000  0.538     0.00     0.00 -1 -2.37e-13      0.00 7.399e-01 2.561e-01 7.098e-04 1.938e-04 1.760e-03 -1.000 4.000e-03 3.207 1.913 1.475 1.407 1.371 1.392 1.378 1.353 0.941 1.085 1.231 1.374 1.394 1.414 1.129
0.004 -0.58336 6.00000 1.4595355988 2.5354444981    1.460  0.647  3.7162  3.773    0  0.000  0.538     0.00     0.00 -1 -2.07e-13      0.00 7.399e-01 2.561e-01 7.098e-04 1.938e-04 1.760e-03 -1.000 4.000e-03 3.153 1.868 1.436 1.369 1.333 1.354 1.340 1.316 0.903 1.048 1.193 1.336 1.356 1.376 1.092
0.004 -0.58336 6.00000 1.4636363983 2.5358030796    1.464  0.649  3.7164  3.773    0  0.000  0.538     0.00     0.00 -1 -2.04e-13      0.00 7.399e-01 2.561e-01 7.098e-04 1.938e-04 1.760e-03 -1.000 4.000e-03 3.148 1.864 1.432 1.366 1.329 1.350 1.337 1.312 0.900 1.044 1.189 1.333 1.353 1.373 1.089
0.004 -0.58336 6.00000 1.4826992750 2.5374403000    1.483  0.658  3.7173  3.773    0  0.000  0.538     0.00     0.00 -1 -1.89e-13      0.00 7.399e-01 2.561e-01 7.098e-04 1.938e-04 1.760e-03 -1.000 4.000e-03 3.126 1.845 1.416 1.349 1.313 1.334 1.321 1.296 0.884 1.028 1.173 1.317 1.336 1.357 1.073
0.004 -0.58336 6.00000 1.5113636255 2.5398125648    1.511  0.674  3.7187  3.771    0  0.000  0.538     0.00     0.00 -1  -1.7e-13      0.00 7.399e-01 2.561e-01 7.098e-04 1.938e-04 1.760e-03 -1.000 4.000e-03 3.086 1.810 1.385 1.319 1.283 1.304 1.290 1.267 0.854 0.998 1.143 1.287 1.306 1.327 1.043
0.004 -0.58336 6.00000 1.5590909719 2.5435411930    1.559  0.699  3.7209  3.767    0  0.000  0.538     0.00     0.00 -1 -1.33e-13      0.00 7.399e-01 2.561e-01 7.098e-04 1.938e-04 1.760e-03 -1.000 4.000e-03 3.022 1.755 1.336 1.271 1.236 1.255 1.242 1.219 0.807 0.950 1.095 1.239 1.258 1.280 0.996
0.004 -0.58336 6.00000 1.6068181992 2.5470159054    1.606  0.721  3.7230  3.767    0  0.000  0.538     0.00     0.00 -1 -8.97e-14      0.00 7.399e-01 2.561e-01 7.098e-04 1.938e-04 1.760e-03 -1.000 4.000e-03 2.968 1.709 1.295 1.231 1.196 1.216 1.203 1.180 0.768 0.912 1.056 1.200 1.218 1.241 0.957
0.004 -0.58336 6.00000 1.6545455456 2.5502614975    1.654  0.747  3.7251  3.762    0  0.000  0.538     0.00     0.00 -1 -1.56e-15      0.00 7.399e-01 2.561e-01 7.098e-04 1.938e-04 1.760e-03 -1.000 4.000e-03 2.902 1.651 1.243 1.180 1.146 1.165 1.153 1.131 0.718 0.861 1.005 1.149 1.167 1.191 0.907
0.004 -0.58336 6.00000 1.7022727728 2.5532984734    1.701  0.769  3.7272  3.760    0  0.000  0.538     0.00     0.00 -1    -1e-30      0.00 7.399e-01 2.561e-01 7.098e-04 1.938e-04 1.760e-03 -1.000 4.000e-03 2.847 1.604 1.202 1.139 1.106 1.124 1.112 1.090 0.678 0.821 0.964 1.109 1.126 1.151 0.867
0.004 -0.58336 6.00000 1.7500000000 2.5561456680    1.749  0.795  3.7292  3.754    0  0.000  0.538     0.00     0.00 -1    -1e-30      0.00 7.399e-01 2.561e-01 7.098e-04 1.938e-04 1.760e-03 -1.000 4.000e-03 2.782 1.547 1.150 1.088 1.055 1.073 1.061 1.040 0.628 0.770 0.914 1.058 1.075 1.101 0.817
0.004 -0.58336 6.00000 1.7985545397 2.5588645935    1.797  0.815  3.7311  3.754    0  0.000  0.538     0.00     0.00 -1    -1e-30      0.00 7.399e-01 2.561e-01 7.098e-04 1.938e-04 1.760e-03 -1.000 4.000e-03 2.732 1.505 1.113 1.052 1.020 1.037 1.025 1.005 0.593 0.735 0.878 1.023 1.039 1.066 0.781
0.004 -0.58336 6.00000 1.7999999523 2.5589430332    1.799  0.816  3.7312  3.754    0  0.000  0.538     0.00     0.00 -1    -1e-30      0.00 7.399e-01 2.561e-01 7.098e-04 1.938e-04 1.760e-03 -1.000 4.000e-03 2.730 1.504 1.112 1.051 1.018 1.036 1.024 1.004 0.591 0.734 0.877 1.021 1.038 1.065 0.780
0.004 -0.58336 6.00000 1.8500000238 2.5615673065    1.849  0.844  3.7332  3.746    0  0.000  0.538     0.00     0.00 -1    -1e-30      0.00 7.399e-01 2.561e-01 7.098e-04 1.938e-04 1.760e-03 -1.000 4.000e-03 2.659 1.442 1.055 0.995 0.963 0.980 0.968 0.948 0.536 0.678 0.821 0.966 0.981 1.009 0.725
0.004 -0.58336 6.00000 1.8956462145 2.5638244152    1.895  0.868  3.7351  3.740    0  0.000  0.538     0.00     0.00 -1    -1e-30      0.00 7.399e-01 2.561e-01 7.098e-04 1.938e-04 1.760e-03 -1.000 4.000e-03 2.600 1.390 1.007 0.948 0.917 0.933 0.922 0.903 0.490 0.632 0.775 0.919 0.935 0.963 0.679
0.004 -0.58336 6.00000 1.8999999762 2.5640332699    1.899  0.871  3.7353  3.739    0  0.000  0.538     0.00     0.00 -1    -1e-30      0.00 7.399e-01 2.561e-01 7.098e-04 1.938e-04 1.760e-03 -1.000 4.000e-03 2.594 1.384 1.003 0.944 0.912 0.928 0.917 0.898 0.485 0.627 0.770 0.915 0.930 0.959 0.674
0.004 -0.58336 6.00000 1.9359371662 2.5657155514    1.935  0.885  3.7366  3.738    0  0.000  0.538     0.00     0.00 -1    -1e-30      0.00 7.399e-01 2.561e-01 7.098e-04 1.938e-04 1.760e-03 -1.000 4.000e-03 2.557 1.354 0.975 0.917 0.886 0.902 0.891 0.872 0.459 0.601 0.744 0.889 0.904 0.933 0.648
0.004 -0.58336 6.00000 1.9500000477 2.5663545132    1.950  0.892  3.7372  3.736    0  0.000  0.538     0.00     0.00 -1    -1e-30      0.00 7.399e-01 2.561e-01 7.098e-04 1.938e-04 1.760e-03 -1.000 4.000e-03 2.540 1.338 0.961 0.903 0.872 0.888 0.877 0.858 0.445 0.587 0.730 0.875 0.890 0.919 0.634
0.004 -0.58336 6.00000 2.0000000000 2.5685424805    2.000  0.918  3.7392  3.730    0  0.000  0.538     0.00     0.00 -1    -1e-30      0.00 7.399e-01 2.561e-01 7.098e-04 1.938e-04 1.760e-03 -1.000 4.000e-03 2.475 1.282 0.910 0.852 0.822 0.837 0.826 0.808 0.396 0.537 0.680 0.825 0.839 0.869 0.584
0.004 -0.58336 6.00000 2.0499999523 2.5706083775    2.050  0.949  3.7413  3.717    0  0.000  0.538     0.00     0.00 -1    -1e-30      0.00 7.399e-01 2.561e-01 7.098e-04 1.938e-04 1.760e-03 -1.000 4.000e-03 2.397 1.213 0.846 0.789 0.760 0.774 0.764 0.746 0.332 0.476 0.617 0.762 0.776 0.801 0.521
0.004 -0.58336 6.00000 2.0999999046 2.5725615025    2.099  0.976  3.7433  3.709    0  0.000  0.538     0.00     0.00 -1    -1e-30      0.00 7.399e-01 2.561e-01 7.098e-04 1.938e-04 1.760e-03 -1.000 4.000e-03 2.329 1.153 0.791 0.736 0.707 0.721 0.710 0.693 0.277 0.425 0.564 0.709 0.722 0.736 0.466
0.004 -0.58336 6.00000 2.1500000954 2.5744106770    2.149  1.002  3.7452  3.702    0  0.000  0.538     0.00     0.00 -1    -1e-30      0.00 7.399e-01 2.561e-01 7.098e-04 1.938e-04 1.760e-03 -1.000 4.000e-03 2.266 1.099 0.741 0.686 0.658 0.671 0.661 0.645 0.226 0.379 0.516 0.660 0.673 0.674 0.414
0.004 -0.58336 6.00000 2.1886854172 2.5757749081    2.187  1.018  3.7467  3.699    0  0.000  0.538     0.00     0.00 -1    -1e-30      0.00 7.399e-01 2.561e-01 7.098e-04 1.938e-04 1.760e-03 -1.000 4.000e-03 2.225 1.064 0.709 0.656 0.628 0.641 0.631 0.615 0.194 0.351 0.486 0.630 0.642 0.635 0.382
0.004 -0.58336 6.00000 2.2000000477 2.5761635303    2.199  1.023  3.7471  3.697    0  0.000  0.538     0.00     0.00 -1    -1e-30      0.00 7.399e-01 2.561e-01 7.098e-04 1.938e-04 1.760e-03 -1.000 4.000e-03 2.212 1.052 0.698 0.645 0.618 0.630 0.620 0.605 0.183 0.341 0.475 0.620 0.632 0.622 0.371
0.004 -0.58336 6.00000 2.2167286873 2.5767295361    2.215  1.032  3.7478  3.694    0  0.000  0.538     0.00     0.00 -1    -1e-30      0.00 7.399e-01 2.561e-01 7.098e-04 1.938e-04 1.760e-03 -1.000 4.000e-03 2.190 1.033 0.681 0.628 0.600 0.613 0.603 0.588 0.165 0.324 0.458 0.603 0.614 0.600 0.353
0.004 -0.58336 6.00000 2.2500000000 2.5778269768    2.249  1.057  3.7493  3.683    0  0.000  0.538     0.00     0.00 -1    -1e-30      0.00 7.399e-01 2.561e-01 7.098e-04 1.938e-04 1.760e-03 -1.000 4.000e-03 2.129 0.978 0.630 0.578 0.551 0.563 0.553 0.538 0.114 0.277 0.408 0.553 0.564 0.541 0.302
0.004 -0.58336 6.00000 2.2999999523 2.5794074535    2.299  1.087  3.7514  3.671    0  0.000  0.538     0.00     0.00 -1    -1e-30      0.00 7.399e-01 2.561e-01 7.098e-04 1.938e-04 1.760e-03 -1.000 4.000e-03 2.053 0.912 0.568 0.517 0.491 0.503 0.493 0.479 0.051 0.219 0.348 0.493 0.504 0.468 0.239
0.004 -0.58336 6.00000 2.3210306168 2.5800487995    2.320  1.104  3.7525  3.661    0  0.000  0.538     0.00     0.00 -1    -1e-30      0.00 7.399e-01 2.561e-01 7.098e-04 1.938e-04 1.760e-03 -1.000 4.000e-03 2.010 0.873 0.532 0.481 0.456 0.467 0.458 0.443 0.015 0.185 0.313 0.458 0.468 0.426 0.203
0.004 -0.58336 6.00000 2.3499999046 2.5809109211    2.349  1.131  3.7540  3.646    0  0.000  0.538     0.00     0.00 -1    -1e-30      0.00 7.399e-01 2.561e-01 7.098e-04 1.938e-04 1.760e-03 -1.000 4.000e-03 1.943 0.813 0.475 0.425 0.400 0.411 0.402 0.388 -0.043 0.131 0.257 0.402 0.412 0.360 0.145
0.004 -0.58336 6.00000 2.4000000954 2.5823426247    2.399  1.162  3.7562  3.632    0  0.000  0.538     0.00     0.00 -1    -1e-30      0.00 7.399e-01 2.561e-01 7.098e-04 1.938e-04 1.760e-03 -1.000 4.000e-03 1.864 0.743 0.410 0.361 0.337 0.347 0.338 0.325 -0.108 0.071 0.194 0.339 0.348 0.283 0.079
0.004 -0.58336 6.00000 2.4837126732 2.5845916271    2.483  1.248  3.7621  3.585    0  0.000  0.538     0.00     0.00 -1    -1e-30      0.00 7.399e-01 2.561e-01 7.098e-04 1.938e-04 1.760e-03 -1.000 4.000e-03 1.650 0.555 0.235 0.189 0.167 0.174 0.166 0.155 -0.286 -0.093 0.022 0.169 0.175 0.075 -0.099
0.004 -0.58336 6.00000 2.5386195183 2.5859746933    2.538  1.321  3.7667  3.541    0  0.000  0.538     0.00     0.00 -1    -1e-30      0.00 7.400e-01 2.560e-01 7.099e-04 1.938e-04 1.761e-03 -1.000 4.000e-03 1.469 0.395 0.085 0.042 0.021 0.026 0.019 0.009 -0.439 -0.234 -0.125 0.023 0.027 -0.102 -0.252
0.004 -0.58336 6.00000 2.5809295177 2.5869944096    2.581  1.386  3.7710  3.499    0  0.000  0.538     0.00     0.00 -1    -1e-30      0.00 7.400e-01 2.560e-01 7.099e-04 1.938e-04 1.761e-03 -1.000 4.000e-03 1.304 0.250 -0.050 -0.092 -0.112 -0.108 -0.114 -0.124 -0.577 -0.362 -0.258 -0.110 -0.107 -0.262 -0.391
0.004 -0.58336 6.00000 2.5999999046 2.5874414444    2.600  1.417  3.7730  3.480    0  0.000  0.537     0.00     0.00 -1    -1e-30      0.00 7.400e-01 2.560e-01 7.099e-04 1.938e-04 1.761e-03 -1.000 4.000e-03 1.226 0.182 -0.113 -0.155 -0.173 -0.170 -0.176 -0.185 -0.641 -0.421 -0.319 -0.171 -0.170 -0.337 -0.455
0.004 -0.58336 6.00000 2.6195318699 2.5878915787    2.620  1.446  3.7749  3.461    0  0.000  0.537     0.00     0.00 -1    -1e-30      0.00 7.400e-01 2.560e-01 7.099e-04 1.938e-04 1.761e-03 -1.000 4.000e-03 1.154 0.118 -0.172 -0.213 -0.231 -0.229 -0.235 -0.243 -0.701 -0.477 -0.377 -0.229 -0.228 -0.407 -0.515
0.004 -0.58336 6.00000 2.6675682068 2.5889666080    2.668  1.514  3.7798  3.421    0  0.000  0.537     0.00     0.00 -1    -1e-30      0.00 7.400e-01 2.560e-01 7.099e-04 1.938e-04 1.761e-03 -1.000 4.000e-03 0.985 -0.028 -0.306 -0.346 -0.362 -0.362 -0.367 -0.374 -0.839 -0.603 -0.508 -0.361 -0.362 -0.570 -0.654
0.004 -0.58336 6.00000 2.7190933228 2.5900712013    2.719  1.582  3.7858  3.385    0  0.000  0.537     0.00     0.00 -1    -1e-30      0.00 7.400e-01 2.560e-01 7.099e-04 1.938e-04 1.761e-03 -1.000 4.000e-03 0.814 -0.170 -0.434 -0.471 -0.488 -0.490 -0.494 -0.501 -0.973 -0.722 -0.634 -0.487 -0.489 -0.736 -0.788
0.004 -0.58336 6.00000 2.7728238106 2.5911731720    2.773  1.651  3.7935  3.356    0  0.000  0.537     0.00     0.00 -1    -1e-30      0.00 7.400e-01 2.560e-01 7.099e-04 1.938e-04 1.761e-03 -1.000 4.000e-03 0.642 -0.306 -0.552 -0.587 -0.603 -0.606 -0.609 -0.615 -1.097 -0.826 -0.748 -0.601 -0.605 -0.901 -0.913
0.004 -0.58336 6.00000 2.7999999523 2.5917119980    2.800  1.686  3.7984  3.345    0  0.000  0.537     0.00     0.00 -1    -1e-30      0.00 7.400e-01 2.560e-01 7.099e-04 1.938e-04 1.761e-03 -1.000 4.000e-03 0.556 -0.368 -0.604 -0.637 -0.652 -0.656 -0.659 -0.665 -1.152 -0.869 -0.797 -0.651 -0.656 -0.982 -0.969
0.004 -0.58336 6.00000 2.8281915188 2.5922582150    2.829  1.722  3.8047  3.339    0  0.000  0.537     0.00     0.00 -1    -1e-30      0.00 7.400e-01 2.560e-01 7.099e-04 1.938e-04 1.761e-03 -1.000 4.000e-03 0.466 -0.428 -0.650 -0.681 -0.696 -0.700 -0.703 -0.708 -1.203 -0.904 -0.841 -0.694 -0.700 -1.066 -1.020
0.004 -0.58336 6.00000 2.8581285477 2.5928249359    2.858  1.760  3.8134  3.340    0  0.000  0.537     0.00     0.00 -1    -1e-30      0.00 7.400e-01 2.560e-01 7.099e-04 1.938e-04 1.761e-03 -1.000 4.000e-03 0.370 -0.481 -0.685 -0.713 -0.726 -0.731 -0.734 -0.738 -1.243 -0.925 -0.872 -0.725 -0.731 -1.149 -1.061
0.004 -0.58336 6.00000 2.8831322193 2.5932879448    2.883  1.792  3.8227  3.348    0  0.000  0.537     0.00     0.00 -1    -1e-30      0.00 7.400e-01 2.560e-01 7.099e-04 1.938e-04 1.761e-03 -1.000 4.000e-03 0.289 -0.515 -0.698 -0.726 -0.737 -0.743 -0.745 -0.749 -1.253 -0.933 -0.880 -0.736 -0.743 -1.160 -1.071
0.004 -0.58336 6.00000 2.9056189060 2.5936963558    2.906  1.821  3.8323  3.361    0  0.000  0.537     0.00     0.00 -1    -1e-30      0.00 7.400e-01 2.560e-01 7.099e-04 1.938e-04 1.761e-03 -1.000 4.000e-03 0.216 -0.538 -0.701 -0.727 -0.738 -0.743 -0.745 -0.748 -1.252 -0.931 -0.877 -0.736 -0.743 -1.160 -1.070
0.004 -0.58336 6.00000 2.9272127151 2.5940818787    2.927  1.850  3.8423  3.376    0  0.000  0.537     0.00     0.00 -1    -1e-30      0.00 7.400e-01 2.560e-01 7.099e-04 1.938e-04 1.761e-03 -1.000 4.000e-03 0.146 -0.556 -0.697 -0.723 -0.733 -0.738 -0.740 -0.743 -1.245 -0.923 -0.869 -0.732 -0.738 -1.154 -1.063
0.004 -0.58336 6.00000 2.9551737309 2.5945713520    2.955  1.886  3.8558  3.398    0  0.000  0.537     0.00     0.00 -1    -1e-30      0.00 7.400e-01 2.560e-01 7.099e-04 1.938e-04 1.761e-03 -1.000 4.000e-03 0.055 -0.576 -0.689 -0.713 -0.722 -0.728 -0.729 -0.732 -1.233 -0.909 -0.854 -0.721 -0.728 -1.143 -1.051
0.004 -0.58336 6.00000 2.9823989868 2.5950379372    2.983  1.922  3.8694  3.420    0  0.000  0.537     0.00     0.00 -1    -1e-30      0.00 7.400e-01 2.560e-01 7.099e-04 1.938e-04 1.761e-03 -1.000 4.000e-03 -0.035 -0.590 -0.677 -0.700 -0.708 -0.713 -0.715 -0.718 -1.217 -0.891 -0.835 -0.708 -0.713 -1.128 -1.035
0.004 -0.58336 6.00000 3.0000000000 2.5953342915    3.000  1.945  3.8783  3.436    0  0.000  0.537     0.00     0.00 -1    -1e-30      0.00 7.400e-01 2.560e-01 7.099e-04 1.938e-04 1.761e-03 -1.000 4.000e-03 -0.092 -0.597 -0.668 -0.690 -0.698 -0.703 -0.704 -0.707 -1.205 -0.878 -0.822 -0.697 -0.703 -1.117 -1.023
0.004 -0.58336 6.00000 3.0171833038 2.5956199169    3.017  1.968  3.8874  3.451    0  0.000  0.537     0.00     0.00 -1    -1e-30      0.00 7.400e-01 2.560e-01 7.099e-04 1.938e-04 1.761e-03 -1.000 4.000e-03 -0.149 -0.601 -0.657 -0.678 -0.686 -0.690 -0.692 -0.695 -1.192 -0.864 -0.807 -0.685 -0.690 -1.105 -1.010
0.004 -0.58336 6.00000 3.0367009640 2.5959396362    3.037  1.993  3.8978  3.470    0  0.000  0.537     0.00     0.00 -1    -1e-30      0.00 7.400e-01 2.560e-01 7.099e-04 1.938e-04 1.761e-03 -1.000 4.000e-03 -0.213 -0.603 -0.643 -0.663 -0.671 -0.675 -0.677 -0.679 -1.175 -0.846 -0.788 -0.670 -0.675 -1.089 -0.993
0.004 -0.58336 6.00000 3.0621774197 2.5963501930    3.062  2.027  3.9116  3.496    0  0.000  0.537     0.00     0.00 -1    -1e-30      0.00 7.400e-01 2.560e-01 7.099e-04 1.938e-04 1.761e-03 -1.000 4.000e-03 -0.296 -0.601 -0.622 -0.642 -0.649 -0.653 -0.655 -0.657 -1.151 -0.820 -0.762 -0.649 -0.653 -1.067 -0.969
0.004 -0.58336 6.00000 3.0870904922 2.5967440605    3.087  2.059  3.9253  3.522    0  0.000  0.537     0.00     0.00 -1    -1e-30      0.00 7.400e-01 2.560e-01 7.099e-04 1.938e-04 1.761e-03 -1.000 4.000e-03 -0.377 -0.595 -0.601 -0.618 -0.625 -0.629 -0.630 -0.632 -1.126 -0.793 -0.734 -0.625 -0.629 -1.042 -0.944
0.004 -0.58336 6.00000 3.1115055084 2.5971229076    3.111  2.090  3.9390  3.549    0  0.000  0.537     0.00     0.00 -1    -1e-30      0.00 7.400e-01 2.560e-01 7.099e-04 1.938e-04 1.761e-03 -1.000 4.000e-03 -0.455 -0.585 -0.578 -0.593 -0.598 -0.602 -0.603 -0.604 -1.097 -0.763 -0.704 -0.598 -0.602 -1.014 -0.915
0.004 -0.58336 6.00000 3.1354813576 2.5974886417    3.135  2.120  3.9527  3.577    0  0.000  0.537     0.00     0.00 -1    -1e-30      0.00 7.400e-01 2.560e-01 7.099e-04 1.938e-04 1.761e-03 -1.000 4.000e-03 -0.531 -0.571 -0.554 -0.566 -0.568 -0.571 -0.572 -0.573 -1.064 -0.730 -0.671 -0.568 -0.571 -0.982 -0.882
0.004 -0.58336 6.00000 3.1590766907 2.5978419781    3.159  2.150  3.9663  3.605    0  0.000  0.537     0.00     0.00 -1    -1e-30      0.00 7.400e-01 2.560e-01 7.099e-04 1.938e-04 1.761e-03 -1.000 4.000e-03 -0.604 -0.553 -0.528 -0.536 -0.536 -0.539 -0.538 -0.538 -1.029 -0.694 -0.635 -0.537 -0.539 -0.948 -0.847
0.004 -0.58336 6.00000 3.1823472977 2.5981848240    3.182  2.178  3.9798  3.634    0  0.000  0.537     0.00     0.00 -1    -1e-30      0.00 7.400e-01 2.560e-01 7.099e-04 1.938e-04 1.761e-03 -1.000 4.000e-03 -0.674 -0.532 -0.501 -0.505 -0.502 -0.504 -0.503 -0.502 -0.991 -0.656 -0.597 -0.503 -0.504 -0.911 -0.809
0.004 -0.58336 6.00000 3.2000000477 2.5984411240    3.199  2.199  3.9901  3.657    0  0.000  0.537     0.00     0.00 -1    -1e-30      0.00 7.400e-01 2.560e-01 7.099e-04 1.938e-04 1.761e-03 -1.000 4.000e-03 -0.727 -0.514 -0.478 -0.481 -0.475 -0.476 -0.474 -0.473 -0.961 -0.626 -0.567 -0.476 -0.476 -0.881 -0.779
0.004 -0.58336 6.00000 3.2058792114 2.5985255241    3.205  2.206  3.9936  3.665    0  0.000  0.537     0.00     0.00 -1    -1e-30      0.00 7.400e-01 2.560e-01 7.099e-04 1.938e-04 1.761e-03 -1.000 4.000e-03 -0.744 -0.508 -0.471 -0.472 -0.466 -0.466 -0.464 -0.463 -0.951 -0.615 -0.556 -0.467 -0.466 -0.871 -0.769
0.004 -0.58336 6.00000 3.2276644707 2.5988359451    3.227  2.231  4.0065  3.694    0  0.000  0.537     0.00     0.00 -1    -1e-30      0.00 7.400e-01 2.560e-01 7.099e-04 1.938e-04 1.761e-03 -1.000 4.000e-03 -0.807 -0.483 -0.441 -0.438 -0.429 -0.429 -0.426 -0.424 -0.911 -0.575 -0.516 -0.431 -0.429 -0.832 -0.729
0.004 -0.58336 6.00000 3.2492740154 2.5991392136    3.248  2.255  4.0194  3.724    0  0.000  0.537     0.00     0.00 -1    -1e-30      0.00 7.400e-01 2.560e-01 7.099e-04 1.938e-04 1.761e-03 -1.000 4.000e-03 -0.868 -0.455 -0.409 -0.403 -0.391 -0.390 -0.387 -0.384 -0.870 -0.534 -0.474 -0.393 -0.390 -0.792 -0.688
0.004 -0.58336 6.00000 3.2707536221 2.5994360447    3.270  2.279  4.0322  3.755    0  0.000  0.537     0.00     0.00 -1    -1e-30      0.00 7.400e-01 2.560e-01 7.099e-04 1.938e-04 1.761e-03 -1.000 4.000e-03 -0.926 -0.425 -0.376 -0.367 -0.352 -0.350 -0.347 -0.343 -0.828 -0.491 -0.430 -0.354 -0.350 -0.750 -0.646
0.004 -0.58336 6.00000 3.2921566963 2.5997273922    3.291  2.301  4.0450  3.786    0  0.000  0.537     0.00     0.00 -1    -1e-30      0.00 7.400e-01 2.560e-01 7.099e-04 1.938e-04 1.761e-03 -1.000 4.000e-03 -0.983 -0.394 -0.340 -0.329 -0.312 -0.309 -0.305 -0.301 -0.784 -0.446 -0.385 -0.314 -0.308 -0.707 -0.602
0.004 -0.58336 6.00000 3.3135349751 2.6000139713    3.312  2.323  4.0576  3.818    0  0.000  0.537     0.00     0.00 -1    -1e-30      0.00 7.400e-01 2.560e-01 7.099e-04 1.938e-04 1.761e-03 -1.000 4.000e-03 -1.037 -0.360 -0.303 -0.289 -0.269 -0.266 -0.261 -0.257 -0.739 -0.400 -0.337 -0.272 -0.265 -0.663 -0.557
0.004 -0.58336 6.00000 3.3349468708 2.6002969742    3.334  2.344  4.0702  3.850    0  0.000  0.537     0.00     0.00 -1    -1e-30      0.00 7.400e-01 2.560e-01 7.099e-04 1.938e-04 1.761e-03 -1.000 4.000e-03 -1.089 -0.325 -0.265 -0.248 -0.226 -0.221 -0.216 -0.211 -0.692 -0.352 -0.288 -0.228 -0.221 -0.617 -0.510
0.004 -0.58336 6.00000 3.3564517498 2.6005768776    3.355  2.364  4.0828  3.883    0  0.000  0.537     0.00     0.00 -1    -1e-30      0.00 7.400e-01 2.560e-01 7.099e-04 1.938e-04 1.761e-03 -1.000 4.000e-03 -1.140 -0.288 -0.224 -0.205 -0.181 -0.176 -0.170 -0.164 -0.643 -0.301 -0.238 -0.183 -0.175 -0.569 -0.461
0.004 -0.58336 6.00000 3.3781158924 2.6008546352    3.376  2.383  4.0952  3.916    0  0.000  0.537     0.00     0.00 -1    -1e-30      0.00 7.400e-01 2.560e-01 7.099e-04 1.938e-04 1.761e-03 -1.000 4.000e-03 -1.189 -0.249 -0.182 -0.160 -0.134 -0.128 -0.122 -0.115 -0.593 -0.250 -0.185 -0.137 -0.127 -0.520 -0.411
0.004 -0.58336 6.00000 3.4000000954 2.6011312008    3.398  2.402  4.1077  3.950    0  0.000  0.537     0.00     0.00 -1    -1e-30      0.00 7.400e-01 2.560e-01 7.099e-04 1.938e-04 1.761e-03 -1.000 4.000e-03 -1.235 -0.208 -0.138 -0.114 -0.085 -0.079 -0.072 -0.065 -0.541 -0.196 -0.131 -0.088 -0.078 -0.469 -0.359
0.004 -0.58336 6.00000 3.4005484581 2.6011381149    3.399  2.403  4.1080  3.951    0  0.000  0.537     0.00     0.00 -1    -1e-30      0.00 7.400e-01 2.560e-01 7.099e-04 1.938e-04 1.761e-03 -1.000 4.000e-03 -1.237 -0.207 -0.137 -0.113 -0.084 -0.078 -0.071 -0.063 -0.539 -0.195 -0.130 -0.087 -0.076 -0.468 -0.357
0.004 -0.58336 6.00000 3.4228558540 2.6014156342    3.421  2.420  4.1204  3.985    0  0.000  0.537     0.00     0.00 -1    -1e-30      0.00 7.400e-01 2.560e-01 7.099e-04 1.938e-04 1.761e-03 -1.000 4.000e-03 -1.281 -0.163 -0.090 -0.064 -0.033 -0.025 -0.018 -0.010 -0.484 -0.139 -0.074 -0.036 -0.024 -0.414 -0.302
0.004 -0.58336 6.00000 3.4456846714 2.6016955376    3.444  2.437  4.1328  4.021    0  0.000  0.537     0.00     0.00 -1    -1e-30      0.00 7.400e-01 2.560e-01 7.099e-04 1.938e-04 1.761e-03 -1.000 4.000e-03 -1.324 -0.116 -0.041 -0.013 0.021 0.029 0.037 0.045 -0.428 -0.081 -0.017 0.017 0.030 -0.358 -0.246
0.004 -0.58336 6.00000 3.4692854881 2.6019804478    3.467  2.453  4.1451  4.057    0  0.000  0.537     0.00     0.00 -1    -1e-30      0.00 7.400e-01 2.560e-01 7.099e-04 1.938e-04 1.761e-03 -1.000 4.000e-03 -1.363 -0.068 0.011 0.041 0.076 0.085 0.094 0.103 -0.369 -0.021 0.043 0.073 0.086 -0.300 -0.187
0.004 -0.58336 6.00000 3.4941546917 2.6022758484    3.492  2.468  4.1575  4.095    0  0.000  0.537     0.00     0.00 -1    -1e-30      0.00 7.400e-01 2.560e-01 7.099e-04 1.938e-04 1.761e-03 -1.000 4.000e-03 -1.400 -0.016 0.066 0.098 0.135 0.145 0.154 0.164 -0.306 0.042 0.104 0.132 0.146 -0.239 -0.124
0.004 -0.58336 6.00000 3.5143275261 2.6025118828    3.512  2.478  4.1671  4.126    0  0.000  0.537     0.00     0.00 -1    -1e-30      0.00 7.400e-01 2.560e-01 7.099e-04 1.938e-04 1.761e-03 -1.000 4.000e-03 -1.426 0.027 0.111 0.144 0.184 0.193 0.203 0.214 -0.255 0.092 0.154 0.180 0.195 -0.188 -0.073
0.004 -0.58336 6.00000 3.5221877098 2.6026029587    3.520  2.481  4.1703  4.137    0  0.000  0.537     0.00     0.00 -1    -1e-30      0.00 7.400e-01 2.560e-01 7.099e-04 1.938e-04 1.761e-03 -1.000 4.000e-03 -1.433 0.044 0.128 0.162 0.202 0.212 0.222 0.233 -0.236 0.112 0.173 0.198 0.213 -0.169 -0.054
0.004 -0.58336 6.00000 3.5598843098 2.6030335426    3.557  2.492  4.1851  4.189    0  0.000  0.537     0.00     0.00 -1    -1e-30      0.00 7.400e-01 2.560e-01 7.099e-04 1.938e-04 1.761e-03 -1.000 4.000e-03 -1.460 0.123 0.210 0.247 0.289 0.300 0.310 0.322 -0.145 0.202 0.261 0.285 0.301 -0.080 0.037
0.004 -0.58336 6.00000 3.5999999046 2.6034805775    3.598  2.501  4.1989  4.241    0  0.000  0.537     0.00     0.00 -1    -1e-30      0.00 7.400e-01 2.560e-01 7.099e-04 1.938e-04 1.761e-03 -1.000 4.000e-03 -1.481 0.202 0.293 0.331 0.376 0.387 0.399 0.411 -0.055 0.291 0.348 0.371 0.389 0.010 0.127
0.004 -0.58336 6.00000 3.6260113716 2.6037642956    3.624  2.505  4.2075  4.274    0  0.000  0.537     0.00     0.00 -1    -1e-30      0.00 7.400e-01 2.560e-01 7.099e-04 1.938e-04 1.761e-03 -1.000 4.000e-03 -1.492 0.253 0.346 0.386 0.432 0.444 0.456 0.469 0.003 0.349 0.405 0.427 0.446 0.068 0.185
0.004 -0.58336 6.00000 3.6797354221 2.6043357849    3.678  2.512  4.2224  4.333    0  0.000  0.537     0.00     0.00 -1    -1e-30      0.00 7.400e-01 2.560e-01 7.099e-04 1.938e-04 1.761e-03 -1.000 4.000e-03 -1.510 0.344 0.439 0.481 0.530 0.543 0.556 0.569 0.105 0.450 0.505 0.525 0.545 0.169 0.287
0.004 -0.58336 6.00000 3.7286314964 2.6048393250    3.726  2.518  4.2338  4.378    0  0.000  0.537     0.00     0.00 -1    -1e-30      0.00 7.400e-01 2.560e-01 7.099e-04 1.938e-04 1.761e-03 -1.000 4.000e-03 -1.526 0.411 0.508 0.553 0.603 0.617 0.630 0.644 0.181 0.526 0.580 0.598 0.619 0.244 0.363
0.004 -0.58336 6.00000 3.7780420780 2.6053330898    3.776  2.523  4.2431  4.416    0  0.000  0.537     0.00     0.00 -1    -1e-30      0.00 7.400e-01 2.560e-01 7.099e-04 1.938e-04 1.761e-03 -1.000 4.000e-03 -1.538 0.466 0.566 0.612 0.664 0.678 0.692 0.706 0.244 0.589 0.643 0.659 0.680 0.306 0.425
0.004 -0.58336 6.00000 3.7999999523 2.6055479050    3.798  2.523  4.2457  4.429    0  0.000  0.537     0.00     0.00 -1    -1e-30      0.00 7.400e-01 2.560e-01 7.099e-04 1.938e-04 1.761e-03 -1.000 4.000e-03 -1.537 0.486 0.586 0.632 0.684 0.699 0.713 0.727 0.265 0.611 0.664 0.679 0.701 0.327 0.447
0.004 -0.58336 6.00000 3.8247258663 2.6057863235    3.823  2.522  4.2485  4.444    0  0.000  0.537     0.00     0.00 -1    -1e-30      0.00 7.400e-01 2.560e-01 7.099e-04 1.938e-04 1.761e-03 -1.000 4.000e-03 -1.536 0.508 0.608 0.655 0.708 0.723 0.736 0.751 0.289 0.635 0.689 0.703 0.725 0.351 0.471
0.004 -0.58336 6.00000 3.9249222279 2.6067168713    3.925  2.510  4.2538  4.488    0  0.000  0.537     0.00     0.00 -1    -1e-30      0.00 7.400e-01 2.560e-01 7.099e-04 1.938e-04 1.761e-03 -1.000 4.000e-03 -1.506 0.576 0.677 0.725 0.779 0.794 0.808 0.823 0.361 0.708 0.761 0.774 0.796 0.423 0.543
0.004 -0.58336 6.00000 4.0000000000 2.6073791981    4.001  2.505  4.2542  4.504    0  0.000  0.537     0.00     0.00 -1    -1e-30      0.00 7.400e-01 2.560e-01 7.099e-04 1.938e-04 1.761e-03 -1.000 4.000e-03 -1.492 0.592 0.694 0.741 0.796 0.811 0.825 0.840 0.378 0.725 0.778 0.790 0.812 0.440 0.560
0.004 -0.58336 6.00000 4.0057330132 2.6074285507    4.006  2.504  4.2542  4.505    0  0.000  0.537     0.00     0.00 -1    -1e-30      0.00 7.400e-01 2.560e-01 7.099e-04 1.938e-04 1.761e-03 -1.000 4.000e-03 -1.491 0.593 0.696 0.743 0.797 0.812 0.826 0.841 0.380 0.726 0.779 0.792 0.814 0.441 0.562
0.004 -0.58336 6.00000 4.0533809662 2.6078329086    4.053  2.505  4.2544  4.510    0  0.000  0.537     0.00     0.00 -1    -1e-30      0.00 7.400e-01 2.560e-01 7.099e-04 1.938e-04 1.761e-03 -1.000 4.000e-03 -1.493 0.593 0.695 0.743 0.797 0.812 0.826 0.841 0.379 0.726 0.779 0.792 0.814 0.441 0.561
0.004 -0.58336 6.00000 4.1973757744 2.6089911461    4.195  2.548  4.2606  4.507    0  0.000  0.537     0.00     0.00 -1    -1e-30      0.00 7.400e-01 2.560e-01 7.099e-04 1.938e-04 1.761e-03 -1.000 4.000e-03 -1.600 0.531 0.634 0.682 0.738 0.753 0.767 0.783 0.322 0.669 0.722 0.732 0.755 0.383 0.504
0.004 -0.58336 6.00000 4.1999998093 2.6090114117    4.198  2.549  4.2607  4.507    0  0.000  0.537     0.00     0.00 -1    -1e-30      0.00 7.400e-01 2.560e-01 7.099e-04 1.938e-04 1.761e-03 -1.000 4.000e-03 -1.602 0.529 0.633 0.681 0.736 0.752 0.766 0.782 0.321 0.668 0.721 0.731 0.754 0.382 0.503
0.004 -0.58336 6.00000 4.2624487877 2.6094851494    4.260  2.571  4.2641  4.505    0  0.000  0.537     0.00     0.00 -1    -1e-30      0.00 7.400e-01 2.560e-01 7.099e-04 1.938e-04 1.761e-03 -1.000 4.000e-03 -1.658 0.498 0.602 0.651 0.707 0.722 0.737 0.753 0.293 0.640 0.692 0.701 0.724 0.353 0.475
0.004 -0.58336 6.00000 4.4000000954 2.6104743481    4.397  2.619  4.2718  4.502    0  0.000  0.537     0.00     0.00 -1    -1e-30      0.00 7.400e-01 2.560e-01 7.099e-04 1.938e-04 1.761e-03 -1.000 4.000e-03 -1.777 0.434 0.540 0.590 0.647 0.663 0.678 0.694 0.236 0.583 0.635 0.642 0.665 0.295 0.417
0.004 -0.58336 6.00000 4.5999999046 2.6117916107    4.598  2.685  4.2824  4.497    0  0.000  0.537     0.00     0.00 -1    -1e-30      0.00 7.400e-01 2.560e-01 7.099e-04 1.938e-04 1.761e-03 -1.000 4.000e-03 -1.943 0.344 0.451 0.503 0.562 0.579 0.594 0.611 0.154 0.503 0.554 0.557 0.581 0.213 0.336
0.004 -0.58336 6.00000 4.8000001907 2.6129837036    4.798  2.748  4.2923  4.492    0  0.000  0.537     0.00     0.00 -1    -1e-30      0.00 7.400e-01 2.560e-01 7.099e-04 1.938e-04 1.761e-03 -1.000 4.000e-03 -2.101 0.256 0.366 0.420 0.480 0.498 0.514 0.532 0.077 0.426 0.477 0.475 0.500 0.134 0.259
0.004 -0.58336 6.00000 5.0000004768 2.6140668392    4.999  2.809  4.3018  4.487    1  0.000  0.537     0.00     0.00 -1    -1e-30      0.00 7.400e-01 2.560e-01 7.099e-04 1.938e-04 1.761e-03 -1.000 4.000e-03 -2.253 0.171 0.282 0.337 0.400 0.418 0.435 0.453 0.001 0.350 0.401 0.394 0.420 0.056 0.182
0.004 -0.58336 6.00000 5.1999998093 2.6150546074    5.200  2.866  4.3110  4.484    0  0.000  0.537     0.00     0.00 -1    -1e-30      0.00 7.400e-01 2.560e-01 7.099e-04 1.938e-04 1.761e-03 -1.000 4.000e-03 -2.396 0.093 0.206 0.263 0.327 0.346 0.364 0.383 -0.068 0.282 0.333 0.321 0.349 -0.014 0.114
0.004 -0.58336 6.00000 5.2518153191 2.6152963638    5.252  2.881  4.3130  4.482    0  0.000  0.537     0.00     0.00 -1    -1e-30      0.00 7.400e-01 2.560e-01 7.099e-04 1.938e-04 1.761e-03 -1.000 4.000e-03 -2.432 0.071 0.184 0.242 0.307 0.326 0.343 0.363 -0.087 0.262 0.314 0.300 0.328 -0.034 0.095
0.004 -0.58336 6.00000 5.4000000954 2.6159586906    5.401  2.921  4.3187  4.476    0  0.000  0.537     0.00     0.00 -1    -1e-30      0.00 7.400e-01 2.560e-01 7.099e-04 1.938e-04 1.761e-03 -1.000 4.000e-03 -2.533 0.010 0.124 0.182 0.248 0.268 0.286 0.306 -0.143 0.206 0.258 0.242 0.270 -0.090 0.039
0.004 -0.58336 6.00000 5.5999999046 2.6167888641    5.601  2.974  4.3279  4.476    0  0.000  0.537     0.00     0.00 -1    -1e-30      0.00 7.400e-01 2.560e-01 7.099e-04 1.938e-04 1.761e-03 -1.000 4.000e-03 -2.665 -0.058 0.058 0.118 0.186 0.206 0.225 0.246 -0.201 0.148 0.200 0.179 0.209 -0.150 -0.019
0.004 -0.58336 6.00000 5.8000001907 2.6175537109    5.801  3.025  4.3360  4.472    0  0.000  0.537     0.00     0.00 -1    -1e-30      0.00 7.400e-01 2.560e-01 7.099e-04 1.938e-04 1.761e-03 -1.000 4.000e-03 -2.793 -0.130 -0.012 0.049 0.119 0.140 0.159 0.181 -0.264 0.085 0.137 0.112 0.142 -0.214 -0.082
0.004 -0.58336 6.00000 6.0000000000 2.6182601452    6.000  3.074  4.3425  4.464    1  0.000  0.537     0.00     0.00 -1    -1e-30      0.00 7.400e-01 2.560e-01 7.099e-04 1.938e-04 1.761e-03 -1.000 4.000e-03 -2.915 -0.208 -0.089 -0.026 0.045 0.067 0.087 0.109 -0.334 0.014 0.067 0.038 0.069 -0.285 -0.153
0.004 -0.58336 6.00000 6.0782909393 2.6185221672    6.078  3.093  4.3457  4.464    1  0.000  0.537     0.00     0.00 -1    -1e-30      0.00 7.400e-01 2.560e-01 7.099e-04 1.938e-04 1.761e-03 -1.000 4.000e-03 -2.962 -0.232 -0.113 -0.050 0.022 0.044 0.064 0.087 -0.356 -0.007 0.046 0.015 0.047 -0.307 -0.174
0.004 -0.58336 6.00000 6.1999998093 2.6189143658    6.200  3.121  4.3506  4.464    0  0.000  0.537     0.00     0.00 -1    -1e-30      0.00 7.400e-01 2.560e-01 7.099e-04 1.938e-04 1.761e-03 -1.000 4.000e-03 -3.033 -0.270 -0.149 -0.085 -0.012 0.010 0.031 0.055 -0.388 -0.040 0.014 -0.019 0.013 -0.340 -0.206
0.004 -0.58336 6.00000 6.4000000954 2.6195218563    6.399  3.167  4.3571  4.458    0  0.000  0.537     0.00     0.00 -1    -1e-30      0.00 7.400e-01 2.560e-01 7.099e-04 1.938e-04 1.761e-03 -1.000 4.000e-03 -3.147 -0.339 -0.217 -0.152 -0.077 -0.054 -0.033 -0.008 -0.450 -0.102 -0.047 -0.085 -0.051 -0.402 -0.268
0.004 -0.58336 6.00000 7.0000000000 2.6211071014    6.996  3.294  4.3767  4.448    0  0.000  0.537     0.00     0.00 -1    -1e-30      0.00 7.400e-01 2.560e-01 7.099e-04 1.938e-04 1.761e-03 -1.000 4.000e-03 -3.465 -0.525 -0.399 -0.330 -0.250 -0.225 -0.202 -0.176 -0.615 -0.267 -0.210 -0.258 -0.222 -0.568 -0.433
0.004 -0.58336 6.00000 8.0000000000 2.6231517792    8.001  3.480  4.4046  4.431    0  0.000  0.537     0.00     0.00 -1    -1e-30      0.00 7.400e-01 2.560e-01 7.099e-04 1.938e-04 1.761e-03 -1.000 4.000e-03 -3.931 -0.832 -0.725 -0.661 -0.579 -0.564 -0.957 -1.865 -1.459 -1.147 -2.515 -0.587 -0.571 -1.816 -1.658
0.004 -0.58336 6.00000 9.0000000000 2.6246831417    8.995  3.642  4.4282  4.414    0  0.000  0.537     0.00     0.00 -1    -1e-30      0.00 7.400e-01 2.560e-01 7.099e-04 1.938e-04 1.761e-03 -1.000 4.000e-03 -4.336 -1.080 -0.972 -0.892 -0.818 -0.791 -1.174 -2.082 -1.645 -1.350 -2.775 -0.826 -0.796 -2.028 -1.846
0.004 -0.58336 6.00000 10.0000000000 2.6258678436    9.998  3.785  4.4480  4.397    1  0.000  0.537     0.00     0.00 -1    -1e-30      0.00 7.400e-01 2.560e-01 7.099e-04 1.938e-04 1.761e-03 -1.000 4.000e-03 -4.691 -1.321 -1.214 -1.139 -1.049 -1.039 -1.431 -2.338 -1.910 -1.576 -3.056 -1.055 -1.045 -2.286 -2.111
0.004 -0.58336 6.00000 11.0000000000 2.6268081665   11.001  3.911  4.4656  4.382    1  0.000  0.537     0.00     0.00 -1    -1e-30      0.00 7.400e-01 2.560e-01 7.099e-04 1.938e-04 1.761e-03 -1.000 4.000e-03 -5.009 -1.537 -1.414 -1.327 -1.251 -1.234 -1.625 -2.533 -2.131 -1.763 -3.302 -1.256 -1.241 -2.485 -2.332
0.004 -0.58336 6.00000 12.0000000000 2.6275708675   12.001  4.025  4.4812  4.369    1  0.000  0.537     0.00     0.00 -1    -1e-30      0.00 7.400e-01 2.560e-01 7.099e-04 1.938e-04 1.761e-03 -1.000 4.000e-03 -5.293 -1.727 -1.592 -1.500 -1.432 -1.407 -1.795 -2.703 -2.309 -1.941 -3.479 -1.438 -1.413 -2.656 -2.509
0.004 -0.58336 6.00000 14.0000000000 2.6287269592   13.991  4.223  4.5091  4.349    1  0.000  0.545     0.00     0.00 -1 -1.31e-09      0.00 7.399e-01 2.561e-01 7.193e-04 1.940e-04 1.760e-03 -1.000 4.000e-03 -5.787 -2.037 -1.896 -1.810 -1.734 -1.698 -2.083 -2.991 -2.575 -2.244 -3.687 -1.743 -1.704 -2.940 -2.775
0.004 -0.58336 6.00000 14.1580343246 2.6288025379   14.150  4.237  4.5110  4.348    1  0.000  0.545     0.00     0.00 -1  -1.4e-09      0.00 7.399e-01 2.561e-01 7.193e-04 1.940e-04 1.760e-03 -1.000 4.000e-03 -5.822 -2.060 -1.918 -1.832 -1.754 -1.719 -2.104 -3.012 -2.595 -2.262 -3.704 -1.764 -1.724 -2.961 -2.796
0.004 -0.58336 6.00000 16.0000000000 2.6295573711   15.999  4.389  4.5325  4.334    1  0.000  0.545     0.00     0.00 -1 -2.93e-09      0.00 7.399e-01 2.561e-01 7.193e-04 1.940e-04 1.760e-03 -1.000 4.000e-03 -6.204 -2.374 -2.224 -2.124 -2.022 -1.994 -2.384 -3.292 -2.864 -2.511 -3.949 -2.033 -2.000 -3.239 -3.065
0.004 -0.58336 6.00000 17.5858840942 2.6300640106   17.571  4.504  4.5483  4.324    1  0.000  0.545     0.00     0.00 -1 -5.05e-09      0.00 7.399e-01 2.561e-01 7.193e-04 1.940e-04 1.760e-03 -1.000 4.000e-03 -6.491 -2.702 -2.548 -2.428 -2.288 -2.269 -2.667 -3.574 -3.129 -2.775 -4.220 -2.300 -2.276 -3.519 -3.331
0.004 -0.58336 6.00000 18.0000000000 2.6301794052   17.984  4.533  4.5522  4.321    1  0.000  0.545     0.00     0.00 -1 -5.77e-09      0.00 7.399e-01 2.561e-01 7.193e-04 1.940e-04 1.760e-03 -1.000 4.000e-03 -6.562 -2.746 -2.589 -2.466 -2.328 -2.312 -2.710 -3.617 -3.171 -2.817 -4.260 -2.340 -2.319 -3.561 -3.373
0.004 -0.58336 6.00000 18.7717018127 2.6303789616   18.756  4.582  4.5589  4.317    1  0.000  0.545     0.00     0.00 -1 -7.21e-09      0.00 7.399e-01 2.561e-01 7.193e-04 1.940e-04 1.760e-03 -1.000 4.000e-03 -6.686 -2.774 -2.611 -2.484 -2.367 -2.355 -2.751 -3.658 -3.214 -2.862 -4.294 -2.376 -2.362 -3.603 -3.415
0.004 -0.58336 6.00000 20.0000000000 2.6306605339   19.987  4.657  4.5691  4.310    1  0.000  0.545     0.00     0.00 -1 -1.01e-08      0.00 7.399e-01 2.561e-01 7.193e-04 1.940e-04 1.760e-03 -1.000 4.000e-03 -6.873 -2.819 -2.647 -2.516 -2.428 -2.422 -2.815 -3.723 -3.281 -2.932 -4.350 -2.432 -2.429 -3.667 -3.482
0.004 -0.58336 6.00000 23.6279697418 2.6312990189   23.608  4.848  4.5943  4.292    1  0.000  0.545     0.00     0.00 -1 -2.28e-08      0.00 7.399e-01 2.561e-01 7.193e-04 1.940e-04 1.760e-03 -1.000 4.000e-03 -7.350 -3.078 -2.920 -2.795 -2.705 -2.684 -3.066 -3.975 -3.562 -3.203 -4.659 -2.710 -2.689 -3.925 -3.764
0.004 -0.58336 6.00000 23.9999980927 2.6313521862   23.976  4.869  4.5958  4.284    1  0.000  0.545     0.00     0.00 -1 -2.48e-08      0.00 7.399e-01 2.561e-01 7.193e-04 1.940e-04 1.760e-03 -1.000 4.000e-03 -7.402 -3.119 -2.963 -2.839 -2.747 -2.724 -3.106 -4.014 -3.604 -3.246 -4.706 -2.752 -2.729 -3.966 -3.807
0.004 -0.58336 6.00000 24.0000000000 2.6313521862   23.977  4.866  4.5967  4.290    0  0.000  0.545     0.00     0.00 -1 -2.47e-08      0.00 7.399e-01 2.561e-01 7.193e-04 1.940e-04 1.760e-03 -1.000 4.000e-03 -7.395 -3.106 -2.951 -2.827 -2.734 -2.710 -3.092 -4.001 -3.591 -3.231 -4.692 -2.739 -2.715 -3.952 -3.794
0.004 -0.58336 6.00000 26.7214794159 2.6316890717   26.670  4.983  4.6116  4.279    0  0.000  0.545     0.00     0.00 -1 -4.01e-08      0.00 7.399e-01 2.561e-01 7.193e-04 1.940e-04 1.760e-03 -1.000 4.000e-03 -7.688 -3.266 -3.125 -3.021 -2.921 -2.899 -3.283 -4.192 -3.788 -3.451 -4.907 -2.928 -2.904 -4.143 -3.989
0.004 -0.58336 6.00000 27.9515151978 2.6318168640   27.887  5.033  4.6179  4.274    0  0.000  0.545     0.00     0.00 -1  -4.9e-08      0.00 7.399e-01 2.561e-01 7.193e-04 1.940e-04 1.760e-03 -1.000 4.000e-03 -7.811 -3.331 -3.196 -3.101 -3.000 -2.980 -3.366 -4.275 -3.872 -3.547 -4.997 -3.007 -2.986 -4.226 -4.071
0.004 -0.58336 6.00000 31.9030303955 2.6321518421   31.731  5.168  4.6342  4.261    0  0.000  0.545     0.00     0.00 -1 -8.37e-08      0.00 7.399e-01 2.561e-01 7.193e-04 1.940e-04 1.760e-03 -1.000 4.000e-03 -8.149 -3.523 -3.398 -3.316 -3.219 -3.201 -3.590 -4.498 -4.098 -3.804 -5.274 -3.226 -3.207 -4.449 -4.295
0.004 -0.58336 6.00000 33.8787879944 2.6322860718   33.699  5.230  4.6416  4.254    0  0.000  0.545     0.00     0.00 -1 -1.07e-07      0.00 7.399e-01 2.561e-01 7.193e-04 1.940e-04 1.760e-03 -1.000 4.000e-03 -8.305 -3.651 -3.495 -3.408 -3.338 -3.318 -3.710 -4.618 -4.255 -4.094 -5.708 -3.344 -3.325 -4.575 -4.448
0.004 -0.58336 6.00000 37.3278160095 2.6324818134   37.113  5.326  4.6526  4.243    0  0.000  0.545     0.00     0.00 -1 -1.52e-07      0.00 7.399e-01 2.561e-01 7.193e-04 1.940e-04 1.760e-03 -1.000 4.000e-03 -8.546 -3.814 -3.657 -3.570 -3.503 -3.481 -3.870 -4.779 -4.418 -4.249 -5.861 -3.509 -3.487 -4.736 -4.613
0.004 -0.58336 6.00000 38.8181800842 2.6325540543   38.589  5.365  4.6569  4.239    0  0.000  0.545     0.00     0.00 -1 -1.75e-07      0.00 7.399e-01 2.561e-01 7.193e-04 1.940e-04 1.760e-03 -1.000 4.000e-03 -8.643 -3.883 -3.729 -3.640 -3.569 -3.547 -3.936 -4.844 -4.483 -4.319 -5.935 -3.575 -3.553 -4.801 -4.677
0.004 -0.58336 6.00000 42.8055152893 2.6327192783   42.535  5.459  4.6669  4.228    0  0.000  0.545     0.00     0.00 -1 -2.46e-07      0.00 7.399e-01 2.561e-01 7.193e-04 1.940e-04 1.760e-03 -1.000 4.000e-03 -8.877 -4.054 -3.907 -3.814 -3.732 -3.711 -4.098 -5.007 -4.646 -4.491 -6.116 -3.738 -3.717 -4.964 -4.840
0.004 -0.58336 6.00000 43.7575759888 2.6327536106   43.475  5.480  4.6691  4.225    0  0.000  0.545     0.00     0.00 -1 -2.66e-07      0.00 7.399e-01 2.561e-01 7.193e-04 1.940e-04 1.760e-03 -1.000 4.000e-03 -8.929 -4.094 -3.947 -3.854 -3.769 -3.748 -4.135 -5.044 -4.684 -4.531 -6.157 -3.775 -3.754 -5.001 -4.877
0.004 -0.58336 6.00000 43.8865356445 2.6327581406   43.602  5.482  4.6694  4.225    0  0.000  0.545     0.00     0.00 -1 -2.68e-07      0.00 7.399e-01 2.561e-01 7.193e-04 1.940e-04 1.760e-03 -1.000 4.000e-03 -8.936 -4.099 -3.953 -3.859 -3.774 -3.753 -4.140 -5.049 -4.689 -4.536 -6.162 -3.780 -3.759 -5.006 -4.882
0.004 -0.58336 6.00000 48.6969680786 2.6329073906   48.324  5.578  4.6789  4.212    0  0.000  0.545     0.00     0.00 -1 -3.73e-07      0.00 7.399e-01 2.561e-01 7.193e-04 1.940e-04 1.760e-03 -1.000 4.000e-03 -9.174 -4.279 -4.135 -4.039 -3.950 -3.929 -4.317 -5.226 -4.867 -4.726 -6.361 -3.957 -3.935 -5.183 -5.060
0.004 -0.58336 6.00000 49.9465599060 2.6329407692   49.544  5.600  4.6810  4.209    0  0.000  0.545     0.00     0.00 -1 -4.03e-07      0.00 7.399e-01 2.561e-01 7.193e-04 1.940e-04 1.760e-03 -1.000 4.000e-03 -9.231 -4.322 -4.177 -4.082 -3.993 -3.972 -4.360 -5.269 -4.911 -4.774 -6.412 -4.000 -3.978 -5.226 -5.103
0.004 -0.58336 6.00000 53.6363601685 2.6330289841   53.142  5.663  4.6869  4.200    0  0.000  0.545     0.00     0.00 -1 -5.01e-07      0.00 7.399e-01 2.561e-01 7.193e-04 1.940e-04 1.760e-03 -1.000 4.000e-03 -9.389 -4.442 -4.299 -4.206 -4.117 -4.095 -4.484 -5.393 -5.037 -4.916 -6.566 -4.124 -4.101 -5.351 -5.230
0.004 -0.58336 6.00000 56.9498710632 2.6330971718   56.364  5.715  4.6914  4.192    0  0.000  0.545     0.00     0.00 -1 -5.95e-07      0.00 7.399e-01 2.561e-01 7.193e-04 1.940e-04 1.760e-03 -1.000 4.000e-03 -9.518 -4.545 -4.403 -4.312 -4.222 -4.200 -4.590 -5.499 -5.146 -5.040 -6.702 -4.230 -4.206 -5.456 -5.338
0.004 -0.58336 6.00000 58.5757560730 2.6331272125   57.949  5.739  4.6935  4.188    0  0.000  0.545     0.00     0.00 -1 -6.46e-07      0.00 7.399e-01 2.561e-01 7.193e-04 1.940e-04 1.760e-03 -1.000 4.000e-03 -9.578 -4.594 -4.453 -4.362 -4.272 -4.250 -4.640 -5.549 -5.198 -5.100 -6.769 -4.280 -4.256 -5.507 -5.389
0.004 -0.58336 6.00000 63.5151481628 2.6332082748   62.783  5.807  4.6989  4.176    0  0.000  0.545     0.00     0.00 -1 -8.01e-07      0.00 7.399e-01 2.561e-01 7.193e-04 1.940e-04 1.760e-03 -1.000 4.000e-03 -9.748 -4.736 -4.596 -4.508 -4.417 -4.394 -4.784 -5.694 -5.348 -5.277 -6.967 -4.425 -4.400 -5.652 -5.539
0.004 -0.58336 6.00000 68.4545440674 2.6332759857   67.559  5.868  4.7035  4.165    0  0.000  0.545     0.00     0.00 -1 -9.81e-07      0.00 7.399e-01 2.561e-01 7.193e-04 1.940e-04 1.760e-03 -1.000 4.000e-03 -9.901 -4.875 -4.737 -4.649 -4.557 -4.534 -4.925 -5.835 -5.507 -5.479 -7.190 -4.565 -4.541 -5.796 -5.696
0.004 -0.58336 6.00000 73.3939361572 2.6333334446   72.228  5.923  4.7071  4.154    0  0.000  0.545     0.00     0.00 -1 -1.17e-06      0.00 7.399e-01 2.561e-01 7.193e-04 1.940e-04 1.760e-03 -1.000 4.000e-03 -10.037 -4.894 -4.755 -4.678 -4.622 -4.629 -5.037 -5.950 -5.812 -6.163 -8.066 -4.624 -4.638 -5.939 -5.976
0.004 -0.58336 6.00000 78.3333282471 2.6333823204   77.062  5.974  4.7103  4.144    0  0.000  0.545     0.00     0.00 -1 -1.39e-06      0.00 7.399e-01 2.561e-01 7.193e-04 1.940e-04 1.760e-03 -1.000 4.000e-03 -10.166 -5.007 -4.868 -4.789 -4.736 -4.743 -5.151 -6.064 -5.937 -6.306 -8.215 -4.738 -4.753 -6.055 -6.099
0.004 -0.58336 6.00000 79.4852752686 2.6333928108   78.182  5.986  4.7109  4.141    0  0.000  0.545     0.00     0.00 -1 -1.44e-06      0.00 7.399e-01 2.561e-01 7.193e-04 1.940e-04 1.760e-03 -1.000 4.000e-03 -10.194 -5.032 -4.893 -4.814 -4.761 -4.768 -5.176 -6.089 -5.963 -6.336 -8.245 -4.763 -4.778 -6.080 -6.125
0.004 -0.58336 6.00000 93.1515121460 2.6334943771   91.414  6.107  4.7167  4.111    0  0.000  0.545     0.00     0.00 -1  -2.1e-06      0.00 7.399e-01 2.561e-01 7.193e-04 1.940e-04 1.760e-03 -1.000 4.000e-03 -10.496 -5.309 -5.171 -5.089 -5.037 -5.043 -5.450 -6.362 -6.252 -6.657 -8.575 -5.038 -5.052 -6.356 -6.411
0.004 -0.58336 6.00000 98.0909042358 2.6335232258   96.137  6.144  4.7180  4.100    0  0.000  0.545     0.00     0.00 -1 -2.38e-06      0.00 7.399e-01 2.561e-01 7.193e-04 1.940e-04 1.760e-03 -1.000 4.000e-03 -10.591 -5.400 -5.262 -5.179 -5.126 -5.131 -5.538 -6.450 -6.342 -6.752 -8.672 -5.128 -5.140 -6.444 -6.500
0.004 -0.58336 6.00000 103.0302963257 2.6335489750  100.656  6.178  4.7189  4.090    0  0.000  0.545     0.00     0.00 -1 -2.66e-06      0.00 7.399e-01 2.561e-01 7.193e-04 1.940e-04 1.760e-03 -1.000 4.000e-03 -10.676 -5.483 -5.345 -5.262 -5.207 -5.211 -5.617 -6.530 -6.421 -6.834 -8.755 -5.209 -5.220 -6.523 -6.579
0.004 -0.58336 6.00000 122.7878723145 2.6336188316  119.356  6.301  4.7205  4.048    0  0.000  0.545     0.00     0.00 -1 -3.87e-06      0.00 7.399e-01 2.561e-01 7.193e-04 1.940e-04 1.760e-03 -1.000 4.000e-03 -10.983 -5.798 -5.658 -5.573 -5.511 -5.511 -5.916 -6.829 -6.711 -7.128 -9.053 -5.514 -5.520 -6.820 -6.870
0.004 -0.58336 6.00000 152.4242401123 2.6336188316  147.254  6.445  4.7176  3.983    0  0.000  0.545     0.00     0.00 -1 -6.23e-06      0.00 7.399e-01 2.561e-01 7.193e-04 1.940e-04 1.760e-03 -1.000 4.000e-03 -11.343 -6.197 -6.052 -5.964 -5.888 -5.882 -6.283 -7.194 -7.028 -7.386 -9.296 -5.894 -5.890 -7.177 -7.192
0.004 -0.58336 6.00000 181.6929931641 2.6336188316  174.717  6.556  4.7099  3.916    0  0.000  0.536     0.00     0.00 -1 -8.96e-06      0.00 7.398e-01 2.562e-01 7.072e-04 2.206e-04 1.746e-03 -1.000 4.000e-03 -11.621 -6.524 -6.376 -6.283 -6.195 -6.182 -6.580 -7.490 -7.242 -7.454 -9.310 -6.202 -6.190 -7.461 -7.417
0.004 -0.58336 6.00000 201.8181610107 2.6336188316  193.451  6.623  4.7042  3.870    0  0.000  0.527     0.00     0.00 -1 -1.12e-05      0.00 7.397e-01 2.563e-01 6.950e-04 2.496e-04 1.729e-03 -1.000 3.999e-03 -11.787 -6.680 -6.546 -6.473 -6.434 -6.452 -6.866 -7.780 -7.730 -8.276 -10.278 -6.433 -6.462 -7.782 -7.884
0.004 -0.58336 6.00000 251.2121124268 2.6336188316  238.734  6.755  4.6949  3.793    0  0.000  0.096     0.00     0.00 -1 -1.67e-05      0.00 7.310e-01 2.650e-01 2.479e-05 2.077e-03 5.414e-04 -1.000 3.953e-03 -12.117 -7.082 -6.945 -6.867 -6.817 -6.828 -7.238 -8.151 -8.044 -8.501 -10.472 -6.818 -6.838 -8.145 -8.205
0.004 -0.58336 6.00000 284.3933105469 2.6336188316  269.074  6.827  4.6960  3.777    0  0.000  0.500     0.00     0.00 -1 -2.08e-05      0.00 7.156e-01 2.804e-01 2.882e-05 2.410e-03 1.552e-04 -1.000 3.963e-03 -12.298 -7.254 -7.116 -7.040 -6.991 -7.003 -7.413 -8.326 -8.225 -8.690 -10.666 -6.992 -7.012 -8.321 -8.385
0.004 -0.58336 6.00000 300.6060485840 2.6336188316  283.852  6.859  4.6963  3.769    0  0.000  0.719     0.00     0.00 -1 -2.29e-05      0.00 7.084e-01 2.877e-01 2.990e-05 2.494e-03 5.793e-05 -1.000 3.962e-03 -12.378 -7.332 -7.195 -7.118 -7.070 -7.082 -7.492 -8.405 -8.306 -8.774 -10.750 -7.070 -7.092 -8.400 -8.466
0.004 -0.58336 6.00000 350.0000000000 2.6336188316  262.254  7.032  4.4736  2.671    0  0.000  1.646     0.00     0.00 -1 -3.45e-05      0.00 3.107e-01 6.854e-01 3.834e-05 2.506e-03 3.992e-05  6.353 3.901e-03 -12.810 -8.560 -8.446 -8.437 -8.440 -8.532 -8.566 -8.729 -9.976 -10.690 -11.556 -8.444 -8.532 -8.931 -9.706
0.004 -0.58336 6.00000 350.0000915527 2.6336188316  328.422  6.947  4.6943  3.737    0  0.000  1.304     0.00     0.00 -1  -2.8e-05      0.00 6.877e-01 3.084e-01 3.118e-05 2.515e-03 3.278e-05  5.903 3.900e-03 -12.598 -7.568 -7.430 -7.352 -7.302 -7.312 -7.722 -8.634 -8.525 -8.978 -10.947 -7.302 -7.322 -8.628 -8.686
0.004 -0.58336 6.00000 350.0003356934 2.6336188316  326.641  6.951  4.6839  3.689    0  0.000  1.360     0.00     0.00 -1 -2.55e-05      0.00 6.803e-01 3.158e-01 3.287e-05 2.510e-03 3.559e-05  5.879 3.900e-03 -12.606 -7.667 -7.523 -7.437 -7.377 -7.379 -7.784 -8.696 -8.535 -8.906 -10.839 -7.379 -7.388 -8.681 -8.702
0.004 -0.58336 6.00000 350.0005493164 2.6336188316  324.828  6.954  4.6737  3.643    0  0.000  1.389     0.00     0.00 -1 -2.29e-05      0.00 6.719e-01 3.242e-01 3.444e-05 2.505e-03 3.880e-05  5.821 3.900e-03 -12.615 -7.776 -7.632 -7.545 -7.488 -7.490 -7.895 -8.807 -8.640 -8.974 -10.884 -7.491 -7.499 -8.793 -8.808
0.004 -0.58336 6.00000 350.0008239746 2.6336188316  322.328  6.959  4.6580  3.572    0  0.000  1.403     0.00     0.00 -1 -2.09e-05      0.00 6.609e-01 3.352e-01 3.638e-05 2.500e-03 4.324e-05  5.697 3.901e-03 -12.627 -8.111 -8.038 -8.042 -8.172 -8.278 -8.737 -9.664 -10.068 -10.924 -12.960 -8.149 -8.297 -9.767 -10.177
0.004 -0.58336 6.00000 350.0010375977 2.6336188316  319.973  6.963  4.6426  3.503    0  0.000  1.410     0.00     0.00 -1 -1.91e-05      0.00 6.494e-01 3.467e-01 3.803e-05 2.495e-03 4.713e-05  5.538 3.901e-03 -12.638 -8.148 -8.039 -8.009 -8.055 -8.167 -8.195 -8.388 -9.301 -11.774 -11.865 -8.055 -8.157 -8.609 -9.236
0.004 -0.58336 6.00000 350.0012512207 2.6336188316  317.766  6.967  4.6266  3.431    0  0.000  1.414     0.00     0.00 -1 -1.74e-05      0.00 6.389e-01 3.572e-01 3.944e-05 2.490e-03 5.048e-05  5.315 3.901e-03 -12.648 -8.284 -8.178 -8.151 -8.204 -8.320 -8.351 -8.549 -9.477 -11.948 -12.052 -8.202 -8.309 -8.777 -9.412
0.004 -0.58336 6.00000 350.0014343262 2.6336188316  315.652  6.971  4.6104  3.360    0  0.000  1.418     0.00     0.00 -1 -1.61e-05      0.00 6.278e-01 3.682e-01 4.072e-05 2.486e-03 5.347e-05  4.911 4.000e-03 -12.658 -8.420 -8.318 -8.294 -8.354 -8.473 -8.509 -8.710 -9.654 -12.124 -12.241 -8.351 -8.462 -8.947 -9.589
0.004 -0.58336 6.00000 350.0015563965 2.6336188316  313.844  6.975  4.5941  3.288    0  0.000  1.421     0.00     0.00 -1 -1.48e-05      0.00 6.188e-01 3.773e-01 4.175e-05 2.484e-03 5.590e-05 -1.000 3.902e-03 -12.667 -8.544 -8.442 -8.421 -8.483 -8.603 -8.640 -8.844 -9.799 -12.273 -12.408 -8.478 -8.591 -9.087 -9.733
0.004 -0.58336 6.00000 350.0016479492 2.6336188316  312.742  6.977  4.5832  3.241    0  0.000  1.424     0.00     0.00 -1  -1.4e-05      0.00 6.122e-01 3.838e-01 4.238e-05 2.482e-03 5.736e-05 -1.000 3.902e-03 -12.672 -8.611 -8.509 -8.485 -8.544 -8.662 -8.697 -8.899 -9.857 -12.342 -12.493 -8.539 -8.648 -9.145 -9.791
0.004 -0.58336 6.00000 350.0017395020 2.6336188316  311.730  6.979  4.5721  3.193    0  0.000  1.427     0.00     0.00 -1 -1.34e-05      0.00 6.065e-01 3.896e-01 4.294e-05 2.480e-03 5.865e-05 -1.000 3.902e-03 -12.678 -8.679 -8.576 -8.551 -8.607 -8.722 -8.754 -8.956 -9.915 -12.411 -12.579 -8.601 -8.707 -9.203 -9.849
0.004 -0.58336 6.00000 350.0018005371 2.6336188316  310.848  6.981  4.5610  3.145    0  0.000  1.429     0.00     0.00 -1 -1.26e-05      0.00 6.014e-01 3.947e-01 4.344e-05 2.478e-03 5.980e-05 -1.000 3.902e-03 -12.683 -8.746 -8.643 -8.616 -8.669 -8.781 -8.811 -9.011 -9.974 -12.480 -12.665 -8.662 -8.765 -9.261 -9.907
0.004 -0.58336 6.00000 350.0018615723 2.6336188316  310.082  6.983  4.5495  3.097    0  0.000  1.431     0.00     0.00 -1 -1.19e-05      0.00 5.974e-01 3.987e-01 4.387e-05 2.477e-03 6.080e-05 -1.000 3.902e-03 -12.687 -8.437 -8.323 -8.314 -8.317 -8.410 -8.444 -8.607 -9.853 -10.567 -11.434 -8.321 -8.409 -8.808 -9.583
0.004 -0.58336 6.00000 350.0019226074 2.6336188316  309.438  6.984  4.5373  3.046    0  0.000  1.432     0.00     0.00 -1  -1.1e-05      0.00 5.945e-01 4.016e-01 4.424e-05 2.476e-03 6.168e-05 -1.000 3.902e-03 -12.691 -8.441 -8.327 -8.318 -8.321 -8.413 -8.447 -8.610 -9.857 -10.571 -11.437 -8.325 -8.413 -8.812 -9.587
0.004 -0.58336 6.00000 350.0019531250 2.6336188316  308.805  6.986  4.5256  2.996    0  0.000  1.433     0.00     0.00 -1 -1.02e-05      0.00 5.912e-01 4.049e-01 4.461e-05 2.474e-03 6.254e-05 -1.000 3.902e-03 -12.694 -8.445 -8.330 -8.322 -8.325 -8.417 -8.451 -8.614 -9.861 -10.575 -11.441 -8.328 -8.417 -8.815 -9.590
0.004 -0.58336 6.00000 350.0020141602 2.6336188316  308.230  6.987  4.5147  2.950    0  0.000  1.435     0.00     0.00 -1  -9.5e-06      0.00 5.872e-01 4.089e-01 4.497e-05 2.473e-03 6.337e-05 -1.000 3.902e-03 -12.698 -8.449 -8.334 -8.326 -8.329 -8.421 -8.455 -8.618 -9.864 -10.579 -11.445 -8.332 -8.420 -8.819 -9.594
0.004 -0.58336 6.00000 350.0020446777 2.6336188316  307.746  6.989  4.5033  2.903    0  0.000  1.436     0.00     0.00 -1 -8.66e-06      0.00 5.846e-01 4.115e-01 4.527e-05 2.472e-03 6.409e-05 -1.000 3.902e-03 -12.701 -8.452 -8.337 -8.329 -8.332 -8.424 -8.458 -8.621 -9.868 -10.582 -11.448 -8.335 -8.424 -8.822 -9.597
0.004 -0.58336 6.00000 350.0021057129 2.6336188316  307.305  6.990  4.4902  2.849    0  0.000  1.437     0.00     0.00 -1 -7.89e-06      0.00 5.822e-01 4.139e-01 4.558e-05 2.471e-03 6.479e-05 -1.000 3.902e-03 -12.705 -8.455 -8.341 -8.332 -8.335 -8.427 -8.461 -8.624 -9.871 -10.585 -11.451 -8.339 -8.427 -8.825 -9.601
0.004 -0.58336 6.00000 350.0021362305 2.6336188316  306.945  6.991  4.4786  2.800    0  0.000  1.438     0.00     0.00 -1 -7.39e-06      0.00 5.802e-01 4.159e-01 4.583e-05 2.470e-03 6.539e-05 -1.000 3.902e-03 -12.707 -8.458 -8.343 -8.335 -8.338 -8.430 -8.464 -8.627 -9.874 -10.588 -11.454 -8.341 -8.430 -8.828 -9.603
0.004 -0.58336 6.00000 350.0021667480 2.6336188316  306.602  6.992  4.4673  2.754    0  0.000  1.438     0.00     0.00 -1 -7.25e-06      0.00 5.778e-01 4.183e-01 4.608e-05 2.470e-03 6.598e-05 -1.000 3.902e-03 -12.710 -8.460 -8.346 -8.338 -8.340 -8.433 -8.467 -8.630 -9.876 -10.590 -11.457 -8.344 -8.432 -8.831 -9.606
0.004 -0.58336 6.00000 350.0021972656 2.6336188316  306.258  6.993  4.4552  2.704    0  0.000  1.440     0.00     0.00 -1 -7.26e-06      0.00 5.754e-01 4.207e-01 4.633e-05 2.469e-03 6.655e-05 -1.000 3.902e-03 -12.713 -8.463 -8.349 -8.340 -8.343 -8.436 -8.470 -8.633 -9.879 -10.593 -11.460 -8.347 -8.435 -8.834 -9.609
0.004 -0.58336 6.00000 350.0022277832 2.6336188316  305.957  6.994  4.4431  2.654    0  0.000  1.441     0.00     0.00 -1 -7.31e-06      0.00 5.735e-01 4.226e-01 4.653e-05 2.468e-03 6.703e-05 -1.000 3.902e-03 -12.715 -8.466 -8.351 -8.343 -8.346 -8.438 -8.472 -8.635 -9.882 -10.596 -11.462 -8.349 -8.438 -8.836 -9.611
0.004 -0.58336 6.00000 350.0022583008 2.6336188316  305.668  6.995  4.4272  2.589    0  0.000  1.441     0.00     0.00 -1 -7.19e-06      0.00 5.723e-01 4.238e-01 4.673e-05 2.468e-03 6.750e-05 -1.000 3.902e-03 -12.718 -8.468 -8.354 -8.345 -8.348 -8.441 -8.475 -8.638 -9.884 -10.598 -11.464 -8.352 -8.440 -8.839 -9.614
0.004 -0.58336 6.00000 350.0022888184 2.6336188316  303.160  6.997  4.4243  2.572    0  0.000  1.449     0.00     0.00 -1 -7.15e-06      0.00 5.579e-01 4.381e-01 4.715e-05 2.466e-03 6.826e-05 -1.000 4.000e-03 -12.722 -8.472 -8.358 -8.349 -8.352 -8.445 -8.479 -8.642 -9.888 -10.602 -11.469 -8.356 -8.444 -8.843 -9.618
0.004 -0.58336 6.00000 350.0024108887 2.6336188316  298.066  7.000  4.4256  2.567    0  0.000  1.465     0.00     0.00 -1 -6.91e-06      0.00 5.277e-01 4.684e-01 4.798e-05 2.465e-03 6.973e-05 -1.000 3.902e-03 -12.730 -8.480 -8.366 -8.357 -8.360 -8.453 -8.487 -8.650 -9.896 -10.610 -11.477 -8.364 -8.452 -8.851 -9.626
0.004 -0.58336 6.00000 350.0024414062 2.6336188316  295.406  7.002  4.4297  2.578    0  0.000  1.476     0.00     0.00 -1 -4.24e-05      0.00 5.105e-01 4.856e-01 4.843e-05 2.464e-03 7.051e-05 -1.000 3.902e-03 -12.734 -8.485 -8.370 -8.362 -8.365 -8.457 -8.491 -8.654 -9.901 -10.615 -11.481 -8.368 -8.457 -8.855 -9.630
0.004 -0.58336 6.00000 350.0025024414 2.6336188316  292.238  7.004  4.4323  2.581    0  0.000  1.487     0.00     0.00 -1 -4.27e-05      0.00 4.920e-01 5.040e-01 4.896e-05 2.463e-03 7.142e-05 -1.000 4.000e-03 -12.740 -8.490 -8.376 -8.367 -8.370 -8.463 -8.497 -8.660 -9.906 -10.620 -11.486 -8.374 -8.462 -8.861 -9.636
0.004 -0.58336 6.00000 350.0025329590 2.6336188316  290.355  7.005  4.4340  2.583    0  0.000  1.494     0.00     0.00 -1 -4.27e-05      0.00 4.805e-01 5.156e-01 4.931e-05 2.463e-03 7.202e-05 -1.000 3.903e-03 -12.744 -8.494 -8.380 -8.371 -8.374 -8.466 -8.500 -8.663 -9.910 -10.624 -11.490 -8.378 -8.466 -8.864 -9.639
0.004 -0.58336 6.00000 350.0025634766 2.6336188316  288.922  7.006  4.4337  2.579    0  0.000  1.500     0.00     0.00 -1 -4.19e-05      0.00 4.722e-01 5.239e-01 4.956e-05 2.462e-03 7.245e-05 -1.000 3.903e-03 -12.746 -8.497 -8.382 -8.374 -8.377 -8.469 -8.503 -8.666 -9.912 -10.627 -11.493 -8.380 -8.468 -8.867 -9.642
0.004 -0.58336 6.00000 350.0026245117 2.6336188316  286.930  7.008  4.4302  2.560    0  0.000  1.507     0.00     0.00 -1 -6.36e-06      0.00 4.610e-01 5.351e-01 4.993e-05 2.461e-03 7.312e-05 -1.000 3.903e-03 -12.750 -8.501 -8.386 -8.378 -8.380 -8.473 -8.507 -8.670 -9.916 -10.630 -11.497 -8.384 -8.472 -8.871 -9.646
0.004 -0.58336 6.00000 350.0026550293 2.6336188316  284.445  7.010  4.4305  2.556    0  0.000  1.517     0.00     0.00 -1 -6.31e-06      0.00 4.460e-01 5.501e-01 5.037e-05 2.460e-03 7.388e-05 -1.000 3.903e-03 -12.755 -8.506 -8.391 -8.383 -8.385 -8.478 -8.512 -8.675 -9.921 -10.635 -11.502 -8.389 -8.477 -8.876 -9.651
0.004 -0.58336 6.00000 350.0026855469 2.6336188316  282.914  7.011  4.4324  2.560    0  0.000  1.525     0.00     0.00 -1  -6.2e-06      0.00 4.360e-01 5.601e-01 5.067e-05 2.459e-03 7.436e-05 -1.000 3.903e-03 -12.758 -8.509 -8.394 -8.386 -8.389 -8.481 -8.515 -8.678 -9.925 -10.639 -11.505 -8.392 -8.481 -8.879 -9.654
0.004 -0.58336 6.00000 350.0027465820 2.6336188316  279.445  7.013  4.4391  2.579    0  0.000  1.539     0.00     0.00 -1 -4.23e-05      0.00 4.163e-01 5.797e-01 5.112e-05 2.459e-03 7.501e-05 -1.000 4.000e-03 -12.764 -8.514 -8.400 -8.391 -8.394 -8.486 -8.520 -8.683 -9.930 -10.644 -11.510 -8.398 -8.486 -8.884 -9.660
0.004 -0.58336 6.00000 350.0027770996 2.6336188316  278.043  7.015  4.4394  2.577    0  0.000  1.546     0.00     0.00 -1 -4.16e-05      0.00 4.065e-01 5.896e-01 5.140e-05 2.458e-03 7.546e-05 -1.000 3.903e-03 -12.767 -8.518 -8.404 -8.395 -8.398 -8.490 -8.524 -8.687 -9.934 -10.648 -11.514 -8.401 -8.490 -8.888 -9.663
0.004 -0.58336 6.00000 350.0028076172 2.6336188316  276.406  7.016  4.4416  2.581    0  0.000  1.555     0.00     0.00 -1 -4.17e-05      0.00 3.957e-01 6.004e-01 5.170e-05 2.458e-03 7.590e-05 -1.000 3.903e-03 -12.771 -8.522 -8.407 -8.399 -8.402 -8.494 -8.528 -8.691 -9.937 -10.652 -11.518 -8.405 -8.493 -8.892 -9.667
0.004 -0.58336 6.00000 350.0028381348 2.6336188316  273.922  7.018  4.4409  2.573    0  0.000  1.567     0.00     0.00 -1 -5.94e-06      0.00 3.812e-01 6.149e-01 5.210e-05 2.457e-03 7.650e-05 -1.000 3.903e-03 -12.776 -8.526 -8.412 -8.404 -8.406 -8.499 -8.533 -8.696 -9.942 -10.656 -11.523 -8.410 -8.498 -8.897 -9.672
0.004 -0.58336 6.00000 350.0028686523 2.6336188316  271.973  7.020  4.4471  2.593    0  0.000  1.579     0.00     0.00 -1 -4.17e-05      0.00 3.674e-01 6.287e-01 5.245e-05 2.456e-03 7.699e-05 -1.000 3.903e-03 -12.781 -8.531 -8.417 -8.408 -8.411 -8.504 -8.538 -8.701 -9.947 -10.661 -11.528 -8.415 -8.503 -8.902 -9.677
0.004 -0.58336 6.00000 350.0028991699 2.6336188316  270.734  7.022  4.4454  2.582    0  0.000  1.586     0.00     0.00 -1 -5.86e-06      0.00 3.591e-01 6.370e-01 5.271e-05 2.455e-03 7.740e-05 -1.000 3.903e-03 -12.784 -8.535 -8.421 -8.412 -8.415 -8.507 -8.541 -8.704 -9.951 -10.665 -11.531 -8.418 -8.507 -8.905 -9.680
0.004 -0.58336 6.00000 350.0029296875 2.6336188316  268.926  7.023  4.4410  2.560    0  0.000  1.593     0.00     0.00 -1 -4.22e-05      0.00 3.506e-01 6.455e-01 5.295e-05 2.456e-03 7.776e-05 -1.000 3.903e-03 -12.788 -8.538 -8.424 -8.415 -8.418 -8.511 -8.545 -8.708 -9.954 -10.668 -11.535 -8.422 -8.510 -8.909 -9.684
0.004 -0.58336 6.00000 350.0029602051 2.6336188316  266.926  7.025  4.4441  2.568    0  0.000  1.604     0.00     0.00 -1 -5.77e-06      0.00 3.382e-01 6.579e-01 5.332e-05 2.455e-03 7.834e-05 -1.000 3.903e-03 -12.793 -8.544 -8.429 -8.421 -8.424 -8.516 -8.550 -8.713 -9.960 -10.674 -11.540 -8.427 -8.515 -8.914 -9.689
0.004 -0.58336 6.00000 350.0029907227 2.6336188316  265.086  7.027  4.4393  2.543    0  0.000  1.614     0.00     0.00 -1 -4.14e-05      0.00 3.287e-01 6.674e-01 5.362e-05 2.454e-03 7.876e-05 -1.000 3.903e-03 -12.798 -8.548 -8.434 -8.425 -8.428 -8.521 -8.555 -8.718 -9.964 -10.678 -11.545 -8.432 -8.520 -8.919 -9.694
0.004 -0.58336 6.00000 350.0030212402 2.6336188316  263.887  7.029  4.4564  2.608    0  0.000  1.623     0.00     0.00 -1 -5.84e-06      0.00 3.184e-01 6.777e-01 5.389e-05 2.453e-03 7.914e-05 -1.000 3.903e-03 -12.803 -8.553 -8.439 -8.430 -8.433 -8.525 -8.559 -8.722 -9.969 -10.683 -11.549 -8.437 -8.525 -8.923 -9.698
0.004 -0.58336 6.00000 350.0030517578 2.6336188316  259.332  7.033  4.5182  2.844    0  0.000  1.656     0.00     0.00 -1 -7.61e-05      0.00 2.893e-01 7.067e-01 5.445e-05 2.453e-03 7.951e-05 -1.000 4.000e-03 -12.812 -8.563 -8.448 -8.440 -8.443 -8.535 -8.569 -8.732 -9.978 -10.693 -11.559 -8.446 -8.534 -8.933 -9.708
0.004 -0.58336 6.00000 350.0030822754 2.6336188316  250.887  7.057  4.7695  3.810    0  0.000  1.717     0.00     0.00 -1 -9.12e-05      0.00 2.411e-01 7.550e-01 5.522e-05 2.453e-03 7.955e-05 -1.000 3.903e-03 -12.873 -7.561 -7.491 -7.595 -7.725 -7.976 -8.018 -8.360 -9.960 -10.926 -11.894 -7.748 -7.972 -8.689 -9.690
0.004 -0.58336 6.00000 350.0031127930 2.6336188316  233.588  7.080  4.9220  4.366    0  0.000  1.315     0.00     0.00 -1 -0.000125      0.00 1.111e-01 8.850e-01 4.587e-05 2.470e-03 7.831e-05 -1.000 3.903e-03 -12.930 -6.830 -6.818 -6.978 -7.287 -7.658 -7.707 -8.161 -9.915 -11.067 -12.127 -7.324 -7.650 -8.532 -9.642
0.004 -0.58336 6.00000 350.0031433105 2.6336188316  220.916  7.068  5.0877  5.017    0  0.000  1.533     0.00     0.00 -1 -0.000134      0.00 4.457e-02 9.515e-01 4.943e-05 2.466e-03 7.834e-05 -1.000 3.903e-03 -12.900 -6.165 -6.211 -6.390 -6.822 -7.144 -7.334 -7.761 -9.636 -10.912 -12.035 -6.806 -7.157 -8.175 -9.360
0.004 -0.58336 6.00000 350.0031738281 2.6336188316  208.432  7.041  5.1117  5.115    0  0.000 12.574     0.00     0.00 -1 -8.26e-05      0.00 2.358e-02 7.535e-01 1.972e-01 6.182e-06 2.033e-02 11.808 2.229e-01 -12.832 -5.694 -5.686 -5.812 -6.198 -6.473 -6.666 -7.049 -8.801 -9.994 -11.108 -6.180 -6.487 -7.425 -8.526
0.004 -0.58336 6.00000 350.0032348633 2.6336188316  194.197  7.010  5.1048  5.087    0  0.000  7.032     0.00     0.00 -1 -5.46e-05      0.00 2.399e-02 6.377e-01 2.811e-01 6.290e-06 5.175e-02 11.925 3.383e-01 -12.756 -5.451 -5.414 -5.501 -5.824 -6.065 -6.250 -6.612 -8.342 -9.484 -10.590 -5.804 -6.078 -6.984 -8.067
0.004 -0.58336 6.00000 350.0033264160 2.6336188316  181.225  6.983  5.0964  5.051    0  0.000  3.553     0.00     0.00 -1 -3.65e-05      0.00 2.457e-02 4.755e-01 3.622e-01 6.442e-06 1.321e-01 11.950 5.000e-01 -12.687 -5.263 -5.204 -5.249 -5.500 -5.703 -5.871 -6.205 -7.914 -9.018 -10.088 -5.481 -5.716 -6.567 -7.639
0.004 -0.58336 6.00000 350.0034179688 2.6336188316  166.350  6.948  5.0908  5.026    0  0.000  1.471     0.00     0.00 -1 -5.06e-05      0.00 2.518e-02 2.773e-01 3.664e-01 6.602e-06 3.249e-01 11.609 6.975e-01 -12.601 -5.400 -5.366 -5.457 -5.785 -6.033 -6.210 -6.575 -8.294 -9.445 -10.557 -5.768 -6.045 -6.941 -8.019
0.004 -0.58336 6.00000 350.0034484863 2.6336188316  152.539  6.912  5.0934  5.035    0  0.000  0.755     0.00     0.00 -1 -5.85e-05      0.00 2.559e-02 1.663e-01 2.912e-01 6.710e-06 5.095e-01 -1.000 8.081e-01 -12.510 -5.438 -5.420 -5.537 -5.905 -6.176 -6.357 -6.737 -8.468 -9.652 -10.771 -5.890 -6.188 -7.104 -8.194
0.004 -0.58336 6.00000 350.0034790039 2.6336188316  142.975  6.884  5.1000  5.061    0  0.000  0.464     0.00     0.00 -1 -6.12e-05      0.00 2.585e-02 1.097e-01 2.195e-01 6.776e-06 6.350e-01 -1.000 8.645e-01 -12.441 -5.411 -5.398 -5.530 -5.922 -6.202 -6.391 -6.776 -8.513 -9.710 -10.833 -5.906 -6.215 -7.146 -8.238
0.004 -0.58336 6.00000 350.0035095215 2.6336188316  135.514  6.862  5.1079  5.092    0  0.000  0.300     0.00     0.00 -1  -6.3e-05      0.00 2.603e-02 7.328e-02 1.584e-01 6.824e-06 7.250e-01 -1.000 9.007e-01 -12.385 -5.372 -5.370 -5.512 -5.918 -6.206 -6.394 -6.785 -8.538 -9.743 -10.864 -5.902 -6.219 -7.159 -8.262
0.004 -0.58336 6.00000 350.0035400391 2.6336188316  124.152  6.886  4.4624  2.448    0  0.000  0.147     0.00     0.00 -1  -0.00012      0.00 2.628e-02 2.774e-02 7.930e-02 6.890e-06 7.990e-01 -1.000 9.460e-01 -12.444 -7.946 -7.836 -7.933 -7.874 -7.987 -8.035 -8.216 -9.439 -10.119 -11.040 -7.876 -7.987 -8.416 -9.169
#isochrone terminated
