# File generated by CMD 3.3 (http://stev.oapd.inaf.it/cmd) on Wed Apr 22 16:17:41 CEST 2020
# isochrones based on PARSEC release v1.2S +  COLIBRI S_35
# Basic references: Bressan et al. (2012), MNRAS, 427, 127 + Chen et al. (2014, 2015), MNRAS, 444, 2525 + MNRAS, 452, 1068 + Tang et al. (2014), MNRAS, 445, 4287 + Marigo et al. (2017), ApJ, 835, 77 + Pastorelli al. (2019), MNRAS in press
# Thermal pulse cycles included 
# On RGB, assumed Reimers mass loss with efficiency eta=0.2
# Photometric system:  2MASS + Spitzer (IRAC+MIPS) + WISE
# Using YBC version of bolometric corrections as in Chen et al. (2019)
# O-rich circumstellar dpmod60alox40 dust from Groenewegen (2006)
# C-rich circumstellar AMCSIC15 dust from Groenewegen (2006)
# IMF: Kroupa (2001, 2002) + Kroupa et al. (2013) canonical two-part-power law IMF corrected for unresolved binaries 
# Kind of output: isochrone tables
# Zini     MH   logAge Mini        int_IMF         Mass   logL    logTe  logg  label   McoreTP C_O  period0 period1 pmode  Mloss  tau1m   X   Y   Xc  Xn  Xo  Cexcess  Z 	 mbolmag  Jmag    Hmag    Ksmag   IRAC_3.6mag  IRAC_4.5mag  IRAC_5.8mag  IRAC_8.0mag  MIPS_24mag  MIPS_70mag  MIPS_160mag  W1mag   W2mag   W3mag   W4mag
0.003 -0.70993 6.00000 0.0900000036 1.0816895962    0.090 -1.120  3.4986  3.459    0  0.000  0.545     0.00     0.00 -1 -5.99e-14      0.00 7.425e-01 2.543e-01 5.700e-04 1.537e-04 1.395e-03 -1.000 3.177e-03 7.570 5.640 5.108 4.853 4.528 4.376 4.346 4.301 3.719 3.716 3.802 4.638 4.379 4.286 3.909
0.003 -0.70993 6.00000 0.0996598005 1.1682583094    0.100 -1.032  3.5044  3.437    0  0.000  0.545     0.00     0.00 -1 -7.15e-14      0.00 7.425e-01 2.543e-01 5.700e-04 1.537e-04 1.395e-03 -1.000 3.200e-03 7.349 5.435 4.888 4.641 4.333 4.185 4.157 4.114 3.538 3.541 3.633 4.439 4.189 4.103 3.728
0.003 -0.70993 6.00000 0.1189794093 1.3125517368    0.119 -0.876  3.5142  3.398    0  0.000  0.545     0.00     0.00 -1 -9.78e-14      0.00 7.424e-01 2.543e-01 5.700e-04 1.537e-04 1.395e-03 -1.000 3.226e-03 6.961 5.077 4.500 4.266 3.986 3.849 3.820 3.780 3.214 3.231 3.333 4.086 3.852 3.775 3.404
0.003 -0.70993 6.00000 0.1382990181 1.4292048216    0.138 -0.747  3.5228  3.368    0  0.000  0.545     0.00     0.00 -1 -1.26e-13      0.00 7.424e-01 2.543e-01 5.700e-04 1.537e-04 1.395e-03 -1.000 3.220e-03 6.638 4.783 4.177 3.952 3.698 3.572 3.543 3.505 2.950 2.980 3.090 3.792 3.575 3.507 3.140
0.003 -0.70993 6.00000 0.1438521892 1.4588665962    0.144 -0.718  3.5249  3.365    0  0.000  0.545     0.00     0.00 -1 -1.33e-13      0.00 7.424e-01 2.544e-01 5.700e-04 1.537e-04 1.395e-03 -1.000 3.217e-03 6.564 4.717 4.103 3.881 3.633 3.511 3.482 3.446 2.894 2.925 3.037 3.726 3.514 3.449 3.083
0.003 -0.70993 6.00000 0.1585505009 1.5306818485    0.158 -0.641  3.5303  3.351    0  0.000  0.545     0.00     0.00 -1 -1.54e-13      0.00 7.424e-01 2.544e-01 5.700e-04 1.537e-04 1.395e-03 -1.000 3.230e-03 6.371 4.543 3.910 3.693 3.463 3.350 3.322 3.288 2.743 2.781 2.896 3.553 3.353 3.295 2.933
0.003 -0.70993 6.00000 0.1637043953 1.5538414717    0.164 -0.640  3.5310  3.368    0  0.000  0.545     0.00     0.00 -1 -1.49e-13      0.00 7.424e-01 2.544e-01 5.700e-04 1.537e-04 1.395e-03 -1.000 3.221e-03 6.370 4.543 3.911 3.694 3.464 3.352 3.324 3.291 2.746 2.785 2.899 3.554 3.355 3.298 2.936
0.003 -0.70993 6.00000 0.1686639488 1.5752497911    0.168 -0.630  3.5322  3.375    0  0.000  0.545     0.00     0.00 -1 -1.49e-13      0.00 7.424e-01 2.544e-01 5.700e-04 1.537e-04 1.395e-03 -1.000 3.213e-03 6.344 4.521 3.886 3.670 3.443 3.332 3.304 3.271 2.728 2.768 2.883 3.531 3.335 3.279 2.918
0.003 -0.70993 6.00000 0.1728765368 1.5928009748    0.173 -0.614  3.5335  3.375    0  0.000  0.545     0.00     0.00 -1 -1.53e-13      0.00 7.424e-01 2.544e-01 5.700e-04 1.537e-04 1.395e-03 -1.000 3.202e-03 6.304 4.485 3.846 3.631 3.408 3.299 3.271 3.239 2.698 2.739 2.854 3.496 3.303 3.248 2.888
0.003 -0.70993 6.00000 0.1782462746 1.6143836975    0.178 -0.585  3.5357  3.368    0  0.000  0.545     0.00     0.00 -1 -1.62e-13      0.00 7.424e-01 2.544e-01 5.700e-04 1.537e-04 1.395e-03 -1.000 3.192e-03 6.232 4.420 3.773 3.561 3.344 3.239 3.211 3.180 2.642 2.685 2.801 3.430 3.243 3.190 2.831
0.003 -0.70993 6.00000 0.1868680865 1.6473264694    0.187 -0.533  3.5395  3.351    0  0.000  0.545     0.00     0.00 -1 -1.82e-13      0.00 7.424e-01 2.544e-01 5.700e-04 1.537e-04 1.395e-03 -1.000 3.188e-03 6.101 4.301 3.640 3.432 3.227 3.129 3.101 3.071 2.538 2.585 2.703 3.311 3.132 3.084 2.728
0.003 -0.70993 6.00000 0.1962578595 1.6810272932    0.196 -0.477  3.5435  3.332    0  0.000  0.545     0.00     0.00 -1 -2.07e-13      0.00 7.424e-01 2.544e-01 5.700e-04 1.537e-04 1.395e-03 -1.000 3.215e-03 5.962 4.174 3.497 3.294 3.102 3.012 2.985 2.956 2.428 2.480 2.599 3.184 3.016 2.971 2.618
0.003 -0.70993 6.00000 0.2141497284 1.7397878170    0.214 -0.493  3.5448  3.392    0  0.000  0.545     0.00     0.00 -1 -1.78e-13      0.00 7.424e-01 2.544e-01 5.700e-04 1.537e-04 1.395e-03 -1.000 3.212e-03 6.003 4.219 3.550 3.345 3.150 3.060 3.032 3.004 2.478 2.531 2.651 3.231 3.064 3.020 2.668
0.003 -0.70993 6.00000 0.2572250962 1.8583281040    0.257 -0.389  3.5570  3.417    0  0.000  0.545     0.00     0.00 -1    -2e-13      0.00 7.424e-01 2.544e-01 5.700e-04 1.537e-04 1.395e-03 -1.000 3.178e-03 5.743 4.001 3.298 3.106 2.941 2.874 2.844 2.818 2.311 2.378 2.500 3.010 2.877 2.841 2.500
0.003 -0.70993 6.00000 0.2718398571 1.8928102255    0.271 -0.381  3.5594  3.442    0  0.000  0.545     0.00     0.00 -1 -1.93e-13      0.00 7.424e-01 2.544e-01 5.700e-04 1.537e-04 1.395e-03 -1.000 3.174e-03 5.723 3.988 3.283 3.093 2.931 2.868 2.838 2.811 2.308 2.378 2.501 2.999 2.871 2.836 2.497
0.003 -0.70993 6.00000 0.2862995267 1.9246329069    0.286 -0.378  3.5617  3.470    0  0.000  0.545     0.00     0.00 -1 -1.83e-13      0.00 7.424e-01 2.544e-01 5.700e-04 1.537e-04 1.395e-03 -1.000 3.175e-03 5.714 3.986 3.280 3.092 2.933 2.872 2.842 2.815 2.315 2.388 2.511 2.998 2.876 2.841 2.504
0.003 -0.70993 6.00000 0.3005248308 1.9539638758    0.300 -0.365  3.5646  3.491    0  0.000  0.545     0.00     0.00 -1  -1.8e-13      0.00 7.424e-01 2.544e-01 5.700e-04 1.537e-04 1.395e-03 -1.000 3.171e-03 5.684 3.966 3.255 3.069 2.916 2.860 2.829 2.801 2.306 2.382 2.506 2.978 2.863 2.830 2.495
0.003 -0.70993 6.00000 0.3229410946 1.9966990948    0.322 -0.344  3.5697  3.521    0  0.000  0.545     0.00     0.00 -1 -1.76e-13      0.00 7.424e-01 2.544e-01 5.700e-04 1.537e-04 1.395e-03 -1.000 3.173e-03 5.629 3.928 3.206 3.026 2.883 2.836 2.804 2.775 2.287 2.370 2.493 2.940 2.839 2.807 2.476
0.003 -0.70993 6.00000 0.3474624455 2.0392389297    0.347 -0.321  3.5751  3.552    0  0.000  0.545     0.00     0.00 -1 -1.73e-13      0.00 7.424e-01 2.544e-01 5.700e-04 1.537e-04 1.395e-03 -1.000 3.170e-03 5.572 3.887 3.156 2.983 2.852 2.815 2.782 2.752 2.273 2.361 2.485 2.904 2.818 2.787 2.462
0.003 -0.70993 6.00000 0.3790129125 2.0885591507    0.378 -0.284  3.5829  3.583    0  0.000  0.545     0.00     0.00 -1 -1.73e-13      0.00 7.424e-01 2.544e-01 5.700e-04 1.537e-04 1.395e-03 -1.000 3.170e-03 5.480 3.817 3.074 2.912 2.797 2.773 2.739 2.709 2.240 2.337 2.460 2.841 2.776 2.748 2.429
0.003 -0.70993 6.00000 0.3894539475 2.1037180424    0.389 -0.274  3.5852  3.595    0  0.000  0.545     0.00     0.00 -1 -1.73e-13      0.00 7.424e-01 2.544e-01 5.700e-04 1.537e-04 1.395e-03 -1.000 3.170e-03 5.456 3.799 3.055 2.895 2.784 2.763 2.730 2.698 2.233 2.332 2.455 2.826 2.766 2.739 2.422
0.003 -0.70993 6.00000 0.4341885149 2.1631503105    0.433 -0.213  3.5971  3.628    0  0.000  0.545     0.00     0.00 -1 -1.81e-13      0.00 7.424e-01 2.544e-01 5.700e-04 1.537e-04 1.395e-03 -1.000 3.170e-03 5.301 3.675 2.929 2.783 2.691 2.686 2.653 2.618 2.169 2.278 2.401 2.722 2.689 2.665 2.358
0.003 -0.70993 6.00000 0.4377529919 2.1675412655    0.437 -0.208  3.5980  3.631    0  0.000  0.545     0.00     0.00 -1 -1.82e-13      0.00 7.424e-01 2.544e-01 5.700e-04 1.537e-04 1.395e-03 -1.000 3.170e-03 5.290 3.665 2.920 2.774 2.684 2.681 2.647 2.612 2.164 2.274 2.397 2.714 2.684 2.660 2.353
0.003 -0.70993 6.00000 0.4860519767 2.2228093147    0.485 -0.140  3.6107  3.659    0  0.000  0.545     0.00     0.00 -1 -1.96e-13      0.00 7.424e-01 2.544e-01 5.700e-04 1.537e-04 1.395e-03 -1.000 3.170e-03 5.119 3.520 2.792 2.658 2.581 2.591 2.559 2.523 2.092 2.206 2.340 2.603 2.594 2.576 2.281
0.003 -0.70993 6.00000 0.5081716776 2.2457225323    0.507 -0.109  3.6160  3.669    0  0.000  0.545     0.00     0.00 -1 -2.03e-13      0.00 7.424e-01 2.544e-01 5.700e-04 1.537e-04 1.395e-03 -1.000 3.170e-03 5.043 3.456 2.737 2.607 2.535 2.549 2.519 2.483 2.057 2.174 2.310 2.555 2.553 2.538 2.246
0.003 -0.70993 6.00000 0.5320488214 2.2682173252    0.531 -0.077  3.6218  3.680    0  0.000  0.545     0.00     0.00 -1 -2.11e-13      0.00 7.424e-01 2.544e-01 5.700e-04 1.537e-04 1.395e-03 -1.000 3.170e-03 4.963 3.389 2.680 2.555 2.489 2.507 2.478 2.442 2.020 2.141 2.277 2.506 2.510 2.499 2.209
0.003 -0.70993 6.00000 0.5343510509 2.2702643871    0.534 -0.074  3.6224  3.681    0  0.000  0.545     0.00     0.00 -1 -2.12e-13      0.00 7.424e-01 2.544e-01 5.700e-04 1.537e-04 1.395e-03 -1.000 3.170e-03 4.956 3.382 2.674 2.551 2.484 2.503 2.473 2.438 2.017 2.137 2.274 2.501 2.506 2.495 2.206
0.003 -0.70993 6.00000 0.5430391431 2.2778100967    0.542 -0.063  3.6243  3.684    0  0.000  0.545     0.00     0.00 -1 -2.15e-13      0.00 7.424e-01 2.544e-01 5.700e-04 1.537e-04 1.395e-03 -1.000 3.170e-03 4.927 3.359 2.654 2.532 2.467 2.486 2.458 2.422 2.002 2.124 2.259 2.483 2.490 2.480 2.191
0.003 -0.70993 6.00000 0.5595737696 2.2914290428    0.559 -0.041  3.6282  3.691    0  0.000  0.545     0.00     0.00 -1 -2.21e-13      0.00 7.424e-01 2.544e-01 5.700e-04 1.537e-04 1.395e-03 -1.000 3.170e-03 4.871 3.311 2.614 2.495 2.433 2.455 2.427 2.392 1.973 2.098 2.230 2.447 2.458 2.451 2.162
0.003 -0.70993 6.00000 0.5771850348 2.3049523830    0.576 -0.018  3.6326  3.699    0  0.000  0.545     0.00     0.00 -1 -2.27e-13      0.00 7.424e-01 2.544e-01 5.700e-04 1.537e-04 1.395e-03 -1.000 3.170e-03 4.814 3.265 2.577 2.461 2.402 2.426 2.399 2.364 1.947 2.075 2.204 2.414 2.429 2.424 2.136
0.003 -0.70993 6.00000 0.5826500058 2.3089582920    0.582 -0.011  3.6340  3.702    0  0.000  0.545     0.00     0.00 -1 -2.29e-13      0.00 7.424e-01 2.544e-01 5.700e-04 1.537e-04 1.395e-03 -1.000 3.170e-03 4.798 3.252 2.566 2.452 2.394 2.418 2.392 2.357 1.940 2.069 2.197 2.405 2.421 2.417 2.129
0.003 -0.70993 6.00000 0.5867170095 2.3118836880    0.586 -0.007  3.6347  3.703    0  0.000  0.545     0.00     0.00 -1  -2.3e-13      0.00 7.424e-01 2.544e-01 5.700e-04 1.537e-04 1.395e-03 -1.000 3.170e-03 4.787 3.243 2.559 2.445 2.387 2.412 2.386 2.351 1.934 2.063 2.191 2.399 2.415 2.411 2.123
0.003 -0.70993 6.00000 0.6032919884 2.3233387470    0.603  0.013  3.6379  3.708    0  0.000  0.545     0.00     0.00 -1 -2.36e-13      0.00 7.424e-01 2.544e-01 5.700e-04 1.537e-04 1.395e-03 -1.000 3.170e-03 4.737 3.200 2.523 2.412 2.357 2.382 2.357 2.322 1.907 2.037 2.164 2.367 2.385 2.383 2.096
0.003 -0.70993 6.00000 0.6205840111 2.3345422745    0.620  0.035  3.6417  3.714    0  0.000  0.545     0.00     0.00 -1 -2.43e-13      0.00 7.424e-01 2.544e-01 5.700e-04 1.537e-04 1.395e-03 -1.000 3.170e-03 4.683 3.157 2.491 2.382 2.329 2.355 2.331 2.296 1.882 2.014 2.142 2.338 2.359 2.357 2.071
0.003 -0.70993 6.00000 0.6309490204 2.3409202099    0.630  0.048  3.6442  3.718    0  0.000  0.545     0.00     0.00 -1 -2.47e-13      0.00 7.424e-01 2.544e-01 5.700e-04 1.537e-04 1.395e-03 -1.000 3.170e-03 4.650 3.131 2.473 2.367 2.314 2.341 2.317 2.282 1.868 2.001 2.132 2.323 2.344 2.343 2.057
0.003 -0.70993 6.00000 0.6389673948 2.3456914425    0.638  0.057  3.6456  3.721    0  0.000  0.545     0.00     0.00 -1  -2.5e-13      0.00 7.424e-01 2.544e-01 5.700e-04 1.537e-04 1.395e-03 -1.000 3.170e-03 4.629 3.114 2.461 2.355 2.303 2.330 2.306 2.271 1.857 1.991 2.123 2.311 2.333 2.331 2.046
0.003 -0.70993 6.00000 0.6654424071 2.3605101109    0.665  0.087  3.6504  3.728    0  0.000  0.545     0.00     0.00 -1  -2.6e-13      0.00 7.424e-01 2.544e-01 5.700e-04 1.537e-04 1.395e-03 -1.000 3.170e-03 4.553 3.052 2.416 2.313 2.263 2.290 2.266 2.231 1.819 1.954 2.092 2.270 2.293 2.292 2.008
0.003 -0.70993 6.00000 0.6792480946 2.3677127361    0.679  0.102  3.6530  3.732    0  0.000  0.545     0.00     0.00 -1 -2.66e-13      0.00 7.424e-01 2.544e-01 5.700e-04 1.537e-04 1.395e-03 -1.000 3.170e-03 4.515 3.022 2.395 2.294 2.244 2.271 2.247 2.212 1.800 1.936 2.076 2.251 2.274 2.273 1.989
0.003 -0.70993 6.00000 0.7282599211 2.3907656670    0.728  0.165  3.6652  3.747    0  0.000  0.541     0.00     0.00 -1 -2.92e-13      0.00 7.424e-01 2.544e-01 5.645e-04 1.536e-04 1.395e-03 -1.000 3.170e-03 4.357 2.900 2.312 2.219 2.171 2.196 2.175 2.143 1.730 1.868 2.008 2.176 2.199 2.204 1.919
0.003 -0.70993 6.00000 0.7568528056 2.4026401043    0.756  0.191  3.6696  3.756    0  0.000  0.539     0.00     0.00 -1 -3.02e-13      0.00 7.424e-01 2.544e-01 5.634e-04 1.536e-04 1.395e-03 -1.000 3.170e-03 4.291 2.847 2.271 2.181 2.134 2.160 2.140 2.110 1.696 1.834 1.968 2.139 2.162 2.170 1.885
0.003 -0.70993 6.00000 0.7772717476 2.4105079174    0.777  0.212  3.6730  3.761    0  0.000  0.538     0.00     0.00 -1  -3.1e-13      0.00 7.424e-01 2.544e-01 5.627e-04 1.536e-04 1.395e-03 -1.000 3.170e-03 4.241 2.807 2.242 2.153 2.107 2.132 2.114 2.084 1.670 1.808 1.940 2.112 2.135 2.145 1.859
0.003 -0.70993 6.00000 0.7896671891 2.4150564671    0.789  0.222  3.6744  3.762    0  0.000  0.538     0.00     0.00 -1 -3.14e-13      0.00 7.424e-01 2.544e-01 5.626e-04 1.536e-04 1.395e-03 -1.000 3.170e-03 4.215 2.786 2.224 2.136 2.091 2.115 2.097 2.068 1.654 1.792 1.924 2.095 2.118 2.129 1.843
0.003 -0.70993 6.00000 0.8227246404 2.4264202118    0.822  0.252  3.6782  3.765    0  0.000  0.538     0.00     0.00 -1 -3.29e-13      0.00 7.424e-01 2.544e-01 5.625e-04 1.536e-04 1.395e-03 -1.000 3.170e-03 4.140 2.723 2.173 2.087 2.042 2.066 2.049 2.021 1.607 1.745 1.875 2.047 2.069 2.081 1.796
0.003 -0.70993 6.00000 0.8262835741 2.4275813103    0.825  0.255  3.6786  3.766    0  0.000  0.538     0.00     0.00 -1  -3.3e-13      0.00 7.424e-01 2.544e-01 5.625e-04 1.536e-04 1.395e-03 -1.000 3.170e-03 4.132 2.717 2.168 2.083 2.038 2.062 2.045 2.017 1.603 1.741 1.871 2.042 2.065 2.077 1.792
0.003 -0.70993 6.00000 0.8354163766 2.4305090904    0.835  0.262  3.6795  3.768    0  0.000  0.538     0.00     0.00 -1 -3.33e-13      0.00 7.424e-01 2.544e-01 5.625e-04 1.536e-04 1.395e-03 -1.000 3.170e-03 4.115 2.703 2.157 2.071 2.027 2.051 2.034 2.006 1.592 1.730 1.860 2.031 2.053 2.067 1.781
0.003 -0.70993 6.00000 0.8752954006 2.4424748421    0.874  0.295  3.6835  3.771    0  0.000  0.538     0.00     0.00 -1 -3.49e-13      0.00 7.424e-01 2.544e-01 5.625e-04 1.536e-04 1.395e-03 -1.000 3.170e-03 4.033 2.635 2.105 2.021 1.977 2.000 1.983 1.955 1.541 1.681 1.819 1.981 2.002 2.015 1.730
0.003 -0.70993 6.00000 0.9016170502 2.4497091770    0.900  0.314  3.6859  3.774    0  0.000  0.538     0.00     0.00 -1 -3.59e-13      0.00 7.424e-01 2.544e-01 5.625e-04 1.536e-04 1.395e-03 -1.000 3.170e-03 3.984 2.594 2.074 1.992 1.947 1.969 1.952 1.924 1.510 1.652 1.795 1.951 1.972 1.984 1.699
0.003 -0.70993 6.00000 0.9243072271 2.4555666447    0.923  0.332  3.6881  3.775    0  0.000  0.538     0.00     0.00 -1 -3.69e-13      0.00 7.424e-01 2.544e-01 5.625e-04 1.536e-04 1.395e-03 -1.000 3.170e-03 3.939 2.557 2.045 1.964 1.919 1.941 1.923 1.895 1.481 1.625 1.773 1.923 1.943 1.955 1.670
0.003 -0.70993 6.00000 0.9446102977 2.4605345726    0.944  0.346  3.6898  3.777    0  0.000  0.538     0.00     0.00 -1 -3.76e-13      0.00 7.424e-01 2.544e-01 5.625e-04 1.536e-04 1.395e-03 -1.000 3.170e-03 3.904 2.529 2.023 1.943 1.897 1.920 1.902 1.873 1.459 1.605 1.756 1.902 1.922 1.933 1.648
0.003 -0.70993 6.00000 0.9733190536 2.4671540260    0.973  0.368  3.6922  3.778    0  0.000  0.538     0.00     0.00 -1 -3.89e-13      0.00 7.424e-01 2.544e-01 5.625e-04 1.536e-04 1.395e-03 -1.000 3.170e-03 3.849 2.483 1.984 1.905 1.861 1.882 1.865 1.836 1.423 1.569 1.721 1.865 1.885 1.897 1.612
0.003 -0.70993 6.00000 1.0118466616 2.4753620625    1.011  0.394  3.6953  3.782    0  0.000  0.538     0.00     0.00 -1 -3.89e-13      0.00 7.424e-01 2.544e-01 5.625e-04 1.536e-04 1.395e-03 -1.000 3.170e-03 3.785 2.429 1.940 1.863 1.819 1.840 1.823 1.795 1.382 1.528 1.681 1.823 1.842 1.855 1.570
0.003 -0.70993 6.00000 1.0223307610 2.4774727821    1.021  0.401  3.6961  3.783    0  0.000  0.538     0.00     0.00 -1 -3.89e-13      0.00 7.424e-01 2.544e-01 5.625e-04 1.536e-04 1.395e-03 -1.000 3.170e-03 3.768 2.415 1.929 1.852 1.808 1.829 1.812 1.784 1.371 1.517 1.670 1.812 1.831 1.845 1.560
0.003 -0.70993 6.00000 1.0232931376 2.4776642323    1.022  0.401  3.6962  3.783    0  0.000  0.538     0.00     0.00 -1 -3.89e-13      0.00 7.424e-01 2.544e-01 5.625e-04 1.536e-04 1.395e-03 -1.000 3.170e-03 3.767 2.414 1.928 1.851 1.807 1.828 1.811 1.783 1.370 1.516 1.669 1.811 1.830 1.844 1.559
0.003 -0.70993 6.00000 1.0713428259 2.4867136478    1.070  0.435  3.6997  3.784    0  0.000  0.538     0.00     0.00 -1 -3.85e-13      0.00 7.424e-01 2.544e-01 5.625e-04 1.536e-04 1.395e-03 -1.000 3.170e-03 3.684 2.344 1.868 1.792 1.749 1.770 1.753 1.727 1.313 1.460 1.614 1.753 1.772 1.787 1.502
0.003 -0.70993 6.00000 1.0955963135 2.4909365177    1.094  0.450  3.7014  3.785    0  0.000  0.538     0.00     0.00 -1 -3.78e-13      0.00 7.424e-01 2.544e-01 5.625e-04 1.536e-04 1.395e-03 -1.000 3.170e-03 3.646 2.312 1.841 1.766 1.723 1.743 1.727 1.701 1.287 1.435 1.588 1.727 1.746 1.761 1.476
0.003 -0.70993 6.00000 1.1203544140 2.4950308800    1.119  0.466  3.7031  3.785    0  0.000  0.538     0.00     0.00 -1 -3.72e-13      0.00 7.424e-01 2.544e-01 5.625e-04 1.536e-04 1.395e-03 -1.000 3.170e-03 3.606 2.279 1.812 1.739 1.696 1.716 1.700 1.674 1.260 1.408 1.561 1.700 1.718 1.734 1.449
0.003 -0.70993 6.00000 1.1361716986 2.4975395203    1.135  0.475  3.7041  3.787    0  0.000  0.538     0.00     0.00 -1 -3.65e-13      0.00 7.424e-01 2.544e-01 5.625e-04 1.536e-04 1.395e-03 -1.000 3.170e-03 3.583 2.260 1.797 1.723 1.681 1.700 1.684 1.659 1.245 1.393 1.547 1.685 1.703 1.719 1.434
0.003 -0.70993 6.00000 1.1693663597 2.5025515556    1.168  0.496  3.7063  3.786    0  0.000  0.538     0.00     0.00 -1 -3.57e-13      0.00 7.424e-01 2.544e-01 5.625e-04 1.536e-04 1.395e-03 -1.000 3.170e-03 3.530 2.215 1.758 1.686 1.643 1.662 1.647 1.622 1.208 1.356 1.510 1.647 1.665 1.682 1.397
0.003 -0.70993 6.00000 1.2087715864 2.5080921650    1.208  0.519  3.7087  3.788    0  0.000  0.538     0.00     0.00 -1 -3.41e-13      0.00 7.424e-01 2.544e-01 5.625e-04 1.536e-04 1.395e-03 -1.000 3.170e-03 3.473 2.167 1.718 1.646 1.604 1.623 1.607 1.583 1.169 1.317 1.471 1.608 1.625 1.643 1.358
0.003 -0.70993 6.00000 1.2183780670 2.5093805790    1.217  0.525  3.7093  3.788    0  0.000  0.538     0.00     0.00 -1 -3.38e-13      0.00 7.424e-01 2.544e-01 5.625e-04 1.536e-04 1.395e-03 -1.000 3.170e-03 3.458 2.155 1.707 1.636 1.594 1.612 1.597 1.573 1.159 1.307 1.461 1.598 1.614 1.633 1.348
0.003 -0.70993 6.00000 1.2673897743 2.5156056881    1.267  0.553  3.7121  3.788    0  0.000  0.538     0.00     0.00 -1 -3.17e-13      0.00 7.424e-01 2.544e-01 5.625e-04 1.536e-04 1.395e-03 -1.000 3.170e-03 3.388 2.095 1.655 1.585 1.544 1.562 1.547 1.523 1.110 1.257 1.411 1.548 1.564 1.583 1.299
0.003 -0.70993 6.00000 1.2777848244 2.5168557167    1.277  0.558  3.7127  3.789    0  0.000  0.538     0.00     0.00 -1 -3.11e-13      0.00 7.424e-01 2.544e-01 5.625e-04 1.536e-04 1.395e-03 -1.000 3.170e-03 3.374 2.084 1.646 1.576 1.535 1.552 1.537 1.514 1.100 1.248 1.401 1.539 1.554 1.574 1.289
0.003 -0.70993 6.00000 1.3164018393 2.5213010311    1.316  0.581  3.7148  3.787    0  0.000  0.538     0.00     0.00 -1 -2.95e-13      0.00 7.424e-01 2.544e-01 5.625e-04 1.536e-04 1.395e-03 -1.000 3.170e-03 3.316 2.034 1.602 1.533 1.492 1.509 1.495 1.472 1.058 1.205 1.358 1.496 1.511 1.532 1.247
0.003 -0.70993 6.00000 1.3654136658 2.5265283585    1.365  0.609  3.7174  3.786    0  0.000  0.538     0.00     0.00 -1 -2.68e-13      0.00 7.424e-01 2.544e-01 5.625e-04 1.536e-04 1.395e-03 -1.000 3.170e-03 3.249 1.977 1.551 1.483 1.443 1.460 1.446 1.423 1.010 1.156 1.309 1.447 1.462 1.484 1.199
0.003 -0.70993 6.00000 1.4144253731 2.5313415527    1.414  0.635  3.7199  3.785    0  0.000  0.538     0.00     0.00 -1 -2.39e-13      0.00 7.424e-01 2.544e-01 5.625e-04 1.536e-04 1.395e-03 -1.000 3.170e-03 3.182 1.920 1.501 1.434 1.395 1.411 1.397 1.375 0.962 1.107 1.260 1.398 1.413 1.436 1.151
0.003 -0.70993 6.00000 1.4374207258 2.5334701538    1.437  0.647  3.7210  3.785    0  0.000  0.538     0.00     0.00 -1 -2.22e-13      0.00 7.424e-01 2.544e-01 5.625e-04 1.536e-04 1.395e-03 -1.000 3.170e-03 3.153 1.895 1.479 1.413 1.374 1.390 1.376 1.354 0.941 1.086 1.238 1.377 1.391 1.415 1.130
0.003 -0.70993 6.00000 1.4634373188 2.5357859135    1.463  0.660  3.7223  3.784    0  0.000  0.538     0.00     0.00 -1 -2.05e-13      0.00 7.424e-01 2.544e-01 5.625e-04 1.536e-04 1.395e-03 -1.000 3.170e-03 3.119 1.867 1.454 1.388 1.349 1.365 1.351 1.330 0.917 1.062 1.213 1.353 1.367 1.391 1.106
0.003 -0.70993 6.00000 1.5124490261 2.5399005413    1.512  0.688  3.7246  3.779    0  0.000  0.538     0.00     0.00 -1  -1.7e-13      0.00 7.424e-01 2.544e-01 5.625e-04 1.536e-04 1.395e-03 -1.000 3.170e-03 3.049 1.805 1.399 1.334 1.296 1.311 1.298 1.277 0.864 1.008 1.159 1.299 1.313 1.338 1.052
0.003 -0.70993 6.00000 1.5338011980 2.5415987968    1.533  0.698  3.7256  3.780    0  0.000  0.538     0.00     0.00 -1 -1.49e-13      0.00 7.424e-01 2.544e-01 5.625e-04 1.536e-04 1.395e-03 -1.000 3.170e-03 3.025 1.785 1.381 1.317 1.279 1.294 1.281 1.261 0.847 0.991 1.142 1.282 1.296 1.321 1.036
0.003 -0.70993 6.00000 1.5614608526 2.5437195301    1.561  0.713  3.7268  3.778    0  0.000  0.538     0.00     0.00 -1 -1.27e-13      0.00 7.424e-01 2.544e-01 5.625e-04 1.536e-04 1.395e-03 -1.000 3.170e-03 2.988 1.754 1.353 1.289 1.252 1.266 1.254 1.234 0.820 0.964 1.114 1.255 1.268 1.294 1.009
0.003 -0.70993 6.00000 1.6104726791 2.5472724438    1.609  0.740  3.7290  3.773    0  0.000  0.538     0.00     0.00 -1 -7.93e-14      0.00 7.424e-01 2.544e-01 5.625e-04 1.536e-04 1.395e-03 -1.000 3.170e-03 2.921 1.695 1.300 1.237 1.200 1.214 1.202 1.182 0.769 0.912 1.062 1.203 1.216 1.243 0.958
0.003 -0.70993 6.00000 1.6594843864 2.5505850315    1.658  0.762  3.7311  3.772    0  0.000  0.538     0.00     0.00 -1 -5.49e-24      0.00 7.424e-01 2.544e-01 5.625e-04 1.536e-04 1.395e-03 -1.000 3.170e-03 2.864 1.647 1.257 1.195 1.159 1.173 1.160 1.142 0.728 0.871 1.020 1.162 1.174 1.202 0.917
0.003 -0.70993 6.00000 1.6698355675 2.5512561798    1.668  0.767  3.7316  3.771    0  0.000  0.538     0.00     0.00 -1 -1.99e-25      0.00 7.424e-01 2.544e-01 5.625e-04 1.536e-04 1.395e-03 -1.000 3.170e-03 2.852 1.637 1.248 1.186 1.150 1.164 1.151 1.133 0.719 0.862 1.011 1.153 1.165 1.193 0.908
0.003 -0.70993 6.00000 1.7084963322 2.5536799431    1.707  0.791  3.7333  3.764    0  0.000  0.538     0.00     0.00 -1    -1e-30      0.00 7.424e-01 2.544e-01 5.625e-04 1.536e-04 1.395e-03 -1.000 3.170e-03 2.792 1.584 1.199 1.138 1.103 1.116 1.104 1.086 0.672 0.814 0.964 1.106 1.117 1.146 0.861
0.003 -0.70993 6.00000 1.7567906380 2.5565364361    1.755  0.815  3.7353  3.761    0  0.000  0.538     0.00     0.00 -1    -1e-30      0.00 7.424e-01 2.544e-01 5.625e-04 1.536e-04 1.395e-03 -1.000 3.170e-03 2.733 1.534 1.154 1.094 1.058 1.071 1.059 1.042 0.628 0.770 0.919 1.062 1.073 1.102 0.817
0.003 -0.70993 6.00000 1.7788314819 2.5577807426    1.777  0.826  3.7362  3.758    0  0.000  0.538     0.00     0.00 -1    -1e-30      0.00 7.424e-01 2.544e-01 5.625e-04 1.536e-04 1.395e-03 -1.000 3.170e-03 2.704 1.508 1.131 1.071 1.036 1.049 1.037 1.020 0.605 0.747 0.897 1.039 1.050 1.080 0.794
0.003 -0.70993 6.00000 1.8050849438 2.5592174530    1.803  0.841  3.7373  3.754    0  0.000  0.538     0.00     0.00 -1    -1e-30      0.00 7.424e-01 2.544e-01 5.625e-04 1.536e-04 1.395e-03 -1.000 3.170e-03 2.667 1.476 1.101 1.042 1.008 1.020 1.008 0.991 0.577 0.719 0.868 1.011 1.021 1.052 0.766
0.003 -0.70993 6.00000 1.8404123783 2.5610766411    1.838  0.861  3.7388  3.749    0  0.000  0.538     0.00     0.00 -1    -1e-30      0.00 7.424e-01 2.544e-01 5.625e-04 1.536e-04 1.395e-03 -1.000 3.170e-03 2.618 1.433 1.061 1.003 0.969 0.981 0.969 0.953 0.538 0.680 0.829 0.972 0.982 1.013 0.727
0.003 -0.70993 6.00000 1.8533792496 2.5617387295    1.852  0.869  3.7393  3.746    0  0.000  0.538     0.00     0.00 -1    -1e-30      0.00 7.424e-01 2.544e-01 5.625e-04 1.536e-04 1.395e-03 -1.000 3.170e-03 2.598 1.415 1.045 0.987 0.953 0.965 0.953 0.937 0.523 0.664 0.813 0.956 0.966 0.997 0.711
0.003 -0.70993 6.00000 1.9016737938 2.5641131401    1.900  0.895  3.7413  3.739    0  0.000  0.538     0.00     0.00 -1    -1e-30      0.00 7.424e-01 2.544e-01 5.625e-04 1.536e-04 1.395e-03 -1.000 3.170e-03 2.533 1.359 0.993 0.936 0.903 0.914 0.903 0.887 0.471 0.615 0.762 0.906 0.915 0.941 0.660
0.003 -0.70993 6.00000 1.9499680996 2.5663528442    1.949  0.921  3.7433  3.732    0  0.000  0.538     0.00     0.00 -1    -1e-30      0.00 7.424e-01 2.544e-01 5.625e-04 1.536e-04 1.395e-03 -1.000 3.170e-03 2.467 1.301 0.940 0.884 0.851 0.862 0.851 0.836 0.418 0.566 0.711 0.854 0.863 0.877 0.606
0.003 -0.70993 6.00000 1.9982624054 2.5684685707    1.997  0.950  3.7453  3.721    0  0.000  0.538     0.00     0.00 -1    -1e-30      0.00 7.424e-01 2.544e-01 5.625e-04 1.536e-04 1.395e-03 -1.000 3.170e-03 2.395 1.237 0.880 0.825 0.793 0.804 0.793 0.778 0.357 0.510 0.653 0.796 0.805 0.806 0.546
0.003 -0.70993 6.00000 2.0465567112 2.5704698563    2.045  0.975  3.7472  3.714    0  0.000  0.538     0.00     0.00 -1    -1e-30      0.00 7.424e-01 2.544e-01 5.625e-04 1.536e-04 1.395e-03 -1.000 3.170e-03 2.332 1.182 0.830 0.776 0.745 0.755 0.744 0.730 0.307 0.464 0.604 0.748 0.756 0.746 0.495
0.003 -0.70993 6.00000 2.0948514938 2.5723655224    2.093  1.001  3.7492  3.706    0  0.000  0.538     0.00     0.00 -1    -1e-30      0.00 7.424e-01 2.544e-01 5.625e-04 1.536e-04 1.395e-03 -1.000 3.170e-03 2.267 1.125 0.777 0.724 0.694 0.703 0.693 0.679 0.253 0.416 0.553 0.697 0.704 0.682 0.442
0.003 -0.70993 6.00000 2.1196658611 2.5733008385    2.118  1.014  3.7502  3.703    0  0.000  0.538     0.00     0.00 -1    -1e-30      0.00 7.424e-01 2.544e-01 5.625e-04 1.536e-04 1.395e-03 -1.000 3.170e-03 2.235 1.098 0.752 0.699 0.670 0.679 0.669 0.655 0.228 0.393 0.529 0.673 0.680 0.652 0.416
0.003 -0.70993 6.00000 2.1431455612 2.5741629601    2.141  1.033  3.7513  3.693    0  0.000  0.538     0.00     0.00 -1    -1e-30      0.00 7.424e-01 2.544e-01 5.625e-04 1.536e-04 1.395e-03 -1.000 3.170e-03 2.188 1.056 0.712 0.660 0.631 0.640 0.630 0.617 0.188 0.355 0.490 0.634 0.641 0.606 0.376
0.003 -0.70993 6.00000 2.1914398670 2.5758697987    2.189  1.068  3.7536  3.676    0  0.000  0.538     0.00     0.00 -1    -1e-30      0.00 7.424e-01 2.544e-01 5.625e-04 1.536e-04 1.395e-03 -1.000 3.170e-03 2.099 0.976 0.637 0.586 0.559 0.566 0.557 0.544 0.113 0.285 0.416 0.561 0.567 0.519 0.300
0.003 -0.70993 6.00000 2.2361505032 2.5773746967    2.233  1.101  3.7557  3.660    0  0.000  0.538     0.00     0.00 -1    -1e-30      0.00 7.424e-01 2.544e-01 5.625e-04 1.536e-04 1.395e-03 -1.000 3.170e-03 2.017 0.903 0.569 0.519 0.492 0.499 0.490 0.478 0.043 0.220 0.349 0.494 0.500 0.439 0.231
0.003 -0.70993 6.00000 2.2397341728 2.5774922371    2.237  1.104  3.7558  3.659    0  0.000  0.538     0.00     0.00 -1    -1e-30      0.00 7.424e-01 2.544e-01 5.625e-04 1.536e-04 1.395e-03 -1.000 3.170e-03 2.010 0.896 0.562 0.513 0.486 0.493 0.484 0.472 0.037 0.215 0.343 0.488 0.494 0.432 0.225
0.003 -0.70993 6.00000 2.2880284786 2.5790362358    2.286  1.144  3.7583  3.638    0  0.000  0.538     0.00     0.00 -1    -1e-30      0.00 7.424e-01 2.544e-01 5.625e-04 1.536e-04 1.395e-03 -1.000 3.170e-03 1.909 0.806 0.478 0.429 0.403 0.409 0.401 0.390 -0.048 0.135 0.260 0.406 0.410 0.334 0.139
0.003 -0.70993 6.00000 2.3291623592 2.5802934170    2.327  1.179  3.7604  3.620    0  0.000  0.538     0.00     0.00 -1    -1e-30      0.00 7.424e-01 2.544e-01 5.625e-04 1.536e-04 1.395e-03 -1.000 3.170e-03 1.823 0.730 0.405 0.358 0.333 0.338 0.330 0.319 -0.121 0.067 0.188 0.335 0.339 0.250 0.066
0.003 -0.70993 6.00000 2.3363230228 2.5805070400    2.334  1.186  3.7608  3.615    0  0.000  0.538     0.00     0.00 -1    -1e-30      0.00 7.424e-01 2.544e-01 5.625e-04 1.536e-04 1.395e-03 -1.000 3.170e-03 1.805 0.713 0.390 0.343 0.318 0.323 0.315 0.304 -0.137 0.052 0.173 0.320 0.324 0.232 0.050
0.003 -0.70993 6.00000 2.3867163658 2.5819687843    2.384  1.241  3.7642  3.583    0  0.000  0.538     0.00     0.00 -1    -1e-30      0.00 7.424e-01 2.544e-01 5.625e-04 1.536e-04 1.395e-03 -1.000 3.170e-03 1.668 0.592 0.275 0.230 0.207 0.210 0.203 0.193 -0.253 -0.056 0.061 0.209 0.211 0.098 -0.066
0.003 -0.70993 6.00000 2.4440758228 2.5835487843    2.442  1.320  3.7689  3.533    0  0.000  0.538     0.00     0.00 -1    -1e-30      0.00 7.424e-01 2.544e-01 5.625e-04 1.536e-04 1.395e-03 -1.000 3.170e-03 1.470 0.415 0.109 0.066 0.044 0.046 0.039 0.030 -0.422 -0.214 -0.104 0.046 0.047 -0.096 -0.236
0.003 -0.70993 6.00000 2.4880301952 2.5847029686    2.486  1.389  3.7732  3.489    0  0.000  0.538     0.00     0.00 -1    -1e-30      0.00 7.424e-01 2.544e-01 5.625e-04 1.536e-04 1.395e-03 -1.000 3.170e-03 1.297 0.262 -0.035 -0.076 -0.096 -0.095 -0.101 -0.109 -0.567 -0.348 -0.244 -0.094 -0.094 -0.263 -0.381
0.003 -0.70993 6.00000 2.5290789604 2.5857393742    2.527  1.454  3.7776  3.449    0  0.000  0.538     0.00     0.00 -1    -1e-30      0.00 7.424e-01 2.544e-01 5.626e-04 1.536e-04 1.395e-03 -1.000 3.170e-03 1.136 0.121 -0.166 -0.206 -0.224 -0.224 -0.229 -0.237 -0.700 -0.471 -0.372 -0.222 -0.224 -0.419 -0.515
0.003 -0.70993 6.00000 2.5295004845 2.5857498646    2.527  1.454  3.7777  3.449    0  0.000  0.538     0.00     0.00 -1    -1e-30      0.00 7.424e-01 2.544e-01 5.626e-04 1.536e-04 1.395e-03 -1.000 3.170e-03 1.134 0.119 -0.167 -0.207 -0.225 -0.225 -0.231 -0.238 -0.702 -0.472 -0.373 -0.223 -0.225 -0.421 -0.516
0.003 -0.70993 6.00000 2.5505380630 2.5862658024    2.548  1.485  3.7798  3.431    0  0.000  0.538     0.00     0.00 -1    -1e-30      0.00 7.424e-01 2.544e-01 5.626e-04 1.536e-04 1.395e-03 -1.000 3.170e-03 1.057 0.053 -0.229 -0.268 -0.285 -0.286 -0.291 -0.298 -0.764 -0.529 -0.434 -0.283 -0.286 -0.495 -0.579
0.003 -0.70993 6.00000 2.6024782658 2.5874989033    2.600  1.556  3.7860  3.393    0  0.000  0.538     0.00     0.00 -1    -1e-30      0.00 7.424e-01 2.544e-01 5.626e-04 1.536e-04 1.395e-03 -1.000 3.170e-03 0.880 -0.096 -0.363 -0.400 -0.417 -0.420 -0.424 -0.430 -0.904 -0.653 -0.566 -0.415 -0.419 -0.667 -0.719
0.003 -0.70993 6.00000 2.6564295292 2.5887212753    2.655  1.626  3.7939  3.364    0  0.000  0.538     0.00     0.00 -1    -1e-30      0.00 7.424e-01 2.544e-01 5.626e-04 1.536e-04 1.395e-03 -1.000 3.170e-03 0.705 -0.235 -0.484 -0.518 -0.534 -0.538 -0.541 -0.547 -1.030 -0.760 -0.683 -0.532 -0.538 -0.835 -0.846
0.003 -0.70993 6.00000 2.7107267380 2.5898952484    2.709  1.695  3.8052  3.349    0  0.000  0.538     0.00     0.00 -1    -1e-30      0.00 7.424e-01 2.544e-01 5.626e-04 1.536e-04 1.395e-03 -1.000 3.170e-03 0.532 -0.354 -0.578 -0.609 -0.623 -0.628 -0.630 -0.635 -1.133 -0.834 -0.773 -0.621 -0.628 -0.997 -0.950
0.003 -0.70993 6.00000 2.7226777077 2.5901463032    2.721  1.710  3.8083  3.347    0  0.000  0.538     0.00     0.00 -1    -1e-30      0.00 7.424e-01 2.544e-01 5.626e-04 1.536e-04 1.395e-03 -1.000 3.170e-03 0.494 -0.377 -0.595 -0.624 -0.638 -0.643 -0.646 -0.651 -1.152 -0.846 -0.788 -0.636 -0.643 -1.032 -0.969
0.003 -0.70993 6.00000 2.7302920818 2.5903050900    2.729  1.720  3.8103  3.347    0  0.000  0.538     0.00     0.00 -1    -1e-30      0.00 7.424e-01 2.544e-01 5.626e-04 1.536e-04 1.395e-03 -1.000 3.170e-03 0.470 -0.391 -0.605 -0.634 -0.647 -0.652 -0.655 -0.660 -1.163 -0.852 -0.798 -0.645 -0.652 -1.054 -0.981
0.003 -0.70993 6.00000 2.7598206997 2.5909109116    2.758  1.758  3.8204  3.355    0  0.000  0.538     0.00     0.00 -1    -1e-30      0.00 7.424e-01 2.544e-01 5.626e-04 1.536e-04 1.395e-03 -1.000 3.170e-03 0.375 -0.435 -0.626 -0.654 -0.666 -0.671 -0.673 -0.678 -1.184 -0.866 -0.814 -0.664 -0.671 -1.089 -1.001
0.003 -0.70993 6.00000 2.7844760418 2.5914056301    2.783  1.789  3.8305  3.367    0  0.000  0.538     0.00     0.00 -1    -1e-30      0.00 7.424e-01 2.544e-01 5.626e-04 1.536e-04 1.395e-03 -1.000 3.170e-03 0.297 -0.463 -0.632 -0.658 -0.669 -0.674 -0.676 -0.680 -1.185 -0.866 -0.813 -0.667 -0.674 -1.092 -1.003
0.003 -0.70993 6.00000 2.8066437244 2.5918416977    2.805  1.818  3.8406  3.383    0  0.000  0.538     0.00     0.00 -1    -1e-30      0.00 7.424e-01 2.544e-01 5.626e-04 1.536e-04 1.395e-03 -1.000 3.170e-03 0.225 -0.482 -0.629 -0.654 -0.664 -0.669 -0.671 -0.675 -1.179 -0.858 -0.805 -0.663 -0.669 -1.086 -0.997
0.003 -0.70993 6.00000 2.8279268742 2.5922532082    2.826  1.845  3.8508  3.399    0  0.000  0.538     0.00     0.00 -1    -1e-30      0.00 7.424e-01 2.544e-01 5.626e-04 1.536e-04 1.395e-03 -1.000 3.170e-03 0.157 -0.496 -0.622 -0.646 -0.655 -0.661 -0.663 -0.666 -1.169 -0.847 -0.793 -0.654 -0.661 -1.077 -0.987
0.003 -0.70993 6.00000 2.8554790020 2.5927753448    2.854  1.880  3.8644  3.423    0  0.000  0.538     0.00     0.00 -1    -1e-30      0.00 7.424e-01 2.544e-01 5.626e-04 1.536e-04 1.395e-03 -1.000 3.170e-03 0.069 -0.511 -0.609 -0.632 -0.641 -0.646 -0.648 -0.651 -1.152 -0.828 -0.773 -0.640 -0.646 -1.062 -0.970
0.003 -0.70993 6.00000 2.8822994232 2.5932724476    2.881  1.915  3.8780  3.447    0  0.000  0.538     0.00     0.00 -1    -1e-30      0.00 7.424e-01 2.544e-01 5.626e-04 1.536e-04 1.395e-03 -1.000 3.170e-03 -0.017 -0.520 -0.593 -0.615 -0.623 -0.628 -0.630 -0.633 -1.132 -0.807 -0.751 -0.623 -0.628 -1.043 -0.950
0.003 -0.70993 6.00000 2.9085068703 2.5937483311    2.907  1.948  3.8916  3.472    0  0.000  0.538     0.00     0.00 -1    -1e-30      0.00 7.424e-01 2.544e-01 5.626e-04 1.536e-04 1.395e-03 -1.000 3.170e-03 -0.100 -0.524 -0.574 -0.595 -0.603 -0.608 -0.610 -0.612 -1.110 -0.783 -0.726 -0.603 -0.608 -1.023 -0.928
0.003 -0.70993 6.00000 2.9158554077 2.5938799381    2.914  1.957  3.8955  3.479    0  0.000  0.538     0.00     0.00 -1    -1e-30      0.00 7.424e-01 2.544e-01 5.626e-04 1.536e-04 1.395e-03 -1.000 3.170e-03 -0.123 -0.524 -0.568 -0.589 -0.597 -0.601 -0.603 -0.606 -1.103 -0.776 -0.719 -0.596 -0.601 -1.016 -0.921
0.003 -0.70993 6.00000 2.9332556725 2.5941884518    2.932  1.979  3.9047  3.497    0  0.000  0.538     0.00     0.00 -1    -1e-30      0.00 7.424e-01 2.544e-01 5.626e-04 1.536e-04 1.395e-03 -1.000 3.170e-03 -0.178 -0.522 -0.554 -0.574 -0.581 -0.586 -0.588 -0.590 -1.087 -0.758 -0.700 -0.581 -0.586 -1.000 -0.904
0.003 -0.70993 6.00000 2.9577682018 2.5946161747    2.956  2.010  3.9179  3.523    0  0.000  0.538     0.00     0.00 -1    -1e-30      0.00 7.424e-01 2.544e-01 5.626e-04 1.536e-04 1.395e-03 -1.000 3.170e-03 -0.255 -0.517 -0.532 -0.550 -0.557 -0.562 -0.564 -0.566 -1.061 -0.730 -0.673 -0.557 -0.562 -0.976 -0.879
0.003 -0.70993 6.00000 2.9819335938 2.5950300694    2.980  2.040  3.9311  3.549    0  0.000  0.538     0.00     0.00 -1    -1e-30      0.00 7.424e-01 2.544e-01 5.626e-04 1.536e-04 1.395e-03 -1.000 3.170e-03 -0.329 -0.508 -0.508 -0.525 -0.531 -0.535 -0.537 -0.539 -1.033 -0.701 -0.643 -0.531 -0.535 -0.949 -0.851
0.003 -0.70993 6.00000 3.0058033466 2.5954310894    3.004  2.069  3.9443  3.576    0  0.000  0.538     0.00     0.00 -1    -1e-30      0.00 7.424e-01 2.544e-01 5.626e-04 1.536e-04 1.395e-03 -1.000 3.170e-03 -0.402 -0.494 -0.484 -0.498 -0.502 -0.506 -0.507 -0.508 -1.001 -0.669 -0.611 -0.502 -0.506 -0.918 -0.819
0.003 -0.70993 6.00000 3.0294356346 2.5958211422    3.027  2.097  3.9575  3.604    0  0.000  0.538     0.00     0.00 -1    -1e-30      0.00 7.424e-01 2.544e-01 5.626e-04 1.536e-04 1.395e-03 -1.000 3.170e-03 -0.472 -0.478 -0.458 -0.469 -0.470 -0.474 -0.474 -0.475 -0.967 -0.633 -0.575 -0.471 -0.474 -0.884 -0.784
0.003 -0.70993 6.00000 3.0528719425 2.5962011814    3.051  2.124  3.9707  3.633    0  0.000  0.538     0.00     0.00 -1    -1e-30      0.00 7.424e-01 2.544e-01 5.626e-04 1.536e-04 1.395e-03 -1.000 3.170e-03 -0.541 -0.458 -0.431 -0.439 -0.437 -0.440 -0.439 -0.439 -0.930 -0.596 -0.538 -0.438 -0.439 -0.848 -0.748
0.003 -0.70993 6.00000 3.0761585236 2.5965721607    3.074  2.151  3.9839  3.662    0  0.000  0.538     0.00     0.00 -1    -1e-30      0.00 7.424e-01 2.544e-01 5.626e-04 1.536e-04 1.395e-03 -1.000 3.170e-03 -0.608 -0.436 -0.402 -0.407 -0.402 -0.404 -0.403 -0.402 -0.891 -0.558 -0.499 -0.403 -0.404 -0.811 -0.709
0.003 -0.70993 6.00000 3.0993373394 2.5969350338    3.097  2.177  3.9971  3.692    0  0.000  0.538     0.00     0.00 -1    -1e-30      0.00 7.424e-01 2.544e-01 5.626e-04 1.536e-04 1.395e-03 -1.000 3.170e-03 -0.673 -0.411 -0.372 -0.373 -0.366 -0.366 -0.365 -0.363 -0.851 -0.518 -0.459 -0.367 -0.366 -0.771 -0.669
0.003 -0.70993 6.00000 3.1090328693 2.5970849991    3.107  2.188  4.0026  3.705    0  0.000  0.538     0.00     0.00 -1    -1e-30      0.00 7.424e-01 2.544e-01 5.626e-04 1.536e-04 1.395e-03 -1.000 3.170e-03 -0.699 -0.399 -0.359 -0.358 -0.350 -0.350 -0.348 -0.347 -0.834 -0.500 -0.441 -0.352 -0.350 -0.755 -0.652
0.003 -0.70993 6.00000 3.1308395863 2.5974183083    3.128  2.211  4.0151  3.735    0  0.000  0.538     0.00     0.00 -1    -1e-30      0.00 7.424e-01 2.544e-01 5.626e-04 1.536e-04 1.395e-03 -1.000 3.170e-03 -0.758 -0.372 -0.328 -0.324 -0.313 -0.312 -0.310 -0.307 -0.794 -0.460 -0.400 -0.314 -0.312 -0.715 -0.612
0.003 -0.70993 6.00000 3.1530725956 2.5977528095    3.150  2.235  4.0279  3.766    0  0.000  0.538     0.00     0.00 -1    -1e-30      0.00 7.424e-01 2.544e-01 5.626e-04 1.536e-04 1.395e-03 -1.000 3.170e-03 -0.816 -0.342 -0.294 -0.287 -0.273 -0.272 -0.269 -0.266 -0.752 -0.417 -0.357 -0.275 -0.271 -0.673 -0.569
0.003 -0.70993 6.00000 3.1754045486 2.5980832577    3.173  2.257  4.0407  3.797    0  0.000  0.538     0.00     0.00 -1    -1e-30      0.00 7.424e-01 2.544e-01 5.626e-04 1.536e-04 1.395e-03 -1.000 3.170e-03 -0.873 -0.310 -0.258 -0.248 -0.232 -0.230 -0.226 -0.222 -0.707 -0.372 -0.311 -0.234 -0.229 -0.629 -0.525
0.003 -0.70993 6.00000 3.1978871822 2.5984106064    3.195  2.279  4.0535  3.830    0  0.000  0.538     0.00     0.00 -1    -1e-30      0.00 7.424e-01 2.544e-01 5.626e-04 1.536e-04 1.395e-03 -1.000 3.170e-03 -0.928 -0.275 -0.220 -0.207 -0.189 -0.186 -0.182 -0.177 -0.661 -0.324 -0.263 -0.191 -0.185 -0.584 -0.479
0.003 -0.70993 6.00000 3.2205784321 2.5987355709    3.217  2.300  4.0664  3.863    0  0.000  0.538     0.00     0.00 -1    -1e-30      0.00 7.424e-01 2.544e-01 5.626e-04 1.536e-04 1.395e-03 -1.000 3.170e-03 -0.981 -0.239 -0.180 -0.165 -0.144 -0.140 -0.135 -0.131 -0.613 -0.275 -0.213 -0.146 -0.139 -0.537 -0.431
0.003 -0.70993 6.00000 3.2435362339 2.5990591049    3.240  2.321  4.0792  3.896    0  0.000  0.538     0.00     0.00 -1    -1e-30      0.00 7.424e-01 2.544e-01 5.626e-04 1.536e-04 1.395e-03 -1.000 3.170e-03 -1.033 -0.201 -0.139 -0.121 -0.097 -0.093 -0.087 -0.082 -0.563 -0.223 -0.161 -0.100 -0.092 -0.488 -0.381
0.003 -0.70993 6.00000 3.2668330669 2.5993821621    3.263  2.341  4.0920  3.931    0  0.000  0.538     0.00     0.00 -1    -1e-30      0.00 7.424e-01 2.544e-01 5.626e-04 1.536e-04 1.395e-03 -1.000 3.170e-03 -1.083 -0.161 -0.095 -0.075 -0.049 -0.044 -0.038 -0.031 -0.511 -0.170 -0.107 -0.052 -0.043 -0.437 -0.329
0.003 -0.70993 6.00000 3.2905497551 2.5997056961    3.287  2.360  4.1049  3.966    0  0.000  0.538     0.00     0.00 -1    -1e-30      0.00 7.424e-01 2.544e-01 5.626e-04 1.536e-04 1.395e-03 -1.000 3.170e-03 -1.131 -0.118 -0.049 -0.027 0.001 0.007 0.014 0.021 -0.457 -0.115 -0.051 -0.002 0.009 -0.384 -0.275
0.003 -0.70993 6.00000 3.3022103310 2.5998625755    3.299  2.370  4.1111  3.983    0  0.000  0.538     0.00     0.00 -1    -1e-30      0.00 7.424e-01 2.544e-01 5.626e-04 1.536e-04 1.395e-03 -1.000 3.170e-03 -1.154 -0.097 -0.027 -0.003 0.026 0.033 0.040 0.047 -0.430 -0.087 -0.024 0.023 0.034 -0.358 -0.248
0.003 -0.70993 6.00000 3.3209230900 2.6001119614    3.317  2.384  4.1209  4.011    0  0.000  0.538     0.00     0.00 -1    -1e-30      0.00 7.424e-01 2.544e-01 5.626e-04 1.536e-04 1.395e-03 -1.000 3.170e-03 -1.189 -0.061 0.011 0.037 0.068 0.075 0.082 0.090 -0.386 -0.042 0.020 0.064 0.076 -0.315 -0.204
0.003 -0.70993 6.00000 3.3460495472 2.6004419327    3.342  2.401  4.1338  4.048    0  0.000  0.538     0.00     0.00 -1    -1e-30      0.00 7.424e-01 2.544e-01 5.626e-04 1.536e-04 1.395e-03 -1.000 3.170e-03 -1.232 -0.013 0.063 0.090 0.123 0.131 0.139 0.147 -0.327 0.018 0.080 0.120 0.132 -0.256 -0.145
0.003 -0.70993 6.00000 3.3723661900 2.6007812023    3.368  2.417  4.1466  4.087    0  0.000  0.538     0.00     0.00 -1    -1e-30      0.00 7.424e-01 2.544e-01 5.626e-04 1.536e-04 1.395e-03 -1.000 3.170e-03 -1.273 0.038 0.117 0.147 0.182 0.190 0.199 0.208 -0.265 0.080 0.142 0.178 0.192 -0.195 -0.083
0.003 -0.70993 6.00000 3.4006962776 2.6011400223    3.396  2.432  4.1597  4.127    0  0.000  0.538     0.00     0.00 -1    -1e-30      0.00 7.424e-01 2.544e-01 5.626e-04 1.536e-04 1.395e-03 -1.000 3.170e-03 -1.311 0.094 0.176 0.208 0.245 0.255 0.264 0.274 -0.198 0.147 0.207 0.242 0.256 -0.129 -0.016
0.003 -0.70993 6.00000 3.4082725048 2.6012346745    3.404  2.436  4.1631  4.138    0  0.000  0.538     0.00     0.00 -1    -1e-30      0.00 7.424e-01 2.544e-01 5.626e-04 1.536e-04 1.395e-03 -1.000 3.170e-03 -1.320 0.109 0.192 0.224 0.262 0.272 0.281 0.291 -0.180 0.165 0.224 0.259 0.273 -0.111 0.002
0.003 -0.70993 6.00000 3.4294917583 2.6014974117    3.425  2.444  4.1716  4.166    0  0.000  0.538     0.00     0.00 -1    -1e-30      0.00 7.424e-01 2.544e-01 5.626e-04 1.536e-04 1.395e-03 -1.000 3.170e-03 -1.341 0.150 0.234 0.268 0.308 0.318 0.327 0.338 -0.132 0.212 0.271 0.304 0.319 -0.064 0.050
0.003 -0.70993 6.00000 3.4607172012 2.6018774509    3.456  2.455  4.1832  4.207    0  0.000  0.538     0.00     0.00 -1    -1e-30      0.00 7.424e-01 2.544e-01 5.626e-04 1.536e-04 1.395e-03 -1.000 3.170e-03 -1.367 0.208 0.295 0.331 0.372 0.383 0.394 0.405 -0.064 0.280 0.337 0.368 0.385 0.003 0.118
0.003 -0.70993 6.00000 3.4953877926 2.6022903919    3.491  2.465  4.1952  4.249    0  0.000  0.538     0.00     0.00 -1    -1e-30      0.00 7.424e-01 2.544e-01 5.626e-04 1.536e-04 1.395e-03 -1.000 3.170e-03 -1.392 0.270 0.360 0.397 0.441 0.452 0.463 0.475 0.007 0.350 0.406 0.437 0.454 0.073 0.189
0.003 -0.70993 6.00000 3.5143353939 2.6025118828    3.510  2.470  4.2015  4.272    0  0.000  0.538     0.00     0.00 -1    -1e-30      0.00 7.424e-01 2.544e-01 5.626e-04 1.536e-04 1.395e-03 -1.000 3.170e-03 -1.404 0.304 0.394 0.433 0.478 0.489 0.501 0.513 0.045 0.388 0.444 0.473 0.491 0.111 0.227
0.003 -0.70993 6.00000 3.5545253754 2.6029729843    3.550  2.479  4.2136  4.315    0  0.000  0.538     0.00     0.00 -1    -1e-30      0.00 7.424e-01 2.544e-01 5.626e-04 1.536e-04 1.395e-03 -1.000 3.170e-03 -1.428 0.367 0.460 0.501 0.548 0.560 0.572 0.585 0.118 0.461 0.516 0.543 0.562 0.183 0.300
0.003 -0.70993 6.00000 3.5992527008 2.6034724712    3.594  2.490  4.2258  4.359    0  0.000  0.538     0.00     0.00 -1    -1e-30      0.00 7.424e-01 2.544e-01 5.626e-04 1.536e-04 1.395e-03 -1.000 3.170e-03 -1.456 0.429 0.525 0.567 0.616 0.629 0.641 0.655 0.189 0.532 0.587 0.611 0.631 0.254 0.371
0.003 -0.70993 6.00000 3.6512129307 2.6040346622    3.646  2.502  4.2382  4.403    0  0.000  0.538     0.00     0.00 -1    -1e-30      0.00 7.424e-01 2.544e-01 5.626e-04 1.536e-04 1.395e-03 -1.000 3.170e-03 -1.485 0.489 0.587 0.632 0.683 0.696 0.710 0.723 0.259 0.603 0.657 0.678 0.698 0.323 0.441
0.003 -0.70993 6.00000 3.6885652542 2.6044278145    3.684  2.508  4.2452  4.430    0  0.000  0.538     0.00     0.00 -1    -1e-30      0.00 7.424e-01 2.544e-01 5.626e-04 1.536e-04 1.395e-03 -1.000 3.170e-03 -1.499 0.526 0.626 0.672 0.724 0.738 0.751 0.766 0.302 0.646 0.700 0.719 0.740 0.365 0.484
0.003 -0.70993 6.00000 3.7574558258 2.6051292419    3.753  2.510  4.2546  4.473    0  0.000  0.538     0.00     0.00 -1    -1e-30      0.00 7.424e-01 2.544e-01 5.626e-04 1.536e-04 1.395e-03 -1.000 3.170e-03 -1.506 0.587 0.689 0.736 0.790 0.805 0.819 0.833 0.371 0.716 0.770 0.785 0.807 0.433 0.552
0.003 -0.70993 6.00000 3.8157036304 2.6056995392    3.811  2.504  4.2583  4.500    0  0.000  0.538     0.00     0.00 -1    -1e-30      0.00 7.424e-01 2.544e-01 5.626e-04 1.536e-04 1.395e-03 -1.000 3.170e-03 -1.491 0.629 0.731 0.779 0.833 0.848 0.862 0.877 0.415 0.761 0.814 0.828 0.850 0.478 0.597
0.003 -0.70993 6.00000 3.8735523224 2.6062467098    3.869  2.498  4.2598  4.519    0  0.000  0.538     0.00     0.00 -1    -1e-30      0.00 7.424e-01 2.544e-01 5.626e-04 1.536e-04 1.395e-03 -1.000 3.170e-03 -1.475 0.655 0.758 0.806 0.861 0.876 0.890 0.905 0.443 0.789 0.843 0.856 0.878 0.506 0.625
0.003 -0.70993 6.00000 3.8817424774 2.6063225269    3.878  2.497  4.2600  4.521    0  0.000  0.538     0.00     0.00 -1    -1e-30      0.00 7.424e-01 2.544e-01 5.626e-04 1.536e-04 1.395e-03 -1.000 3.170e-03 -1.473 0.658 0.761 0.810 0.864 0.879 0.893 0.909 0.446 0.793 0.846 0.859 0.881 0.509 0.628
0.003 -0.70993 6.00000 3.8944351673 2.6064395905    3.891  2.496  4.2602  4.525    0  0.000  0.538     0.00     0.00 -1    -1e-30      0.00 7.424e-01 2.544e-01 5.626e-04 1.536e-04 1.395e-03 -1.000 3.170e-03 -1.470 0.663 0.766 0.814 0.869 0.884 0.898 0.914 0.452 0.798 0.851 0.864 0.886 0.514 0.633
0.003 -0.70993 6.00000 4.0546731949 2.6078438759    4.050  2.511  4.2630  4.538    0  0.000  0.538     0.00     0.00 -1    -1e-30      0.00 7.424e-01 2.544e-01 5.626e-04 1.536e-04 1.395e-03 -1.000 3.170e-03 -1.508 0.646 0.749 0.798 0.853 0.868 0.883 0.898 0.436 0.783 0.836 0.848 0.870 0.498 0.618
0.003 -0.70993 6.00000 4.0749201775 2.6080121994    4.070  2.518  4.2641  4.538    0  0.000  0.538     0.00     0.00 -1    -1e-30      0.00 7.424e-01 2.544e-01 5.626e-04 1.536e-04 1.395e-03 -1.000 3.170e-03 -1.525 0.636 0.740 0.788 0.844 0.859 0.873 0.889 0.427 0.774 0.827 0.838 0.861 0.489 0.609
0.003 -0.70993 6.00000 4.2534885406 2.6094181538    4.248  2.580  4.2734  4.532    0  0.000  0.538     0.00     0.00 -1    -1e-30      0.00 7.424e-01 2.544e-01 5.626e-04 1.536e-04 1.395e-03 -1.000 3.170e-03 -1.679 0.548 0.654 0.704 0.761 0.777 0.792 0.808 0.348 0.695 0.748 0.755 0.779 0.408 0.530
0.003 -0.70993 6.00000 4.2680978775 2.6095271111    4.263  2.585  4.2741  4.531    0  0.000  0.538     0.00     0.00 -1    -1e-30      0.00 7.424e-01 2.544e-01 5.626e-04 1.536e-04 1.395e-03 -1.000 3.170e-03 -1.692 0.541 0.647 0.697 0.754 0.770 0.785 0.801 0.342 0.689 0.741 0.749 0.772 0.402 0.523
0.003 -0.70993 6.00000 4.3742752075 2.6102945805    4.368  2.620  4.2793  4.528    0  0.000  0.538     0.00     0.00 -1    -1e-30      0.00 7.424e-01 2.544e-01 5.626e-04 1.536e-04 1.395e-03 -1.000 3.170e-03 -1.780 0.491 0.597 0.649 0.707 0.723 0.738 0.755 0.296 0.644 0.696 0.701 0.725 0.356 0.478
0.003 -0.70993 6.00000 4.4612751007 2.6108922958    4.455  2.649  4.2840  4.526    0  0.000  0.538     0.00     0.00 -1    -1e-30      0.00 7.424e-01 2.544e-01 5.626e-04 1.536e-04 1.395e-03 -1.000 3.170e-03 -1.853 0.450 0.558 0.610 0.669 0.685 0.701 0.717 0.260 0.608 0.660 0.663 0.687 0.319 0.442
0.003 -0.70993 6.00000 4.6544528008 2.6121280193    4.649  2.712  4.2938  4.521    0  0.000  0.538     0.00     0.00 -1    -1e-30      0.00 7.424e-01 2.544e-01 5.626e-04 1.536e-04 1.395e-03 -1.000 3.170e-03 -2.009 0.363 0.473 0.527 0.587 0.605 0.621 0.638 0.183 0.532 0.584 0.582 0.607 0.240 0.365
0.003 -0.70993 6.00000 4.8476305008 2.6132509708    4.842  2.772  4.3033  4.516    1  0.000  0.538     0.00     0.00 -1    -1e-30      0.00 7.424e-01 2.544e-01 5.626e-04 1.536e-04 1.395e-03 -1.000 3.176e-03 -2.160 0.279 0.391 0.446 0.509 0.527 0.543 0.562 0.109 0.458 0.509 0.503 0.529 0.164 0.291
0.003 -0.70993 6.00000 5.0408072472 2.6142756939    5.036  2.829  4.3124  4.513    0  0.000  0.538     0.00     0.00 -1    -1e-30      0.00 7.424e-01 2.543e-01 5.626e-04 1.536e-04 1.395e-03 -1.000 3.208e-03 -2.303 0.201 0.314 0.371 0.435 0.454 0.471 0.491 0.040 0.389 0.441 0.429 0.456 0.094 0.222
0.003 -0.70993 6.00000 5.2339849472 2.6152138710    5.230  2.884  4.3203  4.506    0  0.000  0.538     0.00     0.00 -1    -1e-30      0.00 7.424e-01 2.543e-01 5.626e-04 1.536e-04 1.395e-03 -1.000 3.204e-03 -2.439 0.119 0.234 0.292 0.358 0.378 0.396 0.416 -0.033 0.316 0.367 0.352 0.380 0.019 0.149
0.003 -0.70993 6.00000 5.3895277977 2.6159131527    5.387  2.926  4.3268  4.502    0  0.000  0.538     0.00     0.00 -1    -1e-30      0.00 7.425e-01 2.543e-01 5.626e-04 1.536e-04 1.395e-03 -1.000 3.189e-03 -2.546 0.058 0.174 0.233 0.301 0.321 0.339 0.360 -0.087 0.261 0.313 0.294 0.323 -0.036 0.095
0.003 -0.70993 6.00000 5.5450706482 2.6165676117    5.544  2.968  4.3340  4.502    0  0.000  0.538     0.00     0.00 -1    -1e-30      0.00 7.425e-01 2.543e-01 5.626e-04 1.536e-04 1.395e-03 -1.000 3.170e-03 -2.650 0.005 0.122 0.183 0.252 0.272 0.291 0.313 -0.133 0.216 0.268 0.245 0.275 -0.082 0.049
0.003 -0.70993 6.00000 5.7006134987 2.6171813011    5.700  3.008  4.3401  4.498    0  0.000  0.538     0.00     0.00 -1    -1e-30      0.00 7.425e-01 2.543e-01 5.626e-04 1.536e-04 1.395e-03 -1.000 3.170e-03 -2.750 -0.053 0.065 0.127 0.197 0.218 0.238 0.260 -0.184 0.164 0.216 0.190 0.221 -0.135 -0.002
0.003 -0.70993 6.00000 5.8561563492 2.6177575588    5.856  3.047  4.3454  4.493    0  0.000  0.538     0.00     0.00 -1    -1e-30      0.00 7.425e-01 2.543e-01 5.626e-04 1.536e-04 1.395e-03 -1.000 3.170e-03 -2.846 -0.113 0.006 0.069 0.140 0.162 0.182 0.205 -0.239 0.110 0.162 0.133 0.165 -0.190 -0.057
0.003 -0.70993 6.00000 6.0116987228 2.6182997227    6.012  3.084  4.3507  4.488    1  0.000  0.538     0.00     0.00 -1    -1e-30      0.00 7.425e-01 2.543e-01 5.626e-04 1.536e-04 1.395e-03 -1.000 3.188e-03 -2.940 -0.171 -0.051 0.013 0.086 0.108 0.129 0.152 -0.291 0.057 0.110 0.078 0.111 -0.242 -0.109
0.003 -0.70993 6.00000 6.1672420502 2.6188104153    6.167  3.121  4.3566  4.486    1  0.000  0.538     0.00     0.00 -1    -1e-30      0.00 7.425e-01 2.543e-01 5.626e-04 1.536e-04 1.395e-03 -1.000 3.170e-03 -3.032 -0.222 -0.100 -0.036 0.039 0.062 0.083 0.107 -0.335 0.013 0.066 0.031 0.064 -0.287 -0.153
0.003 -0.70993 6.00000 6.3227844238 2.6192924976    6.321  3.156  4.3624  4.484    0  0.000  0.538     0.00     0.00 -1    -1e-30      0.00 7.425e-01 2.543e-01 5.626e-04 1.536e-04 1.395e-03 -1.000 3.175e-03 -3.120 -0.271 -0.148 -0.082 -0.006 0.018 0.039 0.064 -0.377 -0.030 0.024 -0.014 0.020 -0.330 -0.196
0.003 -0.70993 6.00000 6.7894134521 2.6205873489    6.780  3.255  4.3763  4.471    1  0.000  0.538     0.00     0.00 -1    -1e-30      0.00 7.425e-01 2.543e-01 5.626e-04 1.536e-04 1.395e-03 -1.000 3.187e-03 -3.368 -0.425 -0.299 -0.230 -0.151 -0.126 -0.103 -0.077 -0.517 -0.169 -0.114 -0.159 -0.123 -0.470 -0.335
0.003 -0.70993 6.00000 7.5671277046 2.6223428249    7.548  3.404  4.3977  4.454    1  0.000  0.538     0.00     0.00 -1    -1e-30      0.00 7.425e-01 2.544e-01 5.626e-04 1.536e-04 1.395e-03 -1.000 3.178e-03 -3.741 -0.656 -0.525 -0.452 -0.367 -0.340 -0.315 -0.287 -0.726 -0.378 -0.320 -0.376 -0.337 -0.679 -0.545
0.003 -0.70993 6.00000 8.3448429108 2.6237275600    8.320  3.538  4.4172  4.441    1  0.000  0.538     0.00     0.00 -1    -1e-30      0.00 7.425e-01 2.544e-01 5.626e-04 1.536e-04 1.395e-03 -1.000 3.170e-03 -4.076 -0.906 -0.804 -0.733 -0.641 -0.607 -0.991 -1.899 -1.481 -1.170 -2.574 -0.652 -0.612 -1.849 -1.682
0.003 -0.70993 6.00000 8.4296398163 2.6238608360    8.403  3.552  4.4192  4.440    1  0.000  0.538     0.00     0.00 -1    -1e-30      0.00 7.425e-01 2.544e-01 5.626e-04 1.536e-04 1.395e-03 -1.000 3.170e-03 -4.110 -0.927 -0.826 -0.755 -0.662 -0.625 -1.007 -1.915 -1.495 -1.187 -2.594 -0.673 -0.630 -1.864 -1.697
0.003 -0.70993 6.00000 9.1225566864 2.6248445511    9.080  3.657  4.4356  4.433    1  0.000  0.538     0.00     0.00 -1    -1e-30      0.00 7.425e-01 2.544e-01 5.626e-04 1.536e-04 1.395e-03 -1.000 3.170e-03 -4.374 -1.097 -0.993 -0.919 -0.827 -0.792 -1.173 -2.081 -1.656 -1.336 -2.774 -0.837 -0.797 -2.030 -1.859
0.003 -0.70993 6.00000 9.9002704620 2.6257619858    9.852  3.767  4.4508  4.420    0  0.000  0.538     0.00     0.00 -1    -1e-30      0.00 7.424e-01 2.544e-01 5.626e-04 1.536e-04 1.395e-03 -1.000 3.170e-03 -4.647 -1.281 -1.172 -1.098 -1.011 -0.991 -1.375 -2.283 -1.858 -1.512 -2.982 -1.018 -0.996 -2.232 -2.061
0.003 -0.70993 6.00000 10.6779851913 2.6265275478   10.613  3.865  4.4642  4.408    1  0.000  0.538     0.00     0.00 -1    -1e-30      0.00 7.424e-01 2.544e-01 5.626e-04 1.536e-04 1.395e-03 -1.000 3.170e-03 -4.892 -1.433 -1.311 -1.229 -1.151 -1.129 -1.517 -2.425 -2.016 -1.646 -3.158 -1.158 -1.135 -2.377 -2.218
0.003 -0.70993 6.00000 11.6360321045 2.6273107529   11.556  3.976  4.4794  4.395    1  0.000  0.539     0.00     0.00 -1 -3.03e-25      0.00 7.424e-01 2.544e-01 5.638e-04 1.536e-04 1.395e-03 -1.000 3.170e-03 -5.169 -1.606 -1.473 -1.385 -1.314 -1.290 -1.679 -2.588 -2.187 -1.807 -3.336 -1.321 -1.296 -2.540 -2.387
0.003 -0.70993 6.00000 12.2334136963 2.6277282238   12.143  4.040  4.4886  4.388    1  0.000  0.541     0.00     0.00 -1 -4.74e-22      0.00 7.424e-01 2.544e-01 5.645e-04 1.536e-04 1.395e-03 -1.000 3.170e-03 -5.331 -1.707 -1.574 -1.491 -1.417 -1.388 -1.775 -2.684 -2.274 -1.915 -3.408 -1.425 -1.394 -2.634 -2.474
0.003 -0.70993 6.00000 13.7888422012 2.6286230087   13.655  4.190  4.5100  4.376    1  0.000  0.541     0.00     0.00 -1 -1.49e-20      0.00 7.424e-01 2.544e-01 5.651e-04 1.536e-04 1.395e-03 -1.000 3.170e-03 -5.704 -1.945 -1.808 -1.726 -1.642 -1.608 -1.993 -2.901 -2.483 -2.134 -3.578 -1.652 -1.613 -2.850 -2.684
0.003 -0.70993 6.00000 15.3442707062 2.6293125153   15.157  4.320  4.5280  4.362    1  0.000  0.544     0.00     0.00 -1 -8.89e-13      0.00 7.424e-01 2.544e-01 5.685e-04 1.537e-04 1.395e-03 -1.000 3.170e-03 -6.031 -2.185 -2.041 -1.947 -1.850 -1.818 -2.205 -3.113 -2.692 -2.326 -3.765 -1.860 -1.823 -3.062 -2.895
0.003 -0.70993 6.00000 16.8997001648 2.6298582554   16.675  4.437  4.5442  4.352    1  0.000  0.545     0.00     0.00 -1 -2.86e-09      0.00 7.424e-01 2.544e-01 5.700e-04 1.537e-04 1.395e-03 -1.000 3.170e-03 -6.323 -2.494 -2.343 -2.229 -2.104 -2.083 -2.476 -3.384 -2.946 -2.589 -4.033 -2.115 -2.089 -3.330 -3.148
0.003 -0.70993 6.00000 20.0105571747 2.6306626797   19.706  4.636  4.5713  4.334    1  0.000  0.545     0.00     0.00 -1 -7.09e-09      0.00 7.424e-01 2.544e-01 5.700e-04 1.537e-04 1.395e-03 -1.000 3.170e-03 -6.820 -2.720 -2.550 -2.427 -2.357 -2.350 -2.739 -3.647 -3.197 -2.836 -4.253 -2.359 -2.356 -3.590 -3.398
0.003 -0.70993 6.00000 20.6213359833 2.6307883263   20.302  4.670  4.5758  4.331    1  0.000  0.545     0.00     0.00 -1 -8.22e-09      0.00 7.424e-01 2.544e-01 5.700e-04 1.537e-04 1.395e-03 -1.000 3.170e-03 -6.905 -2.752 -2.581 -2.458 -2.397 -2.391 -2.779 -3.687 -3.237 -2.876 -4.290 -2.398 -2.397 -3.630 -3.439
0.003 -0.70993 6.00000 23.1214141846 2.6312236786   22.739  4.801  4.5932  4.319    1  0.000  0.545     0.00     0.00 -1 -1.45e-08      0.00 7.424e-01 2.544e-01 5.700e-04 1.537e-04 1.395e-03 -1.000 3.170e-03 -7.231 -2.959 -2.807 -2.688 -2.596 -2.577 -2.962 -3.870 -3.446 -3.079 -4.525 -2.601 -2.582 -3.819 -3.649
0.003 -0.70993 6.00000 24.6768417358 2.6314439774   24.217  4.871  4.6022  4.312    1  0.000  0.545     0.00     0.00 -1 -1.93e-08      0.00 7.424e-01 2.544e-01 5.700e-04 1.537e-04 1.395e-03 -1.000 3.170e-03 -7.407 -3.067 -2.923 -2.809 -2.705 -2.681 -3.065 -3.973 -3.561 -3.195 -4.650 -2.712 -2.686 -3.924 -3.763
0.003 -0.70993 6.00000 26.7620944977 2.6316936016   26.258  4.959  4.6135  4.304    1  0.000  0.545     0.00     0.00 -1 -2.77e-08      0.00 7.424e-01 2.544e-01 5.700e-04 1.537e-04 1.395e-03 -1.000 3.170e-03 -7.629 -3.186 -3.048 -2.950 -2.847 -2.824 -3.210 -4.118 -3.709 -3.361 -4.800 -2.854 -2.829 -4.069 -3.910
0.003 -0.70993 6.00000 28.5654144287 2.6318759918   28.026  5.031  4.6225  4.297    0  0.000  0.545     0.00     0.00 -1 -3.73e-08      0.00 7.424e-01 2.544e-01 5.700e-04 1.537e-04 1.395e-03 -1.000 3.170e-03 -7.808 -3.284 -3.151 -3.064 -2.962 -2.940 -3.328 -4.236 -3.829 -3.495 -4.922 -2.970 -2.946 -4.187 -4.028
0.003 -0.70993 6.00000 32.5093994141 2.6321949959   31.994  5.172  4.6398  4.282    0  0.000  0.545     0.00     0.00 -1 -6.48e-08      0.00 7.424e-01 2.544e-01 5.700e-04 1.537e-04 1.395e-03 -1.000 3.170e-03 -8.160 -3.493 -3.361 -3.274 -3.181 -3.164 -3.554 -4.462 -4.057 -3.750 -5.209 -3.188 -3.170 -4.413 -4.256
0.003 -0.70993 6.00000 33.8858299255 2.6322865486   33.379  5.216  4.6450  4.277    0  0.000  0.545     0.00     0.00 -1 -7.69e-08      0.00 7.424e-01 2.544e-01 5.700e-04 1.537e-04 1.395e-03 -1.000 3.170e-03 -8.270 -3.560 -3.429 -3.341 -3.251 -3.235 -3.625 -4.533 -4.130 -3.831 -5.303 -3.257 -3.242 -4.484 -4.328
0.003 -0.70993 6.00000 34.4813842773 2.6323235035   33.981  5.235  4.6472  4.275    0  0.000  0.545     0.00     0.00 -1 -8.26e-08      0.00 7.424e-01 2.544e-01 5.700e-04 1.537e-04 1.395e-03 -1.000 3.170e-03 -8.316 -3.589 -3.458 -3.369 -3.280 -3.265 -3.655 -4.564 -4.161 -3.865 -5.343 -3.286 -3.272 -4.514 -4.359
0.003 -0.70993 6.00000 37.8778762817 2.6325092316   37.388  5.330  4.6581  4.265    0  0.000  0.545     0.00     0.00 -1 -1.18e-07      0.00 7.424e-01 2.544e-01 5.700e-04 1.537e-04 1.395e-03 -1.000 3.170e-03 -8.556 -3.784 -3.625 -3.533 -3.461 -3.438 -3.827 -4.736 -4.373 -4.186 -5.788 -3.468 -3.444 -4.693 -4.568
0.003 -0.70993 6.00000 39.4113655090 2.6325809956   38.930  5.371  4.6627  4.260    0  0.000  0.545     0.00     0.00 -1 -1.38e-07      0.00 7.424e-01 2.544e-01 5.700e-04 1.537e-04 1.395e-03 -1.000 3.170e-03 -8.657 -3.856 -3.701 -3.607 -3.529 -3.507 -3.895 -4.803 -4.440 -4.258 -5.865 -3.535 -3.512 -4.760 -4.635
0.003 -0.70993 6.00000 40.3479003906 2.6326217651   39.866  5.394  4.6652  4.258    0  0.000  0.545     0.00     0.00 -1  -1.5e-07      0.00 7.424e-01 2.544e-01 5.700e-04 1.537e-04 1.395e-03 -1.000 3.170e-03 -8.714 -3.897 -3.744 -3.649 -3.568 -3.546 -3.934 -4.843 -4.480 -4.300 -5.909 -3.575 -3.552 -4.800 -4.674
0.003 -0.70993 6.00000 44.3413429260 2.6327738762   43.855  5.485  4.6750  4.247    0  0.000  0.545     0.00     0.00 -1 -2.07e-07      0.00 7.424e-01 2.544e-01 5.700e-04 1.537e-04 1.395e-03 -1.000 3.170e-03 -8.944 -4.068 -3.920 -3.822 -3.730 -3.707 -4.094 -5.002 -4.640 -4.470 -6.087 -3.737 -3.713 -4.959 -4.834
0.003 -0.70993 6.00000 46.4830932617 2.6328430176   45.983  5.529  4.6795  4.241    0  0.000  0.545     0.00     0.00 -1 -2.42e-07      0.00 7.424e-01 2.544e-01 5.700e-04 1.537e-04 1.395e-03 -1.000 3.170e-03 -9.054 -4.146 -3.998 -3.900 -3.810 -3.788 -4.175 -5.084 -4.719 -4.555 -6.174 -3.817 -3.793 -5.040 -4.913
0.003 -0.70993 6.00000 49.2713203430 2.6329228878   48.752  5.584  4.6849  4.234    0  0.000  0.545     0.00     0.00 -1 -2.94e-07      0.00 7.424e-01 2.544e-01 5.700e-04 1.537e-04 1.395e-03 -1.000 3.170e-03 -9.190 -4.244 -4.095 -3.998 -3.911 -3.889 -4.277 -5.186 -4.819 -4.663 -6.288 -3.918 -3.895 -5.142 -5.013
0.003 -0.70993 6.00000 54.2013015747 2.6330411434   53.618  5.669  4.6930  4.222    0  0.000  0.545     0.00     0.00 -1 -3.89e-07      0.00 7.424e-01 2.544e-01 5.700e-04 1.537e-04 1.395e-03 -1.000 3.170e-03 -9.404 -4.404 -4.255 -4.160 -4.076 -4.054 -4.443 -5.352 -4.986 -4.846 -6.484 -4.083 -4.060 -5.308 -5.179
0.003 -0.70993 6.00000 59.1312789917 2.6331372261   58.472  5.745  4.6997  4.211    0  0.000  0.545     0.00     0.00 -1 -5.03e-07      0.00 7.424e-01 2.544e-01 5.700e-04 1.537e-04 1.395e-03 -1.000 3.170e-03 -9.593 -4.552 -4.403 -4.310 -4.228 -4.206 -4.596 -5.505 -5.141 -5.018 -6.670 -4.235 -4.212 -5.461 -5.334
0.003 -0.70993 6.00000 64.0612564087 2.6332163811   63.308  5.813  4.7053  4.200    0  0.000  0.545     0.00     0.00 -1 -6.32e-07      0.00 7.424e-01 2.544e-01 5.700e-04 1.537e-04 1.395e-03 -1.000 3.170e-03 -9.762 -4.696 -4.550 -4.459 -4.374 -4.353 -4.743 -5.652 -5.305 -5.219 -6.888 -4.382 -4.359 -5.610 -5.496
0.003 -0.70993 6.00000 68.9912338257 2.6332826614   68.146  5.874  4.7099  4.189    0  0.000  0.545     0.00     0.00 -1  -7.6e-07      0.00 7.424e-01 2.544e-01 5.700e-04 1.537e-04 1.395e-03 -1.000 3.170e-03 -9.915 -4.831 -4.687 -4.597 -4.510 -4.489 -4.880 -5.789 -5.459 -5.409 -7.097 -4.517 -4.495 -5.749 -5.647
0.003 -0.70993 6.00000 73.9212112427 2.6333389282   72.950  5.929  4.7139  4.179    0  0.000  0.545     0.00     0.00 -1 -9.15e-07      0.00 7.424e-01 2.544e-01 5.700e-04 1.537e-04 1.395e-03 -1.000 3.170e-03 -10.053 -4.957 -4.814 -4.725 -4.637 -4.616 -5.008 -5.918 -5.602 -5.589 -7.294 -4.644 -4.623 -5.880 -5.788
0.003 -0.70993 6.00000 77.3352432251 2.6333730221   76.285  5.965  4.7161  4.172    0  0.000  0.545     0.00     0.00 -1 -1.02e-06      0.00 7.424e-01 2.544e-01 5.700e-04 1.537e-04 1.395e-03 -1.000 3.170e-03 -10.142 -4.934 -4.795 -4.715 -4.661 -4.663 -5.069 -5.981 -5.843 -6.186 -8.075 -4.663 -4.672 -5.971 -6.006
0.003 -0.70993 6.00000 83.7811737061 2.6334288120   82.571  6.027  4.7199  4.159    0  0.000  0.545     0.00     0.00 -1 -1.25e-06      0.00 7.424e-01 2.544e-01 5.700e-04 1.537e-04 1.395e-03 -1.000 3.170e-03 -10.298 -5.069 -4.931 -4.849 -4.797 -4.801 -5.206 -6.119 -5.992 -6.358 -8.255 -4.799 -4.809 -6.110 -6.153
0.003 -0.70993 6.00000 93.6411285400 2.6334974766   92.167  6.111  4.7240  4.139    0  0.000  0.545     0.00     0.00 -1 -1.62e-06      0.00 7.424e-01 2.544e-01 5.700e-04 1.537e-04 1.395e-03 -1.000 3.170e-03 -10.508 -5.258 -5.120 -5.037 -4.987 -4.990 -5.395 -6.308 -6.193 -6.584 -8.491 -4.989 -4.999 -6.300 -6.352
0.003 -0.70993 6.00000 98.5711059570 2.6335258484   96.840  6.148  4.7254  4.130    0  0.000  0.545     0.00     0.00 -1 -1.82e-06      0.00 7.424e-01 2.544e-01 5.700e-04 1.537e-04 1.395e-03 -1.000 3.170e-03 -10.600 -5.344 -5.207 -5.124 -5.074 -5.077 -5.482 -6.395 -6.285 -6.687 -8.597 -5.076 -5.086 -6.388 -6.444
0.003 -0.70993 6.00000 103.5010833740 2.6335511208  101.520  6.183  4.7266  4.120    0  0.000  0.545     0.00     0.00 -1 -2.04e-06      0.00 7.424e-01 2.544e-01 5.700e-04 1.537e-04 1.395e-03 -1.000 3.170e-03 -10.687 -5.428 -5.291 -5.209 -5.160 -5.163 -5.569 -6.482 -6.379 -6.791 -8.703 -5.162 -5.172 -6.476 -6.536
0.003 -0.70993 6.00000 116.3335952759 2.6336057186  113.802  6.265  4.7284  4.095    0  0.000  0.545     0.00     0.00 -1 -2.62e-06      0.00 7.424e-01 2.544e-01 5.700e-04 1.537e-04 1.395e-03 -1.000 3.170e-03 -10.893 -5.631 -5.494 -5.414 -5.365 -5.368 -5.774 -6.687 -6.593 -7.023 -8.942 -5.366 -5.377 -6.683 -6.749
0.003 -0.70993 6.00000 123.2210083008 2.6336188316  120.384  6.305  4.7291  4.082    0  0.000  0.545     0.00     0.00 -1 -2.96e-06      0.00 7.424e-01 2.544e-01 5.700e-04 1.537e-04 1.395e-03 -1.000 3.170e-03 -10.993 -5.732 -5.595 -5.515 -5.466 -5.469 -5.874 -6.788 -6.696 -7.133 -9.056 -5.467 -5.478 -6.784 -6.852
0.003 -0.70993 6.00000 136.9958190918 2.6336188316  133.535  6.376  4.7288  4.055    0  0.000  0.545     0.00     0.00 -1  -3.7e-06      0.00 7.424e-01 2.544e-01 5.700e-04 1.537e-04 1.395e-03 -1.000 3.170e-03 -11.170 -5.919 -5.781 -5.700 -5.648 -5.649 -6.053 -6.966 -6.866 -7.301 -9.228 -5.650 -5.657 -6.960 -7.022
0.003 -0.70993 6.00000 152.8008728027 2.6336188316  148.572  6.449  4.7279  4.025    0  0.000  0.545     0.00     0.00 -1 -4.69e-06      0.00 7.424e-01 2.544e-01 5.700e-04 1.537e-04 1.395e-03 -1.000 3.170e-03 -11.352 -6.117 -5.977 -5.895 -5.837 -5.834 -6.237 -7.150 -7.031 -7.457 -9.386 -5.840 -5.843 -7.141 -7.189
0.003 -0.70993 6.00000 180.5550079346 2.6336188316  175.016  6.555  4.7224  3.968    0  0.000  0.545     0.00     0.00 -1 -6.62e-06      0.00 7.424e-01 2.544e-01 5.700e-04 1.537e-04 1.395e-03 -1.000 3.170e-03 -11.617 -6.430 -6.285 -6.198 -6.125 -6.113 -6.511 -7.423 -7.240 -7.579 -9.483 -6.131 -6.121 -7.403 -7.406
0.003 -0.70993 6.00000 202.1006469727 2.6336188316  195.418  6.626  4.7174  3.925    0  0.000  0.545     0.00     0.00 -1 -8.34e-06      0.00 7.424e-01 2.544e-01 5.700e-04 1.537e-04 1.395e-03 -1.000 3.170e-03 -11.796 -6.644 -6.497 -6.407 -6.326 -6.311 -6.707 -7.618 -7.391 -7.650 -9.524 -6.332 -6.318 -7.592 -7.562
0.003 -0.70993 6.00000 243.5642700195 2.6336188316  234.201  6.739  4.7087  3.856    0  0.000  0.318     0.00     0.00 -1 -1.19e-05      0.00 7.385e-01 2.584e-01 2.301e-04 1.049e-03 8.287e-04 -1.000 3.152e-03 -12.077 -6.933 -6.799 -6.726 -6.682 -6.694 -7.104 -8.017 -7.943 -8.442 -10.418 -6.683 -6.703 -8.016 -8.099
0.003 -0.70993 6.00000 251.4004211426 2.6336188316  241.518  6.758  4.7072  3.844    0  0.000  0.277     0.00     0.00 -1 -1.26e-05      0.00 7.375e-01 2.594e-01 1.635e-04 1.237e-03 7.032e-04 -1.000 3.148e-03 -12.124 -6.991 -6.857 -6.784 -6.738 -6.749 -7.159 -8.072 -7.988 -8.470 -10.440 -6.739 -6.758 -8.069 -8.145
0.003 -0.70993 6.00000 300.7001953125 2.6336188316  287.406  6.862  4.7028  3.798    0  0.000  0.641     0.00     0.00 -1 -1.75e-05      0.00 7.240e-01 2.729e-01 1.619e-04 1.512e-03 3.910e-04 -1.000 3.133e-03 -12.385 -7.282 -7.149 -7.075 -7.023 -7.032 -7.440 -8.353 -8.238 -8.672 -10.628 -7.025 -7.041 -8.346 -8.400
0.003 -0.70993 6.00000 347.9249572754 2.6336188316  331.438  6.945  4.7019  3.773    0  0.000  0.840     0.00     0.00 -1 -2.22e-05      0.00 7.105e-01 2.864e-01 2.961e-05 1.953e-03 6.434e-05 -1.000 3.112e-03 -12.592 -7.496 -7.362 -7.289 -7.235 -7.243 -7.651 -8.564 -8.443 -8.866 -10.819 -7.237 -7.253 -8.556 -8.605
0.003 -0.70993 6.00000 350.0000000000 2.6336188316  333.363  6.948  4.7019  3.772    0  0.000  0.848     0.00     0.00 -1 -2.24e-05      0.00 7.099e-01 2.870e-01 2.422e-05 1.971e-03 5.122e-05 -1.000 3.111e-03 -12.600 -7.504 -7.371 -7.297 -7.244 -7.252 -7.660 -8.572 -8.451 -8.874 -10.827 -7.245 -7.261 -8.564 -8.613
0.003 -0.70993 6.00000 350.0003051758 2.6336188316  331.605  6.953  4.6877  3.709    0  0.000  1.035     0.00     0.00 -1    -2e-05      0.00 7.029e-01 2.940e-01 2.607e-05 1.982e-03 3.653e-05 -1.000 3.112e-03 -12.611 -7.634 -7.491 -7.408 -7.356 -7.359 -7.761 -8.673 -8.474 -8.781 -10.683 -7.357 -7.367 -8.652 -8.645
0.003 -0.70993 6.00000 350.0005493164 2.6336188316  329.918  6.957  4.6745  3.650    0  0.000  1.239     0.00     0.00 -1 -1.79e-05      0.00 6.954e-01 3.015e-01 2.755e-05 1.983e-03 3.325e-05  5.496 3.071e-03 -12.621 -7.762 -7.611 -7.520 -7.475 -7.476 -7.875 -8.786 -8.534 -8.756 -10.614 -7.476 -7.484 -8.757 -8.710
0.003 -0.70993 6.00000 350.0007629395 2.6336188316  328.270  6.960  4.6602  3.587    0  0.000  1.367     0.00     0.00 -1 -1.65e-05      0.00 6.883e-01 3.086e-01 2.882e-05 1.981e-03 3.431e-05  5.573 3.112e-03 -12.631 -8.028 -7.933 -7.910 -7.991 -8.066 -8.508 -9.430 -9.654 -10.345 -12.331 -7.974 -8.082 -9.496 -9.780
0.003 -0.70993 6.00000 350.0009155273 2.6336188316  327.203  6.963  4.6506  3.544    0  0.000  1.417     0.00     0.00 -1 -1.57e-05      0.00 6.834e-01 3.135e-01 2.957e-05 1.979e-03 3.556e-05  5.549 3.071e-03 -12.637 -8.235 -8.187 -8.220 -8.411 -8.551 -9.029 -9.961 -10.590 -11.699 -13.801 -8.379 -8.573 -10.107 -10.674
0.003 -0.70993 6.00000 350.0010070801 2.6336188316  326.289  6.965  4.6417  3.505    0  0.000  1.435     0.00     0.00 -1  -1.5e-05      0.00 6.793e-01 3.176e-01 3.019e-05 1.977e-03 3.686e-05  5.495 3.112e-03 -12.643 -8.250 -8.186 -8.200 -8.356 -8.479 -8.948 -9.877 -10.448 -11.568 -13.678 -8.328 -8.499 -10.006 -10.535
0.003 -0.70993 6.00000 350.0011291504 2.6336188316  325.363  6.967  4.6325  3.465    0  0.000  1.450     0.00     0.00 -1 -1.43e-05      0.00 6.748e-01 3.220e-01 3.079e-05 1.975e-03 3.815e-05  5.428 3.112e-03 -12.648 -8.225 -8.133 -8.111 -8.196 -8.282 -8.733 -9.657 -10.056 -11.070 -13.156 -8.178 -8.299 -9.745 -10.157
0.003 -0.70993 6.00000 350.0012512207 2.6336188316  324.055  6.970  4.6185  3.404    0  0.000  1.460     0.00     0.00 -1 -1.34e-05      0.00 6.687e-01 3.282e-01 3.159e-05 1.973e-03 4.000e-05  5.296 3.076e-03 -12.656 -8.237 -8.117 -8.059 -8.065 -8.110 -8.539 -9.457 -9.633 -10.452 -12.491 -8.058 -8.123 -9.498 -9.756
0.003 -0.70993 6.00000 350.0013427734 2.6336188316  323.285  6.972  4.6097  3.366    0  0.000  1.464     0.00     0.00 -1 -1.28e-05      0.00 6.647e-01 3.322e-01 3.205e-05 1.971e-03 4.107e-05  5.194 3.102e-03 -12.660 -8.282 -8.158 -8.093 -8.072 -8.103 -8.526 -9.442 -9.515 -10.203 -12.209 -8.069 -8.115 -9.464 -9.650
0.003 -0.70993 6.00000 350.0014038086 2.6336188316  322.594  6.974  4.6014  3.330    0  0.000  1.465     0.00     0.00 -1 -1.23e-05      0.00 6.613e-01 3.355e-01 3.245e-05 1.970e-03 4.201e-05  5.072 3.166e-03 -12.664 -8.325 -8.197 -8.125 -8.078 -8.096 -8.513 -9.427 -9.403 -9.966 -11.941 -8.079 -8.107 -9.432 -9.550
0.003 -0.70993 6.00000 350.0014953613 2.6336188316  321.906  6.975  4.5923  3.291    0  0.000  1.467     0.00     0.00 -1 -1.17e-05      0.00 6.580e-01 3.389e-01 3.284e-05 1.969e-03 4.293e-05  4.909 3.106e-03 -12.668 -8.402 -8.273 -8.196 -8.138 -8.145 -8.556 -9.469 -9.381 -9.838 -11.776 -8.141 -8.155 -9.464 -9.536
0.003 -0.70993 6.00000 350.0015563965 2.6336188316  321.234  6.977  4.5829  3.252    0  0.000  1.468     0.00     0.00 -1 -1.11e-05      0.00 6.546e-01 3.423e-01 3.322e-05 1.968e-03 4.383e-05  4.640 3.079e-03 -12.672 -8.488 -8.356 -8.276 -8.210 -8.206 -8.610 -9.522 -9.377 -9.731 -11.628 -8.215 -8.215 -9.509 -9.540
0.003 -0.70993 6.00000 350.0015869141 2.6336188316  320.719  6.978  4.5748  3.217    0  0.000  1.470     0.00     0.00 -1 -1.07e-05      0.00 6.520e-01 3.449e-01 3.351e-05 1.967e-03 4.451e-05  4.206 3.112e-03 -12.676 -8.562 -8.428 -8.344 -8.272 -8.259 -8.657 -9.568 -9.374 -9.638 -11.500 -8.278 -8.266 -9.547 -9.543
0.003 -0.70993 6.00000 350.0016479492 2.6336188316  320.211  6.980  4.5662  3.180    0  0.000  1.471     0.00     0.00 -1 -1.02e-05      0.00 6.492e-01 3.477e-01 3.380e-05 1.966e-03 4.518e-05 -1.000 3.112e-03 -12.679 -8.658 -8.571 -8.567 -8.660 -8.800 -8.842 -9.061 -10.056 -12.561 -12.717 -8.652 -8.785 -9.318 -9.988
0.003 -0.70993 6.00000 350.0017089844 2.6336188316  319.715  6.981  4.5570  3.142    0  0.000  1.472     0.00     0.00 -1 -9.73e-06      0.00 6.465e-01 3.504e-01 3.407e-05 1.965e-03 4.584e-05 -1.000 3.112e-03 -12.682 -8.691 -8.604 -8.599 -8.691 -8.830 -8.871 -9.089 -10.085 -12.596 -12.759 -8.683 -8.814 -9.346 -10.017
0.003 -0.70993 6.00000 350.0017395020 2.6336188316  319.301  6.982  4.5485  3.106    0  0.000  1.473     0.00     0.00 -1 -9.48e-06      0.00 6.443e-01 3.526e-01 3.431e-05 1.965e-03 4.639e-05 -1.000 3.112e-03 -12.685 -8.721 -8.634 -8.629 -8.720 -8.858 -8.898 -9.116 -10.113 -12.628 -12.798 -8.711 -8.841 -9.374 -10.045
0.003 -0.70993 6.00000 350.0017700195 2.6336188316  318.887  6.983  4.5399  3.070    0  0.000  1.474     0.00     0.00 -1 -9.27e-06      0.00 6.420e-01 3.549e-01 3.454e-05 1.964e-03 4.693e-05 -1.000 3.072e-03 -12.688 -8.747 -8.660 -8.656 -8.748 -8.888 -8.928 -9.147 -10.149 -12.666 -12.836 -8.739 -8.871 -9.407 -10.080
0.003 -0.70993 6.00000 350.0018005371 2.6336188316  318.555  6.984  4.5320  3.037    0  0.000  1.474     0.00     0.00 -1 -9.03e-06      0.00 6.402e-01 3.567e-01 3.473e-05 1.963e-03 4.738e-05 -1.000 3.072e-03 -12.690 -8.771 -8.685 -8.681 -8.774 -8.915 -8.955 -9.176 -10.182 -12.700 -12.869 -8.765 -8.897 -9.436 -10.113
0.003 -0.70993 6.00000 350.0018615723 2.6336188316  318.215  6.985  4.5235  3.002    0  0.000  1.475     0.00     0.00 -1 -8.88e-06      0.00 6.386e-01 3.583e-01 3.492e-05 1.963e-03 4.782e-05 -1.000 3.072e-03 -12.693 -8.796 -8.711 -8.707 -8.802 -8.944 -8.985 -9.206 -10.217 -12.736 -12.906 -8.792 -8.926 -9.468 -10.147
0.003 -0.70993 6.00000 350.0018920898 2.6336188316  317.887  6.986  4.5145  2.964    0  0.000  1.476     0.00     0.00 -1 -8.68e-06      0.00 6.370e-01 3.599e-01 3.510e-05 1.962e-03 4.826e-05 -1.000 3.072e-03 -12.695 -8.823 -8.738 -8.735 -8.831 -8.975 -9.016 -9.239 -10.254 -12.775 -12.944 -8.821 -8.956 -9.501 -10.184
0.003 -0.70993 6.00000 350.0019226074 2.6336188316  317.570  6.987  4.5051  2.925    0  0.000  1.476     0.00     0.00 -1 -8.46e-06      0.00 6.355e-01 3.614e-01 3.528e-05 1.961e-03 4.869e-05 -1.000 3.072e-03 -12.698 -8.851 -8.766 -8.764 -8.862 -9.008 -9.048 -9.272 -10.292 -12.815 -12.985 -8.851 -8.988 -9.536 -10.222
0.003 -0.70993 6.00000 350.0019531250 2.6336188316  317.250  6.988  4.4956  2.886    0  0.000  1.477     0.00     0.00 -1 -8.17e-06      0.00 6.337e-01 3.632e-01 3.546e-05 1.961e-03 4.912e-05 -1.000 3.072e-03 -12.700 -8.888 -8.806 -8.809 -8.914 -9.066 -9.108 -9.341 -10.376 -12.905 -13.080 -8.902 -9.046 -9.608 -10.305
0.003 -0.70993 6.00000 350.0019836426 2.6336188316  316.996  6.989  4.4874  2.852    0  0.000  1.477     0.00     0.00 -1 -8.02e-06      0.00 6.325e-01 3.645e-01 3.560e-05 1.960e-03 4.945e-05 -1.000 3.072e-03 -12.702 -8.929 -8.852 -8.865 -8.980 -9.141 -9.187 -9.436 -10.493 -13.033 -13.219 -8.967 -9.121 -9.709 -10.421
0.003 -0.70993 6.00000 350.0020141602 2.6336188316  316.461  6.990  4.4682  2.773    0  0.000  1.478     0.00     0.00 -1 -7.58e-06      0.00 6.293e-01 3.676e-01 3.592e-05 1.959e-03 5.019e-05 -1.000 3.113e-03 -12.706 -9.025 -8.960 -8.994 -9.134 -9.317 -9.372 -9.657 -10.767 -13.330 -13.542 -9.117 -9.298 -9.942 -10.692
0.003 -0.70993 6.00000 350.0020751953 2.6336188316  315.316  6.992  4.4484  2.690    0  0.000  1.481     0.00     0.00 -1 -1.25e-05      0.00 6.236e-01 3.732e-01 3.627e-05 1.958e-03 5.099e-05 -1.000 3.113e-03 -12.710 -9.116 -9.062 -9.117 -9.281 -9.485 -9.548 -9.868 -11.027 -13.614 -13.849 -9.260 -9.466 -10.165 -10.950
0.003 -0.70993 6.00000 350.0021057129 2.6336188316  314.875  6.993  4.4386  2.650    0  0.000  1.482     0.00     0.00 -1 -1.18e-05      0.00 6.217e-01 3.752e-01 3.641e-05 1.958e-03 5.130e-05 -1.000 3.113e-03 -12.712 -9.118 -9.064 -9.119 -9.283 -9.487 -9.550 -9.870 -11.029 -13.615 -13.851 -9.262 -9.467 -10.167 -10.952
0.003 -0.70993 6.00000 350.0021362305 2.6336188316  314.352  6.994  4.4281  2.606    0  0.000  1.483     0.00     0.00 -1 -1.13e-05      0.00 6.188e-01 3.781e-01 3.657e-05 1.957e-03 5.169e-05 -1.000 3.113e-03 -12.714 -9.120 -9.066 -9.121 -9.285 -9.489 -9.552 -9.872 -11.031 -13.618 -13.853 -9.264 -9.470 -10.169 -10.954
0.003 -0.70993 6.00000 350.0021667480 2.6336188316  313.945  6.994  4.4194  2.570    0  0.000  1.484     0.00     0.00 -1 -1.12e-05      0.00 6.164e-01 3.805e-01 3.671e-05 1.957e-03 5.200e-05 -1.000 3.113e-03 -12.716 -9.122 -9.068 -9.123 -9.287 -9.491 -9.554 -9.874 -11.033 -13.619 -13.855 -9.266 -9.471 -10.171 -10.956
0.003 -0.70993 6.00000 350.0021972656 2.6336188316  313.141  6.996  4.3999  2.490    0  0.000  1.487     0.00     0.00 -1 -1.08e-05      0.00 6.118e-01 3.850e-01 3.697e-05 1.956e-03 5.260e-05 -1.000 3.113e-03 -12.719 -9.125 -9.072 -9.127 -9.291 -9.495 -9.557 -9.878 -11.036 -13.623 -13.858 -9.269 -9.475 -10.174 -10.959
0.003 -0.70993 6.00000 350.0022277832 2.6336188316  312.555  6.997  4.3807  2.411    0  0.000  1.488     0.00     0.00 -1 -1.05e-05      0.00 6.088e-01 3.881e-01 3.717e-05 1.955e-03 5.305e-05 -1.000 3.072e-03 -12.722 -9.128 -9.074 -9.130 -9.293 -9.497 -9.560 -9.880 -11.039 -13.626 -13.861 -9.272 -9.478 -10.177 -10.962
0.003 -0.70993 6.00000 350.0022583008 2.6336188316  311.156  6.998  4.3771  2.393    0  0.000  1.491     0.00     0.00 -1 -1.05e-05      0.00 6.016e-01 3.953e-01 3.733e-05 1.955e-03 5.339e-05 -1.000 3.082e-03 -12.724 -9.130 -9.077 -9.132 -9.296 -9.500 -9.562 -9.882 -11.041 -13.628 -13.863 -9.274 -9.480 -10.179 -10.964
0.003 -0.70993 6.00000 350.0022888184 2.6336188316  309.238  6.999  4.3816  2.408    0  0.000  1.497     0.00     0.00 -1 -2.93e-05      0.00 5.905e-01 4.063e-01 3.753e-05 1.954e-03 5.373e-05 -1.000 3.156e-03 -12.727 -8.374 -8.262 -8.297 -8.274 -8.375 -8.415 -8.585 -9.822 -10.522 -11.411 -8.277 -8.375 -8.786 -9.552
0.003 -0.70993 6.00000 350.0023193359 2.6336188316  306.809  7.000  4.3815  2.403    0  0.000  1.504     0.00     0.00 -1 -1.05e-05      0.00 5.773e-01 4.196e-01 3.780e-05 1.954e-03 5.420e-05 -1.000 3.154e-03 -12.730 -8.377 -8.265 -8.300 -8.277 -8.378 -8.418 -8.588 -9.825 -10.525 -11.414 -8.280 -8.378 -8.789 -9.555
0.003 -0.70993 6.00000 350.0023498535 2.6336188316  305.738  7.001  4.3754  2.376    0  0.000  1.508     0.00     0.00 -1 -1.03e-05      0.00 5.709e-01 4.260e-01 3.797e-05 1.954e-03 5.451e-05 -1.000 3.099e-03 -12.732 -8.379 -8.267 -8.302 -8.279 -8.380 -8.420 -8.590 -9.827 -10.527 -11.416 -8.282 -8.380 -8.791 -9.557
0.003 -0.70993 6.00000 350.0023803711 2.6336188316  304.105  7.001  4.3830  2.404    0  0.000  1.513     0.00     0.00 -1 -1.04e-05      0.00 5.620e-01 4.349e-01 3.810e-05 1.954e-03 5.474e-05 -1.000 3.128e-03 -12.734 -8.381 -8.268 -8.304 -8.281 -8.382 -8.421 -8.592 -9.829 -10.529 -11.418 -8.284 -8.381 -8.792 -9.558
0.003 -0.70993 6.00000 350.0024108887 2.6336188316  301.398  7.003  4.3922  2.435    0  0.000  1.522     0.00     0.00 -1 -1.55e-05      0.00 5.453e-01 4.516e-01 3.841e-05 1.953e-03 5.525e-05 -1.000 3.113e-03 -12.737 -8.384 -8.272 -8.307 -8.284 -8.385 -8.425 -8.596 -9.833 -10.532 -11.421 -8.287 -8.385 -8.796 -9.562
0.003 -0.70993 6.00000 350.0024414062 2.6336188316  300.812  7.003  4.3913  2.430    0  0.000  1.525     0.00     0.00 -1 -2.01e-05      0.00 5.413e-01 4.556e-01 3.850e-05 1.953e-03 5.541e-05 -1.000 3.072e-03 -12.739 -8.386 -8.273 -8.309 -8.286 -8.387 -8.426 -8.597 -9.834 -10.534 -11.423 -8.289 -8.387 -8.798 -9.564
0.003 -0.70993 6.00000 350.0024719238 2.6336188316  297.605  7.005  4.3973  2.448    0  0.000  1.536     0.00     0.00 -1 -3.06e-05      0.00 5.224e-01 4.744e-01 3.887e-05 1.952e-03 5.605e-05 -1.000 3.104e-03 -12.743 -8.390 -8.278 -8.313 -8.290 -8.391 -8.431 -8.602 -9.839 -10.538 -11.427 -8.293 -8.391 -8.802 -9.568
0.003 -0.70993 6.00000 350.0025024414 2.6336188316  297.125  7.006  4.3909  2.421    0  0.000  1.537     0.00     0.00 -1 -3.03e-05      0.00 5.205e-01 4.764e-01 3.894e-05 1.952e-03 5.618e-05 -1.000 3.155e-03 -12.744 -8.391 -8.279 -8.314 -8.291 -8.392 -8.432 -8.602 -9.839 -10.539 -11.428 -8.294 -8.392 -8.803 -9.569
0.003 -0.70993 6.00000 350.0025329590 2.6336188316  295.000  7.007  4.3909  2.416    0  0.000  1.545     0.00     0.00 -1 -3.02e-05      0.00 5.063e-01 4.906e-01 3.927e-05 1.951e-03 5.677e-05 -1.000 3.083e-03 -12.749 -8.396 -8.284 -8.319 -8.296 -8.397 -8.437 -8.607 -9.844 -10.544 -11.433 -8.299 -8.397 -8.808 -9.574
0.003 -0.70993 6.00000 350.0025634766 2.6336188316  292.508  7.009  4.4034  2.461    0  0.000  1.555     0.00     0.00 -1 -2.98e-05      0.00 4.910e-01 5.058e-01 3.954e-05 1.951e-03 5.719e-05 -1.000 3.113e-03 -12.752 -8.399 -8.287 -8.322 -8.299 -8.400 -8.440 -8.611 -9.848 -10.547 -11.436 -8.302 -8.400 -8.811 -9.577
0.003 -0.70993 6.00000 350.0025939941 2.6336188316  291.277  7.010  4.3974  2.434    0  0.000  1.560     0.00     0.00 -1 -1.44e-05      0.00 4.842e-01 5.127e-01 3.973e-05 1.950e-03 5.754e-05 -1.000 3.072e-03 -12.755 -8.402 -8.290 -8.325 -8.302 -8.403 -8.443 -8.613 -9.850 -10.550 -11.439 -8.305 -8.403 -8.814 -9.580
0.003 -0.70993 6.00000 350.0026245117 2.6336188316  289.793  7.011  4.3953  2.422    0  0.000  1.566     0.00     0.00 -1 -9.81e-06      0.00 4.747e-01 5.222e-01 3.995e-05 1.950e-03 5.793e-05 -1.000 3.111e-03 -12.758 -8.405 -8.293 -8.328 -8.305 -8.406 -8.446 -8.617 -9.854 -10.553 -11.442 -8.308 -8.406 -8.817 -9.583
0.003 -0.70993 6.00000 350.0026550293 2.6336188316  287.531  7.012  4.4071  2.465    0  0.000  1.574     0.00     0.00 -1 -1.02e-05      0.00 4.624e-01 5.345e-01 4.017e-05 1.949e-03 5.828e-05 -1.000 3.078e-03 -12.761 -8.408 -8.296 -8.331 -8.308 -8.409 -8.449 -8.619 -9.856 -10.556 -11.445 -8.311 -8.409 -8.820 -9.586
0.003 -0.70993 6.00000 350.0026855469 2.6336188316  286.074  7.014  4.4109  2.477    0  0.000  1.581     0.00     0.00 -1 -1.02e-05      0.00 4.524e-01 5.444e-01 4.039e-05 1.949e-03 5.865e-05 -1.000 3.113e-03 -12.764 -8.411 -8.299 -8.334 -8.311 -8.412 -8.452 -8.622 -9.859 -10.559 -11.448 -8.314 -8.412 -8.823 -9.589
0.003 -0.70993 6.00000 350.0027160645 2.6336188316  284.188  7.015  4.4140  2.484    0  0.000  1.589     0.00     0.00 -1 -1.96e-05      0.00 4.408e-01 5.561e-01 4.062e-05 1.949e-03 5.900e-05 -1.000 3.107e-03 -12.768 -8.415 -8.303 -8.338 -8.315 -8.416 -8.456 -8.626 -9.863 -10.563 -11.452 -8.318 -8.416 -8.827 -9.593
0.003 -0.70993 6.00000 350.0027465820 2.6336188316  282.340  7.017  4.4131  2.476    0  0.000  1.597     0.00     0.00 -1 -3.06e-05      0.00 4.293e-01 5.676e-01 4.086e-05 1.948e-03 5.938e-05 -1.000 3.089e-03 -12.772 -8.419 -8.306 -8.342 -8.319 -8.420 -8.460 -8.630 -9.867 -10.567 -11.456 -8.322 -8.420 -8.831 -9.597
0.003 -0.70993 6.00000 350.0027770996 2.6336188316  281.473  7.018  4.4084  2.456    0  0.000  1.601     0.00     0.00 -1 -3.02e-05      0.00 4.241e-01 5.728e-01 4.099e-05 1.948e-03 5.961e-05 -1.000 3.113e-03 -12.774 -8.421 -8.309 -8.344 -8.321 -8.422 -8.462 -8.632 -9.869 -10.569 -11.458 -8.324 -8.422 -8.833 -9.599
0.003 -0.70993 6.00000 350.0028076172 2.6336188316  278.641  7.020  4.4184  2.489    0  0.000  1.614     0.00     0.00 -1 -3.13e-05      0.00 4.069e-01 5.900e-01 4.131e-05 1.947e-03 6.009e-05 -1.000 3.113e-03 -12.779 -8.426 -8.314 -8.349 -8.326 -8.427 -8.467 -8.637 -9.874 -10.574 -11.463 -8.329 -8.427 -8.838 -9.604
0.003 -0.70993 6.00000 350.0028381348 2.6336188316  276.711  7.021  4.4239  2.507    0  0.000  1.624     0.00     0.00 -1 -1.75e-05      0.00 3.941e-01 6.028e-01 4.155e-05 1.947e-03 6.043e-05 -1.000 3.141e-03 -12.783 -8.430 -8.318 -8.353 -8.330 -8.431 -8.471 -8.641 -9.878 -10.578 -11.467 -8.333 -8.431 -8.842 -9.608
0.003 -0.70993 6.00000 350.0028686523 2.6336188316  275.055  7.023  4.4184  2.480    0  0.000  1.633     0.00     0.00 -1 -3.09e-05      0.00 3.841e-01 6.128e-01 4.179e-05 1.946e-03 6.079e-05 -1.000 3.113e-03 -12.787 -8.434 -8.322 -8.357 -8.334 -8.435 -8.475 -8.645 -9.882 -10.582 -11.471 -8.337 -8.435 -8.846 -9.612
0.003 -0.70993 6.00000 350.0028991699 2.6336188316  273.566  7.024  4.4194  2.480    0  0.000  1.641     0.00     0.00 -1 -1.24e-05      0.00 3.737e-01 6.232e-01 4.202e-05 1.945e-03 6.115e-05 -1.000 3.073e-03 -12.791 -8.438 -8.326 -8.361 -8.338 -8.439 -8.479 -8.649 -9.886 -10.586 -11.475 -8.341 -8.439 -8.850 -9.616
0.003 -0.70993 6.00000 350.0029296875 2.6336188316  271.551  7.026  4.4200  2.478    0  0.000  1.651     0.00     0.00 -1 -1.65e-05      0.00 3.624e-01 6.345e-01 4.226e-05 1.945e-03 6.150e-05 -1.000 3.113e-03 -12.795 -8.442 -8.330 -8.365 -8.342 -8.443 -8.483 -8.654 -9.891 -10.590 -11.479 -8.345 -8.443 -8.854 -9.620
0.003 -0.70993 6.00000 350.0029602051 2.6336188316  269.973  7.028  4.4214  2.479    0  0.000  1.660     0.00     0.00 -1 -1.02e-05      0.00 3.519e-01 6.450e-01 4.249e-05 1.945e-03 6.185e-05 -1.000 3.113e-03 -12.800 -8.447 -8.335 -8.370 -8.347 -8.448 -8.488 -8.658 -9.895 -10.595 -11.484 -8.350 -8.448 -8.859 -9.625
0.003 -0.70993 6.00000 350.0029907227 2.6336188316  267.719  7.030  4.4214  2.474    0  0.000  1.672     0.00     0.00 -1 -1.95e-05      0.00 3.405e-01 6.564e-01 4.274e-05 1.944e-03 6.220e-05 -1.000 3.113e-03 -12.804 -8.451 -8.339 -8.374 -8.351 -8.452 -8.492 -8.663 -9.900 -10.599 -11.488 -8.354 -8.452 -8.863 -9.629
0.003 -0.70993 6.00000 350.0030212402 2.6336188316  266.094  7.032  4.4287  2.498    0  0.000  1.681     0.00     0.00 -1 -1.28e-05      0.00 3.302e-01 6.667e-01 4.297e-05 1.944e-03 6.254e-05 -1.000 3.073e-03 -12.809 -8.456 -8.344 -8.379 -8.356 -8.457 -8.497 -8.667 -9.904 -10.604 -11.493 -8.359 -8.457 -8.868 -9.634
0.003 -0.70993 6.00000 350.0030517578 2.6336188316  263.348  7.034  4.4483  2.570    0  0.000  1.698     0.00     0.00 -1 -4.38e-05      0.00 3.147e-01 6.821e-01 4.326e-05 1.944e-03 6.282e-05 -1.000 3.143e-03 -12.815 -8.462 -8.350 -8.385 -8.362 -8.463 -8.503 -8.674 -9.911 -10.610 -11.499 -8.365 -8.463 -8.874 -9.640
0.003 -0.70993 6.00000 350.0030822754 2.6336188316  258.789  7.036  4.4976  2.757    0  0.000  1.720     0.00     0.00 -1  -4.7e-05      0.00 2.956e-01 7.013e-01 4.357e-05 1.943e-03 6.298e-05 -1.000 3.113e-03 -12.821 -8.468 -8.356 -8.391 -8.368 -8.469 -8.509 -8.679 -9.916 -10.616 -11.505 -8.371 -8.469 -8.880 -9.646
0.003 -0.70993 6.00000 350.0031127930 2.6336188316  244.629  7.075  4.3043  1.920    0  0.000  1.524     0.00     0.00 -1 -9.98e-05      0.00 1.938e-01 8.030e-01 3.848e-05 1.953e-03 6.239e-05 -1.000 3.117e-03 -12.918 -8.565 -8.453 -8.488 -8.465 -8.566 -8.606 -8.777 -10.014 -10.713 -11.602 -8.468 -8.566 -8.977 -9.743
0.003 -0.70993 6.00000 350.0031433105 2.6336188316  233.322  7.074  4.5252  2.785    0  0.000  1.511     0.00     0.00 -1 -0.000103      0.00 1.421e-01 8.547e-01 3.892e-05 1.953e-03 6.283e-05 -1.000 3.128e-03 -12.915 -8.568 -8.458 -8.496 -8.480 -8.586 -8.627 -8.809 -10.072 -10.785 -11.681 -8.482 -8.586 -9.026 -9.802
0.003 -0.70993 6.00000 350.0031738281 2.6336188316  221.781  7.062  5.0412  4.838    0  0.000  5.457     0.00     0.00 -1 -9.61e-05      0.00 6.282e-02 8.625e-01 6.446e-02 1.147e-03 6.676e-03 10.897 7.464e-02 -12.886 -6.101 -6.102 -6.217 -6.570 -6.860 -6.994 -7.383 -9.110 -10.329 -11.445 -6.564 -6.863 -7.737 -8.834
0.003 -0.70993 6.00000 350.0032043457 2.6336188316  218.361  7.056  5.0432  4.846    0  0.000  7.659     0.00     0.00 -1 -8.24e-05      0.00 6.242e-02 8.015e-01 1.189e-01 5.164e-04 1.324e-02 11.163 1.361e-01 -12.870 -5.989 -5.978 -6.078 -6.415 -6.686 -6.827 -7.203 -8.908 -10.122 -11.248 -6.405 -6.691 -7.552 -8.633
0.003 -0.70993 6.00000 350.0032348633 2.6336188316  202.455  7.032  5.1101  5.105    0  0.000  5.462     0.00     0.00 -1 -6.79e-05      0.00 2.412e-02 7.724e-01 1.668e-01 5.114e-04 3.265e-02 11.692 2.035e-01 -12.809 -5.576 -5.555 -5.662 -6.018 -6.276 -6.466 -6.839 -8.582 -9.754 -10.864 -5.998 -6.289 -7.213 -8.307
0.003 -0.70993 6.00000 350.0032653809 2.6336188316  201.523  7.030  5.1036  5.079    0  0.000  6.137     0.00     0.00 -1 -4.66e-05      0.00 2.416e-02 6.072e-01 2.981e-01 5.002e-06 6.615e-02 11.933 3.687e-01 -12.804 -5.408 -5.358 -5.421 -5.704 -5.924 -6.101 -6.448 -8.171 -9.291 -10.377 -5.685 -5.937 -6.817 -7.896
0.003 -0.70993 6.00000 350.0033264160 2.6336188316  189.428  7.005  5.0945  5.040    0  0.000  3.422     0.00     0.00 -1 -3.83e-05      0.00 2.472e-02 4.689e-01 3.602e-01 5.119e-06 1.416e-01 11.932 5.064e-01 -12.744 -5.329 -5.270 -5.315 -5.565 -5.769 -5.934 -6.268 -7.973 -9.079 -10.151 -5.547 -5.781 -6.629 -7.698
0.003 -0.70993 6.00000 350.0033874512 2.6336188316  176.018  6.976  5.0888  5.015    0  0.000  1.555     0.00     0.00 -1 -5.23e-05      0.00 2.524e-02 2.898e-01 3.644e-01 5.227e-06 3.155e-01 11.625 6.849e-01 -12.669 -5.464 -5.429 -5.516 -5.838 -6.082 -6.257 -6.619 -8.335 -9.485 -10.595 -5.820 -6.094 -6.983 -8.060
0.003 -0.70993 6.00000 350.0034484863 2.6336188316  161.877  6.941  5.0907  5.021    0  0.000  0.807     0.00     0.00 -1 -6.12e-05      0.00 2.565e-02 1.781e-01 2.960e-01 5.312e-06 4.941e-01 -1.000 7.962e-01 -12.581 -5.510 -5.491 -5.606 -5.969 -6.238 -6.416 -6.795 -8.525 -9.708 -10.826 -5.954 -6.250 -7.161 -8.250
0.003 -0.70993 6.00000 350.0034790039 2.6336188316  151.057  6.911  5.0968  5.045    0  0.000  0.479     0.00     0.00 -1 -6.44e-05      0.00 2.592e-02 1.154e-01 2.223e-01 5.368e-06 6.276e-01 -1.000 8.587e-01 -12.508 -5.486 -5.474 -5.604 -5.992 -6.273 -6.458 -6.843 -8.580 -9.778 -10.900 -5.977 -6.285 -7.213 -8.305
0.003 -0.70993 6.00000 350.0035095215 2.6336188316  142.256  6.886  5.1047  5.076    0  0.000  0.295     0.00     0.00 -1 -6.64e-05      0.00 2.613e-02 7.421e-02 1.554e-01 5.410e-06 7.273e-01 -1.000 8.997e-01 -12.445 -5.450 -5.447 -5.588 -5.992 -6.281 -6.468 -6.858 -8.606 -9.812 -10.935 -5.977 -6.293 -7.230 -8.331
0.003 -0.70993 6.00000 350.0035400391 2.6336188316  129.887  6.906  4.4338  2.332    0  0.000  0.141     0.00     0.00 -1 -0.000134      0.00 2.639e-02 2.676e-02 7.545e-02 5.465e-06 7.987e-01 -1.000 9.469e-01 -12.496 -7.998 -7.888 -7.985 -7.926 -8.039 -8.087 -8.268 -9.492 -10.171 -11.092 -7.928 -8.039 -8.468 -9.221
#isochrone terminated
