# File generated by CMD 3.3 (http://stev.oapd.inaf.it/cmd) on Wed Apr 22 16:26:40 CEST 2020
# isochrones based on PARSEC release v1.2S +  COLIBRI S_35
# Basic references: Bressan et al. (2012), MNRAS, 427, 127 + Chen et al. (2014, 2015), MNRAS, 444, 2525 + MNRAS, 452, 1068 + Tang et al. (2014), MNRAS, 445, 4287 + Marigo et al. (2017), ApJ, 835, 77 + Pastorelli al. (2019), MNRAS in press
# Thermal pulse cycles included 
# On RGB, assumed Reimers mass loss with efficiency eta=0.2
# Photometric system:  2MASS + Spitzer (IRAC+MIPS) + WISE
# Using YBC version of bolometric corrections as in Chen et al. (2019)
# O-rich circumstellar dpmod60alox40 dust from Groenewegen (2006)
# C-rich circumstellar AMCSIC15 dust from Groenewegen (2006)
# IMF: Kroupa (2001, 2002) + Kroupa et al. (2013) canonical two-part-power law IMF corrected for unresolved binaries 
# Kind of output: isochrone tables
# Zini     MH   logAge Mini        int_IMF         Mass   logL    logTe  logg  label   McoreTP C_O  period0 period1 pmode  Mloss  tau1m   X   Y   Xc  Xn  Xo  Cexcess  Z 	 mbolmag  Jmag    Hmag    Ksmag   IRAC_3.6mag  IRAC_4.5mag  IRAC_5.8mag  IRAC_8.0mag  MIPS_24mag  MIPS_70mag  MIPS_160mag  W1mag   W2mag   W3mag   W4mag
0.03 0.33631 7.00000 0.1000000015 1.1711064577    0.100 -2.055  3.3759  3.949    0  0.000  0.545     0.00     0.00 -1 -3.76e-15      0.00 6.680e-01 3.020e-01 5.394e-03 1.455e-03 1.320e-02 -1.000 3.000e-02 9.908 7.791 7.255 6.892 6.426 6.284 6.217 6.123 5.479 5.438 5.450 6.575 6.289 6.063 5.669
0.03 0.33631 7.00000 0.1199999973 1.3193154335    0.120 -1.942  3.3881  3.963    0  0.000  0.545     0.00     0.00 -1 -4.38e-15      0.00 6.680e-01 3.020e-01 5.394e-03 1.455e-03 1.320e-02 -1.000 3.000e-02 9.624 7.507 6.971 6.609 6.143 6.001 5.934 5.840 5.196 5.155 5.168 6.292 6.006 5.780 5.386
0.03 0.33631 7.00000 0.1397935152 1.4373378754    0.140 -1.844  3.3989  3.975    0  0.000  0.545     0.00     0.00 -1 -5.02e-15      0.00 6.680e-01 3.020e-01 5.394e-03 1.455e-03 1.320e-02 -1.000 3.000e-02 9.381 7.264 6.728 6.366 5.900 5.759 5.692 5.598 4.954 4.913 4.925 6.049 5.764 5.538 5.144
0.03 0.33631 7.00000 0.1400000006 1.4384527206    0.140 -1.843  3.3990  3.975    0  0.000  0.545     0.00     0.00 -1 -5.02e-15      0.00 6.680e-01 3.020e-01 5.394e-03 1.455e-03 1.320e-02 -1.000 3.000e-02 9.378 7.261 6.725 6.363 5.898 5.756 5.689 5.596 4.952 4.911 4.923 6.047 5.762 5.536 5.142
0.03 0.33631 7.00000 0.1533824354 1.5064544678    0.153 -1.782  3.4062  3.983    0  0.000  0.545     0.00     0.00 -1 -5.45e-15      0.00 6.680e-01 3.020e-01 5.394e-03 1.455e-03 1.320e-02 -1.000 3.000e-02 9.226 7.109 6.573 6.211 5.746 5.605 5.538 5.444 4.801 4.760 4.771 5.895 5.610 5.384 4.991
0.03 0.33631 7.00000 0.1647343785 1.5583562851    0.165 -1.737  3.4119  3.991    0  0.000  0.545     0.00     0.00 -1 -5.77e-15      0.00 6.680e-01 3.020e-01 5.394e-03 1.455e-03 1.320e-02 -1.000 3.000e-02 9.112 6.995 6.459 6.097 5.633 5.491 5.425 5.331 4.688 4.647 4.658 5.782 5.497 5.271 4.878
0.03 0.33631 7.00000 0.1664123982 1.5656336546    0.166 -1.730  3.4128  3.993    0  0.000  0.545     0.00     0.00 -1 -5.82e-15      0.00 6.680e-01 3.020e-01 5.394e-03 1.455e-03 1.320e-02 -1.000 3.000e-02 9.096 6.979 6.442 6.081 5.616 5.475 5.408 5.314 4.671 4.630 4.642 5.765 5.480 5.255 4.861
0.03 0.33631 7.00000 0.1690020114 1.5766792297    0.169 -1.718  3.4144  3.993    0  0.000  0.545     0.00     0.00 -1 -5.94e-15      0.00 6.680e-01 3.020e-01 5.394e-03 1.455e-03 1.320e-02 -1.000 3.000e-02 9.065 6.948 6.411 6.050 5.585 5.444 5.378 5.284 4.641 4.600 4.611 5.735 5.450 5.224 4.831
0.03 0.33631 7.00000 0.1825524420 1.6310898066    0.183 -1.664  3.4213  4.000    0  0.000  0.545     0.00     0.00 -1 -6.45e-15      0.00 6.680e-01 3.020e-01 5.394e-03 1.455e-03 1.320e-02 -1.000 3.000e-02 8.930 6.818 6.282 5.925 5.468 5.327 5.262 5.171 4.531 4.491 4.508 5.614 5.332 5.113 4.721
0.03 0.33631 7.00000 0.1968404502 1.6830489635    0.197 -1.618  3.4267  4.009    0  0.000  0.545     0.00     0.00 -1 -6.85e-15      0.00 6.680e-01 3.020e-01 5.394e-03 1.455e-03 1.320e-02 -1.000 3.000e-02 8.814 6.711 6.174 5.825 5.377 5.236 5.174 5.086 4.451 4.412 4.437 5.520 5.241 5.032 4.640
0.03 0.33631 7.00000 0.2002077848 1.6945835352    0.200 -1.609  3.4277  4.011    0  0.000  0.545     0.00     0.00 -1 -6.91e-15      0.00 6.680e-01 3.020e-01 5.394e-03 1.455e-03 1.320e-02 -1.000 3.000e-02 8.793 6.691 6.154 5.806 5.360 5.219 5.157 5.070 4.435 4.398 4.424 5.502 5.224 5.016 4.625
0.03 0.33631 7.00000 0.2173040211 1.7494862080    0.217 -1.555  3.4346  4.021    0  0.000  0.545     0.00     0.00 -1 -7.42e-15      0.00 6.680e-01 3.020e-01 5.394e-03 1.455e-03 1.320e-02 -1.000 3.000e-02 8.658 6.566 6.027 5.689 5.256 5.117 5.058 4.976 4.346 4.311 4.345 5.395 5.122 4.925 4.536
0.03 0.33631 7.00000 0.2358241826 1.8029571772    0.236 -1.502  3.4414  4.031    0  0.000  0.545     0.00     0.00 -1 -7.95e-15      0.00 6.680e-01 3.020e-01 5.394e-03 1.455e-03 1.320e-02 -1.000 3.000e-02 8.526 6.443 5.902 5.574 5.155 5.017 4.961 4.884 4.260 4.227 4.269 5.290 5.022 4.837 4.450
0.03 0.33631 7.00000 0.2514774203 1.8440616131    0.252 -1.464  3.4463  4.040    0  0.000  0.545     0.00     0.00 -1 -8.32e-15      0.00 6.680e-01 3.020e-01 5.394e-03 1.455e-03 1.320e-02 -1.000 3.000e-02 8.430 6.354 5.811 5.490 5.080 4.944 4.890 4.816 4.196 4.165 4.212 5.213 4.949 4.772 4.386
0.03 0.33631 7.00000 0.2750084400 1.8999691010    0.275 -1.402  3.4551  4.052    0  0.000  0.545     0.00     0.00 -1 -9.04e-15      0.00 6.680e-01 3.020e-01 5.394e-03 1.455e-03 1.320e-02 -1.000 3.000e-02 8.276 6.214 5.665 5.358 4.965 4.831 4.779 4.710 4.098 4.072 4.129 5.093 4.836 4.672 4.288
0.03 0.33631 7.00000 0.3000000417 1.9529141188    0.300 -1.342  3.4638  4.065    0  0.000  0.545     0.00     0.00 -1  -9.8e-15      0.00 6.680e-01 3.020e-01 5.394e-03 1.455e-03 1.320e-02 -1.000 3.000e-02 8.126 6.078 5.521 5.228 4.854 4.724 4.674 4.610 4.006 3.986 4.052 4.978 4.728 4.578 4.196
0.03 0.33631 7.00000 0.3266761005 2.0034449100    0.327 -1.288  3.4711  4.076    0  0.000  0.545     0.00     0.00 -1 -1.05e-14      0.00 6.680e-01 3.020e-01 5.394e-03 1.455e-03 1.320e-02 -1.000 3.000e-02 7.989 5.955 5.387 5.106 4.752 4.625 4.579 4.519 3.922 3.906 3.979 4.873 4.630 4.491 4.112
0.03 0.33631 7.00000 0.3499999940 2.0434174538    0.350 -1.243  3.4772  4.086    0  0.000  0.545     0.00     0.00 -1 -1.11e-14      0.00 6.680e-01 3.020e-01 5.394e-03 1.455e-03 1.320e-02 -1.000 3.000e-02 7.878 5.855 5.278 5.007 4.668 4.546 4.501 4.444 3.854 3.843 3.921 4.786 4.551 4.420 4.044
0.03 0.33631 7.00000 0.3870807290 2.1003193855    0.387 -1.175  3.4870  4.101    0  0.000  0.545     0.00     0.00 -1 -1.21e-14      0.00 6.680e-01 3.020e-01 5.394e-03 1.455e-03 1.320e-02 -1.000 3.000e-02 7.709 5.708 5.113 4.856 4.541 4.424 4.379 4.324 3.745 3.747 3.838 4.651 4.429 4.310 3.935
0.03 0.33631 7.00000 0.4000000060 2.1185026169    0.400 -1.153  3.4903  4.107    0  0.000  0.545     0.00     0.00 -1 -1.25e-14      0.00 6.680e-01 3.020e-01 5.394e-03 1.455e-03 1.320e-02 -1.000 3.000e-02 7.653 5.661 5.060 4.806 4.499 4.384 4.339 4.285 3.709 3.715 3.811 4.607 4.389 4.273 3.899
0.03 0.33631 7.00000 0.4126525819 2.1355850697    0.413 -1.134  3.4931  4.112    0  0.000  0.545     0.00     0.00 -1 -1.28e-14      0.00 6.680e-01 3.020e-01 5.394e-03 1.455e-03 1.320e-02 -1.000 3.000e-02 7.605 5.618 5.011 4.761 4.462 4.350 4.306 4.253 3.681 3.690 3.787 4.568 4.355 4.243 3.870
0.03 0.33631 7.00000 0.4500000179 2.1822810173    0.450 -1.077  3.5012  4.125    0  0.000  0.545     0.00     0.00 -1 -1.37e-14      0.00 6.680e-01 3.020e-01 5.394e-03 1.455e-03 1.320e-02 -1.000 3.000e-02 7.463 5.495 4.871 4.630 4.354 4.252 4.209 4.160 3.597 3.614 3.718 4.456 4.257 4.155 3.787
0.03 0.33631 7.00000 0.4885528982 2.2254750729    0.489 -1.022  3.5098  4.140    0  0.000  0.545     0.00     0.00 -1 -1.47e-14      0.00 6.680e-01 3.020e-01 5.394e-03 1.455e-03 1.320e-02 -1.000 3.000e-02 7.325 5.379 4.736 4.502 4.248 4.158 4.116 4.068 3.516 3.544 3.654 4.344 4.163 4.069 3.705
0.03 0.33631 7.00000 0.5000000596 2.2374544144    0.500 -1.006  3.5123  4.144    0  0.000  0.545     0.00     0.00 -1  -1.5e-14      0.00 6.680e-01 3.020e-01 5.394e-03 1.455e-03 1.320e-02 -1.000 3.000e-02 7.285 5.346 4.698 4.465 4.217 4.131 4.088 4.040 3.491 3.524 3.635 4.311 4.136 4.043 3.681
0.03 0.33631 7.00000 0.5090017319 2.2465453148    0.509 -0.994  3.5142  4.148    0  0.000  0.545     0.00     0.00 -1 -1.52e-14      0.00 6.680e-01 3.020e-01 5.394e-03 1.455e-03 1.320e-02 -1.000 3.000e-02 7.256 5.322 4.670 4.439 4.195 4.111 4.068 4.020 3.474 3.509 3.622 4.287 4.117 4.025 3.663
0.03 0.33631 7.00000 0.5500000119 2.2836582661    0.550 -0.940  3.5230  4.162    0  0.000  0.545     0.00     0.00 -1 -1.63e-14      0.00 6.680e-01 3.020e-01 5.394e-03 1.455e-03 1.320e-02 -1.000 3.000e-02 7.119 5.209 4.540 4.314 4.090 4.022 3.978 3.930 3.395 3.443 3.562 4.176 4.027 3.940 3.585
0.03 0.33631 7.00000 0.5754553080 2.3036663532    0.575 -0.908  3.5282  4.170    0  0.000  0.545     0.00     0.00 -1  -1.7e-14      0.00 6.680e-01 3.020e-01 5.394e-03 1.455e-03 1.320e-02 -1.000 3.000e-02 7.039 5.143 4.463 4.242 4.031 3.972 3.929 3.882 3.355 3.409 3.530 4.113 3.978 3.896 3.545
0.03 0.33631 7.00000 0.6000000238 2.3211214542    0.600 -0.879  3.5327  4.178    0  0.000  0.545     0.00     0.00 -1 -1.77e-14      0.00 6.680e-01 3.020e-01 5.394e-03 1.455e-03 1.320e-02 -1.000 3.000e-02 6.967 5.081 4.393 4.175 3.975 3.926 3.883 3.837 3.317 3.375 3.498 4.054 3.932 3.854 3.506
0.03 0.33631 7.00000 0.6046952605 2.3242752552    0.604 -0.873  3.5337  4.179    0  0.000  0.545     0.00     0.00 -1 -1.78e-14      0.00 6.680e-01 3.020e-01 5.394e-03 1.455e-03 1.320e-02 -1.000 3.000e-02 6.953 5.070 4.381 4.163 3.966 3.918 3.876 3.829 3.311 3.370 3.493 4.044 3.924 3.847 3.500
0.03 0.33631 7.00000 0.6316783428 2.3413600922    0.632 -0.840  3.5392  4.187    0  0.000  0.545     0.00     0.00 -1 -1.86e-14      0.00 6.680e-01 3.020e-01 5.394e-03 1.455e-03 1.320e-02 -1.000 3.000e-02 6.871 5.001 4.302 4.090 3.905 3.868 3.826 3.780 3.270 3.335 3.460 3.979 3.874 3.801 3.459
0.03 0.33631 7.00000 0.6499999762 2.3520355225    0.650 -0.820  3.5425  4.193    0  0.000  0.545     0.00     0.00 -1 -1.91e-14      0.00 6.680e-01 3.020e-01 5.394e-03 1.455e-03 1.320e-02 -1.000 3.000e-02 6.819 4.958 4.254 4.044 3.867 3.837 3.795 3.749 3.244 3.312 3.438 3.938 3.843 3.772 3.433
0.03 0.33631 7.00000 0.6772157550 2.3666734695    0.677 -0.788  3.5482  4.201    0  0.000  0.545     0.00     0.00 -1    -2e-14      0.00 6.680e-01 3.020e-01 5.394e-03 1.455e-03 1.320e-02 -1.000 3.000e-02 6.740 4.893 4.181 3.976 3.810 3.792 3.750 3.703 3.207 3.281 3.409 3.877 3.798 3.730 3.396
0.03 0.33631 7.00000 0.6999999881 2.3779268265    0.700 -0.763  3.5526  4.208    0  0.000  0.545     0.00     0.00 -1 -2.06e-14      0.00 6.680e-01 3.020e-01 5.394e-03 1.455e-03 1.320e-02 -1.000 3.000e-02 6.677 4.842 4.125 3.924 3.766 3.756 3.714 3.666 3.176 3.256 3.383 3.829 3.762 3.696 3.365
0.03 0.33631 7.00000 0.7500000000 2.3998889923    0.750 -0.614  3.6053  4.300    0  0.000  0.538     0.00     0.00 -1 -2.53e-14      0.00 6.680e-01 3.020e-01 5.323e-03 1.454e-03 1.320e-02 -1.000 3.000e-02 6.305 4.619 3.908 3.757 3.673 3.730 3.690 3.625 3.198 3.322 3.446 3.694 3.737 3.680 3.387
0.03 0.33631 7.00000 0.7893863916 2.4149553776    0.789 -0.572  3.6110  4.304    0  0.000  0.538     0.00     0.00 -1  -2.7e-14      0.00 6.680e-01 3.020e-01 5.323e-03 1.454e-03 1.320e-02 -1.000 3.000e-02 6.201 4.530 3.824 3.680 3.604 3.665 3.626 3.560 3.137 3.264 3.388 3.621 3.672 3.617 3.327
0.03 0.33631 7.00000 0.8000000119 2.4187245369    0.800 -0.560  3.6125  4.303    0  0.000  0.538     0.00     0.00 -1 -2.76e-14      0.00 6.680e-01 3.020e-01 5.323e-03 1.454e-03 1.320e-02 -1.000 3.000e-02 6.171 4.505 3.801 3.658 3.584 3.645 3.607 3.541 3.119 3.246 3.371 3.600 3.652 3.599 3.308
0.03 0.33631 7.00000 0.8434101939 2.4330120087    0.843 -0.518  3.6185  4.308    0  0.000  0.538     0.00     0.00 -1 -2.95e-14      0.00 6.680e-01 3.020e-01 5.323e-03 1.454e-03 1.320e-02 -1.000 3.000e-02 6.065 4.416 3.722 3.585 3.517 3.582 3.544 3.478 3.060 3.190 3.315 3.531 3.589 3.537 3.249
0.03 0.33631 7.00000 0.8500000238 2.4350347519    0.850 -0.511  3.6194  4.308    0  0.000  0.538     0.00     0.00 -1 -2.99e-14      0.00 6.680e-01 3.020e-01 5.323e-03 1.454e-03 1.320e-02 -1.000 3.000e-02 6.047 4.400 3.708 3.572 3.505 3.570 3.533 3.467 3.050 3.180 3.304 3.518 3.577 3.526 3.239
0.03 0.33631 7.00000 0.8999999762 2.4492788315    0.899 -0.460  3.6264  4.309    0  0.000  0.538     0.00     0.00 -1 -3.26e-14      0.00 6.680e-01 3.020e-01 5.323e-03 1.454e-03 1.320e-02 -1.000 3.000e-02 5.919 4.293 3.611 3.483 3.424 3.492 3.457 3.392 2.976 3.109 3.234 3.435 3.499 3.451 3.165
0.03 0.33631 7.00000 0.9022318125 2.4498722553    0.902 -0.458  3.6267  4.310    0  0.000  0.538     0.00     0.00 -1 -3.27e-14      0.00 6.680e-01 3.020e-01 5.323e-03 1.454e-03 1.320e-02 -1.000 3.000e-02 5.914 4.289 3.606 3.479 3.421 3.489 3.454 3.388 2.973 3.106 3.232 3.431 3.496 3.448 3.162
0.03 0.33631 7.00000 0.9499999881 2.4618122578    0.950 -0.404  3.6337  4.307    0  0.000  0.538     0.00     0.00 -1 -3.62e-14      0.00 6.680e-01 3.020e-01 5.323e-03 1.454e-03 1.320e-02 -1.000 3.000e-02 5.781 4.176 3.507 3.387 3.335 3.404 3.371 3.306 2.893 3.027 3.154 3.344 3.411 3.367 3.082
0.03 0.33631 7.00000 1.0000000000 2.4729156494    1.000 -0.351  3.6409  4.305    0  0.000  0.538     0.00     0.00 -1 -3.99e-14      0.00 6.680e-01 3.020e-01 5.323e-03 1.454e-03 1.320e-02 -1.000 3.000e-02 5.648 4.065 3.415 3.300 3.253 3.321 3.290 3.227 2.814 2.951 3.078 3.259 3.328 3.287 3.003
0.03 0.33631 7.00000 1.0283294916 2.4786584377    1.028 -0.323  3.6450  4.305    0  0.000  0.538     0.00     0.00 -1 -4.03e-14      0.00 6.680e-01 3.020e-01 5.323e-03 1.454e-03 1.320e-02 -1.000 3.000e-02 5.577 4.006 3.368 3.257 3.211 3.278 3.247 3.185 2.773 2.910 3.038 3.216 3.284 3.246 2.962
0.03 0.33631 7.00000 1.0499999523 2.4828116894    1.050 -0.300  3.6482  4.304    0  0.000  0.538     0.00     0.00 -1 -4.07e-14      0.00 6.680e-01 3.020e-01 5.323e-03 1.454e-03 1.320e-02 -1.000 3.000e-02 5.520 3.958 3.332 3.222 3.177 3.243 3.214 3.152 2.740 2.877 3.006 3.182 3.249 3.213 2.929
0.03 0.33631 7.00000 1.1000000238 2.4916803837    1.099 -0.244  3.6561  4.299    0  0.000  0.538     0.00     0.00 -1  -4.2e-14      0.00 6.680e-01 3.020e-01 5.323e-03 1.454e-03 1.320e-02 -1.000 3.000e-02 5.379 3.841 3.241 3.136 3.092 3.155 3.128 3.070 2.657 2.795 2.925 3.096 3.161 3.130 2.846
0.03 0.33631 7.00000 1.1059031487 2.4926667213    1.105 -0.237  3.6571  4.299    0  0.000  0.538     0.00     0.00 -1  -4.2e-14      0.00 6.680e-01 3.020e-01 5.323e-03 1.454e-03 1.320e-02 -1.000 3.000e-02 5.364 3.828 3.231 3.126 3.083 3.146 3.119 3.061 2.649 2.787 2.916 3.087 3.152 3.121 2.838
0.03 0.33631 7.00000 1.1499999762 2.4996678829    1.149 -0.187  3.6645  4.295    0  0.000  0.538     0.00     0.00 -1 -4.28e-14      0.00 6.680e-01 3.020e-01 5.323e-03 1.454e-03 1.320e-02 -1.000 3.000e-02 5.237 3.723 3.151 3.051 3.009 3.069 3.044 2.989 2.576 2.715 2.845 3.013 3.075 3.049 2.765
0.03 0.33631 7.00000 1.1829255819 2.5045058727    1.182 -0.152  3.6699  4.294    0  0.000  0.538     0.00     0.00 -1 -4.31e-14      0.00 6.680e-01 3.020e-01 5.323e-03 1.454e-03 1.320e-02 -1.000 3.000e-02 5.150 3.652 3.097 3.001 2.959 3.018 2.994 2.940 2.528 2.667 2.798 2.963 3.023 3.001 2.717
0.03 0.33631 7.00000 1.2000000477 2.5068950653    1.200 -0.128  3.6732  4.290    0  0.000  0.538     0.00     0.00 -1 -4.39e-14      0.00 6.680e-01 3.020e-01 5.323e-03 1.454e-03 1.320e-02 -1.000 3.000e-02 5.091 3.603 3.060 2.965 2.925 2.982 2.959 2.906 2.494 2.633 2.764 2.928 2.987 2.967 2.683
0.03 0.33631 7.00000 1.2500000000 2.5134611130    1.250 -0.061  3.6830  4.280    0  0.000  0.538     0.00     0.00 -1 -4.56e-14      0.00 6.680e-01 3.020e-01 5.323e-03 1.454e-03 1.320e-02 -1.000 3.000e-02 4.922 3.464 2.953 2.863 2.824 2.877 2.857 2.807 2.395 2.536 2.667 2.827 2.882 2.868 2.584
0.03 0.33631 7.00000 1.2999999523 2.5194499493    1.300  0.007  3.6929  4.268    0  0.000  0.538     0.00     0.00 -1  -4.7e-14      0.00 6.680e-01 3.020e-01 5.323e-03 1.454e-03 1.320e-02 -1.000 3.000e-02 4.752 3.326 2.845 2.761 2.724 2.773 2.755 2.709 2.297 2.439 2.571 2.727 2.778 2.769 2.486
0.03 0.33631 7.00000 1.3347822428 2.5233130455    1.335  0.055  3.6997  4.259    0  0.000  0.538     0.00     0.00 -1 -4.76e-14      0.00 6.680e-01 3.020e-01 5.323e-03 1.454e-03 1.320e-02 -1.000 3.000e-02 4.632 3.228 2.768 2.687 2.652 2.699 2.682 2.637 2.226 2.368 2.500 2.654 2.703 2.698 2.415
0.03 0.33631 7.00000 1.3500000238 2.5249314308    1.350  0.077  3.7028  4.254    0  0.000  0.538     0.00     0.00 -1 -4.81e-14      0.00 6.680e-01 3.020e-01 5.323e-03 1.454e-03 1.320e-02 -1.000 3.000e-02 4.577 3.184 2.732 2.653 2.619 2.665 2.648 2.605 2.194 2.335 2.468 2.621 2.669 2.665 2.382
0.03 0.33631 7.00000 1.3958055973 2.5295588970    1.396  0.151  3.7128  4.235    0  0.000  0.538     0.00     0.00 -1 -4.98e-14      0.00 6.680e-01 3.020e-01 5.323e-03 1.454e-03 1.320e-02 -1.000 3.000e-02 4.392 3.034 2.611 2.536 2.505 2.547 2.532 2.491 2.081 2.223 2.356 2.506 2.551 2.552 2.269
0.03 0.33631 7.00000 1.3999999762 2.5299651623    1.400  0.159  3.7138  4.233    0  0.000  0.538     0.00     0.00 -1    -5e-14      0.00 6.680e-01 3.020e-01 5.323e-03 1.454e-03 1.320e-02 -1.000 3.000e-02 4.373 3.019 2.599 2.525 2.493 2.535 2.520 2.480 2.069 2.212 2.344 2.495 2.539 2.541 2.258
0.03 0.33631 7.00000 1.4348802567 2.5332388878    1.435  0.220  3.7217  4.214    0  0.000  0.538     0.00     0.00 -1 -5.11e-14      0.00 6.680e-01 3.020e-01 5.323e-03 1.454e-03 1.320e-02 -1.000 3.000e-02 4.220 2.895 2.496 2.426 2.396 2.435 2.421 2.384 1.973 2.116 2.249 2.397 2.439 2.444 2.162
0.03 0.33631 7.00000 1.4500000477 2.5346016884    1.450  0.248  3.7253  4.204    0  0.000  0.538     0.00     0.00 -1 -5.19e-14      0.00 6.680e-01 3.020e-01 5.323e-03 1.454e-03 1.320e-02 -1.000 3.000e-02 4.149 2.838 2.448 2.380 2.351 2.390 2.376 2.339 1.929 2.072 2.205 2.353 2.393 2.400 2.118
0.03 0.33631 7.00000 1.4543257952 2.5349855423    1.454  0.256  3.7263  4.201    0  0.000  0.538     0.00     0.00 -1  -5.2e-14      0.00 6.680e-01 3.020e-01 5.323e-03 1.454e-03 1.320e-02 -1.000 3.000e-02 4.129 2.821 2.434 2.366 2.338 2.376 2.363 2.326 1.916 2.059 2.192 2.340 2.380 2.387 2.105
0.03 0.33631 7.00000 1.4920176268 2.5382230282    1.492  0.334  3.7355  4.172    0  0.000  0.538     0.00     0.00 -1 -5.36e-14      0.00 6.680e-01 3.020e-01 5.323e-03 1.454e-03 1.320e-02 -1.000 3.000e-02 3.935 2.662 2.299 2.236 2.211 2.246 2.234 2.200 1.790 1.933 2.066 2.212 2.250 2.261 1.979
0.03 0.33631 7.00000 1.5000000000 2.5388846397    1.500  0.352  3.7375  4.165    0  0.000  0.538     0.00     0.00 -1 -5.42e-14      0.00 6.680e-01 3.020e-01 5.323e-03 1.454e-03 1.320e-02 -1.000 3.000e-02 3.891 2.627 2.268 2.206 2.182 2.217 2.204 2.171 1.761 1.904 2.038 2.183 2.220 2.232 1.950
0.03 0.33631 7.00000 1.5082005262 2.5395560265    1.508  0.370  3.7396  4.157    0  0.000  0.538     0.00     0.00 -1 -5.42e-14      0.00 6.680e-01 3.020e-01 5.323e-03 1.454e-03 1.320e-02 -1.000 3.000e-02 3.845 2.589 2.236 2.175 2.152 2.186 2.173 2.141 1.731 1.874 2.008 2.152 2.189 2.202 1.919
0.03 0.33631 7.00000 1.5399019718 2.5420739651    1.540  0.448  3.7481  4.122    0  0.000  0.538     0.00     0.00 -1 -5.57e-14      0.00 6.680e-01 3.020e-01 5.323e-03 1.454e-03 1.320e-02 -1.000 3.000e-02 3.650 2.430 2.098 2.042 2.020 2.052 2.040 2.011 1.592 1.755 1.881 2.021 2.055 2.022 1.780
0.03 0.33631 7.00000 1.5499999523 2.5428512096    1.550  0.475  3.7509  4.109    0  0.000  0.538     0.00     0.00 -1 -5.66e-14      0.00 6.680e-01 3.020e-01 5.323e-03 1.454e-03 1.320e-02 -1.000 3.000e-02 3.583 2.375 2.051 1.996 1.975 2.006 1.994 1.966 1.544 1.714 1.838 1.976 2.009 1.959 1.732
0.03 0.33631 7.00000 1.5547969341 2.5432164669    1.555  0.488  3.7523  4.103    0  0.000  0.538     0.00     0.00 -1 -5.63e-14      0.00 6.680e-01 3.020e-01 5.323e-03 1.454e-03 1.320e-02 -1.000 3.000e-02 3.551 2.349 2.028 1.974 1.954 1.984 1.972 1.945 1.521 1.695 1.817 1.954 1.986 1.929 1.708
0.03 0.33631 7.00000 1.5768481493 2.5448622704    1.577  0.551  3.7589  4.072    0  0.000  0.538     0.00     0.00 -1  -5.6e-14      0.00 6.680e-01 3.020e-01 5.323e-03 1.454e-03 1.320e-02 -1.000 3.000e-02 3.392 2.220 1.914 1.864 1.846 1.873 1.862 1.838 1.406 1.597 1.712 1.846 1.876 1.779 1.593
0.03 0.33631 7.00000 1.5972799063 2.5463407040    1.597  0.614  3.7654  4.041    0  0.000  0.538     0.00     0.00 -1 -5.66e-14      0.00 6.680e-01 3.020e-01 5.323e-03 1.454e-03 1.320e-02 -1.000 3.000e-02 3.235 2.093 1.803 1.755 1.740 1.764 1.754 1.732 1.293 1.502 1.610 1.740 1.767 1.631 1.480
0.03 0.33631 7.00000 1.6000000238 2.5465342999    1.600  0.623  3.7663  4.037    0  0.000  0.538     0.00     0.00 -1 -5.67e-14      0.00 6.680e-01 3.020e-01 5.323e-03 1.454e-03 1.320e-02 -1.000 3.000e-02 3.213 2.076 1.788 1.740 1.725 1.750 1.740 1.718 1.278 1.489 1.596 1.726 1.752 1.611 1.465
0.03 0.33631 7.00000 1.6158368587 2.5476462841    1.615  0.673  3.7717  4.012    0  0.000  0.538     0.00     0.00 -1 -5.22e-14      0.00 6.680e-01 3.020e-01 5.323e-03 1.454e-03 1.320e-02 -1.000 3.000e-02 3.088 1.976 1.700 1.655 1.642 1.664 1.654 1.635 1.190 1.414 1.516 1.642 1.666 1.494 1.376
0.03 0.33631 7.00000 1.6347278357 2.5489401817    1.634  0.733  3.7786  3.985    0  0.000  0.538     0.00     0.00 -1 -4.73e-14      0.00 6.680e-01 3.020e-01 5.323e-03 1.454e-03 1.320e-02 -1.000 3.000e-02 2.938 1.860 1.600 1.558 1.546 1.565 1.557 1.541 1.087 1.330 1.424 1.547 1.567 1.355 1.273
0.03 0.33631 7.00000 1.6499999762 2.5499615669    1.649  0.781  3.7845  3.965    0  0.000  0.538     0.00     0.00 -1 -4.37e-14      0.00 6.680e-01 3.020e-01 5.323e-03 1.453e-03 1.320e-02 -1.000 3.000e-02 2.818 1.769 1.523 1.484 1.473 1.489 1.481 1.468 1.008 1.266 1.354 1.473 1.490 1.244 1.193
0.03 0.33631 7.00000 1.6683987379 2.5511634350    1.668  0.838  3.7924  3.944    0  0.000  0.538     0.00     0.00 -1 -3.04e-14      0.00 6.680e-01 3.020e-01 5.323e-03 1.453e-03 1.320e-02 -1.000 3.000e-02 2.675 1.667 1.438 1.402 1.393 1.405 1.399 1.388 0.919 1.197 1.277 1.393 1.406 1.113 1.103
0.03 0.33631 7.00000 1.6749999523 2.5515873432    1.674  0.858  3.7954  3.937    0  0.000  0.538     0.00     0.00 -1 -2.67e-14      0.00 6.680e-01 3.020e-01 5.323e-03 1.453e-03 1.320e-02 -1.000 3.000e-02 2.625 1.632 1.410 1.375 1.367 1.377 1.371 1.362 0.889 1.176 1.252 1.367 1.378 1.067 1.073
0.03 0.33631 7.00000 1.6831700802 2.5521066189    1.682  0.883  3.7992  3.930    0  0.000  0.538     0.00     0.00 -1  -1.1e-19      0.00 6.680e-01 3.020e-01 5.323e-03 1.453e-03 1.320e-02 -1.000 3.000e-02 2.562 1.589 1.376 1.342 1.334 1.343 1.338 1.330 0.853 1.149 1.222 1.334 1.344 1.010 1.036
0.03 0.33631 7.00000 1.6994016171 2.5531213284    1.698  0.930  3.8074  3.919    0  0.000  0.538     0.00     0.00 -1 -2.46e-30      0.00 6.680e-01 3.020e-01 5.323e-03 1.453e-03 1.320e-02 -1.000 3.000e-02 2.445 1.515 1.319 1.288 1.281 1.287 1.283 1.277 0.791 1.109 1.173 1.281 1.288 0.905 0.974
0.03 0.33631 7.00000 1.7000000477 2.5531582832    1.699  0.932  3.8077  3.919    0  0.000  0.538     0.00     0.00 -1    -1e-30      0.00 6.680e-01 3.020e-01 5.323e-03 1.453e-03 1.320e-02 -1.000 3.000e-02 2.440 1.512 1.317 1.286 1.279 1.285 1.281 1.275 0.789 1.108 1.172 1.279 1.285 0.901 0.972
0.03 0.33631 7.00000 1.7019462585 2.5532782078    1.701  0.938  3.8087  3.918    0  0.000  0.538     0.00     0.00 -1    -1e-30      0.00 6.680e-01 3.020e-01 5.323e-03 1.453e-03 1.320e-02 -1.000 3.000e-02 2.426 1.503 1.310 1.279 1.273 1.278 1.274 1.269 0.782 1.103 1.166 1.273 1.279 0.888 0.964
0.03 0.33631 7.00000 1.7183687687 2.5542788506    1.717  0.981  3.8184  3.917    0  0.000  0.538     0.00     0.00 -1    -1e-30      0.00 6.680e-01 3.020e-01 5.323e-03 1.453e-03 1.320e-02 -1.000 3.000e-02 2.317 1.445 1.271 1.243 1.238 1.240 1.237 1.234 0.742 1.075 1.134 1.238 1.240 0.826 0.924
0.03 0.33631 7.00000 1.7250000238 2.5546767712    1.724  0.996  3.8225  3.920    0  0.000  0.538     0.00     0.00 -1    -1e-30      0.00 6.680e-01 3.020e-01 5.323e-03 1.453e-03 1.320e-02 -1.000 3.000e-02 2.279 1.429 1.263 1.235 1.231 1.232 1.230 1.227 0.736 1.069 1.128 1.231 1.232 0.819 0.918
0.03 0.33631 7.00000 1.7425941229 2.5557155609    1.741  1.031  3.8341  3.937    0  0.000  0.538     0.00     0.00 -1    -1e-30      0.00 6.680e-01 3.020e-01 5.323e-03 1.453e-03 1.320e-02 -1.000 3.000e-02 2.193 1.403 1.260 1.234 1.231 1.230 1.229 1.228 0.738 1.072 1.131 1.231 1.230 0.820 0.920
0.03 0.33631 7.00000 1.7480531931 2.5560328960    1.747  1.041  3.8380  3.944    0  0.000  0.538     0.00     0.00 -1    -1e-30      0.00 6.680e-01 3.020e-01 5.323e-03 1.453e-03 1.320e-02 -1.000 3.000e-02 2.169 1.399 1.264 1.238 1.235 1.234 1.233 1.233 0.743 1.077 1.137 1.235 1.234 0.825 0.925
0.03 0.33631 7.00000 1.7500000000 2.5561456680    1.749  1.041  3.8390  3.948    0  0.000  0.538     0.00     0.00 -1    -1e-30      0.00 6.680e-01 3.020e-01 5.323e-03 1.453e-03 1.320e-02 -1.000 3.000e-02 2.167 1.404 1.270 1.245 1.242 1.240 1.240 1.239 0.749 1.083 1.143 1.241 1.240 0.831 0.931
0.03 0.33631 7.00000 1.7595392466 2.5566935539    1.758  1.043  3.8441  3.969    0  0.000  0.538     0.00     0.00 -1    -1e-30      0.00 6.680e-01 3.020e-01 5.323e-03 1.453e-03 1.320e-02 -1.000 3.000e-02 2.163 1.427 1.303 1.279 1.276 1.274 1.274 1.274 0.784 1.119 1.179 1.276 1.274 0.866 0.966
0.03 0.33631 7.00000 1.7750000954 2.5575671196    1.774  1.033  3.8502  4.006    0  0.000  0.538     0.00     0.00 -1    -1e-30      0.00 6.680e-01 3.020e-01 5.323e-03 1.453e-03 1.320e-02 -1.000 3.000e-02 2.186 1.484 1.370 1.347 1.345 1.342 1.342 1.343 0.854 1.189 1.249 1.344 1.343 0.935 1.036
0.03 0.33631 7.00000 1.7801183462 2.5578522682    1.779  1.030  3.8522  4.019    0  0.000  0.538     0.00     0.00 -1    -1e-30      0.00 6.680e-01 3.020e-01 5.323e-03 1.453e-03 1.320e-02 -1.000 3.000e-02 2.195 1.503 1.393 1.370 1.368 1.366 1.366 1.367 0.878 1.213 1.273 1.368 1.366 0.959 1.060
0.03 0.33631 7.00000 1.7967230082 2.5587651730    1.795  0.998  3.8535  4.060    0  0.000  0.538     0.00     0.00 -1    -1e-30      0.00 6.680e-01 3.020e-01 5.323e-03 1.453e-03 1.320e-02 -1.000 3.000e-02 2.276 1.591 1.482 1.460 1.458 1.456 1.456 1.457 0.968 1.303 1.364 1.458 1.456 1.049 1.150
0.03 0.33631 7.00000 1.7999998331 2.5589430332    1.799  0.990  3.8531  4.068    0  0.000  0.538     0.00     0.00 -1    -1e-30      0.00 6.680e-01 3.020e-01 5.323e-03 1.453e-03 1.320e-02 -1.000 3.000e-02 2.296 1.609 1.500 1.477 1.476 1.473 1.474 1.474 0.985 1.321 1.381 1.475 1.474 1.066 1.167
0.03 0.33631 7.00000 1.8091334105 2.5594348907    1.808  0.967  3.8519  4.088    0  0.000  0.538     0.00     0.00 -1    -1e-30      0.00 6.680e-01 3.020e-01 5.323e-03 1.453e-03 1.320e-02 -1.000 3.000e-02 2.354 1.660 1.549 1.526 1.524 1.522 1.523 1.523 1.034 1.370 1.430 1.524 1.523 1.115 1.216
0.03 0.33631 7.00000 1.8202426434 2.5600254536    1.819  0.940  3.8498  4.109    0  0.000  0.538     0.00     0.00 -1    -1e-30      0.00 6.680e-01 3.020e-01 5.323e-03 1.453e-03 1.320e-02 -1.000 3.000e-02 2.420 1.715 1.599 1.576 1.575 1.573 1.573 1.574 1.084 1.420 1.480 1.575 1.573 1.166 1.267
0.03 0.33631 7.00000 1.8250000477 2.5602757931    1.824  0.930  3.8489  4.117    0  0.000  0.538     0.00     0.00 -1    -1e-30      0.00 6.680e-01 3.020e-01 5.323e-03 1.453e-03 1.320e-02 -1.000 3.000e-02 2.446 1.736 1.618 1.595 1.594 1.592 1.592 1.592 1.103 1.438 1.498 1.593 1.592 1.184 1.285
0.03 0.33631 7.00000 1.8273267746 2.5603976250    1.826  0.924  3.8484  4.121    0  0.000  0.538     0.00     0.00 -1    -1e-30      0.00 6.680e-01 3.020e-01 5.323e-03 1.453e-03 1.320e-02 -1.000 3.000e-02 2.459 1.746 1.627 1.604 1.603 1.601 1.601 1.602 1.112 1.447 1.507 1.603 1.601 1.194 1.294
0.03 0.33631 7.00000 1.8406549692 2.5610892773    1.839  0.906  3.8465  4.135    0  0.000  0.538     0.00     0.00 -1    -1e-30      0.00 6.680e-01 3.020e-01 5.323e-03 1.453e-03 1.320e-02 -1.000 3.000e-02 2.504 1.781 1.659 1.636 1.634 1.633 1.633 1.633 1.143 1.478 1.538 1.634 1.633 1.225 1.326
0.03 0.33631 7.00000 1.8500000238 2.5615673065    1.849  0.906  3.8465  4.136    0  0.000  0.538     0.00     0.00 -1    -1e-30      0.00 6.680e-01 3.020e-01 5.323e-03 1.453e-03 1.320e-02 -1.000 3.000e-02 2.504 1.781 1.658 1.635 1.634 1.632 1.632 1.632 1.143 1.478 1.538 1.634 1.632 1.225 1.325
0.03 0.33631 7.00000 1.8647578955 2.5623109341    1.864  0.900  3.8456  4.142    0  0.000  0.538     0.00     0.00 -1    -1e-30      0.00 6.680e-01 3.020e-01 5.323e-03 1.453e-03 1.320e-02 -1.000 3.000e-02 2.520 1.792 1.667 1.644 1.643 1.641 1.641 1.641 1.152 1.487 1.546 1.642 1.641 1.233 1.334
0.03 0.33631 7.00000 1.8722394705 2.5626828671    1.871  0.900  3.8454  4.144    0  0.000  0.538     0.00     0.00 -1    -1e-30      0.00 6.680e-01 3.020e-01 5.323e-03 1.453e-03 1.320e-02 -1.000 3.000e-02 2.520 1.791 1.666 1.643 1.641 1.640 1.640 1.640 1.150 1.485 1.545 1.641 1.640 1.232 1.332
0.03 0.33631 7.00000 1.8750000000 2.5628192425    1.874  0.904  3.8460  4.142    0  0.000  0.538     0.00     0.00 -1    -1e-30      0.00 6.680e-01 3.020e-01 5.323e-03 1.453e-03 1.320e-02 -1.000 3.000e-02 2.509 1.783 1.660 1.637 1.635 1.634 1.634 1.634 1.144 1.479 1.539 1.635 1.634 1.226 1.326
0.03 0.33631 7.00000 1.8999999762 2.5640332699    1.899  0.938  3.8508  4.134    0  0.000  0.538     0.00     0.00 -1    -1e-30      0.00 6.680e-01 3.020e-01 5.323e-03 1.453e-03 1.320e-02 -1.000 3.000e-02 2.425 1.725 1.610 1.588 1.587 1.585 1.585 1.585 1.096 1.432 1.492 1.586 1.585 1.178 1.278
0.03 0.33631 7.00000 1.9249999523 2.5652110577    1.924  0.972  3.8577  4.133    0  0.000  0.538     0.00     0.00 -1    -1e-30      0.00 6.680e-01 3.020e-01 5.323e-03 1.453e-03 1.320e-02 -1.000 3.000e-02 2.341 1.679 1.577 1.555 1.554 1.552 1.552 1.553 1.064 1.400 1.461 1.554 1.552 1.145 1.247
0.03 0.33631 7.00000 1.9500000477 2.5663545132    1.950  1.009  3.8636  4.126    0  0.000  0.538     0.00     0.00 -1    -1e-30      0.00 6.680e-01 3.020e-01 5.323e-03 1.453e-03 1.320e-02 -1.000 3.000e-02 2.248 1.620 1.529 1.508 1.507 1.505 1.505 1.506 1.018 1.355 1.415 1.507 1.505 1.099 1.200
0.03 0.33631 7.00000 2.0000000000 2.5685424805    2.000  1.077  3.8782  4.127    0  0.000  0.538     0.00     0.00 -1    -1e-30      0.00 6.680e-01 3.020e-01 5.322e-03 1.453e-03 1.320e-02 -1.000 3.000e-02 2.077 1.532 1.466 1.445 1.446 1.444 1.444 1.445 0.958 1.296 1.357 1.445 1.444 1.038 1.140
0.03 0.33631 7.00000 2.0172445774 2.5692684650    2.017  1.102  3.8837  4.128    0  0.000  0.538     0.00     0.00 -1    -1e-30      0.00 6.680e-01 3.020e-01 5.322e-03 1.453e-03 1.320e-02 -1.000 3.000e-02 2.016 1.503 1.446 1.426 1.427 1.425 1.425 1.427 0.940 1.278 1.340 1.426 1.425 1.019 1.122
0.03 0.33631 7.00000 2.0499999523 2.5706083775    2.050  1.148  3.8960  4.137    0  0.000  0.538     0.00     0.00 -1    -1e-30      0.00 6.680e-01 3.020e-01 5.322e-03 1.453e-03 1.320e-02 -1.000 3.000e-02 1.899 1.460 1.421 1.403 1.404 1.402 1.402 1.404 0.918 1.258 1.319 1.403 1.402 0.996 1.100
0.03 0.33631 7.00000 2.0999999046 2.5725615025    2.099  1.247  3.9253  4.166    0  0.000  0.538     0.00     0.00 -1    -1e-30      0.00 6.681e-01 3.020e-01 5.322e-03 1.453e-03 1.320e-02 -1.000 2.997e-02 1.652 1.396 1.394 1.379 1.381 1.380 1.381 1.383 0.899 1.241 1.304 1.381 1.380 0.976 1.081
0.03 0.33631 7.00000 2.1111373901 2.5729823112    2.110  1.268  3.9314  4.171    0  0.000  0.538     0.00     0.00 -1    -1e-30      0.00 6.681e-01 3.020e-01 5.322e-03 1.453e-03 1.320e-02 -1.000 2.996e-02 1.599 1.382 1.386 1.372 1.375 1.374 1.375 1.377 0.893 1.236 1.299 1.374 1.374 0.970 1.076
0.03 0.33631 7.00000 2.1271567345 2.5735783577    2.126  1.272  3.9358  4.189    0  0.000  0.538     0.00     0.00 -1    -1e-30      0.00 6.680e-01 3.020e-01 5.322e-03 1.453e-03 1.320e-02 -1.000 3.000e-02 1.590 1.402 1.410 1.396 1.399 1.399 1.400 1.402 0.919 1.261 1.325 1.398 1.399 0.995 1.101
0.03 0.33631 7.00000 2.1355042458 2.5738849640    2.134  1.279  3.9371  4.188    0  0.000  0.538     0.00     0.00 -1    -1e-30      0.00 6.680e-01 3.020e-01 5.322e-03 1.453e-03 1.320e-02 -1.000 3.000e-02 1.572 1.393 1.402 1.388 1.391 1.391 1.392 1.395 0.911 1.254 1.317 1.391 1.391 0.987 1.093
0.03 0.33631 7.00000 2.1407344341 2.5740754604    2.139  1.299  3.9418  4.188    0  0.000  0.538     0.00     0.00 -1    -1e-30      0.00 6.680e-01 3.020e-01 5.322e-03 1.453e-03 1.320e-02 -1.000 2.999e-02 1.523 1.374 1.387 1.374 1.378 1.377 1.378 1.381 0.898 1.241 1.304 1.377 1.377 0.973 1.080
0.03 0.33631 7.00000 2.1445517540 2.5742139816    2.143  1.318  3.9473  4.192    0  0.000  0.538     0.00     0.00 -1    -1e-30      0.00 6.681e-01 3.020e-01 5.322e-03 1.453e-03 1.320e-02 -1.000 2.994e-02 1.475 1.362 1.379 1.367 1.371 1.371 1.373 1.375 0.892 1.236 1.299 1.370 1.371 0.968 1.074
0.03 0.33631 7.00000 2.1478683949 2.5743339062    2.146  1.331  3.9519  4.198    0  0.000  0.538     0.00     0.00 -1    -1e-30      0.00 6.681e-01 3.020e-01 5.322e-03 1.453e-03 1.320e-02 -1.000 2.992e-02 1.442 1.359 1.380 1.369 1.373 1.373 1.375 1.378 0.895 1.238 1.302 1.372 1.373 0.970 1.077
0.03 0.33631 7.00000 2.1500000954 2.5744106770    2.149  1.335  3.9540  4.203    0  0.000  0.538     0.00     0.00 -1    -1e-30      0.00 6.681e-01 3.020e-01 5.322e-03 1.453e-03 1.320e-02 -1.000 2.994e-02 1.433 1.364 1.387 1.376 1.381 1.381 1.382 1.385 0.902 1.246 1.310 1.380 1.381 0.977 1.085
0.03 0.33631 7.00000 2.1911952496 2.5758614540    2.190  1.360  3.9684  4.244    0  0.000  0.538     0.00     0.00 -1    -1e-30      0.00 6.681e-01 3.019e-01 5.322e-03 1.453e-03 1.320e-02 -1.000 2.998e-02 1.369 1.397 1.428 1.420 1.427 1.427 1.429 1.432 0.950 1.294 1.359 1.426 1.427 1.024 1.132
0.03 0.33631 7.00000 2.2000000477 2.5761635303    2.199  1.363  3.9701  4.249    0  0.000  0.538     0.00     0.00 -1    -1e-30      0.00 6.681e-01 3.019e-01 5.322e-03 1.453e-03 1.320e-02 -1.000 2.998e-02 1.362 1.401 1.434 1.426 1.433 1.433 1.435 1.438 0.956 1.300 1.365 1.432 1.433 1.030 1.138
0.03 0.33631 7.00000 2.2092788219 2.5764787197    2.208  1.366  3.9716  4.255    0  0.000  0.538     0.00     0.00 -1    -1e-30      0.00 6.681e-01 3.019e-01 5.322e-03 1.453e-03 1.320e-02 -1.000 2.999e-02 1.356 1.406 1.439 1.431 1.438 1.439 1.440 1.444 0.961 1.306 1.371 1.437 1.439 1.036 1.143
0.03 0.33631 7.00000 2.2311396599 2.5772094727    2.230  1.375  3.9743  4.260    0  0.000  0.538     0.00     0.00 -1    -1e-30      0.00 6.681e-01 3.019e-01 5.322e-03 1.453e-03 1.320e-02 -1.000 3.000e-02 1.332 1.400 1.435 1.428 1.435 1.436 1.438 1.441 0.959 1.304 1.369 1.434 1.436 1.033 1.141
0.03 0.33631 7.00000 2.2500000000 2.5778269768    2.249  1.381  3.9764  4.266    0  0.000  0.538     0.00     0.00 -1    -1e-30      0.00 6.681e-01 3.019e-01 5.322e-03 1.453e-03 1.320e-02 -1.000 3.000e-02 1.317 1.399 1.434 1.428 1.436 1.436 1.438 1.442 0.960 1.305 1.370 1.435 1.437 1.034 1.142
0.03 0.33631 7.00000 2.2999999523 2.5794074535    2.299  1.401  3.9813  4.275    0  0.000  0.538     0.00     0.00 -1    -1e-30      0.00 6.681e-01 3.019e-01 5.322e-03 1.453e-03 1.320e-02 -1.000 3.000e-02 1.266 1.383 1.420 1.415 1.424 1.425 1.427 1.430 0.948 1.294 1.359 1.423 1.425 1.022 1.130
0.03 0.33631 7.00000 2.3206477165 2.5800373554    2.319  1.416  3.9840  4.276    0  0.000  0.538     0.00     0.00 -1    -1e-30      0.00 6.681e-01 3.019e-01 5.322e-03 1.453e-03 1.320e-02 -1.000 3.000e-02 1.231 1.366 1.405 1.401 1.409 1.410 1.413 1.416 0.934 1.280 1.345 1.408 1.411 1.009 1.116
0.03 0.33631 7.00000 2.4000000954 2.5823426247    2.399  1.475  3.9952  4.276    0  0.000  0.538     0.00     0.00 -1    -1e-30      0.00 6.681e-01 3.019e-01 5.322e-03 1.453e-03 1.320e-02 -1.000 3.000e-02 1.082 1.295 1.339 1.337 1.348 1.350 1.352 1.356 0.875 1.222 1.287 1.347 1.350 0.949 1.057
0.03 0.33631 7.00000 2.5999999046 2.5874414444    2.600  1.616  4.0212  4.274    0  0.000  0.538     0.00     0.00 -1    -1e-30      0.00 6.680e-01 3.020e-01 5.323e-03 1.454e-03 1.320e-02 -1.000 3.000e-02 0.731 1.126 1.179 1.185 1.202 1.205 1.209 1.214 0.737 1.085 1.150 1.200 1.206 0.808 0.919
0.03 0.33631 7.00000 2.7999999523 2.5917119980    2.800  1.739  4.0444  4.275    0  0.000  0.538     0.00     0.00 -1    -1e-30      0.00 6.680e-01 3.020e-01 5.323e-03 1.454e-03 1.320e-02 -1.000 3.000e-02 0.421 0.976 1.036 1.049 1.071 1.076 1.081 1.088 0.613 0.963 1.029 1.068 1.077 0.683 0.795
0.03 0.33631 7.00000 3.0000000000 2.5953342915    3.000  1.859  4.0658  4.271    0  0.000  0.538     0.00     0.00 -1    -1e-30      0.00 6.680e-01 3.020e-01 5.323e-03 1.454e-03 1.320e-02 -1.000 3.000e-02 0.123 0.823 0.890 0.907 0.934 0.941 0.948 0.956 0.484 0.836 0.904 0.931 0.942 0.552 0.666
0.03 0.33631 7.00000 3.2000000477 2.5984411240    3.199  1.971  4.0854  4.266    0  0.000  0.538     0.00     0.00 -1    -1e-30      0.00 6.680e-01 3.020e-01 5.323e-03 1.454e-03 1.320e-02 -1.000 3.000e-02 -0.156 0.677 0.749 0.771 0.802 0.810 0.818 0.828 0.359 0.714 0.782 0.799 0.811 0.424 0.541
0.03 0.33631 7.00000 3.4000000954 2.6011312008    3.398  2.076  4.1037  4.261    1  0.000  0.538     0.00     0.00 -1    -1e-30      0.00 6.680e-01 3.020e-01 5.323e-03 1.454e-03 1.320e-02 -1.000 3.000e-02 -0.419 0.540 0.616 0.642 0.676 0.685 0.694 0.705 0.239 0.596 0.666 0.673 0.687 0.303 0.421
0.03 0.33631 7.00000 3.5999996662 2.6034805775    3.598  2.172  4.1204  4.255    0  0.000  0.538     0.00     0.00 -1    -1e-30      0.00 6.680e-01 3.020e-01 5.323e-03 1.454e-03 1.320e-02 -1.000 3.000e-02 -0.661 0.413 0.492 0.522 0.559 0.569 0.579 0.591 0.127 0.486 0.557 0.555 0.571 0.189 0.309
0.03 0.33631 7.00000 3.7999999523 2.6055479050    3.798  2.265  4.1362  4.250    1  0.000  0.538     0.00     0.00 -1    -1e-30      0.00 6.680e-01 3.020e-01 5.323e-03 1.454e-03 1.320e-02 -1.000 3.000e-02 -0.891 0.292 0.375 0.407 0.448 0.459 0.470 0.482 0.021 0.381 0.452 0.444 0.461 0.081 0.203
0.03 0.33631 7.00000 4.0000000000 2.6073791981    4.001  2.351  4.1508  4.244    1  0.000  0.538     0.00     0.00 -1    -1e-30      0.00 6.680e-01 3.020e-01 5.323e-03 1.454e-03 1.320e-02 -1.000 3.000e-02 -1.108 0.178 0.264 0.298 0.341 0.354 0.365 0.379 -0.081 0.280 0.352 0.337 0.355 -0.022 0.101
0.03 0.33631 7.00000 4.1999998093 2.6090114117    4.198  2.434  4.1646  4.238    1  0.000  0.538     0.00     0.00 -1    -1e-30      0.00 6.680e-01 3.020e-01 5.323e-03 1.454e-03 1.320e-02 -1.000 3.000e-02 -1.314 0.068 0.157 0.194 0.239 0.252 0.264 0.279 -0.179 0.183 0.256 0.235 0.254 -0.121 0.003
0.03 0.33631 7.00000 4.4000000954 2.6104743481    4.397  2.512  4.1773  4.231    1  0.000  0.538     0.00     0.00 -1    -1e-30      0.00 6.680e-01 3.020e-01 5.323e-03 1.454e-03 1.320e-02 -1.000 3.000e-02 -1.510 -0.038 0.054 0.093 0.141 0.154 0.167 0.183 -0.273 0.089 0.162 0.136 0.156 -0.217 -0.092
0.03 0.33631 7.00000 4.5530953407 2.6114947796    4.550  2.569  4.1868  4.226    1  0.000  0.538     0.00     0.00 -1    -1e-30      0.00 6.680e-01 3.020e-01 5.323e-03 1.454e-03 1.320e-02 -1.000 3.000e-02 -1.653 -0.114 -0.020 0.021 0.070 0.084 0.098 0.113 -0.342 0.021 0.094 0.065 0.086 -0.286 -0.160
0.03 0.33631 7.00000 4.5999999046 2.6117916107    4.598  2.586  4.1897  4.225    1  0.000  0.538     0.00     0.00 -1    -1e-30      0.00 6.680e-01 3.020e-01 5.323e-03 1.454e-03 1.320e-02 -1.000 3.000e-02 -1.696 -0.137 -0.042 -0.001 0.049 0.063 0.077 0.092 -0.362 0.001 0.073 0.044 0.065 -0.306 -0.180
0.03 0.33631 7.00000 4.8000001907 2.6129837036    4.798  2.657  4.2010  4.218    1  0.000  0.538     0.00     0.00 -1    -1e-30      0.00 6.680e-01 3.020e-01 5.323e-03 1.454e-03 1.320e-02 -1.000 3.000e-02 -1.873 -0.233 -0.137 -0.094 -0.042 -0.027 -0.013 0.004 -0.450 -0.086 -0.014 -0.047 -0.025 -0.395 -0.268
0.03 0.33631 7.00000 5.0000000000 2.6140668392    4.999  2.726  4.2121  4.212    1  0.000  0.538     0.00     0.00 -1    -1e-30      0.00 6.680e-01 3.020e-01 5.323e-03 1.454e-03 1.320e-02 -1.000 3.000e-02 -2.044 -0.326 -0.227 -0.182 -0.128 -0.112 -0.098 -0.081 -0.532 -0.169 -0.099 -0.133 -0.111 -0.479 -0.351
0.03 0.33631 7.00000 5.1011953354 2.6145777702    5.101  2.759  4.2174  4.208    1  0.000  0.538     0.00     0.00 -1    -1e-30      0.00 6.680e-01 3.020e-01 5.323e-03 1.454e-03 1.320e-02 -1.000 3.000e-02 -2.128 -0.372 -0.272 -0.226 -0.172 -0.156 -0.141 -0.123 -0.575 -0.211 -0.143 -0.177 -0.154 -0.521 -0.393
0.03 0.33631 7.00000 5.1999998093 2.6150546074    5.200  2.792  4.2226  4.205    1  0.000  0.538     0.00     0.00 -1    -1e-30      0.00 6.680e-01 3.020e-01 5.323e-03 1.454e-03 1.320e-02 -1.000 3.000e-02 -2.209 -0.417 -0.316 -0.269 -0.214 -0.197 -0.182 -0.164 -0.615 -0.252 -0.185 -0.219 -0.195 -0.562 -0.433
0.03 0.33631 7.00000 5.3162760735 2.6155896187    5.317  2.828  4.2283  4.201    1  0.000  0.538     0.00     0.00 -1    -1e-30      0.00 6.680e-01 3.020e-01 5.323e-03 1.454e-03 1.320e-02 -1.000 3.000e-02 -2.301 -0.468 -0.366 -0.317 -0.261 -0.245 -0.229 -0.211 -0.661 -0.298 -0.232 -0.267 -0.243 -0.608 -0.479
0.03 0.33631 7.00000 5.4000000954 2.6159586906    5.401  2.854  4.2324  4.198    1  0.000  0.538     0.00     0.00 -1    -1e-30      0.00 6.680e-01 3.020e-01 5.323e-03 1.454e-03 1.320e-02 -1.000 3.000e-02 -2.366 -0.504 -0.401 -0.352 -0.295 -0.278 -0.262 -0.244 -0.694 -0.330 -0.266 -0.301 -0.276 -0.641 -0.512
0.03 0.33631 7.00000 5.5999999046 2.6167888641    5.601  2.915  4.2419  4.191    1  0.000  0.538     0.00     0.00 -1    -1e-30      0.00 6.680e-01 3.020e-01 5.323e-03 1.454e-03 1.320e-02 -1.000 3.000e-02 -2.517 -0.588 -0.483 -0.432 -0.374 -0.356 -0.340 -0.321 -0.770 -0.407 -0.345 -0.379 -0.354 -0.718 -0.588
0.03 0.33631 7.00000 5.7535338402 2.6173813343    5.754  2.960  4.2489  4.186    1  0.000  0.538     0.00     0.00 -1    -1e-30      0.00 6.680e-01 3.020e-01 5.323e-03 1.454e-03 1.320e-02 -1.000 3.000e-02 -2.629 -0.650 -0.544 -0.492 -0.432 -0.415 -0.398 -0.378 -0.826 -0.465 -0.404 -0.438 -0.412 -0.775 -0.645
0.03 0.33631 7.00000 5.8000001907 2.6175537109    5.801  2.973  4.2510  4.184    1  0.000  0.538     0.00     0.00 -1    -1e-30      0.00 6.680e-01 3.020e-01 5.323e-03 1.454e-03 1.320e-02 -1.000 3.000e-02 -2.663 -0.669 -0.562 -0.510 -0.450 -0.432 -0.415 -0.396 -0.843 -0.482 -0.422 -0.456 -0.430 -0.792 -0.661
0.03 0.33631 7.00000 5.9999995232 2.6182601452    6.000  3.029  4.2596  4.177    1  0.000  0.538     0.00     0.00 -1    -1e-30      0.00 6.680e-01 3.020e-01 5.323e-03 1.454e-03 1.320e-02 -1.000 3.000e-02 -2.803 -0.749 -0.640 -0.586 -0.524 -0.506 -0.488 -0.468 -0.915 -0.555 -0.496 -0.531 -0.504 -0.865 -0.733
0.03 0.33631 7.00000 6.1999993324 2.6189143658    6.200  3.083  4.2679  4.170    1  0.000  0.538     0.00     0.00 -1    -1e-30      0.00 6.680e-01 3.020e-01 5.323e-03 1.454e-03 1.320e-02 -1.000 3.000e-02 -2.939 -0.826 -0.716 -0.661 -0.597 -0.578 -0.560 -0.540 -0.985 -0.626 -0.568 -0.604 -0.576 -0.936 -0.803
0.03 0.33631 7.00000 6.3761334419 2.6194515228    6.375  3.130  4.2749  4.164    1  0.000  0.538     0.00     0.00 -1    -1e-30      0.00 6.680e-01 3.020e-01 5.323e-03 1.454e-03 1.320e-02 -1.000 3.000e-02 -3.055 -0.893 -0.781 -0.725 -0.660 -0.640 -0.622 -0.601 -1.045 -0.687 -0.630 -0.666 -0.638 -0.996 -0.863
0.03 0.33631 7.00000 6.4000000954 2.6195218563    6.399  3.136  4.2759  4.163    1  0.000  0.538     0.00     0.00 -1    -1e-30      0.00 6.680e-01 3.020e-01 5.323e-03 1.454e-03 1.320e-02 -1.000 3.000e-02 -3.070 -0.902 -0.790 -0.733 -0.668 -0.648 -0.630 -0.609 -1.053 -0.695 -0.638 -0.675 -0.646 -1.004 -0.872
0.03 0.33631 7.00000 6.5948719978 2.6200730801    6.587  3.184  4.2831  4.157    1  0.000  0.538     0.00     0.00 -1    -1e-30      0.00 6.680e-01 3.020e-01 5.323e-03 1.454e-03 1.320e-02 -1.000 3.000e-02 -3.190 -0.971 -0.857 -0.799 -0.733 -0.712 -0.694 -0.672 -1.116 -0.758 -0.701 -0.739 -0.710 -1.067 -0.934
0.03 0.33631 7.00000 6.6241345406 2.6201527119    6.616  3.191  4.2842  4.156    1  0.000  0.538     0.00     0.00 -1    -1e-30      0.00 6.680e-01 3.020e-01 5.323e-03 1.454e-03 1.320e-02 -1.000 3.000e-02 -3.208 -0.982 -0.868 -0.810 -0.743 -0.722 -0.703 -0.682 -1.125 -0.768 -0.711 -0.749 -0.720 -1.077 -0.943
0.03 0.33631 7.00000 7.1794872284 2.6215224266    7.166  3.324  4.3037  4.136    1  0.000  0.538     0.00     0.00 -1    -1e-30      0.00 6.680e-01 3.020e-01 5.323e-03 1.454e-03 1.320e-02 -1.000 3.000e-02 -3.541 -1.179 -1.060 -0.999 -0.927 -0.905 -0.885 -0.862 -1.303 -0.946 -0.888 -0.935 -0.903 -1.256 -1.121
0.03 0.33631 7.00000 7.3268141747 2.6218459606    7.314  3.358  4.3085  4.130    1  0.000  0.538     0.00     0.00 -1    -1e-30      0.00 6.680e-01 3.020e-01 5.323e-03 1.454e-03 1.320e-02 -1.000 3.000e-02 -3.624 -1.230 -1.110 -1.047 -0.975 -0.953 -0.932 -0.908 -1.348 -0.992 -0.934 -0.982 -0.950 -1.302 -1.167
0.03 0.33631 7.00000 7.9410009384 2.6230475903    7.932  3.493  4.3272  4.105    1  0.000  0.538     0.00     0.00 -1    -1e-30      0.00 6.680e-01 3.020e-01 5.323e-03 1.454e-03 1.320e-02 -1.000 3.000e-02 -3.962 -1.439 -1.315 -1.249 -1.172 -1.147 -1.125 -1.100 -1.537 -1.181 -1.120 -1.179 -1.144 -1.492 -1.355
0.03 0.33631 7.00000 8.1538467407 2.6234157085    8.146  3.538  4.3333  4.096    1  0.000  0.538     0.00     0.00 -1    -1e-30      0.00 6.680e-01 3.020e-01 5.323e-03 1.454e-03 1.320e-02 -1.000 3.000e-02 -4.074 -1.510 -1.385 -1.317 -1.239 -1.214 -1.191 -1.165 -1.602 -1.245 -1.184 -1.247 -1.211 -1.557 -1.420
0.03 0.33631 7.00000 8.3705606461 2.6237683296    8.362  3.582  4.3391  4.087    1  0.000  0.538     0.00     0.00 -1    -1e-30      0.00 6.680e-01 3.020e-01 5.323e-03 1.454e-03 1.320e-02 -1.000 3.000e-02 -4.184 -1.580 -1.454 -1.385 -1.305 -1.279 -1.256 -1.229 -1.665 -1.308 -1.246 -1.313 -1.276 -1.621 -1.483
0.03 0.33631 7.00000 8.9438800812 2.6246075630    8.933  3.694  4.3536  4.062    1  0.000  0.538     0.00     0.00 -1    -1e-30      0.00 6.680e-01 3.020e-01 5.323e-03 1.454e-03 1.320e-02 -1.000 3.000e-02 -4.464 -1.763 -1.634 -1.563 -1.479 -1.451 -1.427 -1.399 -1.833 -1.474 -1.411 -1.487 -1.448 -1.790 -1.651
0.03 0.33631 7.00000 9.1282052994 2.6248517036    9.118  3.729  4.3580  4.053    1  0.000  0.538     0.00     0.00 -1    -1e-30      0.00 6.680e-01 3.020e-01 5.323e-03 1.454e-03 1.320e-02 -1.000 3.000e-02 -4.552 -1.821 -1.691 -1.619 -1.534 -1.506 -1.481 -1.453 -1.886 -1.527 -1.463 -1.543 -1.503 -1.844 -1.705
0.03 0.33631 7.00000 9.2224760056 2.6249723434    9.212  3.746  4.3601  4.049    1  0.000  0.538     0.00     0.00 -1    -1e-30      0.00 6.680e-01 3.020e-01 5.323e-03 1.454e-03 1.320e-02 -1.000 3.000e-02 -4.595 -1.850 -1.720 -1.647 -1.562 -1.534 -1.509 -1.480 -1.913 -1.554 -1.489 -1.570 -1.531 -1.871 -1.731
0.03 0.33631 7.00000 9.6947498322 2.6255359650    9.687  3.831  4.3702  4.026    1  0.000  0.538     0.00     0.00 -1    -1e-30      0.00 6.680e-01 3.020e-01 5.323e-03 1.454e-03 1.320e-02 -1.000 3.000e-02 -4.807 -1.996 -1.864 -1.790 -1.701 -1.673 -1.647 -1.617 -2.049 -1.688 -1.623 -1.711 -1.669 -2.008 -1.867
0.03 0.33631 7.00000 10.1025638580 2.6259741783   10.097  3.903  4.3781  4.004    1  0.000  0.538     0.00     0.00 -1    -1e-30      0.00 6.680e-01 3.020e-01 5.323e-03 1.454e-03 1.320e-02 -1.000 3.000e-02 -4.988 -2.125 -1.991 -1.915 -1.825 -1.795 -1.769 -1.739 -2.169 -1.808 -1.741 -1.834 -1.792 -2.129 -1.988
0.03 0.33631 7.00000 10.1364498138 2.6260087490   10.131  3.909  4.3787  4.002    1  0.000  0.538     0.00     0.00 -1    -1e-30      0.00 6.680e-01 3.020e-01 5.323e-03 1.454e-03 1.320e-02 -1.000 3.000e-02 -5.002 -2.135 -2.001 -1.925 -1.835 -1.805 -1.779 -1.749 -2.179 -1.817 -1.751 -1.844 -1.802 -2.139 -1.997
0.03 0.33631 7.00000 10.5415754318 2.6264026165   10.538  3.977  4.3856  3.978    1  0.000  0.538     0.00     0.00 -1    -1e-30      0.00 6.680e-01 3.020e-01 5.323e-03 1.454e-03 1.320e-02 -1.000 3.000e-02 -5.172 -2.262 -2.126 -2.049 -1.957 -1.927 -1.900 -1.870 -2.299 -1.936 -1.868 -1.967 -1.924 -2.259 -2.117
0.03 0.33631 7.00000 10.9185009003 2.6267390251   10.916  4.039  4.3915  3.955    1  0.000  0.538     0.00     0.00 -1    -1e-30      0.00 6.680e-01 3.020e-01 5.323e-03 1.454e-03 1.320e-02 -1.000 3.000e-02 -5.327 -2.380 -2.244 -2.165 -2.072 -2.042 -2.014 -1.983 -2.412 -2.048 -1.979 -2.082 -2.038 -2.373 -2.230
0.03 0.33631 7.00000 11.0769224167 2.6268725395   11.075  4.065  4.3938  3.945    1  0.000  0.538     0.00     0.00 -1    -1e-30      0.00 6.680e-01 3.020e-01 5.323e-03 1.454e-03 1.320e-02 -1.000 3.000e-02 -5.391 -2.430 -2.293 -2.215 -2.121 -2.090 -2.063 -2.032 -2.460 -2.095 -2.027 -2.131 -2.087 -2.421 -2.278
0.03 0.33631 7.00000 11.2044124603 2.6269769669   11.203  4.084  4.3955  3.937    1  0.000  0.538     0.00     0.00 -1 -1.19e-30      0.00 6.680e-01 3.020e-01 5.323e-03 1.454e-03 1.320e-02 -1.000 3.000e-02 -5.441 -2.469 -2.332 -2.253 -2.159 -2.128 -2.101 -2.070 -2.498 -2.132 -2.064 -2.169 -2.125 -2.459 -2.316
0.03 0.33631 7.00000 11.5581569672 2.6272525787   11.555  4.139  4.4000  3.914    1  0.000  0.538     0.00     0.00 -1 -1.92e-30      0.00 6.680e-01 3.020e-01 5.324e-03 1.454e-03 1.320e-02 -1.000 3.000e-02 -5.578 -2.579 -2.441 -2.361 -2.266 -2.235 -2.207 -2.176 -2.603 -2.237 -2.168 -2.276 -2.231 -2.565 -2.421
0.03 0.33631 7.00000 11.8907775879 2.6274945736   11.887  4.190  4.4036  3.889    1  0.000  0.538     0.00     0.00 -1 -2.98e-30      0.00 6.680e-01 3.020e-01 5.325e-03 1.454e-03 1.320e-02 -1.000 3.000e-02 -5.705 -2.662 -2.538 -2.464 -2.377 -2.360 -2.756 -3.664 -3.271 -3.010 -4.519 -2.386 -2.367 -3.616 -3.468
0.03 0.33631 7.00000 12.0512809753 2.6276059151   12.047  4.215  4.4050  3.876    1  0.000  0.538     0.00     0.00 -1 -3.66e-30      0.00 6.680e-01 3.020e-01 5.325e-03 1.454e-03 1.320e-02 -1.000 3.000e-02 -5.767 -2.716 -2.594 -2.520 -2.432 -2.414 -2.809 -3.717 -3.325 -3.068 -4.578 -2.441 -2.421 -3.670 -3.522
0.03 0.33631 7.00000 12.2671375275 2.6277503967   12.256  4.246  4.4067  3.859    1  0.000  0.539     0.00     0.00 -1 -1.27e-27      0.00 6.680e-01 3.020e-01 5.333e-03 1.454e-03 1.320e-02 -1.000 3.000e-02 -5.844 -2.786 -2.666 -2.591 -2.501 -2.482 -2.877 -3.785 -3.394 -3.142 -4.652 -2.510 -2.489 -3.737 -3.591
0.03 0.33631 7.00000 12.7307395935 2.6280417442   12.703  4.312  4.4092  3.819    1  0.000  0.540     0.00     0.00 -1  -2.6e-22      0.00 6.680e-01 3.020e-01 5.350e-03 1.454e-03 1.320e-02 -1.000 3.000e-02 -6.009 -2.943 -2.823 -2.748 -2.654 -2.635 -3.028 -3.937 -3.549 -3.306 -4.818 -2.664 -2.642 -3.890 -3.745
0.03 0.33631 7.00000 13.1603899002 2.6282906532   13.115  4.371  4.4105  3.778    1  0.000  0.542     0.00     0.00 -1 -1.49e-17      0.00 6.680e-01 3.020e-01 5.365e-03 1.455e-03 1.320e-02 -1.000 3.000e-02 -6.158 -3.093 -2.974 -2.898 -2.802 -2.782 -3.175 -4.084 -3.698 -3.462 -4.975 -2.811 -2.789 -4.037 -3.894
0.03 0.33631 7.00000 13.5571537018 2.6285047531   13.493  4.426  4.4104  3.735    1  0.000  0.543     0.00     0.00 -1 -2.68e-13      0.00 6.680e-01 3.020e-01 5.379e-03 1.455e-03 1.320e-02 -1.000 3.000e-02 -6.296 -3.242 -3.122 -3.045 -2.948 -2.928 -3.321 -4.230 -3.846 -3.614 -5.130 -2.957 -2.935 -4.183 -4.042
0.03 0.33631 7.00000 13.9133853912 2.6286847591   13.831  4.476  4.4089  3.691    1  0.000  0.545     0.00     0.00 -1 -1.41e-09      0.00 6.680e-01 3.020e-01 5.391e-03 1.455e-03 1.320e-02 -1.000 3.000e-02 -6.420 -3.389 -3.268 -3.190 -3.094 -3.074 -3.467 -4.376 -3.994 -3.765 -5.281 -3.103 -3.081 -4.329 -4.189
0.03 0.33631 7.00000 13.9999990463 2.6287269592   13.910  4.488  4.4042  3.662    1  0.000  0.545     0.00     0.00 -1 -1.17e-08      0.00 6.680e-01 3.020e-01 5.394e-03 1.455e-03 1.320e-02 -1.000 3.000e-02 -6.451 -3.464 -3.342 -3.264 -3.174 -3.155 -3.547 -4.455 -4.072 -3.840 -5.355 -3.182 -3.161 -4.409 -4.267
0.03 0.33631 7.00000 14.0000000000 2.6287269592   13.914  4.488  4.4083  3.679    0  0.000  0.545     0.00     0.00 -1 -1.09e-08      0.00 6.680e-01 3.020e-01 5.394e-03 1.455e-03 1.320e-02 -1.000 3.000e-02 -6.450 -3.427 -3.306 -3.228 -3.132 -3.112 -3.505 -4.414 -4.032 -3.803 -5.320 -3.141 -3.119 -4.368 -4.227
0.03 0.33631 7.00000 14.0017528534 2.6287279129   13.916  4.488  4.4082  3.678    0  0.000  0.545     0.00     0.00 -1 -1.09e-08      0.00 6.680e-01 3.020e-01 5.394e-03 1.455e-03 1.320e-02 -1.000 3.000e-02 -6.450 -3.428 -3.307 -3.228 -3.133 -3.113 -3.506 -4.415 -4.033 -3.804 -5.321 -3.142 -3.120 -4.368 -4.228
0.03 0.33631 7.00000 14.3643999100 2.6288981438   14.260  4.535  4.4053  3.630    0  0.000  0.545     0.00     0.00 -1  -1.3e-08      0.00 6.680e-01 3.020e-01 5.394e-03 1.455e-03 1.320e-02 -1.000 3.000e-02 -6.567 -3.581 -3.459 -3.380 -3.288 -3.268 -3.661 -4.569 -4.188 -3.960 -5.477 -3.297 -3.275 -4.523 -4.383
0.03 0.33631 7.00000 14.7865314484 2.6290843487   14.659  4.589  4.3999  3.566    0  0.000  0.545     0.00     0.00 -1 -1.53e-08      0.00 6.680e-01 3.020e-01 5.394e-03 1.455e-03 1.320e-02 -1.000 3.000e-02 -6.703 -3.768 -3.644 -3.565 -3.478 -3.456 -3.768 -4.503 -4.270 -4.018 -5.239 -3.486 -3.460 -4.537 -4.395
0.03 0.33631 7.00000 15.1510400772 2.6292357445   15.001  4.636  4.3928  3.501    0  0.000  0.545     0.00     0.00 -1 -1.72e-08      0.00 6.680e-01 3.020e-01 5.394e-03 1.455e-03 1.320e-02 -1.000 3.000e-02 -6.821 -3.946 -3.824 -3.742 -3.657 -3.634 -3.925 -4.612 -4.426 -4.178 -5.327 -3.665 -3.638 -4.669 -4.531
0.03 0.33631 7.00000 15.4886646271 2.6293685436   15.314  4.680  4.3839  3.431    0  0.000  0.545     0.00     0.00 -1 -2.54e-08      0.00 6.680e-01 3.020e-01 5.394e-03 1.455e-03 1.320e-02 -1.000 3.000e-02 -6.930 -4.117 -3.995 -3.912 -3.830 -3.805 -4.026 -4.554 -4.511 -4.255 -5.152 -3.838 -3.808 -4.685 -4.551
0.03 0.33631 7.00000 15.7154445648 2.6294541359   15.521  4.709  4.3767  3.379    0  0.000  0.545     0.00     0.00 -1 -3.11e-08      0.00 6.680e-01 3.020e-01 5.394e-03 1.455e-03 1.320e-02 -1.000 3.000e-02 -7.002 -4.238 -4.115 -4.033 -3.953 -3.928 -4.112 -4.557 -4.586 -4.319 -5.080 -3.961 -3.929 -4.727 -4.593
0.03 0.33631 7.00000 15.9197635651 2.6295287609   15.687  4.735  4.3686  3.325    0  0.000  0.545     0.00     0.00 -1 -1.31e-07      0.00 6.680e-01 3.020e-01 5.394e-03 1.455e-03 1.320e-02 -1.000 3.000e-02 -7.067 -4.366 -4.256 -4.176 -4.105 -4.096 -4.493 -5.403 -5.082 -5.055 -6.703 -4.110 -4.103 -5.363 -5.267
0.03 0.33631 7.00000 16.0000000000 2.6295573711   15.741  4.745  4.3645  3.301    0  0.000  0.545     0.00     0.00 -1 -2.29e-07      0.00 6.680e-01 3.020e-01 5.394e-03 1.455e-03 1.320e-02 -1.000 3.000e-02 -7.091 -4.427 -4.316 -4.235 -4.163 -4.152 -4.548 -5.457 -5.129 -5.067 -6.697 -4.169 -4.159 -5.417 -5.315
0.03 0.33631 7.00000 16.1064567566 2.6295950413   15.807  4.757  4.3592  3.269    0  0.000  0.545     0.00     0.00 -1  -4.1e-07      0.00 6.680e-01 3.020e-01 5.394e-03 1.455e-03 1.320e-02 -1.000 3.000e-02 -7.122 -4.503 -4.392 -4.311 -4.239 -4.225 -4.618 -5.527 -5.187 -5.088 -6.699 -4.245 -4.232 -5.486 -5.375
0.03 0.33631 7.00000 16.2647857666 2.6296498775   15.895  4.775  4.3502  3.217    0  0.000  0.545     0.00     0.00 -1 -4.86e-07      0.00 6.680e-01 3.020e-01 5.394e-03 1.455e-03 1.320e-02 -1.000 3.000e-02 -7.167 -4.612 -4.502 -4.421 -4.347 -4.332 -4.725 -5.634 -5.290 -5.181 -6.790 -4.353 -4.339 -5.592 -5.479
0.03 0.33631 7.00000 16.4186077118 2.6297020912   15.974  4.793  4.3411  3.165    0  0.000  0.545     0.00     0.00 -1 -5.19e-07      0.00 6.680e-01 3.020e-01 5.394e-03 1.455e-03 1.320e-02 -1.000 3.000e-02 -7.211 -4.725 -4.617 -4.536 -4.465 -4.450 -4.842 -5.751 -5.405 -5.291 -6.889 -4.471 -4.456 -5.709 -5.594
0.03 0.33631 7.00000 16.5779838562 2.6297550201   16.051  4.812  4.3341  3.120    0  0.000  0.545     0.00     0.00 -1 -5.58e-07      0.00 6.680e-01 3.020e-01 5.394e-03 1.455e-03 1.320e-02 -1.000 3.000e-02 -7.261 -4.828 -4.722 -4.641 -4.572 -4.557 -4.949 -5.858 -5.508 -5.385 -6.966 -4.578 -4.564 -5.815 -5.697
0.03 0.33631 7.00000 16.8081512451 2.6298291683   16.148  4.847  4.3368  3.098    0  0.000  0.545     0.00     0.00 -1 -6.62e-07      0.00 6.680e-01 3.020e-01 5.394e-03 1.455e-03 1.320e-02 -1.000 3.000e-02 -7.348 -4.908 -4.801 -4.720 -4.651 -4.634 -5.025 -5.934 -5.583 -5.457 -7.043 -4.657 -4.641 -5.891 -5.773
0.03 0.33631 7.00000 16.8449440002 2.6298408508   16.162  4.858  4.3455  3.122    0  0.000  0.545     0.00     0.00 -1 -7.16e-07      0.00 6.680e-01 3.020e-01 5.394e-03 1.455e-03 1.320e-02 -1.000 3.000e-02 -7.375 -4.881 -4.772 -4.691 -4.620 -4.601 -4.992 -5.901 -5.552 -5.436 -7.042 -4.626 -4.608 -5.858 -5.741
0.03 0.33631 7.00000 16.8576374054 2.6298449039   16.166  4.869  4.3557  3.152    0  0.000  0.545     0.00     0.00 -1 -7.76e-07      0.00 6.680e-01 3.020e-01 5.394e-03 1.455e-03 1.320e-02 -1.000 3.000e-02 -7.403 -4.846 -4.734 -4.654 -4.585 -4.565 -4.955 -5.864 -5.516 -5.401 -7.015 -4.591 -4.571 -5.821 -5.705
0.03 0.33631 7.00000 16.8641910553 2.6298470497   16.167  4.886  4.3676  3.183    0  0.000  0.545     0.00     0.00 -1  -8.7e-07      0.00 6.680e-01 3.020e-01 5.394e-03 1.455e-03 1.320e-02 -1.000 3.000e-02 -7.446 -4.820 -4.707 -4.626 -4.561 -4.540 -4.929 -5.838 -5.489 -5.367 -6.977 -4.568 -4.546 -5.796 -5.679
0.03 0.33631 7.00000 16.8667182922 2.6298477650   16.168  4.902  4.3764  3.202    0  0.000  0.545     0.00     0.00 -1 -2.82e-07      0.00 6.680e-01 3.020e-01 5.394e-03 1.455e-03 1.320e-02 -1.000 3.000e-02 -7.485 -4.787 -4.675 -4.596 -4.532 -4.516 -4.909 -5.818 -5.514 -5.524 -7.201 -4.537 -4.522 -5.781 -5.696
0.03 0.33631 7.00000 16.8671226501 2.6298480034   16.168  4.905  4.3781  3.206    0  0.000  0.545     0.00     0.00 -1 -1.91e-07      0.00 6.680e-01 3.020e-01 5.394e-03 1.455e-03 1.320e-02 -1.000 3.000e-02 -7.493 -4.776 -4.665 -4.587 -4.521 -4.508 -4.902 -5.811 -5.526 -5.586 -7.286 -4.527 -4.514 -5.776 -5.704
0.03 0.33631 7.00000 16.8703613281 2.6298489571   16.170  4.891  4.3749  3.207    1  0.000  0.545     0.00     0.00 -1 -4.73e-07      0.00 6.680e-01 3.020e-01 5.394e-03 1.455e-03 1.320e-02 -1.000 3.000e-02 -7.458 -4.778 -4.665 -4.584 -4.521 -4.502 -4.894 -5.803 -5.477 -5.421 -7.065 -4.527 -4.509 -5.763 -5.662
0.03 0.33631 7.00000 16.8717250824 2.6298494339   16.170  4.882  4.3671  3.185    1  0.000  0.545     0.00     0.00 -1 -8.58e-07      0.00 6.680e-01 3.020e-01 5.394e-03 1.455e-03 1.320e-02 -1.000 3.000e-02 -7.436 -4.812 -4.699 -4.618 -4.553 -4.532 -4.922 -5.831 -5.482 -5.359 -6.970 -4.559 -4.538 -5.788 -5.671
0.03 0.33631 7.00000 16.8725528717 2.6298496723   16.170  4.879  4.3583  3.153    1  0.000  0.545     0.00     0.00 -1 -8.24e-07      0.00 6.680e-01 3.020e-01 5.394e-03 1.455e-03 1.320e-02 -1.000 3.000e-02 -7.427 -4.856 -4.745 -4.664 -4.596 -4.576 -4.966 -5.874 -5.525 -5.408 -7.021 -4.603 -4.582 -5.832 -5.715
0.03 0.33631 7.00000 16.8732624054 2.6298499107   16.171  4.877  4.3487  3.116    1  0.000  0.545     0.00     0.00 -1 -8.04e-07      0.00 6.680e-01 3.020e-01 5.394e-03 1.455e-03 1.320e-02 -1.000 3.000e-02 -7.424 -4.914 -4.805 -4.724 -4.652 -4.633 -5.023 -5.932 -5.582 -5.466 -7.079 -4.659 -4.639 -5.889 -5.771
0.03 0.33631 7.00000 16.8740539551 2.6298501492   16.171  4.878  4.3360  3.065    1  0.000  0.545     0.00     0.00 -1 -7.72e-07      0.00 6.680e-01 3.020e-01 5.394e-03 1.455e-03 1.320e-02 -1.000 3.000e-02 -7.424 -4.999 -4.893 -4.812 -4.743 -4.726 -5.116 -6.025 -5.671 -5.536 -7.116 -4.750 -4.732 -5.981 -5.861
0.03 0.33631 7.00000 16.8746204376 2.6298503876   16.171  4.878  4.3261  3.025    1  0.000  0.545     0.00     0.00 -1 -7.55e-07      0.00 6.680e-01 3.020e-01 5.394e-03 1.455e-03 1.320e-02 -1.000 3.000e-02 -7.425 -5.064 -4.961 -4.881 -4.815 -4.799 -5.189 -6.098 -5.738 -5.580 -7.126 -4.820 -4.805 -6.054 -5.929
0.03 0.33631 7.00000 16.8753566742 2.6298506260   16.171  4.879  4.3120  2.967    1  0.000  0.545     0.00     0.00 -1 -7.35e-07      0.00 6.680e-01 3.020e-01 5.394e-03 1.455e-03 1.320e-02 -1.000 3.000e-02 -7.428 -5.170 -5.076 -5.006 -4.947 -4.933 -5.325 -6.234 -5.901 -5.784 -7.373 -4.952 -4.940 -6.194 -6.089
0.03 0.33631 7.00000 16.8758049011 2.6298506260   16.171  4.880  4.3028  2.930    1  0.000  0.545     0.00     0.00 -1 -7.26e-07      0.00 6.680e-01 3.020e-01 5.394e-03 1.455e-03 1.320e-02 -1.000 3.000e-02 -7.430 -5.246 -5.157 -5.094 -5.038 -5.024 -5.418 -6.327 -6.010 -5.927 -7.551 -5.043 -5.031 -6.289 -6.197
0.03 0.33631 7.00000 16.8762569427 2.6298508644   16.171  4.881  4.2931  2.890    1  0.000  0.545     0.00     0.00 -1 -7.14e-07      0.00 6.680e-01 3.020e-01 5.394e-03 1.455e-03 1.320e-02 -1.000 3.000e-02 -7.432 -5.181 -5.066 -5.003 -4.931 -4.909 -4.887 -4.863 -5.300 -4.939 -4.877 -4.939 -4.906 -5.255 -5.118
0.03 0.33631 7.00000 16.8767166138 2.6298508644   16.172  4.882  4.2829  2.849    1  0.000  0.545     0.00     0.00 -1 -6.97e-07      0.00 6.680e-01 3.020e-01 5.394e-03 1.455e-03 1.320e-02 -1.000 3.000e-02 -7.434 -5.256 -5.144 -5.082 -5.013 -4.991 -4.970 -4.947 -5.385 -5.024 -4.963 -5.020 -4.988 -5.340 -5.203
0.03 0.33631 7.00000 16.8771781921 2.6298511028   16.172  4.882  4.2722  2.805    1  0.000  0.545     0.00     0.00 -1 -6.82e-07      0.00 6.680e-01 3.020e-01 5.394e-03 1.455e-03 1.320e-02 -1.000 3.000e-02 -7.436 -5.333 -5.224 -5.164 -5.097 -5.077 -5.056 -5.034 -5.474 -5.113 -5.051 -5.104 -5.074 -5.428 -5.292
0.03 0.33631 7.00000 16.8776435852 2.6298513412   16.172  4.883  4.2608  2.759    1  0.000  0.545     0.00     0.00 -1 -6.63e-07      0.00 6.680e-01 3.020e-01 5.394e-03 1.455e-03 1.320e-02 -1.000 3.000e-02 -7.437 -5.411 -5.305 -5.247 -5.183 -5.164 -5.144 -5.123 -5.565 -5.204 -5.142 -5.190 -5.161 -5.517 -5.383
0.03 0.33631 7.00000 16.8781127930 2.6298513412   16.172  4.883  4.2489  2.711    1  0.000  0.545     0.00     0.00 -1 -6.44e-07      0.00 6.680e-01 3.020e-01 5.394e-03 1.455e-03 1.320e-02 -1.000 3.000e-02 -7.438 -5.493 -5.390 -5.335 -5.274 -5.255 -5.237 -5.216 -5.660 -5.299 -5.237 -5.280 -5.253 -5.611 -5.478
0.03 0.33631 7.00000 16.8785858154 2.6298515797   16.173  4.883  4.2363  2.661    1  0.000  0.545     0.00     0.00 -1  -6.3e-07      0.00 6.680e-01 3.020e-01 5.394e-03 1.455e-03 1.320e-02 -1.000 3.000e-02 -7.438 -5.579 -5.480 -5.427 -5.369 -5.351 -5.334 -5.314 -5.760 -5.398 -5.335 -5.375 -5.349 -5.710 -5.578
0.03 0.33631 7.00000 16.8789024353 2.6298515797   16.172  4.883  4.2276  2.626    1  0.000  0.545     0.00     0.00 -1 -6.19e-07      0.00 6.680e-01 3.020e-01 5.394e-03 1.455e-03 1.320e-02 -1.000 3.000e-02 -7.438 -5.639 -5.542 -5.490 -5.434 -5.418 -5.401 -5.382 -5.829 -5.466 -5.403 -5.440 -5.415 -5.778 -5.647
0.03 0.33631 7.00000 16.8792209625 2.6298518181   16.173  4.883  4.2185  2.590    1  0.000  0.545     0.00     0.00 -1 -6.02e-07      0.00 6.680e-01 3.020e-01 5.394e-03 1.455e-03 1.320e-02 -1.000 3.000e-02 -7.437 -5.701 -5.607 -5.556 -5.503 -5.487 -5.470 -5.452 -5.900 -5.538 -5.472 -5.508 -5.485 -5.849 -5.719
0.03 0.33631 7.00000 16.8795413971 2.6298518181   16.173  4.883  4.2091  2.553    1  0.000  0.545     0.00     0.00 -1 -5.87e-07      0.00 6.680e-01 3.020e-01 5.394e-03 1.455e-03 1.320e-02 -1.000 3.000e-02 -7.436 -5.765 -5.673 -5.625 -5.573 -5.558 -5.542 -5.524 -5.974 -5.611 -5.544 -5.578 -5.556 -5.921 -5.792
0.03 0.33631 7.00000 16.8798637390 2.6298518181   16.173  4.882  4.1993  2.514    1  0.000  0.545     0.00     0.00 -1 -5.75e-07      0.00 6.680e-01 3.020e-01 5.394e-03 1.455e-03 1.320e-02 -1.000 3.000e-02 -7.435 -5.832 -5.743 -5.696 -5.646 -5.632 -5.617 -5.600 -6.051 -5.688 -5.618 -5.651 -5.630 -5.997 -5.869
0.03 0.33631 7.00000 16.8801879883 2.6298520565   16.173  4.881  4.1892  2.474    1  0.000  0.545     0.00     0.00 -1 -5.55e-07      0.00 6.680e-01 3.020e-01 5.394e-03 1.455e-03 1.320e-02 -1.000 3.000e-02 -7.434 -5.901 -5.814 -5.769 -5.721 -5.708 -5.693 -5.677 -6.129 -5.766 -5.695 -5.726 -5.706 -6.074 -5.947
0.03 0.33631 7.00000 16.8805160522 2.6298520565   16.173  4.881  4.1786  2.433    1  0.000  0.545     0.00     0.00 -1 -5.38e-07      0.00 6.680e-01 3.020e-01 5.394e-03 1.455e-03 1.320e-02 -1.000 3.000e-02 -7.431 -5.972 -5.888 -5.844 -5.799 -5.786 -5.772 -5.757 -6.210 -5.847 -5.775 -5.804 -5.784 -6.155 -6.028
0.03 0.33631 7.00000 16.8808422089 2.6298522949   16.173  4.880  4.1676  2.389    1  0.000  0.545     0.00     0.00 -1 -5.22e-07      0.00 6.680e-01 3.020e-01 5.394e-03 1.455e-03 1.320e-02 -1.000 3.000e-02 -7.429 -6.046 -5.965 -5.923 -5.880 -5.868 -5.855 -5.840 -6.295 -5.932 -5.859 -5.885 -5.867 -6.239 -6.113
0.03 0.33631 7.00000 16.8811721802 2.6298522949   16.174  4.878  4.1560  2.344    1  0.000  0.545     0.00     0.00 -1 -5.04e-07      0.00 6.680e-01 3.020e-01 5.394e-03 1.455e-03 1.320e-02 -1.000 3.000e-02 -7.426 -6.123 -6.046 -6.007 -5.967 -5.956 -5.943 -5.929 -6.385 -6.023 -5.950 -5.971 -5.954 -6.328 -6.203
0.03 0.33631 7.00000 16.8815021515 2.6298525333   16.174  4.877  4.1439  2.298    1  0.000  0.545     0.00     0.00 -1 -4.88e-07      0.00 6.680e-01 3.020e-01 5.394e-03 1.455e-03 1.320e-02 -1.000 3.000e-02 -7.422 -6.203 -6.130 -6.093 -6.055 -6.045 -6.033 -6.020 -6.478 -6.116 -6.043 -6.059 -6.044 -6.419 -6.296
0.03 0.33631 7.00000 16.8818340302 2.6298525333   16.174  4.875  4.1314  2.249    1  0.000  0.545     0.00     0.00 -1 -1.13e-06      0.00 6.680e-01 3.020e-01 5.394e-03 1.455e-03 1.320e-02 -1.000 3.000e-02 -7.418 -6.286 -6.216 -6.181 -6.145 -6.136 -6.124 -6.112 -6.571 -6.210 -6.137 -6.149 -6.134 -6.512 -6.389
0.03 0.33631 7.00000 16.8821678162 2.6298527718   16.173  4.873  4.1181  2.198    1  0.000  0.545     0.00     0.00 -1 -1.85e-06      0.00 6.680e-01 3.020e-01 5.394e-03 1.455e-03 1.320e-02 -1.000 3.000e-02 -7.412 -6.373 -6.305 -6.271 -6.238 -6.229 -6.218 -6.206 -6.667 -6.306 -6.234 -6.241 -6.227 -6.607 -6.485
0.03 0.33631 7.00000 16.8825035095 2.6298527718   16.172  4.870  4.1041  2.145    1  0.000  0.545     0.00     0.00 -1 -3.04e-06      0.00 6.680e-01 3.020e-01 5.394e-03 1.455e-03 1.320e-02 -1.000 3.000e-02 -7.406 -6.463 -6.398 -6.367 -6.335 -6.327 -6.318 -6.306 -6.768 -6.408 -6.336 -6.339 -6.326 -6.707 -6.586
0.03 0.33631 7.00000 16.8828430176 2.6298527718   16.171  4.868  4.0893  2.088    1  0.000  0.545     0.00     0.00 -1 -4.91e-06      0.00 6.680e-01 3.020e-01 5.394e-03 1.455e-03 1.320e-02 -1.000 3.000e-02 -7.399 -6.559 -6.497 -6.469 -6.439 -6.432 -6.423 -6.413 -6.876 -6.517 -6.446 -6.443 -6.431 -6.814 -6.694
0.03 0.33631 7.00000 16.8830108643 2.6298530102   16.171  4.866  4.0817  2.059    1  0.000  0.545     0.00     0.00 -1 -5.39e-06      0.00 6.680e-01 3.020e-01 5.394e-03 1.455e-03 1.320e-02 -1.000 3.000e-02 -7.395 -6.607 -6.547 -6.520 -6.492 -6.486 -6.477 -6.467 -6.931 -6.573 -6.501 -6.496 -6.484 -6.869 -6.749
0.03 0.33631 7.00000 16.8831787109 2.6298530102   16.170  4.865  4.0737  2.029    1  0.000  0.545     0.00     0.00 -1 -5.23e-06      0.00 6.680e-01 3.020e-01 5.394e-03 1.455e-03 1.320e-02 -1.000 3.000e-02 -7.391 -6.657 -6.603 -6.578 -6.554 -6.549 -6.541 -6.531 -6.997 -6.639 -6.568 -6.557 -6.548 -6.933 -6.815
0.03 0.33631 7.00000 16.8833503723 2.6298530102   16.170  4.863  4.0654  1.997    1  0.000  0.545     0.00     0.00 -1 -5.08e-06      0.00 6.680e-01 3.020e-01 5.394e-03 1.455e-03 1.320e-02 -1.000 3.000e-02 -7.387 -6.709 -6.660 -6.636 -6.615 -6.611 -6.603 -6.595 -7.061 -6.704 -6.633 -6.618 -6.610 -6.997 -6.880
0.03 0.33631 7.00000 16.8835220337 2.6298530102   16.169  4.861  4.0567  1.965    1  0.000  0.545     0.00     0.00 -1 -4.94e-06      0.00 6.680e-01 3.020e-01 5.394e-03 1.455e-03 1.320e-02 -1.000 3.000e-02 -7.382 -6.763 -6.716 -6.694 -6.674 -6.671 -6.663 -6.655 -7.123 -6.766 -6.695 -6.677 -6.670 -7.058 -6.941
0.03 0.33631 7.00000 16.8836917877 2.6298532486   16.168  4.859  4.0479  1.931    1  0.000  0.545     0.00     0.00 -1  -4.8e-06      0.00 6.680e-01 3.020e-01 5.394e-03 1.455e-03 1.320e-02 -1.000 3.000e-02 -7.377 -6.817 -6.772 -6.752 -6.734 -6.730 -6.723 -6.715 -7.184 -6.828 -6.757 -6.736 -6.729 -7.118 -7.002
0.03 0.33631 7.00000 16.8838634491 2.6298532486   16.168  4.857  4.0387  1.896    1  0.000  0.545     0.00     0.00 -1 -4.68e-06      0.00 6.680e-01 3.020e-01 5.394e-03 1.455e-03 1.320e-02 -1.000 3.000e-02 -7.372 -6.873 -6.831 -6.812 -6.795 -6.793 -6.786 -6.778 -7.248 -6.893 -6.822 -6.797 -6.791 -7.182 -7.066
0.03 0.33631 7.00000 16.8840351105 2.6298532486   16.167  4.855  4.0290  1.860    1  0.000  0.545     0.00     0.00 -1 -4.49e-06      0.00 6.680e-01 3.020e-01 5.394e-03 1.455e-03 1.320e-02 -1.000 3.000e-02 -7.367 -6.931 -6.892 -6.874 -6.859 -6.857 -6.851 -6.844 -7.315 -6.960 -6.890 -6.861 -6.856 -7.247 -7.133
0.03 0.33631 7.00000 16.8842086792 2.6298532486   16.167  4.852  4.0190  1.822    1  0.000  0.545     0.00     0.00 -1 -4.32e-06      0.00 6.680e-01 3.020e-01 5.394e-03 1.455e-03 1.320e-02 -1.000 3.000e-02 -7.361 -6.990 -6.954 -6.938 -6.924 -6.923 -6.917 -6.911 -7.383 -7.030 -6.960 -6.926 -6.922 -7.315 -7.201
0.03 0.33631 7.00000 16.8843803406 2.6298532486   16.167  4.850  4.0086  1.783    1  0.000  0.545     0.00     0.00 -1 -4.15e-06      0.00 6.680e-01 3.020e-01 5.394e-03 1.455e-03 1.320e-02 -1.000 3.000e-02 -7.355 -7.051 -7.018 -7.003 -6.992 -6.992 -6.986 -6.981 -7.455 -7.103 -7.034 -6.994 -6.991 -7.385 -7.273
0.03 0.33631 7.00000 16.8845558167 2.6298534870   16.166  4.847  3.9976  1.742    1  0.000  0.545     0.00     0.00 -1 -3.99e-06      0.00 6.680e-01 3.020e-01 5.394e-03 1.455e-03 1.320e-02 -1.000 3.000e-02 -7.349 -7.115 -7.085 -7.072 -7.064 -7.064 -7.059 -7.055 -7.531 -7.181 -7.113 -7.065 -7.063 -7.460 -7.349
0.03 0.33631 7.00000 16.8847293854 2.6298534870   16.166  4.845  3.9863  1.699    1  0.000  0.545     0.00     0.00 -1 -3.86e-06      0.00 6.680e-01 3.020e-01 5.394e-03 1.455e-03 1.320e-02 -1.000 3.000e-02 -7.342 -7.179 -7.154 -7.143 -7.137 -7.139 -7.135 -7.132 -7.611 -7.262 -7.195 -7.139 -7.138 -7.538 -7.429
0.03 0.33631 7.00000 16.8849048615 2.6298534870   16.166  4.842  3.9742  1.654    1  0.000  0.545     0.00     0.00 -1 -3.71e-06      0.00 6.680e-01 3.020e-01 5.394e-03 1.455e-03 1.320e-02 -1.000 3.000e-02 -7.334 -7.247 -7.226 -7.219 -7.216 -7.219 -7.216 -7.214 -7.696 -7.349 -7.283 -7.218 -7.219 -7.621 -7.514
0.03 0.33631 7.00000 16.8850803375 2.6298534870   16.165  4.839  3.9618  1.607    1  0.000  0.545     0.00     0.00 -1 -3.55e-06      0.00 6.680e-01 3.020e-01 5.394e-03 1.455e-03 1.320e-02 -1.000 3.000e-02 -7.326 -7.317 -7.303 -7.299 -7.301 -7.305 -7.303 -7.302 -7.786 -7.441 -7.376 -7.302 -7.305 -7.709 -7.604
0.03 0.33631 7.00000 16.8852577209 2.6298537254   16.165  4.835  3.9488  1.558    1  0.000  0.545     0.00     0.00 -1  -3.4e-06      0.00 6.680e-01 3.020e-01 5.394e-03 1.455e-03 1.320e-02 -1.000 3.000e-02 -7.318 -7.389 -7.383 -7.382 -7.389 -7.395 -7.395 -7.395 -7.881 -7.537 -7.472 -7.390 -7.395 -7.803 -7.699
0.03 0.33631 7.00000 16.8854389191 2.6298537254   16.165  4.831  3.9350  1.507    1  0.000  0.545     0.00     0.00 -1 -3.24e-06      0.00 6.680e-01 3.020e-01 5.394e-03 1.455e-03 1.320e-02 -1.000 3.000e-02 -7.309 -7.464 -7.465 -7.467 -7.479 -7.487 -7.487 -7.488 -7.976 -7.635 -7.571 -7.479 -7.486 -7.897 -7.794
0.03 0.33631 7.00000 16.8856163025 2.6298537254   16.164  4.827  3.9205  1.453    1  0.000  0.545     0.00     0.00 -1 -3.06e-06      0.00 6.680e-01 3.020e-01 5.394e-03 1.455e-03 1.320e-02 -1.000 3.000e-02 -7.298 -7.541 -7.550 -7.558 -7.574 -7.583 -7.584 -7.586 -8.076 -7.736 -7.672 -7.573 -7.583 -7.995 -7.894
0.03 0.33631 7.00000 16.8858013153 2.6298537254   16.164  4.823  3.9048  1.395    1  0.000  0.545     0.00     0.00 -1 -2.89e-06      0.00 6.680e-01 3.020e-01 5.394e-03 1.455e-03 1.320e-02 -1.000 3.000e-02 -7.287 -7.623 -7.643 -7.657 -7.677 -7.688 -7.690 -7.693 -8.184 -7.846 -7.783 -7.677 -7.688 -8.103 -8.002
0.03 0.33631 7.00000 16.8859844208 2.6298539639   16.164  4.818  3.8883  1.334    1  0.000  0.545     0.00     0.00 -1 -2.73e-06      0.00 6.680e-01 3.020e-01 5.394e-03 1.455e-03 1.320e-02 -1.000 3.000e-02 -7.275 -7.708 -7.742 -7.761 -7.787 -7.800 -7.803 -7.807 -8.299 -7.962 -7.900 -7.786 -7.800 -8.217 -8.117
0.03 0.33631 7.00000 16.8861751556 2.6298539639   16.163  4.812  3.8702  1.267    1  0.000  0.545     0.00     0.00 -1 -2.52e-06      0.00 6.680e-01 3.020e-01 5.394e-03 1.455e-03 1.320e-02 -1.000 3.000e-02 -7.260 -7.801 -7.855 -7.880 -7.910 -7.924 -7.928 -7.933 -8.427 -8.091 -8.030 -7.909 -7.924 -8.344 -8.245
0.03 0.33631 7.00000 16.8863716125 2.6298539639   16.163  4.805  3.8506  1.196    1  0.000  0.545     0.00     0.00 -1 -2.35e-06      0.00 6.680e-01 3.020e-01 5.394e-03 1.455e-03 1.320e-02 -1.000 3.000e-02 -7.242 -7.901 -7.979 -8.010 -8.044 -8.059 -8.064 -8.070 -8.565 -8.229 -8.169 -8.042 -8.059 -8.480 -8.383
0.03 0.33631 7.00000 16.8865718842 2.6298539639   16.164  4.796  3.8293  1.120    1  0.000  0.545     0.00     0.00 -1 -2.19e-06      0.00 6.680e-01 3.020e-01 5.394e-03 1.455e-03 1.320e-02 -1.000 3.000e-02 -7.221 -8.006 -8.116 -8.154 -8.190 -8.205 -8.211 -8.216 -8.712 -8.376 -8.317 -8.188 -8.205 -8.627 -8.529
0.03 0.33631 7.00000 16.8867759705 2.6298542023   16.163  4.785  3.8060  1.038    1  0.000  0.545     0.00     0.00 -1 -1.98e-06      0.00 6.680e-01 3.020e-01 5.394e-03 1.455e-03 1.320e-02 -1.000 3.000e-02 -7.193 -8.117 -8.267 -8.311 -8.350 -8.361 -8.368 -8.375 -8.864 -8.549 -8.485 -8.347 -8.361 -8.741 -8.681
0.03 0.33631 7.00000 16.8869876862 2.6298542023   16.163  4.770  3.7805  0.951    1  0.000  0.545     0.00     0.00 -1 -1.76e-06      0.00 6.680e-01 3.020e-01 5.394e-03 1.455e-03 1.320e-02 -1.000 3.000e-02 -7.154 -8.230 -8.431 -8.486 -8.528 -8.531 -8.542 -8.555 -9.019 -8.778 -8.693 -8.526 -8.531 -8.757 -8.833
0.03 0.33631 7.00000 16.8872070312 2.6298542023   16.163  4.749  3.7535  0.863    1  0.000  0.545     0.00     0.00 -1 -1.44e-06      0.00 6.680e-01 3.020e-01 5.394e-03 1.455e-03 1.320e-02 -1.000 3.000e-02 -7.103 -8.324 -8.590 -8.656 -8.706 -8.692 -8.709 -8.736 -9.172 -9.011 -8.906 -8.702 -8.691 -8.763 -8.985
0.03 0.33631 7.00000 16.8874397278 2.6298542023   16.162  4.723  3.7229  0.767    1  0.000  0.545     0.00     0.00 -1 -1.21e-06      0.00 6.680e-01 3.020e-01 5.394e-03 1.455e-03 1.320e-02 -1.000 3.000e-02 -7.037 -8.394 -8.742 -8.824 -8.884 -8.845 -8.865 -8.916 -9.342 -9.220 -9.107 -8.879 -8.842 -8.861 -9.153
0.03 0.33631 7.00000 16.8876857758 2.6298544407   16.163  4.686  3.6923  0.682    1  0.000  0.545     0.00     0.00 -1  -9.8e-07      0.00 6.680e-01 3.020e-01 5.394e-03 1.455e-03 1.320e-02 -1.000 3.000e-02 -6.945 -8.416 -8.846 -8.953 -9.029 -8.957 -8.979 -9.064 -9.494 -9.373 -9.261 -9.022 -8.949 -9.012 -9.305
0.03 0.33631 7.00000 16.8879585266 2.6298544407   16.163  4.644  3.6675  0.625    1  0.000  0.545     0.00     0.00 -1  -8.3e-07      0.00 6.680e-01 3.020e-01 5.394e-03 1.455e-03 1.320e-02 -1.000 3.000e-02 -6.839 -8.388 -8.849 -8.999 -9.086 -8.970 -9.005 -9.125 -9.345 -12.256 -14.468 -9.077 -8.958 -9.122 -9.248
0.03 0.33631 7.00000 16.8881092072 2.6298544407   16.162  4.630  3.6567  0.596    1  0.000  0.545     0.00     0.00 -1 -7.77e-07      0.00 6.680e-01 3.020e-01 5.394e-03 1.455e-03 1.320e-02 -1.000 3.000e-02 -6.804 -8.382 -8.851 -9.025 -9.114 -8.977 -9.019 -9.148 -9.263 -13.761 -17.189 -9.104 -8.963 -9.171 -9.215
0.03 0.33631 7.00000 16.8882617950 2.6298546791   16.163  4.613  3.6457  0.568    1  0.000  0.545     0.00     0.00 -1 -7.28e-07      0.00 6.680e-01 3.020e-01 5.394e-03 1.455e-03 1.320e-02 -1.000 3.000e-02 -6.763 -8.368 -8.864 -9.054 -9.151 -9.007 -9.051 -9.177 -9.301 -13.799 -17.227 -9.139 -8.992 -9.203 -9.252
0.03 0.33631 7.00000 16.8884296417 2.6298546791   16.163  4.606  3.6327  0.523    1  0.000  0.545     0.00     0.00 -1 -6.82e-07      0.00 6.680e-01 3.020e-01 5.394e-03 1.455e-03 1.320e-02 -1.000 3.000e-02 -6.746 -8.380 -8.910 -9.120 -9.223 -9.074 -9.121 -9.242 -9.376 -13.874 -17.303 -9.210 -9.059 -9.271 -9.328
0.03 0.33631 7.00000 16.8886013031 2.6298546791   16.163  4.614  3.6176  0.455    1  0.000  0.543     0.00     0.00 -1 -6.44e-07      0.00 6.680e-01 3.020e-01 5.374e-03 1.473e-03 1.320e-02 -1.000 3.000e-02 -6.766 -8.434 -9.005 -9.236 -9.347 -9.194 -9.249 -9.362 -9.509 -14.007 -17.435 -9.333 -9.179 -9.392 -9.460
0.03 0.33631 7.00000 16.8887901306 2.6298546791   16.163  4.669  3.5980  0.322    1  0.000  0.526     0.00     0.00 -1 -6.27e-07      0.00 6.678e-01 3.021e-01 5.206e-03 1.627e-03 1.319e-02 -1.000 3.005e-02 -6.902 -8.614 -9.239 -9.500 -9.622 -9.462 -9.533 -9.636 -9.801 -14.300 -17.728 -9.605 -9.449 -9.670 -9.752
0.03 0.33631 7.00000 16.8890018463 2.6298549175   16.163  4.744  3.5782  0.168    1  0.000  0.479     0.00     0.00 -1 -8.23e-07      0.00 6.560e-01 3.140e-01 4.551e-03 2.900e-03 1.259e-02 -1.000 3.005e-02 -7.089 -8.850 -9.527 -9.818 -9.952 -9.784 -9.877 -9.973 -10.156 -14.655 -18.084 -9.932 -9.774 -10.012 -10.106
0.03 0.33631 7.00000 16.8892383575 2.6298549175   16.163  4.798  3.5629  0.053    1  0.000  0.471     0.00     0.00 -1 -1.08e-06      0.00 6.483e-01 3.217e-01 4.360e-03 3.473e-03 1.220e-02 -1.000 3.005e-02 -7.224 -9.028 -9.742 -10.055 -10.200 -10.024 -10.136 -10.229 -10.426 -14.926 -18.354 -10.177 -10.017 -10.271 -10.376
0.03 0.33631 7.00000 16.8897361755 2.6298551559   16.163  4.807  3.5531  0.004    1  0.000  0.470     0.00     0.00 -1 -1.18e-06      0.00 6.468e-01 3.231e-01 4.325e-03 3.580e-03 1.213e-02 -1.000 3.005e-02 -7.247 -9.080 -9.817 -10.144 -10.295 -10.114 -10.237 -10.329 -10.535 -15.036 -18.464 -10.270 -10.108 -10.374 -10.485
0.03 0.33631 7.00000 16.8903121948 2.6298551559   16.162  4.877  3.5394 -0.121    1  0.000  0.451     0.00     0.00 -1 -1.34e-06      0.00 6.431e-01 3.269e-01 4.078e-03 3.978e-03 1.195e-02 -1.000 3.007e-02 -7.423 -9.303 -10.064 -10.413 -10.576 -10.394 -10.532 -10.623 -10.841 -15.342 -18.771 -10.547 -10.390 -10.673 -10.791
0.03 0.33631 7.00000 16.8905296326 2.6298553944   16.163  4.918  3.5337 -0.185    1  0.000  0.438     0.00     0.00 -1 -1.59e-06      0.00 6.380e-01 3.319e-01 3.878e-03 4.412e-03 1.171e-02 -1.000 3.007e-02 -7.526 -9.425 -10.194 -10.554 -10.722 -10.541 -10.685 -10.777 -11.000 -15.501 -18.929 -10.692 -10.538 -10.828 -10.949
0.03 0.33631 7.00000 16.8906555176 2.6298553944   16.162  4.949  3.5301 -0.230    1  0.000  0.429     0.00     0.00 -1 -1.88e-06      0.00 6.333e-01 3.366e-01 3.722e-03 4.789e-03 1.149e-02 -1.000 3.007e-02 -7.603 -9.515 -10.289 -10.656 -10.827 -10.646 -10.793 -10.886 -11.111 -15.613 -19.041 -10.796 -10.643 -10.939 -11.060
0.03 0.33631 7.00000 16.8907451630 2.6298553944   16.162  4.971  3.5275 -0.262    1  0.000  0.423     0.00     0.00 -1 -2.12e-06      0.00 6.300e-01 3.399e-01 3.610e-03 5.057e-03 1.133e-02 -1.000 3.006e-02 -7.658 -9.578 -10.356 -10.728 -10.901 -10.720 -10.870 -10.964 -11.191 -15.692 -19.121 -10.869 -10.718 -11.017 -11.140
0.03 0.33631 7.00000 16.8909225464 2.6298553944   16.162  5.015  3.5224 -0.327    1  0.000  0.410     0.00     0.00 -1  -2.7e-06      0.00 6.233e-01 3.466e-01 3.387e-03 5.595e-03 1.102e-02 -1.000 3.005e-02 -7.768 -9.707 -10.490 -10.874 -11.052 -10.873 -11.028 -11.123 -11.353 -15.855 -19.284 -11.018 -10.872 -11.178 -11.302
0.03 0.33631 7.00000 16.8972682953 2.6298573017   16.152  5.025  3.5212 -0.342    1  0.000  0.408     0.00     0.00 -1 -2.91e-06      0.00 6.226e-01 3.474e-01 3.363e-03 5.654e-03 1.098e-02 -1.000 3.005e-02 -7.793 -9.738 -10.521 -10.908 -11.088 -10.911 -11.066 -11.162 -11.393 -15.895 -19.323 -11.053 -10.910 -11.218 -11.341
0.03 0.33631 7.00000 16.9412536621 2.6298711300   16.091  5.008  3.5236 -0.317    1  0.000  0.408     0.00     0.00 -1 -2.78e-06      0.00 6.221e-01 3.478e-01 3.356e-03 5.679e-03 1.096e-02 -1.000 3.005e-02 -7.750 -9.685 -10.467 -10.848 -11.025 -10.845 -10.999 -11.094 -11.323 -15.825 -19.254 -10.991 -10.844 -11.148 -11.272
0.03 0.33631 7.00000 16.9656620026 2.6298787594   16.063  4.984  3.5268 -0.280    1  0.000  0.408     0.00     0.00 -1 -2.48e-06      0.00 6.220e-01 3.480e-01 3.356e-03 5.684e-03 1.096e-02 -1.000 3.005e-02 -7.689 -9.612 -10.391 -10.765 -10.938 -10.757 -10.908 -11.002 -11.229 -15.731 -19.159 -10.906 -10.755 -11.055 -11.178
0.03 0.33631 7.00000 17.0067119598 2.6298913956   16.030  4.943  3.5326 -0.218    1  0.000  0.409     0.00     0.00 -1 -2.06e-06      0.00 6.217e-01 3.482e-01 3.354e-03 5.693e-03 1.095e-02 -1.000 3.005e-02 -7.588 -9.492 -10.261 -10.624 -10.794 -10.613 -10.758 -10.851 -11.074 -15.575 -19.004 -10.763 -10.611 -10.903 -11.023
0.03 0.33631 7.00000 17.0682239532 2.6299104691   15.997  4.905  3.5389 -0.155    1  0.000  0.409     0.00     0.00 -1 -1.72e-06      0.00 6.214e-01 3.486e-01 3.352e-03 5.706e-03 1.094e-02 -1.000 3.005e-02 -7.492 -9.374 -10.134 -10.485 -10.650 -10.470 -10.608 -10.700 -10.918 -15.419 -18.847 -10.621 -10.466 -10.750 -10.867
0.03 0.33631 7.00000 17.4697875977 2.6300303936   15.847  4.895  3.5471 -0.117    1  0.000  0.410     0.00     0.00 -1 -1.68e-06      0.00 6.191e-01 3.509e-01 3.339e-03 5.791e-03 1.085e-02 -1.000 3.003e-02 -7.468 -9.325 -10.068 -10.407 -10.565 -10.388 -10.516 -10.609 -10.820 -15.320 -18.749 -10.539 -10.383 -10.656 -10.769
0.03 0.33631 7.00000 17.4728393555 2.6300313473   15.845  4.896  3.5471 -0.118    1  0.000  0.410     0.00     0.00 -1 -1.68e-06      0.00 6.191e-01 3.509e-01 3.339e-03 5.791e-03 1.085e-02 -1.000 3.003e-02 -7.469 -9.326 -10.069 -10.408 -10.566 -10.389 -10.518 -10.611 -10.821 -15.322 -18.750 -10.540 -10.384 -10.658 -10.770
0.03 0.33631 7.00000 17.6797561646 2.6300907135   15.736  4.916  3.5421 -0.161    2  0.000  0.411     0.00     0.00 -1 -1.85e-06      0.00 6.180e-01 3.520e-01 3.332e-03 5.834e-03 1.081e-02 -1.000 3.002e-02 -7.520 -9.393 -10.145 -10.492 -10.655 -10.477 -10.611 -10.704 -10.919 -15.420 -18.848 -10.627 -10.473 -10.753 -10.868
0.03 0.33631 7.00000 17.7959556580 2.6301231384   15.652  4.936  3.5377 -0.201    3  0.000  0.411     0.00     0.00 -1 -2.03e-06      0.00 6.173e-01 3.527e-01 3.328e-03 5.858e-03 1.079e-02 -1.000 3.001e-02 -7.570 -9.458 -10.218 -10.572 -10.739 -10.561 -10.699 -10.793 -11.011 -15.512 -18.941 -10.710 -10.558 -10.843 -10.960
0.03 0.33631 7.00000 17.7993221283 2.6301240921   15.650  4.937  3.5376 -0.202    3  0.000  0.411     0.00     0.00 -1 -2.04e-06      0.00 6.173e-01 3.527e-01 3.328e-03 5.859e-03 1.079e-02 -1.000 3.001e-02 -7.572 -9.460 -10.220 -10.574 -10.741 -10.563 -10.702 -10.795 -11.014 -15.515 -18.944 -10.712 -10.560 -10.846 -10.963
0.03 0.33631 7.00000 17.8055496216 2.6301259995   15.644  4.938  3.5373 -0.205    3  0.000  0.411     0.00     0.00 -1 -2.05e-06      0.00 6.173e-01 3.527e-01 3.328e-03 5.860e-03 1.079e-02 -1.000 3.001e-02 -7.576 -9.465 -10.225 -10.581 -10.747 -10.570 -10.709 -10.802 -11.020 -15.522 -18.950 -10.718 -10.566 -10.852 -10.970
0.03 0.33631 7.00000 17.9472274780 2.6301651001   15.508  4.977  3.5307 -0.273    3  0.000  0.412     0.00     0.00 -1 -2.48e-06      0.00 6.165e-01 3.535e-01 3.324e-03 5.889e-03 1.076e-02 -1.000 3.000e-02 -7.672 -9.583 -10.355 -10.722 -10.893 -10.714 -10.860 -10.954 -11.178 -15.680 -19.108 -10.862 -10.711 -11.006 -11.127
0.03 0.33631 7.00000 17.9564285278 2.6301674843   15.497  4.991  3.5284 -0.297    3  0.000  0.412     0.00     0.00 -1 -2.67e-06      0.00 6.164e-01 3.536e-01 3.323e-03 5.891e-03 1.076e-02 -1.000 3.000e-02 -7.708 -9.627 -10.402 -10.773 -10.947 -10.767 -10.916 -11.010 -11.236 -15.738 -19.166 -10.915 -10.765 -11.063 -11.185
0.03 0.33631 7.00000 17.9695472717 2.6301710606   15.481  5.012  3.5250 -0.332    3  0.000  0.412     0.00     0.00 -1 -2.98e-06      0.00 6.164e-01 3.536e-01 3.323e-03 5.894e-03 1.076e-02 -1.000 3.000e-02 -7.761 -9.693 -10.470 -10.849 -11.027 -10.851 -11.002 -11.097 -11.325 -15.827 -19.255 -10.994 -10.849 -11.152 -11.273
0.03 0.33631 7.00000 17.9719371796 2.6301717758   15.477  5.035  3.5218 -0.369    3  0.000  0.412     0.00     0.00 -1 -3.26e-06      0.00 6.164e-01 3.536e-01 3.322e-03 5.895e-03 1.076e-02 -1.000 3.000e-02 -7.818 -9.763 -10.543 -10.929 -11.111 -10.940 -11.092 -11.190 -11.418 -15.921 -19.349 -11.077 -10.939 -11.246 -11.367
0.03 0.33631 7.00000 17.9772529602 2.6301732063   15.467  5.079  3.5156 -0.438    3  0.000  0.406     0.00     0.00 -1 -3.98e-06      0.00 6.163e-01 3.537e-01 3.277e-03 5.946e-03 1.075e-02 -1.000 3.000e-02 -7.928 -9.896 -10.680 -11.081 -11.271 -11.107 -11.263 -11.364 -11.596 -16.099 -19.528 -11.234 -11.108 -11.423 -11.544
0.03 0.33631 7.00000 17.9794845581 2.6301736832   15.461  5.104  3.5122 -0.476    3  0.000  0.404     0.00     0.00 -1 -4.51e-06      0.00 6.163e-01 3.537e-01 3.256e-03 5.974e-03 1.075e-02 -1.000 3.005e-02 -7.990 -9.969 -10.757 -11.166 -11.359 -11.200 -11.357 -11.461 -11.695 -16.199 -19.627 -11.321 -11.201 -11.521 -11.642
0.03 0.33631 7.00000 17.9818325043 2.6301743984   15.454  5.136  3.5081 -0.524    3  0.000  0.402     0.00     0.00 -1 -5.27e-06      0.00 6.162e-01 3.537e-01 3.238e-03 5.999e-03 1.075e-02 -1.000 3.005e-02 -8.069 -10.060 -10.855 -11.273 -11.469 -11.312 -11.472 -11.577 -11.815 -16.319 -19.748 -11.429 -11.313 -11.639 -11.763
0.03 0.33631 7.00000 17.9847068787 2.6301751137   15.444  5.172  3.5035 -0.579    3  0.000  0.400     0.00     0.00 -1 -6.28e-06      0.00 6.161e-01 3.538e-01 3.223e-03 6.026e-03 1.074e-02 -1.000 3.002e-02 -8.160 -10.162 -10.968 -11.394 -11.593 -11.431 -11.598 -11.702 -11.947 -16.450 -19.879 -11.549 -11.433 -11.767 -11.895
0.03 0.33631 7.00000 17.9886894226 2.6301763058   15.433  5.214  3.4985 -0.642    3  0.000  0.399     0.00     0.00 -1 -7.78e-06      0.00 6.159e-01 3.540e-01 3.212e-03 6.058e-03 1.072e-02 -1.000 3.010e-02 -8.266 -10.277 -11.096 -11.531 -11.733 -11.563 -11.737 -11.840 -12.093 -16.595 -20.023 -11.684 -11.565 -11.908 -12.041
0.03 0.33631 7.00000 17.9910316467 2.6301770210   15.435  5.236  3.4959 -0.674    3  0.000  0.399     0.00     0.00 -1 -8.69e-06      0.00 6.157e-01 3.542e-01 3.207e-03 6.074e-03 1.071e-02 -1.000 3.010e-02 -8.320 -10.334 -11.163 -11.601 -11.803 -11.627 -11.805 -11.906 -12.164 -16.664 -20.092 -11.751 -11.629 -11.975 -12.112
#isochrone terminated
