# File generated by CMD 3.3 (http://stev.oapd.inaf.it/cmd) on Wed Dec 18 17:05:06 CET 2019
# isochrones based on PARSEC release v1.2S +  COLIBRI S_35
# Basic references: Bressan et al. (2012), MNRAS, 427, 127 + Chen et al. (2014, 2015), MNRAS, 444, 2525 + MNRAS, 452, 1068 + Tang et al. (2014), MNRAS, 445, 4287 + Marigo et al. (2017), ApJ, 835, 77 + Pastorelli al. (2019), MNRAS in press
# Thermal pulse cycles included 
# On RGB, assumed Reimers mass loss with efficiency eta=0.2
# Photometric system:  2MASS + Spitzer (IRAC+MIPS) + WISE
# Using YBC version of bolometric corrections as in Chen et al. (2019)
# O-rich circumstellar dpmod60alox40 dust from Groenewegen (2006)
# C-rich circumstellar AMCSIC15 dust from Groenewegen (2006)
# IMF: Kroupa (2001, 2002) + Kroupa et al. (2013) canonical two-part-power law IMF corrected for unresolved binaries 
# Kind of output: isochrone tables
# Zini     MH   logAge Mini        int_IMF         Mass   logL    logTe  logg  label   McoreTP C_O  period0 period1 pmode  Mloss  tau1m   X   Y   Xc  Xn  Xo  Cexcess  Z 	 mbolmag  Jmag    Hmag    Ksmag   IRAC_3.6mag  IRAC_4.5mag  IRAC_5.8mag  IRAC_8.0mag  MIPS_24mag  MIPS_70mag  MIPS_160mag  W1mag   W2mag   W3mag   W4mag
0.03 0.33631 10.00000 0.1000000015 1.1711064577    0.100 -3.279  3.3685  5.143    1  0.000  0.545     0.00     0.00 -1 -7.21e-18      0.00 6.665e-01 3.035e-01 5.394e-03 1.455e-03 1.320e-02 -1.000 3.000e-02 12.967 10.823 10.245 9.943 9.505 9.436 9.373 9.277 8.648 8.620 8.574 9.673 9.449 9.212 8.838
0.03 0.33631 10.00000 0.1144360155 1.2814995050    0.114 -3.106  3.3888  5.109    1  0.000  0.545     0.00     0.00 -1 -3.34e-17      0.00 6.661e-01 3.039e-01 5.394e-03 1.455e-03 1.320e-02 -1.000 3.000e-02 12.534 10.391 9.816 9.511 9.073 9.001 8.938 8.842 8.214 8.185 8.140 9.240 9.014 8.778 8.403
0.03 0.33631 10.00000 0.1199999973 1.3193154335    0.120 -3.045  3.3959  5.098    1  0.000  0.545     0.00     0.00 -1 -4.12e-17      0.00 6.659e-01 3.041e-01 5.394e-03 1.455e-03 1.320e-02 -1.000 3.000e-02 12.382 10.239 9.664 9.358 8.921 8.847 8.785 8.689 8.060 8.032 7.987 9.087 8.860 8.625 8.250
0.03 0.33631 10.00000 0.1400000006 1.4384527206    0.140 -2.870  3.4145  5.064    1  0.000  0.545     0.00     0.00 -1 -1.33e-16      0.00 6.653e-01 3.047e-01 5.394e-03 1.455e-03 1.320e-02 -1.000 3.000e-02 11.946 9.803 9.231 8.922 8.485 8.408 8.346 8.251 7.622 7.593 7.549 8.650 8.421 8.186 7.812
0.03 0.33631 10.00000 0.1599999964 1.5372931957    0.160 -2.729  3.4286  5.038    1  0.000  0.545     0.00     0.00 -1 -1.32e-16      0.00 6.648e-01 3.052e-01 5.395e-03 1.455e-03 1.320e-02 -1.000 3.000e-02 11.593 9.475 8.906 8.602 8.180 8.093 8.033 7.947 7.330 7.302 7.278 8.335 8.104 7.889 7.520
0.03 0.33631 10.00000 0.2000000030 1.6938791275    0.200 -2.500  3.4511  4.995    1  0.000  0.545     0.00     0.00 -1 -8.87e-17      0.00 6.637e-01 3.063e-01 5.394e-03 1.455e-03 1.320e-02 -1.000 3.000e-02 11.021 8.949 8.383 8.092 7.704 7.606 7.553 7.482 6.886 6.861 6.875 7.842 7.614 7.439 7.075
0.03 0.33631 10.00000 0.2500000000 1.8403258324    0.250 -2.290  3.4671  4.946    1  0.000  0.545     0.00     0.00 -1  -2.7e-16      0.00 6.629e-01 3.071e-01 5.394e-03 1.455e-03 1.320e-02 -1.000 3.000e-02 10.495 8.459 7.891 7.612 7.249 7.144 7.094 7.032 6.447 6.429 6.473 7.374 7.151 7.001 6.637
0.03 0.33631 10.00000 0.3112798035 1.9749667645    0.311 -2.083  3.4819  4.894    1  0.000  0.545     0.00     0.00 -1 -6.22e-16      0.00 6.639e-01 3.061e-01 5.394e-03 1.455e-03 1.320e-02 -1.000 3.000e-02 9.977 7.975 7.402 7.137 6.799 6.693 6.645 6.589 6.015 6.007 6.075 6.913 6.698 6.569 6.205
0.03 0.33631 10.00000 0.3371093273 2.0217695236    0.337 -2.006  3.4873  4.873    1  0.000  0.545     0.00     0.00 -1 -7.81e-16      0.00 6.665e-01 3.035e-01 5.394e-03 1.455e-03 1.320e-02 -1.000 3.000e-02 9.785 7.796 7.220 6.960 6.631 6.524 6.476 6.421 5.851 5.850 5.928 6.740 6.529 6.406 6.041
0.03 0.33631 10.00000 0.3499999940 2.0434174538    0.350 -1.969  3.4898  4.863    1  0.000  0.545     0.00     0.00 -1 -8.44e-16      0.00 6.676e-01 3.024e-01 5.394e-03 1.455e-03 1.320e-02 -1.000 3.000e-02 9.694 7.711 7.133 6.875 6.551 6.444 6.395 6.341 5.773 5.774 5.857 6.658 6.448 6.328 5.963
0.03 0.33631 10.00000 0.4000000060 2.1185026169    0.400 -1.829  3.5012  4.826    1  0.000  0.545     0.00     0.00 -1 -1.14e-15      0.00 6.679e-01 3.021e-01 5.394e-03 1.455e-03 1.320e-02 -1.000 3.000e-02 9.343 7.385 6.797 6.550 6.250 6.149 6.102 6.053 5.495 5.507 5.602 6.351 6.153 6.047 5.685
0.03 0.33631 10.00000 0.4154882431 2.1393203735    0.415 -1.782  3.5055  4.812    1  0.000  0.545     0.00     0.00 -1 -1.26e-15      0.00 6.679e-01 3.021e-01 5.394e-03 1.455e-03 1.320e-02 -1.000 3.000e-02 9.226 7.278 6.685 6.442 6.151 6.053 6.007 5.958 5.404 5.421 5.520 6.249 6.057 5.955 5.594
0.03 0.33631 10.00000 0.4500000179 2.1822810173    0.450 -1.684  3.5144  4.784    1  0.000  0.545     0.00     0.00 -1 -1.57e-15      0.00 6.679e-01 3.021e-01 5.394e-03 1.455e-03 1.320e-02 -1.000 3.000e-02 8.980 7.055 6.451 6.214 5.942 5.852 5.805 5.757 5.212 5.241 5.349 6.034 5.856 5.760 5.402
0.03 0.33631 10.00000 0.5000000596 2.2374544144    0.500 -1.536  3.5285  4.739    1  0.000  0.545     0.00     0.00 -1 -2.21e-15      0.00 6.680e-01 3.020e-01 5.394e-03 1.455e-03 1.320e-02 -1.000 3.000e-02 8.611 6.722 6.098 5.871 5.629 5.556 5.510 5.464 4.936 4.982 5.100 5.711 5.561 5.477 5.125
0.03 0.33631 10.00000 0.5468103886 2.2809998989    0.546 -1.383  3.5439  4.686    1  0.000  0.545     0.00     0.00 -1 -3.19e-15      0.00 6.889e-01 2.829e-01 5.071e-03 1.368e-03 1.241e-02 -1.000 2.817e-02 8.227 6.377 5.732 5.514 5.305 5.258 5.212 5.167 4.660 4.724 4.848 5.376 5.263 5.189 4.849
0.03 0.33631 10.00000 0.5500000119 2.2836582661    0.550 -1.373  3.5450  4.683    1  0.000  0.545     0.00     0.00 -1 -3.27e-15      0.00 6.904e-01 2.816e-01 5.048e-03 1.362e-03 1.236e-02 -1.000 2.805e-02 8.202 6.354 5.709 5.491 5.284 5.239 5.192 5.147 4.642 4.708 4.832 5.354 5.244 5.170 4.831
0.03 0.33631 10.00000 0.6000000238 2.3211214542    0.600 -1.210  3.5671  4.646    1  0.000  0.545     0.00     0.00 -1 -4.76e-15      0.00 6.937e-01 2.784e-01 4.999e-03 1.349e-03 1.224e-02 -1.000 2.780e-02 7.794 6.009 5.338 5.137 4.970 4.964 4.915 4.862 4.388 4.481 4.607 5.020 4.969 4.899 4.578
0.03 0.33631 10.00000 0.6499999762 2.3520355225    0.650 -1.039  3.5954  4.624    1  0.000  0.544     0.00     0.00 -1 -6.94e-15      0.00 6.968e-01 2.756e-01 4.955e-03 1.337e-03 1.214e-02 -1.000 2.755e-02 7.368 5.661 4.976 4.807 4.691 4.725 4.679 4.617 4.178 4.295 4.418 4.719 4.731 4.668 4.367
0.03 0.33631 10.00000 0.6999999881 2.3779268265    0.700 -0.870  3.6253  4.607    1  0.000  0.544     0.00     0.00 -1 -1.01e-14      0.00 6.996e-01 2.731e-01 4.916e-03 1.327e-03 1.204e-02 -1.000 2.737e-02 6.946 5.315 4.651 4.517 4.448 4.509 4.472 4.409 3.992 4.123 4.248 4.461 4.516 4.469 4.181
0.03 0.33631 10.00000 0.7264778614 2.3899900913    0.726 -0.776  3.6443  4.604    1  0.000  0.540     0.00     0.00 -1 -1.23e-14      0.00 7.008e-01 2.720e-01 4.863e-03 1.322e-03 1.200e-02 -1.000 2.727e-02 6.711 5.134 4.500 4.388 4.340 4.406 4.374 4.314 3.902 4.038 4.166 4.347 4.412 4.376 4.091
0.03 0.33631 10.00000 0.7500000000 2.3998889923    0.750 -0.695  3.6605  4.602    1  0.000  0.537     0.00     0.00 -1 -1.46e-14      0.00 7.019e-01 2.709e-01 4.817e-03 1.317e-03 1.197e-02 -1.000 2.721e-02 6.507 4.978 4.393 4.291 4.251 4.313 4.286 4.231 3.819 3.957 4.087 4.255 4.319 4.292 4.008
0.03 0.33631 10.00000 0.7509176731 2.4002606869    0.751 -0.692  3.6609  4.601    1  0.000  0.537     0.00     0.00 -1 -1.47e-14      0.00 7.019e-01 2.709e-01 4.816e-03 1.316e-03 1.196e-02 -1.000 2.720e-02 6.500 4.972 4.388 4.287 4.247 4.309 4.282 4.227 3.815 3.953 4.083 4.251 4.314 4.288 4.004
0.03 0.33631 10.00000 0.7790149450 2.4111576080    0.779 -0.606  3.6728  4.579    1  0.000  0.537     0.00     0.00 -1 -1.81e-14      0.00 7.043e-01 2.687e-01 4.782e-03 1.307e-03 1.188e-02 -1.000 2.702e-02 6.285 4.793 4.249 4.155 4.116 4.174 4.150 4.099 3.687 3.827 3.958 4.120 4.179 4.160 3.876
0.03 0.33631 10.00000 0.8000000119 2.4187245369    0.800 -0.542  3.6817  4.562    1  0.000  0.537     0.00     0.00 -1 -2.11e-14      0.00 7.060e-01 2.671e-01 4.757e-03 1.300e-03 1.182e-02 -1.000 2.682e-02 6.125 4.661 4.146 4.056 4.019 4.073 4.051 4.003 3.592 3.732 3.864 4.022 4.078 4.064 3.781
0.03 0.33631 10.00000 0.8122055531 2.4229195118    0.812 -0.504  3.6869  4.551    1  0.000  0.536     0.00     0.00 -1 -2.31e-14      0.00 7.072e-01 2.661e-01 4.741e-03 1.296e-03 1.178e-02 -1.000 2.674e-02 6.030 4.583 4.084 3.997 3.961 4.013 3.992 3.946 3.535 3.676 3.808 3.964 4.017 4.007 3.724
0.03 0.33631 10.00000 0.8353209496 2.4304790497    0.835 -0.432  3.6966  4.530    1  0.000  0.536     0.00     0.00 -1 -2.75e-14      0.00 7.092e-01 2.641e-01 4.712e-03 1.288e-03 1.171e-02 -1.000 2.664e-02 5.851 4.435 3.965 3.883 3.850 3.897 3.879 3.836 3.425 3.567 3.699 3.852 3.902 3.897 3.614
0.03 0.33631 10.00000 0.8500000238 2.4350347519    0.849 -0.387  3.7025  4.516    1  0.000  0.536     0.00     0.00 -1 -3.08e-14      0.00 7.105e-01 2.630e-01 4.693e-03 1.283e-03 1.167e-02 -1.000 2.649e-02 5.737 4.341 3.890 3.810 3.778 3.823 3.806 3.765 3.354 3.496 3.629 3.780 3.827 3.826 3.543
0.03 0.33631 10.00000 0.8545807600 2.4364197254    0.854 -0.372  3.7043  4.511    1  0.000  0.536     0.00     0.00 -1 -3.19e-14      0.00 7.110e-01 2.625e-01 4.686e-03 1.282e-03 1.165e-02 -1.000 2.643e-02 5.701 4.312 3.865 3.787 3.755 3.799 3.782 3.742 3.331 3.473 3.606 3.756 3.803 3.803 3.520
0.03 0.33631 10.00000 0.8730949163 2.4418473244    0.872 -0.314  3.7114  4.490    1  0.000  0.536     0.00     0.00 -1  -3.7e-14      0.00 7.129e-01 2.608e-01 4.659e-03 1.274e-03 1.159e-02 -1.000 2.626e-02 5.554 4.190 3.765 3.689 3.658 3.701 3.685 3.646 3.236 3.378 3.511 3.660 3.705 3.707 3.425
0.03 0.33631 10.00000 0.8907688856 2.4467871189    0.890 -0.257  3.7179  4.468    1  0.000  0.536     0.00     0.00 -1 -4.28e-14      0.00 7.147e-01 2.592e-01 4.634e-03 1.267e-03 1.152e-02 -1.000 2.613e-02 5.414 4.073 3.665 3.593 3.564 3.604 3.589 3.552 3.142 3.284 3.417 3.565 3.607 3.613 3.330
0.03 0.33631 10.00000 0.8999999762 2.4492788315    0.899 -0.228  3.7212  4.457    1  0.000  0.536     0.00     0.00 -1 -4.61e-14      0.00 7.156e-01 2.583e-01 4.621e-03 1.264e-03 1.149e-02 -1.000 2.605e-02 5.340 4.012 3.613 3.542 3.513 3.552 3.538 3.502 3.092 3.235 3.368 3.515 3.556 3.563 3.281
0.03 0.33631 10.00000 0.9103641510 2.4520070553    0.909 -0.195  3.7246  4.442    1  0.000  0.536     0.00     0.00 -1 -5.04e-14      0.00 7.168e-01 2.571e-01 4.603e-03 1.259e-03 1.145e-02 -1.000 2.600e-02 5.256 3.941 3.551 3.482 3.454 3.492 3.479 3.443 3.033 3.176 3.309 3.455 3.496 3.504 3.222
0.03 0.33631 10.00000 0.9215605259 2.4548752308    0.921 -0.158  3.7282  4.425    1  0.000  0.536     0.00     0.00 -1 -5.56e-14      0.00 7.181e-01 2.559e-01 4.584e-03 1.254e-03 1.140e-02 -1.000 2.592e-02 5.165 3.863 3.483 3.416 3.389 3.426 3.412 3.378 2.968 3.111 3.245 3.390 3.429 3.439 3.157
0.03 0.33631 10.00000 0.9321982265 2.4575269222    0.931 -0.124  3.7314  4.408    1  0.000  0.536     0.00     0.00 -1  -6.1e-14      0.00 7.194e-01 2.548e-01 4.566e-03 1.249e-03 1.136e-02 -1.000 2.586e-02 5.079 3.789 3.417 3.352 3.326 3.362 3.349 3.315 2.905 3.048 3.182 3.327 3.365 3.376 3.094
0.03 0.33631 10.00000 0.9424473047 2.4600169659    0.941 -0.090  3.7342  4.391    1  0.000  0.536     0.00     0.00 -1 -6.69e-14      0.00 7.205e-01 2.538e-01 4.550e-03 1.245e-03 1.132e-02 -1.000 2.576e-02 4.995 3.717 3.352 3.288 3.263 3.298 3.285 3.252 2.842 2.986 3.119 3.264 3.301 3.314 3.031
0.03 0.33631 10.00000 0.9499999881 2.4618122578    0.949 -0.065  3.7362  4.378    1  0.000  0.536     0.00     0.00 -1 -7.17e-14      0.00 7.213e-01 2.530e-01 4.539e-03 1.242e-03 1.129e-02 -1.000 2.571e-02 4.934 3.663 3.303 3.240 3.216 3.250 3.238 3.205 2.795 2.939 3.073 3.217 3.253 3.267 2.984
0.03 0.33631 10.00000 0.9550676346 2.4629986286    0.954 -0.049  3.7375  4.368    1  0.000  0.536     0.00     0.00 -1 -7.51e-14      0.00 7.219e-01 2.524e-01 4.530e-03 1.239e-03 1.127e-02 -1.000 2.567e-02 4.892 3.626 3.269 3.207 3.183 3.217 3.205 3.173 2.763 2.906 3.040 3.184 3.220 3.234 2.952
0.03 0.33631 10.00000 0.9657160640 2.4654448032    0.965 -0.014  3.7397  4.348    1  0.000  0.536     0.00     0.00 -1 -8.28e-14      0.00 7.232e-01 2.512e-01 4.512e-03 1.234e-03 1.123e-02 -1.000 2.553e-02 4.806 3.549 3.198 3.136 3.113 3.147 3.135 3.103 2.693 2.837 2.971 3.114 3.150 3.165 2.882
0.03 0.33631 10.00000 0.9753521085 2.4676058292    0.975  0.018  3.7415  4.327    1  0.000  0.536     0.00     0.00 -1 -9.07e-14      0.00 7.241e-01 2.505e-01 4.501e-03 1.231e-03 1.121e-02 -1.000 2.546e-02 4.726 3.477 3.130 3.069 3.047 3.080 3.068 3.037 2.626 2.772 2.905 3.048 3.083 3.091 2.814
0.03 0.33631 10.00000 0.9898661375 2.4707691669    0.989  0.069  3.7442  4.294    1  0.000  0.536     0.00     0.00 -1 -1.05e-13      0.00 7.243e-01 2.502e-01 4.498e-03 1.230e-03 1.119e-02 -1.000 2.548e-02 4.598 3.361 3.021 2.962 2.940 2.973 2.961 2.931 2.516 2.669 2.800 2.941 2.976 2.967 2.705
0.03 0.33631 10.00000 0.9938258529 2.4716138840    0.993  0.083  3.7449  4.284    1  0.000  0.536     0.00     0.00 -1  -1.1e-13      0.00 7.240e-01 2.505e-01 4.503e-03 1.232e-03 1.120e-02 -1.000 2.555e-02 4.563 3.329 2.990 2.931 2.910 2.942 2.930 2.900 2.485 2.640 2.770 2.910 2.945 2.932 2.673
0.03 0.33631 10.00000 1.0000000000 2.4729156494    0.999  0.106  3.7458  4.267    1  0.000  0.536     0.00     0.00 -1 -1.18e-13      0.00 7.234e-01 2.510e-01 4.512e-03 1.234e-03 1.123e-02 -1.000 2.561e-02 4.506 3.275 2.938 2.881 2.859 2.891 2.879 2.850 2.433 2.591 2.719 2.860 2.894 2.876 2.622
0.03 0.33631 10.00000 1.0021951199 2.4733738899    1.002  0.114  3.7461  4.261    1  0.000  0.536     0.00     0.00 -1  -1.2e-13      0.00 7.232e-01 2.512e-01 4.515e-03 1.235e-03 1.124e-02 -1.000 2.562e-02 4.485 3.256 2.920 2.862 2.841 2.873 2.861 2.831 2.415 2.573 2.701 2.841 2.876 2.855 2.603
0.03 0.33631 10.00000 1.0133290291 2.4756636620    1.013  0.157  3.7471  4.226    1  0.000  0.536     0.00     0.00 -1 -1.35e-13      0.00 7.218e-01 2.525e-01 4.539e-03 1.242e-03 1.130e-02 -1.000 2.573e-02 4.377 3.152 2.818 2.761 2.740 2.772 2.760 2.731 2.313 2.473 2.601 2.741 2.775 2.748 2.501
0.03 0.33631 10.00000 1.0220094919 2.4774088860    1.021  0.192  3.7473  4.196    1  0.000  0.536     0.00     0.00 -1 -1.49e-13      0.00 7.206e-01 2.536e-01 4.559e-03 1.247e-03 1.135e-02 -1.000 2.581e-02 4.290 3.066 2.733 2.676 2.654 2.686 2.674 2.645 2.227 2.388 2.515 2.655 2.689 2.661 2.415
0.03 0.33631 10.00000 1.0300623178 2.4789979458    1.029  0.225  3.7469  4.165    1  0.000  0.535     0.00     0.00 -1 -1.64e-13      0.00 7.189e-01 2.551e-01 4.588e-03 1.255e-03 1.142e-02 -1.000 2.602e-02 4.207 2.982 2.647 2.590 2.568 2.600 2.588 2.559 2.141 2.301 2.429 2.569 2.603 2.578 2.329
0.03 0.33631 10.00000 1.0326173306 2.4794960022    1.032  0.236  3.7466  4.154    1  0.000  0.536     0.00     0.00 -1  -1.7e-13      0.00 7.173e-01 2.565e-01 4.614e-03 1.263e-03 1.149e-02 -1.000 2.617e-02 4.180 2.954 2.618 2.561 2.540 2.571 2.560 2.530 2.112 2.272 2.399 2.540 2.574 2.551 2.301
0.03 0.33631 10.00000 1.0356029272 2.4800746441    1.034  0.249  3.7459  4.140    1  0.000  0.536     0.00     0.00 -1 -1.77e-13      0.00 7.160e-01 2.578e-01 4.636e-03 1.268e-03 1.154e-02 -1.000 2.627e-02 4.148 2.919 2.582 2.524 2.503 2.535 2.523 2.493 2.076 2.234 2.362 2.503 2.538 2.518 2.264
0.03 0.33631 10.00000 1.0417830944 2.4812602997    1.040  0.275  3.7441  4.109    2  0.000  0.535     0.00     0.00 -1 -1.91e-13      0.00 7.128e-01 2.607e-01 4.687e-03 1.282e-03 1.167e-02 -1.000 2.653e-02 4.083 2.846 2.505 2.446 2.423 2.456 2.444 2.413 1.999 2.151 2.282 2.424 2.459 2.450 2.187
0.03 0.33631 10.00000 1.0470958948 2.4822664261    1.046  0.297  3.7415  4.079    2  0.000  0.535     0.00     0.00 -1 -2.06e-13      0.00 7.091e-01 2.641e-01 4.745e-03 1.298e-03 1.182e-02 -1.000 2.683e-02 4.028 2.781 2.432 2.372 2.349 2.383 2.371 2.339 1.927 2.073 2.206 2.350 2.386 2.392 2.116
0.03 0.33631 10.00000 1.0499999523 2.4828116894    1.049  0.308  3.7391  4.059    2  0.000  0.535     0.00     0.00 -1 -2.15e-13      0.00 7.065e-01 2.665e-01 4.785e-03 1.309e-03 1.192e-02 -1.000 2.706e-02 4.001 2.744 2.389 2.328 2.304 2.338 2.326 2.293 1.882 2.025 2.159 2.305 2.341 2.354 2.071
0.03 0.33631 10.00000 1.0532792807 2.4834229946    1.052  0.320  3.7363  4.037    2  0.000  0.536     0.00     0.00 -1 -2.26e-13      0.00 7.035e-01 2.692e-01 4.831e-03 1.322e-03 1.203e-02 -1.000 2.732e-02 3.970 2.701 2.339 2.277 2.252 2.287 2.275 2.240 1.830 1.973 2.106 2.253 2.290 2.301 2.019
0.03 0.33631 10.00000 1.0589429140 2.4844686985    1.057  0.334  3.7271  3.988    2  0.000  0.536     0.00     0.00 -1 -2.44e-13      0.00 6.965e-01 2.756e-01 4.932e-03 1.349e-03 1.227e-02 -1.000 2.790e-02 3.934 2.630 2.245 2.177 2.149 2.187 2.174 2.136 1.726 1.868 2.001 2.150 2.191 2.197 1.914
0.03 0.33631 10.00000 1.0620290041 2.4850330353    1.060  0.335  3.7183  3.953    2  0.000  0.536     0.00     0.00 -1 -2.53e-13      0.00 6.915e-01 2.802e-01 5.000e-03 1.367e-03 1.243e-02 -1.000 2.829e-02 3.932 2.595 2.186 2.114 2.083 2.124 2.110 2.069 1.658 1.800 1.933 2.084 2.128 2.129 1.847
0.03 0.33631 10.00000 1.0640410185 2.4853990078    1.062  0.333  3.7101  3.923    2  0.000  0.537     0.00     0.00 -1  -2.6e-13      0.00 6.878e-01 2.837e-01 5.051e-03 1.381e-03 1.255e-02 -1.000 2.856e-02 3.937 2.571 2.138 2.063 2.029 2.072 2.057 2.014 1.602 1.744 1.876 2.031 2.077 2.074 1.791
0.03 0.33631 10.00000 1.0658395290 2.4857246876    1.064  0.337  3.7014  3.885    2  0.000  0.537     0.00     0.00 -1 -2.73e-13      0.00 6.844e-01 2.869e-01 5.096e-03 1.393e-03 1.266e-02 -1.000 2.874e-02 3.927 2.531 2.074 1.994 1.957 2.004 1.988 1.941 1.529 1.671 1.803 1.960 2.009 2.002 1.718
0.03 0.33631 10.00000 1.0676226616 2.4860465527    1.066  0.358  3.6936  3.834    2  0.000  0.537     0.00     0.00 -1 -3.02e-13      0.00 6.809e-01 2.902e-01 5.136e-03 1.403e-03 1.276e-02 -1.000 2.893e-02 3.874 2.453 1.973 1.889 1.849 1.899 1.881 1.832 1.420 1.561 1.693 1.852 1.904 1.892 1.609
0.03 0.33631 10.00000 1.0691778660 2.4863259792    1.068  0.391  3.6880  3.779    2  0.000  0.537     0.00     0.00 -1 -3.45e-13      0.00 6.776e-01 2.932e-01 5.168e-03 1.412e-03 1.283e-02 -1.000 2.914e-02 3.792 2.353 1.856 1.769 1.727 1.780 1.761 1.709 1.297 1.437 1.569 1.730 1.785 1.769 1.486
0.03 0.33631 10.00000 1.0694307089 2.4863715172    1.068  0.399  3.6874  3.769    2  0.000  0.537     0.00     0.00 -1 -3.56e-13      0.00 6.771e-01 2.937e-01 5.172e-03 1.413e-03 1.284e-02 -1.000 2.918e-02 3.773 2.331 1.833 1.745 1.703 1.755 1.737 1.685 1.272 1.413 1.544 1.706 1.761 1.745 1.461
0.03 0.33631 10.00000 1.0707173347 2.4866018295    1.069  0.443  3.6846  3.714    3  0.000  0.536     0.00     0.00 -1 -4.18e-13      0.00 6.741e-01 2.966e-01 5.184e-03 1.422e-03 1.289e-02 -1.000 2.931e-02 3.661 2.211 1.704 1.614 1.572 1.625 1.606 1.553 1.140 1.280 1.411 1.575 1.630 1.612 1.328
0.03 0.33631 10.00000 1.0717557669 2.4867875576    1.070  0.484  3.6827  3.666    3  0.000  0.533     0.00     0.00 -1 -4.83e-13      0.00 6.714e-01 2.993e-01 5.168e-03 1.441e-03 1.292e-02 -1.000 2.936e-02 3.559 2.104 1.591 1.500 1.457 1.511 1.492 1.438 1.024 1.164 1.295 1.460 1.516 1.497 1.213
0.03 0.33631 10.00000 1.0727446079 2.4869637489    1.071  0.527  3.6813  3.618    3  0.000  0.526     0.00     0.00 -1 -5.63e-13      0.00 6.684e-01 3.021e-01 5.112e-03 1.488e-03 1.295e-02 -1.000 2.947e-02 3.453 1.993 1.476 1.384 1.340 1.395 1.375 1.320 0.906 1.046 1.177 1.343 1.400 1.379 1.095
0.03 0.33631 10.00000 1.0736628771 2.4871270657    1.072  0.570  3.6801  3.570    3  0.000  0.514     0.00     0.00 -1 -6.56e-13      0.00 6.656e-01 3.048e-01 5.002e-03 1.599e-03 1.298e-02 -1.000 2.955e-02 3.344 1.881 1.360 1.268 1.222 1.278 1.258 1.203 0.788 0.928 1.058 1.226 1.283 1.262 0.977
0.03 0.33631 10.00000 1.0745540857 2.4872853756    1.073  0.616  3.6790  3.521    3  0.000  0.497     0.00     0.00 -1  -7.7e-13      0.00 6.628e-01 3.076e-01 4.848e-03 1.780e-03 1.300e-02 -1.000 2.961e-02 3.231 1.764 1.240 1.147 1.101 1.157 1.137 1.081 0.666 0.806 0.936 1.105 1.162 1.140 0.855
0.03 0.33631 10.00000 1.0753724575 2.4874305725    1.074  0.661  3.6779  3.472    3  0.000  0.482     0.00     0.00 -1 -9.02e-13      0.00 6.602e-01 3.102e-01 4.703e-03 1.964e-03 1.301e-02 -1.000 2.965e-02 3.119 1.649 1.121 1.027 0.981 1.038 1.018 0.960 0.546 0.685 0.815 0.985 1.043 1.019 0.735
0.03 0.33631 10.00000 1.0760639906 2.4875528812    1.074  0.701  3.6769  3.428    3  0.000  0.471     0.00     0.00 -1 -1.04e-12      0.00 6.582e-01 3.122e-01 4.602e-03 2.093e-03 1.302e-02 -1.000 2.966e-02 3.017 1.544 1.014 0.919 0.872 0.929 0.909 0.851 0.436 0.575 0.706 0.876 0.935 0.910 0.625
0.03 0.33631 10.00000 1.0767626762 2.4876763821    1.075  0.745  3.6758  3.379    3  0.000  0.463     0.00     0.00 -1 -1.22e-12      0.00 6.564e-01 3.139e-01 4.523e-03 2.194e-03 1.303e-02 -1.000 2.972e-02 2.906 1.430 0.896 0.800 0.752 0.811 0.790 0.731 0.316 0.455 0.585 0.756 0.817 0.790 0.505
0.03 0.33631 10.00000 1.0774207115 2.4877924919    1.076  0.791  3.6745  3.329    3  0.000  0.456     0.00     0.00 -1 -1.43e-12      0.00 6.549e-01 3.154e-01 4.464e-03 2.272e-03 1.304e-02 -1.000 2.975e-02 2.793 1.312 0.774 0.678 0.629 0.688 0.668 0.607 0.192 0.331 0.461 0.633 0.694 0.666 0.381
0.03 0.33631 10.00000 1.0779762268 2.4878904819    1.076  0.832  3.6733  3.283    3  0.000  0.452     0.00     0.00 -1 -1.65e-12      0.00 6.537e-01 3.165e-01 4.422e-03 2.325e-03 1.304e-02 -1.000 2.979e-02 2.690 1.205 0.664 0.566 0.516 0.577 0.556 0.494 0.079 0.218 0.348 0.521 0.583 0.553 0.268
0.03 0.33631 10.00000 1.0784931183 2.4879813194    1.077  0.874  3.6719  3.236    3  0.000  0.449     0.00     0.00 -1 -1.92e-12      0.00 6.529e-01 3.173e-01 4.392e-03 2.364e-03 1.305e-02 -1.000 2.980e-02 2.586 1.097 0.552 0.453 0.402 0.464 0.443 0.380 -0.035 0.104 0.233 0.407 0.471 0.439 0.154
0.03 0.33631 10.00000 1.0789959431 2.4880697727    1.077  0.917  3.6704  3.187    3  0.000  0.446     0.00     0.00 -1 -2.24e-12      0.00 6.522e-01 3.180e-01 4.369e-03 2.394e-03 1.305e-02 -1.000 2.981e-02 2.477 0.983 0.434 0.334 0.282 0.345 0.324 0.259 -0.156 -0.018 0.112 0.287 0.351 0.318 0.033
0.03 0.33631 10.00000 1.0794347525 2.4881467819    1.077  0.958  3.6689  3.140    3  0.000  0.445     0.00     0.00 -1  -2.6e-12      0.00 6.517e-01 3.185e-01 4.353e-03 2.415e-03 1.305e-02 -1.000 2.980e-02 2.374 0.876 0.322 0.221 0.168 0.232 0.211 0.145 -0.271 -0.132 -0.003 0.173 0.239 0.203 -0.082
0.03 0.33631 10.00000 1.0798417330 2.4882183075    1.078  1.000  3.6674  3.092    3  0.000  0.444     0.00     0.00 -1 -3.02e-12      0.00 6.514e-01 3.188e-01 4.344e-03 2.428e-03 1.305e-02 -1.000 2.980e-02 2.270 0.767 0.208 0.106 0.052 0.117 0.096 0.029 -0.387 -0.249 -0.120 0.057 0.124 0.087 -0.198
0.03 0.33631 10.00000 1.0801975727 2.4882807732    1.078  1.040  3.6658  3.046    3  0.000  0.443     0.00     0.00 -1 -3.49e-12      0.00 6.512e-01 3.190e-01 4.339e-03 2.434e-03 1.305e-02 -1.000 2.980e-02 2.171 0.664 0.100 -0.003 -0.058 0.008 -0.013 -0.082 -0.498 -0.360 -0.231 -0.053 0.015 -0.024 -0.309
0.03 0.33631 10.00000 1.0805431604 2.4883413315    1.078  1.081  3.6641  2.999    3  0.000  0.443     0.00     0.00 -1 -4.04e-12      0.00 6.511e-01 3.191e-01 4.334e-03 2.440e-03 1.305e-02 -1.000 2.976e-02 2.069 0.557 -0.012 -0.117 -0.172 -0.105 -0.127 -0.197 -0.613 -0.475 -0.347 -0.167 -0.098 -0.139 -0.424
0.03 0.33631 10.00000 1.0808649063 2.4883975983    1.079  1.122  3.6624  2.950    3  0.000  0.443     0.00     0.00 -1  -4.7e-12      0.00 6.511e-01 3.191e-01 4.333e-03 2.441e-03 1.305e-02 -1.000 2.976e-02 1.965 0.449 -0.125 -0.232 -0.289 -0.221 -0.243 -0.314 -0.730 -0.592 -0.465 -0.283 -0.214 -0.256 -0.541
0.03 0.33631 10.00000 1.0812342167 2.4884622097    1.079  1.174  3.6600  2.890    3  0.000  0.442     0.00     0.00 -1 -5.67e-12      0.00 6.511e-01 3.192e-01 4.332e-03 2.442e-03 1.306e-02 -1.000 2.976e-02 1.836 0.313 -0.268 -0.377 -0.435 -0.366 -0.389 -0.461 -0.878 -0.740 -0.613 -0.429 -0.359 -0.403 -0.689
0.03 0.33631 10.00000 1.0814936161 2.4885075092    1.079  1.213  3.6582  2.843    3  0.000  0.442     0.00     0.00 -1 -6.55e-12      0.00 6.511e-01 3.192e-01 4.332e-03 2.443e-03 1.306e-02 -1.000 2.976e-02 1.737 0.209 -0.378 -0.489 -0.548 -0.478 -0.501 -0.574 -0.991 -0.853 -0.726 -0.542 -0.470 -0.516 -0.802
0.03 0.33631 10.00000 1.0818060637 2.4885621071    1.079  1.264  3.6557  2.782    3  0.000  0.442     0.00     0.00 -1 -7.89e-12      0.00 6.511e-01 3.192e-01 4.331e-03 2.444e-03 1.306e-02 -1.000 2.976e-02 1.610 0.075 -0.519 -0.632 -0.693 -0.622 -0.645 -0.720 -1.137 -1.000 -0.873 -0.686 -0.614 -0.662 -0.948
0.03 0.33631 10.00000 1.0820969343 2.4886128902    1.080  1.315  3.6532  2.721    3  0.000  0.442     0.00     0.00 -1 -9.53e-12      0.00 6.511e-01 3.192e-01 4.331e-03 2.445e-03 1.306e-02 -1.000 2.976e-02 1.482 -0.060 -0.662 -0.777 -0.839 -0.767 -0.790 -0.867 -1.284 -1.147 -1.021 -0.832 -0.759 -0.810 -1.095
0.03 0.33631 10.00000 1.0823626518 2.4886593819    1.080  1.364  3.6507  2.663    3  0.000  0.442     0.00     0.00 -1 -1.14e-11      0.00 6.511e-01 3.192e-01 4.330e-03 2.445e-03 1.306e-02 -1.000 2.977e-02 1.361 -0.187 -0.797 -0.914 -0.977 -0.904 -0.928 -1.006 -1.424 -1.287 -1.161 -0.971 -0.896 -0.949 -1.235
0.03 0.33631 10.00000 1.0826489925 2.4887092113    1.080  1.409  3.6484  2.608    3  0.000  0.442     0.00     0.00 -1 -1.34e-11      0.00 6.510e-01 3.192e-01 4.329e-03 2.446e-03 1.306e-02 -1.000 2.977e-02 1.248 -0.306 -0.923 -1.043 -1.107 -1.033 -1.057 -1.137 -1.554 -1.417 -1.292 -1.100 -1.025 -1.080 -1.365
0.03 0.33631 10.00000 1.0828733444 2.4887483120    1.080  1.437  3.6470  2.575    3  0.000  0.442     0.00     0.00 -1  -1.5e-11      0.00 6.510e-01 3.192e-01 4.329e-03 2.447e-03 1.306e-02 -1.000 2.977e-02 1.178 -0.379 -1.000 -1.121 -1.187 -1.112 -1.136 -1.217 -1.635 -1.498 -1.372 -1.180 -1.104 -1.160 -1.446
0.03 0.33631 10.00000 1.0831202269 2.4887914658    1.080  1.393  3.6499  2.630    3  0.000  0.442     0.00     0.00 -1 -1.29e-11      0.00 6.510e-01 3.192e-01 4.329e-03 2.447e-03 1.306e-02 -1.000 2.977e-02 1.289 -0.262 -0.874 -0.992 -1.056 -0.983 -1.006 -1.085 -1.503 -1.366 -1.240 -1.049 -0.975 -1.028 -1.314
0.03 0.33631 10.00000 1.0832300186 2.4888105392    1.080  1.364  3.6517  2.666    3  0.000  0.442     0.00     0.00 -1 -1.16e-11      0.00 6.510e-01 3.192e-01 4.328e-03 2.448e-03 1.306e-02 -1.000 2.977e-02 1.360 -0.186 -0.792 -0.909 -0.972 -0.899 -0.923 -1.000 -1.418 -1.281 -1.155 -0.965 -0.891 -0.943 -1.229
0.03 0.33631 10.00000 1.0834026337 2.4888405800    1.080  1.406  3.6494  2.615    3  0.000  0.442     0.00     0.00 -1 -1.33e-11      0.00 6.510e-01 3.192e-01 4.328e-03 2.448e-03 1.306e-02 -1.000 2.977e-02 1.255 -0.296 -0.909 -1.029 -1.093 -1.019 -1.043 -1.122 -1.540 -1.403 -1.277 -1.086 -1.011 -1.065 -1.351
0.03 0.33631 10.00000 1.0836161375 2.4888777733    1.080  1.456  3.6466  2.553    3  0.000  0.442     0.00     0.00 -1  -1.6e-11      0.00 6.510e-01 3.192e-01 4.328e-03 2.449e-03 1.306e-02 -1.000 2.977e-02 1.129 -0.430 -1.051 -1.173 -1.239 -1.164 -1.189 -1.269 -1.687 -1.550 -1.425 -1.232 -1.156 -1.213 -1.498
0.03 0.33631 10.00000 1.0838172436 2.4889128208    1.081  1.507  3.6437  2.492    3  0.000  0.442     0.00     0.00 -1 -1.92e-11      0.00 6.510e-01 3.192e-01 4.327e-03 2.449e-03 1.306e-02 -1.000 2.977e-02 1.003 -0.563 -1.193 -1.318 -1.385 -1.309 -1.333 -1.416 -1.834 -1.697 -1.573 -1.377 -1.300 -1.360 -1.645
0.03 0.33631 10.00000 1.0839985609 2.4889442921    1.081  1.555  3.6409  2.432    3  0.000  0.442     0.00     0.00 -1 -2.31e-11      0.00 6.510e-01 3.192e-01 4.327e-03 2.450e-03 1.306e-02 -1.000 2.977e-02 0.881 -0.693 -1.330 -1.459 -1.528 -1.449 -1.474 -1.560 -1.978 -1.841 -1.717 -1.520 -1.440 -1.504 -1.789
0.03 0.33631 10.00000 1.0841679573 2.4889738560    1.081  1.605  3.6380  2.371    3  0.000  0.442     0.00     0.00 -1 -2.77e-11      0.00 6.510e-01 3.192e-01 4.327e-03 2.450e-03 1.306e-02 -1.000 2.977e-02 0.758 -0.825 -1.470 -1.602 -1.673 -1.592 -1.617 -1.707 -2.125 -1.988 -1.865 -1.665 -1.583 -1.650 -1.936
0.03 0.33631 10.00000 1.0843200684 2.4890003204    1.081  1.654  3.6350  2.310    3  0.000  0.442     0.00     0.00 -1 -3.33e-11      0.00 6.510e-01 3.192e-01 4.326e-03 2.451e-03 1.306e-02 -1.000 2.977e-02 0.636 -0.954 -1.608 -1.743 -1.816 -1.732 -1.758 -1.851 -2.270 -2.133 -2.010 -1.808 -1.723 -1.795 -2.081
0.03 0.33631 10.00000 1.0844562054 2.4890239239    1.081  1.701  3.6321  2.251    3  0.000  0.442     0.00     0.00 -1 -3.97e-11      0.00 6.510e-01 3.192e-01 4.326e-03 2.451e-03 1.306e-02 -1.000 2.977e-02 0.518 -1.081 -1.742 -1.881 -1.956 -1.869 -1.896 -1.992 -2.411 -2.275 -2.152 -1.947 -1.859 -1.936 -2.222
0.03 0.33631 10.00000 1.0845803022 2.4890453815    1.080  1.748  3.6291  2.192    3  0.000  0.442     0.00     0.00 -1 -4.74e-11      0.00 6.510e-01 3.192e-01 4.326e-03 2.451e-03 1.306e-02 -1.000 2.977e-02 0.400 -1.207 -1.876 -2.019 -2.096 -2.006 -2.033 -2.132 -2.552 -2.416 -2.294 -2.086 -1.996 -2.077 -2.364
0.03 0.33631 10.00000 1.0846961737 2.4890656471    1.080  1.796  3.6260  2.132    3  0.000  0.442     0.00     0.00 -1 -5.67e-11      0.00 6.510e-01 3.192e-01 4.326e-03 2.452e-03 1.306e-02 -1.000 2.977e-02 0.280 -1.334 -2.011 -2.158 -2.237 -2.145 -2.173 -2.275 -2.696 -2.560 -2.438 -2.227 -2.135 -2.220 -2.507
0.03 0.33631 10.00000 1.0847992897 2.4890835285    1.080  1.842  3.6230  2.073    3  0.000  0.442     0.00     0.00 -1 -6.75e-11      0.00 6.510e-01 3.192e-01 4.325e-03 2.452e-03 1.306e-02 -1.000 2.977e-02 0.164 -1.458 -2.143 -2.294 -2.375 -2.280 -2.309 -2.414 -2.835 -2.700 -2.578 -2.365 -2.269 -2.359 -2.647
0.03 0.33631 10.00000 1.0848925114 2.4890995026    1.080  1.888  3.6199  2.015    3  0.000  0.442     0.00     0.00 -1 -8.03e-11      0.00 6.510e-01 3.192e-01 4.325e-03 2.452e-03 1.306e-02 -1.000 2.977e-02 0.050 -1.580 -2.273 -2.429 -2.511 -2.414 -2.443 -2.552 -2.974 -2.838 -2.717 -2.501 -2.403 -2.497 -2.785
0.03 0.33631 10.00000 1.0849784613 2.4891145229    1.080  1.934  3.6167  1.956    3  0.000  0.442     0.00     0.00 -1 -9.56e-11      0.00 6.510e-01 3.192e-01 4.325e-03 2.452e-03 1.306e-02 -1.000 2.977e-02 -0.065 -1.703 -2.399 -2.562 -2.646 -2.544 -2.576 -2.686 -3.083 -3.355 -3.546 -2.635 -2.532 -2.638 -2.907
0.03 0.33631 10.00000 1.0850553513 2.4891278744    1.080  1.979  3.6136  1.899    3  0.000  0.442     0.00     0.00 -1 -1.13e-10      0.00 6.510e-01 3.192e-01 4.325e-03 2.453e-03 1.306e-02 -1.000 2.977e-02 -0.178 -1.822 -2.520 -2.690 -2.776 -2.668 -2.704 -2.814 -3.180 -3.985 -4.584 -2.765 -2.657 -2.776 -3.020
0.03 0.33631 10.00000 1.0851260424 2.4891400337    1.080  2.024  3.6104  1.841    3  0.000  0.442     0.00     0.00 -1 -1.34e-10      0.00 6.510e-01 3.192e-01 4.325e-03 2.453e-03 1.306e-02 -1.000 2.977e-02 -0.290 -1.941 -2.641 -2.819 -2.907 -2.794 -2.834 -2.942 -3.277 -4.618 -5.628 -2.895 -2.782 -2.913 -3.133
0.03 0.33631 10.00000 1.0851906538 2.4891512394    1.079  2.069  3.6072  1.783    3  0.000  0.442     0.00     0.00 -1 -1.59e-10      0.00 6.510e-01 3.193e-01 4.325e-03 2.453e-03 1.306e-02 -1.000 2.977e-02 -0.402 -2.060 -2.762 -2.948 -3.038 -2.919 -2.964 -3.069 -3.375 -5.250 -6.669 -3.025 -2.907 -3.050 -3.247
0.03 0.33631 10.00000 1.0852478743 2.4891612530    1.079  2.111  3.6039  1.727    3  0.000  0.442     0.00     0.00 -1 -1.87e-10      0.00 6.510e-01 3.193e-01 4.325e-03 2.453e-03 1.306e-02 -1.000 2.977e-02 -0.509 -2.173 -2.878 -3.073 -3.164 -3.040 -3.090 -3.191 -3.469 -5.861 -7.676 -3.151 -3.028 -3.182 -3.356
0.03 0.33631 10.00000 1.0853005648 2.4891703129    1.079  2.154  3.6007  1.672    3  0.000  0.442     0.00     0.00 -1 -2.21e-10      0.00 6.510e-01 3.193e-01 4.324e-03 2.453e-03 1.306e-02 -1.000 2.977e-02 -0.615 -2.286 -2.994 -3.197 -3.289 -3.160 -3.216 -3.313 -3.563 -6.470 -8.679 -3.276 -3.149 -3.313 -3.466
0.03 0.33631 10.00000 1.0853499174 2.4891788960    1.078  2.197  3.5975  1.616    3  0.000  0.442     0.00     0.00 -1  -2.6e-10      0.00 6.510e-01 3.193e-01 4.324e-03 2.453e-03 1.306e-02 -1.000 2.977e-02 -0.723 -2.401 -3.111 -3.322 -3.416 -3.281 -3.344 -3.435 -3.658 -7.086 -9.694 -3.402 -3.271 -3.446 -3.576
0.03 0.33631 10.00000 1.0853942633 2.4891867638    1.078  2.239  3.5942  1.560    3  0.000  0.442     0.00     0.00 -1 -3.06e-10      0.00 6.510e-01 3.193e-01 4.324e-03 2.453e-03 1.306e-02 -1.000 2.977e-02 -0.828 -2.513 -3.226 -3.445 -3.540 -3.400 -3.471 -3.555 -3.751 -7.692 -10.693 -3.526 -3.391 -3.576 -3.685
0.03 0.33631 10.00000 1.0854351521 2.4891936779    1.078  2.281  3.5908  1.505    3  0.000  0.442     0.00     0.00 -1 -3.59e-10      0.00 6.510e-01 3.193e-01 4.324e-03 2.454e-03 1.306e-02 -1.000 2.977e-02 -0.931 -2.623 -3.341 -3.568 -3.664 -3.519 -3.598 -3.674 -3.844 -8.296 -11.688 -3.650 -3.510 -3.704 -3.794
0.03 0.33631 10.00000 1.0854727030 2.4892003536    1.077  2.322  3.5875  1.450    3  0.000  0.442     0.00     0.00 -1  -4.2e-10      0.00 6.510e-01 3.193e-01 4.324e-03 2.454e-03 1.306e-02 -1.000 2.977e-02 -1.035 -2.736 -3.460 -3.693 -3.792 -3.643 -3.726 -3.801 -3.972 -8.471 -11.899 -3.777 -3.634 -3.833 -3.923
0.03 0.33631 10.00000 1.0855062008 2.4892060757    1.077  2.361  3.5841  1.397    3  0.000  0.442     0.00     0.00 -1  -4.9e-10      0.00 6.510e-01 3.193e-01 4.324e-03 2.454e-03 1.306e-02 -1.000 2.977e-02 -1.134 -2.845 -3.576 -3.815 -3.916 -3.763 -3.850 -3.926 -4.100 -8.599 -12.027 -3.900 -3.755 -3.958 -4.051
0.03 0.33631 10.00000 1.0855376720 2.4892115593    1.076  2.401  3.5807  1.343    3  0.000  0.442     0.00     0.00 -1 -5.72e-10      0.00 6.510e-01 3.193e-01 4.324e-03 2.454e-03 1.306e-02 -1.000 2.977e-02 -1.233 -2.955 -3.693 -3.937 -4.041 -3.885 -3.976 -4.051 -4.229 -8.728 -12.156 -4.025 -3.877 -4.084 -4.180
0.03 0.33631 10.00000 1.0855671167 2.4892165661    1.076  2.441  3.5773  1.290    3  0.000  0.441     0.00     0.00 -1 -6.68e-10      0.00 6.510e-01 3.193e-01 4.324e-03 2.454e-03 1.306e-02 -1.000 2.977e-02 -1.333 -3.065 -3.810 -4.060 -4.166 -4.007 -4.102 -4.176 -4.358 -8.856 -12.285 -4.148 -3.999 -4.210 -4.308
0.03 0.33631 10.00000 1.0855934620 2.4892210960    1.075  2.479  3.5739  1.238    3  0.000  0.441     0.00     0.00 -1 -7.75e-10      0.00 6.510e-01 3.193e-01 4.324e-03 2.454e-03 1.306e-02 -1.000 2.977e-02 -1.428 -3.171 -3.923 -4.179 -4.287 -4.124 -4.224 -4.298 -4.483 -8.982 -12.410 -4.269 -4.117 -4.333 -4.434
0.03 0.33631 10.00000 1.0856177807 2.4892253876    1.074  2.517  3.5704  1.185    3  0.000  0.441     0.00     0.00 -1    -9e-10      0.00 6.510e-01 3.193e-01 4.324e-03 2.454e-03 1.306e-02 -1.000 2.977e-02 -1.523 -3.277 -4.036 -4.298 -4.409 -4.242 -4.346 -4.419 -4.609 -9.107 -12.536 -4.390 -4.235 -4.456 -4.559
0.03 0.33631 10.00000 1.0856403112 2.4892292023    1.074  2.555  3.5669  1.133    3  0.000  0.441     0.00     0.00 -1 -1.04e-09      0.00 6.510e-01 3.193e-01 4.324e-03 2.454e-03 1.306e-02 -1.000 2.977e-02 -1.617 -3.382 -4.148 -4.415 -4.529 -4.359 -4.467 -4.540 -4.733 -9.232 -12.660 -4.509 -4.352 -4.577 -4.684
0.03 0.33631 10.00000 1.0856612921 2.4892330170    1.073  2.592  3.5634  1.082    3  0.000  0.441     0.00     0.00 -1 -1.21e-09      0.00 6.510e-01 3.193e-01 4.324e-03 2.454e-03 1.306e-02 -1.000 2.977e-02 -1.710 -3.487 -4.259 -4.532 -4.648 -4.474 -4.587 -4.660 -4.856 -9.355 -12.783 -4.627 -4.468 -4.698 -4.807
0.03 0.33631 10.00000 1.0856801271 2.4892361164    1.072  2.628  3.5599  1.032    3  0.000  0.441     0.00     0.00 -1 -1.39e-09      0.00 6.510e-01 3.193e-01 4.324e-03 2.454e-03 1.306e-02 -1.000 2.977e-02 -1.800 -3.588 -4.366 -4.646 -4.765 -4.587 -4.704 -4.777 -4.977 -9.475 -12.904 -4.743 -4.581 -4.816 -4.927
0.03 0.33631 10.00000 1.0857018232 2.4892399311    1.071  2.672  3.5555  0.970    3  0.000  0.441     0.00     0.00 -1 -1.66e-09      0.00 6.510e-01 3.193e-01 4.324e-03 2.454e-03 1.306e-02 -1.000 2.977e-02 -1.910 -3.713 -4.498 -4.786 -4.908 -4.726 -4.849 -4.921 -5.126 -9.624 -13.053 -4.885 -4.721 -4.961 -5.076
0.03 0.33631 10.00000 1.0857220888 2.4892435074    1.070  2.716  3.5510  0.907    3  0.000  0.441     0.00     0.00 -1 -1.97e-09      0.00 6.510e-01 3.193e-01 4.324e-03 2.454e-03 1.306e-02 -1.000 2.977e-02 -2.020 -3.838 -4.630 -4.926 -5.052 -4.866 -4.995 -5.066 -5.276 -9.774 -13.203 -5.027 -4.861 -5.108 -5.226
0.03 0.33631 10.00000 1.0857403278 2.4892466068    1.068  2.759  3.5465  0.846    3  0.000  0.441     0.00     0.00 -1 -2.34e-09      0.00 6.510e-01 3.193e-01 4.324e-03 2.454e-03 1.306e-02 -1.000 2.977e-02 -2.126 -3.960 -4.758 -5.062 -5.192 -5.003 -5.137 -5.208 -5.422 -9.920 -13.348 -5.165 -4.998 -5.251 -5.372
0.03 0.33631 10.00000 1.0857568979 2.4892494678    1.067  2.800  3.5421  0.787    3  0.000  0.441     0.00     0.00 -1 -2.77e-09      0.00 6.510e-01 3.193e-01 4.324e-03 2.454e-03 1.306e-02 -1.000 2.977e-02 -2.229 -4.077 -4.882 -5.195 -5.328 -5.135 -5.275 -5.346 -5.564 -10.062 -13.491 -5.300 -5.131 -5.390 -5.514
0.03 0.33631 10.00000 1.0857725143 2.4892520905    1.065  2.841  3.5376  0.727    3  0.000  0.441     0.00     0.00 -1 -3.27e-09      0.00 6.510e-01 3.193e-01 4.324e-03 2.455e-03 1.306e-02 -1.000 2.977e-02 -2.332 -4.196 -5.007 -5.328 -5.465 -5.268 -5.414 -5.484 -5.707 -10.205 -13.633 -5.435 -5.265 -5.530 -5.657
0.03 0.33631 10.00000 1.0857865810 2.4892547131    1.064  2.881  3.5332  0.669    3  0.000  0.441     0.00     0.00 -1 -3.84e-09      0.00 6.510e-01 3.193e-01 4.324e-03 2.455e-03 1.306e-02 -1.000 2.977e-02 -2.432 -4.310 -5.126 -5.457 -5.597 -5.398 -5.548 -5.618 -5.845 -10.342 -13.771 -5.565 -5.394 -5.665 -5.795
0.03 0.33631 10.00000 1.0857995749 2.4892568588    1.062  2.920  3.5288  0.611    3  0.000  0.441     0.00     0.00 -1 -4.51e-09      0.00 6.510e-01 3.193e-01 4.324e-03 2.455e-03 1.306e-02 -1.000 2.977e-02 -2.530 -4.423 -5.245 -5.585 -5.729 -5.526 -5.681 -5.751 -5.982 -10.479 -13.907 -5.694 -5.523 -5.799 -5.932
0.03 0.33631 10.00000 1.0858117342 2.4892590046    1.060  2.958  3.5243  0.554    3  0.000  0.441     0.00     0.00 -1 -5.29e-09      0.00 6.510e-01 3.193e-01 4.324e-03 2.455e-03 1.306e-02 -1.000 2.977e-02 -2.626 -4.533 -5.360 -5.711 -5.858 -5.651 -5.812 -5.881 -6.116 -10.613 -14.041 -5.821 -5.649 -5.931 -6.066
0.03 0.33631 10.00000 1.0858228207 2.4892609119    1.058  2.995  3.5200  0.499    3  0.000  0.441     0.00     0.00 -1 -6.16e-09      0.00 6.510e-01 3.193e-01 4.323e-03 2.455e-03 1.306e-02 -1.000 2.977e-02 -2.719 -4.639 -5.472 -5.833 -5.983 -5.773 -5.939 -6.008 -6.247 -10.743 -14.171 -5.944 -5.771 -6.059 -6.197
0.03 0.33631 10.00000 1.0858334303 2.4892628193    1.056  3.033  3.5156  0.443    3  0.000  0.441     0.00     0.00 -1 -7.19e-09      0.00 6.510e-01 3.193e-01 4.323e-03 2.455e-03 1.306e-02 -1.000 2.977e-02 -2.811 -4.746 -5.584 -5.955 -6.108 -5.896 -6.066 -6.133 -6.377 -10.872 -14.300 -6.065 -5.895 -6.187 -6.327
0.03 0.33631 10.00000 1.0858429670 2.4892644882    1.053  3.068  3.5112  0.389    3  0.000  0.441     0.00     0.00 -1 -8.36e-09      0.00 6.510e-01 3.193e-01 4.323e-03 2.455e-03 1.306e-02 -1.000 2.977e-02 -2.901 -4.848 -5.693 -6.073 -6.229 -6.016 -6.190 -6.256 -6.504 -10.998 -14.426 -6.183 -6.015 -6.312 -6.454
0.03 0.33631 10.00000 1.0858520269 2.4892659187    1.050  3.104  3.5067  0.335    3  0.000  0.441     0.00     0.00 -1 -9.71e-09      0.00 6.510e-01 3.193e-01 4.323e-03 2.455e-03 1.306e-02 -1.000 2.977e-02 -2.989 -4.948 -5.800 -6.189 -6.348 -6.134 -6.310 -6.374 -6.628 -11.121 -14.549 -6.296 -6.133 -6.433 -6.578
0.03 0.33631 10.00000 1.0858602524 2.4892673492    1.048  3.138  3.5023  0.282    3  0.000  0.441     0.00     0.00 -1 -1.12e-08      0.00 6.510e-01 3.193e-01 4.323e-03 2.455e-03 1.306e-02 -1.000 2.977e-02 -3.074 -5.046 -5.904 -6.301 -6.463 -6.247 -6.425 -6.487 -6.747 -11.239 -14.668 -6.405 -6.246 -6.550 -6.698
0.03 0.33631 10.00000 1.0858681202 2.4892687798    1.044  3.171  3.4979  0.229    3  0.000  0.441     0.00     0.00 -1  -1.3e-08      0.00 6.510e-01 3.193e-01 4.323e-03 2.455e-03 1.306e-02 -1.000 2.977e-02 -3.158 -5.141 -6.007 -6.413 -6.577 -6.360 -6.540 -6.599 -6.867 -11.357 -14.785 -6.512 -6.358 -6.667 -6.818
0.03 0.33631 10.00000 1.0858751535 2.4892699718    1.041  3.203  3.4936  0.179    3  0.000  0.441     0.00     0.00 -1 -1.49e-08      0.00 6.510e-01 3.193e-01 4.323e-03 2.455e-03 1.306e-02 -1.000 2.977e-02 -3.238 -5.230 -6.105 -6.519 -6.686 -6.466 -6.649 -6.706 -6.981 -11.469 -14.897 -6.615 -6.465 -6.779 -6.933
0.03 0.33631 10.00000 1.0858818293 2.4892711639    1.038  3.234  3.4893  0.129    3  0.000  0.441     0.00     0.00 -1  -1.7e-08      0.00 6.510e-01 3.193e-01 4.323e-03 2.455e-03 1.306e-02 -1.000 2.977e-02 -3.315 -5.317 -6.200 -6.623 -6.793 -6.570 -6.756 -6.812 -7.093 -11.579 -15.007 -6.716 -6.569 -6.888 -7.045
0.03 0.33631 10.00000 1.0858880281 2.4892721176    1.034  3.265  3.4850  0.080    3  0.000  0.441     0.00     0.00 -1 -1.95e-08      0.00 6.510e-01 3.193e-01 4.323e-03 2.455e-03 1.306e-02 -1.000 2.977e-02 -3.392 -5.402 -6.294 -6.723 -6.895 -6.672 -6.858 -6.911 -7.202 -11.687 -15.115 -6.810 -6.671 -6.994 -7.155
0.03 0.33631 10.00000 1.0858942270 2.4892733097    1.029  3.296  3.4806  0.029    3  0.000  0.441     0.00     0.00 -1 -2.23e-08      0.00 6.510e-01 3.193e-01 4.323e-03 2.455e-03 1.306e-02 -1.000 2.977e-02 -3.469 -5.488 -6.388 -6.825 -7.000 -6.776 -6.962 -7.013 -7.313 -11.796 -15.225 -6.906 -6.774 -7.102 -7.266
0.03 0.33631 10.00000 1.0859009027 2.4892745018    1.024  3.331  3.4754 -0.029    3  0.000  0.441     0.00     0.00 -1 -2.61e-08      0.00 6.510e-01 3.193e-01 4.323e-03 2.455e-03 1.306e-02 -1.000 2.977e-02 -3.557 -5.585 -6.495 -6.939 -7.116 -6.894 -7.078 -7.127 -7.441 -11.923 -15.352 -7.010 -6.892 -7.225 -7.394
0.03 0.33631 10.00000 1.0859072208 2.4892754555    1.018  3.365  3.4704 -0.085    3  0.000  0.441     0.00     0.00 -1 -3.04e-08      0.00 6.510e-01 3.193e-01 4.323e-03 2.455e-03 1.306e-02 -1.000 2.977e-02 -3.642 -5.680 -6.599 -7.049 -7.229 -7.011 -7.193 -7.242 -7.567 -12.049 -15.478 -7.114 -7.009 -7.347 -7.520
0.03 0.33631 10.00000 1.0859133005 2.4892766476    1.011  3.397  3.4658 -0.139    3  0.000  0.441     0.00     0.00 -1 -3.52e-08      0.00 6.510e-01 3.193e-01 4.323e-03 2.455e-03 1.306e-02 -1.000 2.977e-02 -3.722 -5.767 -6.695 -7.150 -7.333 -7.119 -7.299 -7.347 -7.685 -12.166 -15.595 -7.208 -7.116 -7.461 -7.637
0.03 0.33631 10.00000 1.0859152079 2.4892768860    1.009  3.406  3.4644 -0.154    3  0.000  0.441     0.00     0.00 -1 -3.68e-08      0.00 6.510e-01 3.193e-01 4.323e-03 2.455e-03 1.306e-02 -1.000 2.977e-02 -3.745 -5.793 -6.723 -7.179 -7.363 -7.150 -7.330 -7.378 -7.719 -12.200 -15.629 -7.235 -7.147 -7.494 -7.672
0.03 0.33631 10.00000 1.0859152079 2.4892768860    1.009  1.658  3.6506  2.339    4  0.000  0.458     0.00     0.00 -1    -1e-30      0.00 6.529e-01 3.174e-01 4.467e-03 2.259e-03 1.302e-02 -1.000 2.972e-02 0.625 -0.927 -1.529 -1.652 -1.720 -1.642 -1.665 -1.750 -2.170 -2.034 -1.909 -1.713 -1.633 -1.694 -1.981
0.03 0.33631 10.00000 1.0860207081 2.4892952442    1.010  1.668  3.6499  2.326    4  0.000  0.458     0.00     0.00 -1    -1e-30      0.00 6.528e-01 3.174e-01 4.467e-03 2.259e-03 1.302e-02 -1.000 2.972e-02 0.600 -0.955 -1.559 -1.682 -1.751 -1.672 -1.696 -1.782 -2.201 -2.065 -1.940 -1.744 -1.663 -1.725 -2.012
0.03 0.33631 10.00000 1.0861252546 2.4893133640    1.010  1.670  3.6499  2.324    4  0.000  0.458     0.00     0.00 -1    -1e-30      0.00 6.528e-01 3.174e-01 4.467e-03 2.260e-03 1.302e-02 -1.000 2.972e-02 0.595 -0.960 -1.564 -1.687 -1.756 -1.677 -1.701 -1.787 -2.206 -2.070 -1.945 -1.749 -1.668 -1.731 -2.017
0.03 0.33631 10.00000 1.0862296820 2.4893314838    1.010  1.668  3.6503  2.327    4  0.000  0.458     0.00     0.00 -1    -1e-30      0.00 6.528e-01 3.174e-01 4.467e-03 2.260e-03 1.302e-02 -1.000 2.972e-02 0.600 -0.954 -1.556 -1.679 -1.748 -1.669 -1.693 -1.778 -2.197 -2.062 -1.937 -1.741 -1.661 -1.722 -2.009
0.03 0.33631 10.00000 1.0863367319 2.4893498421    1.010  1.665  3.6508  2.333    4  0.000  0.458     0.00     0.00 -1    -1e-30      0.00 6.528e-01 3.174e-01 4.466e-03 2.260e-03 1.302e-02 -1.000 2.972e-02 0.608 -0.944 -1.545 -1.667 -1.736 -1.657 -1.681 -1.766 -2.185 -2.049 -1.924 -1.729 -1.649 -1.710 -1.996
0.03 0.33631 10.00000 1.0864433050 2.4893684387    1.010  1.661  3.6514  2.339    4  0.000  0.458     0.00     0.00 -1    -1e-30      0.00 6.528e-01 3.174e-01 4.466e-03 2.261e-03 1.302e-02 -1.000 2.972e-02 0.617 -0.934 -1.533 -1.655 -1.723 -1.645 -1.668 -1.753 -2.172 -2.036 -1.911 -1.716 -1.636 -1.697 -1.983
0.03 0.33631 10.00000 1.0865503550 2.4893867970    1.010  1.658  3.6519  2.344    4  0.000  0.457     0.00     0.00 -1    -1e-30      0.00 6.528e-01 3.174e-01 4.466e-03 2.261e-03 1.302e-02 -1.000 2.972e-02 0.626 -0.924 -1.522 -1.643 -1.711 -1.633 -1.656 -1.741 -2.160 -2.024 -1.899 -1.704 -1.625 -1.685 -1.971
0.03 0.33631 10.00000 1.0866546631 2.4894049168    1.010  1.655  3.6524  2.350    4  0.000  0.457     0.00     0.00 -1    -1e-30      0.00 6.528e-01 3.175e-01 4.466e-03 2.261e-03 1.302e-02 -1.000 2.972e-02 0.634 -0.914 -1.511 -1.631 -1.700 -1.622 -1.645 -1.729 -2.148 -2.012 -1.887 -1.692 -1.614 -1.673 -1.959
0.03 0.33631 10.00000 1.0867613554 2.4894232750    1.010  1.651  3.6529  2.355    4  0.000  0.457     0.00     0.00 -1    -1e-30      0.00 6.528e-01 3.175e-01 4.466e-03 2.261e-03 1.302e-02 -1.000 2.972e-02 0.642 -0.905 -1.500 -1.620 -1.688 -1.611 -1.634 -1.718 -2.137 -2.001 -1.876 -1.681 -1.603 -1.662 -1.948
0.03 0.33631 10.00000 1.0868637562 2.4894409180    1.011  1.649  3.6533  2.359    4  0.000  0.457     0.00     0.00 -1    -1e-30      0.00 6.528e-01 3.175e-01 4.465e-03 2.262e-03 1.302e-02 -1.000 2.972e-02 0.649 -0.897 -1.490 -1.610 -1.678 -1.601 -1.624 -1.707 -2.126 -1.990 -1.865 -1.671 -1.593 -1.651 -1.937
0.03 0.33631 10.00000 1.0869632959 2.4894583225    1.011  1.646  3.6538  2.364    4  0.000  0.457     0.00     0.00 -1    -1e-30      0.00 6.528e-01 3.175e-01 4.465e-03 2.262e-03 1.302e-02 -1.000 2.972e-02 0.655 -0.889 -1.482 -1.601 -1.669 -1.592 -1.615 -1.698 -2.117 -1.981 -1.856 -1.662 -1.584 -1.642 -1.928
0.03 0.33631 10.00000 1.0870704651 2.4894766808    1.011  1.644  3.6542  2.368    4  0.000  0.457     0.00     0.00 -1    -1e-30      0.00 6.528e-01 3.175e-01 4.465e-03 2.262e-03 1.302e-02 -1.000 2.972e-02 0.661 -0.882 -1.474 -1.593 -1.660 -1.584 -1.607 -1.689 -2.108 -1.972 -1.847 -1.653 -1.575 -1.633 -1.919
0.03 0.33631 10.00000 1.0871689320 2.4894938469    1.011  1.642  3.6545  2.371    4  0.000  0.457     0.00     0.00 -1    -1e-30      0.00 6.528e-01 3.175e-01 4.465e-03 2.262e-03 1.302e-02 -1.000 2.972e-02 0.665 -0.877 -1.467 -1.586 -1.653 -1.577 -1.600 -1.682 -2.101 -1.965 -1.840 -1.646 -1.568 -1.626 -1.912
0.03 0.33631 10.00000 1.0872676373 2.4895107746    1.011  1.640  3.6548  2.374    4  0.000  0.457     0.00     0.00 -1    -1e-30      0.00 6.528e-01 3.175e-01 4.465e-03 2.263e-03 1.302e-02 -1.000 2.972e-02 0.670 -0.872 -1.461 -1.579 -1.646 -1.571 -1.593 -1.675 -2.094 -1.958 -1.833 -1.639 -1.562 -1.619 -1.906
0.03 0.33631 10.00000 1.0872939825 2.4895153046    1.011  1.640  3.6549  2.375    4  0.000  0.457     0.00     0.00 -1    -1e-30      0.00 6.528e-01 3.175e-01 4.465e-03 2.263e-03 1.302e-02 -1.000 2.972e-02 0.671 -0.870 -1.459 -1.578 -1.645 -1.569 -1.591 -1.674 -2.093 -1.957 -1.831 -1.638 -1.561 -1.617 -1.904
0.03 0.33631 10.00000 1.0873763561 2.4895296097    1.011  1.638  3.6551  2.377    4  0.000  0.457     0.00     0.00 -1    -1e-30      0.00 6.528e-01 3.175e-01 4.464e-03 2.263e-03 1.302e-02 -1.000 2.972e-02 0.674 -0.867 -1.455 -1.573 -1.640 -1.564 -1.587 -1.669 -2.088 -1.952 -1.827 -1.633 -1.556 -1.613 -1.899
0.03 0.33631 10.00000 1.0874798298 2.4895474911    1.011  1.637  3.6554  2.379    4  0.000  0.457     0.00     0.00 -1    -1e-30      0.00 6.528e-01 3.175e-01 4.464e-03 2.263e-03 1.302e-02 -1.000 2.972e-02 0.677 -0.863 -1.450 -1.568 -1.635 -1.559 -1.582 -1.664 -2.083 -1.947 -1.822 -1.628 -1.551 -1.608 -1.894
0.03 0.33631 10.00000 1.0875810385 2.4895648956    1.011  1.636  3.6556  2.381    4  0.000  0.457     0.00     0.00 -1    -1e-30      0.00 6.528e-01 3.175e-01 4.464e-03 2.264e-03 1.302e-02 -1.000 2.972e-02 0.679 -0.860 -1.446 -1.564 -1.631 -1.556 -1.578 -1.660 -2.079 -1.943 -1.817 -1.624 -1.547 -1.603 -1.890
0.03 0.33631 10.00000 1.0876817703 2.4895823002    1.012  1.636  3.6558  2.383    4  0.000  0.457     0.00     0.00 -1    -1e-30      0.00 6.528e-01 3.175e-01 4.464e-03 2.264e-03 1.302e-02 -1.000 2.972e-02 0.681 -0.857 -1.444 -1.561 -1.628 -1.552 -1.575 -1.656 -2.075 -1.940 -1.814 -1.621 -1.544 -1.600 -1.887
0.03 0.33631 10.00000 1.0877888203 2.4896006584    1.012  1.635  3.6560  2.384    4  0.000  0.457     0.00     0.00 -1    -1e-30      0.00 6.528e-01 3.175e-01 4.464e-03 2.264e-03 1.302e-02 -1.000 2.972e-02 0.682 -0.856 -1.442 -1.559 -1.626 -1.551 -1.573 -1.654 -2.073 -1.937 -1.812 -1.619 -1.542 -1.598 -1.885
0.03 0.33631 10.00000 1.0878920555 2.4896185398    1.012  1.635  3.6561  2.384    4  0.000  0.457     0.00     0.00 -1    -1e-30      0.00 6.528e-01 3.175e-01 4.463e-03 2.264e-03 1.302e-02 -1.000 2.972e-02 0.682 -0.856 -1.441 -1.559 -1.625 -1.550 -1.573 -1.654 -2.073 -1.937 -1.812 -1.618 -1.542 -1.598 -1.884
0.03 0.33631 10.00000 1.0879994631 2.4896371365    1.012  1.636  3.6561  2.384    4  0.000  0.457     0.00     0.00 -1    -1e-30      0.00 6.528e-01 3.175e-01 4.463e-03 2.265e-03 1.302e-02 -1.000 2.972e-02 0.680 -0.858 -1.443 -1.560 -1.627 -1.552 -1.574 -1.655 -2.074 -1.938 -1.813 -1.620 -1.543 -1.599 -1.885
0.03 0.33631 10.00000 1.0880389214 2.4896438122    1.012  1.636  3.6562  2.383    4  0.000  0.457     0.00     0.00 -1    -1e-30      0.00 6.528e-01 3.175e-01 4.463e-03 2.265e-03 1.302e-02 -1.000 2.972e-02 0.679 -0.859 -1.444 -1.561 -1.627 -1.552 -1.575 -1.656 -2.075 -1.939 -1.814 -1.621 -1.544 -1.600 -1.886
0.03 0.33631 10.00000 1.0881394148 2.4896612167    1.012  1.638  3.6561  2.382    4  0.000  0.457     0.00     0.00 -1    -1e-30      0.00 6.528e-01 3.175e-01 4.463e-03 2.265e-03 1.302e-02 -1.000 2.972e-02 0.676 -0.862 -1.447 -1.565 -1.631 -1.556 -1.578 -1.660 -2.079 -1.943 -1.818 -1.624 -1.548 -1.604 -1.890
0.03 0.33631 10.00000 1.0882345438 2.4896776676    1.012  1.640  3.6560  2.380    4  0.000  0.457     0.00     0.00 -1    -1e-30      0.00 6.528e-01 3.175e-01 4.463e-03 2.265e-03 1.302e-02 -1.000 2.972e-02 0.671 -0.867 -1.452 -1.570 -1.636 -1.561 -1.583 -1.665 -2.084 -1.948 -1.823 -1.629 -1.553 -1.609 -1.895
0.03 0.33631 10.00000 1.0883324146 2.4896943569    1.012  1.642  3.6559  2.377    4  0.000  0.457     0.00     0.00 -1    -1e-30      0.00 6.528e-01 3.175e-01 4.463e-03 2.266e-03 1.302e-02 -1.000 2.973e-02 0.665 -0.873 -1.459 -1.577 -1.643 -1.568 -1.590 -1.672 -2.091 -1.955 -1.830 -1.636 -1.560 -1.616 -1.902
0.03 0.33631 10.00000 1.0884267092 2.4897108078    1.012  1.645  3.6557  2.373    4  0.000  0.457     0.00     0.00 -1    -1e-30      0.00 6.528e-01 3.175e-01 4.462e-03 2.266e-03 1.302e-02 -1.000 2.973e-02 0.658 -0.881 -1.468 -1.586 -1.652 -1.577 -1.599 -1.681 -2.100 -1.964 -1.839 -1.645 -1.568 -1.625 -1.911
0.03 0.33631 10.00000 1.0885215998 2.4897270203    1.013  1.648  3.6554  2.369    4  0.000  0.457     0.00     0.00 -1    -1e-30      0.00 6.528e-01 3.175e-01 4.462e-03 2.266e-03 1.302e-02 -1.000 2.973e-02 0.649 -0.891 -1.478 -1.596 -1.663 -1.588 -1.610 -1.692 -2.111 -1.975 -1.850 -1.656 -1.579 -1.636 -1.922
0.03 0.33631 10.00000 1.0886162519 2.4897434711    1.013  1.653  3.6550  2.362    4  0.000  0.457     0.00     0.00 -1    -1e-30      0.00 6.528e-01 3.175e-01 4.462e-03 2.266e-03 1.302e-02 -1.000 2.973e-02 0.637 -0.904 -1.492 -1.610 -1.678 -1.602 -1.624 -1.707 -2.126 -1.990 -1.865 -1.671 -1.593 -1.650 -1.937
0.03 0.33631 10.00000 1.0887111425 2.4897596836    1.013  1.659  3.6545  2.355    4  0.000  0.457     0.00     0.00 -1    -1e-30      0.00 6.528e-01 3.175e-01 4.462e-03 2.267e-03 1.302e-02 -1.000 2.973e-02 0.623 -0.919 -1.508 -1.628 -1.695 -1.618 -1.641 -1.724 -2.143 -2.007 -1.882 -1.688 -1.610 -1.668 -1.954
0.03 0.33631 10.00000 1.0888077021 2.4897763729    1.013  1.665  3.6540  2.347    4  0.000  0.457     0.00     0.00 -1    -1e-30      0.00 6.528e-01 3.175e-01 4.462e-03 2.267e-03 1.302e-02 -1.000 2.973e-02 0.608 -0.936 -1.527 -1.646 -1.714 -1.637 -1.660 -1.743 -2.163 -2.027 -1.902 -1.707 -1.629 -1.687 -1.974
0.03 0.33631 10.00000 1.0889035463 2.4897928238    1.013  1.673  3.6534  2.337    4  0.000  0.457     0.00     0.00 -1    -1e-30      0.00 6.528e-01 3.175e-01 4.462e-03 2.267e-03 1.302e-02 -1.000 2.973e-02 0.588 -0.957 -1.550 -1.670 -1.738 -1.661 -1.684 -1.768 -2.187 -2.051 -1.926 -1.731 -1.652 -1.712 -1.998
0.03 0.33631 10.00000 1.0889974833 2.4898090363    1.013  1.684  3.6525  2.322    4  0.000  0.457     0.00     0.00 -1    -1e-30      0.00 6.528e-01 3.175e-01 4.461e-03 2.267e-03 1.302e-02 -1.000 2.973e-02 0.561 -0.987 -1.583 -1.704 -1.772 -1.694 -1.717 -1.802 -2.221 -2.086 -1.961 -1.765 -1.686 -1.746 -2.032
0.03 0.33631 10.00000 1.0890709162 2.4898216724    1.013  1.686  3.6523  2.319    4  0.000  0.457     0.00     0.00 -1    -1e-30      0.00 6.527e-01 3.175e-01 4.461e-03 2.268e-03 1.302e-02 -1.000 2.973e-02 0.555 -0.994 -1.590 -1.711 -1.780 -1.701 -1.724 -1.809 -2.229 -2.093 -1.968 -1.772 -1.693 -1.753 -2.040
0.03 0.33631 10.00000 1.0891623497 2.4898374081    1.013  1.698  3.6513  2.303    4  0.000  0.457     0.00     0.00 -1    -1e-30      0.00 6.527e-01 3.175e-01 4.461e-03 2.268e-03 1.302e-02 -1.000 2.973e-02 0.526 -1.026 -1.624 -1.747 -1.816 -1.737 -1.760 -1.846 -2.266 -2.130 -2.005 -1.809 -1.728 -1.790 -2.077
0.03 0.33631 10.00000 1.0892587900 2.4898538589    1.013  1.734  3.6481  2.254    4  0.000  0.457     0.00     0.00 -1    -1e-30      0.00 6.527e-01 3.175e-01 4.461e-03 2.268e-03 1.302e-02 -1.000 2.973e-02 0.434 -1.126 -1.734 -1.860 -1.931 -1.849 -1.873 -1.962 -2.381 -2.245 -2.121 -1.923 -1.840 -1.906 -2.192
0.03 0.33631 10.00000 1.0893124342 2.4898631573    1.014  1.772  3.6448  2.203    4  0.000  0.457     0.00     0.00 -1    -1e-30      0.00 6.527e-01 3.175e-01 4.461e-03 2.268e-03 1.302e-02 -1.000 2.973e-02 0.339 -1.230 -1.847 -1.977 -2.050 -1.965 -1.990 -2.082 -2.501 -2.365 -2.242 -2.042 -1.956 -2.026 -2.312
0.03 0.33631 10.00000 1.0893428326 2.4898684025    1.014  1.810  3.6414  2.151    4  0.000  0.457     0.00     0.00 -1    -1e-30      0.00 6.527e-01 3.175e-01 4.461e-03 2.268e-03 1.302e-02 -1.000 2.973e-02 0.244 -1.334 -1.960 -2.094 -2.168 -2.081 -2.106 -2.201 -2.621 -2.485 -2.362 -2.160 -2.071 -2.146 -2.432
0.03 0.33631 10.00000 1.0893605947 2.4898715019    1.014  1.848  3.6381  2.100    4  0.000  0.457     0.00     0.00 -1    -1e-30      0.00 6.527e-01 3.175e-01 4.461e-03 2.268e-03 1.302e-02 -1.000 2.973e-02 0.149 -1.438 -2.073 -2.211 -2.288 -2.198 -2.223 -2.322 -2.741 -2.605 -2.483 -2.279 -2.187 -2.266 -2.552
0.03 0.33631 10.00000 1.0893713236 2.4898731709    1.014  1.887  3.6348  2.048    4  0.000  0.457     0.00     0.00 -1    -1e-30      0.00 6.527e-01 3.175e-01 4.461e-03 2.269e-03 1.302e-02 -1.000 2.973e-02 0.052 -1.544 -2.188 -2.330 -2.408 -2.316 -2.342 -2.444 -2.864 -2.728 -2.606 -2.399 -2.305 -2.389 -2.675
0.03 0.33631 10.00000 1.0893774033 2.4898743629    1.014  1.925  3.6315  1.997    4  0.000  0.457     0.00     0.00 -1    -1e-30      0.00 6.527e-01 3.175e-01 4.461e-03 2.269e-03 1.302e-02 -1.000 2.973e-02 -0.042 -1.646 -2.300 -2.445 -2.526 -2.430 -2.457 -2.562 -2.981 -2.873 -2.773 -2.516 -2.419 -2.507 -2.793
0.03 0.33631 10.00000 1.0893810987 2.4898748398    1.014  1.963  3.6282  1.946    4  0.000  0.457     0.00     0.00 -1    -1e-30      0.00 6.527e-01 3.175e-01 4.461e-03 2.269e-03 1.302e-02 -1.000 2.973e-02 -0.137 -1.748 -2.405 -2.558 -2.640 -2.539 -2.569 -2.675 -3.065 -3.433 -3.697 -2.630 -2.528 -2.629 -2.891
0.03 0.33631 10.00000 1.0893836021 2.4898753166    1.014  2.002  3.6249  1.894    4  0.000  0.457     0.00     0.00 -1    -1e-30      0.00 6.527e-01 3.175e-01 4.461e-03 2.269e-03 1.302e-02 -1.000 2.973e-02 -0.234 -1.852 -2.512 -2.672 -2.756 -2.650 -2.683 -2.789 -3.150 -3.998 -4.630 -2.745 -2.638 -2.751 -2.991
0.03 0.33631 10.00000 1.0893852711 2.4898755550    1.014  2.036  3.6220  1.848    4  0.000  0.457     0.00     0.00 -1    -1e-30      0.00 6.527e-01 3.175e-01 4.461e-03 2.269e-03 1.302e-02 -1.000 2.973e-02 -0.319 -1.943 -2.606 -2.773 -2.857 -2.747 -2.783 -2.889 -3.225 -4.495 -5.451 -2.847 -2.736 -2.859 -3.078
0.03 0.33631 10.00000 1.0893857479 2.4898757935    1.014  2.047  3.6210  1.833    7  0.000  0.457     0.00     0.00 -1    -1e-30      0.00 6.527e-01 3.175e-01 4.461e-03 2.269e-03 1.302e-02 -1.000 2.973e-02 -0.347 -1.973 -2.637 -2.806 -2.891 -2.779 -2.816 -2.922 -3.250 -4.660 -5.723 -2.880 -2.768 -2.894 -3.107
0.03 0.33631 10.00000 1.0893858671 2.4898757935    1.014  2.048  3.6209  1.831    7  0.000  0.457     0.00     0.00 -1    -1e-30      0.00 6.527e-01 3.175e-01 4.461e-03 2.269e-03 1.302e-02 -1.000 2.973e-02 -0.351 -1.978 -2.642 -2.811 -2.896 -2.784 -2.821 -2.927 -3.253 -4.684 -5.763 -2.885 -2.773 -2.900 -3.112
0.03 0.33631 10.00000 1.0893871784 2.4898760319    1.014  2.085  3.6177  1.782    7  0.000  0.457     0.00     0.00 -1    -1e-30      0.00 6.527e-01 3.175e-01 4.461e-03 2.269e-03 1.302e-02 -1.000 2.973e-02 -0.442 -2.075 -2.743 -2.919 -3.005 -2.889 -2.929 -3.034 -3.334 -5.217 -6.643 -2.994 -2.877 -3.015 -3.206
0.03 0.33631 10.00000 1.0893886089 2.4898762703    1.014  2.121  3.6146  1.733    7  0.000  0.457     0.00     0.00 -1    -1e-30      0.00 6.527e-01 3.175e-01 4.461e-03 2.269e-03 1.302e-02 -1.000 2.973e-02 -0.533 -2.172 -2.844 -3.027 -3.115 -2.994 -3.038 -3.141 -3.415 -5.753 -7.527 -3.103 -2.982 -3.130 -3.301
0.03 0.33631 10.00000 1.0893899202 2.4898765087    1.014  2.152  3.6118  1.691    7  0.000  0.457     0.00     0.00 -1    -1e-30      0.00 6.527e-01 3.175e-01 4.461e-03 2.269e-03 1.302e-02 -1.000 2.973e-02 -0.611 -2.256 -2.931 -3.120 -3.209 -3.085 -3.133 -3.233 -3.485 -6.216 -8.290 -3.197 -3.073 -3.229 -3.383
0.03 0.33631 10.00000 1.0893913507 2.4898767471    1.014  2.178  3.6096  1.656    7  0.000  0.457     0.00     0.00 -1    -1e-30      0.00 6.527e-01 3.175e-01 4.461e-03 2.269e-03 1.302e-02 -1.000 2.973e-02 -0.676 -2.326 -3.003 -3.198 -3.287 -3.160 -3.211 -3.309 -3.543 -6.598 -8.921 -3.275 -3.148 -3.311 -3.451
0.03 0.33631 10.00000 1.0893952847 2.4898774624    1.014  2.177  3.6097  1.658    7  0.000  0.457     0.00     0.00 -1    -1e-30      0.00 6.527e-01 3.175e-01 4.461e-03 2.269e-03 1.302e-02 -1.000 2.973e-02 -0.673 -2.323 -3.000 -3.194 -3.284 -3.156 -3.208 -3.305 -3.541 -6.580 -8.890 -3.272 -3.145 -3.307 -3.448
0.03 0.33631 10.00000 1.0893970728 2.4898777008    1.014  2.155  3.6117  1.687    7  0.000  0.457     0.00     0.00 -1    -1e-30      0.00 6.527e-01 3.175e-01 4.461e-03 2.269e-03 1.302e-02 -1.000 2.973e-02 -0.618 -2.264 -2.939 -3.129 -3.218 -3.093 -3.141 -3.241 -3.492 -6.256 -8.357 -3.206 -3.081 -3.238 -3.390
0.03 0.33631 10.00000 1.0894006491 2.4898784161    1.014  2.125  3.6143  1.728    7  0.000  0.457     0.00     0.00 -1    -1e-30      0.00 6.527e-01 3.175e-01 4.461e-03 2.269e-03 1.302e-02 -1.000 2.973e-02 -0.542 -2.183 -2.854 -3.038 -3.126 -3.005 -3.049 -3.152 -3.423 -5.806 -7.614 -3.114 -2.993 -3.141 -3.311
0.03 0.33631 10.00000 1.0894050598 2.4898791313    1.014  2.104  3.6161  1.756    7  0.000  0.457     0.00     0.00 -1    -1e-30      0.00 6.527e-01 3.175e-01 4.461e-03 2.269e-03 1.302e-02 -1.000 2.973e-02 -0.491 -2.128 -2.797 -2.977 -3.064 -2.945 -2.988 -3.092 -3.378 -5.504 -7.116 -3.053 -2.934 -3.077 -3.257
0.03 0.33631 10.00000 1.0894142389 2.4898805618    1.014  2.083  3.6180  1.785    7  0.000  0.457     0.00     0.00 -1    -1e-30      0.00 6.527e-01 3.175e-01 4.461e-03 2.269e-03 1.302e-02 -1.000 2.973e-02 -0.438 -2.070 -2.738 -2.913 -2.999 -2.884 -2.924 -3.029 -3.330 -5.189 -6.597 -2.988 -2.872 -3.009 -3.201
0.03 0.33631 10.00000 1.0894826651 2.4898924828    1.014  2.081  3.6181  1.788    7  0.000  0.457     0.00     0.00 -1    -1e-30      0.00 6.527e-01 3.175e-01 4.460e-03 2.269e-03 1.302e-02 -1.000 2.973e-02 -0.432 -2.065 -2.732 -2.907 -2.993 -2.878 -2.918 -3.023 -3.325 -5.159 -6.547 -2.982 -2.866 -3.002 -3.196
0.03 0.33631 10.00000 1.0895431042 2.4899027348    1.014  2.122  3.6145  1.732    7  0.000  0.457     0.00     0.00 -1    -1e-30      0.00 6.527e-01 3.175e-01 4.460e-03 2.269e-03 1.302e-02 -1.000 2.973e-02 -0.535 -2.175 -2.847 -3.030 -3.118 -2.997 -3.042 -3.144 -3.418 -5.770 -7.554 -3.107 -2.986 -3.133 -3.304
0.03 0.33631 10.00000 1.0895905495 2.4899108410    1.014  2.168  3.6104  1.670    7  0.000  0.457     0.00     0.00 -1    -1e-30      0.00 6.527e-01 3.175e-01 4.460e-03 2.269e-03 1.302e-02 -1.000 2.973e-02 -0.650 -2.298 -2.975 -3.167 -3.256 -3.130 -3.180 -3.279 -3.520 -6.447 -8.671 -3.245 -3.119 -3.278 -3.424
0.03 0.33631 10.00000 1.0896289349 2.4899175167    1.014  2.214  3.6064  1.607    7  0.000  0.457     0.00     0.00 -1    -1e-30      0.00 6.527e-01 3.175e-01 4.460e-03 2.269e-03 1.302e-02 -1.000 2.973e-02 -0.765 -2.422 -3.103 -3.305 -3.396 -3.264 -3.321 -3.414 -3.624 -7.127 -9.793 -3.383 -3.253 -3.424 -3.545
0.03 0.33631 10.00000 1.0896602869 2.4899230003    1.014  2.260  3.6024  1.546    7  0.000  0.457     0.00     0.00 -1    -1e-30      0.00 6.527e-01 3.175e-01 4.460e-03 2.269e-03 1.302e-02 -1.000 2.973e-02 -0.879 -2.544 -3.230 -3.441 -3.534 -3.396 -3.460 -3.547 -3.728 -7.802 -10.906 -3.521 -3.386 -3.568 -3.666
0.03 0.33631 10.00000 1.0896857977 2.4899272919    1.014  2.304  3.5984  1.486    7  0.000  0.457     0.00     0.00 -1    -1e-30      0.00 6.527e-01 3.175e-01 4.460e-03 2.269e-03 1.302e-02 -1.000 2.973e-02 -0.990 -2.663 -3.356 -3.575 -3.669 -3.527 -3.598 -3.678 -3.839 -8.337 -11.766 -3.656 -3.517 -3.708 -3.789
0.03 0.33631 10.00000 1.0897072554 2.4899311066    1.014  2.347  3.5944  1.427    7  0.000  0.457     0.00     0.00 -1    -1e-30      0.00 6.527e-01 3.175e-01 4.460e-03 2.269e-03 1.302e-02 -1.000 2.973e-02 -1.097 -2.781 -3.483 -3.710 -3.806 -3.660 -3.735 -3.815 -3.979 -8.478 -11.906 -3.792 -3.650 -3.845 -3.930
0.03 0.33631 10.00000 1.0897259712 2.4899342060    1.014  2.389  3.5904  1.368    7  0.000  0.457     0.00     0.00 -1    -1e-30      0.00 6.527e-01 3.175e-01 4.460e-03 2.269e-03 1.302e-02 -1.000 2.973e-02 -1.204 -2.899 -3.610 -3.843 -3.942 -3.792 -3.872 -3.951 -4.119 -8.618 -12.046 -3.927 -3.783 -3.982 -4.070
0.03 0.33631 10.00000 1.0897426605 2.4899370670    1.014  2.432  3.5865  1.310    7  0.000  0.457     0.00     0.00 -1    -1e-30      0.00 6.527e-01 3.175e-01 4.460e-03 2.270e-03 1.302e-02 -1.000 2.973e-02 -1.309 -3.016 -3.736 -3.975 -4.076 -3.923 -4.008 -4.085 -4.258 -8.757 -12.185 -4.061 -3.914 -4.118 -4.209
0.03 0.33631 10.00000 1.0897576809 2.4899396896    1.014  2.473  3.5825  1.253    7  0.000  0.457     0.00     0.00 -1    -1e-30      0.00 6.527e-01 3.175e-01 4.460e-03 2.270e-03 1.302e-02 -1.000 2.973e-02 -1.412 -3.130 -3.859 -4.105 -4.209 -4.052 -4.141 -4.218 -4.395 -8.894 -12.323 -4.193 -4.044 -4.252 -4.346
0.03 0.33631 10.00000 1.0897715092 2.4899420738    1.014  2.514  3.5785  1.196    7  0.000  0.457     0.00     0.00 -1    -1e-30      0.00 6.527e-01 3.175e-01 4.460e-03 2.270e-03 1.302e-02 -1.000 2.973e-02 -1.514 -3.244 -3.982 -4.234 -4.341 -4.180 -4.274 -4.350 -4.532 -9.030 -12.459 -4.324 -4.172 -4.385 -4.482
0.03 0.33631 10.00000 1.0897843838 2.4899442196    1.014  2.554  3.5745  1.140    7  0.000  0.457     0.00     0.00 -1    -1e-30      0.00 6.527e-01 3.175e-01 4.459e-03 2.270e-03 1.302e-02 -1.000 2.973e-02 -1.614 -3.356 -4.102 -4.361 -4.471 -4.306 -4.405 -4.481 -4.666 -9.165 -12.593 -4.453 -4.298 -4.516 -4.617
0.03 0.33631 10.00000 1.0897964239 2.4899463654    1.014  2.594  3.5704  1.084    7  0.000  0.456     0.00     0.00 -1    -1e-30      0.00 6.527e-01 3.175e-01 4.457e-03 2.271e-03 1.302e-02 -1.000 2.973e-02 -1.714 -3.469 -4.223 -4.489 -4.602 -4.432 -4.536 -4.612 -4.802 -9.300 -12.729 -4.583 -4.425 -4.648 -4.752
0.03 0.33631 10.00000 1.0898077488 2.4899482727    1.014  2.634  3.5662  1.027    7  0.000  0.456     0.00     0.00 -1    -1e-30      0.00 6.527e-01 3.175e-01 4.453e-03 2.273e-03 1.302e-02 -1.000 2.973e-02 -1.815 -3.583 -4.346 -4.618 -4.734 -4.560 -4.670 -4.745 -4.939 -9.438 -12.866 -4.714 -4.553 -4.782 -4.890
0.03 0.33631 10.00000 1.0898178816 2.4899499416    1.014  2.672  3.5621  0.972    7  0.000  0.456     0.00     0.00 -1    -1e-30      0.00 6.527e-01 3.175e-01 4.448e-03 2.278e-03 1.302e-02 -1.000 2.973e-02 -1.911 -3.692 -4.462 -4.741 -4.861 -4.683 -4.798 -4.872 -5.071 -9.570 -12.998 -4.839 -4.677 -4.911 -5.021
0.03 0.33631 10.00000 1.0898277760 2.4899516106    1.014  2.713  3.5576  0.913    7  0.000  0.455     0.00     0.00 -1    -1e-30      0.00 6.527e-01 3.175e-01 4.440e-03 2.286e-03 1.302e-02 -1.000 2.973e-02 -2.013 -3.810 -4.587 -4.874 -4.997 -4.815 -4.936 -5.010 -5.213 -9.711 -13.140 -4.974 -4.810 -5.050 -5.163
0.03 0.33631 10.00000 1.0898367167 2.4899532795    1.014  2.762  3.5522  0.843    7  0.000  0.454     0.00     0.00 -1    -1e-30      0.00 6.527e-01 3.175e-01 4.430e-03 2.298e-03 1.302e-02 -1.000 2.973e-02 -2.134 -3.949 -4.735 -5.032 -5.159 -4.973 -5.100 -5.173 -5.382 -9.880 -13.309 -5.134 -4.967 -5.215 -5.332
0.03 0.33631 10.00000 1.0898437500 2.4899544716    1.014  2.819  3.5456  0.760    7  0.000  0.452     0.00     0.00 -1    -1e-30      0.00 6.527e-01 3.175e-01 4.418e-03 2.313e-03 1.302e-02 -1.000 2.973e-02 -2.277 -4.114 -4.910 -5.219 -5.351 -5.160 -5.296 -5.368 -5.583 -10.082 -13.510 -5.324 -5.155 -5.412 -5.534
0.03 0.33631 10.00000 1.0898483992 2.4899551868    1.014  2.870  3.5396  0.685    7  0.000  0.452     0.00     0.00 -1    -1e-30      0.00 6.527e-01 3.175e-01 4.408e-03 2.324e-03 1.302e-02 -1.000 2.973e-02 -2.405 -4.262 -5.068 -5.388 -5.525 -5.329 -5.472 -5.544 -5.765 -10.264 -13.692 -5.496 -5.325 -5.590 -5.716
0.03 0.33631 10.00000 1.0898519754 2.4899559021    1.014  2.914  3.5342  0.619    7  0.000  0.451     0.00     0.00 -1    -1e-30      0.00 6.527e-01 3.175e-01 4.402e-03 2.332e-03 1.302e-02 -1.000 2.973e-02 -2.515 -4.391 -5.203 -5.534 -5.675 -5.475 -5.625 -5.696 -5.922 -10.420 -13.849 -5.644 -5.472 -5.743 -5.873
0.03 0.33631 10.00000 1.0898551941 2.4899563789    1.014  2.956  3.5290  0.556    7  0.000  0.450     0.00     0.00 -1    -1e-30      0.00 6.527e-01 3.175e-01 4.398e-03 2.337e-03 1.302e-02 -1.000 2.973e-02 -2.620 -4.513 -5.332 -5.674 -5.819 -5.615 -5.771 -5.842 -6.073 -10.570 -13.999 -5.785 -5.612 -5.890 -6.023
0.03 0.33631 10.00000 1.0898581743 2.4899568558    1.014  2.997  3.5238  0.494    7  0.000  0.450     0.00     0.00 -1    -1e-30      0.00 6.527e-01 3.175e-01 4.395e-03 2.341e-03 1.302e-02 -1.000 2.973e-02 -2.722 -4.632 -5.458 -5.812 -5.961 -5.752 -5.915 -5.985 -6.221 -10.718 -14.146 -5.924 -5.750 -6.035 -6.171
0.03 0.33631 10.00000 1.0898609161 2.4899573326    1.014  3.036  3.5187  0.435    7  0.000  0.450     0.00     0.00 -1    -1e-30      0.00 6.527e-01 3.175e-01 4.394e-03 2.342e-03 1.302e-02 -1.000 2.973e-02 -2.819 -4.745 -5.577 -5.942 -6.095 -5.885 -6.052 -6.122 -6.362 -10.858 -14.287 -6.055 -5.883 -6.174 -6.313
0.03 0.33631 10.00000 1.0898634195 2.4899578094    1.014  3.069  3.5143  0.385    7  0.000  0.450     0.00     0.00 -1    -1e-30      0.00 6.527e-01 3.175e-01 4.394e-03 2.342e-03 1.302e-02 -1.000 2.973e-02 -2.902 -4.841 -5.679 -6.054 -6.210 -5.998 -6.169 -6.237 -6.482 -10.977 -14.406 -6.166 -5.997 -6.292 -6.432
0.03 0.33631 10.00000 1.0898659229 2.4899582863    1.014  3.099  3.5101  0.338    7  0.000  0.450     0.00     0.00 -1    -1e-30      0.00 6.527e-01 3.175e-01 4.394e-03 2.342e-03 1.302e-02 -1.000 2.973e-02 -2.977 -4.928 -5.772 -6.156 -6.315 -6.102 -6.277 -6.344 -6.592 -11.087 -14.515 -6.268 -6.101 -6.400 -6.543
0.03 0.33631 10.00000 1.0898686647 2.4899587631    1.014  3.131  3.5058  0.289    7  0.000  0.450     0.00     0.00 -1    -1e-30      0.00 6.527e-01 3.175e-01 4.394e-03 2.342e-03 1.302e-02 -1.000 2.973e-02 -3.056 -5.019 -5.870 -6.263 -6.423 -6.209 -6.386 -6.451 -6.706 -11.199 -14.627 -6.370 -6.208 -6.511 -6.657
0.03 0.33631 10.00000 1.0898714066 2.4899592400    1.014  3.161  3.5016  0.242    7  0.000  0.450     0.00     0.00 -1    -1e-30      0.00 6.527e-01 3.175e-01 4.394e-03 2.342e-03 1.302e-02 -1.000 2.973e-02 -3.132 -5.106 -5.964 -6.364 -6.527 -6.312 -6.491 -6.553 -6.815 -11.307 -14.735 -6.469 -6.311 -6.617 -6.766
0.03 0.33631 10.00000 1.0898742676 2.4899597168    1.014  3.190  3.4974  0.196    7  0.000  0.450     0.00     0.00 -1    -1e-30      0.00 6.527e-01 3.175e-01 4.394e-03 2.342e-03 1.302e-02 -1.000 2.973e-02 -3.205 -5.190 -6.055 -6.463 -6.629 -6.412 -6.592 -6.653 -6.921 -11.411 -14.840 -6.564 -6.410 -6.721 -6.872
0.03 0.33631 10.00000 1.0898772478 2.4899601936    1.014  3.219  3.4933  0.150    7  0.000  0.450     0.00     0.00 -1    -1e-30      0.00 6.527e-01 3.175e-01 4.394e-03 2.342e-03 1.302e-02 -1.000 2.973e-02 -3.278 -5.272 -6.145 -6.562 -6.730 -6.510 -6.694 -6.753 -7.027 -11.515 -14.944 -6.660 -6.509 -6.825 -6.979
0.03 0.33631 10.00000 1.0898803473 2.4899606705    1.014  3.247  3.4893  0.107    7  0.000  0.450     0.00     0.00 -1    -1e-30      0.00 6.527e-01 3.175e-01 4.394e-03 2.342e-03 1.302e-02 -1.000 2.973e-02 -3.347 -5.348 -6.231 -6.655 -6.826 -6.603 -6.790 -6.847 -7.128 -11.614 -15.042 -6.750 -6.602 -6.923 -7.080
0.03 0.33631 10.00000 1.0898830891 2.4899611473    1.014  3.283  3.4839  0.049    7  0.000  0.450     0.00     0.00 -1    -1e-30      0.00 6.527e-01 3.175e-01 4.394e-03 2.342e-03 1.302e-02 -1.000 2.973e-02 -3.436 -5.449 -6.342 -6.775 -6.948 -6.725 -6.911 -6.965 -7.258 -11.742 -15.170 -6.861 -6.723 -7.049 -7.210
0.03 0.33631 10.00000 1.0898834467 2.4899613857    1.014  3.306  3.4803  0.012    7  0.520  0.450     0.00     0.00 -1    -1e-30      0.00 6.527e-01 3.175e-01 4.394e-03 2.342e-03 1.302e-02 -1.000 2.973e-02 -3.494 -5.513 -6.414 -6.853 -7.028 -6.804 -6.991 -7.042 -7.343 -11.826 -15.254 -6.934 -6.802 -7.132 -7.296
0.03 0.33631 10.00000 1.0898836851 2.4899613857    0.921  3.308  3.4672 -0.085    8  0.521  0.471   205.23    96.44  0 -1.48e-07      0.00 6.527e-01 3.176e-01 4.612e-03 2.345e-03 1.305e-02 -1.000 2.967e-02 -3.501 -5.542 -6.468 -6.920 -7.101 -6.885 -7.065 -7.114 -7.489 -11.958 -15.391 -6.977 -6.882 -7.262 -7.443
0.03 0.33631 10.00000 1.0898836851 2.4899613857    0.920  3.022  3.5103  0.373    8  0.521  0.471    76.40    41.05  1  -4.8e-08      0.00 6.527e-01 3.176e-01 4.612e-03 2.345e-03 1.305e-02 -1.000 2.967e-02 -2.786 -4.735 -5.582 -5.964 -6.122 -5.908 -6.083 -6.149 -6.401 -10.894 -14.323 -6.074 -5.907 -6.208 -6.352
0.03 0.33631 10.00000 1.0898838043 2.4899613857    0.920  2.897  3.5295  0.575    8  0.521  0.471    49.37    28.14  1 -2.87e-08      0.00 6.527e-01 3.176e-01 4.612e-03 2.345e-03 1.305e-02 -1.000 2.967e-02 -2.472 -4.364 -5.183 -5.523 -5.667 -5.464 -5.619 -5.690 -5.920 -10.418 -13.846 -5.634 -5.461 -5.738 -5.870
0.03 0.33631 10.00000 1.0898838043 2.4899613857    0.920  2.744  3.5530  0.821    8  0.521  0.471    29.03    17.78  1 -1.51e-08      0.00 6.527e-01 3.176e-01 4.612e-03 2.345e-03 1.305e-02 -1.000 2.967e-02 -2.091 -3.904 -4.687 -4.984 -5.111 -4.925 -5.052 -5.126 -5.333 -9.832 -13.260 -5.087 -4.920 -5.167 -5.284
0.03 0.33631 10.00000 1.0898839235 2.4899613857    0.919  2.779  3.5474  0.764    8  0.521  0.471    32.87    19.79  1 -1.76e-08      0.00 6.527e-01 3.176e-01 4.612e-03 2.345e-03 1.305e-02 -1.000 2.967e-02 -2.178 -4.010 -4.803 -5.109 -5.240 -5.050 -5.184 -5.257 -5.470 -9.969 -13.397 -5.214 -5.045 -5.300 -5.420
0.03 0.33631 10.00000 1.0898841619 2.4899613857    0.918  2.912  3.5266  0.547    8  0.521  0.471    52.39    29.60  1 -3.08e-08      0.00 6.527e-01 3.176e-01 4.612e-03 2.345e-03 1.305e-02 -1.000 2.967e-02 -2.510 -4.410 -5.233 -5.580 -5.726 -5.520 -5.679 -5.749 -5.983 -10.480 -13.908 -5.691 -5.518 -5.799 -5.933
0.03 0.33631 10.00000 1.0898844004 2.4899613857    0.917  3.071  3.5018  0.288    8  0.521  0.471    91.60    47.97  0 -5.89e-08      0.00 6.527e-01 3.176e-01 4.612e-03 2.345e-03 1.305e-02 -1.000 2.967e-02 -2.908 -4.880 -5.740 -6.138 -6.300 -6.084 -6.262 -6.323 -6.592 -11.081 -14.510 -6.240 -6.083 -6.393 -6.543
0.03 0.33631 10.00000 1.0898846388 2.4899613857    0.916  3.200  3.4815  0.078    8  0.521  0.471   144.31    71.02  0 -9.83e-08      0.00 6.527e-01 3.176e-01 4.612e-03 2.345e-03 1.305e-02 -1.000 2.967e-02 -3.230 -5.247 -6.147 -6.580 -6.753 -6.530 -6.715 -6.766 -7.085 -11.561 -14.992 -6.659 -6.528 -6.873 -7.038
0.03 0.33631 10.00000 1.0898848772 2.4899616241    0.914  3.282  3.4685 -0.057    8  0.521  0.471   193.12    91.31  0 -1.36e-07      0.00 6.527e-01 3.176e-01 4.612e-03 2.345e-03 1.305e-02 -1.000 2.967e-02 -3.436 -5.474 -6.399 -6.848 -7.027 -6.810 -6.990 -7.037 -7.405 -11.875 -15.308 -6.905 -6.807 -7.179 -7.358
0.03 0.33631 10.00000 1.0898852348 2.4899616241    0.912  3.325  3.4615 -0.129    8  0.522  0.471   225.17   104.22  0  -1.6e-07      0.00 6.527e-01 3.176e-01 4.612e-03 2.345e-03 1.305e-02 -1.000 2.967e-02 -3.542 -5.592 -6.529 -6.985 -7.168 -6.958 -7.133 -7.180 -7.574 -12.042 -15.474 -7.031 -6.954 -7.340 -7.527
0.03 0.33631 10.00000 1.0898855925 2.4899616241    0.910  3.344  3.4579 -0.163    8  0.522  0.471   242.45   111.03  0 -1.73e-07      0.00 6.527e-01 3.176e-01 4.612e-03 2.345e-03 1.305e-02 -1.000 2.967e-02 -3.590 -5.646 -6.588 -7.048 -7.233 -7.026 -7.199 -7.247 -7.658 -12.124 -15.557 -7.088 -7.021 -7.420 -7.611
0.03 0.33631 10.00000 1.0898859501 2.4899616241    0.908  3.355  3.4581 -0.174    8  0.522  0.471   248.45   113.33  0 -1.84e-07      0.00 6.527e-01 3.176e-01 4.612e-03 2.345e-03 1.305e-02 -1.000 2.967e-02 -3.618 -5.673 -6.615 -7.076 -7.262 -7.056 -7.230 -7.279 -7.696 -12.159 -15.594 -7.119 -7.051 -7.458 -7.650
0.03 0.33631 10.00000 1.0898859501 2.4899616241    0.908  3.128  3.4907  0.183    8  0.522  0.471   114.84    58.16  0 -7.54e-08      0.00 6.527e-01 3.176e-01 4.612e-03 2.345e-03 1.305e-02 -1.000 2.967e-02 -3.049 -5.047 -5.929 -6.347 -6.515 -6.293 -6.478 -6.533 -6.825 -11.306 -14.736 -6.439 -6.292 -6.619 -6.777
0.03 0.33631 10.00000 1.0898860693 2.4899616241    0.908  2.949  3.5182  0.472    8  0.522  0.471    61.63    33.95  1 -3.69e-08      0.00 6.527e-01 3.176e-01 4.612e-03 2.345e-03 1.305e-02 -1.000 2.967e-02 -2.603 -4.529 -5.364 -5.729 -5.880 -5.670 -5.838 -5.906 -6.146 -10.642 -14.071 -5.840 -5.668 -5.958 -6.097
0.03 0.33631 10.00000 1.0898860693 2.4899616241    0.907  2.797  3.5417  0.718    8  0.522  0.471    36.24    21.45  1 -1.96e-08      0.00 6.527e-01 3.176e-01 4.612e-03 2.345e-03 1.305e-02 -1.000 2.967e-02 -2.222 -4.072 -4.875 -5.191 -5.326 -5.131 -5.272 -5.344 -5.563 -10.062 -13.490 -5.298 -5.127 -5.389 -5.514
0.03 0.33631 10.00000 1.0898861885 2.4899616241    0.907  2.832  3.5363  0.660    8  0.522  0.471    41.01    23.87  1 -2.28e-08      0.00 6.527e-01 3.176e-01 4.612e-03 2.345e-03 1.305e-02 -1.000 2.967e-02 -2.310 -4.179 -4.989 -5.316 -5.455 -5.256 -5.403 -5.475 -5.699 -10.197 -13.625 -5.424 -5.253 -5.521 -5.649
0.03 0.33631 10.00000 1.0898864269 2.4899618626    0.906  2.964  3.5158  0.446    8  0.522  0.471    65.16    35.61  1 -3.95e-08      0.00 6.527e-01 3.176e-01 4.612e-03 2.345e-03 1.305e-02 -1.000 2.967e-02 -2.641 -4.574 -5.413 -5.783 -5.936 -5.724 -5.894 -5.961 -6.204 -10.700 -14.128 -5.893 -5.723 -6.015 -6.155
0.03 0.33631 10.00000 1.0898865461 2.4899618626    0.905  3.123  3.4912  0.188    8  0.522  0.471   113.54    57.52  0 -7.47e-08      0.00 6.527e-01 3.176e-01 4.612e-03 2.345e-03 1.305e-02 -1.000 2.967e-02 -3.037 -5.034 -5.915 -6.332 -6.500 -6.278 -6.462 -6.517 -6.808 -11.290 -14.720 -6.424 -6.276 -6.603 -6.761
0.03 0.33631 10.00000 1.0898867846 2.4899618626    0.903  3.252  3.4710 -0.022    8  0.523  0.471   178.57    85.04  0 -1.24e-07      0.00 6.527e-01 3.176e-01 4.612e-03 2.345e-03 1.305e-02 -1.000 2.967e-02 -3.359 -5.393 -6.313 -6.759 -6.935 -6.716 -6.897 -6.943 -7.301 -11.772 -15.204 -6.819 -6.713 -7.077 -7.254
0.03 0.33631 10.00000 1.0898870230 2.4899618626    0.902  3.334  3.4580 -0.157    8  0.523  0.471   239.06   109.38  0 -1.71e-07      0.00 6.527e-01 3.176e-01 4.612e-03 2.345e-03 1.305e-02 -1.000 2.967e-02 -3.565 -5.620 -6.563 -7.022 -7.206 -6.999 -7.172 -7.220 -7.629 -12.095 -15.529 -7.062 -6.995 -7.392 -7.583
0.03 0.33631 10.00000 1.0898873806 2.4899618626    0.900  3.377  3.4510 -0.229    8  0.523  0.471   279.35   125.06  0 -2.02e-07      0.00 6.527e-01 3.176e-01 4.612e-03 2.345e-03 1.305e-02 -1.000 2.967e-02 -3.673 -5.739 -6.691 -7.155 -7.343 -7.145 -7.313 -7.362 -7.807 -12.269 -15.704 -7.183 -7.139 -7.562 -7.761
0.03 0.33631 10.00000 1.0898877382 2.4899621010    0.898  3.398  3.4473 -0.265    8  0.523  0.471   301.91   133.66  0  -2.2e-07      0.00 6.527e-01 3.176e-01 4.612e-03 2.345e-03 1.305e-02 -1.000 2.967e-02 -3.724 -5.796 -6.752 -7.216 -7.406 -7.214 -7.379 -7.428 -7.891 -12.350 -15.787 -7.238 -7.207 -7.641 -7.845
0.03 0.33631 10.00000 1.0898880959 2.4899621010    0.896  3.410  3.4470 -0.280    8  0.524  0.471   311.71   137.31  0 -2.33e-07      0.00 6.527e-01 3.176e-01 4.612e-03 2.345e-03 1.305e-02 -1.000 2.967e-02 -3.756 -5.828 -6.784 -7.249 -7.440 -7.248 -7.414 -7.464 -7.934 -12.391 -15.828 -7.271 -7.241 -7.683 -7.888
0.03 0.33631 10.00000 1.0898880959 2.4899621010    0.896  3.187  3.4796  0.073    8  0.524  0.471   145.51    71.07  0 -9.87e-08      0.00 6.527e-01 3.176e-01 4.612e-03 2.345e-03 1.305e-02 -1.000 2.967e-02 -3.198 -5.218 -6.123 -6.558 -6.731 -6.508 -6.692 -6.741 -7.066 -11.541 -14.972 -6.633 -6.506 -6.851 -7.019
0.03 0.33631 10.00000 1.0898882151 2.4899621010    0.895  3.009  3.5074  0.362    8  0.524  0.471    77.95    41.43  1 -4.89e-08      0.00 6.527e-01 3.176e-01 4.612e-03 2.345e-03 1.305e-02 -1.000 2.967e-02 -2.753 -4.710 -5.562 -5.949 -6.107 -5.892 -6.068 -6.132 -6.388 -10.880 -14.309 -6.055 -5.891 -6.194 -6.339
0.03 0.33631 10.00000 1.0898882151 2.4899621010    0.895  2.856  3.5313  0.611    8  0.524  0.471    45.61    26.06  1 -2.62e-08      0.00 6.527e-01 3.176e-01 4.612e-03 2.345e-03 1.305e-02 -1.000 2.967e-02 -2.370 -4.256 -5.073 -5.409 -5.551 -5.349 -5.503 -5.573 -5.802 -10.299 -13.728 -5.518 -5.346 -5.621 -5.752
0.03 0.33631 10.00000 1.0898883343 2.4899621010    0.894  2.890  3.5259  0.555    8  0.524  0.471    51.43    28.90  1 -3.02e-08      0.00 6.527e-01 3.176e-01 4.612e-03 2.345e-03 1.305e-02 -1.000 2.967e-02 -2.455 -4.357 -5.182 -5.530 -5.675 -5.470 -5.629 -5.699 -5.932 -10.429 -13.858 -5.640 -5.467 -5.748 -5.883
0.03 0.33631 10.00000 1.0898885727 2.4899621010    0.893  3.020  3.5056  0.344    8  0.524  0.471    81.15    42.85  1 -5.14e-08      0.00 6.527e-01 3.176e-01 4.612e-03 2.345e-03 1.305e-02 -1.000 2.967e-02 -2.779 -4.741 -5.595 -5.985 -6.144 -5.930 -6.106 -6.169 -6.429 -10.920 -14.349 -6.090 -5.928 -6.233 -6.380
0.03 0.33631 10.00000 1.0898886919 2.4899621010    0.891  3.175  3.4812  0.090    8  0.524  0.471   140.23    68.73  0 -9.53e-08      0.00 6.527e-01 3.176e-01 4.612e-03 2.345e-03 1.305e-02 -1.000 2.967e-02 -3.167 -5.183 -6.085 -6.517 -6.690 -6.467 -6.651 -6.701 -7.021 -11.497 -14.928 -6.595 -6.465 -6.808 -6.974
0.03 0.33631 10.00000 1.0898889303 2.4899621010    0.890  3.300  3.4613 -0.116    8  0.524  0.471   218.64   100.83  0 -1.55e-07      0.00 6.527e-01 3.176e-01 4.612e-03 2.345e-03 1.305e-02 -1.000 2.967e-02 -3.481 -5.531 -6.468 -6.924 -7.105 -6.895 -7.069 -7.116 -7.509 -11.977 -15.410 -6.968 -6.891 -7.275 -7.462
0.03 0.33631 10.00000 1.0898891687 2.4899623394    0.888  3.379  3.4486 -0.247    8  0.524  0.471   290.02   128.64  0 -2.11e-07      0.00 6.527e-01 3.176e-01 4.612e-03 2.345e-03 1.305e-02 -1.000 2.967e-02 -3.679 -5.748 -6.703 -7.167 -7.356 -7.162 -7.327 -7.376 -7.832 -12.293 -15.729 -7.190 -7.155 -7.584 -7.786
0.03 0.33631 10.00000 1.0898895264 2.4899623394    0.886  3.420  3.4419 -0.315    8  0.525  0.471   335.57   145.82  0 -2.46e-07      0.00 6.527e-01 3.176e-01 4.612e-03 2.345e-03 1.305e-02 -1.000 2.967e-02 -3.779 -5.858 -6.820 -7.285 -7.479 -7.295 -7.456 -7.507 -7.993 -12.450 -15.888 -7.300 -7.286 -7.737 -7.948
0.03 0.33631 10.00000 1.0898898840 2.4899623394    0.883  3.437  3.4388 -0.346    8  0.525  0.471   358.72   154.34  0 -2.65e-07      0.00 6.527e-01 3.176e-01 4.612e-03 2.345e-03 1.305e-02 -1.000 2.967e-02 -3.822 -5.906 -6.871 -7.340 -7.538 -7.358 -7.518 -7.571 -8.071 -12.526 -15.964 -7.353 -7.349 -7.812 -8.026
0.03 0.33631 10.00000 1.0898902416 2.4899623394    0.881  3.446  3.4389 -0.356    8  0.525  0.471   366.55   157.11  0 -2.78e-07      0.01 6.527e-01 3.176e-01 4.612e-03 2.345e-03 1.305e-02 -1.000 2.967e-02 -3.845 -5.929 -6.894 -7.364 -7.564 -7.384 -7.545 -7.600 -8.105 -12.558 -15.997 -7.380 -7.375 -7.846 -8.060
0.03 0.33631 10.00000 1.0898902416 2.4899623394    0.880  3.229  3.4715 -0.008    8  0.525  0.471   173.11    82.13  0 -1.21e-07      0.00 6.527e-01 3.176e-01 4.612e-03 2.345e-03 1.305e-02 -1.000 2.967e-02 -3.302 -5.335 -6.254 -6.699 -6.874 -6.655 -6.835 -6.881 -7.237 -11.709 -15.141 -6.758 -6.652 -7.014 -7.191
0.03 0.33631 10.00000 1.0898903608 2.4899623394    0.880  3.051  3.4998  0.282    8  0.525  0.471    92.52    47.78  0 -6.08e-08      0.00 6.527e-01 3.176e-01 4.612e-03 2.345e-03 1.305e-02 -1.000 2.967e-02 -2.858 -4.835 -5.699 -6.100 -6.262 -6.046 -6.225 -6.284 -6.557 -11.045 -14.474 -6.200 -6.044 -6.357 -6.508
0.03 0.33631 10.00000 1.0898903608 2.4899623394    0.879  2.898  3.5242  0.533    8  0.525  0.471    53.87    29.93  1 -3.28e-08      0.00 6.527e-01 3.176e-01 4.612e-03 2.345e-03 1.305e-02 -1.000 2.967e-02 -2.474 -4.382 -5.209 -5.561 -5.708 -5.501 -5.662 -5.732 -5.967 -10.464 -13.892 -5.671 -5.498 -5.782 -5.917
0.03 0.33631 10.00000 1.0898904800 2.4899625778    0.878  2.931  3.5188  0.478    8  0.526  0.471    60.68    33.16  1 -3.77e-08      0.00 6.527e-01 3.176e-01 4.612e-03 2.345e-03 1.305e-02 -1.000 2.967e-02 -2.557 -4.482 -5.316 -5.680 -5.831 -5.620 -5.788 -5.856 -6.096 -10.592 -14.020 -5.791 -5.618 -5.908 -6.046
0.03 0.33631 10.00000 1.0898907185 2.4899625778    0.877  3.058  3.4983  0.268    8  0.526  0.471    95.48    49.05  0 -6.32e-08      0.00 6.527e-01 3.176e-01 4.612e-03 2.345e-03 1.305e-02 -1.000 2.967e-02 -2.876 -4.857 -5.724 -6.127 -6.290 -6.073 -6.253 -6.311 -6.587 -11.074 -14.503 -6.225 -6.071 -6.386 -6.538
0.03 0.33631 10.00000 1.0898909569 2.4899625778    0.875  3.211  3.4736  0.016    8  0.526  0.471   164.42    78.41  0 -1.15e-07      0.00 6.527e-01 3.176e-01 4.612e-03 2.345e-03 1.305e-02 -1.000 2.967e-02 -3.257 -5.287 -6.202 -6.644 -6.818 -6.598 -6.779 -6.826 -7.174 -11.646 -15.078 -6.707 -6.595 -6.953 -7.127
0.03 0.33631 10.00000 1.0898911953 2.4899625778    0.873  3.334  3.4536 -0.189    8  0.526  0.471   255.50   114.69  0 -1.85e-07      0.00 6.527e-01 3.176e-01 4.612e-03 2.345e-03 1.305e-02 -1.000 2.967e-02 -3.565 -5.627 -6.576 -7.037 -7.223 -7.022 -7.191 -7.239 -7.670 -12.134 -15.568 -7.068 -7.016 -7.427 -7.624
0.03 0.33631 10.00000 1.0898914337 2.4899625778    0.871  3.411  3.4408 -0.318    8  0.526  0.471   337.84   145.90  0 -2.49e-07      0.00 6.527e-01 3.176e-01 4.612e-03 2.345e-03 1.305e-02 -1.000 2.967e-02 -3.758 -5.839 -6.802 -7.267 -7.461 -7.279 -7.439 -7.490 -7.981 -12.437 -15.875 -7.280 -7.270 -7.723 -7.935
0.03 0.33631 10.00000 1.0898917913 2.4899628162    0.869  3.450  3.4341 -0.384    8  0.527  0.471   389.60   164.87  0 -2.89e-07      0.01 6.527e-01 3.176e-01 4.612e-03 2.345e-03 1.305e-02 -1.000 2.967e-02 -3.854 -5.944 -6.915 -7.387 -7.590 -7.417 -7.575 -7.633 -8.154 -12.606 -16.046 -7.398 -7.408 -7.890 -8.109
0.03 0.33631 10.00000 1.0898921490 2.4899628162    0.866  3.465  3.4311 -0.414    8  0.527  0.471   415.01   173.94  0 -3.09e-07      0.01 6.527e-01 3.176e-01 4.612e-03 2.345e-03 1.305e-02 -1.000 2.967e-02 -3.894 -5.988 -6.962 -7.436 -7.644 -7.475 -7.632 -7.692 -8.231 -12.680 -16.121 -7.446 -7.465 -7.963 -8.186
0.03 0.33631 10.00000 1.0898925066 2.4899628162    0.863  3.473  3.4320 -0.419    8  0.527  0.471   419.77   175.46  0 -3.24e-07      0.01 6.527e-01 3.176e-01 4.612e-03 2.345e-03 1.305e-02 -1.000 2.967e-02 -3.912 -6.005 -6.978 -7.454 -7.663 -7.493 -7.652 -7.713 -8.259 -12.706 -16.147 -7.468 -7.483 -7.992 -8.215
0.03 0.33631 10.00000 1.0898925066 2.4899628162    0.862  3.262  3.4639 -0.081    8  0.527  0.471   202.33    93.36  0 -1.46e-07      0.00 6.527e-01 3.176e-01 4.612e-03 2.345e-03 1.305e-02 -1.000 2.967e-02 -3.385 -5.431 -6.364 -6.816 -6.995 -6.783 -6.958 -7.004 -7.389 -11.858 -15.290 -6.862 -6.779 -7.157 -7.342
0.03 0.33631 10.00000 1.0898926258 2.4899628162    0.862  3.085  3.4927  0.211    8  0.527  0.471   107.81    54.16  0 -7.38e-08      0.00 6.527e-01 3.176e-01 4.612e-03 2.345e-03 1.305e-02 -1.000 2.967e-02 -2.943 -4.937 -5.814 -6.228 -6.395 -6.174 -6.357 -6.412 -6.702 -11.184 -14.614 -6.321 -6.172 -6.497 -6.654
0.03 0.33631 10.00000 1.0898926258 2.4899628162    0.861  2.932  3.5177  0.464    8  0.528  0.471    62.43    33.76  1 -4.02e-08      0.00 6.527e-01 3.176e-01 4.612e-03 2.345e-03 1.305e-02 -1.000 2.967e-02 -2.559 -4.487 -5.322 -5.688 -5.840 -5.629 -5.798 -5.866 -6.107 -10.603 -14.031 -5.799 -5.628 -5.918 -6.057
0.03 0.33631 10.00000 1.0898927450 2.4899628162    0.859  2.964  3.5123  0.409    8  0.528  0.471    70.35    37.41  1 -4.61e-08      0.00 6.527e-01 3.176e-01 4.612e-03 2.345e-03 1.305e-02 -1.000 2.967e-02 -2.641 -4.585 -5.429 -5.806 -5.961 -5.749 -5.921 -5.988 -6.237 -10.731 -14.160 -5.916 -5.747 -6.046 -6.188
0.03 0.33631 10.00000 1.0898929834 2.4899628162    0.858  3.090  3.4915  0.199    8  0.528  0.471   110.60    55.28  0 -7.63e-08      0.00 6.527e-01 3.176e-01 4.612e-03 2.345e-03 1.305e-02 -1.000 2.967e-02 -2.955 -4.951 -5.832 -6.248 -6.415 -6.194 -6.378 -6.433 -6.725 -11.207 -14.637 -6.340 -6.192 -6.520 -6.678
0.03 0.33631 10.00000 1.0898932219 2.4899630547    0.855  3.240  3.4665 -0.052    8  0.528  0.471   190.21    88.26  0 -1.37e-07      0.00 6.527e-01 3.176e-01 4.612e-03 2.345e-03 1.305e-02 -1.000 2.967e-02 -3.331 -5.372 -6.301 -6.750 -6.928 -6.713 -6.890 -6.935 -7.311 -11.781 -15.214 -6.801 -6.709 -7.083 -7.265
0.03 0.33631 10.00000 1.0898934603 2.4899630547    0.853  3.361  3.4461 -0.256    8  0.528  0.471   295.32   128.96  0 -2.18e-07      0.00 6.527e-01 3.176e-01 4.612e-03 2.345e-03 1.305e-02 -1.000 2.967e-02 -3.634 -5.707 -6.664 -7.127 -7.316 -7.126 -7.289 -7.338 -7.806 -12.265 -15.702 -7.145 -7.119 -7.554 -7.760
0.03 0.33631 10.00000 1.0898936987 2.4899630547    0.850  3.437  3.4331 -0.386    8  0.529  0.471   390.22   163.89  0 -2.91e-07      0.01 6.527e-01 3.176e-01 4.612e-03 2.345e-03 1.305e-02 -1.000 2.967e-02 -3.823 -5.915 -6.886 -7.358 -7.562 -7.390 -7.547 -7.605 -8.131 -12.583 -16.023 -7.367 -7.380 -7.866 -8.086
0.03 0.33631 10.00000 1.0898940563 2.4899630547    0.846  3.475  3.4264 -0.451    8  0.529  0.471   449.70   185.01  0 -3.37e-07      0.01 6.527e-01 3.176e-01 4.612e-03 2.345e-03 1.305e-02 -1.000 2.967e-02 -3.917 -6.017 -6.993 -7.469 -7.683 -7.520 -7.676 -7.739 -8.302 -12.747 -16.189 -7.477 -7.509 -8.029 -8.258
0.03 0.33631 10.00000 1.0898944139 2.4899630547    0.842  3.490  3.4234 -0.480    8  0.529  0.471   478.65   194.95  0  -3.6e-07      0.01 6.527e-01 3.176e-01 4.612e-03 2.345e-03 1.305e-02 -1.000 2.967e-02 -3.954 -6.058 -7.036 -7.513 -7.731 -7.572 -7.727 -7.794 -8.373 -12.816 -16.259 -7.521 -7.561 -8.097 -8.329
0.03 0.33631 10.00000 1.0898947716 2.4899632931    0.838  3.497  3.4252 -0.482    8  0.530  0.471   480.41   195.23  0 -3.81e-07      0.01 6.527e-01 3.176e-01 4.612e-03 2.345e-03 1.305e-02 -1.000 2.967e-02 -3.971 -6.072 -7.050 -7.529 -7.748 -7.587 -7.744 -7.811 -8.396 -12.836 -16.280 -7.541 -7.576 -8.122 -8.354
0.03 0.33631 10.00000 1.0898947716 2.4899632931    0.838  3.293  3.4563 -0.154    8  0.530  0.471   236.84   105.92  0 -1.77e-07      0.00 6.527e-01 3.176e-01 4.612e-03 2.345e-03 1.305e-02 -1.000 2.967e-02 -3.462 -5.520 -6.464 -6.923 -7.107 -6.903 -7.074 -7.120 -7.543 -12.007 -15.441 -6.958 -6.897 -7.303 -7.497
0.03 0.33631 10.00000 1.0898948908 2.4899632931    0.837  3.117  3.4859  0.139    8  0.530  0.471   125.73    61.25  0 -9.11e-08      0.00 6.527e-01 3.176e-01 4.612e-03 2.345e-03 1.305e-02 -1.000 2.967e-02 -3.023 -5.031 -5.922 -6.347 -6.517 -6.295 -6.480 -6.532 -6.842 -11.320 -14.751 -6.432 -6.293 -6.633 -6.795
0.03 0.33631 10.00000 1.0898948908 2.4899632931    0.836  2.964  3.5117  0.395    8  0.530  0.471    72.39    37.98  1 -5.01e-08      0.00 6.527e-01 3.176e-01 4.612e-03 2.345e-03 1.305e-02 -1.000 2.967e-02 -2.640 -4.585 -5.429 -5.808 -5.964 -5.752 -5.925 -5.991 -6.244 -10.736 -14.166 -5.918 -5.750 -6.051 -6.195
0.03 0.33631 10.00000 1.0898951292 2.4899632931    0.834  2.996  3.5061  0.339    8  0.530  0.471    81.73    42.15  0 -5.75e-08      0.00 6.527e-01 3.176e-01 4.612e-03 2.345e-03 1.305e-02 -1.000 2.967e-02 -2.721 -4.682 -5.536 -5.925 -6.084 -5.870 -6.046 -6.110 -6.373 -10.862 -14.292 -6.031 -5.869 -6.177 -6.324
0.03 0.33631 10.00000 1.0898952484 2.4899632931    0.831  3.120  3.4848  0.128    8  0.530  0.471   128.70    62.33  0 -9.43e-08      0.00 6.527e-01 3.176e-01 4.612e-03 2.345e-03 1.305e-02 -1.000 2.967e-02 -3.031 -5.041 -5.935 -6.362 -6.532 -6.310 -6.494 -6.546 -6.860 -11.337 -14.768 -6.445 -6.308 -6.649 -6.813
0.03 0.33631 10.00000 1.0898954868 2.4899632931    0.828  3.269  3.4592 -0.124    8  0.531  0.471   221.65    99.58  0 -1.67e-07      0.00 6.527e-01 3.176e-01 4.612e-03 2.345e-03 1.305e-02 -1.000 2.967e-02 -3.402 -5.455 -6.396 -6.852 -7.034 -6.826 -6.999 -7.045 -7.455 -11.920 -15.354 -6.892 -6.822 -7.218 -7.409
0.03 0.33631 10.00000 1.0898957253 2.4899632931    0.824  3.388  3.4384 -0.329    8  0.531  0.471   344.81   145.66  0 -2.64e-07      0.01 6.527e-01 3.176e-01 4.612e-03 2.345e-03 1.305e-02 -1.000 2.967e-02 -3.701 -5.785 -6.750 -7.216 -7.411 -7.232 -7.391 -7.443 -7.947 -12.401 -15.840 -7.225 -7.223 -7.687 -7.901
0.03 0.33631 10.00000 1.0898960829 2.4899635315    0.820  3.463  3.4251 -0.459    8  0.531  0.471   456.71   185.35  0 -3.52e-07      0.01 6.527e-01 3.176e-01 4.612e-03 2.345e-03 1.305e-02 -1.000 2.967e-02 -3.888 -5.989 -6.966 -7.442 -7.658 -7.497 -7.652 -7.717 -8.291 -12.735 -16.177 -7.450 -7.486 -8.017 -8.248
0.03 0.33631 10.00000 1.0898963213 2.4899635315    0.815  3.500  3.4183 -0.526    8  0.532  0.471   527.81   209.57  0  -4.1e-07      0.01 6.527e-01 3.176e-01 4.612e-03 2.345e-03 1.305e-02 -1.000 2.967e-02 -3.981 -6.089 -7.070 -7.549 -7.775 -7.622 -7.777 -7.849 -8.459 -12.896 -16.341 -7.557 -7.610 -8.178 -8.416
0.03 0.33631 10.00000 1.0898966789 2.4899635315    0.809  3.516  3.4152 -0.557    8  0.532  0.471   563.49   221.18  0 -4.93e-07      0.02 6.527e-01 3.176e-01 4.612e-03 2.345e-03 1.305e-02 -1.000 2.967e-02 -4.019 -6.125 -7.110 -7.593 -7.826 -7.677 -7.832 -7.912 -8.581 -13.002 -16.454 -7.606 -7.664 -8.294 -8.541
0.03 0.33631 10.00000 1.0898971558 2.4899635315    0.803  3.523  3.4173 -0.559    8  0.533  0.471   566.26   221.47  0 -5.37e-07      0.02 6.527e-01 3.176e-01 4.612e-03 2.345e-03 1.305e-02 -1.000 2.967e-02 -4.037 -6.140 -7.126 -7.611 -7.845 -7.695 -7.853 -7.934 -8.631 -13.044 -16.498 -7.627 -7.683 -8.343 -8.592
0.03 0.33631 10.00000 1.0898971558 2.4899635315    0.802  3.327  3.4480 -0.241    8  0.533  0.471   284.93   122.28  0 -2.28e-07      0.00 6.527e-01 3.176e-01 4.612e-03 2.345e-03 1.305e-02 -1.000 2.967e-02 -3.548 -5.618 -6.573 -7.036 -7.225 -7.032 -7.198 -7.247 -7.718 -12.175 -15.612 -7.058 -7.025 -7.468 -7.673
0.03 0.33631 10.00000 1.0898972750 2.4899635315    0.801  3.153  3.4784  0.055    8  0.533  0.471   150.68    70.45  0 -1.19e-07      0.00 6.527e-01 3.176e-01 4.612e-03 2.345e-03 1.305e-02 -1.000 2.967e-02 -3.112 -5.133 -6.040 -6.477 -6.651 -6.429 -6.612 -6.662 -7.004 -11.475 -14.908 -6.550 -6.426 -6.787 -6.958
0.03 0.33631 10.00000 1.0898973942 2.4899637699    0.799  3.000  3.5052  0.313    8  0.533  0.471    86.21    43.43  0 -6.65e-08      0.00 6.527e-01 3.176e-01 4.612e-03 2.345e-03 1.305e-02 -1.000 2.967e-02 -2.729 -4.692 -5.547 -5.939 -6.099 -5.885 -6.062 -6.125 -6.393 -10.882 -14.312 -6.045 -5.883 -6.196 -6.345
0.03 0.33631 10.00000 1.0898975134 2.4899637699    0.796  3.032  3.4992  0.256    8  0.533  0.471    97.63    48.29  0 -7.63e-08      0.00 6.527e-01 3.176e-01 4.612e-03 2.345e-03 1.305e-02 -1.000 2.967e-02 -2.810 -4.789 -5.653 -6.056 -6.219 -6.003 -6.183 -6.243 -6.525 -11.010 -14.441 -6.156 -6.001 -6.324 -6.477
0.03 0.33631 10.00000 1.0898976326 2.4899637699    0.792  3.154  3.4774  0.044    8  0.533  0.471   154.12    71.51  0 -1.24e-07      0.00 6.527e-01 3.176e-01 4.612e-03 2.345e-03 1.305e-02 -1.000 2.967e-02 -3.115 -5.138 -6.046 -6.484 -6.659 -6.437 -6.620 -6.670 -7.017 -11.487 -14.920 -6.556 -6.435 -6.799 -6.971
0.03 0.33631 10.00000 1.0898978710 2.4899637699    0.787  3.299  3.4511 -0.209    8  0.533  0.471   266.10   114.36  0 -2.17e-07      0.00 6.527e-01 3.176e-01 4.612e-03 2.345e-03 1.305e-02 -1.000 2.967e-02 -3.478 -5.543 -6.496 -6.959 -7.146 -6.948 -7.116 -7.165 -7.626 -12.083 -15.520 -6.986 -6.942 -7.379 -7.581
0.03 0.33631 10.00000 1.0898981094 2.4899637699    0.781  3.417  3.4297 -0.415    8  0.534  0.471   415.31   167.52  0  -3.4e-07      0.01 6.527e-01 3.176e-01 4.612e-03 2.345e-03 1.305e-02 -1.000 2.967e-02 -3.772 -5.867 -6.842 -7.317 -7.527 -7.359 -7.516 -7.578 -8.146 -12.588 -16.032 -7.326 -7.349 -7.875 -8.102
0.03 0.33631 10.00000 1.0898984671 2.4899637699    0.774  3.490  3.4161 -0.547    8  0.534  0.471   552.11   213.48  0 -4.53e-07      0.01 6.527e-01 3.176e-01 4.612e-03 2.345e-03 1.305e-02 -1.000 2.967e-02 -3.956 -6.063 -7.047 -7.529 -7.759 -7.609 -7.764 -7.841 -8.487 -12.915 -16.363 -7.540 -7.596 -8.202 -8.446
0.03 0.33631 10.00000 1.0898988247 2.4899640083    0.767  3.527  3.4091 -0.616    8  0.535  0.471   640.49   241.68  0  -6.7e-07      0.03 6.527e-01 3.176e-01 4.612e-03 2.345e-03 1.305e-02 -1.000 2.967e-02 -4.047 -6.145 -7.137 -7.630 -7.878 -7.734 -7.896 -7.991 -8.787 -13.175 -16.640 -7.659 -7.721 -8.489 -8.751
0.03 0.33631 10.00000 1.0898991823 2.4899640083    0.758  3.542  3.4061 -0.648    8  0.535  0.471   686.32   255.27  0 -8.15e-07      0.04 6.527e-01 3.176e-01 4.612e-03 2.345e-03 1.305e-02 -1.000 2.967e-02 -4.085 -6.175 -7.172 -7.673 -7.932 -7.792 -7.959 -8.067 -8.968 -13.330 -16.805 -7.714 -7.779 -8.658 -8.935
0.03 0.33631 10.00000 1.0898996592 2.4899640083    0.749  3.549  3.4111 -0.640    8  0.536  0.471   675.42   250.31  0 -8.88e-07      0.04 6.527e-01 3.176e-01 4.612e-03 2.345e-03 1.305e-02 -1.000 2.967e-02 -4.103 -6.190 -7.188 -7.689 -7.951 -7.813 -7.980 -8.092 -9.038 -13.390 -16.870 -7.732 -7.799 -8.724 -9.007
0.03 0.33631 10.00000 1.0898996592 2.4899640083    0.748  3.362  3.4389 -0.342    8  0.536  0.471   355.00   143.49  0 -3.18e-07      0.01 6.527e-01 3.176e-01 4.612e-03 2.345e-03 1.305e-02 -1.000 2.967e-02 -3.635 -5.717 -6.682 -7.152 -7.351 -7.172 -7.333 -7.390 -7.938 -12.380 -15.823 -7.167 -7.163 -7.675 -7.895
0.03 0.33631 10.00000 1.0898997784 2.4899640083    0.746  3.189  3.4703 -0.045    8  0.536  0.471   187.00    82.33  0  -1.7e-07      0.00 6.527e-01 3.176e-01 4.612e-03 2.345e-03 1.305e-02 -1.000 2.967e-02 -3.203 -5.237 -6.159 -6.607 -6.787 -6.569 -6.751 -6.801 -7.196 -11.657 -15.093 -6.669 -6.566 -6.969 -7.151
0.03 0.33631 10.00000 1.0898997784 2.4899640083    0.743  3.036  3.4981  0.217    8  0.536  0.471   106.24    50.38  0 -9.64e-08      0.00 6.527e-01 3.176e-01 4.612e-03 2.345e-03 1.305e-02 -1.000 2.967e-02 -2.820 -4.803 -5.667 -6.073 -6.239 -6.022 -6.203 -6.265 -6.560 -11.041 -14.474 -6.175 -6.021 -6.358 -6.512
0.03 0.33631 10.00000 1.0899000168 2.4899640083    0.737  3.068  3.4919  0.157    8  0.536  0.471   120.94    56.16  0 -1.11e-07      0.00 6.527e-01 3.176e-01 4.612e-03 2.345e-03 1.305e-02 -1.000 2.967e-02 -2.900 -4.895 -5.773 -6.192 -6.361 -6.141 -6.326 -6.385 -6.700 -11.175 -14.608 -6.289 -6.139 -6.493 -6.653
0.03 0.33631 10.00000 1.0899001360 2.4899642467    0.731  3.188  3.4691 -0.058    8  0.536  0.471   192.42    83.51  0  -1.8e-07      0.00 6.527e-01 3.176e-01 4.612e-03 2.345e-03 1.305e-02 -1.000 2.967e-02 -3.199 -5.236 -6.160 -6.610 -6.790 -6.574 -6.755 -6.805 -7.211 -11.670 -15.107 -6.670 -6.570 -6.982 -7.166
0.03 0.33631 10.00000 1.0899003744 2.4899642467    0.723  3.331  3.4416 -0.315    8  0.537  0.471   335.66   134.30  0 -3.12e-07      0.01 6.527e-01 3.176e-01 4.612e-03 2.345e-03 1.305e-02 -1.000 2.967e-02 -3.556 -5.634 -6.597 -7.063 -7.260 -7.077 -7.239 -7.295 -7.839 -12.280 -15.724 -7.080 -7.069 -7.578 -7.796
0.03 0.33631 10.00000 1.0899006128 2.4899642467    0.713  3.446  3.4192 -0.526    8  0.537  0.471   529.39   197.66  0 -4.88e-07      0.02 6.527e-01 3.176e-01 4.612e-03 2.345e-03 1.305e-02 -1.000 2.967e-02 -3.844 -5.947 -6.931 -7.412 -7.642 -7.491 -7.647 -7.725 -8.405 -12.822 -16.275 -7.424 -7.478 -8.119 -8.366
0.03 0.33631 10.00000 1.0899009705 2.4899642467    0.702  3.518  3.4052 -0.660    8  0.537  0.471   708.54   252.02  0 -8.19e-07      0.04 6.527e-01 3.176e-01 4.612e-03 2.345e-03 1.305e-02 -1.000 2.967e-02 -4.025 -6.114 -7.112 -7.614 -7.876 -7.737 -7.905 -8.014 -8.926 -13.285 -16.762 -7.658 -7.724 -8.616 -8.894
0.03 0.33631 10.00000 1.0899012089 2.4899642467    0.690  3.554  3.3992 -0.728    8  0.538  0.471   821.78   283.34  0 -1.26e-06      0.08 6.527e-01 3.176e-01 4.612e-03 2.345e-03 1.305e-02 -1.000 2.967e-02 -4.114 -6.175 -7.189 -7.712 -8.009 -7.886 -8.068 -8.217 -9.412 -13.714 -17.216 -7.792 -7.872 -9.066 -9.387
0.03 0.33631 10.00000 1.0899015665 2.4899644852    0.677  3.569  3.3985 -0.754    8  0.538  0.471   872.26   294.33  0 -1.55e-06      0.12 6.527e-01 3.176e-01 4.612e-03 2.345e-03 1.305e-02 -1.000 2.967e-02 -4.151 -6.189 -7.215 -7.751 -8.071 -7.961 -8.151 -8.326 -9.681 -13.956 -17.471 -7.855 -7.944 -9.309 -9.659
0.03 0.33631 10.00000 1.0899020433 2.4899644852    0.663  3.576  3.4341 -0.628    8  0.539  0.471   668.09   229.88  0 -1.51e-06      0.11 6.527e-01 3.176e-01 4.612e-03 2.345e-03 1.305e-02 -1.000 2.967e-02 -4.169 -6.190 -7.199 -7.729 -8.031 -7.901 -8.102 -8.271 -9.637 -13.904 -17.422 -7.843 -7.886 -9.277 -9.617
0.03 0.33631 10.00000 1.0899044275 2.4899649620    0.542 -9.999  4.0000  1.781    9  0.542  0.000     0.00     0.00 -1    -1e-30      0.00 6.527e-01 3.176e-01 4.612e-03 2.345e-03 1.305e-02 -1.000 2.967e-02 29.767 30.017 30.047 30.060 30.070 30.069 30.074 30.079 29.603 29.954 30.022 30.068 30.070 29.674 29.785
#isochrone terminated
