# File generated by CMD 3.3 (http://stev.oapd.inaf.it/cmd) on Wed Apr 22 15:20:00 CEST 2020
# isochrones based on PARSEC release v1.2S +  COLIBRI S_35
# Basic references: Bressan et al. (2012), MNRAS, 427, 127 + Chen et al. (2014, 2015), MNRAS, 444, 2525 + MNRAS, 452, 1068 + Tang et al. (2014), MNRAS, 445, 4287 + Marigo et al. (2017), ApJ, 835, 77 + Pastorelli al. (2019), MNRAS in press
# Thermal pulse cycles included 
# On RGB, assumed Reimers mass loss with efficiency eta=0.2
# Photometric system:  2MASS + Spitzer (IRAC+MIPS) + WISE
# Using YBC version of bolometric corrections as in Chen et al. (2019)
# O-rich circumstellar dpmod60alox40 dust from Groenewegen (2006)
# C-rich circumstellar AMCSIC15 dust from Groenewegen (2006)
# IMF: Kroupa (2001, 2002) + Kroupa et al. (2013) canonical two-part-power law IMF corrected for unresolved binaries 
# Kind of output: isochrone tables
# Zini     MH   logAge Mini        int_IMF         Mass   logL    logTe  logg  label   McoreTP C_O  period0 period1 pmode  Mloss  tau1m   X   Y   Xc  Xn  Xo  Cexcess  Z 	 mbolmag  Jmag    Hmag    Ksmag   IRAC_3.6mag  IRAC_4.5mag  IRAC_5.8mag  IRAC_8.0mag  MIPS_24mag  MIPS_70mag  MIPS_160mag  W1mag   W2mag   W3mag   W4mag
0.009 -0.22295 5.00000 0.0900000036 1.0816895962    0.090 -0.727  3.4721  2.960    0  0.000  0.545     0.00     0.00 -1 -2.63e-13      0.00 7.258e-01 2.651e-01 1.628e-03 4.393e-04 3.984e-03 -1.000 9.056e-03 6.588 4.565 3.974 3.707 3.372 3.230 3.197 3.139 2.530 2.510 2.587 3.498 3.236 3.108 2.720
0.009 -0.22295 5.00000 0.0903114006 1.0846658945    0.090 -0.725  3.4722  2.959    0  0.000  0.545     0.00     0.00 -1 -2.65e-13      0.00 7.258e-01 2.651e-01 1.628e-03 4.393e-04 3.984e-03 -1.000 9.056e-03 6.581 4.559 3.968 3.701 3.366 3.225 3.192 3.134 2.525 2.505 2.582 3.493 3.231 3.103 2.715
0.009 -0.22295 5.00000 0.1000000015 1.1711064577    0.100 -0.651  3.4764  2.947    0  0.000  0.545     0.00     0.00 -1 -3.02e-13      0.00 7.258e-01 2.651e-01 1.628e-03 4.393e-04 3.984e-03 -1.000 9.056e-03 6.398 4.384 3.776 3.519 3.202 3.065 3.035 2.979 2.375 2.358 2.438 3.328 3.072 2.951 2.565
0.009 -0.22295 5.00000 0.1124982461 1.2677639723    0.112 -0.570  3.4824  2.941    0  0.000  0.545     0.00     0.00 -1 -3.46e-13      0.00 7.258e-01 2.651e-01 1.628e-03 4.393e-04 3.984e-03 -1.000 9.056e-03 6.195 4.194 3.562 3.318 3.025 2.894 2.867 2.814 2.217 2.205 2.290 3.148 2.901 2.790 2.406
0.009 -0.22295 5.00000 0.1226330996 1.3364257812    0.123 -0.511  3.4870  2.937    0  0.000  0.545     0.00     0.00 -1 -3.81e-13      0.00 7.258e-01 2.651e-01 1.628e-03 4.393e-04 3.984e-03 -1.000 9.056e-03 6.046 4.056 3.404 3.169 2.895 2.770 2.744 2.694 2.102 2.095 2.184 3.017 2.778 2.673 2.291
0.009 -0.22295 5.00000 0.1351002902 1.4114068747    0.135 -0.444  3.4929  2.936    0  0.000  0.545     0.00     0.00 -1 -4.24e-13      0.00 7.258e-01 2.651e-01 1.628e-03 4.393e-04 3.984e-03 -1.000 9.056e-03 5.879 3.904 3.227 3.002 2.751 2.635 2.611 2.563 1.978 1.978 2.072 2.870 2.643 2.547 2.168
0.009 -0.22295 5.00000 0.1400000006 1.4384527206    0.140 -0.418  3.4952  2.935    0  0.000  0.545     0.00     0.00 -1 -4.42e-13      0.00 7.258e-01 2.651e-01 1.628e-03 4.393e-04 3.984e-03 -1.000 9.056e-03 5.816 3.847 3.160 2.938 2.697 2.584 2.561 2.515 1.932 1.935 2.030 2.815 2.592 2.500 2.122
0.009 -0.22295 5.00000 0.1525513679 1.5024594069    0.153 -0.361  3.5013  2.939    0  0.000  0.545     0.00     0.00 -1 -4.81e-13      0.00 7.258e-01 2.651e-01 1.628e-03 4.393e-04 3.984e-03 -1.000 9.056e-03 5.672 3.719 3.008 2.795 2.576 2.474 2.452 2.408 1.833 1.843 1.942 2.691 2.482 2.398 2.023
0.009 -0.22295 5.00000 0.1649392247 1.5592497587    0.165 -0.307  3.5072  2.943    0  0.000  0.545     0.00     0.00 -1 -5.22e-13      0.00 7.258e-01 2.651e-01 1.628e-03 4.393e-04 3.984e-03 -1.000 9.056e-03 5.537 3.600 2.865 2.660 2.462 2.371 2.350 2.308 1.741 1.758 1.862 2.574 2.379 2.302 1.931
0.009 -0.22295 5.00000 0.1786755025 1.6160722971    0.179 -0.252  3.5137  2.949    0  0.000  0.545     0.00     0.00 -1 -5.65e-13      0.00 7.258e-01 2.651e-01 1.628e-03 4.393e-04 3.984e-03 -1.000 9.056e-03 5.400 3.483 2.723 2.526 2.350 2.270 2.249 2.209 1.651 1.677 1.786 2.456 2.279 2.208 1.841
0.009 -0.22295 5.00000 0.1936718822 1.6719584465    0.194 -0.194  3.5207  2.954    0  0.000  0.545     0.00     0.00 -1 -6.16e-13      0.00 7.258e-01 2.651e-01 1.628e-03 4.393e-04 3.984e-03 -1.000 9.056e-03 5.256 3.360 2.573 2.384 2.231 2.165 2.145 2.105 1.557 1.593 1.707 2.331 2.174 2.110 1.747
0.009 -0.22295 5.00000 0.2028757036 1.7035447359    0.203 -0.160  3.5250  2.957    0  0.000  0.545     0.00     0.00 -1 -6.49e-13      0.00 7.258e-01 2.651e-01 1.628e-03 4.393e-04 3.984e-03 -1.000 9.056e-03 5.171 3.288 2.487 2.302 2.161 2.104 2.084 2.045 1.504 1.545 1.661 2.257 2.113 2.053 1.693
0.009 -0.22295 5.00000 0.2203429043 1.7586581707    0.220 -0.099  3.5331  2.965    0  0.000  0.545     0.00     0.00 -1  -7.1e-13      0.00 7.258e-01 2.651e-01 1.628e-03 4.393e-04 3.984e-03 -1.000 9.056e-03 5.017 3.162 2.336 2.158 2.036 1.998 1.977 1.938 1.410 1.462 1.581 2.125 2.007 1.952 1.600
0.009 -0.22295 5.00000 0.2389622331 1.8114767075    0.239 -0.041  3.5416  2.975    0  0.000  0.545     0.00     0.00 -1 -7.71e-13      0.00 7.258e-01 2.651e-01 1.628e-03 4.393e-04 3.984e-03 -1.000 9.056e-03 4.871 3.048 2.200 2.027 1.921 1.901 1.877 1.837 1.323 1.386 1.509 1.999 1.910 1.857 1.513
0.009 -0.22295 5.00000 0.2656497359 1.8785065413    0.266  0.043  3.5528  2.982    0  0.000  0.545     0.00     0.00 -1 -8.79e-13      0.00 7.258e-01 2.651e-01 1.628e-03 4.393e-04 3.984e-03 -1.000 9.056e-03 4.662 2.879 2.015 1.846 1.756 1.759 1.733 1.687 1.193 1.271 1.397 1.820 1.768 1.716 1.383
0.009 -0.22295 5.00000 0.2916997969 1.9359862804    0.292  0.116  3.5629  2.991    0  0.000  0.545     0.00     0.00 -1 -9.82e-13      0.00 7.258e-01 2.651e-01 1.628e-03 4.393e-04 3.984e-03 -1.000 9.056e-03 4.481 2.734 1.865 1.700 1.621 1.642 1.612 1.561 1.084 1.174 1.301 1.672 1.651 1.597 1.273
0.009 -0.22295 5.00000 0.3032055497 1.9592893124    0.303  0.144  3.5670  2.996    0  0.000  0.545     0.00     0.00 -1 -1.02e-12      0.00 7.258e-01 2.651e-01 1.628e-03 4.393e-04 3.984e-03 -1.000 9.056e-03 4.411 2.678 1.810 1.648 1.571 1.599 1.568 1.515 1.044 1.139 1.265 1.617 1.608 1.553 1.233
0.009 -0.22295 5.00000 0.3448044360 2.0348191261    0.345  0.248  3.5804  3.001    0  0.000  0.545     0.00     0.00 -1 -1.21e-12      0.00 7.258e-01 2.651e-01 1.628e-03 4.393e-04 3.984e-03 -1.000 9.056e-03 4.149 2.459 1.607 1.452 1.381 1.426 1.390 1.329 0.878 0.988 1.116 1.412 1.433 1.375 1.067
0.009 -0.22295 5.00000 0.3500000238 2.0434176922    0.350  0.259  3.5819  3.003    0  0.000  0.545     0.00     0.00 -1 -1.23e-12      0.00 7.258e-01 2.651e-01 1.628e-03 4.393e-04 3.984e-03 -1.000 9.056e-03 4.123 2.437 1.589 1.435 1.365 1.411 1.375 1.313 0.864 0.975 1.102 1.395 1.418 1.360 1.053
0.009 -0.22295 5.00000 0.3618425727 2.0624110699    0.362  0.287  3.5853  3.003    0  0.000  0.545     0.00     0.00 -1 -1.29e-12      0.00 7.258e-01 2.651e-01 1.628e-03 4.393e-04 3.984e-03 -1.000 9.056e-03 4.052 2.375 1.533 1.382 1.314 1.362 1.326 1.262 0.817 0.931 1.058 1.341 1.369 1.311 1.007
0.009 -0.22295 5.00000 0.4000000358 2.1185026169    0.400  0.373  3.5954  3.000    0  0.000  0.545     0.00     0.00 -1  -1.5e-12      0.00 7.258e-01 2.651e-01 1.628e-03 4.393e-04 3.984e-03 -1.000 9.056e-03 3.837 2.186 1.369 1.225 1.160 1.215 1.179 1.112 0.677 0.799 0.926 1.180 1.222 1.164 0.866
0.009 -0.22295 5.00000 0.4500000179 2.1822810173    0.450  0.480  3.6065  2.989    0  0.000  0.545     0.00     0.00 -1 -1.83e-12      0.00 7.258e-01 2.651e-01 1.628e-03 4.393e-04 3.984e-03 -1.000 9.056e-03 3.569 1.944 1.158 1.023 0.961 1.020 0.985 0.917 0.491 0.620 0.748 0.976 1.027 0.972 0.680
0.009 -0.22295 5.00000 0.5000000000 2.2374541759    0.500  0.557  3.6157  2.995    0  0.000  0.545     0.00     0.00 -1 -2.06e-12      0.00 7.258e-01 2.651e-01 1.628e-03 4.393e-04 3.984e-03 -1.000 9.056e-03 3.378 1.772 1.015 0.887 0.828 0.889 0.856 0.788 0.367 0.501 0.630 0.840 0.895 0.845 0.556
0.009 -0.22295 5.00000 0.5500000119 2.2836582661    0.550  0.637  3.6234  2.986    0  0.000  0.545     0.00     0.00 -1 -2.39e-12      0.00 7.258e-01 2.651e-01 1.628e-03 4.393e-04 3.984e-03 -1.000 9.056e-03 3.177 1.589 0.855 0.732 0.677 0.738 0.707 0.640 0.223 0.360 0.489 0.686 0.745 0.699 0.412
0.009 -0.22295 5.00000 0.5569069982 2.2892954350    0.557  0.647  3.6243  2.986    0  0.000  0.545     0.00     0.00 -1 -2.43e-12      0.00 7.258e-01 2.651e-01 1.628e-03 4.393e-04 3.984e-03 -1.000 9.056e-03 3.152 1.566 0.835 0.714 0.658 0.720 0.689 0.622 0.205 0.342 0.471 0.667 0.726 0.680 0.394
0.009 -0.22295 5.00000 0.6000000238 2.3211214542    0.600  0.719  3.6298  2.969    0  0.000  0.545     0.00     0.00 -1 -2.81e-12      0.00 7.258e-01 2.651e-01 1.628e-03 4.393e-04 3.984e-03 -1.000 9.056e-03 2.974 1.401 0.687 0.570 0.516 0.578 0.548 0.482 0.066 0.205 0.335 0.524 0.584 0.541 0.255
0.009 -0.22295 5.00000 0.6408338547 2.3467824459    0.641  0.771  3.6344  2.963    0  0.000  0.545     0.00     0.00 -1 -3.09e-12      0.00 7.258e-01 2.651e-01 1.628e-03 4.393e-04 3.984e-03 -1.000 9.056e-03 2.842 1.280 0.580 0.467 0.415 0.476 0.448 0.382 -0.033 0.107 0.237 0.422 0.483 0.442 0.156
0.009 -0.22295 5.00000 0.6499999762 2.3520355225    0.650  0.784  3.6354  2.960    0  0.000  0.545     0.00     0.00 -1 -3.17e-12      0.00 7.258e-01 2.651e-01 1.628e-03 4.393e-04 3.984e-03 -1.000 9.056e-03 2.810 1.251 0.554 0.442 0.390 0.451 0.423 0.358 -0.057 0.083 0.213 0.397 0.457 0.417 0.132
0.009 -0.22295 5.00000 0.7000000477 2.3779268265    0.700  0.852  3.6400  2.943    0  0.000  0.545     0.00     0.00 -1 -3.65e-12      0.00 7.258e-01 2.651e-01 1.628e-03 4.393e-04 3.984e-03 -1.000 9.056e-03 2.641 1.092 0.411 0.302 0.252 0.312 0.285 0.221 -0.193 -0.052 0.078 0.258 0.319 0.280 -0.005
0.009 -0.22295 5.00000 0.7500000000 2.3998889923    0.750  0.918  3.6472  2.936    0  0.000  0.538     0.00     0.00 -1 -4.14e-12      0.00 7.258e-01 2.651e-01 1.607e-03 4.387e-04 3.985e-03 -1.000 9.056e-03 2.475 0.945 0.289 0.185 0.137 0.195 0.170 0.108 -0.306 -0.165 -0.034 0.143 0.202 0.167 -0.118
0.009 -0.22295 5.00000 0.7989268899 2.4183487892    0.799  0.972  3.6503  2.922    0  0.000  0.538     0.00     0.00 -1 -4.61e-12      0.00 7.258e-01 2.651e-01 1.607e-03 4.387e-04 3.985e-03 -1.000 9.056e-03 2.341 0.819 0.174 0.072 0.024 0.082 0.058 -0.004 -0.418 -0.276 -0.145 0.030 0.088 0.056 -0.229
0.009 -0.22295 5.00000 0.8429757953 2.4328775406    0.842  1.012  3.6530  2.916    0  0.000  0.538     0.00     0.00 -1 -4.96e-12      0.00 7.258e-01 2.651e-01 1.607e-03 4.387e-04 3.985e-03 -1.000 9.056e-03 2.240 0.726 0.090 -0.009 -0.057 0.000 -0.024 -0.084 -0.499 -0.357 -0.226 -0.052 0.006 -0.025 -0.310
0.009 -0.22295 5.00000 0.8478538394 2.4343800545    0.847  1.017  3.6533  2.915    0  0.000  0.538     0.00     0.00 -1 -5.01e-12      0.00 7.258e-01 2.651e-01 1.607e-03 4.387e-04 3.985e-03 -1.000 9.056e-03 2.228 0.714 0.080 -0.019 -0.067 -0.010 -0.034 -0.094 -0.509 -0.366 -0.235 -0.062 -0.004 -0.035 -0.320
0.009 -0.22295 5.00000 0.8967806697 2.4484164715    0.896  1.060  3.6560  2.907    0  0.000  0.538     0.00     0.00 -1 -5.43e-12      0.00 7.258e-01 2.651e-01 1.607e-03 4.387e-04 3.985e-03 -1.000 9.056e-03 2.121 0.614 -0.011 -0.109 -0.156 -0.099 -0.123 -0.182 -0.597 -0.454 -0.323 -0.150 -0.093 -0.123 -0.408
0.009 -0.22295 5.00000 0.9457075596 2.4607958794    0.945  1.103  3.6583  2.896    0  0.000  0.538     0.00     0.00 -1 -5.92e-12      0.00 7.258e-01 2.651e-01 1.607e-03 4.387e-04 3.985e-03 -1.000 9.056e-03 2.012 0.512 -0.105 -0.201 -0.248 -0.192 -0.215 -0.274 -0.688 -0.546 -0.415 -0.243 -0.186 -0.215 -0.499
0.009 -0.22295 5.00000 0.9857401252 2.4698808193    0.986  1.133  3.6602  2.892    0  0.000  0.538     0.00     0.00 -1 -6.23e-12      0.00 7.258e-01 2.651e-01 1.607e-03 4.387e-04 3.985e-03 -1.000 9.056e-03 1.938 0.443 -0.167 -0.262 -0.308 -0.253 -0.275 -0.334 -0.748 -0.606 -0.474 -0.303 -0.247 -0.275 -0.559
0.009 -0.22295 5.00000 0.9946345091 2.4717855453    0.995  1.139  3.6606  2.891    0  0.000  0.538     0.00     0.00 -1 -6.32e-12      0.00 7.258e-01 2.651e-01 1.607e-03 4.387e-04 3.985e-03 -1.000 9.056e-03 1.921 0.427 -0.181 -0.276 -0.323 -0.267 -0.290 -0.348 -0.762 -0.620 -0.489 -0.318 -0.261 -0.289 -0.574
0.009 -0.22295 5.00000 1.0435613394 2.4815983772    1.043  1.177  3.6626  2.881    0  0.000  0.538     0.00     0.00 -1 -6.37e-12      0.00 7.258e-01 2.651e-01 1.607e-03 4.387e-04 3.985e-03 -1.000 9.056e-03 1.827 0.338 -0.263 -0.357 -0.403 -0.348 -0.370 -0.428 -0.842 -0.700 -0.568 -0.398 -0.342 -0.369 -0.653
0.009 -0.22295 5.00000 1.0561408997 2.4839529991    1.055  1.186  3.6631  2.880    0  0.000  0.538     0.00     0.00 -1 -6.33e-12      0.00 7.258e-01 2.651e-01 1.607e-03 4.387e-04 3.985e-03 -1.000 9.056e-03 1.806 0.319 -0.281 -0.374 -0.420 -0.365 -0.387 -0.445 -0.859 -0.717 -0.585 -0.415 -0.360 -0.386 -0.670
0.009 -0.22295 5.00000 1.0924882889 2.4904074669    1.092  1.210  3.6645  2.876    0  0.000  0.538     0.00     0.00 -1 -6.24e-12      0.00 7.258e-01 2.651e-01 1.607e-03 4.387e-04 3.985e-03 -1.000 9.056e-03 1.745 0.262 -0.333 -0.425 -0.471 -0.416 -0.438 -0.495 -0.910 -0.767 -0.636 -0.466 -0.411 -0.436 -0.721
0.009 -0.22295 5.00000 1.1414151192 2.4983537197    1.141  1.245  3.6662  2.867    0  0.000  0.538     0.00     0.00 -1 -6.14e-12      0.00 7.258e-01 2.651e-01 1.607e-03 4.387e-04 3.985e-03 -1.000 9.056e-03 1.658 0.180 -0.409 -0.501 -0.546 -0.492 -0.513 -0.570 -0.984 -0.841 -0.710 -0.541 -0.486 -0.511 -0.795
0.009 -0.22295 5.00000 1.1673918962 2.5022625923    1.167  1.259  3.6672  2.866    0  0.000  0.538     0.00     0.00 -1 -5.99e-12      0.00 7.258e-01 2.651e-01 1.607e-03 4.387e-04 3.985e-03 -1.000 9.056e-03 1.622 0.147 -0.440 -0.531 -0.575 -0.522 -0.543 -0.599 -1.014 -0.871 -0.739 -0.571 -0.516 -0.540 -0.825
0.009 -0.22295 5.00000 1.1903420687 2.5055532455    1.190  1.272  3.6680  2.865    0  0.000  0.538     0.00     0.00 -1 -5.87e-12      0.00 7.258e-01 2.651e-01 1.607e-03 4.387e-04 3.985e-03 -1.000 9.056e-03 1.589 0.116 -0.467 -0.557 -0.602 -0.549 -0.570 -0.626 -1.040 -0.897 -0.766 -0.597 -0.543 -0.567 -0.851
0.009 -0.22295 5.00000 1.2392688990 2.5121033192    1.239  1.305  3.6694  2.856    0  0.000  0.538     0.00     0.00 -1 -5.66e-12      0.00 7.258e-01 2.651e-01 1.607e-03 4.387e-04 3.985e-03 -1.000 9.056e-03 1.508 0.039 -0.539 -0.629 -0.673 -0.620 -0.641 -0.697 -1.111 -0.968 -0.837 -0.669 -0.614 -0.638 -0.922
0.009 -0.22295 5.00000 1.2881958485 2.5180842876    1.288  1.332  3.6709  2.851    0  0.000  0.538     0.00     0.00 -1 -5.31e-12      0.00 7.258e-01 2.651e-01 1.607e-03 4.387e-04 3.985e-03 -1.000 9.056e-03 1.440 -0.024 -0.598 -0.687 -0.731 -0.678 -0.698 -0.754 -1.168 -1.025 -0.894 -0.726 -0.672 -0.695 -0.979
0.009 -0.22295 5.00000 1.3371227980 2.5235648155    1.337  1.360  3.6721  2.845    0  0.000  0.538     0.00     0.00 -1 -4.93e-12      0.00 7.258e-01 2.651e-01 1.607e-03 4.387e-04 3.985e-03 -1.000 9.056e-03 1.370 -0.091 -0.660 -0.748 -0.792 -0.740 -0.760 -0.815 -1.229 -1.086 -0.955 -0.788 -0.734 -0.756 -1.041
0.009 -0.22295 5.00000 1.3860497475 2.5286026001    1.386  1.387  3.6734  2.838    0  0.000  0.538     0.00     0.00 -1 -4.49e-12      0.00 7.258e-01 2.651e-01 1.607e-03 4.387e-04 3.985e-03 -1.000 9.056e-03 1.303 -0.154 -0.719 -0.807 -0.850 -0.798 -0.818 -0.873 -1.287 -1.144 -1.013 -0.846 -0.793 -0.814 -1.098
0.009 -0.22295 5.00000 1.4045745134 2.5304050446    1.405  1.396  3.6739  2.837    0  0.000  0.538     0.00     0.00 -1 -4.27e-12      0.00 7.258e-01 2.651e-01 1.607e-03 4.387e-04 3.985e-03 -1.000 9.056e-03 1.280 -0.176 -0.739 -0.826 -0.870 -0.818 -0.838 -0.893 -1.307 -1.164 -1.032 -0.865 -0.812 -0.833 -1.118
0.009 -0.22295 5.00000 1.4349765778 2.5332474709    1.435  1.410  3.6746  2.835    0  0.000  0.538     0.00     0.00 -1 -3.94e-12      0.00 7.258e-01 2.651e-01 1.607e-03 4.387e-04 3.985e-03 -1.000 9.057e-03 1.245 -0.208 -0.769 -0.856 -0.899 -0.847 -0.867 -0.922 -1.336 -1.193 -1.061 -0.895 -0.842 -0.863 -1.147
0.009 -0.22295 5.00000 1.4839034081 2.5375421047    1.484  1.433  3.6758  2.832    0  0.000  0.538     0.00     0.00 -1 -3.34e-12      0.00 7.258e-01 2.651e-01 1.607e-03 4.387e-04 3.985e-03 -1.000 9.061e-03 1.188 -0.262 -0.819 -0.905 -0.948 -0.897 -0.916 -0.970 -1.385 -1.242 -1.110 -0.944 -0.891 -0.911 -1.196
0.009 -0.22295 5.00000 1.5328302383 2.5415227413    1.533  1.457  3.6768  2.826    0  0.000  0.538     0.00     0.00 -1 -2.69e-12      0.00 7.258e-01 2.651e-01 1.607e-03 4.387e-04 3.985e-03 -1.000 9.056e-03 1.127 -0.319 -0.873 -0.958 -1.001 -0.950 -0.969 -1.023 -1.438 -1.295 -1.163 -0.997 -0.945 -0.964 -1.249
0.009 -0.22295 5.00000 1.5817571878 2.5452215672    1.581  1.477  3.6780  2.824    0  0.000  0.538     0.00     0.00 -1 -1.94e-12      0.00 7.258e-01 2.651e-01 1.607e-03 4.387e-04 3.985e-03 -1.000 9.061e-03 1.078 -0.365 -0.914 -0.999 -1.042 -0.991 -1.011 -1.064 -1.478 -1.335 -1.204 -1.038 -0.986 -1.005 -1.290
0.009 -0.22295 5.00000 1.6306840181 2.5486662388    1.630  1.498  3.6789  2.819    0  0.000  0.538     0.00     0.00 -1 -1.14e-12      0.00 7.258e-01 2.651e-01 1.607e-03 4.387e-04 3.985e-03 -1.000 9.063e-03 1.024 -0.416 -0.962 -1.047 -1.090 -1.039 -1.058 -1.111 -1.526 -1.382 -1.251 -1.085 -1.034 -1.052 -1.337
0.009 -0.22295 5.00000 1.6796110868 2.5518810749    1.679  1.517  3.6800  2.818    0  0.000  0.538     0.00     0.00 -1 -2.11e-23      0.00 7.258e-01 2.651e-01 1.607e-03 4.387e-04 3.985e-03 -1.000 9.056e-03 0.977 -0.460 -1.003 -1.087 -1.129 -1.079 -1.098 -1.151 -1.565 -1.422 -1.290 -1.125 -1.073 -1.092 -1.376
0.009 -0.22295 5.00000 1.7285379171 2.5548877716    1.727  1.538  3.6808  2.813    0  0.000  0.538     0.00     0.00 -1    -1e-30      0.00 7.258e-01 2.651e-01 1.607e-03 4.387e-04 3.985e-03 -1.000 9.069e-03 0.926 -0.508 -1.048 -1.132 -1.174 -1.124 -1.143 -1.195 -1.609 -1.466 -1.335 -1.170 -1.118 -1.136 -1.421
0.009 -0.22295 5.00000 1.7637397051 2.5569324493    1.762  1.550  3.6815  2.812    0  0.000  0.538     0.00     0.00 -1    -1e-30      0.00 7.258e-01 2.651e-01 1.607e-03 4.387e-04 3.985e-03 -1.000 9.062e-03 0.894 -0.538 -1.075 -1.158 -1.201 -1.151 -1.169 -1.222 -1.636 -1.493 -1.361 -1.196 -1.145 -1.163 -1.447
0.009 -0.22295 5.00000 1.7774647474 2.5577046871    1.776  1.555  3.6818  2.812    0  0.000  0.538     0.00     0.00 -1    -1e-30      0.00 7.258e-01 2.651e-01 1.607e-03 4.387e-04 3.985e-03 -1.000 9.059e-03 0.883 -0.548 -1.085 -1.168 -1.210 -1.160 -1.179 -1.231 -1.645 -1.502 -1.370 -1.206 -1.155 -1.172 -1.456
0.009 -0.22295 5.00000 1.8263916969 2.5603487492    1.825  1.576  3.6825  2.805    0  0.000  0.538     0.00     0.00 -1    -1e-30      0.00 7.258e-01 2.651e-01 1.607e-03 4.387e-04 3.985e-03 -1.000 9.056e-03 0.830 -0.599 -1.134 -1.216 -1.258 -1.208 -1.227 -1.279 -1.693 -1.550 -1.418 -1.254 -1.203 -1.220 -1.504
0.009 -0.22295 5.00000 1.8643476963 2.5622904301    1.863  1.589  3.6831  2.804    0  0.000  0.538     0.00     0.00 -1    -1e-30      0.00 7.258e-01 2.651e-01 1.607e-03 4.387e-04 3.985e-03 -1.000 9.056e-03 0.798 -0.629 -1.162 -1.244 -1.285 -1.236 -1.254 -1.306 -1.721 -1.577 -1.446 -1.281 -1.231 -1.247 -1.532
0.009 -0.22295 5.00000 1.8774336576 2.5629389286    1.876  1.592  3.6834  2.805    0  0.000  0.538     0.00     0.00 -1    -1e-30      0.00 7.258e-01 2.651e-01 1.607e-03 4.387e-04 3.985e-03 -1.000 9.056e-03 0.789 -0.637 -1.168 -1.250 -1.292 -1.242 -1.261 -1.313 -1.727 -1.583 -1.452 -1.287 -1.237 -1.253 -1.538
0.009 -0.22295 5.00000 1.9284752607 2.5653722286    1.928  1.609  3.6843  2.804    0  0.000  0.538     0.00     0.00 -1    -1e-30      0.00 7.258e-01 2.651e-01 1.607e-03 4.387e-04 3.985e-03 -1.000 9.068e-03 0.748 -0.675 -1.204 -1.285 -1.326 -1.277 -1.296 -1.347 -1.761 -1.618 -1.486 -1.322 -1.272 -1.288 -1.572
0.009 -0.22295 5.00000 1.9795172215 2.5676615238    1.979  1.625  3.6852  2.802    0  0.000  0.538     0.00     0.00 -1    -1e-30      0.00 7.258e-01 2.651e-01 1.607e-03 4.387e-04 3.985e-03 -1.000 9.064e-03 0.708 -0.712 -1.238 -1.319 -1.360 -1.311 -1.329 -1.381 -1.795 -1.651 -1.520 -1.356 -1.306 -1.321 -1.606
0.009 -0.22295 5.00000 2.0305588245 2.5698192120    2.030  1.640  3.6860  2.802    0  0.000  0.538     0.00     0.00 -1    -1e-30      0.00 7.258e-01 2.651e-01 1.607e-03 4.387e-04 3.985e-03 -1.000 9.076e-03 0.671 -0.747 -1.270 -1.351 -1.392 -1.343 -1.361 -1.412 -1.826 -1.683 -1.551 -1.388 -1.338 -1.353 -1.637
0.009 -0.22295 5.00000 2.0683991909 2.5713398457    2.067  1.652  3.6865  2.800    0  0.000  0.538     0.00     0.00 -1    -1e-30      0.00 7.258e-01 2.651e-01 1.607e-03 4.387e-04 3.985e-03 -1.000 9.062e-03 0.641 -0.775 -1.297 -1.377 -1.418 -1.370 -1.387 -1.438 -1.852 -1.709 -1.577 -1.414 -1.364 -1.379 -1.663
0.009 -0.22295 5.00000 2.0816006660 2.5718555450    2.081  1.656  3.6867  2.799    0  0.000  0.538     0.00     0.00 -1    -1e-30      0.00 7.258e-01 2.651e-01 1.607e-03 4.387e-04 3.985e-03 -1.000 9.056e-03 0.630 -0.785 -1.306 -1.386 -1.427 -1.379 -1.397 -1.447 -1.861 -1.718 -1.586 -1.423 -1.374 -1.388 -1.673
0.009 -0.22295 5.00000 2.1192502975 2.5732853413    2.118  1.670  3.6871  2.795    0  0.000  0.538     0.00     0.00 -1    -1e-30      0.00 7.258e-01 2.651e-01 1.607e-03 4.387e-04 3.985e-03 -1.000 9.056e-03 0.596 -0.818 -1.338 -1.418 -1.458 -1.410 -1.428 -1.479 -1.893 -1.749 -1.618 -1.454 -1.405 -1.420 -1.704
0.009 -0.22295 5.00000 2.1326425076 2.5737800598    2.131  1.673  3.6873  2.795    0  0.000  0.538     0.00     0.00 -1    -1e-30      0.00 7.258e-01 2.651e-01 1.607e-03 4.387e-04 3.985e-03 -1.000 9.060e-03 0.587 -0.826 -1.345 -1.425 -1.466 -1.417 -1.435 -1.486 -1.900 -1.756 -1.625 -1.462 -1.412 -1.427 -1.711
0.009 -0.22295 5.00000 2.1836843491 2.5756015778    2.182  1.684  3.6883  2.798    0  0.000  0.538     0.00     0.00 -1    -1e-30      0.00 7.258e-01 2.651e-01 1.607e-03 4.387e-04 3.985e-03 -1.000 9.056e-03 0.560 -0.851 -1.367 -1.446 -1.486 -1.438 -1.456 -1.506 -1.920 -1.777 -1.645 -1.482 -1.433 -1.447 -1.731
0.009 -0.22295 5.00000 2.2347259521 2.5773277283    2.233  1.699  3.6890  2.796    0  0.000  0.538     0.00     0.00 -1    -1e-30      0.00 7.258e-01 2.651e-01 1.607e-03 4.387e-04 3.985e-03 -1.000 9.074e-03 0.523 -0.885 -1.399 -1.478 -1.518 -1.470 -1.487 -1.538 -1.951 -1.808 -1.676 -1.514 -1.465 -1.478 -1.762
0.009 -0.22295 5.00000 2.2610712051 2.5781836510    2.259  1.707  3.6892  2.794    0  0.000  0.538     0.00     0.00 -1    -1e-30      0.00 7.258e-01 2.651e-01 1.607e-03 4.387e-04 3.985e-03 -1.000 9.066e-03 0.502 -0.905 -1.418 -1.497 -1.537 -1.489 -1.507 -1.557 -1.971 -1.827 -1.695 -1.533 -1.484 -1.497 -1.782
0.009 -0.22295 5.00000 2.2857680321 2.5789656639    2.284  1.713  3.6896  2.794    0  0.000  0.538     0.00     0.00 -1    -1e-30      0.00 7.258e-01 2.651e-01 1.607e-03 4.387e-04 3.985e-03 -1.000 9.056e-03 0.487 -0.919 -1.431 -1.509 -1.549 -1.502 -1.519 -1.569 -1.983 -1.839 -1.707 -1.545 -1.497 -1.510 -1.794
0.009 -0.22295 5.00000 2.3368096352 2.5805213451    2.335  1.724  3.6904  2.796    0  0.000  0.538     0.00     0.00 -1    -1e-30      0.00 7.258e-01 2.651e-01 1.607e-03 4.387e-04 3.985e-03 -1.000 9.081e-03 0.460 -0.943 -1.453 -1.531 -1.570 -1.523 -1.540 -1.590 -2.004 -1.860 -1.728 -1.566 -1.518 -1.531 -1.815
0.009 -0.22295 5.00000 2.3669321537 2.5814034939    2.365  1.725  3.6912  2.803    0  0.000  0.538     0.00     0.00 -1    -1e-30      0.00 7.258e-01 2.651e-01 1.607e-03 4.387e-04 3.985e-03 -1.000 9.070e-03 0.457 -0.943 -1.451 -1.528 -1.568 -1.521 -1.538 -1.587 -2.001 -1.857 -1.725 -1.564 -1.516 -1.528 -1.812
0.009 -0.22295 5.00000 2.3878512383 2.5820009708    2.386  1.726  3.6917  2.808    0  0.000  0.538     0.00     0.00 -1    -1e-30      0.00 7.258e-01 2.651e-01 1.607e-03 4.387e-04 3.985e-03 -1.000 9.056e-03 0.454 -0.945 -1.450 -1.528 -1.567 -1.520 -1.537 -1.586 -2.000 -1.856 -1.724 -1.563 -1.515 -1.527 -1.811
0.009 -0.22295 5.00000 2.4337203503 2.5832698345    2.432  1.719  3.6933  2.830    0  0.000  0.538     0.00     0.00 -1    -1e-30      0.00 7.258e-01 2.651e-01 1.607e-03 4.387e-04 3.985e-03 -1.000 9.056e-03 0.472 -0.921 -1.422 -1.499 -1.537 -1.492 -1.508 -1.556 -1.970 -1.826 -1.694 -1.534 -1.487 -1.497 -1.781
0.009 -0.22295 5.00000 2.4388933182 2.5834095478    2.437  1.718  3.6935  2.832    0  0.000  0.538     0.00     0.00 -1    -1e-30      0.00 7.258e-01 2.651e-01 1.607e-03 4.387e-04 3.985e-03 -1.000 9.056e-03 0.474 -0.918 -1.419 -1.495 -1.533 -1.488 -1.505 -1.552 -1.966 -1.822 -1.690 -1.530 -1.483 -1.493 -1.777
0.009 -0.22295 5.00000 2.5246119499 2.5856285095    2.523  1.676  3.6980  2.907    0  0.000  0.538     0.00     0.00 -1    -1e-30      0.00 7.258e-01 2.651e-01 1.607e-03 4.387e-04 3.985e-03 -1.000 9.056e-03 0.579 -0.797 -1.284 -1.358 -1.395 -1.351 -1.367 -1.413 -1.825 -1.681 -1.549 -1.391 -1.347 -1.353 -1.637
0.009 -0.22295 5.00000 2.5971376896 2.5873746872    2.596  1.649  3.7013  2.960    0  0.000  0.538     0.00     0.00 -1    -1e-30      0.00 7.258e-01 2.651e-01 1.607e-03 4.387e-04 3.985e-03 -1.000 9.056e-03 0.647 -0.717 -1.194 -1.266 -1.302 -1.260 -1.276 -1.319 -1.732 -1.587 -1.455 -1.299 -1.256 -1.259 -1.543
0.009 -0.22295 5.00000 2.6430602074 2.5884237289    2.642  1.637  3.7031  2.988    0  0.000  0.538     0.00     0.00 -1    -1e-30      0.00 7.258e-01 2.651e-01 1.607e-03 4.387e-04 3.985e-03 -1.000 9.056e-03 0.678 -0.680 -1.151 -1.223 -1.258 -1.216 -1.232 -1.274 -1.687 -1.542 -1.409 -1.255 -1.212 -1.214 -1.498
0.009 -0.22295 5.00000 2.7121269703 2.5899248123    2.711  1.652  3.7039  2.987    0  0.000  0.538     0.00     0.00 -1    -1e-30      0.00 7.258e-01 2.651e-01 1.607e-03 4.387e-04 3.985e-03 -1.000 9.056e-03 0.640 -0.715 -1.185 -1.256 -1.291 -1.249 -1.265 -1.307 -1.720 -1.575 -1.442 -1.287 -1.245 -1.247 -1.531
0.009 -0.22295 5.00000 2.8472273350 2.5926201344    2.846  1.684  3.7053  2.982    0  0.000  0.538     0.00     0.00 -1    -1e-30      0.00 7.258e-01 2.651e-01 1.607e-03 4.387e-04 3.985e-03 -1.000 9.056e-03 0.561 -0.790 -1.255 -1.326 -1.360 -1.319 -1.335 -1.377 -1.789 -1.644 -1.512 -1.357 -1.315 -1.317 -1.600
0.009 -0.22295 5.00000 2.9105787277 2.5937855244    2.910  1.696  3.7060  2.981    0  0.000  0.538     0.00     0.00 -1    -1e-30      0.00 7.258e-01 2.651e-01 1.607e-03 4.387e-04 3.985e-03 -1.000 9.056e-03 0.529 -0.819 -1.283 -1.353 -1.387 -1.346 -1.361 -1.403 -1.816 -1.671 -1.539 -1.384 -1.342 -1.343 -1.627
0.009 -0.22295 5.00000 3.0513944626 2.5961773396    3.050  1.727  3.7073  2.976    0  0.000  0.538     0.00     0.00 -1    -1e-30      0.00 7.258e-01 2.651e-01 1.607e-03 4.387e-04 3.985e-03 -1.000 9.056e-03 0.452 -0.892 -1.351 -1.420 -1.454 -1.414 -1.429 -1.470 -1.883 -1.738 -1.606 -1.451 -1.410 -1.411 -1.694
0.009 -0.22295 5.00000 3.1028928757 2.5969901085    3.101  1.737  3.7078  2.976    0  0.000  0.538     0.00     0.00 -1    -1e-30      0.00 7.258e-01 2.651e-01 1.607e-03 4.387e-04 3.985e-03 -1.000 9.056e-03 0.427 -0.915 -1.373 -1.442 -1.476 -1.436 -1.451 -1.492 -1.905 -1.760 -1.627 -1.473 -1.432 -1.432 -1.716
0.009 -0.22295 5.00000 3.2555618286 2.5992264748    3.254  1.769  3.7091  2.969    0  0.000  0.538     0.00     0.00 -1    -1e-30      0.00 7.258e-01 2.651e-01 1.607e-03 4.387e-04 3.985e-03 -1.000 9.056e-03 0.347 -0.991 -1.445 -1.514 -1.547 -1.507 -1.522 -1.563 -1.976 -1.831 -1.699 -1.544 -1.503 -1.503 -1.787
0.009 -0.22295 5.00000 3.3490369320 2.6004807949    3.346  1.787  3.7099  2.967    0  0.000  0.538     0.00     0.00 -1    -1e-30      0.00 7.258e-01 2.651e-01 1.607e-03 4.387e-04 3.985e-03 -1.000 9.056e-03 0.302 -1.033 -1.485 -1.553 -1.586 -1.547 -1.562 -1.602 -2.015 -1.870 -1.738 -1.583 -1.543 -1.542 -1.826
0.009 -0.22295 5.00000 3.4597291946 2.6018655300    3.457  1.809  3.7108  2.962    0  0.000  0.538     0.00     0.00 -1    -1e-30      0.00 7.258e-01 2.651e-01 1.607e-03 4.387e-04 3.985e-03 -1.000 9.056e-03 0.246 -1.085 -1.535 -1.602 -1.635 -1.596 -1.611 -1.651 -2.064 -1.919 -1.786 -1.632 -1.592 -1.591 -1.875
0.009 -0.22295 5.00000 3.4950740337 2.6022865772    3.492  1.816  3.7111  2.962    0  0.000  0.538     0.00     0.00 -1    -1e-30      0.00 7.258e-01 2.651e-01 1.607e-03 4.387e-04 3.985e-03 -1.000 9.056e-03 0.231 -1.099 -1.548 -1.615 -1.648 -1.609 -1.624 -1.664 -2.077 -1.932 -1.800 -1.645 -1.605 -1.604 -1.888
0.009 -0.22295 5.00000 3.6638960838 2.6041693687    3.661  1.849  3.7124  2.954    0  0.000  0.538     0.00     0.00 -1    -1e-30      0.00 7.258e-01 2.651e-01 1.607e-03 4.387e-04 3.985e-03 -1.000 9.056e-03 0.146 -1.179 -1.624 -1.691 -1.723 -1.685 -1.699 -1.739 -2.152 -2.007 -1.875 -1.720 -1.681 -1.679 -1.963
0.009 -0.22295 5.00000 3.7110674381 2.6046602726    3.708  1.858  3.7127  2.953    0  0.000  0.538     0.00     0.00 -1    -1e-30      0.00 7.258e-01 2.651e-01 1.607e-03 4.387e-04 3.985e-03 -1.000 9.056e-03 0.126 -1.198 -1.642 -1.708 -1.741 -1.703 -1.717 -1.757 -2.169 -2.025 -1.892 -1.738 -1.699 -1.697 -1.980
0.009 -0.22295 5.00000 3.8680629730 2.6061954498    3.866  1.889  3.7139  2.944    0  0.000  0.538     0.00     0.00 -1    -1e-30      0.00 7.258e-01 2.651e-01 1.607e-03 4.387e-04 3.985e-03 -1.000 9.056e-03 0.049 -1.271 -1.711 -1.778 -1.810 -1.772 -1.787 -1.825 -2.238 -2.094 -1.961 -1.807 -1.768 -1.765 -2.049
0.009 -0.22295 5.00000 3.9219541550 2.6066901684    3.920  1.898  3.7144  2.943    0  0.000  0.538     0.00     0.00 -1    -1e-30      0.00 7.258e-01 2.651e-01 1.607e-03 4.387e-04 3.985e-03 -1.000 9.056e-03 0.026 -1.292 -1.731 -1.797 -1.829 -1.792 -1.806 -1.845 -2.258 -2.113 -1.981 -1.826 -1.788 -1.785 -2.069
0.009 -0.22295 5.00000 4.0722303391 2.6079900265    4.071  1.928  3.7155  2.933    0  0.000  0.538     0.00     0.00 -1    -1e-30      0.00 7.258e-01 2.651e-01 1.607e-03 4.387e-04 3.985e-03 -1.000 9.056e-03 -0.051 -1.365 -1.800 -1.866 -1.898 -1.861 -1.875 -1.913 -2.326 -2.181 -2.049 -1.895 -1.857 -1.853 -2.137
0.009 -0.22295 5.00000 4.1507811546 2.6086266041    4.148  1.942  3.7161  2.930    0  0.000  0.538     0.00     0.00 -1    -1e-30      0.00 7.258e-01 2.651e-01 1.607e-03 4.387e-04 3.985e-03 -1.000 9.056e-03 -0.086 -1.398 -1.831 -1.897 -1.928 -1.892 -1.906 -1.944 -2.356 -2.212 -2.080 -1.925 -1.888 -1.884 -2.167
0.009 -0.22295 5.00000 4.2763972282 2.6095888615    4.273  1.970  3.7170  2.919    0  0.000  0.538     0.00     0.00 -1    -1e-30      0.00 7.258e-01 2.651e-01 1.607e-03 4.387e-04 3.985e-03 -1.000 9.056e-03 -0.154 -1.463 -1.894 -1.959 -1.990 -1.954 -1.968 -2.005 -2.418 -2.274 -2.141 -1.987 -1.950 -1.945 -2.229
0.009 -0.22295 5.00000 4.4069132805 2.6105220318    4.403  1.996  3.7180  2.910    0  0.000  0.538     0.00     0.00 -1    -1e-30      0.00 7.258e-01 2.651e-01 1.607e-03 4.387e-04 3.985e-03 -1.000 9.056e-03 -0.221 -1.525 -1.953 -2.018 -2.049 -2.013 -2.027 -2.064 -2.477 -2.332 -2.200 -2.046 -2.009 -2.004 -2.288
0.009 -0.22295 5.00000 4.4805650711 2.6110212803    4.477  2.015  3.7185  2.900    0  0.000  0.538     0.00     0.00 -1    -1e-30      0.00 7.258e-01 2.651e-01 1.607e-03 4.387e-04 3.985e-03 -1.000 9.056e-03 -0.268 -1.571 -1.997 -2.061 -2.092 -2.057 -2.071 -2.108 -2.520 -2.376 -2.244 -2.090 -2.053 -2.048 -2.332
0.009 -0.22295 5.00000 4.6847314835 2.6123111248    4.681  2.062  3.7202  2.879    0  0.000  0.538     0.00     0.00 -1    -1e-30      0.00 7.258e-01 2.651e-01 1.607e-03 4.387e-04 3.985e-03 -1.000 9.056e-03 -0.385 -1.681 -2.103 -2.167 -2.197 -2.163 -2.176 -2.213 -2.625 -2.481 -2.349 -2.195 -2.159 -2.153 -2.436
0.009 -0.22295 5.00000 4.8888988495 2.6134777069    4.886  2.115  3.7221  2.852    0  0.000  0.538     0.00     0.00 -1    -1e-30      0.00 7.258e-01 2.651e-01 1.607e-03 4.387e-04 3.985e-03 -1.000 9.056e-03 -0.518 -1.806 -2.222 -2.285 -2.315 -2.282 -2.295 -2.331 -2.743 -2.599 -2.467 -2.313 -2.278 -2.271 -2.554
0.009 -0.22295 5.00000 5.0305666924 2.6142234802    5.029  2.150  3.7237  2.836    0  0.000  0.538     0.00     0.00 -1    -1e-30      0.00 7.258e-01 2.651e-01 1.607e-03 4.387e-04 3.985e-03 -1.000 9.056e-03 -0.606 -1.889 -2.300 -2.362 -2.392 -2.359 -2.373 -2.407 -2.820 -2.676 -2.544 -2.390 -2.356 -2.347 -2.631
0.009 -0.22295 5.00000 5.0930662155 2.6145374775    5.091  2.169  3.7244  2.825    0  0.000  0.538     0.00     0.00 -1    -1e-30      0.00 7.258e-01 2.651e-01 1.607e-03 4.387e-04 3.985e-03 -1.000 9.056e-03 -0.653 -1.932 -2.342 -2.404 -2.433 -2.401 -2.414 -2.448 -2.861 -2.717 -2.585 -2.431 -2.397 -2.388 -2.672
0.009 -0.22295 5.00000 5.1227774620 2.6146836281    5.121  2.177  3.7248  2.821    0  0.000  0.538     0.00     0.00 -1    -1e-30      0.00 7.258e-01 2.651e-01 1.607e-03 4.387e-04 3.985e-03 -1.000 9.056e-03 -0.674 -1.952 -2.360 -2.422 -2.452 -2.419 -2.433 -2.467 -2.879 -2.735 -2.604 -2.449 -2.416 -2.406 -2.690
0.009 -0.22295 5.00000 5.2136335373 2.6151187420    5.213  2.212  3.7260  2.799    0  0.000  0.538     0.00     0.00 -1    -1e-30      0.00 7.258e-01 2.651e-01 1.607e-03 4.387e-04 3.985e-03 -1.000 9.056e-03 -0.761 -2.034 -2.439 -2.500 -2.530 -2.498 -2.511 -2.545 -2.957 -2.813 -2.682 -2.527 -2.495 -2.484 -2.768
0.009 -0.22295 5.00000 5.2972326279 2.6155037880    5.297  2.247  3.7274  2.777    0  0.000  0.538     0.00     0.00 -1    -1e-30      0.00 7.258e-01 2.651e-01 1.607e-03 4.387e-04 3.985e-03 -1.000 9.056e-03 -0.847 -2.115 -2.516 -2.577 -2.606 -2.575 -2.588 -2.621 -3.033 -2.890 -2.758 -2.603 -2.572 -2.561 -2.845
0.009 -0.22295 5.00000 5.4060573578 2.6159849167    5.406  2.290  3.7292  2.750    0  0.000  0.538     0.00     0.00 -1    -1e-30      0.00 7.258e-01 2.651e-01 1.607e-03 4.387e-04 3.985e-03 -1.000 9.056e-03 -0.955 -2.216 -2.612 -2.672 -2.700 -2.670 -2.683 -2.715 -3.128 -2.984 -2.853 -2.698 -2.667 -2.655 -2.939
0.009 -0.22295 5.00000 5.5013999939 2.6163883209    5.501  2.335  3.7312  2.720    0  0.000  0.538     0.00     0.00 -1    -1e-30      0.00 7.258e-01 2.651e-01 1.607e-03 4.387e-04 3.985e-03 -1.000 9.056e-03 -1.067 -2.320 -2.710 -2.769 -2.798 -2.769 -2.782 -2.812 -3.225 -3.082 -2.951 -2.795 -2.766 -2.752 -3.036
0.009 -0.22295 5.00000 5.5439853668 2.6165633202    5.544  2.355  3.7321  2.707    0  0.000  0.538     0.00     0.00 -1    -1e-30      0.00 7.258e-01 2.651e-01 1.607e-03 4.387e-04 3.985e-03 -1.000 9.056e-03 -1.119 -2.368 -2.755 -2.814 -2.842 -2.814 -2.826 -2.857 -3.269 -3.126 -2.995 -2.840 -2.811 -2.796 -3.081
0.009 -0.22295 5.00000 5.7055668831 2.6172001362    5.705  2.439  3.7368  2.655    0  0.000  0.538     0.00     0.00 -1    -1e-30      0.00 7.258e-01 2.651e-01 1.607e-03 4.387e-04 3.985e-03 -1.000 9.056e-03 -1.327 -2.558 -2.932 -2.989 -3.016 -2.991 -3.003 -3.031 -3.444 -3.301 -3.170 -3.014 -2.988 -2.970 -3.255
0.009 -0.22295 5.00000 5.8442368507 2.6177146435    5.844  2.506  3.7417  2.617    0  0.000  0.538     0.00     0.00 -1    -1e-30      0.00 7.258e-01 2.651e-01 1.607e-03 4.387e-04 3.985e-03 -1.000 9.056e-03 -1.496 -2.706 -3.067 -3.122 -3.148 -3.126 -3.138 -3.163 -3.577 -3.431 -3.302 -3.146 -3.124 -3.111 -3.389
0.009 -0.22295 5.00000 5.9041013718 2.6179282665    5.904  2.531  3.7444  2.608    0  0.000  0.538     0.00     0.00 -1    -1e-30      0.00 7.258e-01 2.651e-01 1.607e-03 4.387e-04 3.985e-03 -1.000 9.056e-03 -1.557 -2.757 -3.109 -3.164 -3.190 -3.169 -3.180 -3.204 -3.622 -3.470 -3.343 -3.188 -3.167 -3.170 -3.433
0.009 -0.22295 5.00000 6.0554485321 2.6184463501    6.055  2.592  3.7520  2.588    0  0.000  0.538     0.00     0.00 -1    -1e-30      0.00 7.258e-01 2.651e-01 1.607e-03 4.387e-04 3.985e-03 -1.000 9.056e-03 -1.710 -2.878 -3.209 -3.262 -3.286 -3.269 -3.280 -3.300 -3.727 -3.556 -3.438 -3.284 -3.268 -3.315 -3.539
0.009 -0.22295 5.00000 6.1026344299 2.6186020374    6.102  2.609  3.7549  2.586    0  0.000  0.538     0.00     0.00 -1    -1e-30      0.00 7.258e-01 2.651e-01 1.607e-03 4.387e-04 3.985e-03 -1.000 9.056e-03 -1.752 -2.908 -3.231 -3.282 -3.306 -3.291 -3.302 -3.320 -3.751 -3.573 -3.458 -3.304 -3.290 -3.354 -3.563
0.009 -0.22295 5.00000 6.2333126068 2.6190185547    6.232  2.654  3.7643  2.588    0  0.000  0.538     0.00     0.00 -1    -1e-30      0.00 7.258e-01 2.651e-01 1.607e-03 4.387e-04 3.985e-03 -1.000 9.056e-03 -1.865 -2.980 -3.278 -3.325 -3.348 -3.338 -3.347 -3.361 -3.804 -3.602 -3.497 -3.346 -3.337 -3.456 -3.617
0.009 -0.22295 5.00000 6.3011684418 2.6192271709    6.300  2.677  3.7706  2.595    0  0.000  0.538     0.00     0.00 -1    -1e-30      0.00 7.258e-01 2.651e-01 1.607e-03 4.387e-04 3.985e-03 -1.000 9.056e-03 -1.922 -3.007 -3.289 -3.335 -3.356 -3.350 -3.357 -3.369 -3.819 -3.602 -3.503 -3.354 -3.349 -3.505 -3.633
0.009 -0.22295 5.00000 6.4201211929 2.6195805073    6.416  2.715  3.7837  2.617    0  0.000  0.538     0.00     0.00 -1    -1e-30      0.00 7.258e-01 2.651e-01 1.607e-03 4.387e-04 3.985e-03 -1.000 9.056e-03 -2.017 -3.037 -3.285 -3.327 -3.347 -3.345 -3.352 -3.360 -3.826 -3.576 -3.488 -3.345 -3.345 -3.581 -3.641
0.009 -0.22295 5.00000 6.4997024536 2.6198086739    6.495  2.740  3.7936  2.637    0  0.000  0.538     0.00     0.00 -1    -1e-30      0.00 7.258e-01 2.651e-01 1.607e-03 4.387e-04 3.985e-03 -1.000 9.056e-03 -2.081 -3.052 -3.277 -3.316 -3.335 -3.337 -3.342 -3.348 -3.826 -3.550 -3.473 -3.334 -3.337 -3.633 -3.642
0.009 -0.22295 5.00000 6.5400252342 2.6199216843    6.534  2.754  3.7991  2.648    0  0.000  0.538     0.00     0.00 -1    -1e-30      0.00 7.258e-01 2.651e-01 1.607e-03 4.387e-04 3.985e-03 -1.000 9.056e-03 -2.114 -3.058 -3.271 -3.308 -3.326 -3.330 -3.334 -3.339 -3.823 -3.534 -3.462 -3.325 -3.330 -3.660 -3.640
0.009 -0.22295 5.00000 6.6395096779 2.6201941967    6.633  2.787  3.8130  2.677    0  0.000  0.538     0.00     0.00 -1    -1e-30      0.00 7.258e-01 2.651e-01 1.607e-03 4.387e-04 3.985e-03 -1.000 9.056e-03 -2.198 -3.070 -3.253 -3.287 -3.303 -3.309 -3.312 -3.316 -3.816 -3.491 -3.436 -3.302 -3.309 -3.726 -3.634
0.009 -0.22295 5.00000 6.7383003235 2.6204555035    6.731  2.822  3.8272  2.705    0  0.000  0.538     0.00     0.00 -1    -1e-30      0.00 7.258e-01 2.651e-01 1.607e-03 4.387e-04 3.985e-03 -1.000 9.056e-03 -2.284 -3.082 -3.235 -3.266 -3.282 -3.288 -3.290 -3.294 -3.793 -3.466 -3.410 -3.280 -3.288 -3.704 -3.610
0.009 -0.22295 5.00000 6.8359303474 2.6207053661    6.828  2.857  3.8417  2.734    0  0.000  0.538     0.00     0.00 -1    -1e-30      0.00 7.258e-01 2.651e-01 1.607e-03 4.387e-04 3.985e-03 -1.000 9.056e-03 -2.373 -3.092 -3.216 -3.245 -3.260 -3.267 -3.269 -3.272 -3.770 -3.441 -3.384 -3.259 -3.267 -3.682 -3.588
0.009 -0.22295 5.00000 6.9319310188 2.6209430695    6.923  2.894  3.8562  2.761    0  0.000  0.538     0.00     0.00 -1    -1e-30      0.00 7.258e-01 2.651e-01 1.607e-03 4.387e-04 3.985e-03 -1.000 9.056e-03 -2.464 -3.102 -3.198 -3.225 -3.239 -3.246 -3.248 -3.251 -3.748 -3.417 -3.359 -3.238 -3.246 -3.661 -3.565
0.009 -0.22295 5.00000 7.0257883072 2.6211681366    7.016  2.931  3.8708  2.788    0  0.000  0.538     0.00     0.00 -1    -1e-30      0.00 7.258e-01 2.651e-01 1.607e-03 4.387e-04 3.985e-03 -1.000 9.056e-03 -2.557 -3.109 -3.180 -3.205 -3.219 -3.226 -3.228 -3.231 -3.726 -3.394 -3.336 -3.219 -3.226 -3.641 -3.544
0.009 -0.22295 5.00000 7.0953035355 2.6213307381    7.086  2.959  3.8818  2.809    0  0.000  0.538     0.00     0.00 -1    -1e-30      0.00 7.258e-01 2.651e-01 1.607e-03 4.387e-04 3.985e-03 -1.000 9.056e-03 -2.628 -3.114 -3.168 -3.192 -3.205 -3.212 -3.214 -3.216 -3.710 -3.377 -3.318 -3.204 -3.212 -3.626 -3.528
0.009 -0.22295 5.00000 7.1776075363 2.6215183735    7.168  2.994  3.8951  2.832    0  0.000  0.538     0.00     0.00 -1    -1e-30      0.00 7.258e-01 2.651e-01 1.607e-03 4.387e-04 3.985e-03 -1.000 9.056e-03 -2.715 -3.120 -3.156 -3.177 -3.189 -3.196 -3.198 -3.199 -3.693 -3.359 -3.299 -3.189 -3.196 -3.609 -3.511
0.009 -0.22295 5.00000 7.2666230202 2.6217157841    7.258  3.033  3.9099  2.858    0  0.000  0.538     0.00     0.00 -1    -1e-30      0.00 7.258e-01 2.651e-01 1.607e-03 4.387e-04 3.985e-03 -1.000 9.056e-03 -2.812 -3.127 -3.145 -3.164 -3.174 -3.180 -3.181 -3.183 -3.675 -3.340 -3.279 -3.174 -3.180 -3.593 -3.493
0.009 -0.22295 5.00000 7.3531303406 2.6219022274    7.345  3.072  3.9247  2.883    0  0.000  0.538     0.00     0.00 -1    -1e-30      0.00 7.258e-01 2.651e-01 1.607e-03 4.387e-04 3.985e-03 -1.000 9.056e-03 -2.910 -3.132 -3.136 -3.151 -3.160 -3.166 -3.166 -3.168 -3.659 -3.323 -3.261 -3.160 -3.166 -3.577 -3.477
0.009 -0.22295 5.00000 7.4371805191 2.6220788956    7.429  3.111  3.9394  2.907    0  0.000  0.538     0.00     0.00 -1    -1e-30      0.00 7.258e-01 2.651e-01 1.607e-03 4.387e-04 3.985e-03 -1.000 9.056e-03 -3.008 -3.135 -3.127 -3.139 -3.146 -3.151 -3.151 -3.152 -3.642 -3.305 -3.244 -3.146 -3.151 -3.561 -3.460
0.009 -0.22295 5.00000 7.5188221931 2.6222460270    7.511  3.150  3.9542  2.932    0  0.000  0.538     0.00     0.00 -1    -1e-30      0.00 7.258e-01 2.651e-01 1.607e-03 4.387e-04 3.985e-03 -1.000 9.056e-03 -3.106 -3.136 -3.120 -3.127 -3.130 -3.135 -3.134 -3.135 -3.624 -3.286 -3.224 -3.131 -3.135 -3.544 -3.442
0.009 -0.22295 5.00000 7.5981774330 2.6224043369    7.591  3.189  3.9689  2.957    0  0.000  0.538     0.00     0.00 -1    -1e-30      0.00 7.258e-01 2.651e-01 1.607e-03 4.387e-04 3.985e-03 -1.000 9.056e-03 -3.202 -3.135 -3.112 -3.115 -3.114 -3.118 -3.116 -3.116 -3.604 -3.265 -3.203 -3.115 -3.117 -3.524 -3.421
0.009 -0.22295 5.00000 7.6754555702 2.6225552559    7.669  3.227  3.9836  2.982    0  0.000  0.538     0.00     0.00 -1    -1e-30      0.00 7.258e-01 2.651e-01 1.607e-03 4.387e-04 3.985e-03 -1.000 9.056e-03 -3.297 -3.133 -3.103 -3.102 -3.098 -3.100 -3.097 -3.096 -3.582 -3.242 -3.180 -3.099 -3.099 -3.504 -3.400
0.009 -0.22295 5.00000 7.7510528564 2.6226992607    7.745  3.264  3.9983  3.008    0  0.000  0.538     0.00     0.00 -1    -1e-30      0.00 7.258e-01 2.651e-01 1.607e-03 4.387e-04 3.985e-03 -1.000 9.056e-03 -3.391 -3.129 -3.094 -3.088 -3.080 -3.081 -3.078 -3.075 -3.560 -3.219 -3.157 -3.082 -3.080 -3.483 -3.378
0.009 -0.22295 5.00000 7.8246893883 2.6228365898    7.819  3.301  4.0129  3.033    0  0.000  0.538     0.00     0.00 -1    -1e-30      0.00 7.258e-01 2.651e-01 1.607e-03 4.387e-04 3.985e-03 -1.000 9.056e-03 -3.483 -3.124 -3.083 -3.074 -3.062 -3.062 -3.058 -3.055 -3.537 -3.195 -3.132 -3.064 -3.061 -3.461 -3.355
0.009 -0.22295 5.00000 7.8965373039 2.6229677200    7.891  3.337  4.0274  3.060    0  0.000  0.538     0.00     0.00 -1    -1e-30      0.00 7.258e-01 2.651e-01 1.607e-03 4.387e-04 3.985e-03 -1.000 9.056e-03 -3.573 -3.117 -3.071 -3.058 -3.043 -3.042 -3.037 -3.033 -3.514 -3.170 -3.106 -3.045 -3.041 -3.439 -3.332
0.009 -0.22295 5.00000 7.9668455124 2.6230933666    7.962  3.372  4.0419  3.087    0  0.000  0.538     0.00     0.00 -1    -1e-30      0.00 7.258e-01 2.651e-01 1.607e-03 4.387e-04 3.985e-03 -1.000 9.056e-03 -3.660 -3.107 -3.057 -3.041 -3.023 -3.020 -3.015 -3.010 -3.489 -3.144 -3.079 -3.025 -3.019 -3.415 -3.307
0.009 -0.22295 5.00000 8.0357980728 2.6232142448    8.031  3.406  4.0563  3.114    0  0.000  0.538     0.00     0.00 -1    -1e-30      0.00 7.258e-01 2.651e-01 1.607e-03 4.387e-04 3.985e-03 -1.000 9.056e-03 -3.745 -3.094 -3.040 -3.022 -3.001 -2.997 -2.991 -2.985 -3.462 -3.115 -3.050 -3.003 -2.996 -3.390 -3.280
0.009 -0.22295 5.00000 8.0879726410 2.6233041286    8.083  3.431  4.0674  3.136    0  0.000  0.538     0.00     0.00 -1    -1e-30      0.00 7.258e-01 2.651e-01 1.607e-03 4.387e-04 3.985e-03 -1.000 9.056e-03 -3.808 -3.083 -3.026 -3.005 -2.982 -2.978 -2.972 -2.965 -3.440 -3.092 -3.026 -2.985 -2.977 -3.369 -3.258
0.009 -0.22295 5.00000 8.1481819153 2.6234061718    8.143  3.459  4.0798  3.161    0  0.000  0.538     0.00     0.00 -1    -1e-30      0.00 7.258e-01 2.651e-01 1.607e-03 4.387e-04 3.985e-03 -1.000 9.056e-03 -3.879 -3.068 -3.007 -2.984 -2.959 -2.954 -2.947 -2.940 -3.413 -3.064 -2.997 -2.962 -2.953 -3.344 -3.231
0.009 -0.22295 5.00000 8.2172145844 2.6235210896    8.212  3.491  4.0943  3.191    0  0.000  0.538     0.00     0.00 -1    -1e-30      0.00 7.258e-01 2.651e-01 1.607e-03 4.387e-04 3.985e-03 -1.000 9.056e-03 -3.957 -3.046 -2.982 -2.957 -2.929 -2.923 -2.916 -2.908 -3.379 -3.028 -2.960 -2.932 -2.922 -3.311 -3.197
0.009 -0.22295 5.00000 8.2858142853 2.6236329079    8.280  3.521  4.1087  3.221    0  0.000  0.538     0.00     0.00 -1    -1e-30      0.00 7.258e-01 2.651e-01 1.607e-03 4.387e-04 3.985e-03 -1.000 9.056e-03 -4.033 -3.022 -2.954 -2.926 -2.896 -2.889 -2.881 -2.872 -3.342 -2.990 -2.921 -2.900 -2.888 -3.275 -3.160
0.009 -0.22295 5.00000 8.3542652130 2.6237425804    8.348  3.551  4.1230  3.253    0  0.000  0.538     0.00     0.00 -1    -1e-30      0.00 7.258e-01 2.651e-01 1.607e-03 4.387e-04 3.985e-03 -1.000 9.056e-03 -4.106 -2.993 -2.922 -2.892 -2.860 -2.852 -2.843 -2.833 -3.301 -2.948 -2.879 -2.863 -2.851 -3.236 -3.120
0.009 -0.22295 5.00000 8.4227809906 2.6238503456    8.416  3.579  4.1374  3.286    0  0.000  0.538     0.00     0.00 -1    -1e-30      0.00 7.258e-01 2.651e-01 1.607e-03 4.387e-04 3.985e-03 -1.000 9.056e-03 -4.177 -2.962 -2.887 -2.855 -2.820 -2.812 -2.802 -2.791 -3.258 -2.904 -2.834 -2.824 -2.810 -3.193 -3.076
0.009 -0.22295 5.00000 8.4911823273 2.6239557266    8.484  3.606  4.1516  3.319    0  0.000  0.538     0.00     0.00 -1    -1e-30      0.00 7.258e-01 2.651e-01 1.607e-03 4.387e-04 3.985e-03 -1.000 9.056e-03 -4.245 -2.928 -2.850 -2.816 -2.778 -2.769 -2.758 -2.747 -3.212 -2.857 -2.788 -2.782 -2.767 -3.148 -3.030
0.009 -0.22295 5.00000 8.5596656799 2.6240594387    8.552  3.632  4.1658  3.353    0  0.000  0.538     0.00     0.00 -1    -1e-30      0.00 7.258e-01 2.651e-01 1.607e-03 4.387e-04 3.985e-03 -1.000 9.056e-03 -4.310 -2.892 -2.810 -2.774 -2.734 -2.723 -2.712 -2.700 -3.164 -2.808 -2.741 -2.738 -2.722 -3.101 -2.982
0.009 -0.22295 5.00000 8.6283826828 2.6241617203    8.621  3.657  4.1799  3.388    0  0.000  0.538     0.00     0.00 -1    -1e-30      0.00 7.258e-01 2.651e-01 1.607e-03 4.387e-04 3.985e-03 -1.000 9.056e-03 -4.372 -2.853 -2.768 -2.729 -2.687 -2.675 -2.664 -2.651 -3.113 -2.758 -2.692 -2.691 -2.674 -3.051 -2.931
0.009 -0.22295 5.00000 8.6974782944 2.6242625713    8.689  3.681  4.1940  3.424    0  0.000  0.538     0.00     0.00 -1    -1e-30      0.00 7.258e-01 2.651e-01 1.607e-03 4.387e-04 3.985e-03 -1.000 9.056e-03 -4.431 -2.812 -2.724 -2.683 -2.638 -2.626 -2.613 -2.599 -3.060 -2.706 -2.643 -2.642 -2.624 -3.000 -2.879
0.009 -0.22295 5.00000 8.7670888901 2.6243622303    8.759  3.703  4.2079  3.461    0  0.000  0.538     0.00     0.00 -1    -1e-30      0.00 7.258e-01 2.651e-01 1.607e-03 4.387e-04 3.985e-03 -1.000 9.056e-03 -4.489 -2.768 -2.677 -2.634 -2.587 -2.574 -2.561 -2.546 -3.006 -2.653 -2.592 -2.591 -2.572 -2.946 -2.824
0.009 -0.22295 5.00000 8.8373594284 2.6244611740    8.829  3.725  4.2218  3.498    0  0.000  0.538     0.00     0.00 -1    -1e-30      0.00 7.258e-01 2.651e-01 1.607e-03 4.387e-04 3.985e-03 -1.000 9.056e-03 -4.543 -2.724 -2.629 -2.584 -2.534 -2.520 -2.506 -2.492 -2.950 -2.598 -2.540 -2.539 -2.518 -2.891 -2.768
0.009 -0.22295 5.00000 8.9084367752 2.6245591640    8.899  3.746  4.2355  3.535    0  0.000  0.538     0.00     0.00 -1    -1e-30      0.00 7.258e-01 2.651e-01 1.607e-03 4.387e-04 3.985e-03 -1.000 9.056e-03 -4.596 -2.677 -2.580 -2.533 -2.480 -2.466 -2.451 -2.435 -2.893 -2.541 -2.485 -2.485 -2.464 -2.834 -2.711
0.009 -0.22295 5.00000 8.9804821014 2.6246569157    8.971  3.766  4.2492  3.573    0  0.000  0.538     0.00     0.00 -1    -1e-30      0.00 7.258e-01 2.651e-01 1.607e-03 4.387e-04 3.985e-03 -1.000 9.056e-03 -4.646 -2.630 -2.530 -2.480 -2.425 -2.410 -2.394 -2.378 -2.834 -2.483 -2.428 -2.431 -2.408 -2.776 -2.652
0.009 -0.22295 5.00000 9.0536651611 2.6247544289    9.044  3.785  4.2628  3.612    0  0.000  0.538     0.00     0.00 -1    -1e-30      0.00 7.258e-01 2.651e-01 1.607e-03 4.387e-04 3.985e-03 -1.000 9.056e-03 -4.694 -2.582 -2.479 -2.427 -2.369 -2.353 -2.337 -2.320 -2.774 -2.423 -2.369 -2.375 -2.351 -2.717 -2.592
0.009 -0.22295 5.00000 9.0806427002 2.6247897148    9.072  3.792  4.2677  3.626    0  0.000  0.538     0.00     0.00 -1    -1e-30      0.00 7.258e-01 2.651e-01 1.607e-03 4.387e-04 3.985e-03 -1.000 9.056e-03 -4.711 -2.564 -2.460 -2.407 -2.349 -2.332 -2.316 -2.298 -2.752 -2.401 -2.346 -2.354 -2.330 -2.696 -2.570
0.009 -0.22295 5.00000 9.1781091690 2.6249158382    9.169  3.815  4.2843  3.675    0  0.000  0.538     0.00     0.00 -1    -1e-30      0.00 7.258e-01 2.651e-01 1.607e-03 4.387e-04 3.985e-03 -1.000 9.056e-03 -4.767 -2.503 -2.395 -2.340 -2.278 -2.260 -2.243 -2.224 -2.675 -2.324 -2.270 -2.284 -2.258 -2.621 -2.493
0.009 -0.22295 5.00000 9.2688407898 2.6250305176    9.260  3.834  4.2991  3.719    0  0.000  0.538     0.00     0.00 -1    -1e-30      0.00 7.258e-01 2.651e-01 1.607e-03 4.387e-04 3.985e-03 -1.000 9.056e-03 -4.815 -2.447 -2.336 -2.278 -2.213 -2.194 -2.176 -2.156 -2.604 -2.253 -2.198 -2.220 -2.192 -2.552 -2.422
0.009 -0.22295 5.00000 9.3623876572 2.6251461506    9.354  3.853  4.3140  3.764    0  0.000  0.538     0.00     0.00 -1    -1e-30      0.00 7.258e-01 2.651e-01 1.607e-03 4.387e-04 3.985e-03 -1.000 9.056e-03 -4.861 -2.390 -2.276 -2.215 -2.148 -2.127 -2.108 -2.086 -2.532 -2.180 -2.124 -2.154 -2.124 -2.481 -2.350
0.009 -0.22295 5.00000 9.4591722488 2.6252627373    9.450  3.870  4.3287  3.810    0  0.000  0.538     0.00     0.00 -1    -1e-30      0.00 7.258e-01 2.651e-01 1.607e-03 4.387e-04 3.985e-03 -1.000 9.056e-03 -4.906 -2.333 -2.215 -2.152 -2.081 -2.059 -2.038 -2.015 -2.458 -2.106 -2.049 -2.088 -2.056 -2.410 -2.276
0.009 -0.22295 5.00000 9.5598306656 2.6253814697    9.551  3.887  4.3433  3.856    0  0.000  0.538     0.00     0.00 -1    -1e-30      0.00 7.258e-01 2.651e-01 1.607e-03 4.387e-04 3.985e-03 -1.000 9.056e-03 -4.948 -2.275 -2.154 -2.088 -2.014 -1.990 -1.968 -1.944 -2.385 -2.032 -1.974 -2.021 -1.987 -2.337 -2.203
0.009 -0.22295 5.00000 9.6655912399 2.6255028248    9.657  3.903  4.3578  3.903    0  0.000  0.538     0.00     0.00 -1    -1e-30      0.00 7.258e-01 2.651e-01 1.607e-03 4.387e-04 3.985e-03 -1.000 9.056e-03 -4.988 -2.216 -2.092 -2.024 -1.945 -1.920 -1.897 -1.872 -2.311 -1.958 -1.898 -1.953 -1.917 -2.264 -2.129
0.009 -0.22295 5.00000 9.6931018829 2.6255340576    9.684  3.907  4.3615  3.915    0  0.000  0.538     0.00     0.00 -1    -1e-30      0.00 7.258e-01 2.651e-01 1.607e-03 4.387e-04 3.985e-03 -1.000 9.056e-03 -4.998 -2.201 -2.076 -2.007 -1.928 -1.902 -1.879 -1.853 -2.292 -1.938 -1.878 -1.936 -1.899 -2.245 -2.110
0.009 -0.22295 5.00000 9.7744092941 2.6256248951    9.766  3.917  4.3714  3.948    0  0.000  0.538     0.00     0.00 -1    -1e-30      0.00 7.258e-01 2.651e-01 1.607e-03 4.387e-04 3.985e-03 -1.000 9.056e-03 -5.022 -2.158 -2.031 -1.960 -1.878 -1.852 -1.828 -1.801 -2.239 -1.885 -1.824 -1.887 -1.849 -2.193 -2.057
0.009 -0.22295 5.00000 9.9002513885 2.6257619858    9.892  3.927  4.3847  3.997    0  0.000  0.538     0.00     0.00 -1    -1e-30      0.00 7.258e-01 2.651e-01 1.607e-03 4.387e-04 3.985e-03 -1.000 9.056e-03 -5.048 -2.095 -1.964 -1.891 -1.806 -1.778 -1.753 -1.725 -2.162 -1.807 -1.745 -1.814 -1.775 -2.117 -1.980
0.009 -0.22295 5.00000 10.0733108521 2.6259441376   10.065  3.928  4.3970  4.053    0  0.000  0.538     0.00     0.00 -1    -1e-30      0.00 7.258e-01 2.651e-01 1.607e-03 4.387e-04 3.985e-03 -1.000 9.056e-03 -5.049 -2.014 -1.881 -1.806 -1.718 -1.689 -1.663 -1.635 -2.071 -1.715 -1.651 -1.727 -1.686 -2.026 -1.889
0.009 -0.22295 5.00000 10.0979642868 2.6259694099   10.089  3.928  4.3986  4.060    0  0.000  0.538     0.00     0.00 -1    -1e-30      0.00 7.258e-01 2.651e-01 1.607e-03 4.387e-04 3.985e-03 -1.000 9.056e-03 -5.050 -2.004 -1.871 -1.795 -1.707 -1.678 -1.652 -1.623 -2.059 -1.703 -1.639 -1.716 -1.674 -2.014 -1.877
0.009 -0.22295 5.00000 10.3149480820 2.6261866093   10.303  3.921  4.4071  4.110    0  0.000  0.538     0.00     0.00 -1    -1e-30      0.00 7.258e-01 2.651e-01 1.607e-03 4.387e-04 3.985e-03 -1.000 9.056e-03 -5.032 -1.939 -1.840 -1.777 -1.683 -1.656 -2.047 -2.955 -2.550 -2.269 -3.760 -1.694 -1.662 -2.906 -2.749
0.009 -0.22295 5.00000 10.6222820282 2.6264770031   10.606  3.924  4.4191  4.167    0  0.000  0.538     0.00     0.00 -1    -1e-30      0.00 7.258e-01 2.651e-01 1.607e-03 4.387e-04 3.985e-03 -1.000 9.056e-03 -5.041 -1.857 -1.751 -1.675 -1.591 -1.568 -1.957 -2.865 -2.463 -2.203 -3.693 -1.599 -1.574 -2.816 -2.663
0.009 -0.22295 5.00000 10.8989858627 2.6267220974   10.879  3.953  4.4347  4.213    0  0.000  0.538     0.00     0.00 -1    -1e-30      0.00 7.258e-01 2.651e-01 1.607e-03 4.387e-04 3.985e-03 -1.000 9.056e-03 -5.112 -1.836 -1.716 -1.629 -1.558 -1.543 -1.933 -2.841 -2.427 -2.158 -3.634 -1.563 -1.550 -2.790 -2.627
0.009 -0.22295 5.00000 11.0659790039 2.6268634796   11.043  3.976  4.4450  4.238    0  0.000  0.538     0.00     0.00 -1    -1e-30      0.00 7.258e-01 2.651e-01 1.607e-03 4.387e-04 3.985e-03 -1.000 9.056e-03 -5.169 -1.845 -1.712 -1.617 -1.559 -1.552 -1.942 -2.850 -2.422 -2.135 -3.599 -1.561 -1.559 -2.796 -2.621
0.009 -0.22295 5.00000 11.1287937164 2.6269152164   11.107  3.984  4.4492  4.248    0  0.000  0.538     0.00     0.00 -1  -1.1e-30      0.00 7.258e-01 2.651e-01 1.607e-03 4.387e-04 3.985e-03 -1.000 9.056e-03 -5.191 -1.848 -1.710 -1.612 -1.559 -1.555 -1.945 -2.852 -2.419 -2.126 -3.585 -1.559 -1.562 -2.798 -2.618
0.009 -0.22295 5.00000 11.4068946838 2.6271371841   11.391  4.010  4.4621  4.284    0  0.000  0.538     0.00     0.00 -1 -1.67e-30      0.00 7.258e-01 2.651e-01 1.608e-03 4.388e-04 3.985e-03 -1.000 9.056e-03 -5.256 -1.795 -1.659 -1.580 -1.536 -1.524 -1.913 -2.821 -2.392 -2.089 -3.551 -1.538 -1.530 -2.769 -2.595
0.009 -0.22295 5.00000 11.9012784958 2.6275019646   11.895  4.032  4.4728  4.325    0  0.000  0.538     0.00     0.00 -1 -3.42e-30      0.00 7.258e-01 2.651e-01 1.608e-03 4.388e-04 3.985e-03 -1.000 9.056e-03 -5.310 -1.740 -1.607 -1.552 -1.516 -1.495 -1.884 -2.792 -2.371 -2.059 -3.523 -1.521 -1.501 -2.743 -2.577
0.009 -0.22295 5.00000 12.0586490631 2.6276109219   12.055  4.038  4.4747  4.332    0  0.000  0.538     0.00     0.00 -1 -4.26e-30      0.00 7.258e-01 2.651e-01 1.608e-03 4.388e-04 3.985e-03 -1.000 9.056e-03 -5.325 -1.736 -1.603 -1.554 -1.519 -1.495 -1.885 -2.793 -2.374 -2.059 -3.524 -1.524 -1.501 -2.744 -2.580
0.009 -0.22295 5.00000 12.1599245071 2.6276793480   12.156  4.043  4.4759  4.336    0  0.000  0.538     0.00     0.00 -1 -5.89e-29      0.00 7.258e-01 2.651e-01 1.609e-03 4.388e-04 3.985e-03 -1.000 9.056e-03 -5.337 -1.740 -1.607 -1.557 -1.522 -1.499 -1.888 -2.796 -2.376 -2.062 -3.525 -1.527 -1.505 -2.748 -2.583
0.009 -0.22295 5.00000 12.5928449631 2.6279575825   12.587  4.076  4.4811  4.338    0  0.000  0.540     0.00     0.00 -1 -3.44e-24      0.00 7.258e-01 2.651e-01 1.614e-03 4.389e-04 3.985e-03 -1.000 9.056e-03 -5.420 -1.800 -1.666 -1.604 -1.565 -1.545 -1.934 -2.842 -2.419 -2.104 -3.561 -1.569 -1.551 -2.792 -2.625
0.009 -0.22295 5.00000 13.2024059296 2.6283140182   13.194  4.128  4.4889  4.338    0  0.000  0.542     0.00     0.00 -1 -9.05e-18      0.00 7.258e-01 2.651e-01 1.620e-03 4.391e-04 3.985e-03 -1.000 9.056e-03 -5.550 -1.895 -1.759 -1.679 -1.634 -1.619 -2.007 -2.915 -2.486 -2.171 -3.620 -1.637 -1.625 -2.864 -2.692
0.009 -0.22295 5.00000 14.0439853668 2.6287481785   14.033  4.207  4.5008  4.333    0  0.000  0.545     0.00     0.00 -1 -2.31e-09      0.00 7.258e-01 2.652e-01 1.628e-03 4.393e-04 3.984e-03 -1.000 9.056e-03 -5.749 -2.041 -1.901 -1.796 -1.741 -1.732 -2.118 -3.026 -2.592 -2.276 -3.713 -1.742 -1.738 -2.973 -2.796
0.009 -0.22295 5.00000 16.0293235779 2.6295678616   16.029  4.371  4.5248  4.323    0  0.000  0.545     0.00     0.00 -1 -5.13e-09      0.00 7.258e-01 2.652e-01 1.628e-03 4.393e-04 3.984e-03 -1.000 9.056e-03 -6.157 -2.303 -2.157 -2.064 -1.990 -1.952 -2.334 -3.242 -2.832 -2.513 -3.977 -1.998 -1.957 -3.192 -3.032
0.009 -0.22295 5.00000 18.0146617889 2.6301832199   18.002  4.512  4.5456  4.315    0  0.000  0.545     0.00     0.00 -1 -1.02e-08      0.00 7.258e-01 2.652e-01 1.628e-03 4.393e-04 3.984e-03 -1.000 9.056e-03 -6.510 -2.523 -2.362 -2.259 -2.163 -2.131 -2.515 -3.423 -3.015 -2.707 -4.155 -2.172 -2.136 -3.374 -3.215
0.009 -0.22295 5.00000 20.0000000000 2.6306605339   19.994  4.634  4.5628  4.308    0  0.000  0.545     0.00     0.00 -1 -1.76e-08      0.00 7.258e-01 2.652e-01 1.628e-03 4.393e-04 3.984e-03 -1.000 9.056e-03 -6.814 -2.713 -2.547 -2.453 -2.375 -2.346 -2.731 -3.639 -3.221 -2.900 -4.362 -2.383 -2.351 -3.588 -3.422
0.009 -0.22295 5.00000 24.0000000000 2.6313521862   23.997  4.840  4.5912  4.295    0  0.000  0.545     0.00     0.00 -1 -4.41e-08      0.00 7.258e-01 2.652e-01 1.628e-03 4.393e-04 3.984e-03 -1.000 9.056e-03 -7.330 -3.041 -2.882 -2.790 -2.715 -2.689 -3.075 -3.983 -3.576 -3.258 -4.751 -2.722 -2.694 -3.934 -3.775
0.009 -0.22295 5.00000 28.0000000000 2.6318216324   27.976  5.004  4.6131  4.285    0  0.000  0.545     0.00     0.00 -1 -8.61e-08      0.00 7.258e-01 2.652e-01 1.628e-03 4.393e-04 3.984e-03 -1.000 9.056e-03 -7.740 -3.288 -3.147 -3.057 -2.971 -2.948 -3.336 -4.244 -3.854 -3.586 -5.102 -2.978 -2.954 -4.196 -4.050
0.009 -0.22295 5.00000 30.0000000000 2.6320033073   29.972  5.075  4.6221  4.280    0  0.000  0.545     0.00     0.00 -1 -1.14e-07      0.00 7.258e-01 2.652e-01 1.628e-03 4.393e-04 3.984e-03 -1.000 9.056e-03 -7.918 -3.422 -3.272 -3.181 -3.098 -3.073 -3.461 -4.370 -4.004 -3.807 -5.379 -3.105 -3.079 -4.325 -4.196
0.009 -0.22295 5.00000 35.0000000000 2.6323544979   34.958  5.229  4.6415  4.271    0  0.000  0.545     0.00     0.00 -1 -2.03e-07      0.00 7.258e-01 2.652e-01 1.628e-03 4.393e-04 3.984e-03 -1.000 9.056e-03 -8.301 -3.652 -3.515 -3.432 -3.351 -3.330 -3.721 -4.630 -4.279 -4.114 -5.722 -3.358 -3.337 -4.587 -4.470
0.009 -0.22295 5.00000 40.0000000000 2.6326069832   39.959  5.356  4.6565  4.262    0  0.000  0.545     0.00     0.00 -1 -3.22e-07      0.00 7.258e-01 2.652e-01 1.628e-03 4.393e-04 3.984e-03 -1.000 9.056e-03 -8.620 -3.875 -3.735 -3.652 -3.574 -3.553 -3.944 -4.853 -4.517 -4.382 -6.021 -3.581 -3.560 -4.814 -4.707
0.009 -0.22295 5.00000 45.0000000000 2.6327958107   44.960  5.464  4.6680  4.251    0  0.000  0.545     0.00     0.00 -1 -4.69e-07      0.00 7.258e-01 2.652e-01 1.628e-03 4.393e-04 3.984e-03 -1.000 9.056e-03 -8.890 -4.079 -3.933 -3.846 -3.771 -3.749 -4.140 -5.049 -4.727 -4.628 -6.290 -3.777 -3.755 -5.012 -4.916
0.009 -0.22295 5.00000 50.0000000000 2.6329421997   49.931  5.559  4.6791  4.246    0  0.000  0.545     0.00     0.00 -1 -6.49e-07      0.00 7.258e-01 2.652e-01 1.628e-03 4.393e-04 3.984e-03 -1.000 9.056e-03 -9.127 -4.252 -4.102 -4.011 -3.941 -3.921 -4.312 -5.222 -4.920 -4.878 -6.572 -3.947 -3.927 -5.187 -5.106
0.009 -0.22295 5.00000 55.0000000000 2.6330580711   54.886  5.640  4.6872  4.238    0  0.000  0.545     0.00     0.00 -1 -8.52e-07      0.00 7.258e-01 2.652e-01 1.628e-03 4.393e-04 3.984e-03 -1.000 9.056e-03 -9.330 -4.413 -4.261 -4.168 -4.104 -4.087 -4.479 -5.389 -5.108 -5.129 -6.856 -4.109 -4.094 -5.357 -5.290
0.009 -0.22295 5.00000 59.9999961853 2.6331522465   59.858  5.713  4.6938  4.229    0  0.000  0.545     0.00     0.00 -1 -1.08e-06      0.00 7.258e-01 2.652e-01 1.628e-03 4.393e-04 3.984e-03 -1.000 9.056e-03 -9.513 -4.531 -4.383 -4.304 -4.257 -4.265 -4.675 -5.589 -5.511 -5.948 -7.873 -4.259 -4.275 -5.587 -5.667
0.009 -0.22295 5.00000 64.9999923706 2.6332299709   64.860  5.779  4.7000  4.223    0  0.000  0.545     0.00     0.00 -1 -1.33e-06      0.00 7.258e-01 2.652e-01 1.628e-03 4.393e-04 3.984e-03 -1.000 9.056e-03 -9.678 -4.659 -4.512 -4.429 -4.384 -4.393 -4.803 -5.716 -5.645 -6.103 -8.036 -4.386 -4.402 -5.715 -5.799
0.009 -0.22295 5.00000 70.0000000000 2.6332950592   69.795  5.838  4.7047  4.214    0  0.000  0.545     0.00     0.00 -1 -1.61e-06      0.00 7.258e-01 2.652e-01 1.628e-03 4.393e-04 3.984e-03 -1.000 9.056e-03 -9.826 -4.778 -4.632 -4.552 -4.514 -4.525 -4.935 -5.849 -5.792 -6.264 -8.201 -4.514 -4.534 -5.851 -5.944
0.009 -0.22295 5.00000 74.9999923706 2.6333501339   74.768  5.893  4.7094  4.208    0  0.000  0.545     0.00     0.00 -1 -1.91e-06      0.00 7.258e-01 2.652e-01 1.628e-03 4.393e-04 3.984e-03 -1.000 9.056e-03 -9.963 -4.883 -4.740 -4.662 -4.629 -4.642 -5.053 -5.967 -5.924 -6.408 -8.349 -4.629 -4.652 -5.972 -6.074
0.009 -0.22295 5.00000 80.0000000000 2.6333973408   79.758  5.943  4.7124  4.199    0  0.000  0.545     0.00     0.00 -1 -2.23e-06      0.00 7.258e-01 2.652e-01 1.628e-03 4.393e-04 3.984e-03 -1.000 9.056e-03 -10.087 -4.988 -4.847 -4.770 -4.739 -4.754 -5.165 -6.079 -6.045 -6.537 -8.481 -4.738 -4.763 -6.085 -6.194
0.009 -0.22295 5.00000 90.0000000000 2.6334741116   89.718  6.032  4.7194  4.189    0  0.000  0.545     0.00     0.00 -1 -2.93e-06      0.00 7.258e-01 2.652e-01 1.628e-03 4.393e-04 3.984e-03 -1.000 9.056e-03 -10.309 -5.165 -5.026 -4.951 -4.925 -4.942 -5.354 -6.269 -6.252 -6.761 -8.710 -4.924 -4.952 -6.278 -6.399
0.009 -0.22295 5.00000 94.9999923706 2.6335055828   94.611  6.071  4.7221  4.184    0  0.000  0.545     0.00     0.00 -1  -3.3e-06      0.00 7.258e-01 2.652e-01 1.628e-03 4.393e-04 3.984e-03 -1.000 9.056e-03 -10.407 -5.247 -5.108 -5.033 -5.009 -5.026 -5.438 -6.353 -6.344 -6.859 -8.812 -5.007 -5.036 -6.364 -6.489
0.009 -0.22295 5.00000 99.9999923706 2.6335334778   99.620  6.109  4.7241  4.176    0  0.000  0.545     0.00     0.00 -1  -3.7e-06      0.00 7.258e-01 2.652e-01 1.628e-03 4.393e-04 3.984e-03 -1.000 9.056e-03 -10.502 -5.330 -5.192 -5.117 -5.093 -5.110 -5.523 -6.437 -6.433 -6.954 -8.909 -5.091 -5.120 -6.448 -6.578
0.009 -0.22295 5.00000 119.9999923706 2.6336188316  119.383  6.238  4.7308  4.152    0  0.000  0.545     0.00     0.00 -1 -5.41e-06      0.00 7.258e-01 2.652e-01 1.628e-03 4.393e-04 3.984e-03 -1.000 9.056e-03 -10.825 -5.627 -5.492 -5.419 -5.399 -5.420 -5.835 -6.751 -6.780 -7.339 -9.311 -5.396 -5.430 -6.768 -6.922
0.009 -0.22295 5.00000 129.9999847412 2.6336188316  129.002  6.290  4.7315  4.136    0  0.000  0.545     0.00     0.00 -1 -6.34e-06      0.00 7.258e-01 2.652e-01 1.628e-03 4.393e-04 3.984e-03 -1.000 9.056e-03 -10.956 -5.760 -5.626 -5.552 -5.532 -5.553 -5.969 -6.885 -6.920 -7.489 -9.467 -5.529 -5.564 -6.903 -7.061
0.009 -0.22295 5.00000 150.0000000000 2.6336188316  148.889  6.410  4.7301  4.073    0  0.000  0.377     0.00     0.00 -1 -9.74e-06      0.00 6.858e-01 3.036e-01 1.184e-03 1.192e-03 4.616e-03 -1.000 1.059e-02 -11.255 -6.089 -5.953 -5.876 -5.849 -5.867 -6.281 -7.197 -7.224 -7.818 -9.822 -5.847 -5.878 -7.212 -7.366
0.009 -0.22295 5.00000 199.9999847412 2.6336188316  198.514  6.572  4.7361  4.061    0  0.000  0.545     0.00     0.00 -1 -1.47e-05      0.00 7.258e-01 2.652e-01 1.628e-03 4.393e-04 3.984e-03 -1.000 9.056e-03 -11.659 -6.449 -6.331 -6.289 -6.343 -6.411 -6.852 -7.774 -8.123 -9.112 -11.225 -6.330 -6.426 -7.846 -8.225
0.009 -0.22295 5.00000 250.0000000000 2.6336188316  247.738  6.707  4.7383  4.030    0  0.000  0.545     0.00     0.00 -1 -2.16e-05      0.00 7.258e-01 2.652e-01 1.628e-03 4.393e-04 3.984e-03 -1.000 9.056e-03 -11.999 -6.787 -6.673 -6.635 -6.699 -6.774 -7.219 -8.142 -8.541 -9.589 -11.721 -6.684 -6.790 -8.223 -8.636
0.009 -0.22295 5.00000 300.0000000000 2.6336188316  296.898  6.815  4.7399  4.008    0  0.000  0.545     0.00     0.00 -1 -2.89e-05      0.00 7.258e-01 2.652e-01 1.628e-03 4.393e-04 3.984e-03 -1.000 9.056e-03 -12.266 -7.054 -6.943 -6.909 -6.981 -7.060 -7.508 -8.432 -8.867 -9.957 -12.103 -6.964 -7.076 -8.519 -8.958
0.009 -0.22295 5.00000 350.0000000000 2.6336188316   58.103  6.373  5.1094  5.218    0  0.000  3.104     0.00     0.00 -1 -5.88e-05      0.00 7.888e-02 3.218e-01 4.067e-01 4.775e-05 1.809e-01 11.457 5.994e-01 -11.164 -4.920 -4.987 -5.230 -5.670 -6.053 -6.162 -6.612 -8.398 -9.590 -10.670 -5.682 -6.051 -6.985 -8.124
0.009 -0.22295 5.00000 350.0021362305 2.6336188316  343.730  6.902  4.7127  3.875    0  0.000  0.481     0.00     0.00 -1  -1.1e-05      0.00 7.244e-01 2.666e-01 1.411e-03 9.572e-04 3.686e-03 -1.000 9.056e-03 -12.486 -7.415 -7.287 -7.232 -7.255 -7.304 -7.737 -8.656 -8.908 -9.848 -11.947 -7.246 -7.318 -8.708 -9.020
0.009 -0.22295 5.00000 350.0036315918 2.6336188316  340.980  6.903  4.6931  3.792    0  0.000  0.064     0.00     0.00 -1 -4.67e-06      0.00 7.189e-01 2.720e-01 1.603e-04 3.589e-03 2.360e-03 -1.000 9.101e-03 -12.487 -7.561 -7.418 -7.337 -7.286 -7.290 -7.696 -8.609 -8.508 -8.967 -10.930 -7.288 -7.299 -8.602 -8.665
0.009 -0.22295 5.00000 350.0047912598 2.6336188316  338.066  6.904  4.6789  3.731    0  0.000  0.081     0.00     0.00 -1 -2.46e-06      0.00 7.106e-01 2.804e-01 1.284e-04 4.386e-03 1.491e-03 -1.000 9.025e-03 -12.490 -7.659 -7.518 -7.444 -7.393 -7.400 -7.808 -8.721 -8.617 -9.046 -10.991 -7.395 -7.410 -8.716 -8.777
0.009 -0.22295 5.00000 350.0056457520 2.6336188316  335.152  6.905  4.6675  3.680    0  0.000  0.128     0.00     0.00 -1 -1.52e-06      0.00 7.017e-01 2.893e-01 1.471e-04 4.806e-03 9.861e-04 -1.000 8.949e-03 -12.493 -7.832 -7.717 -7.675 -7.694 -7.741 -8.170 -9.088 -9.184 -9.804 -11.796 -7.685 -7.754 -9.125 -9.325
0.009 -0.22295 5.00000 350.0063476562 2.6336188316  332.227  6.906  4.6580  3.637    0  0.000  0.195     0.00     0.00 -1 -1.03e-06      0.00 6.925e-01 2.986e-01 1.609e-04 5.022e-03 7.209e-04 -1.000 8.920e-03 -12.496 -8.061 -7.990 -8.004 -8.143 -8.256 -8.719 -9.646 -10.072 -10.985 -13.044 -8.118 -8.275 -9.755 -10.179
0.009 -0.22295 5.00000 350.0069580078 2.6336188316  329.270  6.908  4.6495  3.598    0  0.000  0.293     0.00     0.00 -1  -7.5e-07      0.00 6.828e-01 3.083e-01 1.718e-04 5.134e-03 5.778e-04 -1.000 8.913e-03 -12.500 -7.917 -7.796 -7.716 -7.652 -7.649 -8.049 -8.961 -8.740 -8.823 -10.589 -7.656 -7.657 -8.942 -8.917
0.009 -0.22295 5.00000 350.0074157715 2.6336188316  326.594  6.910  4.6427  3.565    0  0.000  0.409     0.00     0.00 -1 -5.86e-07      0.00 6.736e-01 3.175e-01 1.800e-04 5.195e-03 4.978e-04 -1.000 8.914e-03 -12.504 -7.984 -7.863 -7.790 -7.746 -7.754 -8.160 -9.074 -8.916 -9.074 -10.851 -7.747 -7.763 -9.066 -9.086
0.009 -0.22295 5.00000 350.0078125000 2.6336188316  323.875  6.911  4.6365  3.535    0  0.000  0.553     0.00     0.00 -1 -4.76e-07      0.00 6.640e-01 3.272e-01 1.870e-04 5.221e-03 4.592e-04 -1.000 8.871e-03 -12.508 -8.042 -7.920 -7.850 -7.817 -7.833 -8.243 -9.157 -9.050 -9.276 -11.070 -7.816 -7.843 -9.158 -9.213
0.009 -0.22295 5.00000 350.0082092285 2.6336188316  320.996  6.913  4.6311  3.508    0  0.000  0.730     0.00     0.00 -1 -3.88e-07      0.00 6.523e-01 3.388e-01 1.935e-04 5.234e-03 4.352e-04 -1.000 8.915e-03 -12.512 -8.094 -7.969 -7.901 -7.875 -7.896 -8.309 -9.224 -9.164 -9.467 -11.288 -7.873 -7.906 -9.232 -9.321
0.009 -0.22295 5.00000 350.0085449219 2.6336188316  318.098  6.914  4.6262  3.483    0  0.000  0.901     0.00     0.00 -1 -3.24e-07      0.00 6.403e-01 3.508e-01 1.992e-04 5.236e-03 4.261e-04 -1.000 8.873e-03 -12.516 -8.132 -8.016 -7.978 -8.011 -8.117 -8.143 -8.346 -9.300 -11.769 -11.857 -8.011 -8.105 -8.591 -9.234
0.009 -0.22295 5.00000 350.0088500977 2.6336188316  315.133  6.916  4.6217  3.459    0  0.000  1.029     0.00     0.00 -1 -2.79e-07      0.00 6.272e-01 3.639e-01 2.043e-04 5.229e-03 4.274e-04 -1.000 8.873e-03 -12.521 -8.172 -8.057 -8.020 -8.053 -8.160 -8.187 -8.391 -9.350 -11.821 -11.911 -8.053 -8.148 -8.639 -9.285
0.009 -0.22295 5.00000 350.0093383789 2.6336188316  309.938  6.920  4.6140  3.418    0  0.000  1.152     0.00     0.00 -1 -2.18e-07      0.00 6.044e-01 3.867e-01 2.122e-04 5.212e-03 4.381e-04 -1.000 8.874e-03 -12.529 -8.240 -8.127 -8.091 -8.127 -8.234 -8.263 -8.468 -9.438 -11.910 -12.003 -8.125 -8.222 -8.721 -9.372
0.009 -0.22295 5.00000 350.0097656250 2.6336188316  304.312  6.923  4.6083  3.383    0  0.000  1.203     0.00     0.00 -1 -1.77e-07      0.00 5.768e-01 4.143e-01 2.194e-04 5.191e-03 4.526e-04 -1.000 8.875e-03 -12.539 -8.294 -8.181 -8.146 -8.184 -8.291 -8.321 -8.527 -9.505 -11.978 -12.074 -8.182 -8.280 -8.784 -9.439
0.009 -0.22295 5.00000 350.0101623535 2.6336188316  298.773  6.927  4.6037  3.353    0  0.000  1.224     0.00     0.00 -1 -1.48e-07      0.00 5.490e-01 4.421e-01 2.257e-04 5.174e-03 4.664e-04 -1.000 8.876e-03 -12.548 -8.340 -8.228 -8.193 -8.233 -8.340 -8.371 -8.578 -9.562 -12.036 -12.134 -8.230 -8.329 -8.838 -9.496
0.009 -0.22295 5.00000 350.0104675293 2.6336188316  293.301  6.931  4.5994  3.324    0  0.000  1.238     0.00     0.00 -1  -1.3e-07      0.00 5.219e-01 4.692e-01 2.311e-04 5.158e-03 4.785e-04 -1.000 8.919e-03 -12.557 -8.382 -8.271 -8.237 -8.277 -8.385 -8.417 -8.624 -9.612 -12.088 -12.188 -8.274 -8.373 -8.887 -9.546
0.009 -0.22295 5.00000 350.0107727051 2.6336188316  287.691  6.935  4.5968  3.301    0  0.000  1.254     0.00     0.00 -1 -1.13e-07      0.00 4.923e-01 4.988e-01 2.360e-04 5.143e-03 4.894e-04 -1.000 8.877e-03 -12.567 -8.269 -8.158 -8.178 -8.173 -8.280 -8.318 -8.505 -9.557 -11.262 -11.728 -8.172 -8.274 -8.725 -9.406
0.009 -0.22295 5.00000 350.0109863281 2.6336188316  283.078  6.938  4.5941  3.280    0  0.000  1.267     0.00     0.00 -1 -1.04e-07      0.00 4.694e-01 5.217e-01 2.398e-04 5.132e-03 4.975e-04 -1.000 8.920e-03 -12.575 -8.289 -8.177 -8.196 -8.191 -8.298 -8.335 -8.522 -9.575 -11.281 -11.751 -8.190 -8.291 -8.742 -9.423
0.009 -0.22295 5.00000 350.0111694336 2.6336188316  278.723  6.941  4.5928  3.265    0  0.000  1.281     0.00     0.00 -1 -9.63e-08      0.00 4.462e-01 5.449e-01 2.430e-04 5.123e-03 5.043e-04 -1.000 8.878e-03 -12.583 -8.302 -8.190 -8.210 -8.204 -8.311 -8.348 -8.534 -9.588 -11.295 -11.766 -8.204 -8.304 -8.755 -9.436
0.009 -0.22295 5.00000 350.0113525391 2.6336188316  274.160  6.945  4.5921  3.252    0  0.000  1.297     0.00     0.00 -1 -9.04e-08      0.00 4.220e-01 5.691e-01 2.463e-04 5.115e-03 5.109e-04 -1.000 8.878e-03 -12.592 -8.314 -8.202 -8.221 -8.215 -8.322 -8.359 -8.545 -9.599 -11.306 -11.778 -8.215 -8.315 -8.766 -9.447
0.009 -0.22295 5.00000 350.0115356445 2.6336188316  268.012  6.948  4.5942  3.246    0  0.000  1.321     0.00     0.00 -1 -1.06e-07      0.00 3.898e-01 6.013e-01 2.501e-04 5.105e-03 5.183e-04 -1.000 8.921e-03 -12.601 -8.247 -8.132 -8.168 -8.136 -8.239 -8.272 -8.454 -9.707 -10.409 -11.279 -8.141 -8.238 -8.666 -9.438
0.009 -0.22295 5.00000 350.0117187500 2.6336188316  248.471  6.937  4.6233  3.342    0  0.000  1.401     0.00     0.00 -1 -2.03e-07      0.00 3.118e-01 6.793e-01 2.549e-04 5.098e-03 5.234e-04 -1.000 8.879e-03 -12.572 -8.122 -8.006 -8.043 -8.013 -8.120 -8.153 -8.338 -9.607 -10.332 -11.208 -8.019 -8.119 -8.550 -9.338
0.009 -0.22295 5.00000 350.0119323730 2.6336188316  215.078  6.879  4.6228  3.335    0  0.000  1.423     0.00     0.00 -1 -1.59e-07      0.00 2.790e-01 7.120e-01 2.585e-04 5.088e-03 5.309e-04 -1.000 8.924e-03 -12.427 -7.978 -7.863 -7.899 -7.870 -7.976 -8.009 -8.195 -9.463 -10.188 -11.064 -7.876 -7.975 -8.407 -9.194
0.009 -0.22295 5.00000 350.0120239258 2.6336188316  197.789  6.849  4.6390  3.394    0  0.000  1.455     0.00     0.00 -1 -3.14e-07      0.00 2.448e-01 7.463e-01 2.608e-04 5.084e-03 5.341e-04 -1.000 8.942e-03 -12.352 -7.850 -7.734 -7.771 -7.742 -7.849 -7.882 -8.067 -9.342 -10.081 -10.964 -7.748 -7.847 -8.278 -9.073
0.009 -0.22295 5.00000 350.0120544434 2.6336188316  190.064  6.837  4.6563  3.457    0  0.000  1.490     0.00     0.00 -1 -3.17e-07      0.00 2.169e-01 7.742e-01 2.620e-04 5.083e-03 5.348e-04 -1.000 8.920e-03 -12.322 -7.732 -7.616 -7.652 -7.621 -7.727 -7.760 -7.945 -9.223 -9.966 -10.852 -7.628 -7.726 -8.154 -8.954
0.009 -0.22295 5.00000 350.0120849609 2.6336188316  182.992  6.825  4.6702  3.508    0  0.000  1.534     0.00     0.00 -1 -3.17e-07      0.00 1.909e-01 8.003e-01 2.633e-04 5.081e-03 5.352e-04 -1.000 8.872e-03 -12.292 -7.588 -7.471 -7.508 -7.471 -7.575 -7.608 -7.789 -9.067 -9.800 -10.680 -7.478 -7.574 -7.995 -8.798
0.009 -0.22295 5.00000 350.0121154785 2.6336188316  176.840  6.811  4.6733  3.519    0  0.000  1.554     0.00     0.00 -1 -3.09e-07      0.00 1.800e-01 8.111e-01 2.641e-04 5.080e-03 5.359e-04 -1.000 8.866e-03 -12.259 -7.529 -7.412 -7.448 -7.411 -7.515 -7.547 -7.728 -9.005 -9.736 -10.615 -7.418 -7.513 -7.933 -8.736
0.009 -0.22295 5.00000 350.0121765137 2.6336188316  163.943  6.777  4.6739  3.523    0  0.000  1.566     0.00     0.00 -1 -2.75e-07      0.00 1.711e-01 8.200e-01 2.652e-04 5.078e-03 5.378e-04 -1.000 8.899e-03 -12.172 -7.438 -7.321 -7.358 -7.320 -7.424 -7.456 -7.637 -8.914 -9.644 -10.523 -7.327 -7.423 -7.841 -8.645
0.009 -0.22295 5.00000 350.0122375488 2.6336188316  152.031  6.743  4.6747  3.528    0  0.000  1.579     0.00     0.00 -1 -2.44e-07      0.00 1.622e-01 8.289e-01 2.664e-04 5.075e-03 5.398e-04 -1.000 8.903e-03 -12.087 -7.346 -7.229 -7.266 -7.227 -7.331 -7.364 -7.544 -8.822 -9.551 -10.429 -7.235 -7.330 -7.748 -8.552
0.009 -0.22295 5.00000 350.0122985840 2.6336188316  140.990  6.709  4.6758  3.534    0  0.000  1.596     0.00     0.00 -1 -2.15e-07      0.00 1.532e-01 8.379e-01 2.677e-04 5.072e-03 5.417e-04 -1.000 8.911e-03 -12.002 -7.251 -7.134 -7.171 -7.132 -7.236 -7.269 -7.448 -8.726 -9.455 -10.333 -7.140 -7.235 -7.653 -8.456
0.009 -0.22295 5.00000 350.0123291016 2.6336188316  131.379  6.677  4.6772  3.540    0  0.000  1.616     0.00     0.00 -1 -1.94e-07      0.00 1.449e-01 8.463e-01 2.690e-04 5.069e-03 5.434e-04 -1.000 8.895e-03 -11.922 -7.160 -7.043 -7.080 -7.040 -7.144 -7.176 -7.356 -8.633 -9.361 -10.238 -7.048 -7.143 -7.560 -8.364
0.009 -0.22295 5.00000 350.0123901367 2.6336188316  122.441  6.645  4.6791  3.549    0  0.000  1.641     0.00     0.00 -1 -1.74e-07      0.00 1.364e-01 8.546e-01 2.703e-04 5.066e-03 5.450e-04 -1.000 8.934e-03 -11.842 -7.065 -6.947 -6.984 -6.944 -7.047 -7.080 -7.259 -8.536 -9.263 -10.139 -6.952 -7.046 -7.463 -8.267
0.009 -0.22295 5.00000 350.0124511719 2.6336188316  114.123  6.613  4.6816  3.561    0  0.000  1.673     0.00     0.00 -1 -1.57e-07      0.00 1.280e-01 8.631e-01 2.719e-04 5.063e-03 5.465e-04 -1.000 8.911e-03 -11.762 -6.964 -6.846 -6.883 -6.842 -6.945 -6.977 -7.156 -8.433 -9.157 -10.033 -6.849 -6.944 -7.359 -8.163
0.009 -0.22295 5.00000 350.0124816895 2.6336188316  106.863  6.583  4.6850  3.576    0  0.000  1.714     0.00     0.00 -1 -1.41e-07      0.00 1.201e-01 8.710e-01 2.736e-04 5.060e-03 5.478e-04 -1.000 8.898e-03 -11.687 -6.861 -6.743 -6.780 -6.738 -6.840 -6.873 -7.050 -8.327 -9.049 -9.923 -6.745 -6.839 -7.252 -8.058
0.009 -0.22295 5.00000 350.0125427246 2.6336188316  100.576  6.555  4.6898  3.596    0  0.000  1.767     0.00     0.00 -1 -1.27e-07      0.00 1.128e-01 8.783e-01 2.756e-04 5.057e-03 5.488e-04 -1.000 8.912e-03 -11.619 -6.753 -6.635 -6.672 -6.628 -6.729 -6.762 -6.938 -8.215 -8.933 -9.806 -6.635 -6.728 -7.139 -7.945
0.009 -0.22295 5.00000 350.0125732422 2.6336188316   95.139  6.530  4.6979  3.630    0  0.000  1.839     0.00     0.00 -1 -1.18e-07      0.00 1.061e-01 8.849e-01 2.779e-04 5.053e-03 5.495e-04 -1.000 8.918e-03 -11.556 -6.624 -6.505 -6.543 -6.495 -6.596 -6.628 -6.803 -8.079 -8.791 -9.660 -6.503 -6.595 -7.001 -7.809
0.009 -0.22295 5.00000 350.0126037598 2.6336188316   91.133  6.512  4.7120  3.685    0  0.000  1.903     0.00     0.00 -1 -1.09e-07      0.00 1.022e-01 8.889e-01 2.799e-04 5.050e-03 5.501e-04 -1.000 8.906e-03 -11.510 -6.476 -6.359 -6.398 -6.352 -6.455 -6.487 -6.665 -7.956 -8.683 -9.556 -6.360 -6.454 -6.867 -7.687
0.009 -0.22295 5.00000 350.0126342773 2.6336188316   85.659  6.516  4.9393  4.564    0  0.000  2.014     0.00     0.00 -1 -1.09e-07      0.00 9.525e-02 8.958e-01 2.812e-04 5.049e-03 5.495e-04 -1.000 8.919e-03 -11.520 -4.760 -4.635 -4.591 -4.641 -4.749 -4.806 -4.994 -6.423 -7.394 -8.409 -4.645 -4.750 -5.219 -6.151
0.009 -0.22295 5.00000 350.0126647949 2.6336188316   82.126  6.498  4.9692  4.683    0  0.000 21.007     0.00     0.00 -1    -1e-07      0.00 9.202e-02 8.864e-01 1.202e-02 3.685e-03 7.123e-04 10.017 2.156e-02 -11.475 -4.508 -4.388 -4.349 -4.409 -4.518 -4.583 -4.773 -6.205 -7.177 -8.188 -4.410 -4.521 -4.999 -5.933
0.009 -0.22295 5.00000 350.0126953125 2.6336188316   78.990  6.479  4.9700  4.689    0  0.000 78.028     0.00     0.00 -1 -8.75e-08      0.00 9.221e-02 8.462e-01 4.927e-02 5.581e-05 1.445e-03 10.639 6.156e-02 -11.427 -4.455 -4.335 -4.297 -4.356 -4.466 -4.530 -4.721 -6.153 -7.126 -8.136 -4.358 -4.468 -4.946 -5.881
0.009 -0.22295 5.00000 350.0127563477 2.6336188316   74.195  6.450  4.9662  4.675    0  0.000 29.581     0.00     0.00 -1 -6.53e-08      0.00 9.258e-02 7.595e-01 1.306e-01 5.603e-05 6.401e-03 11.054 1.479e-01 -11.354 -4.395 -4.263 -4.201 -4.219 -4.280 -4.341 -4.463 -5.738 -6.652 -7.649 -4.217 -4.283 -4.621 -5.466
0.009 -0.22295 5.00000 350.0128479004 2.6336188316   68.988  6.419  4.9628  4.661    0  0.000 13.265     0.00     0.00 -1 -4.23e-08      0.00 9.316e-02 6.342e-01 2.365e-01 5.638e-05 2.503e-02 11.290 2.726e-01 -11.278 -4.345 -4.212 -4.150 -4.168 -4.230 -4.291 -4.414 -5.691 -6.606 -7.604 -4.166 -4.233 -4.573 -5.419
0.009 -0.22295 5.00000 350.0129699707 2.6336188316   63.976  6.394  4.9613  4.648    0  0.000  6.042     0.00     0.00 -1 -2.32e-08      0.00 9.405e-02 4.779e-01 3.445e-01 5.692e-05 7.239e-02 11.410 4.281e-01 -11.214 -4.292 -4.159 -4.097 -4.116 -4.177 -4.238 -4.362 -5.640 -6.555 -7.553 -4.114 -4.180 -4.521 -5.368
0.009 -0.22295 5.00000 350.0130615234 2.6336188316   60.723  6.379  4.9671  4.663    0  0.000  3.032     0.00     0.00 -1 -2.63e-08      0.00 9.478e-02 3.199e-01 3.970e-01 5.737e-05 1.769e-01 11.366 5.854e-01 -11.177 -4.211 -4.079 -4.017 -4.035 -4.096 -4.157 -4.279 -5.553 -6.466 -7.463 -4.032 -4.099 -4.436 -5.281
0.009 -0.22295 5.00000 350.0130920410 2.6336188316   58.932  6.369  4.9746  4.690    0  0.000  1.991     0.00     0.00 -1 -3.03e-08      0.00 9.508e-02 2.360e-01 3.807e-01 5.754e-05 2.765e-01 11.181 6.690e-01 -11.152 -4.130 -3.997 -3.935 -3.952 -4.013 -4.073 -4.194 -5.463 -6.373 -7.368 -3.950 -4.016 -4.349 -5.191
0.009 -0.22295 5.00000 350.0131225586 2.6336188316   57.432  6.360  4.9843  4.726    0  0.000  1.440     0.00     0.00 -1 -3.33e-08      0.00 9.528e-02 1.834e-01 3.499e-01 5.767e-05 3.592e-01 10.848 7.213e-01 -11.131 -4.035 -3.902 -3.839 -3.857 -3.916 -3.977 -4.095 -5.358 -6.265 -7.257 -3.854 -3.919 -4.247 -5.086
0.009 -0.22295 5.00000 350.0131530762 2.6336188316   55.125  6.420  5.0983  5.104    0  0.000  0.922     0.00     0.00 -1 -6.85e-08      0.00 9.553e-02 1.280e-01 2.981e-01 5.782e-05 4.649e-01 -1.000 7.765e-01 -11.280 -3.688 -3.605 -3.603 -3.760 -3.907 -4.047 -4.321 -5.975 -7.063 -8.098 -3.743 -3.918 -4.650 -5.699
#isochrone terminated
