# File generated by CMD 3.3 (http://stev.oapd.inaf.it/cmd) on Tue Apr 21 14:57:52 CEST 2020
# isochrones based on PARSEC release v1.2S +  COLIBRI S_35
# Basic references: Bressan et al. (2012), MNRAS, 427, 127 + Chen et al. (2014, 2015), MNRAS, 444, 2525 + MNRAS, 452, 1068 + Tang et al. (2014), MNRAS, 445, 4287 + Marigo et al. (2017), ApJ, 835, 77 + Pastorelli al. (2019), MNRAS in press
# Thermal pulse cycles included 
# On RGB, assumed Reimers mass loss with efficiency eta=0.2
# Photometric system:  2MASS + Spitzer (IRAC+MIPS) + WISE
# Using YBC version of bolometric corrections as in Chen et al. (2019)
# O-rich circumstellar dpmod60alox40 dust from Groenewegen (2006)
# C-rich circumstellar AMCSIC15 dust from Groenewegen (2006)
# IMF: Kroupa (2001, 2002) + Kroupa et al. (2013) canonical two-part-power law IMF corrected for unresolved binaries 
# Kind of output: isochrone tables
# Zini     MH   logAge Mini        int_IMF         Mass   logL    logTe  logg  label   McoreTP C_O  period0 period1 pmode  Mloss  tau1m   X   Y   Xc  Xn  Xo  Cexcess  Z 	 mbolmag  Jmag    Hmag    Ksmag   IRAC_3.6mag  IRAC_4.5mag  IRAC_5.8mag  IRAC_8.0mag  MIPS_24mag  MIPS_70mag  MIPS_160mag  W1mag   W2mag   W3mag   W4mag
0.008 -0.27576 10.00000 0.0900000036 1.0816895962    0.090 -3.368  3.3871  5.261    1  0.000  0.545     0.00     0.00 -1 -4.21e-17      0.00 7.277e-01 2.643e-01 1.439e-03 3.881e-04 3.520e-03 -1.000 8.000e-03 13.190 11.029 10.502 10.275 9.773 9.710 9.662 9.558 8.922 8.898 8.836 9.946 9.724 9.480 9.112
0.008 -0.27576 10.00000 0.1000000015 1.1711064577    0.100 -3.168  3.4163  5.223    1  0.000  0.545     0.00     0.00 -1 -6.61e-17      0.00 7.271e-01 2.649e-01 1.439e-03 3.881e-04 3.520e-03 -1.000 8.000e-03 12.689 10.532 10.004 9.772 9.275 9.208 9.160 9.057 8.422 8.398 8.339 9.447 9.222 8.981 8.612
0.008 -0.27576 10.00000 0.1200000048 1.3193155527    0.120 -2.904  3.4487  5.168    1  0.000  0.545     0.00     0.00 -1 -1.18e-16      0.00 7.260e-01 2.660e-01 1.439e-03 3.881e-04 3.520e-03 -1.000 8.000e-03 12.030 9.957 9.409 9.161 8.741 8.654 8.612 8.538 7.937 7.915 7.898 8.887 8.665 8.485 8.126
0.008 -0.27576 10.00000 0.1400000006 1.4384527206    0.140 -2.720  3.4683  5.129    1  0.000  0.545     0.00     0.00 -1 -1.75e-16      0.00 7.252e-01 2.668e-01 1.439e-03 3.881e-04 3.520e-03 -1.000 8.000e-03 11.569 9.550 8.993 8.743 8.363 8.267 8.227 8.166 7.583 7.566 7.585 8.494 8.275 8.130 7.773
0.008 -0.27576 10.00000 0.1599999964 1.5372931957    0.160 -2.576  3.4819  5.098    1  0.000  0.545     0.00     0.00 -1 -2.36e-16      0.00 7.243e-01 2.677e-01 1.439e-03 3.881e-04 3.520e-03 -1.000 8.000e-03 11.211 9.229 8.667 8.420 8.066 7.966 7.926 7.872 7.302 7.291 7.335 8.186 7.972 7.847 7.492
0.008 -0.27576 10.00000 0.1875328273 1.6497840881    0.187 -2.420  3.4947  5.062    1  0.000  0.545     0.00     0.00 -1 -3.26e-16      0.00 7.234e-01 2.686e-01 1.439e-03 3.881e-04 3.520e-03 -1.000 8.000e-03 10.819 8.874 8.308 8.065 7.735 7.630 7.590 7.541 6.980 6.979 7.048 7.843 7.636 7.526 7.169
0.008 -0.27576 10.00000 0.2000000030 1.6938791275    0.200 -2.356  3.4999  5.047    1  0.000  0.545     0.00     0.00 -1 -3.71e-16      0.00 7.230e-01 2.690e-01 1.439e-03 3.881e-04 3.520e-03 -1.000 8.000e-03 10.660 8.728 8.161 7.921 7.600 7.495 7.456 7.409 6.852 6.854 6.930 7.705 7.500 7.397 7.042
0.008 -0.27576 10.00000 0.2500000000 1.8403258324    0.250 -2.145  3.5147  4.992    1  0.000  0.545     0.00     0.00 -1 -5.74e-16      0.00 7.222e-01 2.698e-01 1.439e-03 3.881e-04 3.520e-03 -1.000 8.000e-03 10.132 8.240 7.669 7.434 7.139 7.037 6.996 6.953 6.407 6.424 6.520 7.234 7.041 6.951 6.597
0.008 -0.27576 10.00000 0.3000000119 1.9529139996    0.300 -1.979  3.5250  4.945    1  0.000  0.545     0.00     0.00 -1  -8.1e-16      0.00 7.220e-01 2.700e-01 1.438e-03 3.881e-04 3.520e-03 -1.000 8.000e-03 9.716 7.851 7.274 7.046 6.769 6.671 6.630 6.589 6.051 6.080 6.185 6.858 6.674 6.594 6.241
0.008 -0.27576 10.00000 0.3500000238 2.0434176922    0.350 -1.833  3.5337  4.902    1  0.000  0.545     0.00     0.00 -1 -9.31e-16      0.00 7.287e-01 2.633e-01 1.439e-03 3.881e-04 3.520e-03 -1.000 8.000e-03 9.353 7.511 6.928 6.704 6.444 6.352 6.311 6.273 5.743 5.780 5.892 6.527 6.355 6.283 5.933
0.008 -0.27576 10.00000 0.4000000358 2.1185026169    0.400 -1.683  3.5449  4.855    1  0.000  0.545     0.00     0.00 -1 -1.54e-15      0.00 7.289e-01 2.631e-01 1.439e-03 3.881e-04 3.520e-03 -1.000 8.000e-03 8.978 7.165 6.575 6.355 6.117 6.036 5.994 5.959 5.441 5.489 5.606 6.193 6.039 5.975 5.631
0.008 -0.27576 10.00000 0.4500000179 2.1822810173    0.450 -1.522  3.5588  4.800    1  0.000  0.545     0.00     0.00 -1 -2.25e-15      0.00 7.289e-01 2.631e-01 1.439e-03 3.881e-04 3.520e-03 -1.000 8.000e-03 8.574 6.800 6.199 5.985 5.769 5.705 5.662 5.627 5.126 5.190 5.312 5.836 5.708 5.651 5.315
0.008 -0.27576 10.00000 0.4589992464 2.1927835941    0.459 -1.489  3.5623  4.790    1  0.000  0.545     0.00     0.00 -1 -2.43e-15      0.00 7.289e-01 2.631e-01 1.439e-03 3.881e-04 3.520e-03 -1.000 8.000e-03 8.492 6.729 6.125 5.912 5.702 5.643 5.599 5.563 5.065 5.134 5.257 5.765 5.645 5.589 5.255
0.008 -0.27576 10.00000 0.5000000000 2.2374541759    0.500 -1.348  3.5771  4.746    1  0.000  0.545     0.00     0.00 -1 -3.38e-15      0.00 7.289e-01 2.631e-01 1.439e-03 3.881e-04 3.520e-03 -1.000 8.000e-03 8.140 6.420 5.804 5.600 5.412 5.374 5.327 5.286 4.809 4.896 5.019 5.463 5.376 5.321 4.998
0.008 -0.27576 10.00000 0.5173988938 2.2546987534    0.517 -1.278  3.5858  4.725    1  0.000  0.545     0.00     0.00 -1 -3.99e-15      0.00 7.381e-01 2.541e-01 1.393e-03 3.759e-04 3.410e-03 -1.000 7.748e-03 7.966 6.270 5.647 5.451 5.277 5.251 5.203 5.159 4.692 4.789 4.912 5.320 5.253 5.199 4.881
0.008 -0.27576 10.00000 0.5500000119 2.2836582661    0.550 -1.155  3.6012  4.690    1  0.000  0.544     0.00     0.00 -1 -5.36e-15      0.00 7.537e-01 2.390e-01 1.316e-03 3.552e-04 3.223e-03 -1.000 7.307e-03 7.657 6.001 5.361 5.187 5.043 5.037 4.990 4.941 4.493 4.603 4.726 5.074 5.039 4.988 4.682
0.008 -0.27576 10.00000 0.5763050914 2.3042993546    0.576 -1.054  3.6169  4.672    1  0.000  0.544     0.00     0.00 -1 -6.73e-15      0.00 7.557e-01 2.371e-01 1.307e-03 3.529e-04 3.202e-03 -1.000 7.278e-03 7.406 5.787 5.136 4.986 4.876 4.889 4.845 4.796 4.362 4.483 4.607 4.898 4.891 4.849 4.552
0.008 -0.27576 10.00000 0.6000000238 2.3211214542    0.600 -0.967  3.6305  4.657    1  0.000  0.544     0.00     0.00 -1  -8.2e-15      0.00 7.574e-01 2.354e-01 1.299e-03 3.508e-04 3.183e-03 -1.000 7.242e-03 7.189 5.601 4.951 4.821 4.738 4.765 4.727 4.679 4.257 4.384 4.510 4.754 4.768 4.736 4.446
0.008 -0.27576 10.00000 0.6093278527 2.3273324966    0.609 -0.931  3.6369  4.654    1  0.000  0.544     0.00     0.00 -1 -8.88e-15      0.00 7.580e-01 2.348e-01 1.296e-03 3.500e-04 3.176e-03 -1.000 7.220e-03 7.098 5.527 4.882 4.762 4.690 4.722 4.687 4.641 4.223 4.352 4.479 4.703 4.726 4.700 4.412
0.008 -0.27576 10.00000 0.6499999762 2.3520355225    0.650 -0.779  3.6641  4.638    1  0.000  0.544     0.00     0.00 -1 -1.24e-14      0.00 7.608e-01 2.321e-01 1.284e-03 3.467e-04 3.147e-03 -1.000 7.124e-03 6.716 5.222 4.634 4.541 4.499 4.541 4.516 4.477 4.065 4.202 4.331 4.504 4.545 4.538 4.254
0.008 -0.27576 10.00000 0.6561250091 2.3554518223    0.656 -0.756  3.6678  4.634    1  0.000  0.544     0.00     0.00 -1 -1.31e-14      0.00 7.613e-01 2.316e-01 1.282e-03 3.461e-04 3.142e-03 -1.000 7.119e-03 6.660 5.178 4.600 4.510 4.470 4.511 4.488 4.449 4.037 4.175 4.305 4.475 4.515 4.511 4.226
0.008 -0.27576 10.00000 0.6935797334 2.3748416901    0.694 -0.621  3.6903  4.613    1  0.000  0.544     0.00     0.00 -1 -1.78e-14      0.00 7.643e-01 2.287e-01 1.268e-03 3.425e-04 3.110e-03 -1.000 7.012e-03 6.321 4.911 4.405 4.326 4.291 4.326 4.308 4.276 3.865 4.006 4.138 4.294 4.329 4.337 4.054
0.008 -0.27576 10.00000 0.7000000477 2.3779268265    0.700 -0.598  3.6941  4.609    1  0.000  0.544     0.00     0.00 -1 -1.88e-14      0.00 7.648e-01 2.282e-01 1.266e-03 3.419e-04 3.104e-03 -1.000 7.000e-03 6.264 4.867 4.372 4.295 4.261 4.295 4.278 4.246 3.836 3.977 4.109 4.264 4.298 4.308 4.025
0.008 -0.27576 10.00000 0.7132093906 2.3840737343    0.713 -0.550  3.7015  4.600    1  0.000  0.541     0.00     0.00 -1  -2.1e-14      0.00 7.660e-01 2.270e-01 1.255e-03 3.403e-04 3.091e-03 -1.000 7.027e-03 6.146 4.774 4.302 4.229 4.196 4.228 4.213 4.183 3.773 3.914 4.046 4.199 4.231 4.245 3.962
0.008 -0.27576 10.00000 0.7273374796 2.3903646469    0.727 -0.500  3.7094  4.589    1  0.000  0.539     0.00     0.00 -1 -2.37e-14      0.00 7.673e-01 2.257e-01 1.244e-03 3.385e-04 3.076e-03 -1.000 7.002e-03 6.019 4.676 4.226 4.157 4.126 4.156 4.142 4.114 3.705 3.847 3.979 4.128 4.159 4.176 3.894
0.008 -0.27576 10.00000 0.7408477664 2.3961231709    0.741 -0.451  3.7168  4.578    1  0.000  0.537     0.00     0.00 -1 -2.65e-14      0.00 7.686e-01 2.244e-01 1.234e-03 3.368e-04 3.062e-03 -1.000 6.940e-03 5.898 4.583 4.154 4.088 4.058 4.087 4.074 4.048 3.638 3.780 3.913 4.060 4.089 4.110 3.827
0.008 -0.27576 10.00000 0.7500000000 2.3998889923    0.750 -0.418  3.7217  4.570    1  0.000  0.536     0.00     0.00 -1 -2.87e-14      0.00 7.694e-01 2.236e-01 1.228e-03 3.358e-04 3.053e-03 -1.000 6.954e-03 5.815 4.519 4.104 4.040 4.011 4.038 4.026 4.001 3.592 3.734 3.867 4.013 4.041 4.063 3.781
0.008 -0.27576 10.00000 0.7562503219 2.4024004936    0.756 -0.396  3.7247  4.563    1  0.000  0.536     0.00     0.00 -1 -3.03e-14      0.00 7.702e-01 2.229e-01 1.224e-03 3.349e-04 3.045e-03 -1.000 6.930e-03 5.760 4.475 4.068 4.005 3.977 4.003 3.991 3.967 3.558 3.701 3.834 3.979 4.006 4.029 3.747
0.008 -0.27576 10.00000 0.7711576819 2.4082024097    0.771 -0.342  3.7317  4.546    1  0.000  0.536     0.00     0.00 -1 -3.46e-14      0.00 7.720e-01 2.212e-01 1.216e-03 3.327e-04 3.025e-03 -1.000 6.858e-03 5.626 4.369 3.981 3.920 3.894 3.918 3.907 3.885 3.476 3.619 3.752 3.895 3.921 3.947 3.665
0.008 -0.27576 10.00000 0.7850477099 2.4133806229    0.785 -0.292  3.7380  4.529    1  0.000  0.536     0.00     0.00 -1 -3.93e-14      0.00 7.736e-01 2.195e-01 1.209e-03 3.306e-04 3.007e-03 -1.000 6.867e-03 5.501 4.270 3.898 3.840 3.815 3.838 3.828 3.808 3.399 3.542 3.675 3.817 3.841 3.870 3.588
0.008 -0.27576 10.00000 0.7977272868 2.4179270267    0.797 -0.246  3.7435  4.512    1  0.000  0.536     0.00     0.00 -1 -4.41e-14      0.00 7.752e-01 2.180e-01 1.201e-03 3.287e-04 2.990e-03 -1.000 6.821e-03 5.386 4.179 3.820 3.766 3.742 3.764 3.754 3.735 3.322 3.473 3.603 3.744 3.766 3.776 3.510
0.008 -0.27576 10.00000 0.7999213338 2.4186971188    0.799 -0.238  3.7444  4.509    1  0.000  0.536     0.00     0.00 -1 -4.51e-14      0.00 7.755e-01 2.177e-01 1.199e-03 3.283e-04 2.986e-03 -1.000 6.809e-03 5.366 4.163 3.806 3.752 3.729 3.750 3.741 3.722 3.307 3.460 3.590 3.731 3.752 3.757 3.496
0.008 -0.27576 10.00000 0.8116722107 2.4227392673    0.811 -0.195  3.7491  4.490    1  0.000  0.536     0.00     0.00 -1 -5.05e-14      0.00 7.773e-01 2.160e-01 1.192e-03 3.261e-04 2.967e-03 -1.000 6.744e-03 5.258 4.076 3.730 3.678 3.656 3.676 3.667 3.649 3.229 3.393 3.517 3.658 3.678 3.654 3.417
0.008 -0.27576 10.00000 0.8228808641 2.4264712334    0.822 -0.153  3.7534  4.472    1  0.000  0.536     0.00     0.00 -1 -5.64e-14      0.00 7.790e-01 2.143e-01 1.184e-03 3.240e-04 2.948e-03 -1.000 6.712e-03 5.153 3.991 3.655 3.605 3.584 3.601 3.593 3.576 3.150 3.325 3.445 3.585 3.603 3.554 3.338
0.008 -0.27576 10.00000 0.8337000012 2.4299645424    0.833 -0.112  3.7573  4.452    1  0.000  0.535     0.00     0.00 -1 -6.29e-14      0.00 7.807e-01 2.127e-01 1.176e-03 3.220e-04 2.930e-03 -1.000 6.651e-03 5.050 3.906 3.579 3.531 3.511 3.527 3.519 3.503 3.073 3.257 3.373 3.512 3.529 3.455 3.260
0.008 -0.27576 10.00000 0.8441210985 2.4332320690    0.843 -0.072  3.7610  4.432    1  0.000  0.535     0.00     0.00 -1  -6.7e-14      0.00 7.823e-01 2.111e-01 1.169e-03 3.200e-04 2.912e-03 -1.000 6.580e-03 4.950 3.822 3.504 3.457 3.438 3.453 3.445 3.430 2.995 3.189 3.300 3.439 3.454 3.358 3.182
0.008 -0.27576 10.00000 0.8454545736 2.4336435795    0.845 -0.067  3.7615  4.429    1  0.000  0.535     0.00     0.00 -1 -7.12e-14      0.00 7.825e-01 2.109e-01 1.168e-03 3.198e-04 2.910e-03 -1.000 6.574e-03 4.937 3.811 3.494 3.448 3.428 3.443 3.435 3.421 2.985 3.180 3.291 3.430 3.444 3.346 3.172
0.008 -0.27576 10.00000 0.8541494608 2.4362900257    0.853 -0.032  3.7642  4.410    1  0.000  0.535     0.00     0.00 -1 -7.85e-14      0.00 7.842e-01 2.093e-01 1.160e-03 3.176e-04 2.891e-03 -1.000 6.530e-03 4.850 3.737 3.425 3.381 3.362 3.376 3.368 3.355 2.916 3.117 3.225 3.363 3.377 3.262 3.102
0.008 -0.27576 10.00000 0.8650921583 2.4395339489    0.864  0.013  3.7674  4.383    1  0.000  0.535     0.00     0.00 -1 -8.92e-14      0.00 7.864e-01 2.071e-01 1.150e-03 3.149e-04 2.866e-03 -1.000 6.510e-03 4.737 3.640 3.335 3.292 3.275 3.287 3.280 3.268 2.824 3.034 3.138 3.276 3.288 3.154 3.011
0.008 -0.27576 10.00000 0.8754846454 2.4425284863    0.874  0.057  3.7702  4.355    1  0.000  0.535     0.00     0.00 -1 -1.01e-13      0.00 7.885e-01 2.050e-01 1.140e-03 3.123e-04 2.843e-03 -1.000 6.463e-03 4.627 3.544 3.245 3.203 3.187 3.198 3.191 3.180 2.733 2.949 3.051 3.188 3.199 3.048 2.919
0.008 -0.27576 10.00000 0.8851186037 2.4452326298    0.884  0.098  3.7725  4.328    1  0.000  0.535     0.00     0.00 -1 -1.14e-13      0.00 7.905e-01 2.031e-01 1.131e-03 3.098e-04 2.821e-03 -1.000 6.403e-03 4.525 3.454 3.160 3.119 3.104 3.114 3.107 3.097 2.647 2.869 2.968 3.105 3.115 2.949 2.833
0.008 -0.27576 10.00000 0.8931818008 2.4474442005    0.892  0.132  3.7740  4.304    1  0.000  0.535     0.00     0.00 -1 -1.26e-13      0.00 7.921e-01 2.015e-01 1.124e-03 3.078e-04 2.802e-03 -1.000 6.344e-03 4.440 3.376 3.085 3.045 3.030 3.040 3.033 3.023 2.571 2.797 2.895 3.031 3.041 2.866 2.757
0.008 -0.27576 10.00000 0.8971606493 2.4485185146    0.896  0.149  3.7746  4.292    1  0.000  0.535     0.00     0.00 -1 -1.33e-13      0.00 7.932e-01 2.005e-01 1.119e-03 3.064e-04 2.791e-03 -1.000 6.312e-03 4.397 3.337 3.048 3.008 2.993 3.002 2.996 2.986 2.533 2.761 2.858 2.994 3.003 2.825 2.719
0.008 -0.27576 10.00000 0.9074630737 2.4512505531    0.906  0.197  3.7761  4.255    1  0.000  0.534     0.00     0.00 -1 -1.54e-13      0.00 7.942e-01 1.995e-01 1.114e-03 3.052e-04 2.780e-03 -1.000 6.300e-03 4.278 3.225 2.940 2.901 2.886 2.895 2.888 2.879 2.424 2.655 2.751 2.887 2.896 2.708 2.609
0.008 -0.27576 10.00000 0.9107525945 2.4521079063    0.909  0.213  3.7764  4.242    1  0.000  0.534     0.00     0.00 -1 -1.62e-13      0.00 7.943e-01 1.994e-01 1.114e-03 3.053e-04 2.781e-03 -1.000 6.300e-03 4.239 3.188 2.903 2.864 2.849 2.858 2.852 2.842 2.387 2.619 2.714 2.850 2.859 2.669 2.572
0.008 -0.27576 10.00000 0.9156559706 2.4533727169    0.914  0.237  3.7767  4.221    1  0.000  0.534     0.00     0.00 -1 -1.75e-13      0.00 7.943e-01 1.994e-01 1.114e-03 3.053e-04 2.781e-03 -1.000 6.304e-03 4.178 3.128 2.844 2.805 2.791 2.799 2.793 2.783 2.328 2.560 2.656 2.792 2.800 2.609 2.513
0.008 -0.27576 10.00000 0.9254664183 2.4558570385    0.924  0.288  3.7764  4.174    1  0.000  0.534     0.00     0.00 -1 -2.06e-13      0.00 7.938e-01 1.999e-01 1.118e-03 3.064e-04 2.790e-03 -1.000 6.319e-03 4.051 3.000 2.716 2.677 2.662 2.671 2.665 2.655 2.200 2.431 2.527 2.663 2.672 2.482 2.385
0.008 -0.27576 10.00000 0.9332450032 2.4577841759    0.931  0.330  3.7750  4.129    1  0.000  0.534     0.00     0.00 -1 -2.39e-13      0.00 7.922e-01 2.014e-01 1.128e-03 3.090e-04 2.815e-03 -1.000 6.402e-03 3.944 2.887 2.599 2.559 2.545 2.554 2.548 2.537 2.084 2.312 2.409 2.546 2.555 2.374 2.270
0.008 -0.27576 10.00000 0.9364693165 2.4585721493    0.935  0.348  3.7741  4.109    1  0.000  0.534     0.00     0.00 -1 -2.55e-13      0.00 7.911e-01 2.025e-01 1.135e-03 3.109e-04 2.833e-03 -1.000 6.426e-03 3.899 2.837 2.547 2.507 2.493 2.502 2.496 2.485 2.033 2.259 2.357 2.494 2.503 2.328 2.219
0.008 -0.27576 10.00000 0.9408576488 2.4596347809    0.939  0.374  3.7713  4.074    2  0.000  0.534     0.00     0.00 -1  -2.8e-13      0.00 7.860e-01 2.074e-01 1.161e-03 3.182e-04 2.899e-03 -1.000 6.576e-03 3.835 2.759 2.462 2.421 2.406 2.417 2.410 2.399 1.951 2.169 2.269 2.407 2.418 2.260 2.137
0.008 -0.27576 10.00000 0.9409090877 2.4596471786    0.939  0.374  3.7712  4.073    2  0.000  0.534     0.00     0.00 -1 -2.81e-13      0.00 7.860e-01 2.075e-01 1.162e-03 3.183e-04 2.900e-03 -1.000 6.578e-03 3.834 2.758 2.461 2.420 2.405 2.416 2.409 2.398 1.950 2.168 2.268 2.406 2.417 2.259 2.136
0.008 -0.27576 10.00000 0.9453527331 2.4607114792    0.944  0.401  3.7678  4.035    2  0.000  0.534     0.00     0.00 -1  -3.1e-13      0.00 7.801e-01 2.132e-01 1.193e-03 3.268e-04 2.977e-03 -1.000 6.744e-03 3.768 2.676 2.372 2.329 2.313 2.325 2.318 2.306 1.862 2.072 2.176 2.314 2.327 2.190 2.048
0.008 -0.27576 10.00000 0.9507180452 2.4619812965    0.949  0.430  3.7596  3.976    2  0.000  0.535     0.00     0.00 -1 -3.54e-13      0.00 7.687e-01 2.242e-01 1.247e-03 3.415e-04 3.109e-03 -1.000 7.093e-03 3.696 2.567 2.245 2.198 2.180 2.196 2.188 2.173 1.739 1.929 2.041 2.181 2.197 2.109 1.926
0.008 -0.27576 10.00000 0.9541485906 2.4627845287    0.952  0.442  3.7496  3.925    2  0.000  0.535     0.00     0.00 -1 -3.86e-13      0.00 7.593e-01 2.334e-01 1.289e-03 3.527e-04 3.210e-03 -1.000 7.325e-03 3.666 2.492 2.146 2.094 2.073 2.094 2.084 2.066 1.645 1.810 1.933 2.075 2.096 2.068 1.833
0.008 -0.27576 10.00000 0.9563040733 2.4632859230    0.954  0.445  3.7398  3.884    2  0.000  0.536     0.00     0.00 -1 -4.09e-13      0.00 7.530e-01 2.395e-01 1.316e-03 3.599e-04 3.273e-03 -1.000 7.448e-03 3.657 2.442 2.072 2.016 1.992 2.017 2.007 1.985 1.575 1.718 1.850 1.994 2.019 2.047 1.764
0.008 -0.27576 10.00000 0.9581522346 2.4637136459    0.956  0.451  3.7293  3.837    2  0.000  0.536     0.00     0.00 -1 -4.36e-13      0.00 7.480e-01 2.444e-01 1.337e-03 3.654e-04 3.322e-03 -1.000 7.548e-03 3.643 2.385 1.988 1.928 1.901 1.929 1.918 1.892 1.483 1.625 1.757 1.903 1.932 1.954 1.672
0.008 -0.27576 10.00000 0.9599485397 2.4641277790    0.958  0.470  3.7191  3.778    2  0.000  0.537     0.00     0.00 -1 -4.87e-13      0.00 7.438e-01 2.486e-01 1.353e-03 3.699e-04 3.362e-03 -1.000 7.619e-03 3.595 2.298 1.871 1.807 1.779 1.809 1.797 1.768 1.358 1.500 1.631 1.781 1.812 1.830 1.547
0.008 -0.27576 10.00000 0.9615173936 2.4644877911    0.960  0.506  3.7119  3.714    2  0.000  0.537     0.00     0.00 -1 -5.68e-13      0.00 7.402e-01 2.521e-01 1.365e-03 3.731e-04 3.391e-03 -1.000 7.702e-03 3.505 2.181 1.734 1.667 1.637 1.669 1.656 1.624 1.214 1.355 1.486 1.639 1.672 1.686 1.403
0.008 -0.27576 10.00000 0.9621284008 2.4646277428    0.960  0.524  3.7096  3.687    2  0.000  0.537     0.00     0.00 -1  -6.1e-13      0.00 7.388e-01 2.535e-01 1.369e-03 3.743e-04 3.401e-03 -1.000 7.755e-03 3.460 2.128 1.674 1.606 1.575 1.608 1.594 1.562 1.152 1.293 1.424 1.578 1.611 1.623 1.340
0.008 -0.27576 10.00000 0.9628967643 2.4648032188    0.961  0.554  3.7074  3.649    3  0.000  0.537     0.00     0.00 -1 -6.82e-13      0.00 7.370e-01 2.552e-01 1.374e-03 3.754e-04 3.411e-03 -1.000 7.790e-03 3.386 2.046 1.586 1.517 1.485 1.519 1.505 1.472 1.061 1.202 1.333 1.488 1.522 1.533 1.250
0.008 -0.27576 10.00000 0.9639899135 2.4650526047    0.962  0.601  3.7048  3.592    3  0.000  0.537     0.00     0.00 -1 -8.09e-13      0.00 7.342e-01 2.580e-01 1.378e-03 3.772e-04 3.424e-03 -1.000 7.799e-03 3.268 1.919 1.451 1.381 1.348 1.383 1.369 1.334 0.923 1.064 1.195 1.351 1.386 1.395 1.112
0.008 -0.27576 10.00000 0.9648991823 2.4652595520    0.963  0.645  3.7030  3.541    3  0.000  0.535     0.00     0.00 -1 -9.48e-13      0.00 7.316e-01 2.605e-01 1.379e-03 3.791e-04 3.434e-03 -1.000 7.830e-03 3.158 1.804 1.330 1.259 1.226 1.261 1.246 1.211 0.800 0.940 1.071 1.229 1.264 1.272 0.989
0.008 -0.27576 10.00000 0.9659314752 2.4654936790    0.964  0.700  3.7013  3.479    3  0.000  0.530     0.00     0.00 -1 -1.16e-12      0.00 7.284e-01 2.638e-01 1.368e-03 3.877e-04 3.443e-03 -1.000 7.836e-03 3.019 1.659 1.180 1.108 1.074 1.110 1.095 1.059 0.647 0.787 0.918 1.077 1.113 1.120 0.836
0.008 -0.27576 10.00000 0.9666352272 2.4656531811    0.965  0.742  3.7001  3.433    3  0.000  0.522     0.00     0.00 -1 -1.34e-12      0.00 7.260e-01 2.662e-01 1.350e-03 4.052e-04 3.448e-03 -1.000 7.840e-03 2.916 1.551 1.069 0.996 0.962 0.998 0.983 0.946 0.534 0.675 0.806 0.965 1.002 1.007 0.723
0.008 -0.27576 10.00000 0.9673148990 2.4658069611    0.965  0.785  3.6989  3.386    3  0.000  0.512     0.00     0.00 -1 -1.56e-12      0.00 7.236e-01 2.685e-01 1.325e-03 4.326e-04 3.453e-03 -1.000 7.861e-03 2.808 1.439 0.954 0.881 0.846 0.883 0.868 0.830 0.418 0.559 0.689 0.849 0.887 0.890 0.607
0.008 -0.27576 10.00000 0.9679476023 2.4659497738    0.966  0.828  3.6978  3.338    3  0.000  0.501     0.00     0.00 -1 -1.82e-12      0.00 7.215e-01 2.706e-01 1.298e-03 4.643e-04 3.456e-03 -1.000 7.892e-03 2.701 1.328 0.838 0.765 0.730 0.767 0.752 0.713 0.301 0.442 0.573 0.733 0.771 0.774 0.490
0.008 -0.27576 10.00000 0.9685026407 2.4660749435    0.966  0.869  3.6966  3.293    3  0.000  0.492     0.00     0.00 -1 -2.11e-12      0.00 7.199e-01 2.723e-01 1.277e-03 4.911e-04 3.459e-03 -1.000 7.878e-03 2.597 1.220 0.727 0.653 0.618 0.656 0.640 0.601 0.189 0.330 0.461 0.621 0.660 0.661 0.377
0.008 -0.27576 10.00000 0.9690317512 2.4661939144    0.967  0.911  3.6954  3.246    3  0.000  0.485     0.00     0.00 -1 -2.45e-12      0.00 7.184e-01 2.738e-01 1.258e-03 5.153e-04 3.461e-03 -1.000 7.862e-03 2.493 1.111 0.614 0.540 0.504 0.543 0.527 0.487 0.074 0.216 0.347 0.507 0.547 0.547 0.263
0.008 -0.27576 10.00000 0.9695288539 2.4663057327    0.967  0.953  3.6941  3.199    3  0.000  0.478     0.00     0.00 -1 -2.86e-12      0.00 7.170e-01 2.751e-01 1.242e-03 5.357e-04 3.463e-03 -1.000 7.890e-03 2.387 1.001 0.500 0.424 0.388 0.428 0.412 0.371 -0.042 0.100 0.231 0.391 0.433 0.431 0.147
0.008 -0.27576 10.00000 0.9699971676 2.4664111137    0.968  0.996  3.6927  3.150    3  0.000  0.474     0.00     0.00 -1 -3.34e-12      0.00 7.159e-01 2.762e-01 1.231e-03 5.508e-04 3.465e-03 -1.000 7.893e-03 2.279 0.888 0.383 0.307 0.270 0.311 0.295 0.252 -0.161 -0.019 0.112 0.273 0.316 0.312 0.028
0.008 -0.27576 10.00000 0.9704053402 2.4665026665    0.968  1.037  3.6913  3.104    3  0.000  0.470     0.00     0.00 -1 -3.86e-12      0.00 7.151e-01 2.770e-01 1.222e-03 5.614e-04 3.466e-03 -1.000 7.895e-03 2.178 0.781 0.272 0.195 0.158 0.200 0.184 0.140 -0.273 -0.131 -0.000 0.161 0.205 0.199 -0.085
0.008 -0.27576 10.00000 0.9707896113 2.4665887356    0.968  1.079  3.6899  3.057    3  0.000  0.468     0.00     0.00 -1 -4.48e-12      0.00 7.145e-01 2.776e-01 1.217e-03 5.691e-04 3.466e-03 -1.000 7.913e-03 2.074 0.672 0.158 0.081 0.043 0.086 0.069 0.024 -0.389 -0.247 -0.116 0.046 0.091 0.084 -0.200
0.008 -0.27576 10.00000 0.9711309671 2.4666652679    0.969  1.118  3.6884  3.012    3  0.000  0.466     0.00     0.00 -1 -5.17e-12      0.00 7.140e-01 2.780e-01 1.213e-03 5.747e-04 3.467e-03 -1.000 7.943e-03 1.975 0.568 0.049 -0.029 -0.067 -0.023 -0.040 -0.086 -0.500 -0.357 -0.226 -0.063 -0.018 -0.027 -0.311
0.008 -0.27576 10.00000 0.9715505838 2.4667592049    0.969  1.172  3.6863  2.950    3  0.000  0.465     0.00     0.00 -1 -6.28e-12      0.00 7.136e-01 2.784e-01 1.209e-03 5.795e-04 3.468e-03 -1.000 7.939e-03 1.841 0.428 -0.098 -0.177 -0.216 -0.171 -0.189 -0.236 -0.650 -0.508 -0.377 -0.213 -0.166 -0.177 -0.461
0.008 -0.27576 10.00000 0.9719159007 2.4668407440    0.969  1.223  3.6841  2.890    3  0.000  0.464     0.00     0.00 -1 -7.58e-12      0.00 7.135e-01 2.786e-01 1.207e-03 5.821e-04 3.468e-03 -1.000 7.897e-03 1.712 0.291 -0.241 -0.321 -0.361 -0.315 -0.333 -0.382 -0.796 -0.655 -0.524 -0.357 -0.310 -0.323 -0.608
0.008 -0.27576 10.00000 0.9722422957 2.4669137001    0.970  1.274  3.6820  2.830    3  0.000  0.464     0.00     0.00 -1 -9.12e-12      0.00 7.134e-01 2.787e-01 1.207e-03 5.826e-04 3.468e-03 -1.000 7.894e-03 1.584 0.157 -0.381 -0.463 -0.504 -0.457 -0.476 -0.526 -0.941 -0.799 -0.669 -0.500 -0.452 -0.467 -0.752
0.008 -0.27576 10.00000 0.9725437164 2.4669809341    0.970  1.326  3.6796  2.769    3  0.000  0.464     0.00     0.00 -1  -1.1e-11      0.00 7.134e-01 2.787e-01 1.206e-03 5.829e-04 3.468e-03 -1.000 7.894e-03 1.456 0.021 -0.525 -0.608 -0.650 -0.603 -0.621 -0.673 -1.088 -0.947 -0.817 -0.646 -0.597 -0.614 -0.899
0.008 -0.27576 10.00000 0.9728082418 2.4670400620    0.970  1.375  3.6773  2.711    3  0.000  0.464     0.00     0.00 -1 -1.32e-11      0.00 7.134e-01 2.787e-01 1.206e-03 5.831e-04 3.468e-03 -1.000 7.894e-03 1.332 -0.110 -0.663 -0.748 -0.791 -0.742 -0.761 -0.814 -1.229 -1.089 -0.959 -0.786 -0.737 -0.755 -1.041
0.008 -0.27576 10.00000 0.9730529785 2.4670946598    0.970  1.425  3.6748  2.651    3  0.000  0.464     0.00     0.00 -1 -1.59e-11      0.00 7.134e-01 2.787e-01 1.206e-03 5.834e-04 3.468e-03 -1.000 7.894e-03 1.207 -0.242 -0.803 -0.889 -0.933 -0.884 -0.903 -0.957 -1.373 -1.233 -1.104 -0.929 -0.878 -0.898 -1.184
0.008 -0.27576 10.00000 0.9732760191 2.4671442509    0.970  1.474  3.6724  2.592    3  0.000  0.464     0.00     0.00 -1  -1.9e-11      0.00 7.134e-01 2.787e-01 1.206e-03 5.836e-04 3.468e-03 -1.000 7.894e-03 1.084 -0.372 -0.942 -1.029 -1.074 -1.023 -1.043 -1.098 -1.515 -1.375 -1.246 -1.069 -1.018 -1.040 -1.326
0.008 -0.27576 10.00000 0.9734785557 2.4671895504    0.970  1.522  3.6699  2.535    3  0.000  0.464     0.00     0.00 -1 -2.27e-11      0.00 7.134e-01 2.787e-01 1.206e-03 5.838e-04 3.469e-03 -1.000 7.894e-03 0.966 -0.498 -1.075 -1.165 -1.210 -1.159 -1.179 -1.236 -1.652 -1.513 -1.384 -1.205 -1.153 -1.177 -1.463
0.008 -0.27576 10.00000 0.9736775756 2.4672336578    0.970  1.569  3.6674  2.478    3  0.000  0.464     0.00     0.00 -1  -2.7e-11      0.00 7.134e-01 2.787e-01 1.206e-03 5.840e-04 3.469e-03 -1.000 7.894e-03 0.849 -0.623 -1.208 -1.299 -1.346 -1.293 -1.314 -1.372 -1.789 -1.650 -1.521 -1.340 -1.287 -1.314 -1.600
0.008 -0.27576 10.00000 0.9739407301 2.4672923088    0.970  1.616  3.6649  2.420    3  0.000  0.463     0.00     0.00 -1 -3.24e-11      0.00 7.134e-01 2.787e-01 1.206e-03 5.842e-04 3.469e-03 -1.000 7.894e-03 0.729 -0.751 -1.343 -1.436 -1.484 -1.429 -1.450 -1.511 -1.928 -1.789 -1.661 -1.478 -1.423 -1.453 -1.739
0.008 -0.27576 10.00000 0.9739823937 2.4673016071    0.970  1.621  3.6647  2.415    3  0.000  0.463     0.00     0.00 -1  -3.3e-11      0.00 7.134e-01 2.787e-01 1.206e-03 5.842e-04 3.469e-03 -1.000 7.895e-03 0.718 -0.762 -1.355 -1.448 -1.496 -1.441 -1.462 -1.523 -1.940 -1.801 -1.673 -1.490 -1.435 -1.465 -1.751
0.008 -0.27576 10.00000 0.9741625786 2.4673416615    0.970  1.585  3.6673  2.461    3  0.000  0.463     0.00     0.00 -1  -2.9e-11      0.00 7.133e-01 2.788e-01 1.205e-03 5.844e-04 3.469e-03 -1.000 7.895e-03 0.809 -0.663 -1.249 -1.340 -1.386 -1.333 -1.354 -1.413 -1.830 -1.691 -1.562 -1.381 -1.327 -1.355 -1.641
0.008 -0.27576 10.00000 0.9742416143 2.4673593044    0.970  1.558  3.6690  2.494    3  0.000  0.463     0.00     0.00 -1 -2.63e-11      0.00 7.133e-01 2.788e-01 1.205e-03 5.845e-04 3.469e-03 -1.000 7.895e-03 0.874 -0.593 -1.173 -1.262 -1.308 -1.257 -1.277 -1.334 -1.751 -1.612 -1.483 -1.303 -1.251 -1.276 -1.562
0.008 -0.27576 10.00000 0.9743221402 2.4673771858    0.970  1.583  3.6676  2.464    3  0.000  0.463     0.00     0.00 -1 -2.86e-11      0.00 7.133e-01 2.788e-01 1.205e-03 5.846e-04 3.469e-03 -1.000 7.895e-03 0.812 -0.659 -1.243 -1.334 -1.380 -1.328 -1.348 -1.407 -1.824 -1.685 -1.556 -1.375 -1.322 -1.349 -1.635
0.008 -0.27576 10.00000 0.9744735360 2.4674108028    0.970  1.631  3.6650  2.406    3  0.000  0.463     0.00     0.00 -1 -3.38e-11      0.00 7.133e-01 2.788e-01 1.205e-03 5.847e-04 3.469e-03 -1.000 7.895e-03 0.693 -0.787 -1.379 -1.472 -1.519 -1.464 -1.485 -1.546 -1.964 -1.825 -1.697 -1.514 -1.458 -1.488 -1.775
0.008 -0.27576 10.00000 0.9746190906 2.4674429893    0.970  1.679  3.6622  2.347    3  0.000  0.463     0.00     0.00 -1 -4.04e-11      0.00 7.133e-01 2.788e-01 1.205e-03 5.848e-04 3.469e-03 -1.000 7.895e-03 0.574 -0.915 -1.515 -1.610 -1.659 -1.601 -1.623 -1.686 -2.104 -1.966 -1.838 -1.653 -1.595 -1.629 -1.915
0.008 -0.27576 10.00000 0.9747514725 2.4674725533    0.970  1.725  3.6595  2.290    3  0.000  0.463     0.00     0.00 -1  -4.8e-11      0.00 7.133e-01 2.788e-01 1.205e-03 5.850e-04 3.469e-03 -1.000 7.895e-03 0.458 -1.039 -1.648 -1.745 -1.795 -1.735 -1.757 -1.823 -2.241 -2.103 -1.976 -1.789 -1.728 -1.765 -2.052
0.008 -0.27576 10.00000 0.9748735428 2.4674994946    0.970  1.771  3.6567  2.232    3  0.000  0.463     0.00     0.00 -1  -5.7e-11      0.00 7.133e-01 2.788e-01 1.205e-03 5.851e-04 3.469e-03 -1.000 7.895e-03 0.342 -1.162 -1.780 -1.879 -1.930 -1.868 -1.891 -1.959 -2.377 -2.239 -2.112 -1.924 -1.861 -1.902 -2.188
0.008 -0.27576 10.00000 0.9749860168 2.4675245285    0.970  1.817  3.6539  2.175    3  0.000  0.463     0.00     0.00 -1 -6.78e-11      0.00 7.133e-01 2.788e-01 1.205e-03 5.852e-04 3.469e-03 -1.000 7.895e-03 0.227 -1.286 -1.913 -2.014 -2.066 -2.001 -2.025 -2.096 -2.514 -2.376 -2.250 -2.060 -1.994 -2.038 -2.325
0.008 -0.27576 10.00000 0.9750878215 2.4675471783    0.969  1.862  3.6511  2.118    3  0.000  0.463     0.00     0.00 -1 -8.03e-11      0.00 7.133e-01 2.788e-01 1.205e-03 5.853e-04 3.469e-03 -1.000 7.895e-03 0.114 -1.407 -2.043 -2.146 -2.200 -2.132 -2.157 -2.230 -2.648 -2.511 -2.385 -2.193 -2.125 -2.173 -2.459
0.008 -0.27576 10.00000 0.9751814604 2.4675679207    0.969  1.907  3.6482  2.062    3  0.000  0.463     0.00     0.00 -1 -9.51e-11      0.00 7.133e-01 2.788e-01 1.205e-03 5.854e-04 3.469e-03 -1.000 7.895e-03 0.001 -1.528 -2.173 -2.279 -2.333 -2.263 -2.288 -2.364 -2.782 -2.645 -2.519 -2.326 -2.256 -2.307 -2.594
0.008 -0.27576 10.00000 0.9752677083 2.4675869942    0.969  1.952  3.6453  2.005    3  0.000  0.463     0.00     0.00 -1 -1.12e-10      0.00 7.133e-01 2.788e-01 1.205e-03 5.855e-04 3.469e-03 -1.000 7.895e-03 -0.111 -1.648 -2.303 -2.410 -2.466 -2.394 -2.419 -2.498 -2.916 -2.779 -2.654 -2.459 -2.386 -2.441 -2.727
0.008 -0.27576 10.00000 0.9753466845 2.4676046371    0.969  1.997  3.6424  1.949    3  0.000  0.463     0.00     0.00 -1 -1.33e-10      0.00 7.133e-01 2.788e-01 1.205e-03 5.855e-04 3.469e-03 -1.000 7.895e-03 -0.221 -1.766 -2.426 -2.538 -2.595 -2.519 -2.547 -2.629 -3.016 -3.350 -3.586 -2.588 -2.511 -2.579 -2.841
0.008 -0.27576 10.00000 0.9754197001 2.4676206112    0.968  2.041  3.6394  1.893    3  0.000  0.463     0.00     0.00 -1 -1.57e-10      0.00 7.133e-01 2.788e-01 1.205e-03 5.856e-04 3.469e-03 -1.000 7.895e-03 -0.333 -1.885 -2.549 -2.666 -2.725 -2.645 -2.675 -2.760 -3.113 -3.973 -4.612 -2.718 -2.636 -2.720 -2.955
0.008 -0.27576 10.00000 0.9754837155 2.4676349163    0.968  2.084  3.6366  1.838    3  0.000  0.463     0.00     0.00 -1 -1.85e-10      0.00 7.133e-01 2.788e-01 1.205e-03 5.857e-04 3.469e-03 -1.000 7.895e-03 -0.439 -1.997 -2.666 -2.788 -2.849 -2.765 -2.798 -2.885 -3.206 -4.568 -5.592 -2.842 -2.756 -2.853 -3.062
0.008 -0.27576 10.00000 0.9755443931 2.4676482677    0.968  2.127  3.6335  1.783    3  0.000  0.463     0.00     0.00 -1 -2.18e-10      0.00 7.133e-01 2.788e-01 1.204e-03 5.857e-04 3.469e-03 -1.000 7.895e-03 -0.548 -2.113 -2.786 -2.914 -2.977 -2.888 -2.924 -3.013 -3.301 -5.180 -6.600 -2.969 -2.879 -2.990 -3.173
0.008 -0.27576 10.00000 0.9755995274 2.4676606655    0.967  2.170  3.6306  1.728    3  0.000  0.463     0.00     0.00 -1 -2.56e-10      0.00 7.133e-01 2.788e-01 1.204e-03 5.858e-04 3.469e-03 -1.000 7.895e-03 -0.655 -2.226 -2.905 -3.038 -3.102 -3.010 -3.049 -3.138 -3.395 -5.783 -7.594 -3.094 -3.001 -3.124 -3.282
0.008 -0.27576 10.00000 0.9756497741 2.4676716328    0.967  2.212  3.6276  1.673    3  0.000  0.463     0.00     0.00 -1 -3.01e-10      0.00 7.133e-01 2.788e-01 1.204e-03 5.858e-04 3.469e-03 -1.000 7.895e-03 -0.761 -2.337 -3.021 -3.159 -3.226 -3.131 -3.172 -3.262 -3.487 -6.379 -8.575 -3.218 -3.121 -3.256 -3.390
0.008 -0.27576 10.00000 0.9756973386 2.4676821232    0.966  2.255  3.6246  1.618    3  0.000  0.463     0.00     0.00 -1 -3.54e-10      0.00 7.133e-01 2.788e-01 1.204e-03 5.859e-04 3.469e-03 -1.000 7.895e-03 -0.869 -2.451 -3.139 -3.284 -3.352 -3.254 -3.298 -3.387 -3.582 -6.988 -9.579 -3.344 -3.244 -3.391 -3.500
0.008 -0.27576 10.00000 0.9757394195 2.4676916599    0.966  2.296  3.6216  1.565    3  0.000  0.463     0.00     0.00 -1 -4.14e-10      0.00 7.133e-01 2.788e-01 1.204e-03 5.859e-04 3.469e-03 -1.000 7.895e-03 -0.971 -2.559 -3.252 -3.403 -3.473 -3.372 -3.418 -3.506 -3.672 -7.570 -10.538 -3.464 -3.362 -3.519 -3.605
0.008 -0.27576 10.00000 0.9757788181 2.4677002430    0.965  2.338  3.6186  1.511    3  0.000  0.463     0.00     0.00 -1 -4.84e-10      0.00 7.133e-01 2.788e-01 1.204e-03 5.859e-04 3.469e-03 -1.000 7.895e-03 -1.075 -2.668 -3.366 -3.523 -3.595 -3.491 -3.541 -3.626 -3.763 -8.160 -11.510 -3.586 -3.482 -3.648 -3.711
0.008 -0.27576 10.00000 0.9758152366 2.4677083492    0.964  2.379  3.6156  1.457    3  0.000  0.463     0.00     0.00 -1 -5.67e-10      0.00 7.133e-01 2.788e-01 1.204e-03 5.860e-04 3.469e-03 -1.000 7.895e-03 -1.178 -2.777 -3.484 -3.646 -3.719 -3.614 -3.665 -3.750 -3.883 -8.382 -11.811 -3.710 -3.604 -3.774 -3.834
0.008 -0.27576 10.00000 0.9758481383 2.4677157402    0.964  2.419  3.6126  1.405    3  0.000  0.463     0.00     0.00 -1 -6.61e-10      0.00 7.133e-01 2.788e-01 1.204e-03 5.860e-04 3.469e-03 -1.000 7.895e-03 -1.278 -2.884 -3.600 -3.766 -3.841 -3.734 -3.786 -3.871 -4.007 -8.506 -11.935 -3.831 -3.724 -3.896 -3.958
0.008 -0.27576 10.00000 0.9758796692 2.4677226543    0.963  2.461  3.6095  1.351    3  0.000  0.463     0.00     0.00 -1 -7.74e-10      0.00 7.133e-01 2.788e-01 1.204e-03 5.860e-04 3.469e-03 -1.000 7.895e-03 -1.382 -2.995 -3.720 -3.891 -3.967 -3.859 -3.912 -3.996 -4.136 -8.635 -12.063 -3.957 -3.849 -4.022 -4.086
0.008 -0.27576 10.00000 0.9759077430 2.4677288532    0.962  2.500  3.6064  1.298    3  0.000  0.463     0.00     0.00 -1 -9.01e-10      0.00 7.133e-01 2.788e-01 1.204e-03 5.861e-04 3.469e-03 -1.000 7.895e-03 -1.481 -3.100 -3.835 -4.011 -4.088 -3.978 -4.034 -4.117 -4.259 -8.758 -12.187 -4.078 -3.968 -4.144 -4.210
0.008 -0.27576 10.00000 0.9759336710 2.4677345753    0.961  2.540  3.6034  1.247    3  0.000  0.463     0.00     0.00 -1 -1.05e-09      0.00 7.133e-01 2.788e-01 1.204e-03 5.861e-04 3.469e-03 -1.000 7.895e-03 -1.579 -3.205 -3.949 -4.129 -4.208 -4.096 -4.154 -4.237 -4.382 -8.881 -12.309 -4.198 -4.086 -4.264 -4.333
0.008 -0.27576 10.00000 0.9759581685 2.4677400589    0.960  2.580  3.6002  1.194    3  0.000  0.463     0.00     0.00 -1 -1.22e-09      0.00 7.133e-01 2.788e-01 1.204e-03 5.861e-04 3.469e-03 -1.000 7.895e-03 -1.679 -3.311 -4.064 -4.250 -4.330 -4.216 -4.276 -4.358 -4.506 -9.005 -12.434 -4.319 -4.207 -4.386 -4.457
0.008 -0.27576 10.00000 0.9759801030 2.4677448273    0.959  2.618  3.5972  1.143    3  0.000  0.463     0.00     0.00 -1 -1.41e-09      0.00 7.133e-01 2.788e-01 1.204e-03 5.861e-04 3.469e-03 -1.000 7.895e-03 -1.774 -3.413 -4.175 -4.366 -4.448 -4.332 -4.394 -4.475 -4.626 -9.125 -12.554 -4.436 -4.322 -4.504 -4.577
0.008 -0.27576 10.00000 0.9760004282 2.4677493572    0.958  2.655  3.5941  1.092    3  0.000  0.463     0.00     0.00 -1 -1.64e-09      0.00 7.133e-01 2.788e-01 1.204e-03 5.861e-04 3.469e-03 -1.000 7.895e-03 -1.868 -3.513 -4.285 -4.480 -4.564 -4.446 -4.510 -4.590 -4.745 -9.244 -12.672 -4.552 -4.437 -4.620 -4.696
0.008 -0.27576 10.00000 0.9760195613 2.4677536488    0.957  2.693  3.5910  1.042    3  0.000  0.463     0.00     0.00 -1 -1.89e-09      0.00 7.133e-01 2.788e-01 1.204e-03 5.862e-04 3.469e-03 -1.000 7.895e-03 -1.963 -3.614 -4.395 -4.596 -4.681 -4.561 -4.627 -4.707 -4.865 -9.363 -12.792 -4.668 -4.552 -4.737 -4.815
0.008 -0.27576 10.00000 0.9760368466 2.4677574635    0.955  2.730  3.5880  0.992    3  0.000  0.463     0.00     0.00 -1 -2.18e-09      0.00 7.133e-01 2.788e-01 1.204e-03 5.862e-04 3.469e-03 -1.000 7.895e-03 -2.054 -3.711 -4.501 -4.707 -4.794 -4.672 -4.741 -4.820 -4.981 -9.479 -12.908 -4.781 -4.663 -4.851 -4.931
0.008 -0.27576 10.00000 0.9760534167 2.4677610397    0.954  2.767  3.5848  0.942    3  0.000  0.463     0.00     0.00 -1 -2.51e-09      0.00 7.133e-01 2.788e-01 1.204e-03 5.862e-04 3.469e-03 -1.000 7.895e-03 -2.147 -3.810 -4.609 -4.821 -4.910 -4.785 -4.858 -4.936 -5.100 -9.598 -13.027 -4.895 -4.777 -4.967 -5.050
0.008 -0.27576 10.00000 0.9760723710 2.4677653313    0.952  2.811  3.5809  0.881    3  0.000  0.463     0.00     0.00 -1 -2.99e-09      0.00 7.133e-01 2.788e-01 1.204e-03 5.862e-04 3.469e-03 -1.000 7.895e-03 -2.259 -3.931 -4.741 -4.958 -5.050 -4.923 -4.999 -5.076 -5.244 -9.743 -13.171 -5.035 -4.915 -5.109 -5.195
0.008 -0.27576 10.00000 0.9760891795 2.4677689075    0.950  2.854  3.5771  0.822    3  0.000  0.463     0.00     0.00 -1 -3.54e-09      0.00 7.133e-01 2.788e-01 1.204e-03 5.862e-04 3.469e-03 -1.000 7.895e-03 -2.365 -4.046 -4.866 -5.090 -5.184 -5.055 -5.135 -5.211 -5.383 -9.881 -13.310 -5.168 -5.047 -5.244 -5.333
0.008 -0.27576 10.00000 0.9761046171 2.4677724838    0.948  2.896  3.5733  0.764    3  0.000  0.463     0.00     0.00 -1 -4.17e-09      0.00 7.133e-01 2.788e-01 1.204e-03 5.862e-04 3.469e-03 -1.000 7.895e-03 -2.470 -4.160 -4.990 -5.221 -5.318 -5.186 -5.270 -5.345 -5.521 -10.019 -13.448 -5.300 -5.178 -5.379 -5.471
0.008 -0.27576 10.00000 0.9761190414 2.4677755833    0.946  2.938  3.5694  0.706    3  0.000  0.463     0.00     0.00 -1 -4.92e-09      0.00 7.133e-01 2.788e-01 1.204e-03 5.863e-04 3.469e-03 -1.000 7.895e-03 -2.574 -4.274 -5.113 -5.351 -5.450 -5.316 -5.404 -5.478 -5.658 -10.157 -13.585 -5.432 -5.308 -5.514 -5.608
0.008 -0.27576 10.00000 0.9761320949 2.4677784443    0.943  2.978  3.5656  0.649    3  0.000  0.463     0.00     0.00 -1 -5.77e-09      0.00 7.133e-01 2.788e-01 1.204e-03 5.863e-04 3.469e-03 -1.000 7.895e-03 -2.675 -4.385 -5.233 -5.477 -5.579 -5.442 -5.534 -5.608 -5.792 -10.291 -13.719 -5.559 -5.435 -5.645 -5.742
0.008 -0.27576 10.00000 0.9761443734 2.4677813053    0.940  3.018  3.5617  0.592    3  0.000  0.463     0.00     0.00 -1 -6.76e-09      0.00 7.133e-01 2.788e-01 1.204e-03 5.863e-04 3.469e-03 -1.000 7.895e-03 -2.775 -4.495 -5.352 -5.603 -5.708 -5.568 -5.664 -5.737 -5.926 -10.424 -13.853 -5.686 -5.561 -5.775 -5.876
0.008 -0.27576 10.00000 0.9761556387 2.4677836895    0.937  3.057  3.5577  0.536    3  0.000  0.463     0.00     0.00 -1  -7.9e-09      0.00 7.133e-01 2.788e-01 1.204e-03 5.863e-04 3.469e-03 -1.000 7.895e-03 -2.873 -4.603 -5.469 -5.727 -5.835 -5.692 -5.793 -5.865 -6.058 -10.556 -13.985 -5.811 -5.686 -5.905 -6.008
0.008 -0.27576 10.00000 0.9761660695 2.4677860737    0.934  3.095  3.5537  0.480    3  0.000  0.463     0.00     0.00 -1 -9.22e-09      0.00 7.133e-01 2.788e-01 1.204e-03 5.863e-04 3.469e-03 -1.000 7.895e-03 -2.968 -4.709 -5.584 -5.849 -5.959 -5.815 -5.920 -5.991 -6.188 -10.687 -14.115 -5.934 -5.809 -6.032 -6.138
0.008 -0.27576 10.00000 0.9761755466 2.4677882195    0.931  3.132  3.5499  0.426    3  0.000  0.463     0.00     0.00 -1 -1.07e-08      0.00 7.133e-01 2.788e-01 1.204e-03 5.863e-04 3.469e-03 -1.000 7.895e-03 -3.060 -4.813 -5.695 -5.966 -6.080 -5.934 -6.043 -6.114 -6.316 -10.814 -14.242 -6.053 -5.929 -6.157 -6.266
0.008 -0.27576 10.00000 0.9761844277 2.4677901268    0.927  3.168  3.5460  0.372    3  0.000  0.463     0.00     0.00 -1 -1.24e-08      0.00 7.133e-01 2.788e-01 1.204e-03 5.863e-04 3.469e-03 -1.000 7.895e-03 -3.151 -4.916 -5.805 -6.083 -6.200 -6.054 -6.166 -6.237 -6.443 -10.941 -14.369 -6.171 -6.049 -6.281 -6.392
0.008 -0.27576 10.00000 0.9761925936 2.4677917957    0.923  3.203  3.5421  0.320    3  0.000  0.463     0.00     0.00 -1 -1.43e-08      0.00 7.133e-01 2.788e-01 1.204e-03 5.863e-04 3.469e-03 -1.000 7.895e-03 -3.238 -5.015 -5.910 -6.195 -6.315 -6.169 -6.285 -6.356 -6.565 -11.064 -14.492 -6.285 -6.165 -6.402 -6.515
0.008 -0.27576 10.00000 0.9762004018 2.4677937031    0.918  3.238  3.5381  0.268    3  0.000  0.463     0.00     0.00 -1 -1.65e-08      0.00 7.133e-01 2.788e-01 1.204e-03 5.863e-04 3.469e-03 -1.000 7.895e-03 -3.325 -5.114 -6.016 -6.308 -6.432 -6.285 -6.405 -6.476 -6.689 -11.187 -14.616 -6.399 -6.281 -6.523 -6.639
0.008 -0.27576 10.00000 0.9762076139 2.4677951336    0.914  3.272  3.5342  0.216    3  0.000  0.463     0.00     0.00 -1  -1.9e-08      0.00 7.133e-01 2.788e-01 1.204e-03 5.863e-04 3.469e-03 -1.000 7.895e-03 -3.409 -5.212 -6.118 -6.418 -6.544 -6.397 -6.520 -6.591 -6.809 -11.307 -14.736 -6.509 -6.394 -6.640 -6.759
0.008 -0.27576 10.00000 0.9762143493 2.4677968025    0.909  3.304  3.5304  0.165    3  0.000  0.463     0.00     0.00 -1 -2.17e-08      0.00 7.133e-01 2.788e-01 1.204e-03 5.863e-04 3.469e-03 -1.000 7.895e-03 -3.491 -5.307 -6.219 -6.525 -6.655 -6.508 -6.634 -6.705 -6.927 -11.425 -14.853 -6.617 -6.505 -6.756 -6.876
0.008 -0.27576 10.00000 0.9762208462 2.4677982330    0.903  3.337  3.5266  0.115    3  0.000  0.463     0.00     0.00 -1 -2.49e-08      0.00 7.133e-01 2.788e-01 1.204e-03 5.864e-04 3.469e-03 -1.000 7.895e-03 -3.572 -5.401 -6.316 -6.631 -6.763 -6.616 -6.746 -6.816 -7.043 -11.541 -14.969 -6.723 -6.614 -6.870 -6.993
0.008 -0.27576 10.00000 0.9762269855 2.4677994251    0.897  3.368  3.5230  0.067    3  0.000  0.463     0.00     0.00 -1 -2.83e-08      0.00 7.133e-01 2.788e-01 1.204e-03 5.864e-04 3.469e-03 -1.000 7.895e-03 -3.649 -5.490 -6.409 -6.731 -6.867 -6.720 -6.852 -6.923 -7.154 -11.652 -15.080 -6.825 -6.718 -6.978 -7.104
0.008 -0.27576 10.00000 0.9762316942 2.4678006172    0.892  3.390  3.5203  0.032    3  0.000  0.463     0.00     0.00 -1 -3.12e-08      0.00 7.133e-01 2.789e-01 1.204e-03 5.864e-04 3.469e-03 -1.000 7.895e-03 -3.705 -5.555 -6.477 -6.805 -6.944 -6.796 -6.931 -7.002 -7.236 -11.734 -15.162 -6.900 -6.794 -7.059 -7.186
0.008 -0.27576 10.00000 0.9762316942 2.4678006172    0.892  1.705  3.6848  2.375    4  0.000  0.486     0.00     0.00 -1    -1e-30      0.00 7.169e-01 2.753e-01 1.258e-03 5.126e-04 3.453e-03 -1.000 7.800e-03 0.509 -0.912 -1.438 -1.519 -1.561 -1.511 -1.530 -1.584 -2.001 -1.861 -1.733 -1.557 -1.506 -1.526 -1.812
0.008 -0.27576 10.00000 0.9763137102 2.4678187370    0.893  1.714  3.6840  2.363    4  0.000  0.486     0.00     0.00 -1    -1e-30      0.00 7.169e-01 2.753e-01 1.258e-03 5.126e-04 3.453e-03 -1.000 7.800e-03 0.485 -0.937 -1.466 -1.547 -1.590 -1.539 -1.558 -1.613 -2.030 -1.890 -1.762 -1.585 -1.534 -1.555 -1.841
0.008 -0.27576 10.00000 0.9764017463 2.4678380489    0.893  1.717  3.6839  2.359    4  0.000  0.486     0.00     0.00 -1    -1e-30      0.00 7.169e-01 2.753e-01 1.258e-03 5.126e-04 3.453e-03 -1.000 7.800e-03 0.476 -0.947 -1.476 -1.557 -1.600 -1.550 -1.568 -1.623 -2.040 -1.901 -1.772 -1.596 -1.544 -1.565 -1.851
0.008 -0.27576 10.00000 0.9764822125 2.4678559303    0.893  1.718  3.6841  2.359    4  0.000  0.486     0.00     0.00 -1    -1e-30      0.00 7.169e-01 2.753e-01 1.258e-03 5.126e-04 3.453e-03 -1.000 7.800e-03 0.475 -0.948 -1.476 -1.557 -1.600 -1.549 -1.568 -1.623 -2.040 -1.900 -1.772 -1.595 -1.544 -1.565 -1.851
0.008 -0.27576 10.00000 0.9765630364 2.4678738117    0.893  1.717  3.6845  2.362    4  0.000  0.486     0.00     0.00 -1    -1e-30      0.00 7.169e-01 2.753e-01 1.258e-03 5.126e-04 3.453e-03 -1.000 7.800e-03 0.478 -0.943 -1.471 -1.551 -1.594 -1.544 -1.562 -1.617 -2.034 -1.894 -1.766 -1.590 -1.538 -1.559 -1.845
0.008 -0.27576 10.00000 0.9766457081 2.4678921700    0.893  1.715  3.6850  2.366    4  0.000  0.486     0.00     0.00 -1    -1e-30      0.00 7.169e-01 2.753e-01 1.258e-03 5.126e-04 3.453e-03 -1.000 7.800e-03 0.483 -0.936 -1.462 -1.542 -1.585 -1.535 -1.553 -1.608 -2.024 -1.885 -1.757 -1.580 -1.529 -1.550 -1.836
0.008 -0.27576 10.00000 0.9767259955 2.4679098129    0.893  1.712  3.6856  2.371    4  0.000  0.486     0.00     0.00 -1    -1e-30      0.00 7.169e-01 2.753e-01 1.258e-03 5.126e-04 3.453e-03 -1.000 7.800e-03 0.489 -0.929 -1.453 -1.533 -1.575 -1.525 -1.544 -1.598 -2.015 -1.875 -1.747 -1.571 -1.520 -1.540 -1.826
0.008 -0.27576 10.00000 0.9768088460 2.4679281712    0.893  1.710  3.6861  2.375    4  0.000  0.486     0.00     0.00 -1    -1e-30      0.00 7.169e-01 2.753e-01 1.258e-03 5.126e-04 3.453e-03 -1.000 7.800e-03 0.495 -0.921 -1.443 -1.523 -1.565 -1.516 -1.534 -1.588 -2.004 -1.865 -1.736 -1.561 -1.510 -1.529 -1.815
0.008 -0.27576 10.00000 0.9768915176 2.4679462910    0.893  1.708  3.6866  2.380    4  0.000  0.486     0.00     0.00 -1    -1e-30      0.00 7.169e-01 2.753e-01 1.258e-03 5.126e-04 3.453e-03 -1.000 7.800e-03 0.501 -0.913 -1.434 -1.514 -1.556 -1.506 -1.524 -1.578 -1.995 -1.855 -1.726 -1.551 -1.501 -1.520 -1.806
0.008 -0.27576 10.00000 0.9769752622 2.4679648876    0.893  1.706  3.6871  2.384    4  0.000  0.486     0.00     0.00 -1    -1e-30      0.00 7.169e-01 2.753e-01 1.258e-03 5.126e-04 3.453e-03 -1.000 7.800e-03 0.506 -0.907 -1.426 -1.505 -1.547 -1.498 -1.516 -1.569 -1.986 -1.846 -1.718 -1.543 -1.493 -1.511 -1.797
0.008 -0.27576 10.00000 0.9770631790 2.4679841995    0.893  1.704  3.6876  2.387    4  0.000  0.486     0.00     0.00 -1    -1e-30      0.00 7.169e-01 2.753e-01 1.258e-03 5.126e-04 3.453e-03 -1.000 7.800e-03 0.510 -0.901 -1.419 -1.498 -1.539 -1.490 -1.508 -1.561 -1.978 -1.838 -1.710 -1.535 -1.485 -1.503 -1.789
0.008 -0.27576 10.00000 0.9771515727 2.4680037498    0.893  1.702  3.6880  2.391    4  0.000  0.486     0.00     0.00 -1    -1e-30      0.00 7.169e-01 2.753e-01 1.258e-03 5.126e-04 3.453e-03 -1.000 7.800e-03 0.514 -0.895 -1.412 -1.491 -1.532 -1.484 -1.501 -1.554 -1.971 -1.831 -1.702 -1.528 -1.478 -1.496 -1.782
0.008 -0.27576 10.00000 0.9772372842 2.4680228233    0.894  1.701  3.6884  2.394    4  0.000  0.486     0.00     0.00 -1    -1e-30      0.00 7.169e-01 2.753e-01 1.258e-03 5.126e-04 3.453e-03 -1.000 7.800e-03 0.517 -0.891 -1.406 -1.485 -1.526 -1.478 -1.496 -1.548 -1.965 -1.825 -1.696 -1.522 -1.473 -1.490 -1.776
0.008 -0.27576 10.00000 0.9773204923 2.4680411816    0.894  1.700  3.6887  2.396    4  0.000  0.486     0.00     0.00 -1    -1e-30      0.00 7.169e-01 2.753e-01 1.258e-03 5.126e-04 3.453e-03 -1.000 7.800e-03 0.520 -0.887 -1.402 -1.480 -1.521 -1.473 -1.491 -1.543 -1.959 -1.820 -1.691 -1.517 -1.468 -1.485 -1.770
0.008 -0.27576 10.00000 0.9773673415 2.4680514336    0.894  1.700  3.6889  2.397    4  0.000  0.486     0.00     0.00 -1    -1e-30      0.00 7.169e-01 2.753e-01 1.258e-03 5.126e-04 3.453e-03 -1.000 7.800e-03 0.521 -0.885 -1.399 -1.477 -1.518 -1.470 -1.488 -1.540 -1.957 -1.817 -1.688 -1.514 -1.465 -1.482 -1.768
0.008 -0.27576 10.00000 0.9773771167 2.4680535793    0.894  1.699  3.6889  2.398    4  0.000  0.486     0.00     0.00 -1    -1e-30      0.00 7.169e-01 2.753e-01 1.258e-03 5.126e-04 3.453e-03 -1.000 7.800e-03 0.521 -0.885 -1.399 -1.477 -1.518 -1.470 -1.488 -1.540 -1.956 -1.816 -1.688 -1.514 -1.465 -1.482 -1.767
0.008 -0.27576 10.00000 0.9774628878 2.4680724144    0.894  1.699  3.6892  2.400    4  0.000  0.486     0.00     0.00 -1    -1e-30      0.00 7.169e-01 2.753e-01 1.258e-03 5.126e-04 3.453e-03 -1.000 7.800e-03 0.523 -0.882 -1.395 -1.473 -1.514 -1.466 -1.484 -1.536 -1.952 -1.812 -1.684 -1.510 -1.461 -1.478 -1.763
0.008 -0.27576 10.00000 0.9775431156 2.4680902958    0.894  1.698  3.6894  2.401    4  0.000  0.486     0.00     0.00 -1    -1e-30      0.00 7.169e-01 2.753e-01 1.258e-03 5.126e-04 3.453e-03 -1.000 7.800e-03 0.524 -0.881 -1.393 -1.471 -1.512 -1.464 -1.481 -1.534 -1.950 -1.810 -1.681 -1.507 -1.459 -1.475 -1.761
0.008 -0.27576 10.00000 0.9776273370 2.4681088924    0.894  1.698  3.6896  2.401    4  0.000  0.486     0.00     0.00 -1    -1e-30      0.00 7.169e-01 2.753e-01 1.258e-03 5.126e-04 3.453e-03 -1.000 7.800e-03 0.524 -0.880 -1.392 -1.469 -1.510 -1.463 -1.480 -1.532 -1.948 -1.808 -1.680 -1.506 -1.457 -1.474 -1.759
0.008 -0.27576 10.00000 0.9777060747 2.4681260586    0.894  1.698  3.6897  2.402    4  0.000  0.486     0.00     0.00 -1    -1e-30      0.00 7.169e-01 2.753e-01 1.258e-03 5.126e-04 3.453e-03 -1.000 7.800e-03 0.524 -0.880 -1.391 -1.469 -1.510 -1.462 -1.480 -1.532 -1.948 -1.808 -1.679 -1.506 -1.457 -1.473 -1.759
0.008 -0.27576 10.00000 0.9777868986 2.4681439400    0.894  1.699  3.6898  2.402    4  0.000  0.486     0.00     0.00 -1    -1e-30      0.00 7.169e-01 2.753e-01 1.258e-03 5.126e-04 3.453e-03 -1.000 7.800e-03 0.523 -0.881 -1.392 -1.470 -1.511 -1.463 -1.481 -1.533 -1.949 -1.809 -1.680 -1.507 -1.458 -1.474 -1.760
0.008 -0.27576 10.00000 0.9778732061 2.4681630135    0.894  1.700  3.6898  2.400    4  0.000  0.486     0.00     0.00 -1    -1e-30      0.00 7.169e-01 2.753e-01 1.258e-03 5.126e-04 3.453e-03 -1.000 7.800e-03 0.520 -0.884 -1.395 -1.473 -1.514 -1.466 -1.483 -1.535 -1.952 -1.812 -1.683 -1.509 -1.461 -1.477 -1.763
0.008 -0.27576 10.00000 0.9779530764 2.4681806564    0.894  1.701  3.6897  2.399    4  0.000  0.486     0.00     0.00 -1    -1e-30      0.00 7.169e-01 2.753e-01 1.258e-03 5.126e-04 3.453e-03 -1.000 7.800e-03 0.517 -0.887 -1.399 -1.476 -1.517 -1.469 -1.487 -1.539 -1.955 -1.815 -1.687 -1.513 -1.464 -1.481 -1.766
0.008 -0.27576 10.00000 0.9779700041 2.4681842327    0.894  1.702  3.6897  2.399    4  0.000  0.486     0.00     0.00 -1    -1e-30      0.00 7.169e-01 2.753e-01 1.258e-03 5.126e-04 3.453e-03 -1.000 7.800e-03 0.516 -0.888 -1.399 -1.477 -1.518 -1.470 -1.488 -1.540 -1.956 -1.816 -1.687 -1.514 -1.465 -1.481 -1.767
0.008 -0.27576 10.00000 0.9780024886 2.4681913853    0.894  1.702  3.6896  2.398    4  0.000  0.486     0.00     0.00 -1    -1e-30      0.00 7.169e-01 2.753e-01 1.258e-03 5.126e-04 3.453e-03 -1.000 7.800e-03 0.514 -0.890 -1.402 -1.480 -1.520 -1.473 -1.490 -1.542 -1.958 -1.819 -1.690 -1.516 -1.467 -1.484 -1.770
0.008 -0.27576 10.00000 0.9780699015 2.4682064056    0.895  1.704  3.6895  2.395    4  0.000  0.486     0.00     0.00 -1    -1e-30      0.00 7.169e-01 2.753e-01 1.258e-03 5.126e-04 3.453e-03 -1.000 7.800e-03 0.510 -0.895 -1.407 -1.485 -1.526 -1.478 -1.495 -1.548 -1.964 -1.824 -1.695 -1.522 -1.473 -1.489 -1.775
0.008 -0.27576 10.00000 0.9781370163 2.4682211876    0.895  1.706  3.6893  2.393    4  0.000  0.486     0.00     0.00 -1    -1e-30      0.00 7.169e-01 2.753e-01 1.258e-03 5.126e-04 3.453e-03 -1.000 7.800e-03 0.505 -0.901 -1.413 -1.491 -1.532 -1.484 -1.502 -1.554 -1.971 -1.831 -1.702 -1.528 -1.479 -1.496 -1.782
0.008 -0.27576 10.00000 0.9782083631 2.4682369232    0.895  1.709  3.6890  2.389    4  0.000  0.486     0.00     0.00 -1    -1e-30      0.00 7.169e-01 2.753e-01 1.258e-03 5.126e-04 3.453e-03 -1.000 7.800e-03 0.498 -0.909 -1.422 -1.500 -1.541 -1.493 -1.511 -1.563 -1.980 -1.840 -1.711 -1.537 -1.488 -1.505 -1.791
0.008 -0.27576 10.00000 0.9782804251 2.4682526588    0.895  1.712  3.6887  2.384    4  0.000  0.486     0.00     0.00 -1    -1e-30      0.00 7.169e-01 2.753e-01 1.258e-03 5.126e-04 3.453e-03 -1.000 7.800e-03 0.490 -0.918 -1.432 -1.511 -1.552 -1.503 -1.521 -1.574 -1.990 -1.850 -1.722 -1.548 -1.498 -1.515 -1.801
0.008 -0.27576 10.00000 0.9783477187 2.4682674408    0.895  1.715  3.6883  2.380    4  0.000  0.486     0.00     0.00 -1    -1e-30      0.00 7.169e-01 2.753e-01 1.258e-03 5.126e-04 3.453e-03 -1.000 7.800e-03 0.482 -0.927 -1.443 -1.521 -1.563 -1.514 -1.532 -1.585 -2.001 -1.862 -1.733 -1.559 -1.509 -1.527 -1.812
0.008 -0.27576 10.00000 0.9784162641 2.4682826996    0.895  1.719  3.6879  2.374    4  0.000  0.486     0.00     0.00 -1    -1e-30      0.00 7.169e-01 2.753e-01 1.258e-03 5.126e-04 3.453e-03 -1.000 7.800e-03 0.472 -0.938 -1.454 -1.533 -1.575 -1.526 -1.544 -1.597 -2.014 -1.874 -1.745 -1.571 -1.521 -1.539 -1.825
0.008 -0.27576 10.00000 0.9784833789 2.4682974815    0.895  1.722  3.6876  2.370    4  0.000  0.486     0.00     0.00 -1    -1e-30      0.00 7.169e-01 2.753e-01 1.258e-03 5.126e-04 3.453e-03 -1.000 7.800e-03 0.466 -0.946 -1.463 -1.542 -1.584 -1.535 -1.553 -1.606 -2.023 -1.883 -1.754 -1.580 -1.529 -1.548 -1.834
0.008 -0.27576 10.00000 0.9785519242 2.4683125019    0.895  1.730  3.6867  2.358    4  0.000  0.486     0.00     0.00 -1    -1e-30      0.00 7.169e-01 2.753e-01 1.258e-03 5.126e-04 3.453e-03 -1.000 7.800e-03 0.444 -0.970 -1.491 -1.570 -1.612 -1.563 -1.581 -1.635 -2.051 -1.912 -1.784 -1.608 -1.557 -1.577 -1.863
0.008 -0.27576 10.00000 0.9786250591 2.4683284760    0.895  1.742  3.6855  2.342    4  0.000  0.486     0.00     0.00 -1    -1e-30      0.00 7.169e-01 2.753e-01 1.258e-03 5.126e-04 3.453e-03 -1.000 7.800e-03 0.416 -1.002 -1.526 -1.607 -1.649 -1.599 -1.617 -1.672 -2.089 -1.949 -1.821 -1.645 -1.593 -1.614 -1.900
0.008 -0.27576 10.00000 0.9786843657 2.4683415890    0.895  1.753  3.6842  2.326    4  0.000  0.486     0.00     0.00 -1    -1e-30      0.00 7.169e-01 2.753e-01 1.258e-03 5.126e-04 3.453e-03 -1.000 7.800e-03 0.388 -1.035 -1.562 -1.643 -1.686 -1.635 -1.653 -1.709 -2.126 -1.987 -1.859 -1.682 -1.629 -1.651 -1.937
0.008 -0.27576 10.00000 0.9787544012 2.4683570862    0.895  1.771  3.6823  2.300    4  0.000  0.486     0.00     0.00 -1    -1e-30      0.00 7.169e-01 2.753e-01 1.258e-03 5.126e-04 3.453e-03 -1.000 7.800e-03 0.341 -1.088 -1.621 -1.704 -1.747 -1.695 -1.713 -1.771 -2.188 -2.049 -1.921 -1.743 -1.689 -1.713 -1.999
0.008 -0.27576 10.00000 0.9788224101 2.4683718681    0.895  1.803  3.6791  2.256    4  0.000  0.486     0.00     0.00 -1    -1e-30      0.00 7.169e-01 2.753e-01 1.258e-03 5.126e-04 3.453e-03 -1.000 7.800e-03 0.263 -1.177 -1.720 -1.804 -1.849 -1.794 -1.814 -1.873 -2.291 -2.152 -2.025 -1.844 -1.788 -1.816 -2.102
0.008 -0.27576 10.00000 0.9788616896 2.4683806896    0.895  1.838  3.6755  2.206    4  0.000  0.486     0.00     0.00 -1    -1e-30      0.00 7.169e-01 2.753e-01 1.258e-03 5.126e-04 3.453e-03 -1.000 7.800e-03 0.175 -1.277 -1.831 -1.917 -1.964 -1.906 -1.926 -1.989 -2.406 -2.268 -2.141 -1.959 -1.900 -1.931 -2.218
0.008 -0.27576 10.00000 0.9788815975 2.4683849812    0.895  1.872  3.6721  2.159    4  0.000  0.486     0.00     0.00 -1    -1e-30      0.00 7.169e-01 2.753e-01 1.258e-03 5.126e-04 3.453e-03 -1.000 7.800e-03 0.090 -1.372 -1.937 -2.025 -2.073 -2.013 -2.034 -2.099 -2.517 -2.379 -2.251 -2.068 -2.007 -2.041 -2.328
0.008 -0.27576 10.00000 0.9788921475 2.4683873653    0.895  1.907  3.6687  2.110    4  0.000  0.486     0.00     0.00 -1    -1e-30      0.00 7.169e-01 2.753e-01 1.258e-03 5.126e-04 3.453e-03 -1.000 7.800e-03 0.002 -1.472 -2.047 -2.138 -2.186 -2.124 -2.146 -2.213 -2.631 -2.493 -2.367 -2.181 -2.118 -2.156 -2.442
0.008 -0.27576 10.00000 0.9788975716 2.4683885574    0.895  1.943  3.6651  2.060    4  0.000  0.486     0.00     0.00 -1    -1e-30      0.00 7.169e-01 2.753e-01 1.258e-03 5.126e-04 3.453e-03 -1.000 7.800e-03 -0.088 -1.572 -2.158 -2.252 -2.302 -2.237 -2.259 -2.329 -2.748 -2.610 -2.484 -2.296 -2.230 -2.272 -2.559
0.008 -0.27576 10.00000 0.9789005518 2.4683890343    0.895  1.980  3.6616  2.009    4  0.000  0.486     0.00     0.00 -1    -1e-30      0.00 7.169e-01 2.753e-01 1.258e-03 5.126e-04 3.453e-03 -1.000 7.800e-03 -0.180 -1.675 -2.272 -2.368 -2.419 -2.352 -2.375 -2.447 -2.866 -2.729 -2.603 -2.413 -2.345 -2.390 -2.677
0.008 -0.27576 10.00000 0.9789023995 2.4683895111    0.895  2.014  3.6584  1.961    4  0.000  0.486     0.00     0.00 -1    -1e-30      0.00 7.169e-01 2.753e-01 1.258e-03 5.126e-04 3.453e-03 -1.000 7.800e-03 -0.265 -1.769 -2.365 -2.468 -2.522 -2.448 -2.476 -2.553 -2.885 -4.026 -4.881 -2.516 -2.441 -2.517 -2.735
0.008 -0.27576 10.00000 0.9789036512 2.4683897495    0.895  2.044  3.6556  1.921    4  0.000  0.486     0.00     0.00 -1    -1e-30      0.00 7.169e-01 2.753e-01 1.258e-03 5.126e-04 3.453e-03 -1.000 7.800e-03 -0.339 -1.852 -2.461 -2.565 -2.619 -2.545 -2.572 -2.651 -3.020 -3.618 -4.056 -2.613 -2.537 -2.606 -2.853
0.008 -0.27576 10.00000 0.9789037108 2.4683897495    0.895  2.046  3.6554  1.918    7  0.000  0.486     0.00     0.00 -1 -6.23e-10      0.00 7.169e-01 2.738e-01 1.258e-03 5.126e-04 3.453e-03 -1.000 9.300e-03 -0.345 -1.858 -2.468 -2.571 -2.626 -2.552 -2.578 -2.658 -3.025 -3.650 -4.110 -2.620 -2.544 -2.613 -2.859
0.008 -0.27576 10.00000 0.9789041281 2.4683899879    0.895  2.058  3.6543  1.901    7  0.000  0.486     0.00     0.00 -1 -6.68e-10      0.00 7.169e-01 2.738e-01 1.258e-03 5.126e-04 3.453e-03 -1.000 9.300e-03 -0.375 -1.891 -2.504 -2.609 -2.664 -2.588 -2.616 -2.696 -3.053 -3.834 -4.412 -2.658 -2.580 -2.654 -2.892
0.008 -0.27576 10.00000 0.9789054394 2.4683902264    0.895  2.099  3.6506  1.845    7  0.000  0.486     0.00     0.00 -1 -8.31e-10      0.00 7.169e-01 2.738e-01 1.258e-03 5.126e-04 3.453e-03 -1.000 9.300e-03 -0.477 -2.003 -2.623 -2.733 -2.791 -2.710 -2.740 -2.824 -3.147 -4.444 -5.418 -2.784 -2.702 -2.790 -3.001
0.008 -0.27576 10.00000 0.9789065719 2.4683904648    0.895  2.137  3.6471  1.793    7  0.000  0.486     0.00     0.00 -1 -1.01e-09      0.00 7.169e-01 2.738e-01 1.258e-03 5.126e-04 3.453e-03 -1.000 9.300e-03 -0.573 -2.108 -2.734 -2.849 -2.909 -2.824 -2.857 -2.943 -3.235 -5.016 -6.361 -2.902 -2.816 -2.918 -3.104
0.008 -0.27576 10.00000 0.9789077640 2.4683907032    0.895  2.174  3.6437  1.743    7  0.000  0.486     0.00     0.00 -1 -1.23e-09      0.00 7.169e-01 2.738e-01 1.258e-03 5.126e-04 3.453e-03 -1.000 9.300e-03 -0.666 -2.209 -2.842 -2.962 -3.023 -2.935 -2.970 -3.059 -3.320 -5.570 -7.275 -3.016 -2.926 -3.041 -3.203
0.008 -0.27576 10.00000 0.9789089561 2.4683909416    0.895  2.210  3.6405  1.693    7  0.000  0.486     0.00     0.00 -1  -1.5e-09      0.00 7.169e-01 2.738e-01 1.258e-03 5.126e-04 3.453e-03 -1.000 9.300e-03 -0.756 -2.307 -2.946 -3.071 -3.134 -3.043 -3.080 -3.170 -3.402 -6.107 -8.162 -3.127 -3.033 -3.160 -3.299
0.008 -0.27576 10.00000 0.9789123535 2.4683916569    0.895  2.207  3.6408  1.697    7  0.000  0.486     0.00     0.00 -1 -1.47e-09      0.00 7.169e-01 2.738e-01 1.258e-03 5.126e-04 3.453e-03 -1.000 9.300e-03 -0.749 -2.299 -2.937 -3.062 -3.125 -3.034 -3.071 -3.161 -3.395 -6.064 -8.090 -3.118 -3.025 -3.151 -3.291
0.008 -0.27576 10.00000 0.9789142609 2.4683921337    0.895  2.177  3.6435  1.739    7  0.000  0.486     0.00     0.00 -1 -1.26e-09      0.00 7.169e-01 2.738e-01 1.258e-03 5.126e-04 3.453e-03 -1.000 9.300e-03 -0.672 -2.215 -2.849 -2.969 -3.030 -2.942 -2.977 -3.066 -3.325 -5.607 -7.336 -3.023 -2.933 -3.049 -3.209
0.008 -0.27576 10.00000 0.9789189696 2.4683930874    0.895  2.138  3.6470  1.792    7  0.000  0.486     0.00     0.00 -1 -1.03e-09      0.00 7.169e-01 2.738e-01 1.258e-03 5.126e-04 3.453e-03 -1.000 9.300e-03 -0.576 -2.111 -2.737 -2.853 -2.912 -2.827 -2.860 -2.947 -3.237 -5.033 -6.390 -2.905 -2.819 -2.921 -3.106
0.008 -0.27576 10.00000 0.9789301157 2.4683957100    0.894  2.127  3.6481  1.807    7  0.000  0.486     0.00     0.00 -1 -9.71e-10      0.00 7.169e-01 2.738e-01 1.258e-03 5.126e-04 3.453e-03 -1.000 9.300e-03 -0.547 -2.079 -2.704 -2.817 -2.876 -2.793 -2.825 -2.911 -3.210 -4.862 -6.108 -2.869 -2.784 -2.883 -3.075
0.008 -0.27576 10.00000 0.9789761305 2.4684057236    0.893  2.139  3.6468  1.789    7  0.000  0.486     0.00     0.00 -1 -1.04e-09      0.00 7.169e-01 2.738e-01 1.258e-03 5.126e-04 3.453e-03 -1.000 9.300e-03 -0.578 -2.114 -2.741 -2.856 -2.916 -2.831 -2.864 -2.951 -3.239 -5.060 -6.436 -2.909 -2.822 -2.926 -3.109
0.008 -0.27576 10.00000 0.9790117145 2.4684135914    0.892  2.178  3.6433  1.736    7  0.000  0.486     0.00     0.00 -1 -1.27e-09      0.00 7.169e-01 2.738e-01 1.258e-03 5.126e-04 3.453e-03 -1.000 9.300e-03 -0.674 -2.218 -2.852 -2.973 -3.034 -2.946 -2.981 -3.070 -3.327 -5.642 -7.396 -3.027 -2.937 -3.054 -3.212
0.008 -0.27576 10.00000 0.9790435433 2.4684205055    0.890  2.220  3.6396  1.678    7  0.000  0.486     0.00     0.00 -1  -1.6e-09      0.00 7.169e-01 2.738e-01 1.258e-03 5.126e-04 3.453e-03 -1.000 9.300e-03 -0.779 -2.332 -2.972 -3.100 -3.163 -3.070 -3.108 -3.199 -3.422 -6.269 -8.433 -3.155 -3.061 -3.192 -3.323
0.008 -0.27576 10.00000 0.9790713191 2.4684267044    0.888  2.262  3.6358  1.620    7  0.000  0.486     0.00     0.00 -1 -2.01e-09      0.00 7.169e-01 2.738e-01 1.258e-03 5.126e-04 3.453e-03 -1.000 9.300e-03 -0.884 -2.445 -3.093 -3.226 -3.291 -3.196 -3.236 -3.328 -3.517 -6.901 -9.476 -3.284 -3.186 -3.330 -3.434
0.008 -0.27576 10.00000 0.9790951014 2.4684319496    0.887  2.304  3.6320  1.562    7  0.000  0.486     0.00     0.00 -1  -2.5e-09      0.00 7.169e-01 2.738e-01 1.258e-03 5.126e-04 3.453e-03 -1.000 9.300e-03 -0.989 -2.558 -3.213 -3.353 -3.420 -3.321 -3.364 -3.455 -3.612 -7.534 -10.520 -3.412 -3.311 -3.467 -3.545
0.008 -0.27576 10.00000 0.9791154265 2.4684362411    0.885  2.345  3.6284  1.506    7  0.000  0.486     0.00     0.00 -1 -3.12e-09      0.00 7.169e-01 2.738e-01 1.258e-03 5.126e-04 3.453e-03 -1.000 9.300e-03 -1.092 -2.668 -3.330 -3.477 -3.545 -3.443 -3.490 -3.580 -3.705 -8.152 -11.541 -3.537 -3.433 -3.601 -3.654
0.008 -0.27576 10.00000 0.9791331291 2.4684402943    0.882  2.386  3.6248  1.449    7  0.000  0.486     0.00     0.00 -1 -3.86e-09      0.00 7.169e-01 2.738e-01 1.258e-03 5.126e-04 3.453e-03 -1.000 9.300e-03 -1.194 -2.778 -3.450 -3.602 -3.673 -3.569 -3.616 -3.706 -3.831 -8.330 -11.758 -3.664 -3.559 -3.728 -3.782
0.008 -0.27576 10.00000 0.9791487455 2.4684436321    0.880  2.426  3.6213  1.394    7  0.000  0.486     0.00     0.00 -1 -4.74e-09      0.00 7.169e-01 2.738e-01 1.258e-03 5.126e-04 3.453e-03 -1.000 9.300e-03 -1.295 -2.887 -3.570 -3.727 -3.799 -3.694 -3.743 -3.831 -3.960 -8.459 -11.887 -3.791 -3.683 -3.855 -3.911
0.008 -0.27576 10.00000 0.9791626930 2.4684467316    0.878  2.466  3.6177  1.338    7  0.000  0.486     0.00     0.00 -1 -5.89e-09      0.00 7.169e-01 2.738e-01 1.258e-03 5.127e-04 3.453e-03 -1.000 9.300e-03 -1.395 -2.995 -3.690 -3.852 -3.925 -3.818 -3.868 -3.957 -4.088 -8.587 -12.016 -3.916 -3.807 -3.981 -4.039
0.008 -0.27576 10.00000 0.9791754484 2.4684495926    0.875  2.506  3.6141  1.282    7  0.000  0.486     0.00     0.00 -1 -7.29e-09      0.00 7.169e-01 2.738e-01 1.258e-03 5.128e-04 3.453e-03 -1.000 9.300e-03 -1.496 -3.104 -3.809 -3.976 -4.052 -3.942 -3.994 -4.082 -4.217 -8.716 -12.145 -4.042 -3.932 -4.107 -4.168
0.008 -0.27576 10.00000 0.9791873097 2.4684522152    0.871  2.546  3.6106  1.226    7  0.000  0.485     0.00     0.00 -1 -8.94e-09      0.00 7.169e-01 2.738e-01 1.257e-03 5.132e-04 3.453e-03 -1.000 9.300e-03 -1.596 -3.211 -3.928 -4.100 -4.177 -4.066 -4.120 -4.207 -4.346 -8.845 -12.273 -4.167 -4.056 -4.233 -4.297
0.008 -0.27576 10.00000 0.9791984558 2.4684545994    0.868  2.587  3.6043  1.159    7  0.000  0.484     0.00     0.00 -1 -1.11e-08      0.00 7.169e-01 2.738e-01 1.254e-03 5.148e-04 3.453e-03 -1.000 9.300e-03 -1.696 -3.323 -4.060 -4.241 -4.321 -4.207 -4.264 -4.350 -4.494 -8.993 -12.422 -4.310 -4.197 -4.377 -4.445
0.008 -0.27576 10.00000 0.9792090654 2.4684569836    0.863  2.627  3.5979  1.090    7  0.000  0.483     0.00     0.00 -1 -1.38e-08      0.00 7.169e-01 2.738e-01 1.250e-03 5.191e-04 3.453e-03 -1.000 9.252e-03 -1.798 -3.437 -4.194 -4.385 -4.468 -4.351 -4.412 -4.495 -4.646 -9.145 -12.573 -4.456 -4.341 -4.523 -4.597
0.008 -0.27576 10.00000 0.9792189598 2.4684591293    0.858  2.667  3.5943  1.033    7  0.000  0.480     0.00     0.00 -1  -1.7e-08      0.00 7.169e-01 2.739e-01 1.244e-03 5.260e-04 3.453e-03 -1.000 9.205e-03 -1.898 -3.543 -4.313 -4.509 -4.594 -4.474 -4.539 -4.620 -4.775 -9.274 -12.702 -4.581 -4.465 -4.650 -4.726
0.008 -0.27576 10.00000 0.9792286754 2.4684612751    0.851  2.708  3.5904  0.974    7  0.000  0.478     0.00     0.00 -1 -2.09e-08      0.00 7.169e-01 2.739e-01 1.237e-03 5.342e-04 3.453e-03 -1.000 9.242e-03 -1.999 -3.653 -4.434 -4.637 -4.724 -4.602 -4.669 -4.749 -4.908 -9.407 -12.835 -4.710 -4.592 -4.780 -4.859
0.008 -0.27576 10.00000 0.9792373180 2.4684631824    0.844  2.747  3.5865  0.915    7  0.000  0.475     0.00     0.00 -1 -2.58e-08      0.00 7.168e-01 2.739e-01 1.231e-03 5.416e-04 3.453e-03 -1.000 9.300e-03 -2.098 -3.760 -4.551 -4.761 -4.850 -4.726 -4.797 -4.876 -5.039 -9.538 -12.966 -4.836 -4.717 -4.908 -4.990
0.008 -0.27576 10.00000 0.9792451859 2.4684648514    0.837  2.786  3.5825  0.856    7  0.000  0.473     0.00     0.00 -1 -3.21e-08      0.00 7.168e-01 2.739e-01 1.226e-03 5.482e-04 3.453e-03 -1.000 9.300e-03 -2.196 -3.867 -4.670 -4.886 -4.978 -4.851 -4.926 -5.004 -5.171 -9.670 -13.098 -4.963 -4.842 -5.036 -5.121
0.008 -0.27576 10.00000 0.9792511463 2.4684662819    0.830  2.821  3.5789  0.803    7  0.000  0.472     0.00     0.00 -1 -3.88e-08      0.00 7.168e-01 2.739e-01 1.222e-03 5.533e-04 3.453e-03 -1.000 9.300e-03 -2.284 -3.962 -4.775 -4.998 -5.092 -4.963 -5.041 -5.118 -5.289 -9.787 -13.216 -5.076 -4.954 -5.151 -5.239
0.008 -0.27576 10.00000 0.9792552590 2.4684669971    0.824  2.854  3.5755  0.754    7  0.000  0.470     0.00     0.00 -1 -4.59e-08      0.00 7.168e-01 2.739e-01 1.218e-03 5.573e-04 3.453e-03 -1.000 9.300e-03 -2.364 -4.051 -4.873 -5.101 -5.197 -5.066 -5.148 -5.224 -5.398 -9.897 -13.325 -5.180 -5.058 -5.258 -5.349
0.008 -0.27576 10.00000 0.9792586565 2.4684677124    0.818  2.888  3.5718  0.702    7  0.000  0.469     0.00     0.00 -1 -5.45e-08      0.00 7.168e-01 2.739e-01 1.215e-03 5.613e-04 3.453e-03 -1.000 9.300e-03 -2.450 -4.145 -4.977 -5.212 -5.310 -5.176 -5.262 -5.338 -5.516 -10.014 -13.443 -5.292 -5.169 -5.373 -5.466
0.008 -0.27576 10.00000 0.9792618155 2.4684684277    0.811  2.924  3.5679  0.647    7  0.000  0.468     0.00     0.00 -1 -6.52e-08      0.00 7.168e-01 2.739e-01 1.212e-03 5.651e-04 3.453e-03 -1.000 9.295e-03 -2.539 -4.243 -5.085 -5.326 -5.427 -5.291 -5.381 -5.455 -5.638 -10.136 -13.565 -5.408 -5.284 -5.492 -5.588
0.008 -0.27576 10.00000 0.9792646170 2.4684691429    0.804  2.958  3.5639  0.592    7  0.000  0.467     0.00     0.00 -1 -7.87e-08      0.00 7.168e-01 2.739e-01 1.209e-03 5.682e-04 3.453e-03 -1.000 9.293e-03 -2.626 -4.340 -5.191 -5.439 -5.543 -5.404 -5.498 -5.572 -5.759 -10.257 -13.686 -5.522 -5.397 -5.610 -5.709
0.008 -0.27576 10.00000 0.9792671800 2.4684696198    0.796  2.992  3.5598  0.538    7  0.000  0.466     0.00     0.00 -1 -9.46e-08      0.00 7.168e-01 2.739e-01 1.207e-03 5.706e-04 3.453e-03 -1.000 9.259e-03 -2.711 -4.435 -5.296 -5.551 -5.658 -5.516 -5.616 -5.689 -5.886 -10.383 -13.812 -5.636 -5.510 -5.734 -5.837
0.008 -0.27576 10.00000 0.9792696834 2.4684703350    0.787  3.027  3.5555  0.482    7  0.000  0.466     0.00     0.00 -1 -1.14e-07      0.00 7.168e-01 2.740e-01 1.206e-03 5.725e-04 3.453e-03 -1.000 9.216e-03 -2.796 -4.533 -5.403 -5.665 -5.775 -5.632 -5.735 -5.808 -6.017 -10.511 -13.941 -5.751 -5.626 -5.860 -5.967
0.008 -0.27576 10.00000 0.9792723656 2.4684708118    0.775  3.064  3.5507  0.418    7  0.000  0.465     0.00     0.00 -1 -1.41e-07      0.00 7.168e-01 2.740e-01 1.205e-03 5.739e-04 3.453e-03 -1.000 9.200e-03 -2.891 -4.642 -5.521 -5.792 -5.905 -5.761 -5.870 -5.943 -6.165 -10.657 -14.088 -5.879 -5.756 -6.003 -6.116
0.008 -0.27576 10.00000 0.9792753458 2.4684715271    0.757  3.105  3.5452  0.346    7  0.000  0.465     0.00     0.00 -1 -1.79e-07      0.00 7.168e-01 2.740e-01 1.205e-03 5.744e-04 3.453e-03 -1.000 9.200e-03 -2.991 -4.759 -5.648 -5.929 -6.048 -5.903 -6.016 -6.090 -6.333 -10.820 -14.253 -6.019 -5.898 -6.166 -6.284
0.008 -0.27576 10.00000 0.9792778492 2.4684720039    0.740  3.134  3.5410  0.289    7  0.000  0.465     0.00     0.00 -1 -2.17e-07      0.00 7.168e-01 2.740e-01 1.205e-03 5.745e-04 3.453e-03 -1.000 9.200e-03 -3.066 -4.846 -5.743 -6.032 -6.155 -6.009 -6.127 -6.202 -6.467 -10.949 -14.384 -6.124 -6.004 -6.296 -6.419
0.008 -0.27576 10.00000 0.9792783856 2.4684722424    0.736  3.140  3.5402  0.278    7  0.000  0.465     0.00     0.00 -1 -2.26e-07      0.00 7.168e-01 2.740e-01 1.205e-03 5.745e-04 3.453e-03 -1.000 9.200e-03 -3.080 -4.862 -5.760 -6.051 -6.175 -6.029 -6.147 -6.223 -6.493 -10.974 -14.410 -6.144 -6.025 -6.321 -6.446
0.008 -0.27576 10.00000 0.9792787433 2.4684722424    0.733  3.144  3.5397  0.270    7  0.000  0.465     0.00     0.00 -1 -2.33e-07      0.00 7.168e-01 2.740e-01 1.205e-03 5.745e-04 3.453e-03 -1.000 9.200e-03 -3.090 -4.874 -5.773 -6.065 -6.189 -6.043 -6.162 -6.238 -6.512 -10.992 -14.428 -6.158 -6.039 -6.340 -6.465
0.008 -0.27576 10.00000 0.9792791605 2.4684722424    0.729  3.149  3.5389  0.259    7  0.000  0.465     0.00     0.00 -1 -2.42e-07      0.00 7.168e-01 2.740e-01 1.205e-03 5.745e-04 3.453e-03 -1.000 9.200e-03 -3.104 -4.890 -5.790 -6.083 -6.208 -6.062 -6.182 -6.258 -6.538 -11.016 -14.453 -6.176 -6.058 -6.364 -6.491
0.008 -0.27576 10.00000 0.9792796969 2.4684724808    0.724  3.156  3.5382  0.246    7  0.000  0.465     0.00     0.00 -1 -2.56e-07      0.00 7.168e-01 2.740e-01 1.205e-03 5.746e-04 3.453e-03 -1.000 9.200e-03 -3.119 -4.909 -5.809 -6.104 -6.230 -6.084 -6.205 -6.281 -6.568 -11.044 -14.482 -6.198 -6.080 -6.393 -6.521
0.008 -0.27576 10.00000 0.9792797565 2.4684724808    0.723  3.156  3.5382  0.247    7  0.000  0.465     0.00     0.00 -1 -2.56e-07      0.00 7.168e-01 2.740e-01 1.205e-03 5.746e-04 3.453e-03 -1.000 9.200e-03 -3.119 -4.908 -5.809 -6.104 -6.229 -6.084 -6.204 -6.281 -6.567 -11.044 -14.481 -6.197 -6.079 -6.392 -6.521
0.008 -0.27576 10.00000 0.9792798162 2.4684724808    0.722  3.156  3.5382  0.246    7  0.000  0.465     0.00     0.00 -1 -2.57e-07      0.00 7.168e-01 2.740e-01 1.205e-03 5.746e-04 3.453e-03 -1.000 9.200e-03 -3.119 -4.908 -5.809 -6.104 -6.229 -6.084 -6.204 -6.281 -6.568 -11.044 -14.481 -6.197 -6.079 -6.393 -6.521
0.008 -0.27576 10.00000 0.9792798758 2.4684724808    0.722  3.156  3.5382  0.246    7  0.000  0.465     0.00     0.00 -1 -2.58e-07      0.00 7.168e-01 2.740e-01 1.205e-03 5.746e-04 3.453e-03 -1.000 9.200e-03 -3.119 -4.908 -5.809 -6.104 -6.229 -6.084 -6.204 -6.281 -6.568 -11.044 -14.482 -6.197 -6.079 -6.393 -6.522
0.008 -0.27576 10.00000 0.9792799354 2.4684724808    0.722  3.156  3.5382  0.246    7  0.000  0.465     0.00     0.00 -1 -2.58e-07      0.00 7.168e-01 2.740e-01 1.205e-03 5.746e-04 3.453e-03 -1.000 9.200e-03 -3.119 -4.908 -5.809 -6.104 -6.229 -6.084 -6.204 -6.281 -6.568 -11.045 -14.482 -6.197 -6.079 -6.393 -6.522
0.008 -0.27576 10.00000 0.9792799950 2.4684724808    0.721  3.156  3.5382  0.245    7  0.000  0.465     0.00     0.00 -1 -2.59e-07      0.00 7.168e-01 2.740e-01 1.205e-03 5.746e-04 3.453e-03 -1.000 9.200e-03 -3.119 -4.908 -5.809 -6.104 -6.230 -6.084 -6.205 -6.282 -6.569 -11.046 -14.483 -6.197 -6.080 -6.395 -6.523
0.008 -0.27576 10.00000 0.9792801738 2.4684724808    0.719  3.151  3.5388  0.252    7  0.000  0.465     0.00     0.00 -1 -2.55e-07      0.00 7.168e-01 2.740e-01 1.204e-03 5.757e-04 3.453e-03 -1.000 9.200e-03 -3.107 -4.894 -5.793 -6.087 -6.212 -6.067 -6.187 -6.264 -6.550 -11.026 -14.464 -6.180 -6.063 -6.375 -6.504
0.008 -0.27576 10.00000 0.9792803526 2.4684724808    0.718  3.144  3.5396  0.260    7  0.000  0.465     0.00     0.00 -1  -2.5e-07      0.00 7.168e-01 2.740e-01 1.204e-03 5.757e-04 3.453e-03 -1.000 9.200e-03 -3.091 -4.875 -5.774 -6.066 -6.191 -6.045 -6.165 -6.241 -6.525 -11.002 -14.439 -6.159 -6.041 -6.351 -6.479
0.008 -0.27576 10.00000 0.9792805314 2.4684727192    0.716  3.146  3.5393  0.256    7  0.000  0.465     0.00     0.00 -1 -2.54e-07      0.00 7.168e-01 2.740e-01 1.204e-03 5.757e-04 3.453e-03 -1.000 9.200e-03 -3.096 -4.881 -5.781 -6.074 -6.199 -6.053 -6.173 -6.250 -6.535 -11.012 -14.449 -6.167 -6.049 -6.361 -6.489
0.008 -0.27576 10.00000 0.9792807102 2.4684727192    0.715  3.150  3.5389  0.250    7  0.000  0.465     0.00     0.00 -1  -2.6e-07      0.00 7.168e-01 2.740e-01 1.204e-03 5.757e-04 3.453e-03 -1.000 9.200e-03 -3.105 -4.892 -5.791 -6.085 -6.210 -6.065 -6.185 -6.262 -6.550 -11.026 -14.464 -6.178 -6.061 -6.376 -6.504
0.008 -0.27576 10.00000 0.9792808890 2.4684727192    0.713  3.158  3.5379  0.237    7  0.000  0.465     0.00     0.00 -1 -2.71e-07      0.00 7.168e-01 2.740e-01 1.204e-03 5.757e-04 3.453e-03 -1.000 9.200e-03 -3.125 -4.915 -5.816 -6.112 -6.238 -6.093 -6.213 -6.291 -6.584 -11.059 -14.497 -6.205 -6.088 -6.409 -6.539
0.008 -0.27576 10.00000 0.9792811275 2.4684727192    0.711  3.171  3.5362  0.216    7  0.000  0.465     0.00     0.00 -1 -2.89e-07      0.00 7.168e-01 2.740e-01 1.204e-03 5.757e-04 3.453e-03 -1.000 9.200e-03 -3.157 -4.953 -5.856 -6.155 -6.283 -6.138 -6.260 -6.337 -6.640 -11.113 -14.552 -6.249 -6.134 -6.463 -6.595
0.008 -0.27576 10.00000 0.9792813659 2.4684727192    0.708  3.200  3.5324  0.169    7  0.000  0.465     0.00     0.00 -1 -3.31e-07      0.00 7.168e-01 2.740e-01 1.204e-03 5.757e-04 3.453e-03 -1.000 9.200e-03 -3.231 -5.039 -5.947 -6.253 -6.385 -6.241 -6.366 -6.445 -6.780 -11.245 -14.686 -6.349 -6.237 -6.596 -6.735
0.008 -0.27576 10.00000 0.9792817831 2.4684729576    0.702  3.242  3.5271  0.103    7  0.000  0.465     0.00     0.00 -1 -4.07e-07      0.00 7.168e-01 2.740e-01 1.203e-03 5.758e-04 3.453e-03 -1.000 9.200e-03 -3.336 -5.161 -6.076 -6.392 -6.529 -6.386 -6.518 -6.599 -6.978 -11.431 -14.876 -6.490 -6.383 -6.786 -6.934
0.008 -0.27576 10.00000 0.9792822003 2.4684729576    0.695  3.275  3.5235  0.052    7  0.000  0.464     0.00     0.00 -1 -4.82e-07      0.00 7.168e-01 2.740e-01 1.203e-03 5.766e-04 3.453e-03 -1.000 9.200e-03 -3.416 -5.253 -6.172 -6.496 -6.637 -6.495 -6.630 -6.714 -7.127 -11.572 -15.020 -6.596 -6.492 -6.929 -7.084
0.008 -0.27576 10.00000 0.9792824388 2.4684729576    0.690  3.291  3.5224  0.027    7  0.000  0.464     0.00     0.00 -1 -5.28e-07      0.01 7.168e-01 2.740e-01 1.202e-03 5.773e-04 3.453e-03 -1.000 9.200e-03 -3.459 -5.298 -6.218 -6.546 -6.689 -6.548 -6.685 -6.771 -7.214 -11.652 -15.103 -6.647 -6.545 -7.012 -7.173
0.008 -0.27576 10.00000 0.9792825580 2.4684729576    0.686  3.293  3.5231  0.026    7  0.000  0.464     0.00     0.00 -1  -5.3e-07      0.01 7.168e-01 2.740e-01 1.202e-03 5.773e-04 3.453e-03 -1.000 9.200e-03 -3.462 -5.300 -6.219 -6.545 -6.689 -6.547 -6.684 -6.771 -7.216 -11.653 -15.104 -6.647 -6.545 -7.014 -7.174
0.008 -0.27576 10.00000 0.9823337197 2.4691407681    0.524  2.229  4.9152  6.540    9  0.524  0.000     0.00     0.00 -1    -1e-30      0.00 7.168e-01 2.754e-01 1.262e-03 5.769e-04 3.461e-03 -1.000 7.828e-03 -0.804 5.977 6.138 6.239 6.382 5.396 4.425 3.037 -1.714 -6.504 -9.932 6.487 5.292 1.371 -1.426
#isochrone terminated
