# File generated by CMD 3.3 (http://stev.oapd.inaf.it/cmd) on Tue Apr 21 15:01:05 CEST 2020
# isochrones based on PARSEC release v1.2S +  COLIBRI S_35
# Basic references: Bressan et al. (2012), MNRAS, 427, 127 + Chen et al. (2014, 2015), MNRAS, 444, 2525 + MNRAS, 452, 1068 + Tang et al. (2014), MNRAS, 445, 4287 + Marigo et al. (2017), ApJ, 835, 77 + Pastorelli al. (2019), MNRAS in press
# Thermal pulse cycles included 
# On RGB, assumed Reimers mass loss with efficiency eta=0.2
# Photometric system:  2MASS + Spitzer (IRAC+MIPS) + WISE
# Using YBC version of bolometric corrections as in Chen et al. (2019)
# O-rich circumstellar dpmod60alox40 dust from Groenewegen (2006)
# C-rich circumstellar AMCSIC15 dust from Groenewegen (2006)
# IMF: Kroupa (2001, 2002) + Kroupa et al. (2013) canonical two-part-power law IMF corrected for unresolved binaries 
# Kind of output: isochrone tables
# Zini     MH   logAge Mini        int_IMF         Mass   logL    logTe  logg  label   McoreTP C_O  period0 period1 pmode  Mloss  tau1m   X   Y   Xc  Xn  Xo  Cexcess  Z 	 mbolmag  Jmag    Hmag    Ksmag   IRAC_3.6mag  IRAC_4.5mag  IRAC_5.8mag  IRAC_8.0mag  MIPS_24mag  MIPS_70mag  MIPS_160mag  W1mag   W2mag   W3mag   W4mag
0.04 0.47971 10.00000 0.1000000015 1.1711064577    0.100 -3.267  3.3677  5.128    1  0.000  0.545     0.00     0.00 -1 -5.87e-17      0.00 6.375e-01 3.225e-01 7.193e-03 1.940e-03 1.760e-02 -1.000 4.000e-02 12.937 10.786 10.220 9.906 9.471 9.397 9.332 9.238 8.608 8.577 8.529 9.639 9.410 9.174 8.798
0.04 0.47971 10.00000 0.1178196445 1.3047735691    0.118 -3.068  3.3897  5.088    1  0.000  0.545     0.00     0.00 -1 -8.94e-17      0.00 6.369e-01 3.231e-01 7.193e-03 1.940e-03 1.760e-02 -1.000 4.000e-02 12.441 10.290 9.727 9.411 8.974 8.898 8.832 8.738 8.109 8.077 8.031 9.142 8.910 8.675 8.298
0.04 0.47971 10.00000 0.1199999973 1.3193154335    0.120 -3.046  3.3921  5.084    1  0.000  0.545     0.00     0.00 -1 -9.37e-17      0.00 6.369e-01 3.231e-01 7.193e-03 1.940e-03 1.760e-02 -1.000 4.000e-02 12.386 10.235 9.672 9.355 8.919 8.842 8.777 8.683 8.053 8.022 7.975 9.086 8.854 8.619 8.243
0.04 0.47971 10.00000 0.1266675144 1.3617359400    0.127 -2.988  3.3978  5.072    1  0.000  0.545     0.00     0.00 -1 -4.58e-17      0.00 6.367e-01 3.233e-01 7.193e-03 1.940e-03 1.760e-02 -1.000 4.000e-02 12.240 10.090 9.527 9.210 8.774 8.696 8.630 8.536 7.907 7.875 7.829 8.941 8.708 8.473 8.096
0.04 0.47971 10.00000 0.1400000006 1.4384527206    0.140 -2.881  3.4085  5.050    1  0.000  0.545     0.00     0.00 -1  -1.7e-17      0.00 6.364e-01 3.236e-01 7.193e-03 1.940e-03 1.760e-02 -1.000 4.000e-02 11.972 9.821 9.261 8.942 8.505 8.425 8.360 8.266 7.636 7.605 7.559 8.671 8.437 8.203 7.826
0.04 0.47971 10.00000 0.1599999964 1.5372931957    0.160 -2.747  3.4206  5.023    1  0.000  0.545     0.00     0.00 -1 -1.73e-16      0.00 6.359e-01 3.241e-01 7.193e-03 1.940e-03 1.760e-02 -1.000 4.000e-02 11.638 9.494 8.936 8.618 8.184 8.100 8.036 7.945 7.318 7.286 7.247 8.348 8.111 7.883 7.508
0.04 0.47971 10.00000 0.2000000030 1.6938791275    0.200 -2.524  3.4416  4.981    1  0.000  0.545     0.00     0.00 -1 -2.72e-16      0.00 6.350e-01 3.250e-01 7.193e-03 1.940e-03 1.760e-02 -1.000 4.000e-02 11.079 8.977 8.424 8.120 7.716 7.618 7.561 7.486 6.878 6.849 6.846 7.862 7.627 7.436 7.068
0.04 0.47971 10.00000 0.2500000000 1.8403258324    0.250 -2.309  3.4590  4.933    1  0.000  0.545     0.00     0.00 -1 -6.67e-20      0.00 6.343e-01 3.257e-01 7.192e-03 1.940e-03 1.760e-02 -1.000 4.000e-02 10.543 8.478 7.924 7.635 7.257 7.150 7.097 7.031 6.437 6.413 6.445 7.388 7.157 6.994 6.627
0.04 0.47971 10.00000 0.3000000417 1.9529141188    0.300 -2.138  3.4717  4.891    1  0.000  0.545     0.00     0.00 -1 -5.98e-16      0.00 6.341e-01 3.259e-01 7.192e-03 1.941e-03 1.760e-02 -1.000 4.000e-02 10.114 8.075 7.518 7.241 6.885 6.776 6.726 6.667 6.083 6.065 6.117 7.007 6.782 6.639 6.272
0.04 0.47971 10.00000 0.3499999940 2.0434174538    0.350 -1.987  3.4826  4.852    1  0.000  0.545     0.00     0.00 -1  -8.2e-16      0.00 6.386e-01 3.214e-01 7.193e-03 1.940e-03 1.760e-02 -1.000 4.000e-02 9.738 7.724 7.160 6.894 6.558 6.450 6.401 6.346 5.770 5.761 5.832 6.673 6.455 6.326 5.960
0.04 0.47971 10.00000 0.3953925371 2.1121065617    0.395 -1.857  3.4941  4.820    1  0.000  0.545     0.00     0.00 -1 -1.08e-15      0.00 6.389e-01 3.211e-01 7.193e-03 1.940e-03 1.760e-02 -1.000 4.000e-02 9.412 7.425 6.849 6.597 6.284 6.178 6.130 6.078 5.512 5.516 5.603 6.389 6.182 6.067 5.701
0.04 0.47971 10.00000 0.4000000060 2.1185026169    0.400 -1.845  3.4952  4.817    1  0.000  0.545     0.00     0.00 -1 -1.11e-15      0.00 6.389e-01 3.211e-01 7.193e-03 1.940e-03 1.760e-02 -1.000 4.000e-02 9.381 7.397 6.819 6.568 6.258 6.152 6.105 6.053 5.488 5.493 5.582 6.363 6.157 6.043 5.678
0.04 0.47971 10.00000 0.4094725847 2.1313564777    0.409 -1.816  3.4978  4.809    1  0.000  0.545     0.00     0.00 -1 -1.18e-15      0.00 6.389e-01 3.211e-01 7.193e-03 1.940e-03 1.760e-02 -1.000 4.000e-02 9.310 7.331 6.751 6.502 6.198 6.094 6.047 5.997 5.434 5.441 5.533 6.301 6.098 5.988 5.624
0.04 0.47971 10.00000 0.4500000179 2.1822810173    0.450 -1.701  3.5083  4.777    1  0.000  0.545     0.00     0.00 -1 -1.52e-15      0.00 6.389e-01 3.211e-01 7.193e-03 1.940e-03 1.760e-02 -1.000 4.000e-02 9.024 7.070 6.474 6.235 5.955 5.860 5.814 5.766 5.214 5.234 5.336 6.052 5.864 5.765 5.404
0.04 0.47971 10.00000 0.5000000596 2.2374544144    0.500 -1.554  3.5233  4.736    1  0.000  0.545     0.00     0.00 -1 -2.13e-15      0.00 6.390e-01 3.210e-01 7.193e-03 1.940e-03 1.760e-02 -1.000 4.000e-02 8.654 6.739 6.118 5.890 5.644 5.567 5.520 5.473 4.939 4.980 5.096 5.729 5.571 5.483 5.128
0.04 0.47971 10.00000 0.5072796941 2.2448348999    0.507 -1.529  3.5258  4.727    1  0.000  0.545     0.00     0.00 -1 -2.26e-15      0.00 6.425e-01 3.178e-01 7.125e-03 1.922e-03 1.744e-02 -1.000 3.963e-02 8.592 6.683 6.058 5.831 5.591 5.519 5.472 5.426 4.894 4.939 5.056 5.675 5.523 5.437 5.084
0.04 0.47971 10.00000 0.5500000119 2.2836582661    0.550 -1.391  3.5397  4.680    1  0.000  0.545     0.00     0.00 -1 -3.15e-15      0.00 6.625e-01 3.000e-01 6.743e-03 1.819e-03 1.650e-02 -1.000 3.752e-02 8.247 6.372 5.724 5.505 5.297 5.250 5.204 5.159 4.648 4.709 4.832 5.371 5.255 5.180 4.837
0.04 0.47971 10.00000 0.6000000238 2.3211214542    0.600 -1.229  3.5618  4.644    1  0.000  0.545     0.00     0.00 -1 -4.56e-15      0.00 6.661e-01 2.968e-01 6.678e-03 1.802e-03 1.635e-02 -1.000 3.718e-02 7.843 6.027 5.350 5.149 4.984 4.979 4.932 4.880 4.403 4.491 4.618 5.038 4.984 4.915 4.592
0.04 0.47971 10.00000 0.6499999762 2.3520355225    0.650 -1.059  3.5905  4.624    1  0.000  0.544     0.00     0.00 -1 -6.63e-15      0.00 6.691e-01 2.940e-01 6.623e-03 1.788e-03 1.622e-02 -1.000 3.687e-02 7.418 5.684 4.995 4.822 4.705 4.743 4.697 4.633 4.192 4.307 4.431 4.735 4.749 4.683 4.381
0.04 0.47971 10.00000 0.6999999881 2.3779268265    0.700 -0.891  3.6202  4.607    1  0.000  0.544     0.00     0.00 -1  -9.6e-15      0.00 6.720e-01 2.914e-01 6.571e-03 1.774e-03 1.610e-02 -1.000 3.658e-02 6.997 5.343 4.675 4.535 4.463 4.527 4.489 4.423 4.005 4.134 4.259 4.476 4.534 4.482 4.194
0.04 0.47971 10.00000 0.7184545994 2.3864424229    0.718 -0.824  3.6339  4.606    1  0.000  0.542     0.00     0.00 -1  -1.1e-14      0.00 6.729e-01 2.906e-01 6.523e-03 1.769e-03 1.606e-02 -1.000 3.650e-02 6.831 5.216 4.566 4.441 4.385 4.454 4.420 4.355 3.941 4.075 4.202 4.394 4.461 4.415 4.130
0.04 0.47971 10.00000 0.7500000000 2.3998889923    0.750 -0.713  3.6565  4.604    1  0.000  0.537     0.00     0.00 -1  -1.4e-14      0.00 6.743e-01 2.893e-01 6.442e-03 1.760e-03 1.600e-02 -1.000 3.639e-02 6.553 5.006 4.416 4.308 4.264 4.330 4.302 4.243 3.830 3.968 4.098 4.269 4.336 4.303 4.019
0.04 0.47971 10.00000 0.7804806828 2.4117014408    0.780 -0.622  3.6689  4.579    1  0.000  0.537     0.00     0.00 -1 -1.74e-14      0.00 6.770e-01 2.869e-01 6.394e-03 1.747e-03 1.588e-02 -1.000 3.607e-02 6.324 4.813 4.264 4.163 4.122 4.183 4.158 4.103 3.691 3.830 3.961 4.125 4.189 4.164 3.880
0.04 0.47971 10.00000 0.8000000119 2.4187245369    0.800 -0.563  3.6768  4.563    1  0.000  0.537     0.00     0.00 -1 -2.01e-14      0.00 6.787e-01 2.854e-01 6.364e-03 1.739e-03 1.581e-02 -1.000 3.590e-02 6.178 4.691 4.167 4.071 4.031 4.089 4.066 4.014 3.602 3.742 3.873 4.034 4.094 4.074 3.791
0.04 0.47971 10.00000 0.8061534166 2.4208576679    0.806 -0.544  3.6793  4.558    1  0.000  0.537     0.00     0.00 -1  -2.1e-14      0.00 6.793e-01 2.848e-01 6.353e-03 1.736e-03 1.578e-02 -1.000 3.584e-02 6.130 4.652 4.136 4.041 4.002 4.059 4.036 3.985 3.573 3.713 3.845 4.004 4.064 4.046 3.762
0.04 0.47971 10.00000 0.8329271674 2.4297184944    0.832 -0.462  3.6902  4.533    1  0.000  0.537     0.00     0.00 -1 -2.57e-14      0.00 6.819e-01 2.825e-01 6.307e-03 1.724e-03 1.567e-02 -1.000 3.562e-02 5.924 4.480 3.998 3.909 3.872 3.925 3.905 3.857 3.446 3.588 3.720 3.874 3.930 3.918 3.635
0.04 0.47971 10.00000 0.8500000238 2.4350347519    0.849 -0.409  3.6969  4.516    1  0.000  0.537     0.00     0.00 -1 -2.92e-14      0.00 6.835e-01 2.811e-01 6.280e-03 1.717e-03 1.560e-02 -1.000 3.547e-02 5.793 4.372 3.910 3.824 3.788 3.838 3.819 3.774 3.363 3.505 3.637 3.790 3.843 3.834 3.552
0.04 0.47971 10.00000 0.8614652157 2.4384691715    0.861 -0.374  3.7013  4.504    1  0.000  0.537     0.00     0.00 -1  -3.2e-14      0.00 6.847e-01 2.800e-01 6.258e-03 1.711e-03 1.555e-02 -1.000 3.534e-02 5.704 4.297 3.849 3.765 3.730 3.778 3.760 3.716 3.305 3.447 3.580 3.732 3.782 3.777 3.494
0.04 0.47971 10.00000 0.8745275140 2.4422562122    0.874 -0.333  3.7061  4.489    1  0.000  0.536     0.00     0.00 -1 -3.55e-14      0.00 6.861e-01 2.787e-01 6.233e-03 1.704e-03 1.549e-02 -1.000 3.522e-02 5.602 4.212 3.777 3.696 3.662 3.708 3.691 3.648 3.238 3.380 3.513 3.664 3.712 3.709 3.426
0.04 0.47971 10.00000 0.8984563351 2.4488661289    0.897 -0.258  3.7145  4.459    1  0.000  0.536     0.00     0.00 -1  -4.3e-14      0.00 6.885e-01 2.765e-01 6.190e-03 1.692e-03 1.538e-02 -1.000 3.500e-02 5.415 4.055 3.643 3.566 3.534 3.578 3.562 3.522 3.111 3.254 3.387 3.536 3.582 3.582 3.300
0.04 0.47971 10.00000 0.8999999762 2.4492788315    0.899 -0.253  3.7150  4.457    1  0.000  0.536     0.00     0.00 -1 -4.35e-14      0.00 6.886e-01 2.764e-01 6.187e-03 1.691e-03 1.538e-02 -1.000 3.499e-02 5.403 4.045 3.634 3.558 3.526 3.569 3.554 3.513 3.103 3.245 3.378 3.528 3.573 3.574 3.292
0.04 0.47971 10.00000 0.9037641883 2.4502780437    0.903 -0.241  3.7162  4.452    1  0.000  0.536     0.00     0.00 -1 -4.49e-14      0.00 6.891e-01 2.760e-01 6.179e-03 1.689e-03 1.536e-02 -1.000 3.494e-02 5.374 4.020 3.612 3.537 3.505 3.548 3.533 3.492 3.082 3.225 3.358 3.507 3.552 3.553 3.271
0.04 0.47971 10.00000 0.9161749482 2.4535055161    0.915 -0.202  3.7201  4.434    1  0.000  0.536     0.00     0.00 -1 -4.98e-14      0.00 6.905e-01 2.747e-01 6.153e-03 1.682e-03 1.530e-02 -1.000 3.481e-02 5.275 3.935 3.538 3.464 3.434 3.475 3.461 3.421 3.011 3.154 3.287 3.435 3.479 3.482 3.200
0.04 0.47971 10.00000 0.9284950495 2.4566118717    0.928 -0.163  3.7237  4.415    1  0.000  0.536     0.00     0.00 -1 -5.53e-14      0.00 6.920e-01 2.733e-01 6.128e-03 1.676e-03 1.524e-02 -1.000 3.470e-02 5.178 3.851 3.464 3.392 3.362 3.403 3.388 3.350 2.940 3.083 3.216 3.363 3.406 3.411 3.128
0.04 0.47971 10.00000 0.9401461482 2.4594633579    0.939 -0.126  3.7269  4.397    1  0.000  0.536     0.00     0.00 -1 -6.12e-14      0.00 6.933e-01 2.722e-01 6.105e-03 1.670e-03 1.518e-02 -1.000 3.452e-02 5.086 3.771 3.392 3.322 3.293 3.332 3.319 3.281 2.871 3.014 3.147 3.294 3.336 3.342 3.059
0.04 0.47971 10.00000 0.9499999881 2.4618122578    0.949 -0.096  3.7293  4.380    1  0.000  0.536     0.00     0.00 -1 -6.66e-14      0.00 6.943e-01 2.712e-01 6.088e-03 1.665e-03 1.514e-02 -1.000 3.442e-02 5.010 3.704 3.331 3.262 3.233 3.272 3.259 3.222 2.811 2.955 3.088 3.234 3.276 3.283 3.000
0.04 0.47971 10.00000 0.9512906671 2.4621157646    0.950 -0.092  3.7296  4.378    1  0.000  0.536     0.00     0.00 -1 -6.73e-14      0.00 6.945e-01 2.711e-01 6.085e-03 1.665e-03 1.513e-02 -1.000 3.441e-02 4.999 3.695 3.323 3.254 3.225 3.264 3.251 3.214 2.803 2.947 3.080 3.226 3.268 3.275 2.992
0.04 0.47971 10.00000 0.9616977572 2.4645290375    0.961 -0.059  3.7317  4.359    1  0.000  0.536     0.00     0.00 -1 -7.38e-14      0.00 6.957e-01 2.700e-01 6.064e-03 1.659e-03 1.508e-02 -1.000 3.437e-02 4.919 3.622 3.256 3.188 3.160 3.198 3.185 3.148 2.738 2.881 3.015 3.161 3.201 3.209 2.927
0.04 0.47971 10.00000 0.9711331129 2.4666657448    0.970 -0.029  3.7335  4.340    1  0.000  0.536     0.00     0.00 -1 -8.04e-14      0.00 6.968e-01 2.691e-01 6.045e-03 1.654e-03 1.504e-02 -1.000 3.419e-02 4.843 3.553 3.191 3.124 3.097 3.135 3.121 3.086 2.675 2.818 2.952 3.098 3.138 3.146 2.864
0.04 0.47971 10.00000 0.9853743315 2.4698016644    0.985  0.020  3.7365  4.309    1  0.000  0.536     0.00     0.00 -1 -9.25e-14      0.00 6.964e-01 2.693e-01 6.052e-03 1.655e-03 1.506e-02 -1.000 3.426e-02 4.719 3.442 3.087 3.021 2.995 3.031 3.018 2.983 2.573 2.716 2.850 2.996 3.035 3.044 2.762
0.04 0.47971 10.00000 0.9892653823 2.4706404209    0.989  0.034  3.7372  4.300    1  0.000  0.536     0.00     0.00 -1 -9.62e-14      0.00 6.961e-01 2.696e-01 6.058e-03 1.657e-03 1.508e-02 -1.000 3.429e-02 4.686 3.411 3.058 2.993 2.967 3.003 2.990 2.955 2.545 2.688 2.822 2.967 3.006 3.016 2.734
0.04 0.47971 10.00000 1.0000000000 2.4729156494    1.000  0.072  3.7390  4.273    1  0.000  0.536     0.00     0.00 -1 -1.08e-13      0.00 6.947e-01 2.709e-01 6.085e-03 1.664e-03 1.514e-02 -1.000 3.440e-02 4.589 3.321 2.972 2.908 2.883 2.919 2.906 2.872 2.461 2.604 2.738 2.883 2.922 2.932 2.650
0.04 0.47971 10.00000 1.0000934601 2.4729351997    1.000  0.073  3.7390  4.273    1  0.000  0.536     0.00     0.00 -1 -1.08e-13      0.00 6.947e-01 2.709e-01 6.085e-03 1.664e-03 1.514e-02 -1.000 3.440e-02 4.588 3.321 2.972 2.908 2.882 2.918 2.905 2.871 2.460 2.603 2.737 2.883 2.921 2.932 2.649
0.04 0.47971 10.00000 1.0113703012 2.4752650261    1.011  0.115  3.7403  4.241    1  0.000  0.536     0.00     0.00 -1 -1.21e-13      0.00 6.935e-01 2.719e-01 6.109e-03 1.671e-03 1.520e-02 -1.000 3.455e-02 4.482 3.220 2.874 2.810 2.785 2.821 2.808 2.774 2.363 2.507 2.641 2.786 2.824 2.835 2.552
0.04 0.47971 10.00000 1.0214953423 2.4773066044    1.021  0.155  3.7409  4.208    1  0.000  0.536     0.00     0.00 -1 -1.35e-13      0.00 6.920e-01 2.732e-01 6.139e-03 1.679e-03 1.527e-02 -1.000 3.472e-02 4.384 3.123 2.779 2.716 2.691 2.726 2.714 2.679 2.268 2.413 2.546 2.691 2.729 2.737 2.457
0.04 0.47971 10.00000 1.0299510956 2.4789762497    1.029  0.188  3.7408  4.177    1  0.000  0.536     0.00     0.00 -1 -1.49e-13      0.00 6.901e-01 2.749e-01 6.177e-03 1.690e-03 1.537e-02 -1.000 3.499e-02 4.299 3.038 2.693 2.630 2.605 2.640 2.627 2.593 2.182 2.326 2.460 2.605 2.643 2.651 2.371
0.04 0.47971 10.00000 1.0327409506 2.4795200825    1.032  0.200  3.7406  4.166    1  0.000  0.536     0.00     0.00 -1 -1.54e-13      0.00 6.890e-01 2.760e-01 6.201e-03 1.697e-03 1.543e-02 -1.000 3.510e-02 4.270 3.009 2.664 2.601 2.575 2.611 2.598 2.564 2.152 2.296 2.430 2.576 2.614 2.623 2.341
0.04 0.47971 10.00000 1.0369530916 2.4803349972    1.036  0.217  3.7401  4.148    2  0.000  0.536     0.00     0.00 -1 -1.62e-13      0.00 6.874e-01 2.773e-01 6.232e-03 1.705e-03 1.551e-02 -1.000 3.528e-02 4.226 2.963 2.616 2.553 2.527 2.563 2.550 2.515 2.104 2.248 2.382 2.528 2.566 2.576 2.293
0.04 0.47971 10.00000 1.0425566435 2.4814074039    1.041  0.241  3.7386  4.121    2  0.000  0.536     0.00     0.00 -1 -1.74e-13      0.00 6.845e-01 2.799e-01 6.290e-03 1.721e-03 1.566e-02 -1.000 3.561e-02 4.168 2.899 2.548 2.484 2.458 2.494 2.481 2.446 2.035 2.178 2.312 2.458 2.497 2.506 2.223
0.04 0.47971 10.00000 1.0481487513 2.4824645519    1.047  0.264  3.7369  4.093    2  0.000  0.536     0.00     0.00 -1 -1.88e-13      0.00 6.813e-01 2.828e-01 6.353e-03 1.738e-03 1.581e-02 -1.000 3.595e-02 4.109 2.834 2.479 2.413 2.386 2.423 2.410 2.374 1.963 2.106 2.240 2.387 2.426 2.435 2.152
0.04 0.47971 10.00000 1.0499999523 2.4828116894    1.049  0.272  3.7356  4.082    2  0.000  0.536     0.00     0.00 -1 -1.93e-13      0.00 6.798e-01 2.841e-01 6.382e-03 1.746e-03 1.588e-02 -1.000 3.613e-02 4.091 2.811 2.452 2.387 2.359 2.396 2.383 2.346 1.935 2.078 2.212 2.360 2.400 2.407 2.124
0.04 0.47971 10.00000 1.0520023108 2.4831855297    1.051  0.280  3.7342  4.069    2  0.000  0.536     0.00     0.00 -1 -1.98e-13      0.00 6.781e-01 2.856e-01 6.414e-03 1.755e-03 1.596e-02 -1.000 3.633e-02 4.071 2.785 2.423 2.357 2.328 2.366 2.353 2.316 1.905 2.048 2.181 2.329 2.370 2.376 2.094
0.04 0.47971 10.00000 1.0568534136 2.4840843678    1.055  0.296  3.7290  4.033    2  0.000  0.536     0.00     0.00 -1 -2.13e-13      0.00 6.732e-01 2.900e-01 6.505e-03 1.779e-03 1.618e-02 -1.000 3.684e-02 4.030 2.724 2.349 2.279 2.249 2.288 2.275 2.236 1.824 1.967 2.101 2.250 2.292 2.296 2.013
0.04 0.47971 10.00000 1.0604584217 2.4847462177    1.059  0.306  3.7240  4.004    2  0.000  0.536     0.00     0.00 -1 -2.24e-13      0.00 6.690e-01 2.937e-01 6.581e-03 1.800e-03 1.636e-02 -1.000 3.724e-02 4.004 2.680 2.291 2.220 2.188 2.229 2.215 2.174 1.762 1.905 2.038 2.189 2.233 2.234 1.951
0.04 0.47971 10.00000 1.0636333227 2.4853248596    1.062  0.310  3.7162  3.971    2  0.000  0.536     0.00     0.00 -1 -2.33e-13      0.00 6.643e-01 2.980e-01 6.664e-03 1.822e-03 1.656e-02 -1.000 3.767e-02 3.996 2.644 2.234 2.158 2.124 2.167 2.152 2.109 1.697 1.839 1.972 2.125 2.171 2.169 1.886
0.04 0.47971 10.00000 1.0669789314 2.4859304428    1.065  0.311  3.7038  3.922    2  0.000  0.537     0.00     0.00 -1 -2.46e-13      0.00 6.583e-01 3.035e-01 6.765e-03 1.849e-03 1.681e-02 -1.000 3.822e-02 3.993 2.598 2.154 2.072 2.033 2.080 2.064 2.016 1.604 1.745 1.877 2.035 2.085 2.076 1.792
0.04 0.47971 10.00000 1.0686299801 2.4862277508    1.067  0.317  3.6961  3.886    2  0.000  0.537     0.00     0.00 -1 -2.59e-13      0.00 6.550e-01 3.065e-01 6.817e-03 1.863e-03 1.693e-02 -1.000 3.849e-02 3.977 2.556 2.090 2.004 1.962 2.013 1.995 1.944 1.532 1.673 1.805 1.965 2.018 2.004 1.721
0.04 0.47971 10.00000 1.0697845221 2.4864349365    1.068  0.333  3.6912  3.851    2  0.000  0.537     0.00     0.00 -1 -2.78e-13      0.00 6.527e-01 3.086e-01 6.851e-03 1.872e-03 1.701e-02 -1.000 3.868e-02 3.938 2.501 2.020 1.931 1.888 1.940 1.922 1.869 1.457 1.598 1.729 1.891 1.946 1.929 1.646
0.04 0.47971 10.00000 1.0706678629 2.4865930080    1.069  0.348  3.6876  3.822    2  0.000  0.537     0.00     0.00 -1 -2.97e-13      0.00 6.508e-01 3.103e-01 6.876e-03 1.879e-03 1.707e-02 -1.000 3.882e-02 3.901 2.452 1.961 1.870 1.825 1.879 1.860 1.806 1.393 1.534 1.665 1.828 1.885 1.866 1.582
0.04 0.47971 10.00000 1.0713957548 2.4867231846    1.070  0.366  3.6852  3.794    2  0.000  0.537     0.00     0.00 -1 -3.19e-13      0.00 6.492e-01 3.118e-01 6.896e-03 1.884e-03 1.712e-02 -1.000 3.892e-02 3.855 2.399 1.901 1.808 1.762 1.817 1.798 1.743 1.329 1.470 1.601 1.765 1.823 1.802 1.518
0.04 0.47971 10.00000 1.0714980364 2.4867415428    1.070  0.369  3.6849  3.790    2  0.000  0.537     0.00     0.00 -1 -3.22e-13      0.00 6.490e-01 3.120e-01 6.899e-03 1.885e-03 1.713e-02 -1.000 3.893e-02 3.848 2.391 1.892 1.799 1.753 1.808 1.789 1.734 1.320 1.460 1.592 1.757 1.814 1.793 1.509
0.04 0.47971 10.00000 1.0730350018 2.4870154858    1.071  0.423  3.6813  3.722    3  0.000  0.536     0.00     0.00 -1 -3.93e-13      0.00 6.453e-01 3.156e-01 6.917e-03 1.898e-03 1.721e-02 -1.000 3.908e-02 3.713 2.245 1.735 1.640 1.592 1.649 1.629 1.572 1.158 1.298 1.429 1.596 1.655 1.631 1.347
0.04 0.47971 10.00000 1.0740631819 2.4871983528    1.072  0.465  3.6794  3.673    3  0.000  0.532     0.00     0.00 -1 -4.56e-13      0.00 6.425e-01 3.183e-01 6.890e-03 1.919e-03 1.725e-02 -1.000 3.920e-02 3.608 2.135 1.619 1.522 1.474 1.531 1.511 1.453 1.038 1.178 1.309 1.477 1.537 1.512 1.227
0.04 0.47971 10.00000 1.0752954483 2.4874169827    1.074  0.521  3.6776  3.610    3  0.000  0.519     0.00     0.00 -1 -5.57e-13      0.00 6.387e-01 3.220e-01 6.737e-03 2.057e-03 1.730e-02 -1.000 3.931e-02 3.468 1.989 1.467 1.369 1.320 1.379 1.358 1.299 0.884 1.024 1.154 1.324 1.384 1.358 1.073
0.04 0.47971 10.00000 1.0763567686 2.4876046181    1.075  0.574  3.6761  3.551    3  0.000  0.498     0.00     0.00 -1 -6.73e-13      0.00 6.352e-01 3.253e-01 6.467e-03 2.371e-03 1.733e-02 -1.000 3.945e-02 3.334 1.851 1.325 1.226 1.176 1.235 1.214 1.154 0.739 0.879 1.009 1.180 1.241 1.213 0.928
0.04 0.47971 10.00000 1.0771387815 2.4877426624    1.075  0.617  3.6750  3.505    3  0.000  0.482     0.00     0.00 -1 -7.81e-13      0.00 6.327e-01 3.277e-01 6.272e-03 2.616e-03 1.735e-02 -1.000 3.952e-02 3.228 1.742 1.212 1.113 1.062 1.121 1.101 1.040 0.625 0.764 0.894 1.066 1.128 1.098 0.814
0.04 0.47971 10.00000 1.0778783560 2.4878730774    1.076  0.660  3.6739  3.458    3  0.000  0.470     0.00     0.00 -1 -9.09e-13      0.00 6.306e-01 3.298e-01 6.123e-03 2.808e-03 1.737e-02 -1.000 3.960e-02 3.120 1.631 1.098 0.997 0.946 1.006 0.985 0.923 0.508 0.647 0.777 0.950 1.012 0.982 0.697
0.04 0.47971 10.00000 1.0785548687 2.4879922867    1.077  0.702  3.6728  3.411    3  0.000  0.462     0.00     0.00 -1 -1.06e-12      0.00 6.289e-01 3.314e-01 6.017e-03 2.943e-03 1.738e-02 -1.000 3.965e-02 3.015 1.522 0.986 0.884 0.832 0.893 0.872 0.809 0.394 0.533 0.663 0.836 0.900 0.867 0.583
0.04 0.47971 10.00000 1.0791933537 2.4881045818    1.077  0.745  3.6715  3.364    3  0.000  0.455     0.00     0.00 -1 -1.23e-12      0.00 6.275e-01 3.328e-01 5.938e-03 3.046e-03 1.739e-02 -1.000 3.967e-02 2.908 1.412 0.872 0.769 0.716 0.778 0.757 0.692 0.277 0.416 0.546 0.720 0.785 0.751 0.466
0.04 0.47971 10.00000 1.0797783136 2.4882071018    1.078  0.787  3.6702  3.317    3  0.000  0.450     0.00     0.00 -1 -1.43e-12      0.00 6.263e-01 3.340e-01 5.876e-03 3.126e-03 1.740e-02 -1.000 3.973e-02 2.803 1.302 0.759 0.655 0.600 0.664 0.642 0.577 0.161 0.300 0.430 0.605 0.671 0.635 0.350
0.04 0.47971 10.00000 1.0804630518 2.4883272648    1.079  0.840  3.6685  3.257    3  0.000  0.446     0.00     0.00 -1 -1.73e-12      0.00 6.250e-01 3.352e-01 5.814e-03 3.206e-03 1.740e-02 -1.000 3.975e-02 2.669 1.163 0.615 0.509 0.453 0.518 0.497 0.429 0.014 0.152 0.282 0.458 0.525 0.487 0.202
0.04 0.47971 10.00000 1.0809377432 2.4884104729    1.079  0.881  3.6671  3.210    3  0.000  0.443     0.00     0.00 -1    -2e-12      0.00 6.244e-01 3.358e-01 5.786e-03 3.242e-03 1.741e-02 -1.000 3.979e-02 2.567 1.056 0.504 0.397 0.340 0.406 0.384 0.316 -0.100 0.038 0.168 0.346 0.413 0.374 0.089
0.04 0.47971 10.00000 1.0813947916 2.4884903431    1.079  0.924  3.6655  3.161    3  0.000  0.442     0.00     0.00 -1 -2.34e-12      0.00 6.240e-01 3.363e-01 5.766e-03 3.268e-03 1.741e-02 -1.000 3.974e-02 2.460 0.945 0.388 0.280 0.222 0.289 0.267 0.197 -0.219 -0.081 0.048 0.227 0.296 0.255 -0.030
0.04 0.47971 10.00000 1.0817828178 2.4885580540    1.080  0.963  3.6640  3.116    3  0.000  0.441     0.00     0.00 -1 -2.69e-12      0.00 6.237e-01 3.365e-01 5.754e-03 3.285e-03 1.741e-02 -1.000 3.976e-02 2.363 0.843 0.282 0.172 0.113 0.182 0.159 0.088 -0.328 -0.190 -0.061 0.119 0.189 0.146 -0.139
0.04 0.47971 10.00000 1.0821595192 2.4886238575    1.080  1.004  3.6623  3.069    3  0.000  0.440     0.00     0.00 -1 -3.12e-12      0.00 6.235e-01 3.367e-01 5.744e-03 3.298e-03 1.741e-02 -1.000 3.976e-02 2.260 0.736 0.170 0.059 -0.001 0.068 0.045 -0.027 -0.444 -0.306 -0.177 0.004 0.075 0.030 -0.255
0.04 0.47971 10.00000 1.0824948549 2.4886825085    1.080  1.043  3.6607  3.023    3  0.000  0.439     0.00     0.00 -1 -3.59e-12      0.00 6.234e-01 3.369e-01 5.739e-03 3.305e-03 1.741e-02 -1.000 3.977e-02 2.162 0.633 0.062 -0.050 -0.111 -0.041 -0.064 -0.138 -0.554 -0.416 -0.288 -0.105 -0.033 -0.080 -0.365
0.04 0.47971 10.00000 1.0828000307 2.4887356758    1.081  1.082  3.6590  2.978    3  0.000  0.439     0.00     0.00 -1 -4.13e-12      0.00 6.233e-01 3.369e-01 5.736e-03 3.308e-03 1.741e-02 -1.000 3.977e-02 2.066 0.532 -0.044 -0.158 -0.220 -0.148 -0.171 -0.247 -0.663 -0.526 -0.398 -0.214 -0.141 -0.189 -0.475
0.04 0.47971 10.00000 1.0830842257 2.4887852669    1.081  1.120  3.6573  2.933    3  0.000  0.439     0.00     0.00 -1 -4.75e-12      0.00 6.233e-01 3.369e-01 5.736e-03 3.309e-03 1.741e-02 -1.000 3.977e-02 1.970 0.431 -0.150 -0.265 -0.328 -0.256 -0.280 -0.356 -0.773 -0.635 -0.508 -0.322 -0.249 -0.299 -0.584
0.04 0.47971 10.00000 1.0834225416 2.4888441563    1.081  1.170  3.6550  2.874    3  0.000  0.439     0.00     0.00 -1 -5.69e-12      0.00 6.233e-01 3.369e-01 5.735e-03 3.311e-03 1.741e-02 -1.000 3.977e-02 1.846 0.301 -0.287 -0.405 -0.469 -0.396 -0.420 -0.497 -0.915 -0.777 -0.650 -0.463 -0.388 -0.440 -0.726
0.04 0.47971 10.00000 1.0836687088 2.4888868332    1.081  1.209  3.6531  2.828    3  0.000  0.439     0.00     0.00 -1 -6.56e-12      0.00 6.233e-01 3.369e-01 5.734e-03 3.311e-03 1.741e-02 -1.000 3.977e-02 1.749 0.199 -0.395 -0.515 -0.580 -0.506 -0.530 -0.609 -1.026 -0.889 -0.762 -0.573 -0.498 -0.552 -0.837
0.04 0.47971 10.00000 1.0839546919 2.4889366627    1.082  1.257  3.6507  2.770    3  0.000  0.439     0.00     0.00 -1 -7.84e-12      0.00 6.233e-01 3.370e-01 5.734e-03 3.312e-03 1.741e-02 -1.000 3.977e-02 1.627 0.071 -0.530 -0.652 -0.719 -0.644 -0.668 -0.748 -1.166 -1.028 -0.902 -0.712 -0.635 -0.692 -0.977
0.04 0.47971 10.00000 1.0842174292 2.4889824390    1.082  1.305  3.6482  2.712    3  0.000  0.439     0.00     0.00 -1 -9.34e-12      0.00 6.233e-01 3.370e-01 5.733e-03 3.313e-03 1.741e-02 -1.000 3.977e-02 1.508 -0.054 -0.662 -0.787 -0.855 -0.779 -0.804 -0.886 -1.303 -1.166 -1.040 -0.848 -0.771 -0.829 -1.115
0.04 0.47971 10.00000 1.0844769478 2.4890275002    1.082  1.353  3.6457  2.654    3  0.000  0.439     0.00     0.00 -1 -1.12e-11      0.00 6.233e-01 3.370e-01 5.732e-03 3.314e-03 1.741e-02 -1.000 3.977e-02 1.387 -0.182 -0.798 -0.925 -0.995 -0.918 -0.943 -1.027 -1.444 -1.307 -1.181 -0.988 -0.909 -0.970 -1.255
0.04 0.47971 10.00000 1.0847594738 2.4890766144    1.082  1.395  3.6435  2.603    3  0.000  0.439     0.00     0.00 -1  -1.3e-11      0.00 6.233e-01 3.370e-01 5.732e-03 3.315e-03 1.742e-02 -1.000 3.977e-02 1.283 -0.292 -0.914 -1.044 -1.115 -1.037 -1.062 -1.147 -1.565 -1.428 -1.303 -1.107 -1.028 -1.091 -1.376
0.04 0.47971 10.00000 1.0849112272 2.4891028404    1.082  1.412  3.6427  2.583    3  0.000  0.439     0.00     0.00 -1 -1.39e-11      0.00 6.233e-01 3.370e-01 5.731e-03 3.316e-03 1.742e-02 -1.000 3.977e-02 1.241 -0.337 -0.961 -1.092 -1.163 -1.085 -1.110 -1.196 -1.614 -1.476 -1.351 -1.155 -1.076 -1.139 -1.425
0.04 0.47971 10.00000 1.0852291584 2.4891579151    1.082  1.352  3.6466  2.659    3  0.000  0.439     0.00     0.00 -1 -1.13e-11      0.00 6.232e-01 3.370e-01 5.731e-03 3.317e-03 1.742e-02 -1.000 3.977e-02 1.390 -0.177 -0.790 -0.916 -0.986 -0.909 -0.934 -1.017 -1.435 -1.298 -1.172 -0.979 -0.900 -0.960 -1.246
0.04 0.47971 10.00000 1.0852620602 2.4891636372    1.082  1.343  3.6472  2.670    3  0.000  0.439     0.00     0.00 -1 -1.09e-11      0.00 6.232e-01 3.370e-01 5.731e-03 3.317e-03 1.742e-02 -1.000 3.977e-02 1.412 -0.154 -0.765 -0.891 -0.960 -0.883 -0.908 -0.991 -1.409 -1.272 -1.146 -0.953 -0.875 -0.934 -1.220
0.04 0.47971 10.00000 1.0853651762 2.4891815186    1.082  1.370  3.6456  2.636    3  0.000  0.439     0.00     0.00 -1 -1.19e-11      0.00 6.232e-01 3.370e-01 5.730e-03 3.317e-03 1.742e-02 -1.000 3.977e-02 1.344 -0.226 -0.841 -0.969 -1.039 -0.961 -0.986 -1.070 -1.488 -1.351 -1.225 -1.031 -0.953 -1.014 -1.299
0.04 0.47971 10.00000 1.0855774879 2.4892184734    1.083  1.422  3.6428  2.574    3  0.000  0.439     0.00     0.00 -1 -1.43e-11      0.00 6.232e-01 3.370e-01 5.730e-03 3.318e-03 1.742e-02 -1.000 3.977e-02 1.216 -0.361 -0.985 -1.115 -1.187 -1.108 -1.133 -1.219 -1.637 -1.500 -1.375 -1.179 -1.100 -1.163 -1.449
0.04 0.47971 10.00000 1.0857775211 2.4892530441    1.083  1.471  3.6399  2.513    3  0.000  0.439     0.00     0.00 -1 -1.72e-11      0.00 6.232e-01 3.370e-01 5.729e-03 3.318e-03 1.742e-02 -1.000 3.977e-02 1.092 -0.491 -1.124 -1.258 -1.331 -1.251 -1.277 -1.364 -1.783 -1.645 -1.521 -1.323 -1.242 -1.308 -1.594
0.04 0.47971 10.00000 1.0859580040 2.4892842770    1.083  1.519  3.6371  2.454    3  0.000  0.439     0.00     0.00 -1 -2.06e-11      0.00 6.232e-01 3.370e-01 5.729e-03 3.319e-03 1.742e-02 -1.000 3.977e-02 0.973 -0.619 -1.259 -1.396 -1.471 -1.389 -1.415 -1.506 -1.925 -1.788 -1.664 -1.463 -1.380 -1.450 -1.736
0.04 0.47971 10.00000 1.0861274004 2.4893136024    1.083  1.568  3.6342  2.393    3  0.000  0.439     0.00     0.00 -1 -2.47e-11      0.00 6.232e-01 3.370e-01 5.728e-03 3.320e-03 1.742e-02 -1.000 3.977e-02 0.850 -0.750 -1.397 -1.538 -1.616 -1.531 -1.557 -1.651 -2.070 -1.934 -1.810 -1.607 -1.521 -1.595 -1.882
0.04 0.47971 10.00000 1.0862786770 2.4893398285    1.083  1.615  3.6313  2.334    3  0.000  0.439     0.00     0.00 -1 -2.95e-11      0.00 6.232e-01 3.370e-01 5.728e-03 3.320e-03 1.742e-02 -1.000 3.977e-02 0.732 -0.877 -1.532 -1.676 -1.756 -1.668 -1.695 -1.792 -2.212 -2.075 -1.952 -1.746 -1.658 -1.737 -2.023
0.04 0.47971 10.00000 1.0864170790 2.4893639088    1.083  1.663  3.6283  2.275    3  0.000  0.438     0.00     0.00 -1 -3.52e-11      0.00 6.232e-01 3.370e-01 5.728e-03 3.321e-03 1.742e-02 -1.000 3.977e-02 0.613 -1.004 -1.666 -1.815 -1.896 -1.806 -1.833 -1.934 -2.354 -2.218 -2.095 -1.886 -1.795 -1.879 -2.165
0.04 0.47971 10.00000 1.0865442753 2.4893858433    1.083  1.710  3.6252  2.215    3  0.000  0.438     0.00     0.00 -1 -4.21e-11      0.00 6.232e-01 3.370e-01 5.727e-03 3.321e-03 1.742e-02 -1.000 3.977e-02 0.495 -1.131 -1.800 -1.953 -2.037 -1.944 -1.972 -2.076 -2.497 -2.360 -2.238 -2.026 -1.933 -2.021 -2.308
0.04 0.47971 10.00000 1.0866583586 2.4894056320    1.083  1.756  3.6222  2.157    3  0.000  0.438     0.00     0.00 -1    -5e-11      0.00 6.232e-01 3.370e-01 5.727e-03 3.321e-03 1.742e-02 -1.000 3.977e-02 0.379 -1.255 -1.931 -2.089 -2.174 -2.078 -2.107 -2.214 -2.636 -2.499 -2.378 -2.163 -2.067 -2.160 -2.447
0.04 0.47971 10.00000 1.0867624283 2.4894235134    1.083  1.802  3.6191  2.099    3  0.000  0.438     0.00     0.00 -1 -5.95e-11      0.00 6.232e-01 3.370e-01 5.727e-03 3.322e-03 1.742e-02 -1.000 3.977e-02 0.264 -1.378 -2.062 -2.224 -2.311 -2.213 -2.242 -2.353 -2.775 -2.639 -2.518 -2.300 -2.202 -2.299 -2.586
0.04 0.47971 10.00000 1.0868576765 2.4894399643    1.082  1.848  3.6160  2.040    3  0.000  0.438     0.00     0.00 -1 -7.08e-11      0.00 6.232e-01 3.370e-01 5.727e-03 3.322e-03 1.742e-02 -1.000 3.977e-02 0.150 -1.502 -2.193 -2.359 -2.449 -2.348 -2.378 -2.492 -2.914 -2.779 -2.658 -2.437 -2.336 -2.438 -2.726
0.04 0.47971 10.00000 1.0869433880 2.4894547462    1.082  1.893  3.6129  1.983    3  0.000  0.438     0.00     0.00 -1 -8.39e-11      0.00 6.232e-01 3.370e-01 5.727e-03 3.322e-03 1.742e-02 -1.000 3.977e-02 0.037 -1.623 -2.320 -2.491 -2.583 -2.478 -2.510 -2.626 -3.040 -3.065 -3.066 -2.571 -2.467 -2.575 -2.856
0.04 0.47971 10.00000 1.0870212317 2.4894683361    1.082  1.938  3.6097  1.926    3  0.000  0.438     0.00     0.00 -1 -9.93e-11      0.00 6.232e-01 3.370e-01 5.726e-03 3.323e-03 1.742e-02 -1.000 3.977e-02 -0.074 -1.741 -2.439 -2.619 -2.712 -2.601 -2.637 -2.752 -3.135 -3.689 -4.095 -2.699 -2.589 -2.710 -2.967
0.04 0.47971 10.00000 1.0870923996 2.4894804955    1.082  1.982  3.6066  1.869    3  0.000  0.438     0.00     0.00 -1 -1.17e-10      0.00 6.232e-01 3.370e-01 5.726e-03 3.323e-03 1.742e-02 -1.000 3.977e-02 -0.184 -1.859 -2.558 -2.746 -2.840 -2.724 -2.764 -2.877 -3.231 -4.313 -5.123 -2.827 -2.712 -2.845 -3.079
0.04 0.47971 10.00000 1.0871571302 2.4894917011    1.082  2.025  3.6033  1.812    3  0.000  0.438     0.00     0.00 -1 -1.39e-10      0.00 6.232e-01 3.370e-01 5.726e-03 3.323e-03 1.742e-02 -1.000 3.977e-02 -0.293 -1.975 -2.676 -2.872 -2.968 -2.846 -2.892 -3.001 -3.327 -4.935 -6.150 -2.955 -2.834 -2.979 -3.190
0.04 0.47971 10.00000 1.0872159004 2.4895019531    1.082  2.068  3.6000  1.756    3  0.000  0.438     0.00     0.00 -1 -1.63e-10      0.00 6.232e-01 3.370e-01 5.726e-03 3.323e-03 1.742e-02 -1.000 3.977e-02 -0.401 -2.089 -2.792 -2.997 -3.094 -2.966 -3.017 -3.123 -3.420 -5.547 -7.159 -3.080 -2.954 -3.111 -3.300
0.04 0.47971 10.00000 1.0872706175 2.4895112514    1.081  2.111  3.5967  1.699    3  0.000  0.438     0.00     0.00 -1 -1.93e-10      0.00 6.232e-01 3.370e-01 5.726e-03 3.323e-03 1.742e-02 -1.000 3.978e-02 -0.508 -2.205 -2.909 -3.122 -3.221 -3.086 -3.145 -3.246 -3.515 -6.166 -8.178 -3.207 -3.075 -3.243 -3.410
0.04 0.47971 10.00000 1.0873197317 2.4895198345    1.081  2.153  3.5934  1.644    3  0.000  0.438     0.00     0.00 -1 -2.26e-10      0.00 6.232e-01 3.370e-01 5.726e-03 3.324e-03 1.742e-02 -1.000 3.978e-02 -0.613 -2.317 -3.023 -3.245 -3.345 -3.204 -3.270 -3.365 -3.608 -6.771 -9.176 -3.330 -3.194 -3.372 -3.518
0.04 0.47971 10.00000 1.0873652697 2.4895277023    1.081  2.195  3.5901  1.589    3  0.000  0.438     0.00     0.00 -1 -2.66e-10      0.00 6.232e-01 3.370e-01 5.726e-03 3.324e-03 1.742e-02 -1.000 3.978e-02 -0.718 -2.429 -3.138 -3.368 -3.469 -3.322 -3.396 -3.484 -3.701 -7.376 -10.174 -3.454 -3.312 -3.501 -3.627
0.04 0.47971 10.00000 1.0874067545 2.4895348549    1.080  2.236  3.5868  1.534    3  0.000  0.438     0.00     0.00 -1 -3.11e-10      0.00 6.232e-01 3.370e-01 5.725e-03 3.324e-03 1.742e-02 -1.000 3.978e-02 -0.821 -2.540 -3.251 -3.489 -3.592 -3.438 -3.521 -3.601 -3.793 -7.974 -11.159 -3.576 -3.429 -3.628 -3.734
0.04 0.47971 10.00000 1.0874449015 2.4895412922    1.080  2.277  3.5832  1.479    3  0.000  0.438     0.00     0.00 -1 -3.65e-10      0.00 6.232e-01 3.370e-01 5.725e-03 3.324e-03 1.742e-02 -1.000 3.978e-02 -0.923 -2.651 -3.367 -3.612 -3.717 -3.557 -3.648 -3.723 -3.901 -8.399 -11.828 -3.700 -3.549 -3.756 -3.851
0.04 0.47971 10.00000 1.0874793530 2.4895472527    1.080  2.317  3.5799  1.426    3  0.000  0.438     0.00     0.00 -1 -4.25e-10      0.00 6.232e-01 3.370e-01 5.725e-03 3.324e-03 1.742e-02 -1.000 3.978e-02 -1.022 -2.761 -3.483 -3.734 -3.841 -3.677 -3.773 -3.847 -4.029 -8.527 -11.956 -3.824 -3.670 -3.881 -3.979
0.04 0.47971 10.00000 1.0875114202 2.4895529747    1.079  2.356  3.5765  1.373    3  0.000  0.438     0.00     0.00 -1 -4.96e-10      0.00 6.232e-01 3.370e-01 5.725e-03 3.324e-03 1.742e-02 -1.000 3.978e-02 -1.121 -2.872 -3.599 -3.856 -3.966 -3.799 -3.899 -3.973 -4.158 -8.656 -12.085 -3.948 -3.791 -4.007 -4.108
0.04 0.47971 10.00000 1.0875416994 2.4895582199    1.079  2.396  3.5729  1.318    3  0.000  0.438     0.00     0.00 -1  -5.8e-10      0.00 6.232e-01 3.370e-01 5.725e-03 3.324e-03 1.742e-02 -1.000 3.978e-02 -1.221 -2.983 -3.718 -3.981 -4.093 -3.922 -4.026 -4.100 -4.289 -8.787 -12.216 -4.074 -3.915 -4.136 -4.239
0.04 0.47971 10.00000 1.0875685215 2.4895627499    1.078  2.434  3.5694  1.266    3  0.000  0.438     0.00     0.00 -1 -6.72e-10      0.00 6.232e-01 3.370e-01 5.725e-03 3.324e-03 1.742e-02 -1.000 3.978e-02 -1.315 -3.090 -3.830 -4.099 -4.214 -4.039 -4.148 -4.221 -4.414 -8.912 -12.341 -4.194 -4.032 -4.258 -4.364
0.04 0.47971 10.00000 1.0875934362 2.4895670414    1.077  2.472  3.5660  1.214    3  0.000  0.438     0.00     0.00 -1 -7.79e-10      0.00 6.232e-01 3.370e-01 5.725e-03 3.325e-03 1.742e-02 -1.000 3.978e-02 -1.410 -3.196 -3.942 -4.217 -4.335 -4.156 -4.269 -4.342 -4.539 -9.037 -12.466 -4.314 -4.150 -4.380 -4.489
0.04 0.47971 10.00000 1.0876166821 2.4895710945    1.077  2.510  3.5624  1.162    3  0.000  0.438     0.00     0.00 -1 -9.04e-10      0.00 6.232e-01 3.370e-01 5.725e-03 3.325e-03 1.742e-02 -1.000 3.978e-02 -1.504 -3.302 -4.055 -4.335 -4.456 -4.273 -4.391 -4.464 -4.664 -9.163 -12.591 -4.434 -4.267 -4.503 -4.614
0.04 0.47971 10.00000 1.0876381397 2.4895746708    1.076  2.547  3.5587  1.110    3  0.000  0.438     0.00     0.00 -1 -1.05e-09      0.00 6.232e-01 3.370e-01 5.725e-03 3.325e-03 1.742e-02 -1.000 3.978e-02 -1.597 -3.408 -4.167 -4.454 -4.577 -4.391 -4.514 -4.586 -4.790 -9.288 -12.717 -4.555 -4.385 -4.625 -4.740
0.04 0.47971 10.00000 1.0876581669 2.4895782471    1.075  2.584  3.5550  1.058    3  0.000  0.438     0.00     0.00 -1 -1.21e-09      0.00 6.232e-01 3.370e-01 5.725e-03 3.325e-03 1.742e-02 -1.000 3.978e-02 -1.690 -3.513 -4.278 -4.572 -4.698 -4.507 -4.635 -4.707 -4.915 -9.413 -12.842 -4.674 -4.501 -4.747 -4.865
0.04 0.47971 10.00000 1.0876806974 2.4895820618    1.074  2.629  3.5505  0.994    3  0.000  0.438     0.00     0.00 -1 -1.45e-09      0.00 6.232e-01 3.370e-01 5.725e-03 3.325e-03 1.742e-02 -1.000 3.978e-02 -1.802 -3.640 -4.412 -4.714 -4.844 -4.648 -4.782 -4.854 -5.066 -9.565 -12.993 -4.819 -4.643 -4.895 -5.017
0.04 0.47971 10.00000 1.0877015591 2.4895856380    1.073  2.673  3.5459  0.931    3  0.000  0.438     0.00     0.00 -1 -1.73e-09      0.00 6.232e-01 3.370e-01 5.725e-03 3.325e-03 1.742e-02 -1.000 3.978e-02 -1.913 -3.768 -4.545 -4.857 -4.990 -4.790 -4.930 -5.001 -5.218 -9.716 -13.145 -4.963 -4.785 -5.044 -5.168
0.04 0.47971 10.00000 1.0877205133 2.4895889759    1.072  2.717  3.5414  0.869    3  0.000  0.438     0.00     0.00 -1 -2.06e-09      0.00 6.232e-01 3.370e-01 5.725e-03 3.325e-03 1.742e-02 -1.000 3.978e-02 -2.022 -3.892 -4.676 -4.997 -5.133 -4.929 -5.075 -5.147 -5.368 -9.866 -13.294 -5.105 -4.925 -5.191 -5.318
0.04 0.47971 10.00000 1.0877380371 2.4895920753    1.071  2.760  3.5368  0.807    3  0.000  0.438     0.00     0.00 -1 -2.45e-09      0.00 6.232e-01 3.370e-01 5.725e-03 3.325e-03 1.742e-02 -1.000 3.978e-02 -2.130 -4.015 -4.805 -5.135 -5.276 -5.068 -5.220 -5.291 -5.516 -10.014 -13.442 -5.246 -5.064 -5.336 -5.466
0.04 0.47971 10.00000 1.0877541304 2.4895946980    1.069  2.802  3.5321  0.746    3  0.000  0.438     0.00     0.00 -1  -2.9e-09      0.00 6.232e-01 3.370e-01 5.725e-03 3.325e-03 1.742e-02 -1.000 3.978e-02 -2.235 -4.137 -4.932 -5.272 -5.416 -5.205 -5.362 -5.433 -5.662 -10.159 -13.588 -5.384 -5.201 -5.479 -5.612
0.04 0.47971 10.00000 1.0877690315 2.4895973206    1.068  2.844  3.5274  0.684    3  0.000  0.438     0.00     0.00 -1 -3.44e-09      0.00 6.232e-01 3.370e-01 5.725e-03 3.325e-03 1.742e-02 -1.000 3.978e-02 -2.339 -4.256 -5.057 -5.408 -5.556 -5.340 -5.504 -5.574 -5.807 -10.304 -13.733 -5.522 -5.338 -5.622 -5.757
0.04 0.47971 10.00000 1.0877823830 2.4895997047    1.066  2.884  3.5228  0.625    3  0.000  0.438     0.00     0.00 -1 -4.05e-09      0.00 6.232e-01 3.370e-01 5.725e-03 3.325e-03 1.742e-02 -1.000 3.978e-02 -2.439 -4.370 -5.178 -5.540 -5.690 -5.471 -5.640 -5.710 -5.947 -10.444 -13.872 -5.654 -5.469 -5.759 -5.898
0.04 0.47971 10.00000 1.0877950191 2.4896018505    1.064  2.924  3.5181  0.566    3  0.000  0.438     0.00     0.00 -1 -4.78e-09      0.00 6.232e-01 3.370e-01 5.725e-03 3.325e-03 1.742e-02 -1.000 3.978e-02 -2.539 -4.484 -5.298 -5.671 -5.826 -5.601 -5.777 -5.845 -6.087 -10.582 -14.011 -5.786 -5.600 -5.896 -6.037
0.04 0.47971 10.00000 1.0878067017 2.4896037579    1.062  2.963  3.5133  0.506    3  0.000  0.438     0.00     0.00 -1 -5.63e-09      0.00 6.232e-01 3.370e-01 5.725e-03 3.325e-03 1.742e-02 -1.000 3.978e-02 -2.638 -4.594 -5.418 -5.802 -5.959 -5.730 -5.911 -5.977 -6.224 -10.718 -14.146 -5.915 -5.728 -6.030 -6.175
0.04 0.47971 10.00000 1.0878175497 2.4896056652    1.060  3.002  3.5085  0.447    3  0.000  0.438     0.00     0.00 -1 -6.61e-09      0.00 6.232e-01 3.370e-01 5.724e-03 3.325e-03 1.742e-02 -1.000 3.978e-02 -2.734 -4.703 -5.535 -5.929 -6.090 -5.858 -6.043 -6.107 -6.359 -10.852 -14.280 -6.041 -5.856 -6.163 -6.310
0.04 0.47971 10.00000 1.0878275633 2.4896073341    1.058  3.039  3.5037  0.390    3  0.000  0.438     0.00     0.00 -1 -7.73e-09      0.00 6.232e-01 3.370e-01 5.724e-03 3.325e-03 1.742e-02 -1.000 3.978e-02 -2.828 -4.808 -5.650 -6.052 -6.215 -5.981 -6.169 -6.230 -6.489 -10.980 -14.408 -6.160 -5.980 -6.290 -6.440
0.04 0.47971 10.00000 1.0878371000 2.4896090031    1.055  3.077  3.4989  0.332    3  0.000  0.438     0.00     0.00 -1 -9.05e-09      0.00 6.232e-01 3.370e-01 5.724e-03 3.325e-03 1.742e-02 -1.000 3.978e-02 -2.921 -4.913 -5.763 -6.176 -6.341 -6.105 -6.295 -6.353 -6.619 -11.109 -14.537 -6.280 -6.104 -6.418 -6.571
0.04 0.47971 10.00000 1.0878456831 2.4896106720    1.052  3.113  3.4942  0.276    3  0.000  0.438     0.00     0.00 -1 -1.06e-08      0.00 6.232e-01 3.370e-01 5.724e-03 3.325e-03 1.742e-02 -1.000 3.978e-02 -3.011 -5.012 -5.873 -6.295 -6.463 -6.223 -6.416 -6.472 -6.745 -11.232 -14.661 -6.394 -6.222 -6.541 -6.698
0.04 0.47971 10.00000 1.0878537893 2.4896118641    1.049  3.148  3.4895  0.221    3  0.000  0.438     0.00     0.00 -1 -1.23e-08      0.00 6.232e-01 3.370e-01 5.724e-03 3.325e-03 1.742e-02 -1.000 3.978e-02 -3.100 -5.110 -5.982 -6.413 -6.585 -6.341 -6.538 -6.591 -6.872 -11.356 -14.785 -6.509 -6.340 -6.665 -6.825
0.04 0.47971 10.00000 1.0878612995 2.4896132946    1.046  3.183  3.4847  0.166    3  0.000  0.438     0.00     0.00 -1 -1.43e-08      0.00 6.232e-01 3.370e-01 5.724e-03 3.325e-03 1.742e-02 -1.000 3.978e-02 -3.187 -5.203 -6.088 -6.526 -6.699 -6.455 -6.652 -6.702 -6.994 -11.477 -14.905 -6.614 -6.453 -6.783 -6.946
0.04 0.47971 10.00000 1.0878682137 2.4896144867    1.042  3.216  3.4801  0.113    3  0.000  0.438     0.00     0.00 -1 -1.65e-08      0.00 6.232e-01 3.370e-01 5.724e-03 3.325e-03 1.742e-02 -1.000 3.978e-02 -3.269 -5.293 -6.189 -6.636 -6.812 -6.565 -6.763 -6.811 -7.112 -11.593 -15.022 -6.718 -6.563 -6.898 -7.065
0.04 0.47971 10.00000 1.0878747702 2.4896156788    1.039  3.248  3.4753  0.060    3  0.000  0.438     0.00     0.00 -1  -1.9e-08      0.00 6.232e-01 3.370e-01 5.724e-03 3.325e-03 1.742e-02 -1.000 3.978e-02 -3.351 -5.381 -6.287 -6.739 -6.916 -6.671 -6.867 -6.913 -7.227 -11.708 -15.137 -6.811 -6.669 -7.008 -7.180
0.04 0.47971 10.00000 1.0878808498 2.4896166325    1.034  3.280  3.4707  0.008    3  0.000  0.438     0.00     0.00 -1 -2.19e-08      0.00 6.232e-01 3.370e-01 5.724e-03 3.326e-03 1.742e-02 -1.000 3.978e-02 -3.430 -5.465 -6.384 -6.842 -7.020 -6.774 -6.970 -7.014 -7.340 -11.821 -15.249 -6.904 -6.772 -7.117 -7.293
0.04 0.47971 10.00000 1.0878866911 2.4896175861    1.030  3.311  3.4659 -0.045    3  0.000  0.438     0.00     0.00 -1 -2.52e-08      0.00 6.232e-01 3.370e-01 5.724e-03 3.326e-03 1.742e-02 -1.000 3.978e-02 -3.509 -5.550 -6.480 -6.943 -7.123 -6.881 -7.075 -7.118 -7.456 -11.937 -15.366 -6.998 -6.879 -7.229 -7.409
0.04 0.47971 10.00000 1.0878922939 2.4896185398    1.025  3.343  3.4611 -0.098    3  0.000  0.438     0.00     0.00 -1  -2.9e-08      0.00 6.232e-01 3.370e-01 5.724e-03 3.326e-03 1.742e-02 -1.000 3.978e-02 -3.587 -5.634 -6.575 -7.044 -7.227 -6.989 -7.180 -7.223 -7.574 -12.054 -15.483 -7.091 -6.985 -7.342 -7.526
0.04 0.47971 10.00000 1.0878986120 2.4896197319    1.018  3.378  3.4556 -0.158    3  0.000  0.438     0.00     0.00 -1 -3.41e-08      0.00 6.232e-01 3.370e-01 5.724e-03 3.326e-03 1.742e-02 -1.000 3.978e-02 -3.675 -5.729 -6.681 -7.154 -7.340 -7.107 -7.296 -7.339 -7.705 -12.186 -15.615 -7.192 -7.103 -7.468 -7.658
0.04 0.47971 10.00000 1.0879029036 2.4896204472    1.013  3.401  3.4521 -0.197    3  0.000  0.438     0.00     0.00 -1  -3.8e-08      0.00 6.232e-01 3.370e-01 5.724e-03 3.326e-03 1.742e-02 -1.000 3.978e-02 -3.732 -5.789 -6.749 -7.225 -7.413 -7.183 -7.370 -7.413 -7.789 -12.270 -15.699 -7.257 -7.178 -7.548 -7.742
0.04 0.47971 10.00000 1.0879029036 2.4896204472    1.013  1.658  3.6433  2.311    4  0.000  0.453     0.00     0.00 -1    -1e-30      0.00 6.249e-01 3.355e-01 5.898e-03 3.088e-03 1.737e-02 -1.000 3.963e-02 0.626 -0.954 -1.568 -1.703 -1.780 -1.695 -1.720 -1.813 -2.232 -2.096 -1.972 -1.771 -1.686 -1.757 -2.043
0.04 0.47971 10.00000 1.0880057812 2.4896380901    1.013  1.669  3.6425  2.296    4  0.000  0.453     0.00     0.00 -1    -1e-30      0.00 6.249e-01 3.355e-01 5.898e-03 3.088e-03 1.737e-02 -1.000 3.963e-02 0.596 -0.986 -1.602 -1.738 -1.815 -1.730 -1.755 -1.849 -2.268 -2.132 -2.008 -1.807 -1.721 -1.793 -2.079
0.04 0.47971 10.00000 1.0881081820 2.4896557331    1.013  1.671  3.6426  2.295    4  0.000  0.453     0.00     0.00 -1    -1e-30      0.00 6.249e-01 3.355e-01 5.898e-03 3.089e-03 1.737e-02 -1.000 3.963e-02 0.592 -0.989 -1.605 -1.741 -1.819 -1.734 -1.759 -1.852 -2.272 -2.135 -2.011 -1.810 -1.724 -1.797 -2.083
0.04 0.47971 10.00000 1.0882103443 2.4896733761    1.013  1.669  3.6430  2.299    4  0.000  0.453     0.00     0.00 -1    -1e-30      0.00 6.249e-01 3.355e-01 5.897e-03 3.089e-03 1.737e-02 -1.000 3.963e-02 0.597 -0.983 -1.598 -1.734 -1.811 -1.726 -1.751 -1.844 -2.264 -2.127 -2.003 -1.802 -1.716 -1.789 -2.075
0.04 0.47971 10.00000 1.0883125067 2.4896910191    1.014  1.666  3.6435  2.304    4  0.000  0.453     0.00     0.00 -1    -1e-30      0.00 6.249e-01 3.355e-01 5.897e-03 3.090e-03 1.737e-02 -1.000 3.963e-02 0.605 -0.974 -1.587 -1.722 -1.800 -1.715 -1.740 -1.833 -2.252 -2.116 -1.992 -1.791 -1.705 -1.777 -2.063
0.04 0.47971 10.00000 1.0884165764 2.4897089005    1.014  1.663  3.6440  2.309    4  0.000  0.453     0.00     0.00 -1    -1e-30      0.00 6.249e-01 3.355e-01 5.897e-03 3.090e-03 1.737e-02 -1.000 3.963e-02 0.613 -0.965 -1.576 -1.711 -1.788 -1.704 -1.728 -1.821 -2.240 -2.104 -1.980 -1.780 -1.694 -1.765 -2.051
0.04 0.47971 10.00000 1.0885180235 2.4897265434    1.014  1.660  3.6445  2.314    4  0.000  0.453     0.00     0.00 -1    -1e-30      0.00 6.249e-01 3.355e-01 5.897e-03 3.090e-03 1.737e-02 -1.000 3.963e-02 0.621 -0.956 -1.566 -1.701 -1.777 -1.693 -1.718 -1.810 -2.229 -2.093 -1.969 -1.769 -1.684 -1.754 -2.041
0.04 0.47971 10.00000 1.0886182785 2.4897437096    1.014  1.657  3.6449  2.319    4  0.000  0.453     0.00     0.00 -1    -1e-30      0.00 6.249e-01 3.355e-01 5.896e-03 3.091e-03 1.737e-02 -1.000 3.963e-02 0.628 -0.948 -1.557 -1.690 -1.767 -1.683 -1.708 -1.799 -2.219 -2.082 -1.958 -1.758 -1.674 -1.744 -2.030
0.04 0.47971 10.00000 1.0887213945 2.4897613525    1.014  1.654  3.6454  2.324    4  0.000  0.453     0.00     0.00 -1    -1e-30      0.00 6.249e-01 3.355e-01 5.896e-03 3.091e-03 1.737e-02 -1.000 3.963e-02 0.635 -0.939 -1.547 -1.680 -1.756 -1.673 -1.697 -1.789 -2.208 -2.072 -1.948 -1.748 -1.664 -1.733 -2.020
0.04 0.47971 10.00000 1.0888282061 2.4897799492    1.014  1.651  3.6459  2.328    4  0.000  0.453     0.00     0.00 -1    -1e-30      0.00 6.249e-01 3.355e-01 5.896e-03 3.091e-03 1.737e-02 -1.000 3.963e-02 0.642 -0.931 -1.537 -1.670 -1.746 -1.663 -1.687 -1.778 -2.198 -2.061 -1.937 -1.738 -1.654 -1.723 -2.009
0.04 0.47971 10.00000 1.0889378786 2.4897987843    1.014  1.648  3.6463  2.333    4  0.000  0.453     0.00     0.00 -1    -1e-30      0.00 6.249e-01 3.355e-01 5.896e-03 3.092e-03 1.737e-02 -1.000 3.963e-02 0.649 -0.923 -1.528 -1.660 -1.736 -1.653 -1.677 -1.768 -2.187 -2.051 -1.927 -1.728 -1.644 -1.712 -1.999
0.04 0.47971 10.00000 1.0890380144 2.4898159504    1.014  1.646  3.6467  2.337    4  0.000  0.452     0.00     0.00 -1    -1e-30      0.00 6.248e-01 3.355e-01 5.895e-03 3.092e-03 1.737e-02 -1.000 3.963e-02 0.655 -0.916 -1.520 -1.652 -1.727 -1.645 -1.669 -1.759 -2.179 -2.042 -1.918 -1.719 -1.635 -1.704 -1.990
0.04 0.47971 10.00000 1.0891448259 2.4898343086    1.015  1.644  3.6471  2.341    4  0.000  0.452     0.00     0.00 -1    -1e-30      0.00 6.248e-01 3.355e-01 5.895e-03 3.092e-03 1.737e-02 -1.000 3.963e-02 0.660 -0.910 -1.512 -1.644 -1.719 -1.637 -1.661 -1.751 -2.171 -2.034 -1.910 -1.711 -1.627 -1.695 -1.982
0.04 0.47971 10.00000 1.0892450809 2.4898514748    1.015  1.642  3.6475  2.344    4  0.000  0.452     0.00     0.00 -1    -1e-30      0.00 6.248e-01 3.355e-01 5.895e-03 3.093e-03 1.737e-02 -1.000 3.963e-02 0.664 -0.904 -1.506 -1.637 -1.712 -1.630 -1.654 -1.744 -2.164 -2.027 -1.903 -1.704 -1.621 -1.689 -1.975
0.04 0.47971 10.00000 1.0893065929 2.4898622036    1.015  1.641  3.6477  2.346    4  0.000  0.452     0.00     0.00 -1    -1e-30      0.00 6.248e-01 3.355e-01 5.895e-03 3.093e-03 1.737e-02 -1.000 3.963e-02 0.667 -0.901 -1.502 -1.633 -1.708 -1.626 -1.650 -1.740 -2.160 -2.023 -1.899 -1.700 -1.617 -1.685 -1.971
0.04 0.47971 10.00000 1.0893548727 2.4898705482    1.015  1.641  3.6478  2.347    4  0.000  0.452     0.00     0.00 -1    -1e-30      0.00 6.248e-01 3.355e-01 5.895e-03 3.093e-03 1.737e-02 -1.000 3.963e-02 0.669 -0.899 -1.500 -1.630 -1.706 -1.624 -1.648 -1.737 -2.157 -2.021 -1.896 -1.698 -1.615 -1.682 -1.968
0.04 0.47971 10.00000 1.0894523859 2.4898872375    1.015  1.639  3.6481  2.350    4  0.000  0.452     0.00     0.00 -1    -1e-30      0.00 6.248e-01 3.355e-01 5.894e-03 3.094e-03 1.737e-02 -1.000 3.963e-02 0.672 -0.895 -1.495 -1.625 -1.700 -1.619 -1.643 -1.732 -2.152 -2.015 -1.891 -1.692 -1.610 -1.677 -1.963
0.04 0.47971 10.00000 1.0895566940 2.4899051189    1.015  1.638  3.6484  2.352    4  0.000  0.452     0.00     0.00 -1    -1e-30      0.00 6.248e-01 3.355e-01 5.894e-03 3.094e-03 1.737e-02 -1.000 3.963e-02 0.675 -0.892 -1.491 -1.621 -1.696 -1.614 -1.638 -1.727 -2.147 -2.011 -1.886 -1.688 -1.605 -1.672 -1.958
0.04 0.47971 10.00000 1.0896606445 2.4899230003    1.015  1.637  3.6486  2.354    4  0.000  0.452     0.00     0.00 -1    -1e-30      0.00 6.248e-01 3.355e-01 5.894e-03 3.094e-03 1.737e-02 -1.000 3.963e-02 0.677 -0.889 -1.487 -1.617 -1.692 -1.611 -1.635 -1.724 -2.143 -2.007 -1.882 -1.684 -1.602 -1.668 -1.954
0.04 0.47971 10.00000 1.0897575617 2.4899396896    1.015  1.637  3.6488  2.355    4  0.000  0.452     0.00     0.00 -1    -1e-30      0.00 6.248e-01 3.355e-01 5.894e-03 3.095e-03 1.737e-02 -1.000 3.963e-02 0.678 -0.888 -1.485 -1.615 -1.690 -1.608 -1.632 -1.721 -2.141 -2.005 -1.880 -1.682 -1.599 -1.666 -1.952
0.04 0.47971 10.00000 1.0898586512 2.4899570942    1.015  1.637  3.6490  2.356    4  0.000  0.452     0.00     0.00 -1    -1e-30      0.00 6.248e-01 3.355e-01 5.893e-03 3.095e-03 1.737e-02 -1.000 3.963e-02 0.678 -0.887 -1.484 -1.614 -1.689 -1.607 -1.631 -1.720 -2.140 -2.003 -1.878 -1.681 -1.598 -1.664 -1.951
0.04 0.47971 10.00000 1.0899578333 2.4899740219    1.016  1.637  3.6491  2.356    4  0.000  0.452     0.00     0.00 -1    -1e-30      0.00 6.248e-01 3.355e-01 5.893e-03 3.095e-03 1.737e-02 -1.000 3.963e-02 0.677 -0.888 -1.484 -1.614 -1.689 -1.607 -1.631 -1.720 -2.140 -2.003 -1.878 -1.681 -1.598 -1.664 -1.951
0.04 0.47971 10.00000 1.0900530815 2.4899904728    1.016  1.638  3.6491  2.355    4  0.000  0.452     0.00     0.00 -1    -1e-30      0.00 6.248e-01 3.355e-01 5.893e-03 3.096e-03 1.737e-02 -1.000 3.963e-02 0.675 -0.889 -1.486 -1.615 -1.690 -1.609 -1.633 -1.721 -2.141 -2.005 -1.880 -1.682 -1.600 -1.666 -1.952
0.04 0.47971 10.00000 1.0900622606 2.4899919033    1.016  1.638  3.6491  2.355    4  0.000  0.452     0.00     0.00 -1    -1e-30      0.00 6.248e-01 3.356e-01 5.893e-03 3.096e-03 1.737e-02 -1.000 3.963e-02 0.675 -0.890 -1.486 -1.616 -1.690 -1.609 -1.633 -1.722 -2.141 -2.005 -1.880 -1.682 -1.600 -1.666 -1.952
0.04 0.47971 10.00000 1.0901725292 2.4900109768    1.016  1.640  3.6491  2.354    4  0.000  0.452     0.00     0.00 -1    -1e-30      0.00 6.248e-01 3.356e-01 5.893e-03 3.096e-03 1.737e-02 -1.000 3.963e-02 0.671 -0.894 -1.490 -1.620 -1.695 -1.613 -1.637 -1.726 -2.146 -2.009 -1.884 -1.687 -1.604 -1.670 -1.957
0.04 0.47971 10.00000 1.0902825594 2.4900298119    1.016  1.642  3.6490  2.351    4  0.000  0.452     0.00     0.00 -1    -1e-30      0.00 6.248e-01 3.356e-01 5.892e-03 3.096e-03 1.737e-02 -1.000 3.963e-02 0.666 -0.899 -1.496 -1.626 -1.701 -1.619 -1.643 -1.732 -2.152 -2.015 -1.890 -1.693 -1.610 -1.676 -1.963
0.04 0.47971 10.00000 1.0903933048 2.4900488853    1.016  1.645  3.6488  2.347    4  0.000  0.452     0.00     0.00 -1    -1e-30      0.00 6.248e-01 3.356e-01 5.892e-03 3.097e-03 1.737e-02 -1.000 3.963e-02 0.658 -0.907 -1.505 -1.635 -1.709 -1.628 -1.652 -1.741 -2.161 -2.024 -1.899 -1.701 -1.619 -1.685 -1.972
0.04 0.47971 10.00000 1.0904988050 2.4900667667    1.016  1.649  3.6486  2.343    4  0.000  0.452     0.00     0.00 -1    -1e-30      0.00 6.248e-01 3.356e-01 5.892e-03 3.097e-03 1.737e-02 -1.000 3.963e-02 0.648 -0.918 -1.516 -1.646 -1.721 -1.639 -1.663 -1.753 -2.172 -2.036 -1.911 -1.713 -1.630 -1.697 -1.983
0.04 0.47971 10.00000 1.0906080008 2.4900856018    1.016  1.654  3.6482  2.336    4  0.000  0.452     0.00     0.00 -1    -1e-30      0.00 6.248e-01 3.356e-01 5.891e-03 3.098e-03 1.737e-02 -1.000 3.963e-02 0.635 -0.932 -1.531 -1.662 -1.737 -1.655 -1.679 -1.769 -2.188 -2.052 -1.927 -1.729 -1.646 -1.713 -1.999
0.04 0.47971 10.00000 1.0907143354 2.4901037216    1.016  1.661  3.6477  2.327    4  0.000  0.452     0.00     0.00 -1    -1e-30      0.00 6.248e-01 3.356e-01 5.891e-03 3.098e-03 1.737e-02 -1.000 3.963e-02 0.619 -0.950 -1.550 -1.682 -1.757 -1.675 -1.699 -1.789 -2.209 -2.072 -1.948 -1.749 -1.665 -1.734 -2.020
0.04 0.47971 10.00000 1.0908226967 2.4901223183    1.017  1.668  3.6471  2.317    4  0.000  0.452     0.00     0.00 -1    -1e-30      0.00 6.248e-01 3.356e-01 5.891e-03 3.098e-03 1.737e-02 -1.000 3.963e-02 0.599 -0.971 -1.573 -1.705 -1.781 -1.698 -1.722 -1.813 -2.233 -2.097 -1.972 -1.773 -1.689 -1.758 -2.044
0.04 0.47971 10.00000 1.0909259319 2.4901401997    1.017  1.678  3.6463  2.304    4  0.000  0.452     0.00     0.00 -1    -1e-30      0.00 6.248e-01 3.356e-01 5.891e-03 3.099e-03 1.737e-02 -1.000 3.963e-02 0.575 -0.997 -1.601 -1.734 -1.811 -1.727 -1.751 -1.843 -2.263 -2.126 -2.002 -1.802 -1.717 -1.787 -2.074
0.04 0.47971 10.00000 1.0910360813 2.4901590347    1.017  1.692  3.6451  2.285    4  0.000  0.452     0.00     0.00 -1    -1e-30      0.00 6.248e-01 3.356e-01 5.890e-03 3.099e-03 1.737e-02 -1.000 3.963e-02 0.539 -1.037 -1.644 -1.779 -1.856 -1.771 -1.796 -1.889 -2.308 -2.172 -2.048 -1.847 -1.762 -1.833 -2.119
0.04 0.47971 10.00000 1.0911406279 2.4901769161    1.017  1.715  3.6432  2.255    4  0.000  0.452     0.00     0.00 -1    -1e-30      0.00 6.248e-01 3.356e-01 5.890e-03 3.099e-03 1.737e-02 -1.000 3.963e-02 0.484 -1.097 -1.710 -1.846 -1.925 -1.838 -1.863 -1.958 -2.378 -2.241 -2.117 -1.916 -1.828 -1.902 -2.189
0.04 0.47971 10.00000 1.0912357569 2.4901931286    1.017  1.756  3.6396  2.200    4  0.000  0.452     0.00     0.00 -1    -1e-30      0.00 6.248e-01 3.356e-01 5.890e-03 3.100e-03 1.737e-02 -1.000 3.964e-02 0.380 -1.211 -1.833 -1.973 -2.054 -1.964 -1.990 -2.088 -2.508 -2.372 -2.248 -2.045 -1.954 -2.033 -2.319
0.04 0.47971 10.00000 1.0912734270 2.4901995659    1.017  1.790  3.6366  2.154    4  0.000  0.452     0.00     0.00 -1    -1e-30      0.00 6.248e-01 3.356e-01 5.890e-03 3.100e-03 1.737e-02 -1.000 3.964e-02 0.295 -1.303 -1.934 -2.078 -2.160 -2.068 -2.094 -2.195 -2.616 -2.479 -2.356 -2.151 -2.058 -2.140 -2.427
0.04 0.47971 10.00000 1.0912960768 2.4902036190    1.017  1.823  3.6337  2.110    4  0.000  0.452     0.00     0.00 -1    -1e-30      0.00 6.248e-01 3.356e-01 5.890e-03 3.100e-03 1.737e-02 -1.000 3.964e-02 0.213 -1.393 -2.031 -2.179 -2.263 -2.168 -2.195 -2.299 -2.719 -2.583 -2.461 -2.253 -2.158 -2.244 -2.531
0.04 0.47971 10.00000 1.0913127661 2.4902064800    1.017  1.860  3.6306  2.060    4  0.000  0.452     0.00     0.00 -1    -1e-30      0.00 6.248e-01 3.356e-01 5.890e-03 3.100e-03 1.737e-02 -1.000 3.964e-02 0.120 -1.494 -2.140 -2.292 -2.378 -2.281 -2.308 -2.415 -2.836 -2.700 -2.578 -2.368 -2.270 -2.361 -2.647
0.04 0.47971 10.00000 1.0913225412 2.4902081490    1.017  1.895  3.6275  2.013    4  0.000  0.452     0.00     0.00 -1    -1e-30      0.00 6.248e-01 3.356e-01 5.890e-03 3.100e-03 1.737e-02 -1.000 3.964e-02 0.033 -1.590 -2.244 -2.400 -2.487 -2.388 -2.415 -2.526 -2.947 -2.811 -2.690 -2.477 -2.377 -2.471 -2.758
0.04 0.47971 10.00000 1.0913283825 2.4902091026    1.017  1.926  3.6248  1.971    4  0.000  0.452     0.00     0.00 -1    -1e-30      0.00 6.248e-01 3.356e-01 5.890e-03 3.100e-03 1.737e-02 -1.000 3.964e-02 -0.045 -1.674 -2.332 -2.493 -2.582 -2.479 -2.508 -2.620 -3.025 -3.163 -3.251 -2.571 -2.468 -2.570 -2.844
0.04 0.47971 10.00000 1.0913326740 2.4902098179    1.017  1.961  3.6217  1.923    4  0.000  0.452     0.00     0.00 -1    -1e-30      0.00 6.248e-01 3.356e-01 5.890e-03 3.100e-03 1.737e-02 -1.000 3.964e-02 -0.132 -1.768 -2.429 -2.597 -2.687 -2.579 -2.611 -2.723 -3.102 -3.676 -4.099 -2.676 -2.567 -2.681 -2.934
0.04 0.47971 10.00000 1.0913356543 2.4902102947    1.017  1.999  3.6184  1.872    4  0.000  0.452     0.00     0.00 -1    -1e-30      0.00 6.248e-01 3.356e-01 5.890e-03 3.100e-03 1.737e-02 -1.000 3.964e-02 -0.228 -1.871 -2.534 -2.710 -2.802 -2.688 -2.724 -2.835 -3.186 -4.238 -5.026 -2.790 -2.676 -2.802 -3.033
0.04 0.47971 10.00000 1.0913376808 2.4902105331    1.017  2.034  3.6153  1.825    4  0.000  0.452     0.00     0.00 -1    -1e-30      0.00 6.248e-01 3.356e-01 5.890e-03 3.100e-03 1.737e-02 -1.000 3.964e-02 -0.315 -1.965 -2.631 -2.814 -2.907 -2.788 -2.828 -2.938 -3.264 -4.752 -5.876 -2.895 -2.776 -2.912 -3.124
0.04 0.47971 10.00000 1.0913391113 2.4902107716    1.017  2.068  3.6124  1.779    7  0.000  0.452     0.00     0.00 -1    -1e-30      0.00 6.248e-01 3.356e-01 5.890e-03 3.100e-03 1.737e-02 -1.000 3.964e-02 -0.399 -2.056 -2.724 -2.915 -3.008 -2.885 -2.928 -3.036 -3.339 -5.249 -6.695 -2.996 -2.873 -3.018 -3.212
0.04 0.47971 10.00000 1.0913394690 2.4902110100    1.017  2.078  3.6115  1.765    7  0.000  0.452     0.00     0.00 -1    -1e-30      0.00 6.248e-01 3.356e-01 5.890e-03 3.100e-03 1.737e-02 -1.000 3.964e-02 -0.425 -2.084 -2.753 -2.946 -3.039 -2.915 -2.960 -3.067 -3.362 -5.402 -6.948 -3.027 -2.903 -3.051 -3.239
0.04 0.47971 10.00000 1.0913408995 2.4902112484    1.017  2.115  3.6082  1.715    7  0.000  0.452     0.00     0.00 -1    -1e-30      0.00 6.248e-01 3.356e-01 5.890e-03 3.100e-03 1.737e-02 -1.000 3.964e-02 -0.518 -2.184 -2.856 -3.056 -3.151 -3.021 -3.071 -3.174 -3.444 -5.947 -7.848 -3.138 -3.009 -3.167 -3.335
0.04 0.47971 10.00000 1.0913423300 2.4902114868    1.017  2.152  3.6050  1.665    7  0.000  0.452     0.00     0.00 -1    -1e-30      0.00 6.248e-01 3.356e-01 5.890e-03 3.100e-03 1.737e-02 -1.000 3.964e-02 -0.610 -2.283 -2.958 -3.166 -3.262 -3.127 -3.183 -3.282 -3.527 -6.494 -8.749 -3.249 -3.116 -3.284 -3.432
0.04 0.47971 10.00000 1.0913437605 2.4902117252    1.017  2.172  3.6032  1.638    7  0.000  0.452     0.00     0.00 -1    -1e-30      0.00 6.248e-01 3.356e-01 5.890e-03 3.100e-03 1.737e-02 -1.000 3.964e-02 -0.660 -2.337 -3.014 -3.226 -3.322 -3.185 -3.244 -3.340 -3.572 -6.791 -9.240 -3.309 -3.174 -3.347 -3.485
0.04 0.47971 10.00000 1.0913465023 2.4902122021    1.017  2.199  3.6008  1.602    7  0.000  0.452     0.00     0.00 -1    -1e-30      0.00 6.248e-01 3.356e-01 5.890e-03 3.100e-03 1.737e-02 -1.000 3.964e-02 -0.727 -2.410 -3.089 -3.306 -3.404 -3.262 -3.326 -3.418 -3.633 -7.190 -9.897 -3.390 -3.251 -3.431 -3.555
0.04 0.47971 10.00000 1.0913481712 2.4902124405    1.017  2.200  3.6007  1.600    7  0.000  0.452     0.00     0.00 -1    -1e-30      0.00 6.248e-01 3.356e-01 5.890e-03 3.100e-03 1.737e-02 -1.000 3.964e-02 -0.730 -2.412 -3.091 -3.309 -3.407 -3.265 -3.328 -3.421 -3.635 -7.204 -9.920 -3.393 -3.254 -3.434 -3.558
0.04 0.47971 10.00000 1.0913501978 2.4902126789    1.017  2.180  3.6025  1.628    7  0.000  0.452     0.00     0.00 -1    -1e-30      0.00 6.248e-01 3.356e-01 5.890e-03 3.100e-03 1.737e-02 -1.000 3.964e-02 -0.679 -2.358 -3.035 -3.249 -3.345 -3.207 -3.267 -3.362 -3.589 -6.904 -9.425 -3.332 -3.196 -3.370 -3.505
0.04 0.47971 10.00000 1.0913535357 2.4902133942    1.017  2.149  3.6053  1.669    7  0.000  0.452     0.00     0.00 -1    -1e-30      0.00 6.248e-01 3.356e-01 5.890e-03 3.100e-03 1.737e-02 -1.000 3.964e-02 -0.604 -2.276 -2.951 -3.158 -3.254 -3.119 -3.174 -3.274 -3.521 -6.453 -8.681 -3.241 -3.108 -3.275 -3.425
0.04 0.47971 10.00000 1.0913585424 2.4902141094    1.017  2.121  3.6078  1.708    7  0.000  0.452     0.00     0.00 -1    -1e-30      0.00 6.248e-01 3.356e-01 5.890e-03 3.100e-03 1.737e-02 -1.000 3.964e-02 -0.532 -2.199 -2.871 -3.073 -3.167 -3.037 -3.088 -3.191 -3.457 -6.030 -7.983 -3.155 -3.025 -3.185 -3.350
0.04 0.47971 10.00000 1.0913693905 2.4902160168    1.017  2.075  3.6119  1.770    7  0.000  0.452     0.00     0.00 -1    -1e-30      0.00 6.248e-01 3.356e-01 5.890e-03 3.100e-03 1.737e-02 -1.000 3.964e-02 -0.418 -2.077 -2.745 -2.937 -3.030 -2.906 -2.950 -3.058 -3.355 -5.356 -6.872 -3.018 -2.894 -3.041 -3.231
0.04 0.47971 10.00000 1.0914549828 2.4902307987    1.017  2.074  3.6119  1.771    7  0.000  0.452     0.00     0.00 -1    -1e-30      0.00 6.248e-01 3.356e-01 5.889e-03 3.101e-03 1.737e-02 -1.000 3.964e-02 -0.415 -2.073 -2.742 -2.933 -3.027 -2.903 -2.947 -3.054 -3.352 -5.339 -6.843 -3.014 -2.891 -3.038 -3.228
0.04 0.47971 10.00000 1.0915199518 2.4902417660    1.017  2.109  3.6088  1.724    7  0.000  0.452     0.00     0.00 -1    -1e-30      0.00 6.248e-01 3.356e-01 5.889e-03 3.101e-03 1.737e-02 -1.000 3.964e-02 -0.503 -2.167 -2.839 -3.038 -3.132 -3.003 -3.052 -3.156 -3.431 -5.856 -7.697 -3.120 -2.991 -3.148 -3.319
0.04 0.47971 10.00000 1.0915685892 2.4902501106    1.017  2.151  3.6051  1.667    7  0.000  0.452     0.00     0.00 -1    -1e-30      0.00 6.248e-01 3.356e-01 5.889e-03 3.101e-03 1.737e-02 -1.000 3.964e-02 -0.607 -2.280 -2.954 -3.162 -3.258 -3.123 -3.178 -3.278 -3.524 -6.473 -8.714 -3.245 -3.112 -3.279 -3.428
0.04 0.47971 10.00000 1.0916070938 2.4902567863    1.018  2.192  3.6013  1.611    7  0.000  0.452     0.00     0.00 -1    -1e-30      0.00 6.248e-01 3.356e-01 5.889e-03 3.101e-03 1.737e-02 -1.000 3.964e-02 -0.710 -2.392 -3.070 -3.286 -3.384 -3.243 -3.305 -3.399 -3.618 -7.090 -9.733 -3.370 -3.232 -3.410 -3.538
0.04 0.47971 10.00000 1.0916372538 2.4902617931    1.018  2.232  3.5977  1.556    7  0.000  0.452     0.00     0.00 -1    -1e-30      0.00 6.248e-01 3.356e-01 5.889e-03 3.101e-03 1.737e-02 -1.000 3.964e-02 -0.811 -2.501 -3.183 -3.408 -3.506 -3.359 -3.429 -3.516 -3.709 -7.691 -10.723 -3.492 -3.349 -3.537 -3.645
0.04 0.47971 10.00000 1.0916615725 2.4902660847    1.018  2.271  3.5941  1.503    7  0.000  0.452     0.00     0.00 -1    -1e-30      0.00 6.248e-01 3.356e-01 5.889e-03 3.101e-03 1.737e-02 -1.000 3.964e-02 -0.908 -2.605 -3.291 -3.524 -3.624 -3.471 -3.550 -3.629 -3.798 -8.270 -11.678 -3.609 -3.462 -3.659 -3.748
0.04 0.47971 10.00000 1.0916818380 2.4902694225    1.018  2.309  3.5905  1.451    7  0.000  0.452     0.00     0.00 -1    -1e-30      0.00 6.248e-01 3.356e-01 5.889e-03 3.101e-03 1.737e-02 -1.000 3.964e-02 -1.002 -2.710 -3.403 -3.642 -3.744 -3.588 -3.671 -3.749 -3.920 -8.418 -11.847 -3.729 -3.579 -3.781 -3.871
0.04 0.47971 10.00000 1.0916994810 2.4902725220    1.018  2.345  3.5870  1.400    7  0.000  0.452     0.00     0.00 -1    -1e-30      0.00 6.248e-01 3.356e-01 5.889e-03 3.101e-03 1.737e-02 -1.000 3.964e-02 -1.094 -2.812 -3.513 -3.758 -3.862 -3.702 -3.790 -3.867 -4.042 -8.540 -11.969 -3.846 -3.694 -3.900 -3.993
0.04 0.47971 10.00000 1.0917149782 2.4902751446    1.018  2.382  3.5836  1.350    7  0.000  0.452     0.00     0.00 -1    -1e-30      0.00 6.248e-01 3.356e-01 5.889e-03 3.101e-03 1.737e-02 -1.000 3.964e-02 -1.184 -2.914 -3.622 -3.872 -3.979 -3.816 -3.907 -3.984 -4.162 -8.661 -12.090 -3.962 -3.807 -4.018 -4.113
0.04 0.47971 10.00000 1.0917290449 2.4902775288    1.018  2.418  3.5800  1.300    7  0.000  0.452     0.00     0.00 -1    -1e-30      0.00 6.248e-01 3.356e-01 5.889e-03 3.101e-03 1.737e-02 -1.000 3.964e-02 -1.274 -3.014 -3.730 -3.986 -4.095 -3.928 -4.024 -4.101 -4.283 -8.781 -12.210 -4.078 -3.920 -4.135 -4.233
0.04 0.47971 10.00000 1.0917419195 2.4902799129    1.018  2.453  3.5765  1.251    7  0.000  0.452     0.00     0.00 -1    -1e-30      0.00 6.248e-01 3.356e-01 5.889e-03 3.102e-03 1.737e-02 -1.000 3.964e-02 -1.362 -3.114 -3.836 -4.098 -4.210 -4.040 -4.140 -4.216 -4.402 -8.900 -12.329 -4.192 -4.032 -4.251 -4.352
0.04 0.47971 10.00000 1.0917537212 2.4902818203    1.018  2.488  3.5730  1.202    7  0.000  0.452     0.00     0.00 -1    -1e-30      0.00 6.248e-01 3.356e-01 5.889e-03 3.102e-03 1.737e-02 -1.000 3.964e-02 -1.449 -3.213 -3.942 -4.209 -4.324 -4.149 -4.254 -4.330 -4.520 -9.018 -12.447 -4.305 -4.142 -4.366 -4.470
0.04 0.47971 10.00000 1.0917645693 2.4902837276    1.018  2.521  3.5695  1.154    7  0.000  0.452     0.00     0.00 -1    -1e-30      0.00 6.248e-01 3.356e-01 5.888e-03 3.102e-03 1.737e-02 -1.000 3.964e-02 -1.533 -3.308 -4.043 -4.316 -4.433 -4.255 -4.364 -4.440 -4.633 -9.132 -12.560 -4.414 -4.248 -4.477 -4.584
0.04 0.47971 10.00000 1.0917742252 2.4902853966    1.018  2.553  3.5662  1.110    7  0.000  0.452     0.00     0.00 -1    -1e-30      0.00 6.248e-01 3.356e-01 5.888e-03 3.102e-03 1.737e-02 -1.000 3.964e-02 -1.612 -3.398 -4.139 -4.418 -4.537 -4.356 -4.469 -4.544 -4.741 -9.240 -12.668 -4.517 -4.349 -4.582 -4.692
0.04 0.47971 10.00000 1.0917837620 2.4902870655    1.018  2.586  3.5627  1.062    7  0.000  0.452     0.00     0.00 -1    -1e-30      0.00 6.248e-01 3.356e-01 5.887e-03 3.102e-03 1.737e-02 -1.000 3.964e-02 -1.695 -3.493 -4.240 -4.524 -4.647 -4.461 -4.580 -4.654 -4.855 -9.353 -12.782 -4.625 -4.455 -4.693 -4.805
0.04 0.47971 10.00000 1.0917929411 2.4902884960    1.018  2.621  3.5589  1.013    7  0.000  0.452     0.00     0.00 -1    -1e-30      0.00 6.248e-01 3.356e-01 5.885e-03 3.103e-03 1.737e-02 -1.000 3.964e-02 -1.781 -3.591 -4.346 -4.636 -4.761 -4.572 -4.695 -4.769 -4.974 -9.473 -12.901 -4.739 -4.566 -4.809 -4.924
0.04 0.47971 10.00000 1.0918017626 2.4902899265    1.018  2.655  3.5552  0.964    7  0.000  0.451     0.00     0.00 -1    -1e-30      0.00 6.248e-01 3.356e-01 5.883e-03 3.104e-03 1.737e-02 -1.000 3.964e-02 -1.867 -3.690 -4.450 -4.748 -4.875 -4.682 -4.811 -4.885 -5.093 -9.591 -13.020 -4.852 -4.677 -4.925 -5.043
0.04 0.47971 10.00000 1.0918090343 2.4902913570    1.018  2.685  3.5518  0.920    7  0.000  0.451     0.00     0.00 -1    -1e-30      0.00 6.248e-01 3.356e-01 5.879e-03 3.107e-03 1.737e-02 -1.000 3.964e-02 -1.942 -3.778 -4.543 -4.846 -4.977 -4.781 -4.914 -4.987 -5.199 -9.697 -13.126 -4.952 -4.776 -5.029 -5.149
0.04 0.47971 10.00000 1.0918143988 2.4902923107    1.018  2.708  3.5491  0.886    7  0.000  0.451     0.00     0.00 -1    -1e-30      0.00 6.248e-01 3.356e-01 5.876e-03 3.109e-03 1.737e-02 -1.000 3.964e-02 -2.001 -3.845 -4.614 -4.922 -5.055 -4.857 -4.993 -5.066 -5.280 -9.779 -13.207 -5.030 -4.852 -5.109 -5.231
0.04 0.47971 10.00000 1.0918180943 2.4902927876    1.018  2.727  3.5470  0.858    7  0.000  0.451     0.00     0.00 -1    -1e-30      0.00 6.248e-01 3.356e-01 5.873e-03 3.112e-03 1.737e-02 -1.000 3.964e-02 -2.048 -3.900 -4.672 -4.985 -5.119 -4.919 -5.058 -5.131 -5.347 -9.846 -13.274 -5.093 -4.914 -5.174 -5.298
0.04 0.47971 10.00000 1.0918210745 2.4902932644    1.018  2.743  3.5452  0.835    7  0.000  0.450     0.00     0.00 -1    -1e-30      0.00 6.248e-01 3.356e-01 5.870e-03 3.115e-03 1.737e-02 -1.000 3.964e-02 -2.087 -3.945 -4.720 -5.036 -5.172 -4.970 -5.112 -5.185 -5.403 -9.901 -13.330 -5.145 -4.966 -5.228 -5.353
0.04 0.47971 10.00000 1.0918236971 2.4902937412    1.018  2.760  3.5431  0.810    7  0.000  0.450     0.00     0.00 -1    -1e-30      0.00 6.248e-01 3.356e-01 5.867e-03 3.119e-03 1.737e-02 -1.000 3.964e-02 -2.131 -3.996 -4.773 -5.094 -5.231 -5.028 -5.172 -5.245 -5.465 -9.963 -13.392 -5.204 -5.023 -5.289 -5.415
0.04 0.47971 10.00000 1.0918262005 2.4902942181    1.018  2.779  3.5409  0.782    7  0.000  0.450     0.00     0.00 -1    -1e-30      0.00 6.248e-01 3.356e-01 5.863e-03 3.123e-03 1.737e-02 -1.000 3.964e-02 -2.178 -4.051 -4.831 -5.156 -5.295 -5.089 -5.237 -5.310 -5.532 -10.030 -13.459 -5.267 -5.085 -5.354 -5.482
0.04 0.47971 10.00000 1.0918285847 2.4902946949    1.018  2.798  3.5387  0.755    7  0.000  0.450     0.00     0.00 -1    -1e-30      0.00 6.248e-01 3.356e-01 5.859e-03 3.127e-03 1.737e-02 -1.000 3.964e-02 -2.224 -4.104 -4.888 -5.217 -5.358 -5.151 -5.301 -5.373 -5.597 -10.096 -13.524 -5.329 -5.147 -5.418 -5.548
0.04 0.47971 10.00000 1.0918304920 2.4902949333    1.018  2.816  3.5364  0.727    7  0.000  0.449     0.00     0.00 -1    -1e-30      0.00 6.248e-01 3.356e-01 5.855e-03 3.132e-03 1.737e-02 -1.000 3.964e-02 -2.271 -4.159 -4.945 -5.279 -5.422 -5.213 -5.365 -5.438 -5.664 -10.162 -13.591 -5.392 -5.209 -5.484 -5.614
0.04 0.47971 10.00000 1.0918325186 2.4902954102    1.018  2.838  3.5338  0.695    7  0.000  0.449     0.00     0.00 -1    -1e-30      0.00 6.247e-01 3.356e-01 5.850e-03 3.138e-03 1.737e-02 -1.000 3.965e-02 -2.325 -4.222 -5.012 -5.352 -5.496 -5.285 -5.441 -5.513 -5.742 -10.240 -13.668 -5.465 -5.282 -5.560 -5.692
0.04 0.47971 10.00000 1.0918346643 2.4902956486    1.018  2.863  3.5307  0.657    7  0.000  0.449     0.00     0.00 -1    -1e-30      0.00 6.247e-01 3.356e-01 5.845e-03 3.144e-03 1.737e-02 -1.000 3.967e-02 -2.388 -4.295 -5.089 -5.435 -5.582 -5.368 -5.528 -5.600 -5.831 -10.329 -13.758 -5.550 -5.365 -5.648 -5.782
0.04 0.47971 10.00000 1.0918369293 2.4902961254    1.018  2.891  3.5272  0.615    7  0.000  0.448     0.00     0.00 -1    -1e-30      0.00 6.247e-01 3.356e-01 5.840e-03 3.150e-03 1.737e-02 -1.000 3.970e-02 -2.458 -4.376 -5.174 -5.529 -5.678 -5.461 -5.625 -5.697 -5.931 -10.428 -13.857 -5.644 -5.458 -5.745 -5.881
0.04 0.47971 10.00000 1.0918393135 2.4902963638    1.018  2.921  3.5233  0.570    7  0.000  0.448     0.00     0.00 -1    -1e-30      0.00 6.247e-01 3.356e-01 5.835e-03 3.156e-03 1.737e-02 -1.000 3.970e-02 -2.533 -4.463 -5.267 -5.630 -5.782 -5.562 -5.731 -5.802 -6.040 -10.537 -13.965 -5.746 -5.559 -5.852 -5.990
0.04 0.47971 10.00000 1.0918419361 2.4902968407    1.018  2.958  3.5186  0.514    7  0.000  0.447     0.00     0.00 -1    -1e-30      0.00 6.247e-01 3.356e-01 5.830e-03 3.162e-03 1.737e-02 -1.000 3.970e-02 -2.625 -4.568 -5.379 -5.753 -5.909 -5.684 -5.860 -5.930 -6.172 -10.668 -14.096 -5.870 -5.682 -5.981 -6.122
0.04 0.47971 10.00000 1.0918445587 2.4902973175    1.018  2.996  3.5135  0.456    7  0.000  0.447     0.00     0.00 -1    -1e-30      0.00 6.247e-01 3.356e-01 5.827e-03 3.166e-03 1.737e-02 -1.000 3.970e-02 -2.720 -4.677 -5.497 -5.883 -6.042 -5.813 -5.994 -6.062 -6.309 -10.803 -14.232 -5.999 -5.812 -6.115 -6.259
0.04 0.47971 10.00000 1.0918473005 2.4902977943    1.018  3.037  3.5080  0.393    7  0.000  0.447     0.00     0.00 -1    -1e-30      0.00 6.247e-01 3.356e-01 5.825e-03 3.168e-03 1.737e-02 -1.000 3.970e-02 -2.822 -4.793 -5.623 -6.020 -6.182 -5.951 -6.136 -6.202 -6.454 -10.947 -14.376 -6.133 -5.950 -6.258 -6.405
0.04 0.47971 10.00000 1.0918501616 2.4902982712    1.018  3.078  3.5023  0.329    7  0.000  0.447     0.00     0.00 -1    -1e-30      0.00 6.247e-01 3.356e-01 5.824e-03 3.168e-03 1.737e-02 -1.000 3.970e-02 -2.925 -4.910 -5.751 -6.158 -6.324 -6.090 -6.278 -6.341 -6.601 -11.092 -14.521 -6.268 -6.089 -6.402 -6.553
0.04 0.47971 10.00000 1.0918530226 2.4902987480    1.018  3.118  3.4968  0.267    7  0.000  0.447     0.00     0.00 -1    -1e-30      0.00 6.247e-01 3.356e-01 5.824e-03 3.168e-03 1.737e-02 -1.000 3.970e-02 -3.024 -5.021 -5.874 -6.292 -6.460 -6.223 -6.415 -6.474 -6.743 -11.232 -14.660 -6.396 -6.222 -6.540 -6.695
0.04 0.47971 10.00000 1.0918561220 2.4902992249    1.018  3.155  3.4913  0.208    7  0.000  0.447     0.00     0.00 -1    -1e-30      0.00 6.247e-01 3.356e-01 5.824e-03 3.168e-03 1.737e-02 -1.000 3.970e-02 -3.117 -5.124 -5.991 -6.420 -6.592 -6.349 -6.546 -6.602 -6.879 -11.365 -14.793 -6.520 -6.348 -6.674 -6.832
0.04 0.47971 10.00000 1.0918589830 2.4902999401    1.018  3.188  3.4865  0.156    7  0.000  0.447     0.00     0.00 -1    -1e-30      0.00 6.247e-01 3.356e-01 5.824e-03 3.168e-03 1.737e-02 -1.000 3.970e-02 -3.200 -5.215 -6.093 -6.530 -6.705 -6.460 -6.658 -6.711 -6.999 -11.482 -14.911 -6.624 -6.459 -6.789 -6.951
0.04 0.47971 10.00000 1.0918618441 2.4903004169    1.018  3.219  3.4820  0.107    7  0.000  0.447     0.00     0.00 -1    -1e-30      0.00 6.247e-01 3.356e-01 5.824e-03 3.168e-03 1.737e-02 -1.000 3.970e-02 -3.276 -5.298 -6.188 -6.633 -6.810 -6.563 -6.762 -6.813 -7.109 -11.591 -15.020 -6.720 -6.562 -6.897 -7.062
0.04 0.47971 10.00000 1.0918648243 2.4903008938    1.018  3.252  3.4769  0.053    7  0.521  0.447     0.00     0.00 -1    -1e-30      0.00 6.247e-01 3.356e-01 5.824e-03 3.168e-03 1.737e-02 -1.000 3.970e-02 -3.360 -5.388 -6.291 -6.742 -6.920 -6.674 -6.872 -6.920 -7.229 -11.711 -15.139 -6.820 -6.672 -7.012 -7.182
0.04 0.47971 10.00000 1.0918662548 2.4903011322    1.018  3.279  3.4726  0.009    7  0.519  0.447     0.00     0.00 -1    -1e-30      0.00 6.247e-01 3.356e-01 5.824e-03 3.168e-03 1.737e-02 -1.000 3.970e-02 -3.428 -5.462 -6.375 -6.831 -7.010 -6.764 -6.961 -7.007 -7.328 -11.809 -15.237 -6.900 -6.762 -7.106 -7.281
0.04 0.47971 10.00000 1.0918663740 2.4903011322    0.910  3.342  3.4800 -0.073    8  0.519  0.472   199.53    93.91  0 -2.04e-07      0.00 6.799e-01 3.004e-01 3.077e-03 1.562e-03 8.702e-03 -1.000 1.978e-02 -3.585 -5.610 -6.500 -6.958 -7.149 -6.907 -7.113 -7.180 -7.590 -12.039 -15.481 -7.060 -6.906 -7.367 -7.548
0.04 0.47971 10.00000 1.0918663740 2.4903011322    0.909  3.048  3.5220  0.389    8  0.519  0.472    73.67    39.68  1 -6.24e-08      0.00 6.799e-01 3.004e-01 3.077e-03 1.562e-03 8.702e-03 -1.000 1.978e-02 -2.850 -4.787 -5.584 -5.957 -6.116 -5.896 -6.067 -6.144 -6.399 -10.891 -14.322 -6.080 -5.893 -6.209 -6.350
0.04 0.47971 10.00000 1.0918664932 2.4903011322    0.909  2.922  3.5400  0.586    8  0.519  0.472    48.13    27.46  1  -3.7e-08      0.00 6.799e-01 3.004e-01 3.077e-03 1.562e-03 8.702e-03 -1.000 1.978e-02 -2.536 -4.414 -5.187 -5.521 -5.666 -5.456 -5.605 -5.682 -5.908 -10.406 -13.835 -5.637 -5.452 -5.730 -5.859
0.04 0.47971 10.00000 1.0918666124 2.4903011322    0.908  2.775  3.5610  0.817    8  0.519  0.472    29.21    17.83  1 -1.96e-08      0.00 6.799e-01 3.004e-01 3.077e-03 1.562e-03 8.702e-03 -1.000 1.978e-02 -2.167 -3.973 -4.712 -5.008 -5.137 -4.946 -5.067 -5.146 -5.349 -9.848 -13.277 -5.115 -4.940 -5.186 -5.300
0.04 0.47971 10.00000 1.0918667316 2.4903011322    0.907  2.814  3.5551  0.754    8  0.520  0.472    33.46    20.05  1 -2.33e-08      0.00 6.799e-01 3.004e-01 3.077e-03 1.562e-03 8.702e-03 -1.000 1.978e-02 -2.264 -4.091 -4.840 -5.146 -5.279 -5.083 -5.212 -5.290 -5.499 -9.998 -13.426 -5.255 -5.077 -5.331 -5.449
0.04 0.47971 10.00000 1.0918669701 2.4903011322    0.906  2.949  3.5354  0.540    8  0.520  0.472    53.15    29.89  1 -4.17e-08      0.00 6.799e-01 3.004e-01 3.077e-03 1.562e-03 8.702e-03 -1.000 1.978e-02 -2.602 -4.495 -5.274 -5.618 -5.766 -5.552 -5.707 -5.784 -6.018 -10.514 -13.944 -5.736 -5.549 -5.836 -5.968
0.04 0.47971 10.00000 1.0918672085 2.4903011322    0.904  3.108  3.5122  0.287    8  0.520  0.472    91.68    47.86  0 -8.09e-08      0.00 6.799e-01 3.004e-01 3.077e-03 1.562e-03 8.702e-03 -1.000 1.978e-02 -2.999 -4.963 -5.777 -6.171 -6.338 -6.112 -6.294 -6.369 -6.643 -11.130 -14.562 -6.295 -6.111 -6.448 -6.595
0.04 0.47971 10.00000 1.0918675661 2.4903013706    0.902  3.236  3.4933  0.082    8  0.520  0.472   142.65    70.09  0 -1.37e-07      0.00 6.799e-01 3.004e-01 3.077e-03 1.562e-03 8.702e-03 -1.000 1.978e-02 -3.320 -5.325 -6.179 -6.613 -6.794 -6.554 -6.754 -6.823 -7.159 -11.627 -15.063 -6.728 -6.553 -6.948 -7.113
0.04 0.47971 10.00000 1.0918679237 2.4903013706    0.899  3.317  3.4810 -0.050    8  0.520  0.472   189.48    89.52  0  -1.9e-07      0.00 6.799e-01 3.004e-01 3.077e-03 1.562e-03 8.702e-03 -1.000 1.978e-02 -3.524 -5.547 -6.434 -6.890 -7.080 -6.836 -7.042 -7.108 -7.508 -11.959 -15.400 -6.992 -6.835 -7.286 -7.465
0.04 0.47971 10.00000 1.0918682814 2.4903013706    0.897  3.360  3.4743 -0.120    8  0.520  0.472   220.35   101.90  0 -2.26e-07      0.00 6.799e-01 3.004e-01 3.077e-03 1.562e-03 8.702e-03 -1.000 1.978e-02 -3.629 -5.660 -6.565 -7.031 -7.225 -6.984 -7.189 -7.255 -7.687 -12.133 -15.575 -7.124 -6.983 -7.459 -7.645
0.04 0.47971 10.00000 1.0918687582 2.4903016090    0.893  3.379  3.4708 -0.154    8  0.521  0.472   237.44   108.59  0 -2.45e-07      0.01 6.799e-01 3.004e-01 3.077e-03 1.562e-03 8.702e-03 -1.000 1.978e-02 -3.677 -5.712 -6.627 -7.098 -7.295 -7.055 -7.260 -7.326 -7.784 -12.224 -15.668 -7.187 -7.054 -7.552 -7.743
0.04 0.47971 10.00000 1.0918692350 2.4903016090    0.890  3.390  3.4707 -0.168    8  0.521  0.472   244.24   111.16  0 -2.61e-07      0.01 6.799e-01 3.004e-01 3.077e-03 1.562e-03 8.702e-03 -1.000 1.978e-02 -3.705 -5.740 -6.655 -7.127 -7.325 -7.087 -7.293 -7.361 -7.835 -12.270 -15.716 -7.218 -7.085 -7.601 -7.794
0.04 0.47971 10.00000 1.0918692350 2.4903016090    0.890  3.156  3.5021  0.192    8  0.521  0.472   112.42    56.83  0 -1.02e-07      0.00 6.799e-01 3.004e-01 3.077e-03 1.562e-03 8.702e-03 -1.000 1.978e-02 -3.119 -5.108 -5.941 -6.356 -6.528 -6.296 -6.487 -6.557 -6.859 -11.339 -14.773 -6.473 -6.296 -6.656 -6.812
0.04 0.47971 10.00000 1.0918693542 2.4903016090    0.889  2.977  3.5278  0.473    8  0.521  0.472    61.26    33.62  1 -4.92e-08      0.00 6.799e-01 3.004e-01 3.077e-03 1.562e-03 8.702e-03 -1.000 1.978e-02 -2.672 -4.590 -5.381 -5.740 -5.893 -5.674 -5.839 -5.915 -6.159 -10.654 -14.084 -5.860 -5.672 -5.973 -6.110
0.04 0.47971 10.00000 1.0918694735 2.4903016090    0.888  2.829  3.5490  0.705    8  0.521  0.472    37.14    21.81  1 -2.64e-08      0.00 6.799e-01 3.004e-01 3.077e-03 1.562e-03 8.702e-03 -1.000 1.978e-02 -2.303 -4.150 -4.910 -5.226 -5.364 -5.163 -5.299 -5.376 -5.592 -10.090 -13.519 -5.338 -5.157 -5.419 -5.542
0.04 0.47971 10.00000 1.0918695927 2.4903016090    0.887  2.868  3.5433  0.643    8  0.521  0.472    42.47    24.48  1 -3.14e-08      0.00 6.799e-01 3.004e-01 3.077e-03 1.562e-03 8.702e-03 -1.000 1.978e-02 -2.400 -4.266 -5.035 -5.362 -5.504 -5.297 -5.442 -5.518 -5.739 -10.238 -13.666 -5.476 -5.293 -5.563 -5.689
0.04 0.47971 10.00000 1.0918698311 2.4903016090    0.885  3.001  3.5239  0.431    8  0.521  0.472    67.08    36.31  1 -5.53e-08      0.00 6.799e-01 3.004e-01 3.077e-03 1.562e-03 8.702e-03 -1.000 1.978e-02 -2.734 -4.664 -5.460 -5.827 -5.984 -5.764 -5.933 -6.009 -6.259 -10.752 -14.183 -5.950 -5.762 -6.070 -6.210
0.04 0.47971 10.00000 1.0918700695 2.4903016090    0.883  3.159  3.5010  0.181    8  0.522  0.472   115.03    57.83  0 -1.06e-07      0.00 6.799e-01 3.004e-01 3.077e-03 1.562e-03 8.702e-03 -1.000 1.978e-02 -3.127 -5.118 -5.953 -6.370 -6.543 -6.311 -6.502 -6.572 -6.879 -11.357 -14.791 -6.487 -6.310 -6.675 -6.832
0.04 0.47971 10.00000 1.0918704271 2.4903018475    0.880  3.286  3.4823 -0.022    8  0.522  0.472   178.17    84.34  0 -1.77e-07      0.00 6.799e-01 3.004e-01 3.077e-03 1.562e-03 8.702e-03 -1.000 1.978e-02 -3.444 -5.465 -6.349 -6.803 -6.990 -6.745 -6.950 -7.016 -7.406 -11.860 -15.300 -6.905 -6.745 -7.185 -7.363
0.04 0.47971 10.00000 1.0918707848 2.4903018475    0.877  3.366  3.4703 -0.152    8  0.522  0.472   236.02   107.43  0 -2.45e-07      0.01 6.799e-01 3.004e-01 3.077e-03 1.562e-03 8.702e-03 -1.000 1.978e-02 -3.646 -5.681 -6.598 -7.070 -7.266 -7.027 -7.231 -7.297 -7.757 -12.196 -15.641 -7.156 -7.025 -7.524 -7.716
0.04 0.47971 10.00000 1.0918712616 2.4903018475    0.874  3.408  3.4637 -0.222    8  0.522  0.472   274.13   122.13  0 -2.91e-07      0.01 6.799e-01 3.004e-01 3.077e-03 1.562e-03 8.702e-03 -1.000 1.978e-02 -3.750 -5.792 -6.726 -7.206 -7.407 -7.173 -7.377 -7.444 -7.954 -12.383 -15.831 -7.284 -7.171 -7.713 -7.914
0.04 0.47971 10.00000 1.0918717384 2.4903020859    0.870  3.427  3.4604 -0.256    8  0.523  0.472   295.29   130.06  0 -3.18e-07      0.01 6.799e-01 3.004e-01 3.077e-03 1.562e-03 8.702e-03 -1.000 1.978e-02 -3.798 -5.844 -6.787 -7.271 -7.476 -7.246 -7.448 -7.517 -8.050 -12.474 -15.924 -7.347 -7.243 -7.806 -8.010
0.04 0.47971 10.00000 1.0918722153 2.4903020859    0.866  3.439  3.4604 -0.270    8  0.523  0.472   303.75   133.07  0 -3.39e-07      0.01 6.799e-01 3.004e-01 3.077e-03 1.562e-03 8.702e-03 -1.000 1.978e-02 -3.826 -5.872 -6.815 -7.300 -7.508 -7.278 -7.482 -7.553 -8.101 -12.521 -15.972 -7.380 -7.276 -7.856 -8.061
0.04 0.47971 10.00000 1.0918722153 2.4903020859    0.865  3.211  3.4915  0.082    8  0.523  0.472   142.31    69.08  0 -1.38e-07      0.00 6.799e-01 3.004e-01 3.077e-03 1.562e-03 8.702e-03 -1.000 1.978e-02 -3.258 -5.265 -6.125 -6.562 -6.743 -6.502 -6.704 -6.771 -7.113 -11.579 -15.015 -6.675 -6.501 -6.901 -7.068
0.04 0.47971 10.00000 1.0918723345 2.4903020859    0.864  3.033  3.5176  0.364    8  0.523  0.472    77.40    40.80  1 -6.75e-08      0.00 6.799e-01 3.004e-01 3.077e-03 1.562e-03 8.702e-03 -1.000 1.978e-02 -2.812 -4.761 -5.567 -5.948 -6.110 -5.887 -6.063 -6.139 -6.402 -10.892 -14.323 -6.072 -5.886 -6.209 -6.353
0.04 0.47971 10.00000 1.0918724537 2.4903020859    0.863  2.885  3.5392  0.598    8  0.523  0.472    46.70    26.35  1 -3.66e-08      0.00 6.799e-01 3.004e-01 3.077e-03 1.562e-03 8.702e-03 -1.000 1.978e-02 -2.442 -4.322 -5.097 -5.431 -5.576 -5.366 -5.516 -5.593 -5.820 -10.318 -13.747 -5.548 -5.362 -5.641 -5.770
0.04 0.47971 10.00000 1.0918725729 2.4903020859    0.861  2.922  3.5336  0.537    8  0.524  0.472    53.31    29.52  1 -4.32e-08      0.00 6.799e-01 3.004e-01 3.077e-03 1.562e-03 8.702e-03 -1.000 1.978e-02 -2.536 -4.435 -5.218 -5.565 -5.714 -5.499 -5.656 -5.732 -5.969 -10.465 -13.895 -5.683 -5.495 -5.786 -5.920
0.04 0.47971 10.00000 1.0918728113 2.4903020859    0.859  3.053  3.5141  0.327    8  0.524  0.472    83.82    43.61  1 -7.47e-08      0.00 6.799e-01 3.004e-01 3.077e-03 1.562e-03 8.702e-03 -1.000 1.978e-02 -2.863 -4.821 -5.633 -6.022 -6.186 -5.961 -6.141 -6.216 -6.486 -10.974 -14.406 -6.145 -5.960 -6.292 -6.438
0.04 0.47971 10.00000 1.0918731689 2.4903023243    0.855  3.207  3.4910  0.080    8  0.524  0.472   142.92    69.09  0  -1.4e-07      0.00 6.799e-01 3.004e-01 3.077e-03 1.562e-03 8.702e-03 -1.000 1.978e-02 -3.247 -5.255 -6.116 -6.554 -6.735 -6.493 -6.696 -6.763 -7.108 -11.573 -15.010 -6.666 -6.493 -6.896 -7.063
0.04 0.47971 10.00000 1.0918735266 2.4903023243    0.852  3.330  3.4722 -0.121    8  0.524  0.472   220.21   100.25  0  -2.3e-07      0.01 6.799e-01 3.004e-01 3.077e-03 1.562e-03 8.702e-03 -1.000 1.978e-02 -3.556 -5.588 -6.500 -6.968 -7.162 -6.922 -7.126 -7.190 -7.636 -12.079 -15.522 -7.056 -6.920 -7.406 -7.595
0.04 0.47971 10.00000 1.0918738842 2.4903023243    0.848  3.408  3.4602 -0.249    8  0.525  0.472   290.20   127.06  0 -3.15e-07      0.01 6.799e-01 3.004e-01 3.077e-03 1.562e-03 8.702e-03 -1.000 1.978e-02 -3.750 -5.795 -6.739 -7.223 -7.427 -7.196 -7.399 -7.466 -8.001 -12.425 -15.875 -7.297 -7.193 -7.756 -7.961
0.04 0.47971 10.00000 1.0918743610 2.4903025627    0.843  3.447  3.4538 -0.316    8  0.525  0.472   335.27   143.67  0 -3.72e-07      0.01 6.799e-01 3.004e-01 3.077e-03 1.562e-03 8.702e-03 -1.000 1.978e-02 -3.847 -5.896 -6.855 -7.345 -7.554 -7.331 -7.530 -7.601 -8.197 -12.610 -16.064 -7.409 -7.327 -7.941 -8.158
0.04 0.47971 10.00000 1.0918748379 2.4903025627    0.838  3.464  3.4506 -0.348    8  0.526  0.472   359.02   152.10  0 -4.03e-07      0.01 6.799e-01 3.004e-01 3.077e-03 1.562e-03 8.702e-03 -1.000 1.978e-02 -3.889 -5.939 -6.906 -7.398 -7.611 -7.392 -7.589 -7.661 -8.292 -12.699 -16.155 -7.457 -7.386 -8.031 -8.255
0.04 0.47971 10.00000 1.0918754339 2.4903025627    0.832  3.472  3.4519 -0.355    8  0.526  0.472   364.14   153.61  0  -4.3e-07      0.02 6.799e-01 3.004e-01 3.077e-03 1.562e-03 8.702e-03 -1.000 1.978e-02 -3.910 -5.959 -6.924 -7.417 -7.631 -7.413 -7.612 -7.688 -8.343 -12.743 -16.202 -7.482 -7.407 -8.081 -8.307
0.04 0.47971 10.00000 1.0918754339 2.4903025627    0.831  3.254  3.4819 -0.016    8  0.526  0.472   175.48    81.71  0 -1.83e-07      0.00 6.799e-01 3.004e-01 3.077e-03 1.562e-03 8.702e-03 -1.000 1.978e-02 -3.364 -5.385 -6.271 -6.725 -6.912 -6.667 -6.872 -6.937 -7.337 -11.788 -15.229 -6.825 -6.666 -7.115 -7.294
0.04 0.47971 10.00000 1.0918755531 2.4903025627    0.830  3.077  3.5087  0.267    8  0.526  0.472    95.20    48.14  0 -9.09e-08      0.00 6.799e-01 3.004e-01 3.077e-03 1.562e-03 8.702e-03 -1.000 1.978e-02 -2.922 -4.894 -5.716 -6.116 -6.285 -6.057 -6.242 -6.316 -6.604 -11.087 -14.520 -6.238 -6.056 -6.405 -6.556
0.04 0.47971 10.00000 1.0918756723 2.4903028011    0.828  2.928  3.5311  0.504    8  0.526  0.472    57.13    30.93  1 -4.99e-08      0.00 6.799e-01 3.004e-01 3.077e-03 1.562e-03 8.702e-03 -1.000 1.978e-02 -2.551 -4.458 -5.245 -5.597 -5.748 -5.531 -5.692 -5.768 -6.012 -10.506 -13.936 -5.717 -5.528 -5.826 -5.963
0.04 0.47971 10.00000 1.0918759108 2.4903028011    0.825  2.966  3.5252  0.442    8  0.527  0.472    65.30    34.68  1 -5.87e-08      0.00 6.799e-01 3.004e-01 3.077e-03 1.562e-03 8.702e-03 -1.000 1.978e-02 -2.644 -4.570 -5.364 -5.729 -5.885 -5.666 -5.833 -5.910 -6.162 -10.655 -14.086 -5.851 -5.663 -5.974 -6.113
0.04 0.47971 10.00000 1.0918761492 2.4903028011    0.822  3.094  3.5053  0.232    8  0.527  0.472   102.59    51.17  0    -1e-07      0.00 6.799e-01 3.004e-01 3.077e-03 1.562e-03 8.702e-03 -1.000 1.978e-02 -2.964 -4.945 -5.772 -6.180 -6.351 -6.121 -6.309 -6.381 -6.681 -11.161 -14.595 -6.300 -6.120 -6.480 -6.634
0.04 0.47971 10.00000 1.0918763876 2.4903028011    0.817  3.244  3.4818 -0.015    8  0.527  0.472   174.75    80.93  0 -1.85e-07      0.00 6.799e-01 3.004e-01 3.077e-03 1.562e-03 8.702e-03 -1.000 1.978e-02 -3.341 -5.362 -6.248 -6.702 -6.889 -6.644 -6.849 -6.914 -7.317 -11.768 -15.208 -6.802 -6.643 -7.095 -7.274
0.04 0.47971 10.00000 1.0918767452 2.4903028011    0.812  3.365  3.4627 -0.215    8  0.527  0.472   269.19   117.30  0 -3.01e-07      0.01 6.799e-01 3.004e-01 3.077e-03 1.562e-03 8.702e-03 -1.000 1.978e-02 -3.644 -5.685 -6.623 -7.103 -7.304 -7.071 -7.273 -7.340 -7.869 -12.293 -15.743 -7.178 -7.068 -7.625 -7.828
0.04 0.47971 10.00000 1.0918772221 2.4903030396    0.806  3.441  3.4504 -0.343    8  0.528  0.472   354.96   148.57  0  -4.1e-07      0.02 6.799e-01 3.004e-01 3.077e-03 1.562e-03 8.702e-03 -1.000 1.978e-02 -3.833 -5.883 -6.851 -7.343 -7.556 -7.337 -7.534 -7.607 -8.252 -12.656 -16.114 -7.401 -7.332 -7.989 -8.215
0.04 0.47971 10.00000 1.0918776989 2.4903030396    0.800  3.479  3.4439 -0.411    8  0.528  0.472   410.56   167.94  0 -4.85e-07      0.02 6.799e-01 3.004e-01 3.077e-03 1.562e-03 8.702e-03 -1.000 1.978e-02 -3.928 -5.982 -6.963 -7.462 -7.683 -7.475 -7.670 -7.749 -8.457 -12.849 -16.311 -7.516 -7.468 -8.184 -8.422
0.04 0.47971 10.00000 1.0918781757 2.4903030396    0.792  3.495  3.4409 -0.443    8  0.529  0.472   440.29   177.75  0 -5.29e-07      0.02 6.799e-01 3.004e-01 3.077e-03 1.562e-03 8.702e-03 -1.000 1.978e-02 -3.969 -6.022 -7.011 -7.513 -7.741 -7.538 -7.732 -7.817 -8.568 -12.952 -16.418 -7.567 -7.531 -8.290 -8.534
0.04 0.47971 10.00000 1.0918787718 2.4903032780    0.784  3.504  3.4434 -0.446    8  0.530  0.472   442.59   177.80  0 -5.74e-07      0.03 6.799e-01 3.004e-01 3.077e-03 1.562e-03 8.702e-03 -1.000 1.978e-02 -3.989 -6.037 -7.023 -7.527 -7.759 -7.556 -7.754 -7.845 -8.647 -13.018 -16.489 -7.591 -7.548 -8.365 -8.615
0.04 0.47971 10.00000 1.0918787718 2.4903032780    0.783  3.295  3.4719 -0.124    8  0.530  0.472   221.07    97.53  0 -2.56e-07      0.01 6.799e-01 3.004e-01 3.077e-03 1.562e-03 8.702e-03 -1.000 1.978e-02 -3.468 -5.500 -6.414 -6.883 -7.079 -6.839 -7.044 -7.111 -7.596 -12.028 -15.475 -6.972 -6.837 -7.361 -7.556
0.04 0.47971 10.00000 1.0918788910 2.4903032780    0.781  3.120  3.4992  0.160    8  0.530  0.472   119.91    57.42  0  -1.3e-07      0.00 6.799e-01 3.004e-01 3.077e-03 1.562e-03 8.702e-03 -1.000 1.978e-02 -3.030 -5.024 -5.864 -6.285 -6.460 -6.227 -6.421 -6.492 -6.826 -11.297 -14.733 -6.402 -6.226 -6.618 -6.780
0.04 0.47971 10.00000 1.0918790102 2.4903032780    0.778  2.972  3.5222  0.398    8  0.530  0.472    71.77    36.77  1 -7.24e-08      0.00 6.799e-01 3.004e-01 3.077e-03 1.562e-03 8.702e-03 -1.000 1.978e-02 -2.661 -4.596 -5.394 -5.766 -5.925 -5.705 -5.876 -5.953 -6.220 -10.709 -14.141 -5.889 -5.703 -6.029 -6.171
0.04 0.47971 10.00000 1.0918792486 2.4903032780    0.773  3.009  3.5157  0.332    8  0.530  0.472    82.69    41.45  0 -8.57e-08      0.00 6.799e-01 3.004e-01 3.077e-03 1.562e-03 8.702e-03 -1.000 1.978e-02 -2.752 -4.706 -5.515 -5.901 -6.065 -5.841 -6.020 -6.096 -6.377 -10.862 -14.295 -6.024 -5.840 -6.182 -6.329
0.04 0.47971 10.00000 1.0918794870 2.4903032780    0.766  3.135  3.4946  0.118    8  0.530  0.472   131.12    61.53  0 -1.45e-07      0.00 6.799e-01 3.004e-01 3.077e-03 1.562e-03 8.702e-03 -1.000 1.978e-02 -3.066 -5.068 -5.920 -6.351 -6.530 -6.292 -6.491 -6.560 -6.917 -11.380 -14.819 -6.465 -6.291 -6.705 -6.873
0.04 0.47971 10.00000 1.0918798447 2.4903032780    0.759  3.282  3.4695 -0.134    8  0.531  0.472   226.02    98.08  0 -2.64e-07      0.01 6.799e-01 3.004e-01 3.077e-03 1.562e-03 8.702e-03 -1.000 1.978e-02 -3.435 -5.469 -6.390 -6.861 -7.058 -6.819 -7.023 -7.089 -7.589 -12.017 -15.465 -6.945 -6.816 -7.351 -7.548
0.04 0.47971 10.00000 1.0918802023 2.4903035164    0.750  3.401  3.4487 -0.341    8  0.531  0.472   353.24   143.49  0 -4.27e-07      0.02 6.799e-01 3.004e-01 3.077e-03 1.562e-03 8.702e-03 -1.000 1.978e-02 -3.732 -5.781 -6.753 -7.246 -7.459 -7.242 -7.438 -7.512 -8.186 -12.583 -16.043 -7.300 -7.236 -7.919 -8.150
0.04 0.47971 10.00000 1.0918805599 2.4903035164    0.739  3.475  3.4352 -0.476    8  0.532  0.472   472.57   183.31  0 -5.84e-07      0.03 6.799e-01 3.004e-01 3.077e-03 1.562e-03 8.702e-03 -1.000 1.978e-02 -3.918 -5.972 -6.972 -7.478 -7.714 -7.520 -7.712 -7.803 -8.625 -12.996 -16.467 -7.528 -7.511 -8.335 -8.592
0.04 0.47971 10.00000 1.0918810368 2.4903035164    0.728  3.513  3.4281 -0.548    8  0.532  0.472   553.27   208.40  0 -7.01e-07      0.04 6.799e-01 3.004e-01 3.077e-03 1.562e-03 8.702e-03 -1.000 1.978e-02 -4.011 -6.067 -7.081 -7.594 -7.844 -7.662 -7.854 -7.957 -8.871 -13.224 -16.703 -7.646 -7.652 -8.567 -8.840
0.04 0.47971 10.00000 1.0918816328 2.4903037548    0.715  3.529  3.4252 -0.584    8  0.533  0.472   598.17   220.81  0 -7.86e-07      0.05 6.799e-01 3.004e-01 3.077e-03 1.562e-03 8.702e-03 -1.000 1.978e-02 -4.052 -6.106 -7.125 -7.642 -7.901 -7.725 -7.917 -8.029 -9.001 -13.341 -16.826 -7.697 -7.714 -8.689 -8.972
0.04 0.47971 10.00000 1.0918822289 2.4903037548    0.701  3.537  3.4506 -0.499    8  0.534  0.472   499.09   186.65  0 -9.83e-07      0.07 6.799e-01 3.004e-01 3.077e-03 1.562e-03 8.702e-03 -1.000 1.978e-02 -4.073 -6.085 -7.070 -7.593 -7.862 -7.675 -7.898 -8.042 -9.225 -13.514 -17.020 -7.712 -7.665 -8.901 -9.203
0.04 0.47971 10.00000 1.0918822289 2.4903037548    0.700  3.340  3.4588 -0.270    8  0.534  0.472   304.83   121.77  0 -4.22e-07      0.02 6.799e-01 3.004e-01 3.077e-03 1.562e-03 8.702e-03 -1.000 1.978e-02 -3.581 -5.622 -6.571 -7.060 -7.273 -7.049 -7.254 -7.333 -8.010 -12.399 -15.862 -7.139 -7.044 -7.750 -7.975
0.04 0.47971 10.00000 1.0918823481 2.4903037548    0.696  3.166  3.4876  0.017    8  0.534  0.472   164.11    71.09  0  -2.2e-07      0.01 6.799e-01 3.004e-01 3.077e-03 1.562e-03 8.702e-03 -1.000 1.978e-02 -3.145 -5.156 -6.027 -6.474 -6.662 -6.420 -6.627 -6.700 -7.148 -11.585 -15.032 -6.586 -6.419 -6.924 -7.108
0.04 0.47971 10.00000 1.0918824673 2.4903037548    0.691  3.017  3.5113  0.257    8  0.534  0.472    97.79    45.21  0 -1.25e-07      0.00 6.799e-01 3.004e-01 3.077e-03 1.562e-03 8.702e-03 -1.000 1.978e-02 -2.773 -4.738 -5.553 -5.951 -6.120 -5.896 -6.080 -6.158 -6.488 -10.960 -14.398 -6.077 -5.894 -6.286 -6.443
0.04 0.47971 10.00000 1.0918827057 2.4903039932    0.683  3.051  3.5013  0.178    8  0.534  0.472   116.28    52.11  0 -1.46e-07      0.00 6.799e-01 3.004e-01 3.077e-03 1.562e-03 8.702e-03 -1.000 1.978e-02 -2.858 -4.847 -5.683 -6.100 -6.275 -6.045 -6.237 -6.311 -6.676 -11.138 -14.579 -6.219 -6.044 -6.466 -6.632
0.04 0.47971 10.00000 1.0918829441 2.4903039932    0.673  3.172  3.4750 -0.054    8  0.535  0.472   192.26    79.65  0 -2.39e-07      0.01 6.799e-01 3.004e-01 3.077e-03 1.562e-03 8.702e-03 -1.000 1.978e-02 -3.159 -5.186 -6.093 -6.555 -6.746 -6.504 -6.709 -6.774 -7.260 -11.691 -15.139 -6.644 -6.502 -7.026 -7.220
0.04 0.47971 10.00000 1.0918833017 2.4903039932    0.660  3.312  3.4451 -0.322    8  0.535  0.472   344.33   130.00  0  -4.2e-07      0.02 6.799e-01 3.004e-01 3.077e-03 1.562e-03 8.702e-03 -1.000 1.978e-02 -3.511 -5.563 -6.541 -7.031 -7.242 -7.030 -7.221 -7.292 -7.985 -12.381 -15.842 -7.073 -7.022 -7.713 -7.949
0.04 0.47971 10.00000 1.0918836594 2.4903039932    0.646  3.425  3.4227 -0.534    8  0.535  0.472   546.60   190.29  0 -6.67e-07      0.04 6.799e-01 3.004e-01 3.077e-03 1.562e-03 8.702e-03 -1.000 1.978e-02 -3.792 -5.851 -6.869 -7.378 -7.626 -7.449 -7.635 -7.737 -8.652 -13.008 -16.486 -7.416 -7.437 -8.343 -8.620
0.04 0.47971 10.00000 1.0918841362 2.4903042316    0.630  3.493  3.4129 -0.652    8  0.536  0.472   711.85   233.29  0 -9.34e-07      0.07 6.799e-01 3.004e-01 3.077e-03 1.562e-03 8.702e-03 -1.000 1.978e-02 -3.963 -6.009 -7.045 -7.572 -7.851 -7.691 -7.885 -8.017 -9.124 -13.442 -16.936 -7.634 -7.677 -8.788 -9.098
0.04 0.47971 10.00000 1.0918847322 2.4903042316    0.612  3.525  3.4173 -0.679    8  0.537  0.472   764.82   239.95  0 -1.27e-06      0.11 6.799e-01 3.004e-01 3.077e-03 1.562e-03 8.702e-03 -1.000 1.978e-02 -4.043 -6.057 -7.108 -7.652 -7.962 -7.816 -8.024 -8.192 -9.537 -13.813 -17.327 -7.747 -7.801 -9.166 -9.516
0.04 0.47971 10.00000 1.0918853283 2.4903042316    0.593  3.536  3.4352 -0.632    8  0.537  0.472   706.93   213.38  0 -1.54e-06      0.23 6.799e-01 3.004e-01 3.077e-03 1.562e-03 8.702e-03 -1.000 1.978e-02 -4.070 -5.984 -7.052 -7.637 -8.017 -7.898 -8.146 -8.393 -10.121 -14.351 -17.895 -7.831 -7.875 -9.678 -10.104
0.04 0.47971 10.00000 1.0918859243 2.4903044701    0.572  3.539  3.5261 -0.287    8  0.538  0.472   349.52   107.10  0 -2.42e-06      0.35 6.799e-01 3.004e-01 3.077e-03 1.562e-03 8.702e-03 -1.000 1.978e-02 -4.077 -5.786 -6.659 -7.192 -7.695 -7.738 -8.028 -8.474 -10.626 -14.849 -18.415 -7.639 -7.686 -10.088 -10.608
0.04 0.47971 10.00000 1.0918867588 2.4903044701    0.539 -9.999  4.0000  1.801    9  0.539  0.000     0.00     0.00 -1    -1e-30      0.00 6.799e-01 3.004e-01 3.077e-03 1.562e-03 8.702e-03 -1.000 1.978e-02 29.767 30.009 30.041 30.055 30.065 30.066 30.071 30.076 29.602 29.954 30.024 30.063 30.067 29.672 29.784
#isochrone terminated
