# File generated by CMD 3.3 (http://stev.oapd.inaf.it/cmd) on Wed Apr 22 16:26:59 CEST 2020
# isochrones based on PARSEC release v1.2S +  COLIBRI S_35
# Basic references: Bressan et al. (2012), MNRAS, 427, 127 + Chen et al. (2014, 2015), MNRAS, 444, 2525 + MNRAS, 452, 1068 + Tang et al. (2014), MNRAS, 445, 4287 + Marigo et al. (2017), ApJ, 835, 77 + Pastorelli al. (2019), MNRAS in press
# Thermal pulse cycles included 
# On RGB, assumed Reimers mass loss with efficiency eta=0.2
# Photometric system:  2MASS + Spitzer (IRAC+MIPS) + WISE
# Using YBC version of bolometric corrections as in Chen et al. (2019)
# O-rich circumstellar dpmod60alox40 dust from Groenewegen (2006)
# C-rich circumstellar AMCSIC15 dust from Groenewegen (2006)
# IMF: Kroupa (2001, 2002) + Kroupa et al. (2013) canonical two-part-power law IMF corrected for unresolved binaries 
# Kind of output: isochrone tables
# Zini     MH   logAge Mini        int_IMF         Mass   logL    logTe  logg  label   McoreTP C_O  period0 period1 pmode  Mloss  tau1m   X   Y   Xc  Xn  Xo  Cexcess  Z 	 mbolmag  Jmag    Hmag    Ksmag   IRAC_3.6mag  IRAC_4.5mag  IRAC_5.8mag  IRAC_8.0mag  MIPS_24mag  MIPS_70mag  MIPS_160mag  W1mag   W2mag   W3mag   W4mag
0.04 0.47971 7.00000 0.1000000015 1.1711064577    0.100 -2.076  3.3649  3.926    0  0.000  0.545     0.00     0.00 -1 -3.67e-15      0.00 6.390e-01 3.210e-01 7.193e-03 1.940e-03 1.760e-02 -1.000 4.000e-02 9.961 7.838 7.312 6.943 6.473 6.330 6.260 6.165 5.517 5.473 5.488 6.622 6.335 6.105 5.707
0.04 0.47971 7.00000 0.1199999973 1.3193154335    0.120 -1.961  3.3775  3.940    0  0.000  0.545     0.00     0.00 -1  -4.3e-15      0.00 6.390e-01 3.210e-01 7.193e-03 1.940e-03 1.760e-02 -1.000 4.000e-02 9.672 7.549 7.023 6.655 6.185 6.042 5.972 5.877 5.230 5.185 5.200 6.334 6.047 5.817 5.420
0.04 0.47971 7.00000 0.1444711387 1.4620803595    0.144 -1.840  3.3918  3.957    0  0.000  0.545     0.00     0.00 -1 -5.07e-15      0.00 6.390e-01 3.210e-01 7.193e-03 1.940e-03 1.760e-02 -1.000 4.000e-02 9.371 7.248 6.721 6.354 5.884 5.742 5.671 5.577 4.930 4.885 4.899 6.033 5.747 5.517 5.120
0.04 0.47971 7.00000 0.1590434909 1.5329391956    0.159 -1.779  3.3994  3.968    0  0.000  0.545     0.00     0.00 -1 -5.51e-15      0.00 6.390e-01 3.210e-01 7.193e-03 1.940e-03 1.760e-02 -1.000 4.000e-02 9.217 7.093 6.566 6.199 5.730 5.588 5.517 5.423 4.776 4.732 4.745 5.879 5.593 5.363 4.966
0.04 0.47971 7.00000 0.1688055992 1.5758491755    0.169 -1.735  3.4055  3.975    0  0.000  0.545     0.00     0.00 -1 -5.82e-15      0.00 6.390e-01 3.210e-01 7.193e-03 1.940e-03 1.760e-02 -1.000 4.000e-02 9.108 6.985 6.458 6.090 5.622 5.480 5.409 5.315 4.668 4.624 4.637 5.771 5.484 5.255 4.858
0.04 0.47971 7.00000 0.1736584753 1.5959976912    0.174 -1.716  3.4085  3.979    0  0.000  0.545     0.00     0.00 -1 -5.99e-15      0.00 6.390e-01 3.210e-01 7.193e-03 1.940e-03 1.760e-02 -1.000 4.000e-02 9.059 6.936 6.409 6.042 5.573 5.431 5.360 5.266 4.619 4.575 4.588 5.722 5.436 5.206 4.809
0.04 0.47971 7.00000 0.1867823750 1.6470087767    0.187 -1.664  3.4154  3.987    0  0.000  0.545     0.00     0.00 -1 -6.47e-15      0.00 6.390e-01 3.210e-01 7.193e-03 1.940e-03 1.760e-02 -1.000 4.000e-02 8.930 6.807 6.280 5.913 5.445 5.303 5.233 5.139 4.492 4.448 4.461 5.594 5.308 5.079 4.682
0.04 0.47971 7.00000 0.2041361630 1.7077254057    0.204 -1.611  3.4221  3.999    0  0.000  0.545     0.00     0.00 -1  -6.9e-15      0.00 6.390e-01 3.210e-01 7.193e-03 1.940e-03 1.760e-02 -1.000 4.000e-02 8.797 6.679 6.152 5.792 5.333 5.192 5.124 5.033 4.390 4.347 4.366 5.479 5.197 4.975 4.580
0.04 0.47971 7.00000 0.2197706848 1.7569437027    0.220 -1.560  3.4294  4.010    0  0.000  0.545     0.00     0.00 -1 -7.39e-15      0.00 6.390e-01 3.210e-01 7.193e-03 1.940e-03 1.760e-02 -1.000 4.000e-02 8.670 6.561 6.034 5.685 5.239 5.099 5.035 4.949 4.312 4.271 4.300 5.381 5.104 4.895 4.502
0.04 0.47971 7.00000 0.2365198731 1.8048585653    0.237 -1.510  3.4363  4.020    0  0.000  0.545     0.00     0.00 -1 -7.89e-15      0.00 6.390e-01 3.210e-01 7.193e-03 1.940e-03 1.760e-02 -1.000 4.000e-02 8.546 6.446 5.916 5.578 5.147 5.009 4.948 4.867 4.236 4.197 4.234 5.286 5.013 4.817 4.426
0.04 0.47971 7.00000 0.2593434155 1.8634818792    0.259 -1.453  3.4443  4.035    0  0.000  0.545     0.00     0.00 -1 -8.45e-15      0.00 6.390e-01 3.210e-01 7.193e-03 1.940e-03 1.760e-02 -1.000 4.000e-02 8.403 6.313 5.780 5.455 5.041 4.905 4.848 4.773 4.148 4.113 4.158 5.176 4.910 4.727 4.338
0.04 0.47971 7.00000 0.2811690271 1.9135856628    0.281 -1.400  3.4521  4.048    0  0.000  0.545     0.00     0.00 -1 -9.03e-15      0.00 6.390e-01 3.210e-01 7.193e-03 1.940e-03 1.760e-02 -1.000 4.000e-02 8.271 6.192 5.653 5.342 4.944 4.810 4.756 4.686 4.069 4.038 4.091 5.075 4.815 4.645 4.259
0.04 0.47971 7.00000 0.3000000417 1.9529141188    0.300 -1.358  3.4584  4.059    0  0.000  0.545     0.00     0.00 -1 -9.53e-15      0.00 6.390e-01 3.210e-01 7.193e-03 1.940e-03 1.760e-02 -1.000 4.000e-02 8.165 6.096 5.552 5.251 4.867 4.735 4.683 4.616 4.005 3.979 4.039 4.995 4.740 4.580 4.195
0.04 0.47971 7.00000 0.3230428994 1.9968842268    0.323 -1.309  3.4656  4.070    0  0.000  0.545     0.00     0.00 -1 -1.01e-14      0.00 6.390e-01 3.210e-01 7.193e-03 1.940e-03 1.760e-02 -1.000 4.000e-02 8.042 5.984 5.429 5.142 4.777 4.648 4.599 4.537 3.933 3.911 3.978 4.901 4.653 4.505 4.123
0.04 0.47971 7.00000 0.3499999940 2.0434174538    0.350 -1.254  3.4736  4.083    0  0.000  0.545     0.00     0.00 -1 -1.09e-14      0.00 6.390e-01 3.210e-01 7.193e-03 1.940e-03 1.760e-02 -1.000 4.000e-02 7.906 5.862 5.293 5.020 4.677 4.554 4.507 4.450 3.854 3.838 3.912 4.797 4.559 4.423 4.044
0.04 0.47971 7.00000 0.3651015162 2.0674965382    0.365 -1.227  3.4778  4.090    0  0.000  0.545     0.00     0.00 -1 -1.13e-14      0.00 6.390e-01 3.210e-01 7.193e-03 1.940e-03 1.760e-02 -1.000 4.000e-02 7.837 5.801 5.224 4.958 4.626 4.506 4.461 4.406 3.814 3.802 3.881 4.745 4.512 4.382 4.004
0.04 0.47971 7.00000 0.4000000060 2.1185026169    0.400 -1.164  3.4874  4.106    0  0.000  0.545     0.00     0.00 -1 -1.22e-14      0.00 6.390e-01 3.210e-01 7.193e-03 1.940e-03 1.760e-02 -1.000 4.000e-02 7.680 5.667 5.069 4.816 4.510 4.396 4.351 4.297 3.717 3.718 3.809 4.621 4.401 4.283 3.907
0.04 0.47971 7.00000 0.4130068123 2.1360535622    0.413 -1.143  3.4906  4.111    0  0.000  0.545     0.00     0.00 -1 -1.25e-14      0.00 6.390e-01 3.210e-01 7.193e-03 1.940e-03 1.760e-02 -1.000 4.000e-02 7.628 5.622 5.017 4.768 4.470 4.359 4.314 4.261 3.685 3.690 3.786 4.579 4.364 4.249 3.875
0.04 0.47971 7.00000 0.4500000179 2.1822810173    0.450 -1.084  3.4996  4.126    0  0.000  0.545     0.00     0.00 -1 -1.35e-14      0.00 6.390e-01 3.210e-01 7.193e-03 1.940e-03 1.760e-02 -1.000 4.000e-02 7.481 5.495 4.868 4.629 4.358 4.259 4.216 4.167 3.602 3.616 3.719 4.463 4.264 4.162 3.792
0.04 0.47971 7.00000 0.4781203270 2.2142355442    0.478 -1.042  3.5063  4.137    0  0.000  0.545     0.00     0.00 -1 -1.43e-14      0.00 6.390e-01 3.210e-01 7.193e-03 1.940e-03 1.760e-02 -1.000 4.000e-02 7.375 5.406 4.762 4.529 4.277 4.188 4.145 4.097 3.541 3.565 3.672 4.376 4.193 4.097 3.731
0.04 0.47971 7.00000 0.5000000596 2.2374544144    0.500 -1.008  3.5116  4.144    0  0.000  0.545     0.00     0.00 -1 -1.49e-14      0.00 6.390e-01 3.210e-01 7.193e-03 1.940e-03 1.760e-02 -1.000 4.000e-02 7.291 5.336 4.679 4.451 4.212 4.132 4.089 4.042 3.493 3.524 3.636 4.308 4.137 4.045 3.682
0.04 0.47971 7.00000 0.5204319954 2.2575695515    0.520 -0.980  3.5163  4.152    0  0.000  0.545     0.00     0.00 -1 -1.55e-14      0.00 6.390e-01 3.210e-01 7.193e-03 1.940e-03 1.760e-02 -1.000 4.000e-02 7.221 5.280 4.612 4.386 4.159 4.086 4.043 3.995 3.452 3.492 3.607 4.250 4.092 4.002 3.642
0.04 0.47971 7.00000 0.5500000119 2.2836582661    0.550 -0.940  3.5229  4.162    0  0.000  0.545     0.00     0.00 -1 -1.63e-14      0.00 6.390e-01 3.210e-01 7.193e-03 1.940e-03 1.760e-02 -1.000 4.000e-02 7.120 5.196 4.514 4.293 4.082 4.021 3.978 3.930 3.397 3.446 3.565 4.168 4.027 3.942 3.587
0.04 0.47971 7.00000 0.5698412657 2.2994301319    0.570 -0.915  3.5271  4.169    0  0.000  0.545     0.00     0.00 -1 -1.68e-14      0.00 6.390e-01 3.210e-01 7.193e-03 1.940e-03 1.760e-02 -1.000 4.000e-02 7.058 5.144 4.452 4.235 4.035 3.983 3.940 3.893 3.367 3.420 3.541 4.118 3.989 3.908 3.556
0.04 0.47971 7.00000 0.5964586139 2.3187048435    0.596 -0.883  3.5324  4.178    0  0.000  0.545     0.00     0.00 -1 -1.76e-14      0.00 6.390e-01 3.210e-01 7.193e-03 1.940e-03 1.760e-02 -1.000 4.000e-02 6.977 5.075 4.373 4.160 3.974 3.933 3.891 3.844 3.326 3.385 3.507 4.053 3.939 3.862 3.515
0.04 0.47971 7.00000 0.6000000238 2.3211214542    0.600 -0.878  3.5331  4.179    0  0.000  0.545     0.00     0.00 -1 -1.77e-14      0.00 6.390e-01 3.210e-01 7.193e-03 1.940e-03 1.760e-02 -1.000 4.000e-02 6.966 5.066 4.363 4.150 3.965 3.926 3.884 3.837 3.320 3.380 3.503 4.044 3.932 3.856 3.510
0.04 0.47971 7.00000 0.6176536679 2.3326942921    0.618 -0.858  3.5367  4.185    0  0.000  0.545     0.00     0.00 -1 -1.81e-14      0.00 6.390e-01 3.210e-01 7.193e-03 1.940e-03 1.760e-02 -1.000 4.000e-02 6.914 5.023 4.314 4.104 3.928 3.896 3.855 3.808 3.296 3.360 3.484 4.003 3.902 3.829 3.486
0.04 0.47971 7.00000 0.6463296413 2.3499524593    0.646 -0.825  3.5422  4.194    0  0.000  0.545     0.00     0.00 -1 -1.89e-14      0.00 6.390e-01 3.210e-01 7.193e-03 1.940e-03 1.760e-02 -1.000 4.000e-02 6.832 4.954 4.236 4.031 3.867 3.847 3.806 3.759 3.256 3.326 3.452 3.938 3.853 3.784 3.445
0.04 0.47971 7.00000 0.6499999762 2.3520355225    0.650 -0.821  3.5429  4.195    0  0.000  0.545     0.00     0.00 -1  -1.9e-14      0.00 6.390e-01 3.210e-01 7.193e-03 1.940e-03 1.760e-02 -1.000 4.000e-02 6.822 4.946 4.227 4.023 3.860 3.841 3.800 3.753 3.251 3.322 3.448 3.930 3.848 3.778 3.440
0.04 0.47971 7.00000 0.6584985852 2.3567559719    0.659 -0.811  3.5448  4.198    0  0.000  0.545     0.00     0.00 -1 -1.93e-14      0.00 6.390e-01 3.210e-01 7.193e-03 1.940e-03 1.760e-02 -1.000 4.000e-02 6.797 4.926 4.205 4.002 3.842 3.827 3.786 3.739 3.240 3.313 3.439 3.911 3.834 3.765 3.430
0.04 0.47971 7.00000 0.6869629622 2.3715927601    0.687 -0.777  3.5508  4.207    0  0.000  0.545     0.00     0.00 -1 -2.02e-14      0.00 6.390e-01 3.210e-01 7.193e-03 1.940e-03 1.760e-02 -1.000 4.000e-02 6.712 4.856 4.128 3.930 3.782 3.778 3.737 3.689 3.199 3.279 3.407 3.845 3.785 3.719 3.389
0.04 0.47971 7.00000 0.6999999881 2.3779268265    0.700 -0.763  3.5533  4.211    0  0.000  0.545     0.00     0.00 -1 -2.06e-14      0.00 6.390e-01 3.210e-01 7.193e-03 1.940e-03 1.760e-02 -1.000 4.000e-02 6.677 4.828 4.098 3.902 3.757 3.758 3.717 3.667 3.182 3.264 3.393 3.818 3.766 3.700 3.372
0.04 0.47971 7.00000 0.7071386576 2.3812816143    0.707 -0.743  3.5605  4.224    0  0.000  0.544     0.00     0.00 -1 -2.11e-14      0.00 6.390e-01 3.210e-01 7.179e-03 1.940e-03 1.760e-02 -1.000 4.000e-02 6.627 4.797 4.063 3.872 3.738 3.752 3.710 3.657 3.183 3.273 3.402 3.792 3.759 3.694 3.372
0.04 0.47971 7.00000 0.7500000000 2.3998889923    0.750 -0.616  3.6040  4.297    0  0.000  0.538     0.00     0.00 -1 -2.52e-14      0.00 6.390e-01 3.210e-01 7.098e-03 1.938e-03 1.760e-02 -1.000 4.000e-02 6.311 4.609 3.900 3.747 3.663 3.725 3.685 3.616 3.190 3.315 3.439 3.683 3.733 3.672 3.379
0.04 0.47971 7.00000 0.7628062963 2.4049842358    0.763 -0.604  3.6058  4.300    0  0.000  0.538     0.00     0.00 -1 -2.57e-14      0.00 6.390e-01 3.210e-01 7.098e-03 1.938e-03 1.760e-02 -1.000 4.000e-02 6.280 4.584 3.878 3.726 3.644 3.707 3.668 3.598 3.174 3.299 3.424 3.663 3.715 3.655 3.363
0.04 0.47971 7.00000 0.8000000119 2.4187245369    0.800 -0.566  3.6113  4.304    0  0.000  0.538     0.00     0.00 -1 -2.72e-14      0.00 6.390e-01 3.210e-01 7.098e-03 1.938e-03 1.760e-02 -1.000 4.000e-02 6.184 4.503 3.804 3.658 3.582 3.649 3.610 3.540 3.119 3.247 3.372 3.598 3.656 3.598 3.308
0.04 0.47971 7.00000 0.8059263229 2.4207797050    0.806 -0.560  3.6121  4.305    0  0.000  0.538     0.00     0.00 -1 -2.75e-14      0.00 6.390e-01 3.210e-01 7.098e-03 1.938e-03 1.760e-02 -1.000 4.000e-02 6.170 4.491 3.793 3.648 3.573 3.640 3.602 3.532 3.111 3.239 3.364 3.589 3.648 3.590 3.300
0.04 0.47971 7.00000 0.8500000238 2.4350347519    0.850 -0.513  3.6186  4.306    0  0.000  0.538     0.00     0.00 -1 -2.98e-14      0.00 6.390e-01 3.210e-01 7.098e-03 1.938e-03 1.760e-02 -1.000 4.000e-02 6.051 4.392 3.702 3.564 3.498 3.568 3.531 3.462 3.044 3.174 3.299 3.511 3.575 3.521 3.233
0.04 0.47971 7.00000 0.8701056838 2.4409887791    0.870 -0.493  3.6214  4.307    0  0.000  0.538     0.00     0.00 -1 -3.08e-14      0.00 6.390e-01 3.210e-01 7.098e-03 1.938e-03 1.760e-02 -1.000 4.000e-02 6.001 4.351 3.665 3.530 3.467 3.537 3.501 3.432 3.015 3.147 3.272 3.478 3.545 3.491 3.204
0.04 0.47971 7.00000 0.8999999762 2.4492788315    0.899 -0.461  3.6257  4.307    0  0.000  0.538     0.00     0.00 -1 -3.25e-14      0.00 6.390e-01 3.210e-01 7.098e-03 1.938e-03 1.760e-02 -1.000 4.000e-02 5.922 4.284 3.606 3.475 3.416 3.488 3.452 3.383 2.968 3.101 3.226 3.426 3.495 3.443 3.157
0.04 0.47971 7.00000 0.9222702384 2.4550542831    0.922 -0.440  3.6286  4.309    0  0.000  0.538     0.00     0.00 -1 -3.37e-14      0.00 6.390e-01 3.210e-01 7.098e-03 1.938e-03 1.760e-02 -1.000 4.000e-02 5.870 4.241 3.568 3.440 3.384 3.456 3.422 3.353 2.938 3.072 3.198 3.393 3.463 3.413 3.127
0.04 0.47971 7.00000 0.9499999881 2.4618122578    0.950 -0.410  3.6326  4.308    0  0.000  0.538     0.00     0.00 -1 -3.56e-14      0.00 6.390e-01 3.210e-01 7.098e-03 1.938e-03 1.760e-02 -1.000 4.000e-02 5.795 4.178 3.514 3.389 3.336 3.408 3.374 3.306 2.892 3.027 3.154 3.344 3.415 3.366 3.081
0.04 0.47971 7.00000 1.0000000000 2.4729156494    1.000 -0.358  3.6396  4.307    0  0.000  0.538     0.00     0.00 -1 -3.92e-14      0.00 6.390e-01 3.210e-01 7.098e-03 1.938e-03 1.760e-02 -1.000 4.000e-02 5.666 4.070 3.426 3.306 3.255 3.327 3.295 3.228 2.815 2.952 3.079 3.262 3.333 3.288 3.004
0.04 0.47971 7.00000 1.0499999523 2.4828116894    1.050 -0.301  3.6471  4.301    0  0.000  0.538     0.00     0.00 -1 -4.08e-14      0.00 6.390e-01 3.210e-01 7.098e-03 1.938e-03 1.760e-02 -1.000 4.000e-02 5.523 3.951 3.329 3.214 3.166 3.235 3.205 3.141 2.728 2.865 2.993 3.171 3.241 3.201 2.917
0.04 0.47971 7.00000 1.1000000238 2.4916803837    1.099 -0.252  3.6541  4.300    0  0.000  0.538     0.00     0.00 -1 -4.11e-14      0.00 6.390e-01 3.210e-01 7.098e-03 1.938e-03 1.760e-02 -1.000 4.000e-02 5.401 3.849 3.251 3.141 3.093 3.160 3.132 3.070 2.657 2.795 2.925 3.098 3.167 3.130 2.846
0.04 0.47971 7.00000 1.1128642559 2.4938142300    1.112 -0.239  3.6560  4.300    0  0.000  0.538     0.00     0.00 -1 -4.12e-14      0.00 6.390e-01 3.210e-01 7.098e-03 1.938e-03 1.760e-02 -1.000 4.000e-02 5.368 3.822 3.230 3.121 3.074 3.140 3.113 3.051 2.639 2.777 2.906 3.079 3.147 3.112 2.828
0.04 0.47971 7.00000 1.1499999762 2.4996678829    1.149 -0.197  3.6620  4.295    0  0.000  0.538     0.00     0.00 -1 -4.21e-14      0.00 6.390e-01 3.210e-01 7.098e-03 1.938e-03 1.760e-02 -1.000 4.000e-02 5.262 3.734 3.161 3.056 3.010 3.074 3.048 2.989 2.576 2.715 2.844 3.014 3.080 3.049 2.765
0.04 0.47971 7.00000 1.1966859102 2.5064375401    1.196 -0.149  3.6692  4.293    0  0.000  0.538     0.00     0.00 -1 -4.21e-14      0.00 6.390e-01 3.210e-01 7.098e-03 1.938e-03 1.760e-02 -1.000 4.000e-02 5.141 3.634 3.086 2.984 2.940 3.001 2.977 2.920 2.508 2.647 2.778 2.944 3.007 2.980 2.697
0.04 0.47971 7.00000 1.2000000477 2.5068950653    1.200 -0.145  3.6697  4.293    0  0.000  0.538     0.00     0.00 -1 -4.21e-14      0.00 6.390e-01 3.210e-01 7.098e-03 1.938e-03 1.760e-02 -1.000 4.000e-02 5.132 3.627 3.080 2.979 2.935 2.996 2.972 2.915 2.502 2.642 2.772 2.938 3.001 2.975 2.691
0.04 0.47971 7.00000 1.2128485441 2.5086417198    1.212 -0.131  3.6718  4.292    0  0.000  0.538     0.00     0.00 -1  -4.2e-14      0.00 6.390e-01 3.210e-01 7.098e-03 1.938e-03 1.760e-02 -1.000 4.000e-02 5.098 3.599 3.058 2.958 2.915 2.975 2.951 2.895 2.483 2.622 2.753 2.918 2.980 2.956 2.672
0.04 0.47971 7.00000 1.2500000000 2.5134611130    1.250 -0.081  3.6787  4.283    0  0.000  0.538     0.00     0.00 -1 -4.34e-14      0.00 6.390e-01 3.210e-01 7.098e-03 1.938e-03 1.760e-02 -1.000 4.000e-02 4.974 3.496 2.978 2.882 2.839 2.897 2.875 2.821 2.409 2.548 2.680 2.843 2.902 2.881 2.597
0.04 0.47971 7.00000 1.2999999523 2.5194499493    1.300 -0.019  3.6876  4.273    0  0.000  0.538     0.00     0.00 -1 -4.41e-14      0.00 6.390e-01 3.210e-01 7.098e-03 1.938e-03 1.760e-02 -1.000 4.000e-02 4.817 3.367 2.876 2.785 2.745 2.798 2.778 2.728 2.316 2.457 2.589 2.747 2.804 2.788 2.505
0.04 0.47971 7.00000 1.3500000238 2.5249314308    1.350  0.048  3.6968  4.259    0  0.000  0.538     0.00     0.00 -1 -4.48e-14      0.00 6.390e-01 3.210e-01 7.098e-03 1.938e-03 1.760e-02 -1.000 4.000e-02 4.649 3.229 2.766 2.680 2.642 2.692 2.674 2.626 2.215 2.356 2.489 2.644 2.697 2.687 2.404
0.04 0.47971 7.00000 1.3616038561 2.5261375904    1.362  0.064  3.6990  4.256    0  0.000  0.538     0.00     0.00 -1 -4.48e-14      0.00 6.390e-01 3.210e-01 7.098e-03 1.938e-03 1.760e-02 -1.000 4.000e-02 4.610 3.196 2.740 2.655 2.617 2.667 2.649 2.602 2.190 2.332 2.464 2.620 2.671 2.662 2.379
0.04 0.47971 7.00000 1.3999999762 2.5299651623    1.400  0.123  3.7068  4.240    0  0.000  0.538     0.00     0.00 -1 -4.58e-14      0.00 6.390e-01 3.210e-01 7.098e-03 1.938e-03 1.760e-02 -1.000 4.000e-02 4.461 3.075 2.641 2.560 2.524 2.571 2.554 2.510 2.098 2.241 2.373 2.526 2.575 2.570 2.287
0.04 0.47971 7.00000 1.4290274382 2.5327022076    1.429  0.170  3.7128  4.226    0  0.000  0.538     0.00     0.00 -1  -4.6e-14      0.00 6.390e-01 3.210e-01 7.098e-03 1.938e-03 1.760e-02 -1.000 4.000e-02 4.346 2.980 2.562 2.485 2.451 2.495 2.479 2.437 2.025 2.168 2.300 2.453 2.499 2.497 2.214
0.04 0.47971 7.00000 1.4500000477 2.5346016884    1.450  0.206  3.7173  4.215    0  0.000  0.538     0.00     0.00 -1 -4.65e-14      0.00 6.390e-01 3.210e-01 7.098e-03 1.938e-03 1.760e-02 -1.000 4.000e-02 4.256 2.907 2.501 2.426 2.393 2.436 2.421 2.380 1.968 2.111 2.244 2.395 2.440 2.440 2.157
0.04 0.47971 7.00000 1.4574595690 2.5352621078    1.458  0.218  3.7189  4.211    0  0.000  0.538     0.00     0.00 -1 -4.64e-14      0.00 6.390e-01 3.210e-01 7.098e-03 1.938e-03 1.760e-02 -1.000 4.000e-02 4.224 2.881 2.479 2.405 2.373 2.415 2.400 2.359 1.948 2.090 2.223 2.374 2.419 2.419 2.137
0.04 0.47971 7.00000 1.5000000000 2.5388846397    1.500  0.299  3.7284  4.181    0  0.000  0.538     0.00     0.00 -1 -4.71e-14      0.00 6.390e-01 3.210e-01 7.098e-03 1.938e-03 1.760e-02 -1.000 4.000e-02 4.022 2.714 2.338 2.268 2.238 2.278 2.264 2.226 1.815 1.958 2.091 2.239 2.281 2.286 2.004
0.04 0.47971 7.00000 1.5104873180 2.5397415161    1.511  0.320  3.7308  4.172    0  0.000  0.538     0.00     0.00 -1 -4.68e-14      0.00 6.390e-01 3.210e-01 7.098e-03 1.938e-03 1.760e-02 -1.000 4.000e-02 3.970 2.671 2.301 2.232 2.203 2.242 2.229 2.191 1.780 1.923 2.057 2.204 2.246 2.251 1.969
0.04 0.47971 7.00000 1.5416303873 2.5422079563    1.542  0.389  3.7384  4.142    0  0.000  0.538     0.00     0.00 -1  -4.7e-14      0.00 6.390e-01 3.210e-01 7.098e-03 1.938e-03 1.760e-02 -1.000 4.000e-02 3.796 2.527 2.176 2.111 2.085 2.121 2.108 2.073 1.662 1.805 1.939 2.086 2.124 2.134 1.851
0.04 0.47971 7.00000 1.5500000715 2.5428512096    1.550  0.410  3.7406  4.133    0  0.000  0.538     0.00     0.00 -1 -4.74e-14      0.00 6.390e-01 3.210e-01 7.098e-03 1.938e-03 1.760e-02 -1.000 4.000e-02 3.746 2.484 2.139 2.075 2.050 2.085 2.073 2.038 1.627 1.771 1.904 2.051 2.089 2.097 1.816
0.04 0.47971 7.00000 1.5641177893 2.5439186096    1.564  0.445  3.7442  4.116    0  0.000  0.538     0.00     0.00 -1 -4.64e-14      0.00 6.390e-01 3.210e-01 7.098e-03 1.938e-03 1.760e-02 -1.000 4.000e-02 3.658 2.413 2.076 2.015 1.991 2.025 2.013 1.979 1.564 1.718 1.848 1.991 2.028 2.015 1.753
0.04 0.47971 7.00000 1.5907572508 2.5458734035    1.590  0.517  3.7516  4.081    0  0.000  0.538     0.00     0.00 -1 -4.56e-14      0.00 6.390e-01 3.210e-01 7.098e-03 1.938e-03 1.760e-02 -1.000 4.000e-02 3.477 2.263 1.945 1.888 1.867 1.899 1.887 1.856 1.433 1.606 1.729 1.867 1.902 1.845 1.621
0.04 0.47971 7.00000 1.6000000238 2.5465342999    1.600  0.544  3.7543  4.067    0  0.000  0.538     0.00     0.00 -1 -4.57e-14      0.00 6.390e-01 3.210e-01 7.098e-03 1.938e-03 1.760e-02 -1.000 4.000e-02 3.410 2.208 1.896 1.841 1.820 1.852 1.840 1.810 1.384 1.564 1.684 1.821 1.854 1.781 1.572
0.04 0.47971 7.00000 1.6085467339 2.5471374989    1.608  0.570  3.7569  4.054    0  0.000  0.538     0.00     0.00 -1 -4.35e-14      0.00 6.390e-01 3.210e-01 7.098e-03 1.938e-03 1.760e-02 -1.000 4.000e-02 3.346 2.156 1.850 1.796 1.776 1.807 1.795 1.767 1.338 1.524 1.642 1.777 1.809 1.721 1.525
0.04 0.47971 7.00000 1.6264717579 2.5483789444    1.626  0.626  3.7626  4.026    0  0.000  0.538     0.00     0.00 -1 -3.96e-14      0.00 6.390e-01 3.210e-01 7.098e-03 1.938e-03 1.760e-02 -1.000 4.000e-02 3.206 2.041 1.750 1.698 1.681 1.709 1.698 1.672 1.237 1.438 1.550 1.681 1.711 1.589 1.423
0.04 0.47971 7.00000 1.6441050768 2.5495700836    1.643  0.682  3.7685  3.998    0  0.000  0.538     0.00     0.00 -1 -3.63e-14      0.00 6.390e-01 3.210e-01 7.098e-03 1.938e-03 1.760e-02 -1.000 4.000e-02 3.065 1.929 1.651 1.602 1.587 1.613 1.602 1.579 1.138 1.355 1.460 1.587 1.615 1.458 1.324
0.04 0.47971 7.00000 1.6499999762 2.5499615669    1.649  0.701  3.7706  3.989    0  0.000  0.538     0.00     0.00 -1 -3.53e-14      0.00 6.390e-01 3.210e-01 7.098e-03 1.938e-03 1.760e-02 -1.000 4.000e-02 3.018 1.891 1.618 1.571 1.556 1.581 1.571 1.549 1.105 1.328 1.431 1.556 1.583 1.415 1.291
0.04 0.47971 7.00000 1.6702823639 2.5512847900    1.670  0.765  3.7782  3.960    0  0.000  0.538     0.00     0.00 -1 -6.32e-21      0.00 6.390e-01 3.210e-01 7.098e-03 1.938e-03 1.760e-02 -1.000 4.000e-02 2.857 1.767 1.512 1.468 1.456 1.478 1.468 1.450 0.998 1.241 1.336 1.456 1.479 1.266 1.183
0.04 0.47971 7.00000 1.6929701567 2.5527219772    1.692  0.836  3.7877  3.933    0  0.000  0.538     0.00     0.00 -1 -2.04e-28      0.00 6.390e-01 3.210e-01 7.097e-03 1.938e-03 1.760e-02 -1.000 4.000e-02 2.679 1.637 1.403 1.363 1.353 1.370 1.363 1.348 0.886 1.154 1.240 1.353 1.372 1.104 1.071
0.04 0.47971 7.00000 1.7000000477 2.5531582832    1.699  0.858  3.7908  3.925    0  0.000  0.538     0.00     0.00 -1    -1e-30      0.00 6.390e-01 3.210e-01 7.097e-03 1.938e-03 1.760e-02 -1.000 4.000e-02 2.624 1.598 1.372 1.333 1.324 1.339 1.332 1.319 0.853 1.130 1.212 1.324 1.341 1.054 1.038
0.04 0.47971 7.00000 1.7033715248 2.5533659458    1.703  0.869  3.7923  3.922    0  0.000  0.538     0.00     0.00 -1    -1e-30      0.00 6.390e-01 3.210e-01 7.097e-03 1.938e-03 1.760e-02 -1.000 4.000e-02 2.598 1.580 1.357 1.319 1.310 1.325 1.317 1.305 0.838 1.118 1.199 1.310 1.326 1.031 1.022
0.04 0.47971 7.00000 1.7214257717 2.5544629097    1.720  0.923  3.8013  3.908    0  0.000  0.538     0.00     0.00 -1    -1e-30      0.00 6.390e-01 3.210e-01 7.097e-03 1.938e-03 1.760e-02 -1.000 4.000e-02 2.463 1.492 1.289 1.254 1.247 1.258 1.252 1.243 0.766 1.070 1.142 1.247 1.259 0.911 0.950
0.04 0.47971 7.00000 1.7362242937 2.5553421974    1.735  0.964  3.8095  3.904    0  0.000  0.538     0.00     0.00 -1    -1e-30      0.00 6.390e-01 3.210e-01 7.097e-03 1.938e-03 1.760e-02 -1.000 4.000e-02 2.361 1.434 1.249 1.217 1.211 1.219 1.215 1.208 0.723 1.048 1.111 1.211 1.220 0.823 0.905
0.04 0.47971 7.00000 1.7500000000 2.5561456680    1.749  0.997  3.8177  3.907    0  0.000  0.538     0.00     0.00 -1    -1e-30      0.00 6.390e-01 3.210e-01 7.097e-03 1.938e-03 1.760e-02 -1.000 4.000e-02 2.278 1.394 1.225 1.195 1.191 1.196 1.193 1.189 0.699 1.035 1.094 1.191 1.196 0.781 0.882
0.04 0.47971 7.00000 1.7652673721 2.5570192337    1.764  1.029  3.8274  3.917    0  0.000  0.538     0.00     0.00 -1    -1e-30      0.00 6.390e-01 3.210e-01 7.097e-03 1.938e-03 1.760e-02 -1.000 4.000e-02 2.197 1.363 1.213 1.185 1.182 1.184 1.182 1.180 0.692 1.028 1.088 1.182 1.184 0.773 0.874
0.04 0.47971 7.00000 1.7795723677 2.5578219891    1.778  1.035  3.8344  3.942    0  0.000  0.538     0.00     0.00 -1    -1e-30      0.00 6.390e-01 3.210e-01 7.097e-03 1.938e-03 1.760e-02 -1.000 4.000e-02 2.182 1.385 1.248 1.221 1.219 1.219 1.218 1.217 0.729 1.066 1.126 1.218 1.219 0.810 0.912
0.04 0.47971 7.00000 1.7999999523 2.5589430332    1.799  1.023  3.8415  3.988    0  0.000  0.538     0.00     0.00 -1    -1e-30      0.00 6.390e-01 3.210e-01 7.097e-03 1.938e-03 1.760e-02 -1.000 4.000e-02 2.212 1.454 1.329 1.304 1.302 1.302 1.301 1.301 0.814 1.151 1.212 1.302 1.302 0.894 0.996
0.04 0.47971 7.00000 1.8129944801 2.5596411228    1.812  0.999  3.8431  4.021    0  0.000  0.538     0.00     0.00 -1    -1e-30      0.00 6.390e-01 3.210e-01 7.097e-03 1.938e-03 1.760e-02 -1.000 4.000e-02 2.272 1.522 1.400 1.375 1.374 1.373 1.373 1.373 0.886 1.223 1.284 1.373 1.373 0.966 1.068
0.04 0.47971 7.00000 1.8244024515 2.5602445602    1.823  0.970  3.8423  4.049    0  0.000  0.538     0.00     0.00 -1    -1e-30      0.00 6.390e-01 3.210e-01 7.097e-03 1.938e-03 1.760e-02 -1.000 4.000e-02 2.344 1.590 1.466 1.441 1.440 1.439 1.439 1.439 0.952 1.289 1.349 1.439 1.439 1.032 1.134
0.04 0.47971 7.00000 1.8349941969 2.5607969761    1.834  0.942  3.8405  4.073    0  0.000  0.538     0.00     0.00 -1    -1e-30      0.00 6.390e-01 3.210e-01 7.097e-03 1.938e-03 1.760e-02 -1.000 4.000e-02 2.414 1.651 1.523 1.498 1.497 1.497 1.496 1.496 1.009 1.346 1.406 1.496 1.497 1.089 1.191
0.04 0.47971 7.00000 1.8458224535 2.5613541603    1.845  0.916  3.8384  4.094    0  0.000  0.538     0.00     0.00 -1    -1e-30      0.00 6.390e-01 3.210e-01 7.097e-03 1.938e-03 1.760e-02 -1.000 4.000e-02 2.481 1.706 1.574 1.549 1.548 1.548 1.547 1.547 1.060 1.396 1.457 1.547 1.548 1.140 1.242
0.04 0.47971 7.00000 1.8500000238 2.5615673065    1.849  0.908  3.8377  4.100    0  0.000  0.538     0.00     0.00 -1    -1e-30      0.00 6.390e-01 3.210e-01 7.097e-03 1.938e-03 1.760e-02 -1.000 4.000e-02 2.500 1.722 1.588 1.563 1.562 1.562 1.562 1.562 1.074 1.411 1.471 1.562 1.563 1.154 1.256
0.04 0.47971 7.00000 1.8590428829 2.5620245934    1.858  0.892  3.8363  4.113    0  0.000  0.538     0.00     0.00 -1    -1e-30      0.00 6.390e-01 3.210e-01 7.097e-03 1.938e-03 1.760e-02 -1.000 4.000e-02 2.541 1.755 1.619 1.593 1.592 1.593 1.592 1.591 1.104 1.440 1.501 1.592 1.593 1.184 1.286
0.04 0.47971 7.00000 1.8874922991 2.5634305477    1.886  0.883  3.8350  4.123    0  0.000  0.538     0.00     0.00 -1    -1e-30      0.00 6.390e-01 3.210e-01 7.097e-03 1.938e-03 1.760e-02 -1.000 4.000e-02 2.563 1.769 1.630 1.605 1.604 1.604 1.604 1.603 1.115 1.452 1.512 1.603 1.605 1.196 1.297
0.04 0.47971 7.00000 1.8975139856 2.5639140606    1.896  0.888  3.8352  4.121    0  0.000  0.538     0.00     0.00 -1    -1e-30      0.00 6.390e-01 3.210e-01 7.097e-03 1.938e-03 1.760e-02 -1.000 4.000e-02 2.550 1.758 1.619 1.594 1.592 1.593 1.592 1.592 1.104 1.440 1.501 1.592 1.594 1.184 1.286
0.04 0.47971 7.00000 1.8999999762 2.5640332699    1.899  0.891  3.8355  4.119    0  0.000  0.538     0.00     0.00 -1    -1e-30      0.00 6.390e-01 3.210e-01 7.097e-03 1.938e-03 1.760e-02 -1.000 4.000e-02 2.541 1.751 1.613 1.588 1.587 1.587 1.587 1.586 1.098 1.435 1.495 1.586 1.588 1.179 1.280
0.04 0.47971 7.00000 1.9311896563 2.5654973984    1.930  0.933  3.8407  4.105    0  0.000  0.538     0.00     0.00 -1    -1e-30      0.00 6.390e-01 3.210e-01 7.097e-03 1.938e-03 1.760e-02 -1.000 3.999e-02 2.436 1.673 1.546 1.521 1.520 1.520 1.519 1.519 1.032 1.369 1.430 1.519 1.520 1.112 1.214
0.04 0.47971 7.00000 1.9511904716 2.5664079189    1.951  0.959  3.8442  4.098    0  0.000  0.538     0.00     0.00 -1    -1e-30      0.00 6.390e-01 3.210e-01 7.097e-03 1.938e-03 1.760e-02 -1.000 3.998e-02 2.373 1.629 1.508 1.484 1.483 1.482 1.482 1.483 0.995 1.333 1.393 1.483 1.483 1.075 1.178
0.04 0.47971 7.00000 1.9780008793 2.5675954819    1.978  0.994  3.8496  4.090    0  0.000  0.538     0.00     0.00 -1    -1e-30      0.00 6.390e-01 3.210e-01 7.097e-03 1.938e-03 1.760e-02 -1.000 3.999e-02 2.284 1.569 1.458 1.434 1.434 1.433 1.433 1.434 0.947 1.284 1.345 1.433 1.433 1.026 1.129
0.04 0.47971 7.00000 2.0023808479 2.5686435699    2.003  1.025  3.8555  4.089    0  0.000  0.538     0.00     0.00 -1    -1e-30      0.00 6.390e-01 3.210e-01 7.097e-03 1.938e-03 1.760e-02 -1.000 4.000e-02 2.208 1.526 1.426 1.403 1.402 1.401 1.401 1.402 0.916 1.254 1.315 1.402 1.401 0.995 1.098
0.04 0.47971 7.00000 2.0535714626 2.5707516670    2.053  1.090  3.8680  4.085    0  0.000  0.538     0.00     0.00 -1    -1e-30      0.00 6.390e-01 3.210e-01 7.097e-03 1.938e-03 1.760e-02 -1.000 3.998e-02 2.045 1.434 1.355 1.334 1.334 1.332 1.333 1.334 0.849 1.188 1.249 1.333 1.332 0.927 1.031
0.04 0.47971 7.00000 2.1047618389 2.5727419853    2.104  1.151  3.8826  4.092    0  0.000  0.538     0.00     0.00 -1    -1e-30      0.00 6.391e-01 3.210e-01 7.096e-03 1.938e-03 1.760e-02 -1.000 3.992e-02 1.893 1.366 1.311 1.291 1.292 1.290 1.291 1.293 0.808 1.148 1.210 1.291 1.290 0.886 0.990
0.04 0.47971 7.00000 2.1167562008 2.5731925964    2.116  1.165  3.8861  4.095    0  0.000  0.538     0.00     0.00 -1    -1e-30      0.00 6.391e-01 3.210e-01 7.096e-03 1.938e-03 1.760e-02 -1.000 3.992e-02 1.857 1.351 1.302 1.282 1.283 1.281 1.282 1.284 0.799 1.140 1.202 1.282 1.281 0.877 0.981
0.04 0.47971 7.00000 2.1559524536 2.5746243000    2.155  1.222  3.9014  4.107    0  0.000  0.538     0.00     0.00 -1    -1e-30      0.00 6.391e-01 3.210e-01 7.096e-03 1.938e-03 1.760e-02 -1.000 3.997e-02 1.715 1.302 1.275 1.256 1.258 1.256 1.257 1.259 0.776 1.117 1.180 1.257 1.256 0.852 0.958
0.04 0.47971 7.00000 2.1709477901 2.5751562119    2.170  1.246  3.9082  4.113    0  0.000  0.538     0.00     0.00 -1    -1e-30      0.00 6.391e-01 3.209e-01 7.096e-03 1.938e-03 1.760e-02 -1.000 3.998e-02 1.655 1.285 1.266 1.248 1.250 1.249 1.249 1.252 0.768 1.111 1.174 1.249 1.249 0.844 0.950
0.04 0.47971 7.00000 2.1925411224 2.5759077072    2.191  1.286  3.9198  4.124    0  0.000  0.538     0.00     0.00 -1    -1e-30      0.00 6.391e-01 3.209e-01 7.096e-03 1.938e-03 1.760e-02 -1.000 3.997e-02 1.555 1.259 1.253 1.237 1.240 1.239 1.240 1.242 0.759 1.102 1.166 1.239 1.239 0.835 0.941
0.04 0.47971 7.00000 2.2062501907 2.5763761997    2.205  1.315  3.9291  4.134    0  0.000  0.538     0.00     0.00 -1    -1e-30      0.00 6.391e-01 3.209e-01 7.096e-03 1.938e-03 1.760e-02 -1.000 3.998e-02 1.482 1.245 1.249 1.234 1.238 1.237 1.238 1.241 0.758 1.102 1.166 1.237 1.237 0.833 0.940
0.04 0.47971 7.00000 2.2071428299 2.5764062405    2.206  1.317  3.9297  4.135    0  0.000  0.538     0.00     0.00 -1    -1e-30      0.00 6.391e-01 3.209e-01 7.096e-03 1.938e-03 1.760e-02 -1.000 3.998e-02 1.477 1.245 1.249 1.234 1.237 1.237 1.238 1.241 0.758 1.102 1.166 1.236 1.237 0.833 0.940
0.04 0.47971 7.00000 2.2284290791 2.5771198273    2.227  1.364  3.9441  4.150    0  0.000  0.538     0.00     0.00 -1    -1e-30      0.00 6.391e-01 3.209e-01 7.096e-03 1.938e-03 1.760e-02 -1.000 3.998e-02 1.361 1.222 1.239 1.226 1.231 1.231 1.233 1.236 0.754 1.099 1.163 1.230 1.231 0.828 0.936
0.04 0.47971 7.00000 2.2495286465 2.5778114796    2.248  1.402  3.9585  4.174    0  0.000  0.538     0.00     0.00 -1    -1e-30      0.00 6.391e-01 3.209e-01 7.096e-03 1.938e-03 1.760e-02 -1.000 4.000e-02 1.266 1.222 1.249 1.239 1.245 1.246 1.248 1.251 0.770 1.116 1.181 1.244 1.246 0.844 0.952
0.04 0.47971 7.00000 2.2583334446 2.5780959129    2.257  1.408  3.9620  4.184    0  0.000  0.538     0.00     0.00 -1    -1e-30      0.00 6.391e-01 3.209e-01 7.096e-03 1.938e-03 1.760e-02 -1.000 4.000e-02 1.251 1.231 1.260 1.251 1.258 1.258 1.260 1.264 0.783 1.128 1.194 1.256 1.258 0.856 0.965
0.04 0.47971 7.00000 2.2949438095 2.5792512894    2.293  1.417  3.9699  4.213    0  0.000  0.538     0.00     0.00 -1    -1e-30      0.00 6.391e-01 3.209e-01 7.096e-03 1.938e-03 1.760e-02 -1.000 4.000e-02 1.227 1.260 1.293 1.286 1.293 1.294 1.296 1.300 0.820 1.165 1.231 1.292 1.294 0.893 1.002
0.04 0.47971 7.00000 2.3095238209 2.5796995163    2.308  1.423  3.9715  4.216    0  0.000  0.538     0.00     0.00 -1    -1e-30      0.00 6.391e-01 3.209e-01 7.096e-03 1.938e-03 1.760e-02 -1.000 4.000e-02 1.212 1.256 1.290 1.283 1.291 1.292 1.294 1.298 0.817 1.163 1.229 1.290 1.292 0.890 0.999
0.04 0.47971 7.00000 2.3289759159 2.5802876949    2.327  1.430  3.9738  4.222    0  0.000  0.538     0.00     0.00 -1    -1e-30      0.00 6.391e-01 3.209e-01 7.096e-03 1.938e-03 1.760e-02 -1.000 4.000e-02 1.196 1.255 1.291 1.284 1.292 1.293 1.296 1.299 0.819 1.165 1.231 1.291 1.294 0.892 1.001
0.04 0.47971 7.00000 2.3607141972 2.5812234879    2.359  1.442  3.9775  4.231    0  0.000  0.538     0.00     0.00 -1    -1e-30      0.00 6.391e-01 3.209e-01 7.096e-03 1.937e-03 1.760e-02 -1.000 4.000e-02 1.165 1.250 1.287 1.281 1.290 1.291 1.293 1.297 0.817 1.163 1.229 1.289 1.291 0.890 0.999
0.04 0.47971 7.00000 2.4119048119 2.5826733112    2.411  1.468  3.9835  4.238    0  0.000  0.538     0.00     0.00 -1    -1e-30      0.00 6.391e-01 3.209e-01 7.096e-03 1.937e-03 1.760e-02 -1.000 4.000e-02 1.101 1.227 1.266 1.262 1.272 1.273 1.276 1.280 0.800 1.146 1.212 1.270 1.273 0.872 0.982
0.04 0.47971 7.00000 2.4155054092 2.5827727318    2.414  1.469  3.9839  4.239    0  0.000  0.538     0.00     0.00 -1    -1e-30      0.00 6.391e-01 3.209e-01 7.096e-03 1.937e-03 1.760e-02 -1.000 4.000e-02 1.096 1.225 1.265 1.261 1.271 1.272 1.275 1.279 0.798 1.145 1.211 1.269 1.272 0.871 0.980
0.04 0.47971 7.00000 2.4630951881 2.5840539932    2.461  1.502  3.9902  4.239    0  0.000  0.538     0.00     0.00 -1    -1e-30      0.00 6.391e-01 3.209e-01 7.097e-03 1.937e-03 1.760e-02 -1.000 4.000e-02 1.014 1.187 1.229 1.227 1.238 1.239 1.242 1.246 0.766 1.114 1.180 1.236 1.240 0.839 0.948
0.04 0.47971 7.00000 2.5142858028 2.5853703022    2.512  1.538  3.9969  4.240    0  0.000  0.538     0.00     0.00 -1    -1e-30      0.00 6.390e-01 3.210e-01 7.097e-03 1.938e-03 1.760e-02 -1.000 4.000e-02 0.926 1.145 1.191 1.190 1.202 1.204 1.207 1.212 0.733 1.080 1.147 1.201 1.205 0.805 0.915
0.04 0.47971 7.00000 2.7190475464 2.5900702477    2.717  1.675  4.0224  4.239    0  0.000  0.538     0.00     0.00 -1    -1e-30      0.00 6.390e-01 3.210e-01 7.098e-03 1.938e-03 1.760e-02 -1.000 4.000e-02 0.582 0.981 1.036 1.042 1.060 1.064 1.069 1.075 0.598 0.948 1.015 1.058 1.065 0.669 0.780
0.04 0.47971 7.00000 2.9238095284 2.5940215588    2.922  1.804  4.0456  4.235    0  0.000  0.538     0.00     0.00 -1    -1e-30      0.00 6.390e-01 3.210e-01 7.098e-03 1.938e-03 1.760e-02 -1.000 4.000e-02 0.261 0.817 0.879 0.892 0.915 0.921 0.927 0.934 0.461 0.813 0.881 0.913 0.922 0.530 0.643
0.04 0.47971 7.00000 3.1285715103 2.5973839760    3.127  1.922  4.0668  4.230    0  0.000  0.538     0.00     0.00 -1    -1e-30      0.00 6.390e-01 3.210e-01 7.098e-03 1.938e-03 1.760e-02 -1.000 4.000e-02 -0.036 0.664 0.731 0.750 0.779 0.786 0.793 0.802 0.332 0.687 0.755 0.775 0.787 0.398 0.514
0.04 0.47971 7.00000 3.3333334923 2.6002757549    3.331  2.033  4.0863  4.225    1  0.000  0.538     0.00     0.00 -1    -1e-30      0.00 6.390e-01 3.210e-01 7.098e-03 1.938e-03 1.760e-02 -1.000 4.000e-02 -0.312 0.520 0.593 0.616 0.649 0.658 0.666 0.676 0.210 0.567 0.637 0.646 0.659 0.274 0.392
0.04 0.47971 7.00000 3.5380954742 2.6027860641    3.535  2.136  4.1044  4.220    1  0.000  0.538     0.00     0.00 -1    -1e-30      0.00 6.390e-01 3.210e-01 7.098e-03 1.938e-03 1.760e-02 -1.000 4.000e-02 -0.570 0.385 0.462 0.489 0.525 0.535 0.545 0.556 0.093 0.451 0.522 0.521 0.536 0.154 0.274
0.04 0.47971 7.00000 3.7428572178 2.6049830914    3.740  2.233  4.1212  4.215    1  0.000  0.538     0.00     0.00 -1    -1e-30      0.00 6.390e-01 3.210e-01 7.098e-03 1.938e-03 1.760e-02 -1.000 4.000e-02 -0.812 0.258 0.339 0.369 0.409 0.420 0.430 0.442 -0.019 0.342 0.413 0.405 0.421 0.041 0.163
0.04 0.47971 7.00000 3.9476191998 2.6069202423    3.946  2.324  4.1368  4.209    1  0.000  0.538     0.00     0.00 -1    -1e-30      0.00 6.390e-01 3.210e-01 7.098e-03 1.938e-03 1.760e-02 -1.000 4.000e-02 -1.041 0.137 0.222 0.255 0.297 0.309 0.320 0.333 -0.126 0.236 0.308 0.293 0.310 -0.067 0.056
0.04 0.47971 7.00000 3.9719102383 2.6071348190    3.971  2.335  4.1386  4.208    1  0.000  0.538     0.00     0.00 -1    -1e-30      0.00 6.390e-01 3.210e-01 7.098e-03 1.938e-03 1.760e-02 -1.000 4.000e-02 -1.067 0.123 0.208 0.241 0.284 0.296 0.307 0.321 -0.138 0.224 0.296 0.280 0.298 -0.080 0.044
0.04 0.47971 7.00000 4.1523809433 2.6086392403    4.150  2.411  4.1515  4.203    1  0.000  0.538     0.00     0.00 -1    -1e-30      0.00 6.390e-01 3.210e-01 7.098e-03 1.938e-03 1.760e-02 -1.000 4.000e-02 -1.258 0.022 0.110 0.145 0.190 0.203 0.215 0.229 -0.228 0.135 0.208 0.185 0.205 -0.171 -0.046
0.04 0.47971 7.00000 4.3571429253 2.6101737022    4.354  2.494  4.1653  4.196    1  0.000  0.538     0.00     0.00 -1    -1e-30      0.00 6.390e-01 3.210e-01 7.098e-03 1.938e-03 1.760e-02 -1.000 4.000e-02 -1.464 -0.088 0.003 0.041 0.088 0.102 0.115 0.130 -0.325 0.038 0.112 0.083 0.104 -0.269 -0.144
0.04 0.47971 7.00000 4.4495911598 2.6108136177    4.446  2.529  4.1712  4.194    1  0.000  0.538     0.00     0.00 -1    -1e-30      0.00 6.390e-01 3.210e-01 7.098e-03 1.938e-03 1.760e-02 -1.000 4.000e-02 -1.553 -0.135 -0.044 -0.004 0.044 0.058 0.071 0.087 -0.368 -0.004 0.070 0.039 0.059 -0.312 -0.186
0.04 0.47971 7.00000 4.5619049072 2.6115510464    4.559  2.572  4.1783  4.190    1  0.000  0.538     0.00     0.00 -1    -1e-30      0.00 6.390e-01 3.210e-01 7.098e-03 1.938e-03 1.760e-02 -1.000 4.000e-02 -1.660 -0.192 -0.099 -0.058 -0.009 0.005 0.019 0.035 -0.419 -0.055 0.019 -0.014 0.007 -0.364 -0.237
0.04 0.47971 7.00000 4.7666664124 2.6127929688    4.764  2.647  4.1906  4.184    1  0.000  0.538     0.00     0.00 -1    -1e-30      0.00 6.390e-01 3.210e-01 7.098e-03 1.938e-03 1.760e-02 -1.000 4.000e-02 -1.847 -0.292 -0.197 -0.154 -0.102 -0.087 -0.073 -0.056 -0.508 -0.144 -0.070 -0.108 -0.085 -0.455 -0.327
0.04 0.47971 7.00000 4.8006844521 2.6129875183    4.798  2.659  4.1926  4.183    1  0.000  0.538     0.00     0.00 -1    -1e-30      0.00 6.390e-01 3.210e-01 7.098e-03 1.938e-03 1.760e-02 -1.000 4.000e-02 -1.877 -0.308 -0.212 -0.169 -0.118 -0.102 -0.088 -0.071 -0.523 -0.158 -0.085 -0.123 -0.101 -0.469 -0.341
0.04 0.47971 7.00000 4.9714288712 2.6139180660    4.970  2.718  4.2023  4.177    1  0.000  0.538     0.00     0.00 -1    -1e-30      0.00 6.390e-01 3.210e-01 7.098e-03 1.938e-03 1.760e-02 -1.000 4.000e-02 -2.026 -0.389 -0.291 -0.246 -0.193 -0.177 -0.162 -0.145 -0.595 -0.230 -0.157 -0.198 -0.175 -0.543 -0.414
0.04 0.47971 7.00000 5.0572357178 2.6143586636    5.056  2.747  4.2069  4.174    1  0.000  0.538     0.00     0.00 -1    -1e-30      0.00 6.390e-01 3.210e-01 7.098e-03 1.938e-03 1.760e-02 -1.000 4.000e-02 -2.098 -0.428 -0.329 -0.284 -0.230 -0.213 -0.198 -0.181 -0.631 -0.266 -0.193 -0.235 -0.212 -0.578 -0.449
0.04 0.47971 7.00000 5.1761903763 2.6149415970    5.176  2.787  4.2133  4.170    1  0.000  0.538     0.00     0.00 -1    -1e-30      0.00 6.390e-01 3.210e-01 7.098e-03 1.938e-03 1.760e-02 -1.000 4.000e-02 -2.197 -0.482 -0.382 -0.335 -0.280 -0.263 -0.248 -0.230 -0.679 -0.314 -0.243 -0.285 -0.261 -0.627 -0.498
0.04 0.47971 7.00000 5.2710890770 2.6153848171    5.271  2.818  4.2182  4.167    1  0.000  0.538     0.00     0.00 -1    -1e-30      0.00 6.390e-01 3.210e-01 7.098e-03 1.938e-03 1.760e-02 -1.000 4.000e-02 -2.274 -0.524 -0.423 -0.376 -0.319 -0.303 -0.287 -0.268 -0.718 -0.352 -0.282 -0.325 -0.301 -0.666 -0.536
0.04 0.47971 7.00000 5.3809523582 2.6158759594    5.381  2.853  4.2238  4.164    1  0.000  0.538     0.00     0.00 -1    -1e-30      0.00 6.390e-01 3.210e-01 7.098e-03 1.938e-03 1.760e-02 -1.000 4.000e-02 -2.362 -0.573 -0.470 -0.422 -0.365 -0.347 -0.331 -0.313 -0.761 -0.396 -0.327 -0.370 -0.345 -0.710 -0.579
0.04 0.47971 7.00000 5.5857143402 2.6167318821    5.586  2.916  4.2338  4.157    1  0.000  0.538     0.00     0.00 -1    -1e-30      0.00 6.390e-01 3.210e-01 7.098e-03 1.938e-03 1.760e-02 -1.000 4.000e-02 -2.520 -0.660 -0.556 -0.505 -0.446 -0.429 -0.412 -0.393 -0.840 -0.475 -0.408 -0.452 -0.427 -0.790 -0.658
0.04 0.47971 7.00000 5.6909031868 2.6171441078    5.692  2.947  4.2387  4.153    1  0.000  0.538     0.00     0.00 -1    -1e-30      0.00 6.390e-01 3.210e-01 7.098e-03 1.938e-03 1.760e-02 -1.000 4.000e-02 -2.598 -0.705 -0.599 -0.548 -0.488 -0.470 -0.453 -0.433 -0.880 -0.515 -0.450 -0.494 -0.468 -0.830 -0.698
0.04 0.47971 7.00000 5.7904763222 2.6175186634    5.791  2.977  4.2433  4.149    1  0.000  0.538     0.00     0.00 -1    -1e-30      0.00 6.390e-01 3.210e-01 7.098e-03 1.938e-03 1.760e-02 -1.000 4.000e-02 -2.672 -0.746 -0.640 -0.588 -0.527 -0.508 -0.491 -0.471 -0.918 -0.553 -0.489 -0.533 -0.506 -0.868 -0.736
0.04 0.47971 7.00000 5.9952383041 2.6182439327    5.996  3.036  4.2524  4.142    1  0.000  0.538     0.00     0.00 -1    -1e-30      0.00 6.390e-01 3.210e-01 7.098e-03 1.938e-03 1.760e-02 -1.000 4.000e-02 -2.820 -0.830 -0.721 -0.668 -0.605 -0.586 -0.568 -0.548 -0.993 -0.630 -0.567 -0.611 -0.584 -0.944 -0.811
0.04 0.47971 7.00000 6.1999998093 2.6189143658    6.200  3.093  4.2611  4.133    1  0.000  0.538     0.00     0.00 -1    -1e-30      0.00 6.390e-01 3.210e-01 7.098e-03 1.938e-03 1.760e-02 -1.000 4.000e-02 -2.963 -0.913 -0.802 -0.747 -0.683 -0.664 -0.645 -0.624 -1.068 -0.706 -0.645 -0.690 -0.661 -1.020 -0.887
0.04 0.47971 7.00000 6.2580838203 2.6190953255    6.258  3.109  4.2634  4.131    1  0.000  0.538     0.00     0.00 -1    -1e-30      0.00 6.390e-01 3.210e-01 7.098e-03 1.938e-03 1.760e-02 -1.000 4.000e-02 -3.003 -0.936 -0.825 -0.769 -0.704 -0.685 -0.666 -0.645 -1.089 -0.727 -0.666 -0.711 -0.682 -1.041 -0.907
0.04 0.47971 7.00000 6.3949995041 2.6195070744    6.394  3.146  4.2690  4.126    1  0.000  0.538     0.00     0.00 -1    -1e-30      0.00 6.390e-01 3.210e-01 7.098e-03 1.938e-03 1.760e-02 -1.000 4.000e-02 -3.095 -0.989 -0.877 -0.820 -0.754 -0.734 -0.715 -0.694 -1.137 -0.775 -0.716 -0.761 -0.732 -1.089 -0.955
0.04 0.47971 7.00000 6.5899996758 2.6200597286    6.582  3.195  4.2764  4.119    1  0.000  0.538     0.00     0.00 -1    -1e-30      0.00 6.390e-01 3.210e-01 7.098e-03 1.938e-03 1.760e-02 -1.000 4.000e-02 -3.217 -1.060 -0.946 -0.888 -0.820 -0.800 -0.781 -0.759 -1.201 -0.840 -0.781 -0.827 -0.797 -1.153 -1.019
0.04 0.47971 7.00000 7.1449460983 2.6214444637    7.131  3.331  4.2963  4.098    1  0.000  0.538     0.00     0.00 -1    -1e-30      0.00 6.390e-01 3.210e-01 7.098e-03 1.938e-03 1.760e-02 -1.000 4.000e-02 -3.557 -1.262 -1.143 -1.081 -1.010 -0.987 -0.967 -0.943 -1.382 -1.023 -0.964 -1.017 -0.985 -1.337 -1.201
0.04 0.47971 7.00000 7.1749997139 2.6215124130    7.162  3.338  4.2973  4.096    1  0.000  0.538     0.00     0.00 -1    -1e-30      0.00 6.390e-01 3.210e-01 7.098e-03 1.938e-03 1.760e-02 -1.000 4.000e-02 -3.575 -1.272 -1.154 -1.092 -1.020 -0.997 -0.977 -0.953 -1.392 -1.033 -0.974 -1.027 -0.995 -1.347 -1.210
0.04 0.47971 7.00000 7.7281217575 2.6226558685    7.718  3.464  4.3149  4.073    1  0.000  0.538     0.00     0.00 -1    -1e-30      0.00 6.390e-01 3.210e-01 7.098e-03 1.938e-03 1.760e-02 -1.000 4.000e-02 -3.890 -1.466 -1.344 -1.278 -1.202 -1.178 -1.156 -1.131 -1.567 -1.209 -1.148 -1.210 -1.175 -1.523 -1.386
0.04 0.47971 7.00000 8.1499996185 2.6234090328    8.142  3.556  4.3274  4.054    1  0.000  0.538     0.00     0.00 -1    -1e-30      0.00 6.390e-01 3.210e-01 7.098e-03 1.938e-03 1.760e-02 -1.000 4.000e-02 -4.120 -1.612 -1.486 -1.418 -1.339 -1.313 -1.290 -1.264 -1.699 -1.340 -1.278 -1.347 -1.310 -1.656 -1.517
0.04 0.47971 7.00000 8.3354520798 2.6237125397    8.327  3.594  4.3324  4.046    1  0.000  0.538     0.00     0.00 -1    -1e-30      0.00 6.390e-01 3.210e-01 7.098e-03 1.938e-03 1.760e-02 -1.000 4.000e-02 -4.215 -1.673 -1.546 -1.477 -1.396 -1.370 -1.347 -1.320 -1.754 -1.395 -1.333 -1.405 -1.368 -1.712 -1.573
0.04 0.47971 7.00000 8.8769578934 2.6245160103    8.866  3.703  4.3462  4.020    1  0.000  0.538     0.00     0.00 -1    -1e-30      0.00 6.390e-01 3.210e-01 7.098e-03 1.938e-03 1.760e-02 -1.000 4.000e-02 -4.487 -1.851 -1.722 -1.650 -1.566 -1.538 -1.514 -1.486 -1.918 -1.558 -1.494 -1.574 -1.535 -1.877 -1.736
0.04 0.47971 7.00000 9.1250000000 2.6248476505    9.114  3.752  4.3520  4.006    1  0.000  0.538     0.00     0.00 -1    -1e-30      0.00 6.390e-01 3.210e-01 7.098e-03 1.938e-03 1.760e-02 -1.000 4.000e-02 -4.609 -1.935 -1.804 -1.731 -1.645 -1.617 -1.592 -1.563 -1.995 -1.634 -1.569 -1.654 -1.614 -1.954 -1.813
0.04 0.47971 7.00000 9.3637962341 2.6251478195    9.354  3.797  4.3572  3.993    1  0.000  0.538     0.00     0.00 -1    -1e-30      0.00 6.390e-01 3.210e-01 7.098e-03 1.938e-03 1.760e-02 -1.000 4.000e-02 -4.722 -2.013 -1.882 -1.808 -1.721 -1.692 -1.666 -1.637 -2.068 -1.706 -1.641 -1.730 -1.689 -2.028 -1.886
0.04 0.47971 7.00000 9.7744197845 2.6256248951    9.767  3.873  4.3655  3.969    1  0.000  0.538     0.00     0.00 -1    -1e-30      0.00 6.390e-01 3.210e-01 7.098e-03 1.938e-03 1.760e-02 -1.000 4.000e-02 -4.912 -2.150 -2.016 -1.941 -1.852 -1.822 -1.796 -1.766 -2.196 -1.833 -1.766 -1.861 -1.819 -2.156 -2.014
0.04 0.47971 7.00000 10.1000003815 2.6259715557   10.094  3.932  4.3715  3.948    1  0.000  0.538     0.00     0.00 -1    -1e-30      0.00 6.390e-01 3.210e-01 7.098e-03 1.938e-03 1.760e-02 -1.000 4.000e-02 -5.059 -2.258 -2.124 -2.048 -1.957 -1.927 -1.900 -1.870 -2.298 -1.934 -1.867 -1.966 -1.924 -2.259 -2.117
0.04 0.47971 7.00000 10.1403932571 2.6260128021   10.135  3.939  4.3722  3.946    1  0.000  0.538     0.00     0.00 -1    -1e-30      0.00 6.390e-01 3.210e-01 7.098e-03 1.938e-03 1.760e-02 -1.000 4.000e-02 -5.077 -2.271 -2.137 -2.061 -1.970 -1.940 -1.913 -1.882 -2.311 -1.947 -1.879 -1.979 -1.936 -2.272 -2.129
0.04 0.47971 7.00000 10.5432147980 2.6264040470   10.540  4.008  4.3788  3.920    1  0.000  0.538     0.00     0.00 -1    -1e-30      0.00 6.390e-01 3.210e-01 7.098e-03 1.938e-03 1.760e-02 -1.000 4.000e-02 -5.249 -2.402 -2.267 -2.189 -2.097 -2.066 -2.039 -2.008 -2.435 -2.070 -2.002 -2.106 -2.063 -2.397 -2.253
0.04 0.47971 7.00000 10.8641099930 2.6266920567   10.862  4.062  4.3834  3.898    1  0.000  0.538     0.00     0.00 -1    -1e-30      0.00 6.390e-01 3.210e-01 7.098e-03 1.938e-03 1.760e-02 -1.000 4.000e-02 -5.384 -2.509 -2.372 -2.294 -2.200 -2.169 -2.142 -2.110 -2.537 -2.171 -2.102 -2.210 -2.166 -2.499 -2.355
0.04 0.47971 7.00000 11.0749998093 2.6268708706   11.074  4.097  4.3862  3.882    1  0.000  0.538     0.00     0.00 -1    -1e-30      0.00 6.390e-01 3.210e-01 7.098e-03 1.938e-03 1.760e-02 -1.000 4.000e-02 -5.473 -2.580 -2.443 -2.364 -2.270 -2.239 -2.211 -2.179 -2.606 -2.239 -2.170 -2.280 -2.235 -2.568 -2.424
0.04 0.47971 7.00000 11.5005645752 2.6272089481   11.498  4.166  4.3906  3.847    1  0.000  0.538     0.00     0.00 -1 -1.77e-30      0.00 6.390e-01 3.210e-01 7.099e-03 1.938e-03 1.760e-02 -1.000 4.000e-02 -5.645 -2.725 -2.588 -2.508 -2.413 -2.382 -2.354 -2.322 -2.748 -2.380 -2.310 -2.423 -2.378 -2.711 -2.566
0.04 0.47971 7.00000 11.8303890228 2.6274518967   11.827  4.219  4.3934  3.818    1  0.000  0.538     0.00     0.00 -1 -2.71e-30      0.00 6.390e-01 3.210e-01 7.100e-03 1.938e-03 1.760e-02 -1.000 4.000e-02 -5.776 -2.841 -2.703 -2.623 -2.528 -2.496 -2.468 -2.436 -2.861 -2.492 -2.422 -2.537 -2.492 -2.824 -2.679
0.04 0.47971 7.00000 12.0500001907 2.6276051998   12.045  4.253  4.3948  3.797    1  0.000  0.538     0.00     0.00 -1 -3.57e-30      0.00 6.390e-01 3.210e-01 7.100e-03 1.938e-03 1.760e-02 -1.000 4.000e-02 -5.863 -2.920 -2.782 -2.702 -2.606 -2.574 -2.546 -2.514 -2.939 -2.570 -2.499 -2.616 -2.571 -2.902 -2.757
0.04 0.47971 7.00000 12.2794446945 2.6277585030   12.265  4.287  4.3959  3.775    1  0.000  0.539     0.00     0.00 -1 -1.85e-27      0.00 6.390e-01 3.210e-01 7.112e-03 1.938e-03 1.760e-02 -1.000 4.000e-02 -5.947 -2.998 -2.860 -2.779 -2.683 -2.651 -2.623 -2.591 -3.016 -2.646 -2.576 -2.693 -2.648 -2.979 -2.834
0.04 0.47971 7.00000 12.6846961975 2.6280138493   12.651  4.345  4.3967  3.734    1  0.000  0.540     0.00     0.00 -1 -8.73e-23      0.00 6.390e-01 3.210e-01 7.132e-03 1.939e-03 1.760e-02 -1.000 4.000e-02 -6.093 -3.142 -3.004 -2.923 -2.827 -2.795 -2.766 -2.734 -3.158 -2.789 -2.718 -2.837 -2.791 -3.122 -2.977
0.04 0.47971 7.00000 13.0596199036 2.6282341480   13.006  4.400  4.3959  3.688    1  0.000  0.542     0.00     0.00 -1 -1.38e-18      0.00 6.390e-01 3.210e-01 7.150e-03 1.939e-03 1.760e-02 -1.000 4.000e-02 -6.230 -3.286 -3.148 -3.068 -2.972 -2.940 -2.911 -2.879 -3.303 -2.933 -2.862 -2.981 -2.936 -3.267 -3.122
0.04 0.47971 7.00000 13.4266653061 2.6284358501   13.350  4.453  4.3937  3.637    1  0.000  0.543     0.00     0.00 -1 -1.34e-14      0.00 6.390e-01 3.210e-01 7.167e-03 1.939e-03 1.760e-02 -1.000 4.000e-02 -6.362 -3.436 -3.298 -3.218 -3.122 -3.090 -3.062 -3.030 -3.454 -3.084 -3.013 -3.132 -3.087 -3.418 -3.272
0.04 0.47971 7.00000 13.7402439117 2.6285986900   13.642  4.497  4.3906  3.590    1  0.000  0.544     0.00     0.00 -1 -2.77e-11      0.00 6.390e-01 3.210e-01 7.181e-03 1.940e-03 1.760e-02 -1.000 4.000e-02 -6.474 -3.570 -3.434 -3.353 -3.258 -3.226 -3.198 -3.166 -3.590 -3.220 -3.149 -3.268 -3.223 -3.555 -3.409
0.04 0.47971 7.00000 14.0000000000 2.6287269592   13.885  4.535  4.3867  3.545    0  0.000  0.545     0.00     0.00 -1 -1.35e-08      0.00 6.390e-01 3.210e-01 7.193e-03 1.940e-03 1.760e-02 -1.000 4.000e-02 -6.567 -3.769 -3.674 -3.648 -3.682 -3.776 -3.801 -4.106 -5.181 -7.743 -7.987 -3.672 -3.763 -4.405 -5.113
0.04 0.47971 7.00000 14.1063528061 2.6287779808   13.984  4.549  4.3851  3.527    0  0.000  0.545     0.00     0.00 -1 -1.41e-08      0.00 6.390e-01 3.210e-01 7.193e-03 1.940e-03 1.760e-02 -1.000 4.000e-02 -6.602 -3.804 -3.709 -3.683 -3.717 -3.811 -3.836 -4.141 -5.217 -7.778 -8.022 -3.707 -3.798 -4.440 -5.148
0.04 0.47971 7.00000 14.3808155060 2.6289057732   14.239  4.586  4.3791  3.474    0  0.000  0.545     0.00     0.00 -1 -1.59e-08      0.00 6.390e-01 3.210e-01 7.193e-03 1.940e-03 1.760e-02 -1.000 4.000e-02 -6.695 -3.897 -3.802 -3.776 -3.810 -3.904 -3.929 -4.234 -5.310 -7.872 -8.115 -3.800 -3.891 -4.533 -5.241
0.04 0.47971 7.00000 14.6290798187 2.6290163994   14.430  4.617  4.3717  3.419    0  0.000  0.545     0.00     0.00 -1 -7.37e-08      0.00 6.390e-01 3.210e-01 7.193e-03 1.940e-03 1.760e-02 -1.000 4.000e-02 -6.774 -3.976 -3.881 -3.855 -3.889 -3.983 -4.008 -4.313 -5.389 -7.950 -8.194 -3.879 -3.970 -4.612 -5.320
0.04 0.47971 7.00000 14.8543548584 2.6291131973   14.594  4.646  4.3640  3.364    0  0.000  0.545     0.00     0.00 -1 -1.93e-07      0.00 6.390e-01 3.210e-01 7.193e-03 1.940e-03 1.760e-02 -1.000 4.000e-02 -6.844 -4.046 -3.951 -3.925 -3.959 -4.053 -4.078 -4.383 -5.459 -8.020 -8.264 -3.949 -4.040 -4.682 -5.390
0.04 0.47971 7.00000 15.0415468216 2.6291911602   14.711  4.668  4.3562  3.314    0  0.000  0.545     0.00     0.00 -1 -4.03e-07      0.00 6.390e-01 3.210e-01 7.193e-03 1.940e-03 1.760e-02 -1.000 4.000e-02 -6.901 -4.103 -4.008 -3.982 -4.016 -4.110 -4.135 -4.440 -5.516 -8.077 -8.321 -4.006 -4.097 -4.739 -5.447
0.04 0.47971 7.00000 15.2139081955 2.6292610168   14.806  4.690  4.3473  3.260    0  0.000  0.545     0.00     0.00 -1 -4.34e-07      0.00 6.390e-01 3.210e-01 7.193e-03 1.940e-03 1.760e-02 -1.000 4.000e-02 -6.954 -4.156 -4.061 -4.035 -4.069 -4.163 -4.188 -4.493 -5.569 -8.131 -8.374 -4.059 -4.150 -4.792 -5.500
0.04 0.47971 7.00000 15.3720340729 2.6293234825   14.887  4.710  4.3376  3.204    0  0.000  0.545     0.00     0.00 -1 -4.69e-07      0.00 6.390e-01 3.210e-01 7.193e-03 1.940e-03 1.760e-02 -1.000 4.000e-02 -7.004 -4.206 -4.111 -4.085 -4.119 -4.213 -4.238 -4.543 -5.619 -8.180 -8.424 -4.109 -4.200 -4.842 -5.550
0.04 0.47971 7.00000 15.5202608109 2.6293807030   14.956  4.728  4.3280  3.148    0  0.000  0.545     0.00     0.00 -1 -5.01e-07      0.00 6.390e-01 3.210e-01 7.193e-03 1.940e-03 1.760e-02 -1.000 4.000e-02 -7.051 -4.253 -4.158 -4.132 -4.167 -4.261 -4.286 -4.590 -5.666 -8.228 -8.471 -4.156 -4.247 -4.889 -5.597
0.04 0.47971 7.00000 15.6768283844 2.6294395924   15.022  4.749  4.3186  3.092    0  0.000  0.545     0.00     0.00 -1 -5.41e-07      0.00 6.390e-01 3.210e-01 7.193e-03 1.940e-03 1.760e-02 -1.000 4.000e-02 -7.103 -4.305 -4.210 -4.184 -4.218 -4.312 -4.337 -4.642 -5.718 -8.280 -8.523 -4.208 -4.299 -4.941 -5.649
0.04 0.47971 7.00000 15.9042339325 2.6295230389   15.104  4.787  4.3192  3.059    0  0.000  0.545     0.00     0.00 -1 -6.48e-07      0.00 6.390e-01 3.210e-01 7.193e-03 1.940e-03 1.760e-02 -1.000 4.000e-02 -7.197 -4.399 -4.304 -4.279 -4.313 -4.407 -4.432 -4.737 -5.812 -8.374 -8.617 -4.303 -4.393 -5.035 -5.743
0.04 0.47971 7.00000 15.9430627823 2.6295371056   15.115  4.799  4.3276  3.081    0  0.000  0.545     0.00     0.00 -1 -7.09e-07      0.00 6.390e-01 3.210e-01 7.193e-03 1.940e-03 1.760e-02 -1.000 4.000e-02 -7.227 -4.429 -4.334 -4.308 -4.342 -4.436 -4.461 -4.766 -5.842 -8.403 -8.647 -4.332 -4.423 -5.065 -5.773
0.04 0.47971 7.00000 15.9564590454 2.6295418739   15.118  4.809  4.3374  3.110    0  0.000  0.545     0.00     0.00 -1 -7.66e-07      0.00 6.390e-01 3.210e-01 7.193e-03 1.940e-03 1.760e-02 -1.000 4.000e-02 -7.254 -4.456 -4.360 -4.335 -4.369 -4.463 -4.488 -4.793 -5.868 -8.430 -8.674 -4.359 -4.449 -5.092 -5.799
0.04 0.47971 7.00000 15.9633522034 2.6295442581   15.119  4.827  4.3497  3.141    0  0.000  0.545     0.00     0.00 -1  -8.6e-07      0.00 6.390e-01 3.210e-01 7.193e-03 1.940e-03 1.760e-02 -1.000 4.000e-02 -7.297 -4.499 -4.404 -4.378 -4.413 -4.507 -4.532 -4.836 -5.912 -8.474 -8.717 -4.402 -4.493 -5.135 -5.843
0.04 0.47971 7.00000 15.9659729004 2.6295452118   15.119  4.846  4.3593  3.161    0  0.000  0.545     0.00     0.00 -1 -9.64e-07      0.00 6.390e-01 3.210e-01 7.193e-03 1.940e-03 1.760e-02 -1.000 4.000e-02 -7.345 -4.547 -4.451 -4.426 -4.460 -4.554 -4.579 -4.884 -5.959 -8.521 -8.765 -4.450 -4.541 -5.183 -5.891
0.04 0.47971 7.00000 15.9667234421 2.6295456886   15.120  4.853  4.3628  3.168    0  0.000  0.545     0.00     0.00 -1 -1.01e-06      0.00 6.390e-01 3.210e-01 7.193e-03 1.940e-03 1.760e-02 -1.000 4.000e-02 -7.362 -4.564 -4.469 -4.443 -4.478 -4.571 -4.597 -4.901 -5.977 -8.539 -8.782 -4.467 -4.558 -5.200 -5.908
0.04 0.47971 7.00000 15.9676542282 2.6295459270   15.120  4.848  4.3622  3.171    0  0.000  0.545     0.00     0.00 -1 -9.85e-07      0.00 6.390e-01 3.210e-01 7.193e-03 1.940e-03 1.760e-02 -1.000 4.000e-02 -7.349 -4.551 -4.456 -4.430 -4.464 -4.558 -4.583 -4.888 -5.964 -8.525 -8.769 -4.454 -4.545 -5.187 -5.895
0.04 0.47971 7.00000 15.9693880081 2.6295466423   15.119  4.837  4.3598  3.172    1  0.000  0.545     0.00     0.00 -1 -9.28e-07      0.00 6.390e-01 3.210e-01 7.193e-03 1.940e-03 1.760e-02 -1.000 4.000e-02 -7.321 -4.523 -4.428 -4.403 -4.437 -4.531 -4.556 -4.861 -5.936 -8.498 -8.742 -4.427 -4.517 -5.160 -5.867
0.04 0.47971 7.00000 15.9701271057 2.6295468807   15.119  4.830  4.3550  3.160    1  0.000  0.545     0.00     0.00 -1 -8.89e-07      0.00 6.390e-01 3.210e-01 7.193e-03 1.940e-03 1.760e-02 -1.000 4.000e-02 -7.305 -4.506 -4.411 -4.386 -4.420 -4.514 -4.539 -4.844 -5.919 -8.481 -8.725 -4.410 -4.500 -5.143 -5.850
0.04 0.47971 7.00000 15.9706850052 2.6295468807   15.119  4.825  4.3511  3.149    1  0.000  0.545     0.00     0.00 -1 -8.61e-07      0.00 6.390e-01 3.210e-01 7.193e-03 1.940e-03 1.760e-02 -1.000 4.000e-02 -7.292 -4.494 -4.399 -4.373 -4.407 -4.501 -4.526 -4.831 -5.907 -8.468 -8.712 -4.397 -4.488 -5.130 -5.838
0.04 0.47971 7.00000 15.9711408615 2.6295471191   15.119  4.821  4.3452  3.129    1  0.000  0.545     0.00     0.00 -1 -8.36e-07      0.00 6.390e-01 3.210e-01 7.193e-03 1.940e-03 1.760e-02 -1.000 4.000e-02 -7.283 -4.485 -4.390 -4.364 -4.399 -4.492 -4.518 -4.822 -5.898 -8.460 -8.703 -4.388 -4.479 -5.121 -5.829
0.04 0.47971 7.00000 15.9716024399 2.6295473576   15.120  4.819  4.3384  3.104    1  0.000  0.545     0.00     0.00 -1 -8.11e-07      0.00 6.390e-01 3.210e-01 7.193e-03 1.940e-03 1.760e-02 -1.000 4.000e-02 -7.277 -4.479 -4.384 -4.358 -4.392 -4.486 -4.511 -4.816 -5.892 -8.453 -8.697 -4.382 -4.473 -5.115 -5.823
0.04 0.47971 7.00000 15.9720716476 2.6295475960   15.120  4.818  4.3305  3.074    1  0.000  0.545     0.00     0.00 -1 -7.87e-07      0.00 6.390e-01 3.210e-01 7.193e-03 1.940e-03 1.760e-02 -1.000 4.000e-02 -7.274 -4.476 -4.381 -4.356 -4.390 -4.484 -4.509 -4.814 -5.889 -8.451 -8.695 -4.380 -4.470 -5.113 -5.820
0.04 0.47971 7.00000 15.9724273682 2.6295475960   15.120  4.819  4.3236  3.045    1  0.000  0.545     0.00     0.00 -1 -7.75e-07      0.00 6.390e-01 3.210e-01 7.193e-03 1.940e-03 1.760e-02 -1.000 4.000e-02 -7.277 -4.479 -4.383 -4.358 -4.392 -4.486 -4.511 -4.816 -5.891 -8.453 -8.697 -4.382 -4.473 -5.115 -5.823
0.04 0.47971 7.00000 15.9727859497 2.6295478344   15.119  4.820  4.3164  3.015    1  0.000  0.545     0.00     0.00 -1 -7.69e-07      0.00 6.390e-01 3.210e-01 7.193e-03 1.940e-03 1.760e-02 -1.000 4.000e-02 -7.280 -4.482 -4.387 -4.361 -4.395 -4.489 -4.514 -4.819 -5.895 -8.456 -8.700 -4.385 -4.476 -5.118 -5.826
0.04 0.47971 7.00000 15.9731483459 2.6295478344   15.120  4.822  4.3086  2.982    1  0.000  0.545     0.00     0.00 -1 -7.66e-07      0.00 6.390e-01 3.210e-01 7.193e-03 1.940e-03 1.760e-02 -1.000 4.000e-02 -7.285 -4.487 -4.392 -4.366 -4.400 -4.494 -4.519 -4.824 -5.900 -8.461 -8.705 -4.390 -4.481 -5.123 -5.831
0.04 0.47971 7.00000 15.9735145569 2.6295480728   15.120  4.824  4.3003  2.947    1  0.000  0.545     0.00     0.00 -1 -7.57e-07      0.00 6.390e-01 3.210e-01 7.193e-03 1.940e-03 1.760e-02 -1.000 4.000e-02 -7.290 -4.492 -4.397 -4.371 -4.405 -4.499 -4.524 -4.829 -5.905 -8.466 -8.710 -4.395 -4.486 -5.128 -5.836
0.04 0.47971 7.00000 15.9738855362 2.6295480728   15.120  4.826  4.2915  2.909    1  0.000  0.545     0.00     0.00 -1 -7.46e-07      0.00 6.390e-01 3.210e-01 7.193e-03 1.940e-03 1.760e-02 -1.000 4.000e-02 -7.295 -5.068 -4.952 -4.888 -4.814 -4.791 -4.769 -4.744 -5.178 -4.815 -4.752 -4.822 -4.788 -5.136 -4.997
0.04 0.47971 7.00000 15.9742593765 2.6295483112   15.120  4.828  4.2823  2.871    1  0.000  0.545     0.00     0.00 -1 -7.36e-07      0.00 6.390e-01 3.210e-01 7.193e-03 1.940e-03 1.760e-02 -1.000 4.000e-02 -7.300 -5.138 -5.025 -4.962 -4.891 -4.868 -4.846 -4.822 -5.258 -4.895 -4.832 -4.898 -4.865 -5.215 -5.076
0.04 0.47971 7.00000 15.9746370316 2.6295483112   15.120  4.829  4.2728  2.831    1  0.000  0.545     0.00     0.00 -1 -7.23e-07      0.00 6.390e-01 3.210e-01 7.193e-03 1.940e-03 1.760e-02 -1.000 4.000e-02 -7.303 -5.208 -5.097 -5.036 -4.967 -4.946 -4.925 -4.901 -5.338 -4.975 -4.912 -4.974 -4.943 -5.294 -5.157
0.04 0.47971 7.00000 15.9748907089 2.6295485497   15.120  4.830  4.2662  2.804    1  0.000  0.545     0.00     0.00 -1 -7.13e-07      0.00 6.390e-01 3.210e-01 7.193e-03 1.940e-03 1.760e-02 -1.000 4.000e-02 -7.305 -5.255 -5.146 -5.086 -5.019 -4.998 -4.978 -4.954 -5.393 -5.029 -4.967 -5.026 -4.995 -5.348 -5.211
0.04 0.47971 7.00000 15.9751472473 2.6295485497   15.120  4.831  4.2594  2.776    1  0.000  0.545     0.00     0.00 -1 -7.03e-07      0.00 6.390e-01 3.210e-01 7.193e-03 1.940e-03 1.760e-02 -1.000 4.000e-02 -7.307 -5.302 -5.195 -5.136 -5.071 -5.051 -5.031 -5.008 -5.448 -5.085 -5.022 -5.078 -5.048 -5.402 -5.266
0.04 0.47971 7.00000 15.9754047394 2.6295487881   15.120  4.831  4.2524  2.748    1  0.000  0.545     0.00     0.00 -1 -6.93e-07      0.00 6.390e-01 3.210e-01 7.193e-03 1.940e-03 1.760e-02 -1.000 4.000e-02 -7.308 -5.351 -5.246 -5.188 -5.124 -5.105 -5.085 -5.064 -5.504 -5.141 -5.077 -5.131 -5.102 -5.458 -5.323
0.04 0.47971 7.00000 15.9756631851 2.6295487881   15.120  4.831  4.2452  2.719    1  0.000  0.545     0.00     0.00 -1 -6.84e-07      0.00 6.390e-01 3.210e-01 7.193e-03 1.940e-03 1.760e-02 -1.000 4.000e-02 -7.308 -5.400 -5.297 -5.241 -5.179 -5.160 -5.141 -5.120 -5.562 -5.198 -5.134 -5.185 -5.158 -5.515 -5.380
0.04 0.47971 7.00000 15.9759254456 2.6295487881   15.120  4.831  4.2377  2.689    1  0.000  0.545     0.00     0.00 -1 -6.74e-07      0.00 6.390e-01 3.210e-01 7.193e-03 1.940e-03 1.760e-02 -1.000 4.000e-02 -7.309 -5.452 -5.351 -5.296 -5.236 -5.218 -5.199 -5.179 -5.622 -5.258 -5.193 -5.242 -5.216 -5.574 -5.440
0.04 0.47971 7.00000 15.9761867523 2.6295490265   15.121  4.832  4.2300  2.658    1  0.000  0.545     0.00     0.00 -1 -6.65e-07      0.00 6.390e-01 3.210e-01 7.193e-03 1.940e-03 1.760e-02 -1.000 4.000e-02 -7.309 -5.504 -5.406 -5.352 -5.294 -5.277 -5.259 -5.239 -5.684 -5.319 -5.253 -5.300 -5.274 -5.634 -5.502
0.04 0.47971 7.00000 15.9764509201 2.6295490265   15.120  4.831  4.2220  2.626    1  0.000  0.545     0.00     0.00 -1 -6.55e-07      0.00 6.390e-01 3.210e-01 7.193e-03 1.940e-03 1.760e-02 -1.000 4.000e-02 -7.309 -5.559 -5.463 -5.411 -5.355 -5.338 -5.320 -5.301 -5.747 -5.382 -5.315 -5.361 -5.336 -5.697 -5.565
0.04 0.47971 7.00000 15.9767169952 2.6295490265   15.120  4.831  4.2136  2.593    1  0.000  0.545     0.00     0.00 -1 -6.38e-07      0.00 6.390e-01 3.210e-01 7.193e-03 1.940e-03 1.760e-02 -1.000 4.000e-02 -7.308 -5.617 -5.522 -5.472 -5.418 -5.402 -5.385 -5.366 -5.813 -5.448 -5.379 -5.423 -5.399 -5.762 -5.631
0.04 0.47971 7.00000 15.9769840240 2.6295492649   15.120  4.831  4.2049  2.558    1  0.000  0.545     0.00     0.00 -1  -6.2e-07      0.00 6.390e-01 3.210e-01 7.193e-03 1.940e-03 1.760e-02 -1.000 4.000e-02 -7.307 -5.676 -5.584 -5.535 -5.483 -5.468 -5.451 -5.433 -5.881 -5.516 -5.446 -5.488 -5.465 -5.830 -5.699
0.04 0.47971 7.00000 15.9772539139 2.6295492649   15.120  4.831  4.1959  2.523    1  0.000  0.545     0.00     0.00 -1 -6.03e-07      0.00 6.390e-01 3.210e-01 7.193e-03 1.940e-03 1.760e-02 -1.000 4.000e-02 -7.306 -5.738 -5.648 -5.601 -5.550 -5.536 -5.520 -5.502 -5.952 -5.587 -5.515 -5.556 -5.534 -5.899 -5.770
0.04 0.47971 7.00000 15.9775247574 2.6295495033   15.121  4.830  4.1865  2.486    1  0.000  0.545     0.00     0.00 -1 -6.03e-07      0.00 6.390e-01 3.210e-01 7.193e-03 1.940e-03 1.760e-02 -1.000 4.000e-02 -7.305 -5.801 -5.714 -5.669 -5.620 -5.606 -5.591 -5.574 -6.024 -5.660 -5.587 -5.625 -5.604 -5.971 -5.843
0.04 0.47971 7.00000 15.9777975082 2.6295495033   15.121  4.829  4.1767  2.447    1  0.000  0.545     0.00     0.00 -1 -5.92e-07      0.00 6.390e-01 3.210e-01 7.193e-03 1.940e-03 1.760e-02 -1.000 4.000e-02 -7.303 -5.867 -5.783 -5.739 -5.692 -5.679 -5.664 -5.648 -6.100 -5.735 -5.662 -5.697 -5.677 -6.046 -5.918
0.04 0.47971 7.00000 15.9780702591 2.6295497417   15.121  4.829  4.1665  2.407    1  0.000  0.545     0.00     0.00 -1 -5.79e-07      0.00 6.390e-01 3.210e-01 7.193e-03 1.940e-03 1.760e-02 -1.000 4.000e-02 -7.301 -5.936 -5.854 -5.812 -5.768 -5.755 -5.741 -5.725 -6.178 -5.814 -5.741 -5.772 -5.753 -6.124 -5.997
0.04 0.47971 7.00000 15.9783468246 2.6295497417   15.121  4.828  4.1558  2.365    1  0.000  0.545     0.00     0.00 -1 -6.02e-07      0.00 6.390e-01 3.210e-01 7.193e-03 1.940e-03 1.760e-02 -1.000 4.000e-02 -7.299 -6.008 -5.930 -5.889 -5.848 -5.836 -5.822 -5.808 -6.262 -5.898 -5.825 -5.852 -5.834 -6.206 -6.080
0.04 0.47971 7.00000 15.9784851074 2.6295497417   15.121  4.827  4.1503  2.344    1  0.000  0.545     0.00     0.00 -1 -6.57e-07      0.00 6.390e-01 3.210e-01 7.193e-03 1.940e-03 1.760e-02 -1.000 4.000e-02 -7.298 -6.045 -5.968 -5.929 -5.889 -5.877 -5.864 -5.850 -6.305 -5.941 -5.868 -5.893 -5.876 -6.249 -6.123
0.04 0.47971 7.00000 15.9786233902 2.6295497417   15.121  4.826  4.1447  2.322    1  0.000  0.545     0.00     0.00 -1 -1.13e-06      0.00 6.390e-01 3.210e-01 7.193e-03 1.940e-03 1.760e-02 -1.000 4.000e-02 -7.296 -6.082 -6.007 -5.969 -5.930 -5.919 -5.906 -5.892 -6.348 -5.985 -5.911 -5.934 -5.917 -6.291 -6.166
0.04 0.47971 7.00000 15.9787645340 2.6295499802   15.121  4.826  4.1388  2.299    1  0.000  0.545     0.00     0.00 -1 -3.29e-06      0.00 6.390e-01 3.210e-01 7.193e-03 1.940e-03 1.760e-02 -1.000 4.000e-02 -7.294 -6.121 -6.047 -6.010 -5.972 -5.962 -5.949 -5.935 -6.392 -6.029 -5.956 -5.976 -5.960 -6.335 -6.210
0.04 0.47971 7.00000 15.9789028168 2.6295499802   15.120  4.825  4.1330  2.277    1  0.000  0.545     0.00     0.00 -1 -6.81e-06      0.00 6.390e-01 3.210e-01 7.193e-03 1.940e-03 1.760e-02 -1.000 4.000e-02 -7.292 -6.159 -6.087 -6.051 -6.013 -6.003 -5.991 -5.978 -6.434 -6.072 -5.999 -6.017 -6.001 -6.377 -6.253
0.04 0.47971 7.00000 15.9790430069 2.6295499802   15.119  4.824  4.1270  2.253    1  0.000  0.545     0.00     0.00 -1 -6.73e-06      0.00 6.390e-01 3.210e-01 7.193e-03 1.940e-03 1.760e-02 -1.000 4.000e-02 -7.290 -6.199 -6.128 -6.093 -6.056 -6.046 -6.034 -6.021 -6.479 -6.117 -6.044 -6.060 -6.045 -6.421 -6.297
0.04 0.47971 7.00000 15.9791841507 2.6295499802   15.119  4.823  4.1208  2.230    1  0.000  0.545     0.00     0.00 -1 -6.64e-06      0.00 6.390e-01 3.210e-01 7.193e-03 1.940e-03 1.760e-02 -1.000 4.000e-02 -7.288 -6.239 -6.169 -6.135 -6.099 -6.089 -6.078 -6.065 -6.523 -6.161 -6.088 -6.103 -6.088 -6.465 -6.341
0.04 0.47971 7.00000 15.9793252945 2.6295499802   15.118  4.822  4.1144  2.205    1  0.000  0.545     0.00     0.00 -1  -6.5e-06      0.00 6.390e-01 3.210e-01 7.193e-03 1.940e-03 1.760e-02 -1.000 4.000e-02 -7.286 -6.281 -6.212 -6.179 -6.144 -6.135 -6.124 -6.111 -6.570 -6.208 -6.136 -6.148 -6.133 -6.511 -6.388
0.04 0.47971 7.00000 15.9794673920 2.6295502186   15.118  4.821  4.1079  2.180    1  0.000  0.545     0.00     0.00 -1 -6.36e-06      0.00 6.390e-01 3.210e-01 7.193e-03 1.940e-03 1.760e-02 -1.000 4.000e-02 -7.283 -6.324 -6.256 -6.224 -6.190 -6.181 -6.170 -6.158 -6.618 -6.256 -6.183 -6.193 -6.179 -6.558 -6.436
0.04 0.47971 7.00000 15.9796085358 2.6295502186   15.117  4.820  4.1012  2.154    1  0.000  0.545     0.00     0.00 -1 -6.23e-06      0.00 6.390e-01 3.210e-01 7.193e-03 1.940e-03 1.760e-02 -1.000 4.000e-02 -7.281 -6.367 -6.301 -6.270 -6.237 -6.229 -6.219 -6.207 -6.667 -6.306 -6.233 -6.241 -6.227 -6.607 -6.485
0.04 0.47971 7.00000 15.9797487259 2.6295502186   15.116  4.819  4.0945  2.128    1  0.000  0.545     0.00     0.00 -1  -6.1e-06      0.00 6.390e-01 3.210e-01 7.193e-03 1.940e-03 1.760e-02 -1.000 4.000e-02 -7.278 -6.411 -6.347 -6.316 -6.285 -6.277 -6.267 -6.256 -6.717 -6.356 -6.283 -6.289 -6.276 -6.656 -6.535
0.04 0.47971 7.00000 15.9798917770 2.6295502186   15.115  4.818  4.0874  2.101    1  0.000  0.545     0.00     0.00 -1 -5.97e-06      0.00 6.390e-01 3.210e-01 7.193e-03 1.940e-03 1.760e-02 -1.000 4.000e-02 -7.275 -6.457 -6.394 -6.365 -6.335 -6.328 -6.318 -6.307 -6.769 -6.409 -6.336 -6.339 -6.326 -6.708 -6.587
0.04 0.47971 7.00000 15.9800348282 2.6295502186   15.115  4.817  4.0801  2.073    1  0.000  0.545     0.00     0.00 -1 -5.84e-06      0.00 6.390e-01 3.210e-01 7.193e-03 1.940e-03 1.760e-02 -1.000 4.000e-02 -7.272 -6.503 -6.442 -6.415 -6.386 -6.379 -6.369 -6.359 -6.822 -6.462 -6.389 -6.389 -6.377 -6.760 -6.640
0.04 0.47971 7.00000 15.9801769257 2.6295504570   15.114  4.816  4.0727  2.044    1  0.000  0.545     0.00     0.00 -1 -5.72e-06      0.00 6.390e-01 3.210e-01 7.193e-03 1.940e-03 1.760e-02 -1.000 4.000e-02 -7.269 -6.550 -6.496 -6.470 -6.445 -6.440 -6.431 -6.421 -6.885 -6.526 -6.454 -6.448 -6.438 -6.823 -6.703
0.04 0.47971 7.00000 15.9803218842 2.6295504570   15.114  4.814  4.0650  2.015    1  0.000  0.545     0.00     0.00 -1 -5.59e-06      0.00 6.390e-01 3.210e-01 7.193e-03 1.940e-03 1.760e-02 -1.000 4.000e-02 -7.266 -6.599 -6.548 -6.524 -6.502 -6.497 -6.489 -6.480 -6.945 -6.586 -6.514 -6.505 -6.496 -6.882 -6.763
0.04 0.47971 7.00000 15.9804639816 2.6295504570   15.113  4.813  4.0571  1.985    1  0.000  0.545     0.00     0.00 -1 -5.43e-06      0.00 6.390e-01 3.210e-01 7.193e-03 1.940e-03 1.760e-02 -1.000 4.000e-02 -7.262 -6.648 -6.600 -6.577 -6.556 -6.552 -6.544 -6.535 -7.001 -6.643 -6.571 -6.559 -6.551 -6.938 -6.819
0.04 0.47971 7.00000 15.9806079865 2.6295504570   15.113  4.811  4.0490  1.954    1  0.000  0.545     0.00     0.00 -1 -5.26e-06      0.00 6.390e-01 3.210e-01 7.193e-03 1.940e-03 1.760e-02 -1.000 4.000e-02 -7.258 -6.699 -6.653 -6.631 -6.612 -6.608 -6.601 -6.592 -7.059 -6.701 -6.630 -6.614 -6.607 -6.995 -6.877
0.04 0.47971 7.00000 15.9807538986 2.6295506954   15.112  4.810  4.0406  1.922    1  0.000  0.545     0.00     0.00 -1 -5.09e-06      0.00 6.390e-01 3.210e-01 7.193e-03 1.940e-03 1.760e-02 -1.000 4.000e-02 -7.254 -6.751 -6.707 -6.687 -6.669 -6.665 -6.658 -6.650 -7.118 -6.760 -6.689 -6.671 -6.664 -7.053 -6.936
0.04 0.47971 7.00000 15.9808254242 2.6295506954   15.111  4.809  4.0363  1.906    1  0.000  0.545     0.00     0.00 -1 -5.01e-06      0.00 6.390e-01 3.210e-01 7.193e-03 1.940e-03 1.760e-02 -1.000 4.000e-02 -7.252 -6.777 -6.734 -6.714 -6.697 -6.694 -6.687 -6.679 -7.147 -6.790 -6.719 -6.699 -6.693 -7.082 -6.965
0.04 0.47971 7.00000 15.9809055328 2.6295506954   15.111  4.808  4.0315  1.888    1  0.000  0.545     0.00     0.00 -1 -4.92e-06      0.00 6.390e-01 3.210e-01 7.193e-03 1.940e-03 1.760e-02 -1.000 4.000e-02 -7.250 -6.806 -6.764 -6.745 -6.729 -6.726 -6.719 -6.711 -7.180 -6.824 -6.752 -6.731 -6.725 -7.114 -6.998
0.04 0.47971 7.00000 15.9809961319 2.6295506954   15.111  4.807  4.0261  1.867    1  0.000  0.545     0.00     0.00 -1 -4.83e-06      0.00 6.390e-01 3.210e-01 7.193e-03 1.940e-03 1.760e-02 -1.000 4.000e-02 -7.247 -6.838 -6.798 -6.780 -6.764 -6.762 -6.755 -6.748 -7.218 -6.861 -6.791 -6.767 -6.761 -7.151 -7.036
0.04 0.47971 7.00000 15.9810972214 2.6295506954   15.111  4.805  4.0197  1.843    1  0.000  0.545     0.00     0.00 -1 -4.76e-06      0.00 6.390e-01 3.210e-01 7.193e-03 1.940e-03 1.760e-02 -1.000 4.000e-02 -7.244 -6.876 -6.838 -6.821 -6.806 -6.804 -6.798 -6.791 -7.261 -6.906 -6.835 -6.808 -6.803 -7.194 -7.079
0.04 0.47971 7.00000 15.9812107086 2.6295506954   15.110  4.804  4.0126  1.816    1  0.000  0.545     0.00     0.00 -1 -4.67e-06      0.00 6.390e-01 3.210e-01 7.193e-03 1.940e-03 1.760e-02 -1.000 4.000e-02 -7.240 -6.918 -6.882 -6.866 -6.853 -6.851 -6.845 -6.839 -7.311 -6.956 -6.886 -6.855 -6.850 -7.243 -7.129
0.04 0.47971 7.00000 15.9813365936 2.6295506954   15.110  4.802  4.0045  1.785    1  0.000  0.545     0.00     0.00 -1 -4.56e-06      0.00 6.390e-01 3.210e-01 7.193e-03 1.940e-03 1.760e-02 -1.000 4.000e-02 -7.236 -6.965 -6.932 -6.917 -6.906 -6.905 -6.899 -6.894 -7.367 -7.014 -6.944 -6.908 -6.904 -7.298 -7.185
0.04 0.47971 7.00000 15.9814777374 2.6295509338   15.109  4.800  3.9950  1.749    1  0.000  0.545     0.00     0.00 -1 -4.37e-06      0.00 6.390e-01 3.210e-01 7.193e-03 1.940e-03 1.760e-02 -1.000 4.000e-02 -7.230 -7.020 -6.990 -6.977 -6.968 -6.968 -6.963 -6.958 -7.433 -7.082 -7.013 -6.969 -6.967 -7.363 -7.251
0.04 0.47971 7.00000 15.9816246033 2.6295509338   15.109  4.798  3.9849  1.711    1  0.000  0.545     0.00     0.00 -1  -4.2e-06      0.00 6.390e-01 3.210e-01 7.193e-03 1.940e-03 1.760e-02 -1.000 4.000e-02 -7.224 -7.077 -7.051 -7.040 -7.034 -7.035 -7.031 -7.027 -7.504 -7.155 -7.087 -7.035 -7.034 -7.432 -7.323
0.04 0.47971 7.00000 15.9817714691 2.6295509338   15.109  4.795  3.9744  1.672    1  0.000  0.545     0.00     0.00 -1 -4.09e-06      0.00 6.390e-01 3.210e-01 7.193e-03 1.940e-03 1.760e-02 -1.000 4.000e-02 -7.218 -7.136 -7.114 -7.106 -7.102 -7.105 -7.101 -7.098 -7.579 -7.231 -7.164 -7.104 -7.104 -7.505 -7.397
0.04 0.47971 7.00000 15.9820652008 2.6295511723   15.108  4.790  3.9527  1.590    1  0.000  0.545     0.00     0.00 -1 -3.76e-06      0.00 6.390e-01 3.210e-01 7.193e-03 1.940e-03 1.760e-02 -1.000 4.000e-02 -7.204 -7.257 -7.248 -7.245 -7.250 -7.255 -7.254 -7.253 -7.737 -7.392 -7.326 -7.250 -7.255 -7.660 -7.555
0.04 0.47971 7.00000 15.9823627472 2.6295511723   15.107  4.783  3.9296  1.504    1  0.000  0.545     0.00     0.00 -1 -3.45e-06      0.00 6.390e-01 3.210e-01 7.193e-03 1.940e-03 1.760e-02 -1.000 4.000e-02 -7.188 -7.381 -7.383 -7.387 -7.399 -7.407 -7.408 -7.408 -7.896 -7.554 -7.490 -7.399 -7.407 -7.817 -7.714
0.04 0.47971 7.00000 15.9826612473 2.6295511723   15.107  4.775  3.9052  1.414    1  0.000  0.545     0.00     0.00 -1 -3.16e-06      0.00 6.390e-01 3.210e-01 7.193e-03 1.940e-03 1.760e-02 -1.000 4.000e-02 -7.169 -7.508 -7.526 -7.539 -7.559 -7.570 -7.571 -7.574 -8.064 -7.724 -7.661 -7.558 -7.570 -7.983 -7.882
0.04 0.47971 7.00000 15.9827680588 2.6295514107   15.107  4.772  3.8960  1.381    1  0.000  0.545     0.00     0.00 -1 -3.06e-06      0.00 6.390e-01 3.210e-01 7.193e-03 1.940e-03 1.760e-02 -1.000 4.000e-02 -7.161 -7.554 -7.580 -7.596 -7.619 -7.630 -7.633 -7.636 -8.127 -7.787 -7.725 -7.618 -7.630 -8.046 -7.945
0.04 0.47971 7.00000 15.9828405380 2.6295514107   15.107  4.770  3.8898  1.358    1  0.000  0.545     0.00     0.00 -1 -2.99e-06      0.00 6.390e-01 3.210e-01 7.193e-03 1.940e-03 1.760e-02 -1.000 4.000e-02 -7.155 -7.586 -7.617 -7.636 -7.660 -7.672 -7.675 -7.678 -8.170 -7.831 -7.768 -7.659 -7.672 -8.088 -7.988
0.04 0.47971 7.00000 15.9828987122 2.6295514107   15.106  4.768  3.8847  1.340    1  0.000  0.545     0.00     0.00 -1 -2.94e-06      0.00 6.390e-01 3.210e-01 7.193e-03 1.940e-03 1.760e-02 -1.000 4.000e-02 -7.151 -7.611 -7.647 -7.668 -7.694 -7.706 -7.710 -7.713 -8.205 -7.866 -7.804 -7.693 -7.706 -8.123 -8.023
0.04 0.47971 7.00000 15.9829559326 2.6295514107   15.106  4.766  3.8796  1.321    1  0.000  0.545     0.00     0.00 -1 -2.87e-06      0.00 6.390e-01 3.210e-01 7.193e-03 1.940e-03 1.760e-02 -1.000 4.000e-02 -7.146 -7.637 -7.678 -7.701 -7.728 -7.741 -7.745 -7.748 -8.241 -7.902 -7.840 -7.727 -7.741 -8.159 -8.058
0.04 0.47971 7.00000 15.9830141068 2.6295514107   15.106  4.765  3.8744  1.302    1  0.000  0.545     0.00     0.00 -1  -2.8e-06      0.00 6.390e-01 3.210e-01 7.193e-03 1.940e-03 1.760e-02 -1.000 4.000e-02 -7.141 -7.664 -7.711 -7.735 -7.763 -7.777 -7.781 -7.785 -8.277 -7.939 -7.877 -7.762 -7.777 -8.195 -8.095
0.04 0.47971 7.00000 15.9831304550 2.6295514107   15.106  4.761  3.8636  1.263    1  0.000  0.545     0.00     0.00 -1 -2.67e-06      0.00 6.390e-01 3.210e-01 7.193e-03 1.940e-03 1.760e-02 -1.000 4.000e-02 -7.131 -7.718 -7.777 -7.805 -7.836 -7.850 -7.854 -7.859 -8.352 -8.014 -7.953 -7.834 -7.850 -8.269 -8.170
0.04 0.47971 7.00000 15.9833917618 2.6295514107   15.105  4.751  3.8385  1.172    1  0.000  0.545     0.00     0.00 -1 -2.43e-06      0.00 6.390e-01 3.210e-01 7.193e-03 1.940e-03 1.760e-02 -1.000 4.000e-02 -7.107 -7.844 -7.937 -7.973 -8.008 -8.022 -8.028 -8.033 -8.526 -8.189 -8.128 -8.006 -8.022 -8.443 -8.344
0.04 0.47971 7.00000 15.9843759537 2.6295518875   15.105  4.688  3.7268  0.788    1  0.000  0.544     0.00     0.00 -1 -1.41e-06      0.00 6.388e-01 3.212e-01 7.176e-03 1.970e-03 1.759e-02 -1.000 4.000e-02 -6.950 -8.303 -8.637 -8.720 -8.782 -8.745 -8.764 -8.816 -9.242 -9.119 -9.006 -8.778 -8.741 -8.761 -9.053
0.04 0.47971 7.00000 15.9845552444 2.6295518875   15.105  4.667  3.7027  0.713    1  0.000  0.544     0.00     0.00 -1 -1.23e-06      0.00 6.388e-01 3.212e-01 7.176e-03 1.969e-03 1.759e-02 -1.000 4.000e-02 -6.897 -8.344 -8.741 -8.845 -8.919 -8.852 -8.875 -8.954 -9.383 -9.261 -9.148 -8.912 -8.846 -8.901 -9.194
0.04 0.47971 7.00000 15.9847402573 2.6295521259   15.105  4.641  3.6762  0.633    1  0.000  0.544     0.00     0.00 -1 -1.04e-06      0.00 6.388e-01 3.212e-01 7.176e-03 1.969e-03 1.759e-02 -1.000 4.000e-02 -6.832 -8.366 -8.809 -8.951 -9.041 -8.939 -8.968 -9.080 -9.401 -10.869 -11.976 -9.032 -8.927 -9.055 -9.261
0.04 0.47971 7.00000 15.9849281311 2.6295521259   15.105  4.609  3.6489  0.556    1  0.000  0.544     0.00     0.00 -1 -8.54e-07      0.00 6.388e-01 3.212e-01 7.176e-03 1.969e-03 1.759e-02 -1.000 4.000e-02 -6.753 -8.359 -8.828 -9.025 -9.125 -8.976 -9.019 -9.150 -9.272 -13.770 -17.198 -9.113 -8.961 -9.176 -9.224
0.04 0.47971 7.00000 15.9851207733 2.6295521259   15.105  4.564  3.6242  0.502    1  0.000  0.544     0.00     0.00 -1 -6.77e-07      0.00 6.388e-01 3.212e-01 7.177e-03 1.969e-03 1.759e-02 -1.000 4.000e-02 -6.641 -8.302 -8.836 -9.069 -9.181 -9.023 -9.074 -9.192 -9.335 -13.833 -17.262 -9.167 -9.007 -9.222 -9.287
0.04 0.47971 7.00000 15.9853219986 2.6295521259   15.105  4.509  3.6073  0.489    1  0.000  0.544     0.00     0.00 -1 -5.42e-07      0.00 6.388e-01 3.212e-01 7.177e-03 1.968e-03 1.759e-02 -1.000 4.000e-02 -6.503 -8.199 -8.784 -9.039 -9.158 -8.993 -9.057 -9.164 -9.323 -13.821 -17.249 -9.142 -8.979 -9.197 -9.274
0.04 0.47971 7.00000 15.9855060577 2.6295523643   15.105  4.463  3.5987  0.501    1  0.000  0.544     0.00     0.00 -1 -4.92e-07      0.00 6.388e-01 3.212e-01 7.177e-03 1.968e-03 1.759e-02 -1.000 4.000e-02 -6.386 -8.099 -8.713 -8.978 -9.100 -8.929 -9.003 -9.104 -9.271 -13.769 -17.197 -9.083 -8.916 -9.138 -9.222
0.04 0.47971 7.00000 15.9856996536 2.6295523643   15.105  4.417  3.5934  0.526    1  0.000  0.544     0.00     0.00 -1 -4.61e-07      0.00 6.388e-01 3.212e-01 7.177e-03 1.968e-03 1.759e-02 -1.000 4.000e-02 -6.272 -7.996 -8.627 -8.898 -9.021 -8.848 -8.928 -9.026 -9.197 -13.696 -17.124 -9.003 -8.836 -9.060 -9.148
0.04 0.47971 7.00000 15.9858999252 2.6295523643   15.105  4.383  3.5865  0.532    1  0.000  0.542     0.00     0.00 -1 -4.39e-07      0.00 6.384e-01 3.216e-01 7.147e-03 2.024e-03 1.756e-02 -1.000 4.000e-02 -6.188 -7.928 -8.582 -8.860 -8.985 -8.808 -8.896 -8.991 -9.169 -13.668 -17.096 -8.967 -8.797 -9.026 -9.120
0.04 0.47971 7.00000 15.9861154556 2.6295526028   15.105  4.618  3.5562  0.176    1  0.000  0.482     0.00     0.00 -1 -8.71e-07      0.00 6.231e-01 3.368e-01 6.037e-03 4.158e-03 1.652e-02 -1.000 4.005e-02 -6.775 -8.612 -9.325 -9.651 -9.802 -9.610 -9.735 -9.825 -10.032 -14.532 -17.960 -9.777 -9.604 -9.869 -9.982
0.04 0.47971 7.00000 15.9862327576 2.6295526028   15.105  4.746  3.5397 -0.018    1  0.000  0.450     0.00     0.00 -1 -1.27e-06      0.00 6.148e-01 3.451e-01 5.432e-03 5.320e-03 1.596e-02 -1.000 4.007e-02 -7.095 -8.989 -9.728 -10.084 -10.249 -10.050 -10.194 -10.285 -10.507 -15.008 -18.436 -10.220 -10.045 -10.334 -10.457
0.04 0.47971 7.00000 15.9862909317 2.6295526028   15.105  4.809  3.5315 -0.114    1  0.000  0.433     0.00     0.00 -1 -1.52e-06      0.00 6.107e-01 3.492e-01 5.133e-03 5.896e-03 1.568e-02 -1.000 4.008e-02 -7.253 -9.178 -9.926 -10.298 -10.471 -10.273 -10.426 -10.517 -10.746 -15.247 -18.675 -10.440 -10.270 -10.569 -10.695
0.04 0.47971 7.00000 15.9863357544 2.6295526028   15.105  4.858  3.5252 -0.188    1  0.000  0.421     0.00     0.00 -1 -1.75e-06      0.00 6.075e-01 3.524e-01 4.904e-03 6.337e-03 1.546e-02 -1.000 4.009e-02 -7.374 -9.321 -10.076 -10.462 -10.641 -10.444 -10.603 -10.696 -10.928 -15.430 -18.858 -10.608 -10.442 -10.750 -10.877
0.04 0.47971 7.00000 15.9864244461 2.6295526028   15.105  4.921  3.5170 -0.284    1  0.000  0.407     0.00     0.00 -1 -2.17e-06      0.00 6.039e-01 3.560e-01 4.641e-03 6.842e-03 1.522e-02 -1.000 4.010e-02 -7.533 -9.505 -10.274 -10.678 -10.863 -10.662 -10.831 -10.926 -11.165 -15.667 -19.095 -10.826 -10.662 -10.982 -11.114
0.04 0.47971 7.00000 15.9865741730 2.6295526028   15.105  4.957  3.5124 -0.338    1  0.000  0.406     0.00     0.00 -1 -2.68e-06      0.00 6.036e-01 3.563e-01 4.626e-03 6.876e-03 1.520e-02 -1.000 4.010e-02 -7.622 -9.610 -10.383 -10.798 -10.989 -10.795 -10.966 -11.063 -11.305 -15.807 -19.236 -10.950 -10.795 -11.122 -11.253
0.04 0.47971 7.00000 15.9904451370 2.6295540333   15.096  5.006  3.5062 -0.412    1  0.000  0.405     0.00     0.00 -1 -3.58e-06      0.00 6.003e-01 3.595e-01 4.580e-03 7.046e-03 1.507e-02 -1.000 4.018e-02 -7.745 -9.752 -10.533 -10.962 -11.161 -10.974 -11.149 -11.250 -11.495 -15.998 -19.427 -11.119 -10.976 -11.312 -11.444
0.04 0.47971 7.00000 16.0000000000 2.6295573711   15.077  5.000  3.5069 -0.404    1  0.000  0.405     0.00     0.00 -1  -3.5e-06      0.00 6.001e-01 3.598e-01 4.576e-03 7.061e-03 1.506e-02 -1.000 4.017e-02 -7.730 -9.736 -10.516 -10.944 -11.142 -10.955 -11.128 -11.229 -11.474 -15.977 -19.405 -11.100 -10.956 -11.291 -11.422
0.04 0.47971 7.00000 16.0523796082 2.6295759678   14.976  4.973  3.5103 -0.366    1  0.000  0.405     0.00     0.00 -1 -3.13e-06      0.00 5.986e-01 3.613e-01 4.559e-03 7.135e-03 1.500e-02 -1.000 4.010e-02 -7.661 -9.657 -10.432 -10.852 -11.046 -10.856 -11.027 -11.126 -11.369 -15.872 -19.300 -11.006 -10.857 -11.186 -11.317
0.04 0.47971 7.00000 16.0851230621 2.6295876503   14.926  4.938  3.5151 -0.314    1  0.000  0.405     0.00     0.00 -1 -2.69e-06      0.00 5.985e-01 3.614e-01 4.558e-03 7.141e-03 1.499e-02 -1.000 4.010e-02 -7.575 -9.553 -10.324 -10.732 -10.920 -10.722 -10.892 -10.987 -11.227 -15.729 -19.158 -10.882 -10.722 -11.045 -11.176
0.04 0.47971 7.00000 16.1244411469 2.6296012402   14.880  4.901  3.5207 -0.255    1  0.000  0.406     0.00     0.00 -1  -2.3e-06      0.00 5.983e-01 3.616e-01 4.558e-03 7.149e-03 1.498e-02 -1.000 4.010e-02 -7.481 -9.443 -10.205 -10.600 -10.783 -10.584 -10.748 -10.842 -11.078 -15.580 -19.008 -10.748 -10.582 -10.897 -11.027
0.04 0.47971 7.00000 16.1891326904 2.6296238899   14.825  4.869  3.5263 -0.203    1  0.000  0.406     0.00     0.00 -1 -1.99e-06      0.00 5.981e-01 3.618e-01 4.557e-03 7.161e-03 1.497e-02 -1.000 4.010e-02 -7.403 -9.347 -10.100 -10.484 -10.663 -10.467 -10.625 -10.719 -10.950 -15.451 -18.880 -10.630 -10.465 -10.772 -10.899
0.04 0.47971 7.00000 16.5667076111 2.6297512054   14.534  4.860  3.5332 -0.175    1  0.000  0.407     0.00     0.00 -1 -1.92e-06      0.00 5.966e-01 3.633e-01 4.550e-03 7.232e-03 1.489e-02 -1.000 4.010e-02 -7.380 -9.302 -10.043 -10.414 -10.589 -10.396 -10.545 -10.639 -10.864 -15.365 -18.794 -10.558 -10.393 -10.691 -10.813
0.04 0.47971 7.00000 16.7630481720 2.6298148632   14.335  4.882  3.5283 -0.223    2  0.000  0.408     0.00     0.00 -1 -2.17e-06      0.00 5.959e-01 3.640e-01 4.547e-03 7.268e-03 1.486e-02 -1.000 4.010e-02 -7.436 -9.374 -10.123 -10.503 -10.682 -10.488 -10.642 -10.736 -10.965 -15.467 -18.896 -10.649 -10.485 -10.789 -10.914
0.04 0.47971 7.00000 16.7715320587 2.6298174858   14.326  4.883  3.5281 -0.225    2  0.000  0.408     0.00     0.00 -1 -2.19e-06      0.00 5.959e-01 3.640e-01 4.546e-03 7.269e-03 1.485e-02 -1.000 4.010e-02 -7.438 -9.377 -10.126 -10.507 -10.685 -10.491 -10.646 -10.740 -10.970 -15.471 -18.900 -10.653 -10.489 -10.794 -10.919
0.04 0.47971 7.00000 16.8549537659 2.6298441887   14.222  4.898  3.5249 -0.255    3  0.000  0.408     0.00     0.00 -1 -2.36e-06      0.00 5.956e-01 3.643e-01 4.545e-03 7.285e-03 1.484e-02 -1.000 4.010e-02 -7.475 -9.424 -10.179 -10.566 -10.746 -10.550 -10.709 -10.803 -11.035 -15.537 -18.965 -10.712 -10.548 -10.857 -10.984
0.04 0.47971 7.00000 16.8872833252 2.6298542023   14.180  4.904  3.5237 -0.267    3  0.000  0.409     0.00     0.00 -1 -2.42e-06      0.00 5.955e-01 3.644e-01 4.544e-03 7.290e-03 1.483e-02 -1.000 4.010e-02 -7.489 -9.442 -10.199 -10.588 -10.769 -10.573 -10.733 -10.827 -11.061 -15.562 -18.991 -10.735 -10.571 -10.882 -11.009
0.04 0.47971 7.00000 17.0310478210 2.6298990250   13.952  4.945  3.5159 -0.347    3  0.000  0.409     0.00     0.00 -1 -2.99e-06      0.00 5.949e-01 3.650e-01 4.542e-03 7.316e-03 1.480e-02 -1.000 4.010e-02 -7.592 -9.572 -10.337 -10.745 -10.934 -10.744 -10.910 -11.007 -11.245 -15.747 -19.176 -10.897 -10.743 -11.065 -11.193
0.04 0.47971 7.00000 17.0334758759 2.6298997402   13.948  4.946  3.5158 -0.348    3  0.000  0.409     0.00     0.00 -1 -3.01e-06      0.00 5.949e-01 3.650e-01 4.542e-03 7.317e-03 1.480e-02 -1.000 4.010e-02 -7.594 -9.574 -10.339 -10.747 -10.937 -10.747 -10.913 -11.010 -11.248 -15.751 -19.179 -10.900 -10.746 -11.068 -11.197
0.04 0.47971 7.00000 17.0504703522 2.6299049854   13.914  4.976  3.5108 -0.399    3  0.000  0.409     0.00     0.00 -1 -3.46e-06      0.00 5.949e-01 3.650e-01 4.542e-03 7.320e-03 1.480e-02 -1.000 4.010e-02 -7.669 -9.666 -10.436 -10.856 -11.052 -10.868 -11.037 -11.138 -11.378 -15.881 -19.310 -11.013 -10.869 -11.198 -11.326
0.04 0.47971 7.00000 17.0556755066 2.6299066544   13.904  4.992  3.5084 -0.425    3  0.000  0.409     0.00     0.00 -1 -3.72e-06      0.00 5.948e-01 3.651e-01 4.542e-03 7.321e-03 1.480e-02 -1.000 4.010e-02 -7.709 -9.713 -10.487 -10.913 -11.111 -10.929 -11.099 -11.201 -11.443 -15.947 -19.375 -11.071 -10.930 -11.263 -11.392
0.04 0.47971 7.00000 17.0621185303 2.6299085617   13.885  5.051  3.4997 -0.520    3  0.000  0.406     0.00     0.00 -1 -4.96e-06      0.00 5.948e-01 3.651e-01 4.503e-03 7.364e-03 1.480e-02 -1.000 4.014e-02 -7.859 -9.883 -10.677 -11.120 -11.325 -11.140 -11.320 -11.423 -11.675 -16.177 -19.605 -11.278 -11.142 -11.489 -11.623
0.04 0.47971 7.00000 17.0643768311 2.6299092770   13.877  5.077  3.4962 -0.560    3  0.000  0.403     0.00     0.00 -1  -5.6e-06      0.00 5.947e-01 3.651e-01 4.466e-03 7.409e-03 1.479e-02 -1.000 4.015e-02 -7.921 -9.949 -10.757 -11.205 -11.411 -11.217 -11.404 -11.504 -11.763 -16.263 -19.691 -11.360 -11.219 -11.572 -11.711
0.04 0.47971 7.00000 17.0669593811 2.6299099922   13.867  5.110  3.4916 -0.612    3  0.000  0.400     0.00     0.00 -1 -6.64e-06      0.00 5.947e-01 3.652e-01 4.438e-03 7.446e-03 1.479e-02 -1.000 4.011e-02 -8.006 -10.039 -10.864 -11.320 -11.525 -11.320 -11.515 -11.612 -11.879 -16.376 -19.804 -11.469 -11.322 -11.683 -11.828
0.04 0.47971 7.00000 17.0705318451 2.6299111843   13.848  5.152  3.4864 -0.675    3  0.000  0.399     0.00     0.00 -1 -8.11e-06      0.00 5.946e-01 3.652e-01 4.424e-03 7.472e-03 1.478e-02 -1.000 4.014e-02 -8.111 -10.149 -10.993 -11.456 -11.663 -11.449 -11.650 -11.742 -12.018 -16.511 -19.940 -11.598 -11.451 -11.818 -11.969
0.04 0.47971 7.00000 17.0757694244 2.6299128532   13.827  5.200  3.4808 -0.746    3  0.000  0.399     0.00     0.00 -1 -1.02e-05      0.00 5.944e-01 3.655e-01 4.414e-03 7.500e-03 1.476e-02 -1.000 4.010e-02 -8.230 -10.274 -11.139 -11.609 -11.818 -11.597 -11.802 -11.889 -12.175 -16.663 -20.091 -11.742 -11.599 -11.971 -12.127
0.04 0.47971 7.00000 17.0767211914 2.6299130917   13.828  5.208  3.4800 -0.757    3  0.000  0.399     0.00     0.00 -1 -1.06e-05      0.00 5.944e-01 3.655e-01 4.413e-03 7.505e-03 1.476e-02 -1.000 4.010e-02 -8.249 -10.293 -11.161 -11.633 -11.841 -11.620 -11.825 -11.911 -12.199 -16.686 -20.115 -11.764 -11.622 -11.995 -12.151
#isochrone terminated
