# File generated by CMD 3.3 (http://stev.oapd.inaf.it/cmd) on Wed Apr 22 15:19:14 CEST 2020
# isochrones based on PARSEC release v1.2S +  COLIBRI S_35
# Basic references: Bressan et al. (2012), MNRAS, 427, 127 + Chen et al. (2014, 2015), MNRAS, 444, 2525 + MNRAS, 452, 1068 + Tang et al. (2014), MNRAS, 445, 4287 + Marigo et al. (2017), ApJ, 835, 77 + Pastorelli al. (2019), MNRAS in press
# Thermal pulse cycles included 
# On RGB, assumed Reimers mass loss with efficiency eta=0.2
# Photometric system:  2MASS + Spitzer (IRAC+MIPS) + WISE
# Using YBC version of bolometric corrections as in Chen et al. (2019)
# O-rich circumstellar dpmod60alox40 dust from Groenewegen (2006)
# C-rich circumstellar AMCSIC15 dust from Groenewegen (2006)
# IMF: Kroupa (2001, 2002) + Kroupa et al. (2013) canonical two-part-power law IMF corrected for unresolved binaries 
# Kind of output: isochrone tables
# Zini     MH   logAge Mini        int_IMF         Mass   logL    logTe  logg  label   McoreTP C_O  period0 period1 pmode  Mloss  tau1m   X   Y   Xc  Xn  Xo  Cexcess  Z 	 mbolmag  Jmag    Hmag    Ksmag   IRAC_3.6mag  IRAC_4.5mag  IRAC_5.8mag  IRAC_8.0mag  MIPS_24mag  MIPS_70mag  MIPS_160mag  W1mag   W2mag   W3mag   W4mag
0.01 -0.17553 5.00000 0.0900000036 1.0816895962    0.090 -0.733  3.4680  2.949    0  0.000  0.545     0.00     0.00 -1 -2.63e-13      0.00 7.230e-01 2.670e-01 1.798e-03 4.851e-04 4.400e-03 -1.000 1.000e-02 6.602 4.572 3.979 3.706 3.363 3.221 3.186 3.125 2.513 2.491 2.567 3.490 3.227 3.092 2.703
0.01 -0.17553 5.00000 0.1000000015 1.1711064577    0.100 -0.658  3.4723  2.937    0  0.000  0.545     0.00     0.00 -1 -3.01e-13      0.00 7.230e-01 2.670e-01 1.798e-03 4.851e-04 4.400e-03 -1.000 1.000e-02 6.415 4.393 3.782 3.520 3.195 3.058 3.025 2.967 2.359 2.341 2.420 3.321 3.065 2.937 2.549
0.01 -0.17553 5.00000 0.1068099812 1.2255989313    0.107 -0.613  3.4756  2.934    0  0.000  0.545     0.00     0.00 -1 -3.24e-13      0.00 7.230e-01 2.670e-01 1.798e-03 4.851e-04 4.400e-03 -1.000 1.000e-02 6.302 4.287 3.664 3.409 3.097 2.964 2.933 2.877 2.272 2.257 2.338 3.223 2.971 2.848 2.462
0.01 -0.17553 5.00000 0.1218004599 1.3310672045    0.122 -0.521  3.4825  2.926    0  0.000  0.545     0.00     0.00 -1 -3.78e-13      0.00 7.230e-01 2.670e-01 1.798e-03 4.851e-04 4.400e-03 -1.000 1.000e-02 6.072 4.072 3.420 3.180 2.896 2.771 2.743 2.691 2.095 2.085 2.171 3.020 2.779 2.668 2.284
0.01 -0.17553 5.00000 0.1349182278 1.4103775024    0.135 -0.451  3.4889  2.926    0  0.000  0.545     0.00     0.00 -1 -4.22e-13      0.00 7.230e-01 2.670e-01 1.798e-03 4.851e-04 4.400e-03 -1.000 1.000e-02 5.898 3.913 3.235 3.006 2.748 2.632 2.606 2.557 1.968 1.965 2.056 2.869 2.639 2.538 2.158
0.01 -0.17553 5.00000 0.1419565678 1.4489111900    0.142 -0.416  3.4923  2.927    0  0.000  0.545     0.00     0.00 -1 -4.45e-13      0.00 7.230e-01 2.670e-01 1.798e-03 4.851e-04 4.400e-03 -1.000 1.000e-02 5.811 3.834 3.141 2.918 2.673 2.562 2.538 2.491 1.906 1.906 2.000 2.793 2.571 2.474 2.096
0.01 -0.17553 5.00000 0.1541291177 1.5100198984    0.154 -0.360  3.4983  2.931    0  0.000  0.545     0.00     0.00 -1 -4.85e-13      0.00 7.230e-01 2.670e-01 1.798e-03 4.851e-04 4.400e-03 -1.000 1.000e-02 5.669 3.708 2.991 2.776 2.554 2.453 2.431 2.386 1.809 1.816 1.914 2.671 2.462 2.374 1.999
0.01 -0.17553 5.00000 0.1634599566 1.5527645350    0.163 -0.319  3.5029  2.934    0  0.000  0.545     0.00     0.00 -1 -5.15e-13      0.00 7.230e-01 2.670e-01 1.798e-03 4.851e-04 4.400e-03 -1.000 1.000e-02 5.567 3.617 2.882 2.673 2.469 2.376 2.355 2.311 1.740 1.752 1.853 2.583 2.385 2.303 1.930
0.01 -0.17553 5.00000 0.1768871248 1.6090015173    0.177 -0.265  3.5093  2.940    0  0.000  0.545     0.00     0.00 -1 -5.56e-13      0.00 7.230e-01 2.670e-01 1.798e-03 4.851e-04 4.400e-03 -1.000 1.000e-02 5.433 3.501 2.741 2.540 2.358 2.277 2.257 2.216 1.653 1.673 1.779 2.469 2.286 2.212 1.843
0.01 -0.17553 5.00000 0.1914602816 1.6640766859    0.191 -0.209  3.5162  2.946    0  0.000  0.545     0.00     0.00 -1 -6.05e-13      0.00 7.230e-01 2.670e-01 1.798e-03 4.851e-04 4.400e-03 -1.000 1.000e-02 5.292 3.380 2.594 2.401 2.242 2.175 2.155 2.115 1.562 1.592 1.702 2.347 2.184 2.116 1.751
0.01 -0.17553 5.00000 0.2044619173 1.7088004351    0.204 -0.159  3.5224  2.949    0  0.000  0.545     0.00     0.00 -1 -6.54e-13      0.00 7.230e-01 2.670e-01 1.798e-03 4.851e-04 4.400e-03 -1.000 1.000e-02 5.167 3.274 2.466 2.280 2.140 2.085 2.066 2.026 1.482 1.521 1.635 2.239 2.095 2.033 1.672
0.01 -0.17553 5.00000 0.2214608192 1.7619909048    0.221 -0.101  3.5304  2.958    0  0.000  0.545     0.00     0.00 -1 -7.11e-13      0.00 7.230e-01 2.670e-01 1.798e-03 4.851e-04 4.400e-03 -1.000 1.000e-02 5.022 3.153 2.321 2.143 2.023 1.986 1.966 1.928 1.397 1.445 1.563 2.115 1.996 1.940 1.586
0.01 -0.17553 5.00000 0.2394370288 1.8127530813    0.239 -0.043  3.5387  2.967    0  0.000  0.545     0.00     0.00 -1 -7.74e-13      0.00 7.230e-01 2.670e-01 1.798e-03 4.851e-04 4.400e-03 -1.000 1.000e-02 4.877 3.039 2.187 2.012 1.906 1.888 1.865 1.824 1.308 1.368 1.489 1.988 1.897 1.843 1.497
0.01 -0.17553 5.00000 0.2691433430 1.8866318464    0.269  0.048  3.5513  2.977    0  0.000  0.545     0.00     0.00 -1 -8.89e-13      0.00 7.230e-01 2.670e-01 1.798e-03 4.851e-04 4.400e-03 -1.000 1.000e-02 4.649 2.858 1.988 1.817 1.728 1.735 1.708 1.661 1.167 1.244 1.370 1.793 1.744 1.689 1.356
0.01 -0.17553 5.00000 0.2937139273 1.9401510954    0.294  0.114  3.5608  2.987    0  0.000  0.545     0.00     0.00 -1 -9.79e-13      0.00 7.230e-01 2.670e-01 1.798e-03 4.851e-04 4.400e-03 -1.000 1.000e-02 4.484 2.727 1.852 1.686 1.605 1.630 1.600 1.547 1.069 1.158 1.285 1.658 1.639 1.582 1.258
0.01 -0.17553 5.00000 0.3000000119 1.9529139996    0.300  0.130  3.5631  2.990    0  0.000  0.545     0.00     0.00 -1    -1e-12      0.00 7.230e-01 2.670e-01 1.798e-03 4.851e-04 4.400e-03 -1.000 1.000e-02 4.445 2.696 1.822 1.656 1.578 1.606 1.575 1.521 1.046 1.138 1.265 1.627 1.615 1.558 1.236
0.01 -0.17553 5.00000 0.3331912458 2.0149755478    0.333  0.217  3.5743  2.993    0  0.000  0.545     0.00     0.00 -1 -1.16e-12      0.00 7.230e-01 2.670e-01 1.798e-03 4.851e-04 4.400e-03 -1.000 1.000e-02 4.227 2.515 1.649 1.489 1.418 1.462 1.428 1.367 0.909 1.013 1.141 1.454 1.470 1.410 1.098
0.01 -0.17553 5.00000 0.3500000238 2.0434176922    0.350  0.256  3.5795  2.996    0  0.000  0.545     0.00     0.00 -1 -1.23e-12      0.00 7.230e-01 2.670e-01 1.798e-03 4.851e-04 4.400e-03 -1.000 1.000e-02 4.131 2.434 1.575 1.418 1.349 1.399 1.363 1.299 0.848 0.958 1.086 1.380 1.407 1.345 1.038
0.01 -0.17553 5.00000 0.3931285441 2.1089279652    0.393  0.354  3.5912  2.995    0  0.000  0.545     0.00     0.00 -1 -1.46e-12      0.00 7.230e-01 2.670e-01 1.798e-03 4.851e-04 4.400e-03 -1.000 1.000e-02 3.884 2.219 1.387 1.239 1.174 1.231 1.195 1.126 0.688 0.807 0.935 1.195 1.239 1.178 0.878
0.01 -0.17553 5.00000 0.4000000358 2.1185026169    0.400  0.368  3.5929  2.996    0  0.000  0.545     0.00     0.00 -1 -1.49e-12      0.00 7.230e-01 2.670e-01 1.798e-03 4.851e-04 4.400e-03 -1.000 1.000e-02 3.850 2.189 1.362 1.215 1.150 1.209 1.173 1.103 0.667 0.787 0.915 1.171 1.216 1.155 0.856
0.01 -0.17553 5.00000 0.4500000179 2.1822810173    0.450  0.475  3.6040  2.984    0  0.000  0.545     0.00     0.00 -1 -1.82e-12      0.00 7.230e-01 2.670e-01 1.798e-03 4.851e-04 4.400e-03 -1.000 1.000e-02 3.583 1.948 1.153 1.015 0.953 1.016 0.980 0.909 0.482 0.610 0.739 0.968 1.023 0.965 0.671
0.01 -0.17553 5.00000 0.5000000000 2.2374541759    0.500  0.557  3.6132  2.985    0  0.000  0.545     0.00     0.00 -1 -2.09e-12      0.00 7.230e-01 2.670e-01 1.798e-03 4.851e-04 4.400e-03 -1.000 1.000e-02 3.378 1.764 0.998 0.867 0.807 0.872 0.838 0.767 0.345 0.479 0.609 0.819 0.879 0.824 0.534
0.01 -0.17553 5.00000 0.5344306231 2.2703347206    0.534  0.612  3.6185  2.979    0  0.000  0.545     0.00     0.00 -1 -2.31e-12      0.00 7.230e-01 2.670e-01 1.798e-03 4.851e-04 4.400e-03 -1.000 1.000e-02 3.239 1.637 0.887 0.760 0.703 0.768 0.735 0.665 0.246 0.382 0.512 0.713 0.775 0.723 0.435
0.01 -0.17553 5.00000 0.5500000119 2.2836582661    0.550  0.638  3.6209  2.976    0  0.000  0.545     0.00     0.00 -1 -2.42e-12      0.00 7.230e-01 2.670e-01 1.798e-03 4.851e-04 4.400e-03 -1.000 1.000e-02 3.175 1.579 0.837 0.711 0.655 0.720 0.688 0.618 0.200 0.337 0.467 0.664 0.727 0.676 0.389
0.01 -0.17553 5.00000 0.5830973387 2.3092823029    0.583  0.686  3.6251  2.970    0  0.000  0.545     0.00     0.00 -1 -2.64e-12      0.00 7.230e-01 2.670e-01 1.798e-03 4.851e-04 4.400e-03 -1.000 1.000e-02 3.055 1.468 0.740 0.618 0.563 0.628 0.597 0.527 0.111 0.249 0.380 0.571 0.635 0.586 0.299
0.01 -0.17553 5.00000 0.6000000238 2.3211214542    0.600  0.714  3.6273  2.963    0  0.000  0.545     0.00     0.00 -1  -2.8e-12      0.00 7.230e-01 2.670e-01 1.798e-03 4.851e-04 4.400e-03 -1.000 1.000e-02 2.985 1.403 0.682 0.562 0.507 0.572 0.542 0.473 0.057 0.196 0.327 0.516 0.579 0.532 0.246
0.01 -0.17553 5.00000 0.6406409740 2.3466699123    0.641  0.762  3.6319  2.962    0  0.000  0.545     0.00     0.00 -1 -3.03e-12      0.00 7.230e-01 2.670e-01 1.798e-03 4.851e-04 4.400e-03 -1.000 1.000e-02 2.865 1.294 0.588 0.471 0.418 0.483 0.454 0.386 -0.030 0.111 0.242 0.426 0.490 0.445 0.159
0.01 -0.17553 5.00000 0.6499999762 2.3520355225    0.650  0.774  3.6329  2.960    0  0.000  0.545     0.00     0.00 -1  -3.1e-12      0.00 7.230e-01 2.670e-01 1.798e-03 4.851e-04 4.400e-03 -1.000 1.000e-02 2.834 1.266 0.563 0.447 0.394 0.459 0.430 0.362 -0.053 0.087 0.219 0.402 0.466 0.421 0.136
0.01 -0.17553 5.00000 0.7000000477 2.3779268265    0.700  0.841  3.6375  2.944    0  0.000  0.545     0.00     0.00 -1 -3.55e-12      0.00 7.230e-01 2.670e-01 1.798e-03 4.851e-04 4.400e-03 -1.000 1.000e-02 2.668 1.111 0.423 0.312 0.260 0.324 0.296 0.229 -0.186 -0.044 0.088 0.267 0.331 0.288 0.003
0.01 -0.17553 5.00000 0.7500000000 2.3998889923    0.750  0.908  3.6449  2.936    0  0.000  0.537     0.00     0.00 -1 -4.04e-12      0.00 7.230e-01 2.670e-01 1.774e-03 4.845e-04 4.401e-03 -1.000 1.000e-02 2.500 0.961 0.299 0.193 0.143 0.205 0.179 0.114 -0.300 -0.157 -0.025 0.149 0.212 0.173 -0.111
0.01 -0.17553 5.00000 0.7978261113 2.4179618359    0.798  0.959  3.6480  2.925    0  0.000  0.537     0.00     0.00 -1 -4.47e-12      0.00 7.230e-01 2.670e-01 1.774e-03 4.845e-04 4.401e-03 -1.000 1.000e-02 2.373 0.843 0.192 0.088 0.038 0.100 0.075 0.011 -0.403 -0.260 -0.128 0.044 0.107 0.070 -0.215
0.01 -0.17553 5.00000 0.8456522226 2.4337043762    0.845  1.007  3.6509  2.914    0  0.000  0.537     0.00     0.00 -1 -4.91e-12      0.00 7.230e-01 2.670e-01 1.774e-03 4.845e-04 4.401e-03 -1.000 1.000e-02 2.253 0.730 0.089 -0.013 -0.062 -0.001 -0.026 -0.089 -0.503 -0.359 -0.227 -0.057 0.005 -0.030 -0.314
0.01 -0.17553 5.00000 0.8603501320 2.4381399155    0.860  1.020  3.6517  2.911    0  0.000  0.537     0.00     0.00 -1 -5.03e-12      0.00 7.230e-01 2.670e-01 1.774e-03 4.845e-04 4.401e-03 -1.000 1.000e-02 2.220 0.699 0.061 -0.041 -0.089 -0.029 -0.053 -0.116 -0.530 -0.386 -0.254 -0.084 -0.022 -0.057 -0.341
0.01 -0.17553 5.00000 0.8934782743 2.4475245476    0.893  1.052  3.6534  2.903    0  0.000  0.537     0.00     0.00 -1 -5.36e-12      0.00 7.230e-01 2.670e-01 1.774e-03 4.845e-04 4.401e-03 -1.000 1.000e-02 2.141 0.624 -0.007 -0.108 -0.157 -0.096 -0.121 -0.183 -0.597 -0.453 -0.321 -0.151 -0.090 -0.124 -0.408
0.01 -0.17553 5.00000 0.9413043261 2.4597423077    0.941  1.089  3.6559  2.898    0  0.000  0.537     0.00     0.00 -1 -5.73e-12      0.00 7.230e-01 2.670e-01 1.774e-03 4.845e-04 4.401e-03 -1.000 1.000e-02 2.048 0.538 -0.085 -0.184 -0.232 -0.172 -0.196 -0.258 -0.672 -0.528 -0.395 -0.227 -0.166 -0.199 -0.483
0.01 -0.17553 5.00000 0.9891304374 2.4706115723    0.989  1.127  3.6581  2.891    0  0.000  0.537     0.00     0.00 -1 -6.15e-12      0.00 7.230e-01 2.670e-01 1.774e-03 4.845e-04 4.401e-03 -1.000 1.000e-02 1.953 0.449 -0.166 -0.263 -0.311 -0.252 -0.275 -0.337 -0.750 -0.606 -0.473 -0.306 -0.246 -0.277 -0.561
0.01 -0.17553 5.00000 1.0056552887 2.4740917683    1.005  1.138  3.6588  2.889    0  0.000  0.537     0.00     0.00 -1 -6.15e-12      0.00 7.230e-01 2.670e-01 1.774e-03 4.845e-04 4.401e-03 -1.000 1.000e-02 1.925 0.423 -0.190 -0.287 -0.335 -0.276 -0.299 -0.360 -0.773 -0.629 -0.496 -0.329 -0.269 -0.300 -0.585
0.01 -0.17553 5.00000 1.0369565487 2.4803357124    1.036  1.162  3.6601  2.883    0  0.000  0.537     0.00     0.00 -1 -6.23e-12      0.00 7.230e-01 2.670e-01 1.774e-03 4.845e-04 4.401e-03 -1.000 1.000e-02 1.864 0.365 -0.243 -0.339 -0.386 -0.328 -0.351 -0.411 -0.825 -0.681 -0.548 -0.381 -0.322 -0.352 -0.636
0.01 -0.17553 5.00000 1.0847826004 2.4890804291    1.084  1.196  3.6620  2.877    0  0.000  0.537     0.00     0.00 -1 -6.13e-12      0.00 7.230e-01 2.670e-01 1.774e-03 4.845e-04 4.401e-03 -1.000 1.000e-02 1.781 0.288 -0.314 -0.409 -0.456 -0.398 -0.420 -0.480 -0.894 -0.750 -0.617 -0.451 -0.392 -0.421 -0.705
0.01 -0.17553 5.00000 1.1326086521 2.4969816208    1.132  1.229  3.6637  2.870    0  0.000  0.537     0.00     0.00 -1 -6.02e-12      0.00 7.230e-01 2.670e-01 1.774e-03 4.845e-04 4.401e-03 -1.000 1.000e-02 1.698 0.210 -0.386 -0.480 -0.526 -0.469 -0.491 -0.550 -0.964 -0.819 -0.687 -0.521 -0.463 -0.491 -0.775
0.01 -0.17553 5.00000 1.1804348230 2.5041508675    1.180  1.259  3.6653  2.864    0  0.000  0.537     0.00     0.00 -1 -5.83e-12      0.00 7.230e-01 2.670e-01 1.774e-03 4.845e-04 4.401e-03 -1.000 1.000e-02 1.622 0.139 -0.452 -0.545 -0.591 -0.534 -0.555 -0.615 -1.028 -0.883 -0.751 -0.586 -0.528 -0.555 -0.839
0.01 -0.17553 5.00000 1.2282608747 2.5106818676    1.228  1.286  3.6669  2.860    0  0.000  0.537     0.00     0.00 -1 -5.55e-12      0.00 7.230e-01 2.670e-01 1.774e-03 4.845e-04 4.401e-03 -1.000 1.000e-02 1.554 0.075 -0.510 -0.602 -0.648 -0.591 -0.612 -0.671 -1.085 -0.940 -0.807 -0.643 -0.585 -0.612 -0.896
0.01 -0.17553 5.00000 1.2760869265 2.5166530609    1.276  1.316  3.6683  2.853    0  0.000  0.537     0.00     0.00 -1 -5.28e-12      0.00 7.230e-01 2.670e-01 1.774e-03 4.845e-04 4.401e-03 -1.000 1.000e-02 1.481 0.005 -0.575 -0.666 -0.712 -0.655 -0.676 -0.735 -1.148 -1.004 -0.871 -0.707 -0.649 -0.676 -0.960
0.01 -0.17553 5.00000 1.3239130974 2.5221309662    1.324  1.342  3.6696  2.848    0  0.000  0.537     0.00     0.00 -1 -4.91e-12      0.00 7.230e-01 2.670e-01 1.774e-03 4.845e-04 4.401e-03 -1.000 1.000e-02 1.414 -0.057 -0.633 -0.723 -0.768 -0.712 -0.733 -0.791 -1.205 -1.060 -0.927 -0.764 -0.706 -0.732 -1.016
0.01 -0.17553 5.00000 1.3674576283 2.5267372131    1.367  1.366  3.6707  2.843    0  0.000  0.537     0.00     0.00 -1 -4.54e-12      0.00 7.230e-01 2.670e-01 1.774e-03 4.845e-04 4.401e-03 -1.000 1.000e-02 1.354 -0.114 -0.686 -0.775 -0.820 -0.765 -0.785 -0.843 -1.257 -1.112 -0.979 -0.816 -0.759 -0.784 -1.068
0.01 -0.17553 5.00000 1.3717391491 2.5271718502    1.372  1.369  3.6709  2.842    0  0.000  0.537     0.00     0.00 -1  -4.5e-12      0.00 7.230e-01 2.670e-01 1.774e-03 4.845e-04 4.401e-03 -1.000 1.000e-02 1.348 -0.120 -0.691 -0.780 -0.826 -0.770 -0.791 -0.848 -1.262 -1.117 -0.984 -0.821 -0.764 -0.789 -1.073
0.01 -0.17553 5.00000 1.4195654392 2.5318241119    1.420  1.394  3.6720  2.836    0  0.000  0.537     0.00     0.00 -1 -4.04e-12      0.00 7.230e-01 2.670e-01 1.774e-03 4.845e-04 4.401e-03 -1.000 1.000e-02 1.284 -0.181 -0.748 -0.837 -0.882 -0.826 -0.847 -0.904 -1.318 -1.173 -1.040 -0.877 -0.821 -0.845 -1.129
0.01 -0.17553 5.00000 1.4338166714 2.5331416130    1.434  1.401  3.6724  2.835    0  0.000  0.537     0.00     0.00 -1 -3.86e-12      0.00 7.230e-01 2.670e-01 1.774e-03 4.845e-04 4.401e-03 -1.000 1.000e-02 1.266 -0.197 -0.763 -0.852 -0.897 -0.841 -0.862 -0.919 -1.333 -1.188 -1.055 -0.892 -0.836 -0.860 -1.144
0.01 -0.17553 5.00000 1.4673912525 2.5361294746    1.467  1.416  3.6732  2.833    0  0.000  0.537     0.00     0.00 -1 -3.46e-12      0.00 7.230e-01 2.670e-01 1.774e-03 4.845e-04 4.401e-03 -1.000 1.000e-02 1.230 -0.231 -0.794 -0.882 -0.927 -0.872 -0.892 -0.949 -1.363 -1.218 -1.085 -0.922 -0.866 -0.890 -1.174
0.01 -0.17553 5.00000 1.5152174234 2.5401237011    1.515  1.437  3.6743  2.830    0  0.000  0.537     0.00     0.00 -1 -2.85e-12      0.00 7.230e-01 2.670e-01 1.774e-03 4.845e-04 4.401e-03 -1.000 1.000e-02 1.176 -0.281 -0.840 -0.928 -0.973 -0.918 -0.938 -0.995 -1.408 -1.263 -1.130 -0.968 -0.912 -0.935 -1.219
0.01 -0.17553 5.00000 1.5630435944 2.5438382626    1.563  1.460  3.6754  2.826    0  0.000  0.537     0.00     0.00 -1 -2.18e-12      0.00 7.230e-01 2.670e-01 1.774e-03 4.845e-04 4.401e-03 -1.000 1.000e-02 1.121 -0.333 -0.889 -0.976 -1.020 -0.966 -0.986 -1.042 -1.456 -1.311 -1.178 -1.016 -0.960 -0.983 -1.267
0.01 -0.17553 5.00000 1.6028774977 2.5467381477    1.602  1.476  3.6763  2.824    0  0.000  0.537     0.00     0.00 -1 -1.54e-12      0.00 7.230e-01 2.670e-01 1.774e-03 4.845e-04 4.401e-03 -1.000 1.000e-02 1.081 -0.370 -0.923 -1.010 -1.054 -1.000 -1.020 -1.076 -1.489 -1.344 -1.211 -1.049 -0.994 -1.017 -1.300
0.01 -0.17553 5.00000 1.6108696461 2.5473001003    1.610  1.479  3.6764  2.824    0  0.000  0.537     0.00     0.00 -1 -1.44e-12      0.00 7.230e-01 2.670e-01 1.774e-03 4.845e-04 4.401e-03 -1.000 1.000e-02 1.073 -0.378 -0.930 -1.017 -1.061 -1.007 -1.026 -1.082 -1.496 -1.351 -1.218 -1.056 -1.001 -1.023 -1.307
0.01 -0.17553 5.00000 1.6562676430 2.5503745079    1.655  1.497  3.6774  2.821    0  0.000  0.537     0.00     0.00 -1 -9.53e-16      0.00 7.230e-01 2.670e-01 1.774e-03 4.845e-04 4.401e-03 -1.000 1.000e-02 1.026 -0.422 -0.971 -1.057 -1.101 -1.047 -1.067 -1.122 -1.536 -1.391 -1.258 -1.096 -1.042 -1.063 -1.347
0.01 -0.17553 5.00000 1.6586956978 2.5505335331    1.658  1.498  3.6774  2.821    0  0.000  0.537     0.00     0.00 -1 -6.48e-16      0.00 7.230e-01 2.670e-01 1.774e-03 4.845e-04 4.401e-03 -1.000 1.000e-02 1.024 -0.424 -0.973 -1.059 -1.103 -1.049 -1.069 -1.125 -1.538 -1.393 -1.260 -1.098 -1.044 -1.065 -1.349
0.01 -0.17553 5.00000 1.7065217495 2.5535593033    1.706  1.517  3.6784  2.818    0  0.000  0.537     0.00     0.00 -1    -1e-30      0.00 7.230e-01 2.670e-01 1.774e-03 4.845e-04 4.401e-03 -1.000 1.000e-02 0.976 -0.469 -1.014 -1.100 -1.144 -1.090 -1.110 -1.165 -1.579 -1.433 -1.301 -1.139 -1.085 -1.106 -1.390
0.01 -0.17553 5.00000 1.7396538258 2.5555436611    1.739  1.532  3.6789  2.814    0  0.000  0.537     0.00     0.00 -1    -1e-30      0.00 7.230e-01 2.670e-01 1.774e-03 4.845e-04 4.401e-03 -1.000 1.000e-02 0.940 -0.504 -1.048 -1.133 -1.177 -1.124 -1.143 -1.198 -1.612 -1.466 -1.334 -1.172 -1.118 -1.139 -1.423
0.01 -0.17553 5.00000 1.7543479204 2.5563962460    1.753  1.539  3.6791  2.811    0  0.000  0.537     0.00     0.00 -1    -1e-30      0.00 7.230e-01 2.670e-01 1.774e-03 4.845e-04 4.401e-03 -1.000 1.000e-02 0.922 -0.521 -1.064 -1.150 -1.193 -1.140 -1.159 -1.214 -1.628 -1.483 -1.350 -1.189 -1.134 -1.155 -1.439
0.01 -0.17553 5.00000 1.7827824354 2.5580000877    1.782  1.548  3.6797  2.812    0  0.000  0.537     0.00     0.00 -1    -1e-30      0.00 7.230e-01 2.670e-01 1.774e-03 4.845e-04 4.401e-03 -1.000 1.000e-02 0.901 -0.540 -1.082 -1.167 -1.210 -1.157 -1.176 -1.231 -1.645 -1.500 -1.367 -1.206 -1.151 -1.172 -1.456
0.01 -0.17553 5.00000 1.8021739721 2.5590605736    1.801  1.553  3.6801  2.813    0  0.000  0.537     0.00     0.00 -1    -1e-30      0.00 7.230e-01 2.670e-01 1.774e-03 4.845e-04 4.401e-03 -1.000 1.000e-02 0.887 -0.552 -1.092 -1.177 -1.220 -1.167 -1.186 -1.241 -1.655 -1.509 -1.377 -1.216 -1.162 -1.182 -1.466
0.01 -0.17553 5.00000 1.8069795370 2.5593194962    1.806  1.555  3.6802  2.812    0  0.000  0.537     0.00     0.00 -1    -1e-30      0.00 7.230e-01 2.670e-01 1.774e-03 4.845e-04 4.401e-03 -1.000 1.000e-02 0.882 -0.557 -1.097 -1.181 -1.224 -1.172 -1.191 -1.246 -1.659 -1.514 -1.381 -1.220 -1.166 -1.186 -1.470
0.01 -0.17553 5.00000 1.8500000238 2.5615673065    1.849  1.574  3.6808  2.807    0  0.000  0.537     0.00     0.00 -1    -1e-30      0.00 7.230e-01 2.670e-01 1.774e-03 4.845e-04 4.401e-03 -1.000 1.000e-02 0.836 -0.601 -1.139 -1.223 -1.266 -1.214 -1.233 -1.287 -1.701 -1.556 -1.423 -1.262 -1.208 -1.228 -1.512
0.01 -0.17553 5.00000 1.8763493299 2.5628855228    1.875  1.583  3.6813  2.805    0  0.000  0.537     0.00     0.00 -1    -1e-30      0.00 7.230e-01 2.670e-01 1.774e-03 4.845e-04 4.401e-03 -1.000 1.000e-02 0.813 -0.624 -1.160 -1.244 -1.287 -1.234 -1.253 -1.308 -1.721 -1.576 -1.443 -1.282 -1.229 -1.248 -1.532
0.01 -0.17553 5.00000 1.8981708288 2.5639457703    1.897  1.589  3.6817  2.805    0  0.000  0.537     0.00     0.00 -1    -1e-30      0.00 7.230e-01 2.670e-01 1.774e-03 4.845e-04 4.401e-03 -1.000 1.000e-02 0.796 -0.638 -1.173 -1.257 -1.300 -1.248 -1.266 -1.321 -1.734 -1.589 -1.456 -1.296 -1.242 -1.262 -1.546
0.01 -0.17553 5.00000 1.9463415146 2.5661892891    1.946  1.605  3.6825  2.804    0  0.000  0.537     0.00     0.00 -1    -1e-30      0.00 7.230e-01 2.670e-01 1.774e-03 4.845e-04 4.401e-03 -1.000 1.000e-02 0.758 -0.675 -1.207 -1.290 -1.333 -1.281 -1.299 -1.354 -1.767 -1.622 -1.489 -1.329 -1.275 -1.294 -1.578
0.01 -0.17553 5.00000 1.9677191973 2.5671443939    1.967  1.612  3.6828  2.803    0  0.000  0.537     0.00     0.00 -1    -1e-30      0.00 7.230e-01 2.670e-01 1.774e-03 4.845e-04 4.401e-03 -1.000 1.000e-02 0.740 -0.691 -1.222 -1.305 -1.348 -1.296 -1.314 -1.368 -1.782 -1.637 -1.504 -1.343 -1.290 -1.309 -1.593
0.01 -0.17553 5.00000 1.9945122004 2.5683085918    1.995  1.620  3.6832  2.803    0  0.000  0.537     0.00     0.00 -1    -1e-30      0.00 7.230e-01 2.670e-01 1.774e-03 4.845e-04 4.401e-03 -1.000 1.000e-02 0.719 -0.711 -1.240 -1.323 -1.366 -1.314 -1.332 -1.386 -1.800 -1.655 -1.522 -1.362 -1.308 -1.327 -1.611
0.01 -0.17553 5.00000 2.0426828861 2.5703134537    2.042  1.635  3.6840  2.801    0  0.000  0.537     0.00     0.00 -1    -1e-30      0.00 7.230e-01 2.670e-01 1.774e-03 4.845e-04 4.401e-03 -1.000 1.000e-02 0.682 -0.745 -1.273 -1.355 -1.398 -1.346 -1.364 -1.418 -1.832 -1.686 -1.553 -1.393 -1.341 -1.359 -1.643
0.01 -0.17553 5.00000 2.0744657516 2.5715777874    2.074  1.645  3.6845  2.800    0  0.000  0.537     0.00     0.00 -1    -1e-30      0.00 7.230e-01 2.670e-01 1.774e-03 4.845e-04 4.401e-03 -1.000 1.000e-02 0.658 -0.768 -1.294 -1.376 -1.418 -1.367 -1.385 -1.439 -1.852 -1.707 -1.574 -1.414 -1.362 -1.380 -1.663
0.01 -0.17553 5.00000 2.0908539295 2.5722124577    2.090  1.649  3.6848  2.800    0  0.000  0.537     0.00     0.00 -1    -1e-30      0.00 7.230e-01 2.670e-01 1.774e-03 4.845e-04 4.401e-03 -1.000 1.000e-02 0.647 -0.777 -1.303 -1.385 -1.427 -1.375 -1.394 -1.447 -1.860 -1.715 -1.582 -1.422 -1.370 -1.388 -1.672
0.01 -0.17553 5.00000 2.1390244961 2.5740132332    2.138  1.663  3.6855  2.799    0  0.000  0.537     0.00     0.00 -1    -1e-30      0.00 7.230e-01 2.670e-01 1.774e-03 4.845e-04 4.401e-03 -1.000 1.000e-02 0.613 -0.810 -1.333 -1.414 -1.456 -1.405 -1.423 -1.476 -1.890 -1.744 -1.612 -1.452 -1.400 -1.417 -1.701
0.01 -0.17553 5.00000 2.1767961979 2.5753614902    2.175  1.674  3.6860  2.797    0  0.000  0.537     0.00     0.00 -1    -1e-30      0.00 7.230e-01 2.670e-01 1.774e-03 4.845e-04 4.401e-03 -1.000 1.000e-02 0.584 -0.837 -1.358 -1.439 -1.481 -1.430 -1.448 -1.501 -1.914 -1.769 -1.636 -1.477 -1.424 -1.442 -1.725
0.01 -0.17553 5.00000 2.1871953011 2.5757234097    2.186  1.677  3.6862  2.798    0  0.000  0.537     0.00     0.00 -1    -1e-30      0.00 7.230e-01 2.670e-01 1.774e-03 4.845e-04 4.401e-03 -1.000 1.000e-02 0.578 -0.842 -1.363 -1.444 -1.485 -1.434 -1.452 -1.505 -1.919 -1.773 -1.641 -1.481 -1.429 -1.446 -1.730
0.01 -0.17553 5.00000 2.2353658676 2.5773489475    2.234  1.688  3.6869  2.799    0  0.000  0.537     0.00     0.00 -1    -1e-30      0.00 7.230e-01 2.670e-01 1.774e-03 4.845e-04 4.401e-03 -1.000 1.000e-02 0.550 -0.868 -1.386 -1.467 -1.508 -1.457 -1.475 -1.528 -1.941 -1.796 -1.663 -1.504 -1.452 -1.469 -1.752
0.01 -0.17553 5.00000 2.2512984276 2.5778689384    2.250  1.692  3.6872  2.799    0  0.000  0.537     0.00     0.00 -1    -1e-30      0.00 7.230e-01 2.670e-01 1.774e-03 4.845e-04 4.401e-03 -1.000 1.000e-02 0.540 -0.877 -1.394 -1.475 -1.516 -1.466 -1.484 -1.536 -1.950 -1.804 -1.671 -1.512 -1.460 -1.477 -1.761
0.01 -0.17553 5.00000 2.3317074776 2.5803694725    2.330  1.713  3.6883  2.797    0  0.000  0.537     0.00     0.00 -1    -1e-30      0.00 7.230e-01 2.670e-01 1.774e-03 4.845e-04 4.401e-03 -1.000 1.000e-02 0.487 -0.927 -1.441 -1.521 -1.561 -1.511 -1.529 -1.581 -1.995 -1.849 -1.716 -1.557 -1.506 -1.522 -1.806
0.01 -0.17553 5.00000 2.4057607651 2.5825030804    2.404  1.689  3.6916  2.849    0  0.000  0.538     0.00     0.00 -1    -1e-30      0.00 7.230e-01 2.670e-01 1.774e-03 4.845e-04 4.401e-03 -1.000 1.000e-02 0.548 -0.854 -1.358 -1.436 -1.475 -1.427 -1.444 -1.494 -1.907 -1.762 -1.629 -1.472 -1.422 -1.435 -1.719
0.01 -0.17553 5.00000 2.4923574924 2.5848140717    2.490  1.665  3.6952  2.903    0  0.000  0.538     0.00     0.00 -1    -1e-30      0.00 7.230e-01 2.670e-01 1.775e-03 4.845e-04 4.401e-03 -1.000 1.000e-02 0.608 -0.781 -1.274 -1.350 -1.389 -1.342 -1.358 -1.407 -1.820 -1.673 -1.540 -1.385 -1.337 -1.347 -1.631
0.01 -0.17553 5.00000 2.5243902206 2.5856227875    2.522  1.658  3.6964  2.920    0  0.000  0.538     0.00     0.00 -1    -1e-30      0.00 7.230e-01 2.670e-01 1.775e-03 4.845e-04 4.401e-03 -1.000 1.000e-02 0.625 -0.760 -1.250 -1.325 -1.363 -1.317 -1.333 -1.381 -1.793 -1.647 -1.514 -1.359 -1.312 -1.321 -1.605
0.01 -0.17553 5.00000 2.6014914513 2.5874760151    2.600  1.652  3.6987  2.948    0  0.000  0.538     0.00     0.00 -1    -1e-30      0.00 7.230e-01 2.670e-01 1.775e-03 4.845e-04 4.401e-03 -1.000 1.000e-02 0.640 -0.737 -1.220 -1.294 -1.331 -1.286 -1.302 -1.348 -1.761 -1.614 -1.481 -1.328 -1.281 -1.289 -1.572
0.01 -0.17553 5.00000 2.7170732021 2.5900290012    2.715  1.652  3.7014  2.977    0  0.000  0.538     0.00     0.00 -1    -1e-30      0.00 7.230e-01 2.670e-01 1.775e-03 4.845e-04 4.401e-03 -1.000 1.000e-02 0.639 -0.729 -1.203 -1.276 -1.312 -1.268 -1.284 -1.329 -1.741 -1.595 -1.461 -1.309 -1.263 -1.269 -1.552
0.01 -0.17553 5.00000 2.8619959354 2.5928971767    2.861  1.684  3.7030  2.975    0  0.000  0.538     0.00     0.00 -1    -1e-30      0.00 7.230e-01 2.670e-01 1.775e-03 4.845e-04 4.401e-03 -1.000 1.000e-02 0.560 -0.802 -1.272 -1.344 -1.380 -1.336 -1.352 -1.396 -1.809 -1.662 -1.528 -1.376 -1.331 -1.336 -1.620
0.01 -0.17553 5.00000 2.9097561836 2.5937707424    2.908  1.695  3.7035  2.972    0  0.000  0.538     0.00     0.00 -1    -1e-30      0.00 7.230e-01 2.670e-01 1.775e-03 4.845e-04 4.401e-03 -1.000 1.000e-02 0.532 -0.828 -1.297 -1.369 -1.404 -1.361 -1.376 -1.421 -1.833 -1.687 -1.553 -1.401 -1.356 -1.361 -1.644
0.01 -0.17553 5.00000 3.0525093079 2.5961954594    3.051  1.725  3.7049  2.969    0  0.000  0.538     0.00     0.00 -1    -1e-30      0.00 7.230e-01 2.670e-01 1.775e-03 4.845e-04 4.401e-03 -1.000 1.000e-02 0.458 -0.897 -1.362 -1.433 -1.468 -1.425 -1.440 -1.484 -1.897 -1.750 -1.617 -1.464 -1.420 -1.424 -1.708
0.01 -0.17553 5.00000 3.1024391651 2.5969831944    3.101  1.735  3.7054  2.968    0  0.000  0.538     0.00     0.00 -1    -1e-30      0.00 7.230e-01 2.670e-01 1.775e-03 4.845e-04 4.401e-03 -1.000 1.000e-02 0.432 -0.922 -1.385 -1.456 -1.491 -1.448 -1.464 -1.507 -1.920 -1.773 -1.640 -1.488 -1.444 -1.448 -1.731
0.01 -0.17553 5.00000 3.1985268593 2.5984196663    3.196  1.755  3.7062  2.965    0  0.000  0.538     0.00     0.00 -1    -1e-30      0.00 7.230e-01 2.670e-01 1.775e-03 4.845e-04 4.401e-03 -1.000 1.000e-02 0.384 -0.967 -1.428 -1.498 -1.533 -1.491 -1.506 -1.550 -1.962 -1.815 -1.682 -1.530 -1.486 -1.490 -1.773
0.01 -0.17553 5.00000 3.2951221466 2.5997674465    3.293  1.774  3.7070  2.961    0  0.000  0.538     0.00     0.00 -1    -1e-30      0.00 7.230e-01 2.670e-01 1.775e-03 4.845e-04 4.401e-03 -1.000 1.000e-02 0.334 -1.014 -1.472 -1.542 -1.576 -1.534 -1.550 -1.593 -2.005 -1.859 -1.725 -1.573 -1.530 -1.533 -1.816
0.01 -0.17553 5.00000 3.4624934196 2.6018989086    3.459  1.808  3.7084  2.955    0  0.000  0.538     0.00     0.00 -1    -1e-30      0.00 7.230e-01 2.670e-01 1.775e-03 4.845e-04 4.401e-03 -1.000 1.000e-02 0.251 -1.092 -1.547 -1.616 -1.650 -1.608 -1.623 -1.666 -2.079 -1.932 -1.799 -1.647 -1.604 -1.607 -1.890
0.01 -0.17553 5.00000 3.4878048897 2.6022007465    3.484  1.812  3.7086  2.954    0  0.000  0.538     0.00     0.00 -1    -1e-30      0.00 7.230e-01 2.670e-01 1.775e-03 4.845e-04 4.401e-03 -1.000 1.000e-02 0.239 -1.104 -1.558 -1.627 -1.661 -1.619 -1.634 -1.677 -2.089 -1.943 -1.810 -1.658 -1.614 -1.617 -1.900
0.01 -0.17553 5.00000 3.5333278179 2.6027314663    3.530  1.820  3.7090  2.953    0  0.000  0.538     0.00     0.00 -1    -1e-30      0.00 7.230e-01 2.670e-01 1.775e-03 4.845e-04 4.401e-03 -1.000 1.000e-02 0.219 -1.122 -1.575 -1.644 -1.678 -1.636 -1.651 -1.694 -2.107 -1.960 -1.827 -1.675 -1.632 -1.634 -1.918
0.01 -0.17553 5.00000 3.6804881096 2.6043436527    3.677  1.849  3.7101  2.947    0  0.000  0.538     0.00     0.00 -1    -1e-30      0.00 7.230e-01 2.670e-01 1.775e-03 4.845e-04 4.401e-03 -1.000 1.000e-02 0.148 -1.189 -1.639 -1.707 -1.740 -1.699 -1.714 -1.756 -2.169 -2.023 -1.889 -1.737 -1.695 -1.697 -1.980
0.01 -0.17553 5.00000 3.7665131092 2.6052193642    3.763  1.864  3.7108  2.945    0  0.000  0.538     0.00     0.00 -1    -1e-30      0.00 7.230e-01 2.670e-01 1.775e-03 4.845e-04 4.401e-03 -1.000 1.000e-02 0.110 -1.225 -1.673 -1.740 -1.774 -1.733 -1.748 -1.790 -2.202 -2.056 -1.923 -1.771 -1.729 -1.730 -2.013
0.01 -0.17553 5.00000 3.8731708527 2.6062431335    3.871  1.886  3.7115  2.938    0  0.000  0.538     0.00     0.00 -1    -1e-30      0.00 7.230e-01 2.670e-01 1.775e-03 4.845e-04 4.401e-03 -1.000 1.000e-02 0.055 -1.277 -1.722 -1.790 -1.823 -1.782 -1.797 -1.839 -2.252 -2.105 -1.972 -1.820 -1.778 -1.779 -2.063
0.01 -0.17553 5.00000 3.9874444008 2.6072704792    3.986  1.907  3.7124  2.933    0  0.000  0.538     0.00     0.00 -1    -1e-30      0.00 7.230e-01 2.670e-01 1.775e-03 4.845e-04 4.401e-03 -1.000 1.000e-02 0.002 -1.327 -1.770 -1.837 -1.870 -1.830 -1.844 -1.886 -2.298 -2.152 -2.019 -1.867 -1.825 -1.826 -2.109
0.01 -0.17553 5.00000 4.0658535957 2.6079370975    4.065  1.922  3.7130  2.929    0  0.000  0.538     0.00     0.00 -1    -1e-30      0.00 7.230e-01 2.670e-01 1.775e-03 4.845e-04 4.401e-03 -1.000 1.000e-02 -0.035 -1.362 -1.803 -1.870 -1.902 -1.862 -1.877 -1.918 -2.331 -2.185 -2.051 -1.899 -1.858 -1.858 -2.142
0.01 -0.17553 5.00000 4.0700221062 2.6079716682    4.069  1.923  3.7131  2.929    0  0.000  0.538     0.00     0.00 -1    -1e-30      0.00 7.230e-01 2.670e-01 1.775e-03 4.845e-04 4.401e-03 -1.000 1.000e-02 -0.037 -1.363 -1.804 -1.871 -1.904 -1.864 -1.879 -1.920 -2.332 -2.186 -2.053 -1.901 -1.860 -1.860 -2.143
0.01 -0.17553 5.00000 4.2585368156 2.6094560623    4.255  1.960  3.7144  2.917    0  0.000  0.538     0.00     0.00 -1    -1e-30      0.00 7.230e-01 2.670e-01 1.775e-03 4.845e-04 4.401e-03 -1.000 1.000e-02 -0.129 -1.450 -1.887 -1.954 -1.986 -1.947 -1.961 -2.002 -2.414 -2.268 -2.135 -1.983 -1.943 -1.942 -2.225
0.01 -0.17553 5.00000 4.2785887718 2.6096050739    4.275  1.963  3.7146  2.916    0  0.000  0.538     0.00     0.00 -1    -1e-30      0.00 7.230e-01 2.670e-01 1.775e-03 4.845e-04 4.401e-03 -1.000 1.000e-02 -0.138 -1.459 -1.895 -1.962 -1.994 -1.955 -1.969 -2.010 -2.422 -2.276 -2.143 -1.991 -1.951 -1.950 -2.233
0.01 -0.17553 5.00000 4.4512195587 2.6108245850    4.448  2.001  3.7159  2.900    0  0.000  0.538     0.00     0.00 -1    -1e-30      0.00 7.230e-01 2.670e-01 1.775e-03 4.845e-04 4.401e-03 -1.000 1.000e-02 -0.234 -1.549 -1.982 -2.048 -2.080 -2.041 -2.056 -2.096 -2.508 -2.362 -2.229 -2.077 -2.037 -2.036 -2.319
0.01 -0.17553 5.00000 4.5342888832 2.6113736629    4.531  2.018  3.7165  2.894    0  0.000  0.538     0.00     0.00 -1    -1e-30      0.00 7.230e-01 2.670e-01 1.775e-03 4.845e-04 4.401e-03 -1.000 1.000e-02 -0.276 -1.589 -2.020 -2.086 -2.117 -2.079 -2.094 -2.133 -2.546 -2.400 -2.267 -2.115 -2.075 -2.073 -2.357
0.01 -0.17553 5.00000 4.6439027786 2.6120634079    4.641  2.044  3.7173  2.882    0  0.000  0.538     0.00     0.00 -1    -1e-30      0.00 7.230e-01 2.670e-01 1.775e-03 4.845e-04 4.401e-03 -1.000 1.000e-02 -0.340 -1.650 -2.079 -2.144 -2.176 -2.138 -2.152 -2.191 -2.604 -2.458 -2.325 -2.173 -2.134 -2.131 -2.415
0.01 -0.17553 5.00000 4.7202420235 2.6125223637    4.717  2.059  3.7181  2.877    0  0.000  0.538     0.00     0.00 -1    -1e-30      0.00 7.230e-01 2.670e-01 1.775e-03 4.845e-04 4.401e-03 -1.000 1.000e-02 -0.378 -1.686 -2.112 -2.177 -2.209 -2.171 -2.185 -2.224 -2.637 -2.491 -2.358 -2.206 -2.167 -2.164 -2.448
0.01 -0.17553 5.00000 4.8365855217 2.6131894588    4.834  2.091  3.7190  2.859    0  0.000  0.538     0.00     0.00 -1    -1e-30      0.00 7.230e-01 2.670e-01 1.775e-03 4.845e-04 4.401e-03 -1.000 1.000e-02 -0.459 -1.763 -2.186 -2.250 -2.282 -2.245 -2.259 -2.297 -2.710 -2.564 -2.431 -2.279 -2.241 -2.237 -2.521
0.01 -0.17553 5.00000 5.0292682648 2.6142170429    5.028  2.139  3.7210  2.836    0  0.000  0.538     0.00     0.00 -1    -1e-30      0.00 7.230e-01 2.670e-01 1.775e-03 4.845e-04 4.401e-03 -1.000 1.000e-02 -0.577 -1.874 -2.292 -2.355 -2.386 -2.350 -2.364 -2.402 -2.814 -2.669 -2.536 -2.384 -2.346 -2.342 -2.625
0.01 -0.17553 5.00000 5.0954279900 2.6145491600    5.094  2.156  3.7217  2.828    0  0.000  0.538     0.00     0.00 -1    -1e-30      0.00 7.230e-01 2.670e-01 1.775e-03 4.845e-04 4.401e-03 -1.000 1.000e-02 -0.619 -1.913 -2.329 -2.392 -2.423 -2.387 -2.401 -2.438 -2.851 -2.705 -2.572 -2.420 -2.383 -2.378 -2.662
0.01 -0.17553 5.00000 5.1787986755 2.6149539948    5.178  2.179  3.7227  2.816    0  0.000  0.538     0.00     0.00 -1    -1e-30      0.00 7.230e-01 2.670e-01 1.775e-03 4.845e-04 4.401e-03 -1.000 1.000e-02 -0.678 -1.968 -2.380 -2.443 -2.474 -2.439 -2.452 -2.489 -2.902 -2.756 -2.624 -2.471 -2.435 -2.429 -2.713
0.01 -0.17553 5.00000 5.2219510078 2.6151576042    5.222  2.197  3.7234  2.804    0  0.000  0.538     0.00     0.00 -1    -1e-30      0.00 7.230e-01 2.670e-01 1.775e-03 4.845e-04 4.401e-03 -1.000 1.000e-02 -0.722 -2.009 -2.420 -2.483 -2.513 -2.478 -2.492 -2.528 -2.941 -2.796 -2.663 -2.510 -2.475 -2.468 -2.752
0.01 -0.17553 5.00000 5.4146342278 2.6160218716    5.415  2.273  3.7264  2.756    0  0.000  0.538     0.00     0.00 -1    -1e-30      0.00 7.230e-01 2.670e-01 1.775e-03 4.845e-04 4.401e-03 -1.000 1.000e-02 -0.912 -2.187 -2.589 -2.651 -2.681 -2.647 -2.661 -2.696 -3.109 -2.963 -2.831 -2.678 -2.644 -2.636 -2.920
0.01 -0.17553 5.00000 5.5909972191 2.6167528629    5.592  2.351  3.7299  2.706    0  0.000  0.538     0.00     0.00 -1    -1e-30      0.00 7.230e-01 2.670e-01 1.775e-03 4.845e-04 4.401e-03 -1.000 1.000e-02 -1.107 -2.369 -2.760 -2.821 -2.850 -2.819 -2.832 -2.865 -3.277 -3.132 -3.001 -2.847 -2.815 -2.805 -3.088
0.01 -0.17553 5.00000 5.6073174477 2.6168179512    5.608  2.359  3.7303  2.701    0  0.000  0.538     0.00     0.00 -1    -1e-30      0.00 7.230e-01 2.670e-01 1.775e-03 4.845e-04 4.401e-03 -1.000 1.000e-02 -1.127 -2.387 -2.777 -2.837 -2.866 -2.835 -2.849 -2.881 -3.294 -3.149 -3.017 -2.864 -2.832 -2.821 -3.105
0.01 -0.17553 5.00000 5.6508984566 2.6169893742    5.652  2.379  3.7313  2.688    0  0.000  0.538     0.00     0.00 -1    -1e-30      0.00 7.230e-01 2.670e-01 1.775e-03 4.845e-04 4.401e-03 -1.000 1.000e-02 -1.178 -2.435 -2.822 -2.882 -2.911 -2.880 -2.893 -2.926 -3.338 -3.194 -3.062 -2.908 -2.877 -2.866 -3.150
0.01 -0.17553 5.00000 5.8000001907 2.6175537109    5.801  2.455  3.7356  2.641    0  0.000  0.538     0.00     0.00 -1    -1e-30      0.00 7.230e-01 2.670e-01 1.775e-03 4.845e-04 4.401e-03 -1.000 1.000e-02 -1.368 -2.607 -2.982 -3.040 -3.068 -3.041 -3.053 -3.083 -3.496 -3.352 -3.220 -3.066 -3.038 -3.023 -3.307
0.01 -0.17553 5.00000 5.9813694954 2.6181964874    5.982  2.537  3.7428  2.601    0  0.000  0.538     0.00     0.00 -1    -1e-30      0.00 7.230e-01 2.670e-01 1.775e-03 4.845e-04 4.401e-03 -1.000 1.000e-02 -1.573 -2.783 -3.138 -3.194 -3.220 -3.197 -3.209 -3.235 -3.651 -3.501 -3.372 -3.218 -3.195 -3.190 -3.462
0.01 -0.17553 5.00000 6.0000000000 2.6182601452    6.000  2.545  3.7437  2.598    0  0.000  0.538     0.00     0.00 -1    -1e-30      0.00 7.230e-01 2.670e-01 1.775e-03 4.845e-04 4.401e-03 -1.000 1.000e-02 -1.591 -2.797 -3.150 -3.205 -3.231 -3.209 -3.220 -3.246 -3.663 -3.511 -3.383 -3.229 -3.206 -3.207 -3.474
0.01 -0.17553 5.00000 6.1999998093 2.6189143658    6.200  2.620  3.7549  2.582    0  0.000  0.538     0.00     0.00 -1    -1e-30      0.00 7.230e-01 2.670e-01 1.775e-03 4.845e-04 4.401e-03 -1.000 1.000e-02 -1.781 -2.940 -3.261 -3.313 -3.337 -3.321 -3.331 -3.351 -3.781 -3.602 -3.486 -3.335 -3.319 -3.384 -3.594
0.01 -0.17553 5.00000 6.3458690643 2.6193616390    6.345  2.670  3.7659  2.586    0  0.000  0.538     0.00     0.00 -1    -1e-30      0.00 7.230e-01 2.670e-01 1.775e-03 4.845e-04 4.401e-03 -1.000 1.000e-02 -1.905 -3.015 -3.307 -3.355 -3.377 -3.367 -3.376 -3.390 -3.834 -3.628 -3.524 -3.375 -3.366 -3.496 -3.648
0.01 -0.17553 5.00000 6.4000000954 2.6195218563    6.399  2.687  3.7710  2.593    0  0.000  0.538     0.00     0.00 -1    -1e-30      0.00 7.230e-01 2.670e-01 1.775e-03 4.845e-04 4.401e-03 -1.000 1.000e-02 -1.948 -3.035 -3.314 -3.360 -3.381 -3.374 -3.382 -3.394 -3.844 -3.625 -3.526 -3.379 -3.373 -3.533 -3.658
0.01 -0.17553 5.00000 6.4075117111 2.6195437908    6.406  2.690  3.7718  2.594    0  0.000  0.538     0.00     0.00 -1    -1e-30      0.00 7.230e-01 2.670e-01 1.775e-03 4.845e-04 4.401e-03 -1.000 1.000e-02 -1.954 -3.037 -3.314 -3.359 -3.381 -3.374 -3.382 -3.394 -3.845 -3.624 -3.525 -3.379 -3.373 -3.537 -3.659
0.01 -0.17553 5.00000 6.5103545189 2.6198387146    6.509  2.723  3.7841  2.617    0  0.000  0.538     0.00     0.00 -1    -1e-30      0.00 7.230e-01 2.670e-01 1.775e-03 4.845e-04 4.401e-03 -1.000 1.000e-02 -2.037 -3.058 -3.304 -3.346 -3.366 -3.364 -3.370 -3.379 -3.845 -3.593 -3.505 -3.364 -3.363 -3.602 -3.660
0.01 -0.17553 5.00000 6.6126165390 2.6201214790    6.610  2.756  3.7976  2.644    0  0.000  0.538     0.00     0.00 -1    -1e-30      0.00 7.230e-01 2.670e-01 1.775e-03 4.845e-04 4.401e-03 -1.000 1.000e-02 -2.120 -3.074 -3.289 -3.327 -3.345 -3.348 -3.352 -3.358 -3.840 -3.553 -3.481 -3.344 -3.348 -3.669 -3.656
0.01 -0.17553 5.00000 6.7146630287 2.6203937531    6.712  2.790  3.8118  2.674    0  0.000  0.538     0.00     0.00 -1    -1e-30      0.00 7.230e-01 2.670e-01 1.775e-03 4.845e-04 4.401e-03 -1.000 1.000e-02 -2.205 -3.086 -3.271 -3.305 -3.321 -3.327 -3.330 -3.333 -3.832 -3.509 -3.452 -3.320 -3.327 -3.736 -3.649
0.01 -0.17553 5.00000 6.8158288002 2.6206545830    6.812  2.825  3.8263  2.703    0  0.000  0.538     0.00     0.00 -1    -1e-30      0.00 7.230e-01 2.670e-01 1.775e-03 4.845e-04 4.401e-03 -1.000 1.000e-02 -2.293 -3.097 -3.251 -3.282 -3.298 -3.305 -3.307 -3.310 -3.808 -3.481 -3.425 -3.297 -3.305 -3.720 -3.626
0.01 -0.17553 5.00000 6.9155602455 2.6209030151    6.911  2.861  3.8410  2.733    0  0.000  0.538     0.00     0.00 -1    -1e-30      0.00 7.230e-01 2.670e-01 1.775e-03 4.845e-04 4.401e-03 -1.000 1.000e-02 -2.383 -3.108 -3.231 -3.261 -3.276 -3.282 -3.285 -3.287 -3.784 -3.456 -3.398 -3.275 -3.283 -3.697 -3.602
0.01 -0.17553 5.00000 7.0000000000 2.6211071014    6.996  2.893  3.8537  2.757    0  0.000  0.538     0.00     0.00 -1    -1e-30      0.00 7.230e-01 2.670e-01 1.775e-03 4.845e-04 4.401e-03 -1.000 1.000e-02 -2.462 -3.115 -3.215 -3.242 -3.257 -3.264 -3.266 -3.268 -3.765 -3.434 -3.376 -3.256 -3.264 -3.678 -3.582
0.01 -0.17553 5.00000 7.0545620918 2.6212358475    7.051  2.913  3.8619  2.773    0  0.000  0.538     0.00     0.00 -1    -1e-30      0.00 7.230e-01 2.670e-01 1.775e-03 4.845e-04 4.401e-03 -1.000 1.000e-02 -2.513 -3.120 -3.205 -3.231 -3.245 -3.252 -3.254 -3.257 -3.752 -3.421 -3.362 -3.245 -3.252 -3.666 -3.570
0.01 -0.17553 5.00000 7.1476020813 2.6214504242    7.144  2.950  3.8763  2.799    0  0.000  0.538     0.00     0.00 -1    -1e-30      0.00 7.230e-01 2.670e-01 1.775e-03 4.845e-04 4.401e-03 -1.000 1.000e-02 -2.606 -3.127 -3.189 -3.213 -3.226 -3.233 -3.235 -3.238 -3.732 -3.399 -3.340 -3.226 -3.233 -3.647 -3.550
0.01 -0.17553 5.00000 7.2383427620 2.6216535568    7.235  2.988  3.8906  2.824    0  0.000  0.538     0.00     0.00 -1    -1e-30      0.00 7.230e-01 2.670e-01 1.775e-03 4.845e-04 4.401e-03 -1.000 1.000e-02 -2.700 -3.134 -3.175 -3.197 -3.210 -3.216 -3.218 -3.220 -3.713 -3.379 -3.319 -3.209 -3.216 -3.630 -3.531
0.01 -0.17553 5.00000 7.3267107010 2.6218457222    7.324  3.026  3.9050  2.849    0  0.000  0.538     0.00     0.00 -1    -1e-30      0.00 7.230e-01 2.670e-01 1.775e-03 4.845e-04 4.401e-03 -1.000 1.000e-02 -2.795 -3.142 -3.164 -3.184 -3.195 -3.201 -3.202 -3.204 -3.696 -3.361 -3.300 -3.195 -3.201 -3.614 -3.514
0.01 -0.17553 5.00000 7.4126896858 2.6220278740    7.411  3.065  3.9195  2.873    0  0.000  0.538     0.00     0.00 -1    -1e-30      0.00 7.230e-01 2.670e-01 1.775e-03 4.845e-04 4.401e-03 -1.000 1.000e-02 -2.892 -3.148 -3.156 -3.172 -3.181 -3.187 -3.188 -3.189 -3.680 -3.344 -3.283 -3.182 -3.187 -3.599 -3.498
0.01 -0.17553 5.00000 7.4963169098 2.6222002506    7.495  3.103  3.9339  2.897    0  0.000  0.538     0.00     0.00 -1    -1e-30      0.00 7.230e-01 2.670e-01 1.775e-03 4.845e-04 4.401e-03 -1.000 1.000e-02 -2.988 -3.153 -3.148 -3.161 -3.168 -3.174 -3.174 -3.175 -3.665 -3.328 -3.266 -3.169 -3.174 -3.584 -3.483
0.01 -0.17553 5.00000 7.5776295662 2.6223638058    7.576  3.142  3.9484  2.921    0  0.000  0.538     0.00     0.00 -1    -1e-30      0.00 7.230e-01 2.670e-01 1.775e-03 4.845e-04 4.401e-03 -1.000 1.000e-02 -3.085 -3.155 -3.141 -3.150 -3.155 -3.159 -3.159 -3.160 -3.649 -3.311 -3.249 -3.155 -3.159 -3.569 -3.467
0.01 -0.17553 5.00000 7.6567397118 2.6225190163    7.656  3.180  3.9629  2.945    0  0.000  0.538     0.00     0.00 -1    -1e-30      0.00 7.230e-01 2.670e-01 1.775e-03 4.845e-04 4.401e-03 -1.000 1.000e-02 -3.181 -3.155 -3.134 -3.139 -3.140 -3.144 -3.143 -3.142 -3.631 -3.292 -3.229 -3.141 -3.143 -3.551 -3.448
0.01 -0.17553 5.00000 7.7338466644 2.6226668358    7.734  3.218  3.9773  2.969    0  0.000  0.538     0.00     0.00 -1    -1e-30      0.00 7.230e-01 2.670e-01 1.775e-03 4.845e-04 4.401e-03 -1.000 1.000e-02 -3.276 -3.155 -3.127 -3.127 -3.125 -3.127 -3.125 -3.124 -3.610 -3.271 -3.208 -3.126 -3.127 -3.532 -3.428
0.01 -0.17553 5.00000 7.8093385696 2.6228082180    7.809  3.256  3.9918  2.994    0  0.000  0.538     0.00     0.00 -1    -1e-30      0.00 7.230e-01 2.670e-01 1.775e-03 4.845e-04 4.401e-03 -1.000 1.000e-02 -3.370 -3.152 -3.119 -3.115 -3.108 -3.109 -3.107 -3.105 -3.589 -3.249 -3.186 -3.110 -3.109 -3.512 -3.407
0.01 -0.17553 5.00000 7.8829288483 2.6229431629    7.883  3.293  4.0063  3.019    0  0.000  0.538     0.00     0.00 -1    -1e-30      0.00 7.230e-01 2.670e-01 1.775e-03 4.845e-04 4.401e-03 -1.000 1.000e-02 -3.462 -3.148 -3.110 -3.102 -3.092 -3.091 -3.088 -3.085 -3.568 -3.226 -3.163 -3.093 -3.091 -3.492 -3.386
0.01 -0.17553 5.00000 7.9547853470 2.6230719090    7.956  3.329  4.0207  3.044    0  0.000  0.538     0.00     0.00 -1    -1e-30      0.00 7.230e-01 2.670e-01 1.775e-03 4.845e-04 4.401e-03 -1.000 1.000e-02 -3.553 -3.143 -3.100 -3.088 -3.074 -3.073 -3.069 -3.065 -3.546 -3.203 -3.139 -3.076 -3.072 -3.471 -3.364
0.01 -0.17553 5.00000 8.0000000000 2.6231517792    8.001  3.352  4.0300  3.061    0  0.000  0.538     0.00     0.00 -1    -1e-30      0.00 7.230e-01 2.670e-01 1.775e-03 4.845e-04 4.401e-03 -1.000 1.000e-02 -3.610 -3.139 -3.092 -3.078 -3.063 -3.061 -3.056 -3.051 -3.531 -3.187 -3.123 -3.065 -3.060 -3.457 -3.349
0.01 -0.17553 5.00000 8.0013513565 2.6231541634    8.002  3.353  4.0302  3.062    0  0.000  0.538     0.00     0.00 -1    -1e-30      0.00 7.230e-01 2.670e-01 1.775e-03 4.845e-04 4.401e-03 -1.000 1.000e-02 -3.612 -3.138 -3.092 -3.078 -3.062 -3.060 -3.056 -3.051 -3.531 -3.187 -3.122 -3.065 -3.060 -3.457 -3.349
0.01 -0.17553 5.00000 8.0721979141 2.6232769489    8.073  3.387  4.0446  3.088    0  0.000  0.538     0.00     0.00 -1    -1e-30      0.00 7.230e-01 2.670e-01 1.775e-03 4.845e-04 4.401e-03 -1.000 1.000e-02 -3.699 -3.129 -3.078 -3.062 -3.043 -3.040 -3.035 -3.029 -3.507 -3.161 -3.095 -3.045 -3.039 -3.434 -3.325
0.01 -0.17553 5.00000 8.1421337128 2.6233959198    8.142  3.422  4.0590  3.115    0  0.000  0.538     0.00     0.00 -1    -1e-30      0.00 7.230e-01 2.670e-01 1.775e-03 4.845e-04 4.401e-03 -1.000 1.000e-02 -3.784 -3.118 -3.062 -3.043 -3.021 -3.017 -3.011 -3.005 -3.481 -3.133 -3.067 -3.024 -3.016 -3.410 -3.299
0.01 -0.17553 5.00000 8.2113208771 2.6235113144    8.211  3.455  4.0734  3.143    0  0.000  0.538     0.00     0.00 -1    -1e-30      0.00 7.230e-01 2.670e-01 1.775e-03 4.845e-04 4.401e-03 -1.000 1.000e-02 -3.867 -3.102 -3.043 -3.022 -2.997 -2.992 -2.985 -2.978 -3.452 -3.103 -3.035 -3.000 -2.991 -3.382 -3.270
0.01 -0.17553 5.00000 8.2799034119 2.6236233711    8.279  3.487  4.0878  3.172    0  0.000  0.538     0.00     0.00 -1    -1e-30      0.00 7.230e-01 2.670e-01 1.775e-03 4.845e-04 4.401e-03 -1.000 1.000e-02 -3.947 -3.084 -3.021 -2.997 -2.970 -2.964 -2.957 -2.949 -3.420 -3.069 -3.001 -2.973 -2.963 -3.352 -3.238
0.01 -0.17553 5.00000 8.3480386734 2.6237328053    8.347  3.518  4.1021  3.202    0  0.000  0.538     0.00     0.00 -1    -1e-30      0.00 7.230e-01 2.670e-01 1.775e-03 4.845e-04 4.401e-03 -1.000 1.000e-02 -4.025 -3.062 -2.995 -2.968 -2.939 -2.932 -2.924 -2.916 -3.385 -3.033 -2.965 -2.942 -2.931 -3.319 -3.204
0.01 -0.17553 5.00000 8.4160118103 2.6238396168    8.414  3.548  4.1165  3.233    0  0.000  0.538     0.00     0.00 -1    -1e-30      0.00 7.230e-01 2.670e-01 1.775e-03 4.845e-04 4.401e-03 -1.000 1.000e-02 -4.100 -3.036 -2.966 -2.937 -2.905 -2.897 -2.889 -2.879 -3.347 -2.994 -2.925 -2.908 -2.896 -3.281 -3.165
0.01 -0.17553 5.00000 8.4840364456 2.6239447594    8.481  3.577  4.1309  3.265    0  0.000  0.538     0.00     0.00 -1    -1e-30      0.00 7.230e-01 2.670e-01 1.775e-03 4.845e-04 4.401e-03 -1.000 1.000e-02 -4.173 -3.006 -2.933 -2.902 -2.867 -2.859 -2.849 -2.839 -3.306 -2.951 -2.882 -2.871 -2.857 -3.241 -3.124
0.01 -0.17553 5.00000 8.5519313812 2.6240477562    8.549  3.605  4.1453  3.298    0  0.000  0.538     0.00     0.00 -1    -1e-30      0.00 7.230e-01 2.670e-01 1.775e-03 4.845e-04 4.401e-03 -1.000 1.000e-02 -4.242 -2.974 -2.897 -2.864 -2.827 -2.818 -2.807 -2.796 -3.261 -2.906 -2.836 -2.831 -2.816 -3.198 -3.080
0.01 -0.17553 5.00000 8.6198949814 2.6241490841    8.616  3.632  4.1596  3.332    0  0.000  0.538     0.00     0.00 -1    -1e-30      0.00 7.230e-01 2.670e-01 1.775e-03 4.845e-04 4.401e-03 -1.000 1.000e-02 -4.310 -2.939 -2.859 -2.823 -2.784 -2.774 -2.763 -2.751 -3.215 -2.859 -2.790 -2.788 -2.772 -3.152 -3.033
0.01 -0.17553 5.00000 8.6880779266 2.6242489815    8.684  3.658  4.1738  3.366    0  0.000  0.538     0.00     0.00 -1    -1e-30      0.00 7.230e-01 2.670e-01 1.775e-03 4.845e-04 4.401e-03 -1.000 1.000e-02 -4.374 -2.902 -2.818 -2.780 -2.738 -2.727 -2.715 -2.703 -3.165 -2.809 -2.741 -2.742 -2.726 -3.103 -2.983
0.01 -0.17553 5.00000 8.7566223145 2.6243474483    8.752  3.682  4.1880  3.402    0  0.000  0.538     0.00     0.00 -1    -1e-30      0.00 7.230e-01 2.670e-01 1.775e-03 4.845e-04 4.401e-03 -1.000 1.000e-02 -4.436 -2.862 -2.775 -2.734 -2.690 -2.678 -2.666 -2.652 -3.113 -2.758 -2.692 -2.695 -2.677 -3.053 -2.931
0.01 -0.17553 5.00000 8.8256645203 2.6244447231    8.821  3.706  4.2022  3.438    0  0.000  0.538     0.00     0.00 -1    -1e-30      0.00 7.230e-01 2.670e-01 1.775e-03 4.845e-04 4.401e-03 -1.000 1.000e-02 -4.495 -2.819 -2.729 -2.687 -2.640 -2.627 -2.614 -2.600 -3.059 -2.705 -2.642 -2.645 -2.626 -3.000 -2.878
0.01 -0.17553 5.00000 8.8953475952 2.6245412827    8.890  3.729  4.2162  3.475    0  0.000  0.538     0.00     0.00 -1    -1e-30      0.00 7.230e-01 2.670e-01 1.775e-03 4.845e-04 4.401e-03 -1.000 1.000e-02 -4.552 -2.775 -2.682 -2.637 -2.588 -2.574 -2.560 -2.546 -3.004 -2.650 -2.590 -2.593 -2.572 -2.945 -2.822
0.01 -0.17553 5.00000 8.9658174515 2.6246371269    8.960  3.750  4.2302  3.513    0  0.000  0.538     0.00     0.00 -1    -1e-30      0.00 7.230e-01 2.670e-01 1.775e-03 4.845e-04 4.401e-03 -1.000 1.000e-02 -4.606 -2.729 -2.632 -2.585 -2.534 -2.519 -2.505 -2.489 -2.946 -2.594 -2.537 -2.539 -2.517 -2.888 -2.765
0.01 -0.17553 5.00000 9.0000000000 2.6246831417    8.995  3.760  4.2369  3.531    0  0.000  0.538     0.00     0.00 -1    -1e-30      0.00 7.230e-01 2.670e-01 1.775e-03 4.845e-04 4.401e-03 -1.000 1.000e-02 -4.631 -2.706 -2.608 -2.560 -2.507 -2.493 -2.478 -2.462 -2.918 -2.566 -2.510 -2.513 -2.491 -2.860 -2.737
0.01 -0.17553 5.00000 9.0634870529 2.6247673035    9.058  3.778  4.2487  3.564    0  0.000  0.538     0.00     0.00 -1    -1e-30      0.00 7.230e-01 2.670e-01 1.775e-03 4.845e-04 4.401e-03 -1.000 1.000e-02 -4.674 -2.666 -2.565 -2.515 -2.460 -2.445 -2.429 -2.413 -2.868 -2.516 -2.461 -2.466 -2.443 -2.811 -2.686
0.01 -0.17553 5.00000 9.1442337036 2.6248724461    9.139  3.799  4.2633  3.606    0  0.000  0.538     0.00     0.00 -1    -1e-30      0.00 7.230e-01 2.670e-01 1.775e-03 4.845e-04 4.401e-03 -1.000 1.000e-02 -4.726 -2.614 -2.510 -2.458 -2.400 -2.383 -2.367 -2.350 -2.803 -2.452 -2.397 -2.406 -2.381 -2.747 -2.621
0.01 -0.17553 5.00000 9.2268409729 2.6249778271    9.222  3.818  4.2779  3.648    0  0.000  0.538     0.00     0.00 -1    -1e-30      0.00 7.230e-01 2.670e-01 1.775e-03 4.845e-04 4.401e-03 -1.000 1.000e-02 -4.776 -2.560 -2.453 -2.399 -2.338 -2.320 -2.304 -2.285 -2.736 -2.385 -2.330 -2.344 -2.318 -2.682 -2.554
0.01 -0.17553 5.00000 9.3115739822 2.6250836849    9.307  3.837  4.2924  3.691    0  0.000  0.538     0.00     0.00 -1    -1e-30      0.00 7.230e-01 2.670e-01 1.775e-03 4.845e-04 4.401e-03 -1.000 1.000e-02 -4.823 -2.506 -2.396 -2.339 -2.275 -2.256 -2.238 -2.219 -2.668 -2.316 -2.261 -2.282 -2.254 -2.615 -2.486
0.01 -0.17553 5.00000 9.4209222794 2.6252169609    9.417  3.860  4.3104  3.746    0  0.000  0.538     0.00     0.00 -1    -1e-30      0.00 7.230e-01 2.670e-01 1.775e-03 4.845e-04 4.401e-03 -1.000 1.000e-02 -4.880 -2.436 -2.323 -2.262 -2.195 -2.174 -2.155 -2.134 -2.580 -2.228 -2.171 -2.202 -2.172 -2.529 -2.398
0.01 -0.17553 5.00000 9.5116405487 2.6253249645    9.508  3.877  4.3248  3.790    0  0.000  0.538     0.00     0.00 -1    -1e-30      0.00 7.230e-01 2.670e-01 1.775e-03 4.845e-04 4.401e-03 -1.000 1.000e-02 -4.923 -2.380 -2.263 -2.200 -2.130 -2.108 -2.087 -2.065 -2.508 -2.155 -2.098 -2.137 -2.105 -2.459 -2.326
0.01 -0.17553 5.00000 9.6058626175 2.6254346371    9.602  3.893  4.3390  3.835    0  0.000  0.538     0.00     0.00 -1    -1e-30      0.00 7.230e-01 2.670e-01 1.775e-03 4.845e-04 4.401e-03 -1.000 1.000e-02 -4.963 -2.323 -2.203 -2.138 -2.063 -2.040 -2.019 -1.995 -2.435 -2.083 -2.025 -2.071 -2.037 -2.388 -2.254
0.01 -0.17553 5.00000 9.7046804428 2.6255471706    9.701  3.909  4.3532  3.881    0  0.000  0.538     0.00     0.00 -1    -1e-30      0.00 7.230e-01 2.670e-01 1.775e-03 4.845e-04 4.401e-03 -1.000 1.000e-02 -5.002 -2.265 -2.142 -2.074 -1.996 -1.972 -1.949 -1.924 -2.362 -2.009 -1.950 -2.004 -1.969 -2.316 -2.181
0.01 -0.17553 5.00000 9.7564916611 2.6256048679    9.753  3.916  4.3604  3.904    0  0.000  0.538     0.00     0.00 -1    -1e-30      0.00 7.230e-01 2.670e-01 1.775e-03 4.845e-04 4.401e-03 -1.000 1.000e-02 -5.021 -2.235 -2.110 -2.041 -1.962 -1.936 -1.913 -1.887 -2.325 -1.971 -1.911 -1.970 -1.933 -2.279 -2.143
0.01 -0.17553 5.00000 9.8387861252 2.6256954670    9.836  3.926  4.3708  3.940    0  0.000  0.538     0.00     0.00 -1    -1e-30      0.00 7.230e-01 2.670e-01 1.775e-03 4.845e-04 4.401e-03 -1.000 1.000e-02 -5.046 -2.190 -2.062 -1.992 -1.909 -1.883 -1.859 -1.832 -2.269 -1.914 -1.853 -1.918 -1.880 -2.223 -2.087
0.01 -0.17553 5.00000 9.9660902023 2.6258320808    9.964  3.936  4.3845  3.990    0  0.000  0.538     0.00     0.00 -1    -1e-30      0.00 7.230e-01 2.670e-01 1.775e-03 4.845e-04 4.401e-03 -1.000 1.000e-02 -5.070 -2.122 -1.991 -1.918 -1.832 -1.804 -1.779 -1.751 -2.187 -1.832 -1.769 -1.841 -1.801 -2.143 -2.006
0.01 -0.17553 5.00000 10.0000000000 2.6258678436    9.998  3.936  4.3868  4.002    0  0.000  0.538     0.00     0.00 -1    -1e-30      0.00 7.230e-01 2.670e-01 1.775e-03 4.845e-04 4.401e-03 -1.000 1.000e-02 -5.069 -2.105 -1.974 -1.900 -1.814 -1.786 -1.761 -1.733 -2.169 -1.813 -1.750 -1.823 -1.783 -2.124 -1.987
0.01 -0.17553 5.00000 10.1718015671 2.6260445118   10.170  3.934  4.3979  4.055    0  0.000  0.538     0.00     0.00 -1    -1e-30      0.00 7.230e-01 2.670e-01 1.775e-03 4.845e-04 4.401e-03 -1.000 1.000e-02 -5.065 -2.027 -1.894 -1.818 -1.729 -1.700 -1.674 -1.645 -2.081 -1.724 -1.660 -1.738 -1.697 -2.036 -1.899
0.01 -0.17553 5.00000 10.3842744827 2.6262538433   10.383  3.921  4.4052  4.106    0  0.000  0.538     0.00     0.00 -1    -1e-30      0.00 7.230e-01 2.670e-01 1.775e-03 4.845e-04 4.401e-03 -1.000 1.000e-02 -5.034 -1.951 -1.851 -1.788 -1.695 -1.668 -2.060 -2.968 -2.563 -2.280 -3.772 -1.705 -1.675 -2.919 -2.762
0.01 -0.17553 5.00000 10.6856212616 2.6265344620   10.685  3.921  4.4155  4.160    0  0.000  0.538     0.00     0.00 -1    -1e-30      0.00 7.230e-01 2.670e-01 1.775e-03 4.845e-04 4.401e-03 -1.000 1.000e-02 -5.033 -1.871 -1.766 -1.693 -1.609 -1.584 -1.973 -2.882 -2.479 -2.214 -3.705 -1.617 -1.590 -2.833 -2.678
0.01 -0.17553 5.00000 10.9572372437 2.6267719269   10.957  3.950  4.4307  4.203    0  0.000  0.538     0.00     0.00 -1    -1e-30      0.00 7.230e-01 2.670e-01 1.775e-03 4.845e-04 4.401e-03 -1.000 1.000e-02 -5.104 -1.844 -1.730 -1.647 -1.571 -1.552 -1.941 -2.849 -2.441 -2.181 -3.663 -1.576 -1.558 -2.800 -2.640
0.01 -0.17553 5.00000 11.1872606277 2.6269629002   11.187  3.986  4.4462  4.238    0  0.000  0.538     0.00     0.00 -1    -1e-30      0.00 7.230e-01 2.670e-01 1.775e-03 4.845e-04 4.401e-03 -1.000 1.000e-02 -5.194 -1.864 -1.731 -1.637 -1.577 -1.570 -1.959 -2.867 -2.441 -2.155 -3.622 -1.579 -1.576 -2.814 -2.640
0.01 -0.17553 5.00000 11.4793338776 2.6271927357   11.479  4.016  4.4596  4.273    0  0.000  0.538     0.00     0.00 -1    -1e-30      0.00 7.230e-01 2.670e-01 1.775e-03 4.845e-04 4.401e-03 -1.000 1.000e-02 -5.269 -1.830 -1.694 -1.612 -1.563 -1.553 -1.942 -2.850 -2.424 -2.123 -3.590 -1.566 -1.559 -2.798 -2.625
0.01 -0.17553 5.00000 11.9982633591 2.6275696754   11.999  4.042  4.4719  4.315    0  0.000  0.538     0.00     0.00 -1    -1e-30      0.00 7.230e-01 2.670e-01 1.775e-03 4.845e-04 4.401e-03 -1.000 1.000e-02 -5.335 -1.774 -1.641 -1.582 -1.545 -1.524 -1.914 -2.822 -2.403 -2.090 -3.561 -1.549 -1.530 -2.773 -2.607
0.01 -0.17553 5.00000 12.0000000000 2.6275708675   12.001  4.042  4.4719  4.315    0  0.000  0.538     0.00     0.00 -1    -1e-30      0.00 7.230e-01 2.670e-01 1.775e-03 4.845e-04 4.401e-03 -1.000 1.000e-02 -5.335 -1.774 -1.641 -1.582 -1.545 -1.524 -1.914 -2.822 -2.403 -2.090 -3.561 -1.549 -1.530 -2.773 -2.607
0.01 -0.17553 5.00000 12.2928380966 2.6277673244   12.292  4.056  4.4752  4.325    0  0.000  0.539     0.00     0.00 -1 -2.26e-27      0.00 7.230e-01 2.670e-01 1.779e-03 4.846e-04 4.401e-03 -1.000 1.000e-02 -5.370 -1.776 -1.643 -1.591 -1.556 -1.533 -1.923 -2.831 -2.414 -2.097 -3.570 -1.561 -1.539 -2.783 -2.620
0.01 -0.17553 5.00000 12.3939170837 2.6278326511   12.393  4.063  4.4764  4.326    0  0.000  0.539     0.00     0.00 -1 -3.11e-26      0.00 7.230e-01 2.670e-01 1.780e-03 4.846e-04 4.401e-03 -1.000 1.000e-02 -5.388 -1.789 -1.656 -1.602 -1.566 -1.544 -1.933 -2.842 -2.423 -2.107 -3.578 -1.571 -1.550 -2.793 -2.629
0.01 -0.17553 5.00000 12.5076131821 2.6279046535   12.506  4.072  4.4778  4.326    0  0.000  0.540     0.00     0.00 -1 -5.78e-25      0.00 7.230e-01 2.670e-01 1.781e-03 4.847e-04 4.401e-03 -1.000 1.000e-02 -5.410 -1.804 -1.671 -1.614 -1.577 -1.555 -1.945 -2.853 -2.434 -2.118 -3.588 -1.582 -1.562 -2.804 -2.640
0.01 -0.17553 5.00000 12.5779027939 2.6279485226   12.576  4.077  4.4786  4.327    0  0.000  0.540     0.00     0.00 -1 -3.47e-24      0.00 7.230e-01 2.670e-01 1.782e-03 4.847e-04 4.401e-03 -1.000 1.000e-02 -5.423 -1.814 -1.680 -1.622 -1.584 -1.563 -1.952 -2.860 -2.441 -2.125 -3.593 -1.588 -1.569 -2.811 -2.646
0.01 -0.17553 5.00000 12.6681079865 2.6280038357   12.665  4.084  4.4797  4.327    0  0.000  0.540     0.00     0.00 -1  -3.4e-23      0.00 7.230e-01 2.670e-01 1.783e-03 4.847e-04 4.401e-03 -1.000 1.000e-02 -5.440 -1.826 -1.692 -1.631 -1.592 -1.572 -1.961 -2.870 -2.450 -2.133 -3.601 -1.597 -1.578 -2.820 -2.655
0.01 -0.17553 5.00000 12.8765583038 2.6281282902   12.873  4.102  4.4824  4.327    0  0.000  0.541     0.00     0.00 -1 -6.23e-21      0.00 7.230e-01 2.670e-01 1.786e-03 4.848e-04 4.401e-03 -1.000 1.000e-02 -5.485 -1.859 -1.724 -1.658 -1.616 -1.598 -1.987 -2.895 -2.474 -2.157 -3.622 -1.620 -1.604 -2.846 -2.679
0.01 -0.17553 5.00000 13.0599880219 2.6282341480   13.055  4.118  4.4848  4.327    0  0.000  0.542     0.00     0.00 -1 -5.67e-19      0.00 7.230e-01 2.670e-01 1.788e-03 4.848e-04 4.400e-03 -1.000 1.000e-02 -5.524 -1.888 -1.753 -1.682 -1.637 -1.620 -2.009 -2.917 -2.495 -2.178 -3.640 -1.641 -1.626 -2.867 -2.700
0.01 -0.17553 5.00000 13.2759742737 2.6283545494   13.270  4.135  4.4875  4.327    0  0.000  0.542     0.00     0.00 -1 -1.05e-16      0.00 7.230e-01 2.670e-01 1.790e-03 4.849e-04 4.400e-03 -1.000 1.000e-02 -5.568 -1.920 -1.784 -1.708 -1.661 -1.645 -2.034 -2.942 -2.518 -2.202 -3.660 -1.664 -1.651 -2.892 -2.723
0.01 -0.17553 5.00000 14.0000009537 2.6287269592   13.992  4.204  4.4978  4.323    0  0.000  0.545     0.00     0.00 -1 -2.45e-09      0.00 7.230e-01 2.670e-01 1.798e-03 4.851e-04 4.400e-03 -1.000 1.000e-02 -5.739 -2.046 -1.908 -1.811 -1.753 -1.744 -2.132 -3.040 -2.610 -2.294 -3.741 -1.755 -1.750 -2.988 -2.814
0.01 -0.17553 5.00000 16.0000000000 2.6295573711   16.002  4.369  4.5223  4.315    0  0.000  0.545     0.00     0.00 -1 -5.49e-09      0.00 7.230e-01 2.670e-01 1.798e-03 4.851e-04 4.400e-03 -1.000 1.000e-02 -6.152 -2.318 -2.171 -2.074 -2.002 -1.970 -2.352 -3.261 -2.848 -2.530 -3.995 -2.009 -1.975 -3.210 -3.048
0.01 -0.17553 5.00000 18.0000000000 2.6301794052   17.988  4.512  4.5432  4.306    0  0.000  0.545     0.00     0.00 -1 -1.09e-08      0.00 7.230e-01 2.670e-01 1.798e-03 4.851e-04 4.400e-03 -1.000 1.000e-02 -6.509 -2.536 -2.378 -2.275 -2.184 -2.152 -2.536 -3.444 -3.034 -2.732 -4.185 -2.193 -2.157 -3.394 -3.233
0.01 -0.17553 5.00000 20.0000000000 2.6306605339   19.994  4.634  4.5606  4.299    0  0.000  0.545     0.00     0.00 -1  -1.9e-08      0.00 7.230e-01 2.670e-01 1.798e-03 4.851e-04 4.400e-03 -1.000 1.000e-02 -6.816 -2.729 -2.565 -2.469 -2.388 -2.359 -2.743 -3.652 -3.235 -2.928 -4.392 -2.396 -2.364 -3.601 -3.436
0.01 -0.17553 5.00000 21.9642848969 2.6310362816   21.871  4.736  4.5747  4.293    0  0.000  0.545     0.00     0.00 -1 -3.01e-08      0.00 7.230e-01 2.670e-01 1.798e-03 4.851e-04 4.400e-03 -1.000 1.000e-02 -7.070 -2.894 -2.728 -2.644 -2.583 -2.555 -2.941 -3.849 -3.424 -3.105 -4.591 -2.590 -2.560 -3.797 -3.627
0.01 -0.17553 5.00000 23.9285717010 2.6313421726   23.918  4.838  4.5887  4.286    0  0.000  0.545     0.00     0.00 -1 -4.76e-08      0.00 7.230e-01 2.670e-01 1.798e-03 4.851e-04 4.400e-03 -1.000 1.000e-02 -7.325 -3.058 -2.899 -2.808 -2.734 -2.707 -3.093 -4.001 -3.594 -3.289 -4.789 -2.740 -2.713 -3.952 -3.793
0.01 -0.17553 5.00000 25.8928585052 2.6315951347   25.804  4.918  4.5995  4.282    0  0.000  0.545     0.00     0.00 -1  -6.6e-08      0.00 7.230e-01 2.670e-01 1.798e-03 4.851e-04 4.400e-03 -1.000 1.000e-02 -7.526 -3.188 -3.035 -2.938 -2.853 -2.828 -3.215 -4.123 -3.730 -3.437 -4.947 -2.860 -2.834 -4.075 -3.926
0.01 -0.17553 5.00000 29.8214282990 2.6319882870   29.787  5.069  4.6188  4.270    0  0.000  0.545     0.00     0.00 -1 -1.21e-07      0.00 7.230e-01 2.670e-01 1.798e-03 4.851e-04 4.400e-03 -1.000 1.000e-02 -7.902 -3.432 -3.283 -3.192 -3.109 -3.085 -3.473 -4.382 -4.022 -3.846 -5.435 -3.117 -3.091 -4.338 -4.213
0.01 -0.17553 5.00000 33.7500000000 2.6322779655   33.641  5.190  4.6336  4.261    0  0.000  0.545     0.00     0.00 -1  -1.9e-07      0.00 7.230e-01 2.670e-01 1.798e-03 4.851e-04 4.400e-03 -1.000 1.000e-02 -8.205 -3.625 -3.483 -3.397 -3.315 -3.293 -3.682 -4.591 -4.238 -4.074 -5.676 -3.322 -3.299 -4.549 -4.429
0.01 -0.17553 5.00000 35.7142868042 2.6323957443   35.629  5.248  4.6415  4.260    0  0.000  0.545     0.00     0.00 -1 -2.38e-07      0.00 7.230e-01 2.670e-01 1.798e-03 4.851e-04 4.400e-03 -1.000 1.000e-02 -8.349 -3.712 -3.574 -3.490 -3.409 -3.389 -3.779 -4.688 -4.342 -4.196 -5.818 -3.416 -3.395 -4.647 -4.533
0.01 -0.17553 5.00000 40.6250000000 2.6326334476   40.551  5.371  4.6556  4.249    0  0.000  0.545     0.00     0.00 -1 -3.72e-07      0.00 7.230e-01 2.670e-01 1.798e-03 4.851e-04 4.400e-03 -1.000 1.000e-02 -8.657 -3.932 -3.792 -3.709 -3.630 -3.610 -4.001 -4.910 -4.581 -4.471 -6.124 -3.637 -3.616 -4.871 -4.770
0.01 -0.17553 5.00000 45.5357131958 2.6328132153   45.463  5.475  4.6671  4.241    0  0.000  0.545     0.00     0.00 -1 -5.37e-07      0.00 7.230e-01 2.670e-01 1.798e-03 4.851e-04 4.400e-03 -1.000 1.000e-02 -8.918 -4.127 -3.981 -3.894 -3.817 -3.797 -4.188 -5.098 -4.786 -4.719 -6.398 -3.824 -3.803 -5.062 -4.973
0.01 -0.17553 5.00000 50.4464302063 2.6329536438   50.349  5.567  4.6776  4.236    0  0.000  0.545     0.00     0.00 -1 -7.33e-07      0.00 7.230e-01 2.670e-01 1.798e-03 4.851e-04 4.400e-03 -1.000 1.000e-02 -9.147 -4.297 -4.148 -4.058 -3.985 -3.966 -4.358 -5.268 -4.978 -4.967 -6.677 -3.991 -3.972 -5.235 -5.162
0.01 -0.17553 5.00000 55.3571434021 2.6330654621   55.219  5.646  4.6852  4.227    0  0.000  0.545     0.00     0.00 -1 -9.47e-07      0.00 7.230e-01 2.670e-01 1.798e-03 4.851e-04 4.400e-03 -1.000 1.000e-02 -9.345 -4.455 -4.305 -4.214 -4.148 -4.132 -4.525 -5.435 -5.169 -5.220 -6.961 -4.153 -4.139 -5.405 -5.349
0.01 -0.17553 5.00000 60.2678604126 2.6331567764   60.107  5.717  4.6902  4.213    0  0.000  0.545     0.00     0.00 -1 -1.19e-06      0.00 7.230e-01 2.670e-01 1.798e-03 4.851e-04 4.400e-03 -1.000 1.000e-02 -9.523 -4.581 -4.435 -4.357 -4.312 -4.321 -4.732 -5.645 -5.572 -6.014 -7.942 -4.313 -4.331 -5.645 -5.727
0.01 -0.17553 5.00000 65.1785736084 2.6332323551   65.018  5.781  4.6971  4.210    0  0.000  0.545     0.00     0.00 -1 -1.49e-06      0.00 7.230e-01 2.670e-01 1.798e-03 4.851e-04 4.400e-03 -1.000 1.000e-02 -9.684 -4.699 -4.553 -4.472 -4.427 -4.437 -4.847 -5.761 -5.692 -6.152 -8.086 -4.428 -4.447 -5.760 -5.845
0.01 -0.17553 5.00000 70.0892868042 2.6332960129   69.863  5.841  4.7031  4.206    0  0.000  0.545     0.00     0.00 -1 -1.78e-06      0.00 7.230e-01 2.670e-01 1.798e-03 4.851e-04 4.400e-03 -1.000 1.000e-02 -9.832 -4.807 -4.662 -4.582 -4.542 -4.553 -4.964 -5.878 -5.823 -6.303 -8.243 -4.542 -4.563 -5.880 -5.974
0.01 -0.17553 5.00000 75.0000000000 2.6333501339   74.749  5.893  4.7061  4.195    0  0.000  0.545     0.00     0.00 -1 -2.08e-06      0.00 7.230e-01 2.670e-01 1.798e-03 4.851e-04 4.400e-03 -1.000 1.000e-02 -9.963 -4.920 -4.777 -4.698 -4.661 -4.674 -5.086 -6.000 -5.956 -6.447 -8.391 -4.661 -4.684 -6.004 -6.106
0.01 -0.17553 5.00000 84.8214263916 2.6334369183   84.393  5.986  4.7124  4.180    0  0.000  0.545     0.00     0.00 -1 -2.81e-06      0.00 7.230e-01 2.670e-01 1.798e-03 4.851e-04 4.400e-03 -1.000 1.000e-02 -10.195 -5.112 -4.971 -4.894 -4.863 -4.878 -5.291 -6.205 -6.180 -6.688 -8.638 -4.862 -4.888 -6.213 -6.328
0.01 -0.17553 5.00000 94.6428527832 2.6335034370   94.274  6.069  4.7194  4.172    0  0.000  0.545     0.00     0.00 -1 -3.62e-06      0.00 7.230e-01 2.670e-01 1.798e-03 4.851e-04 4.400e-03 -1.000 1.000e-02 -10.404 -5.275 -5.136 -5.061 -5.035 -5.052 -5.466 -6.380 -6.375 -6.901 -8.858 -5.033 -5.062 -6.392 -6.521
0.01 -0.17553 5.00000 99.5535736084 2.6335310936   99.133  6.106  4.7200  4.160    0  0.000  0.545     0.00     0.00 -1 -4.06e-06      0.00 7.230e-01 2.670e-01 1.798e-03 4.851e-04 4.400e-03 -1.000 1.000e-02 -10.494 -5.365 -5.226 -5.150 -5.124 -5.141 -5.554 -6.469 -6.464 -6.993 -8.953 -5.122 -5.151 -6.480 -6.610
0.01 -0.17553 5.00000 104.4642868042 2.6335558891  103.679  6.138  4.7230  4.159    0  0.000  0.545     0.00     0.00 -1 -4.47e-06      0.00 7.230e-01 2.670e-01 1.798e-03 4.851e-04 4.400e-03 -1.000 1.000e-02 -10.576 -5.426 -5.288 -5.213 -5.188 -5.205 -5.619 -6.534 -6.537 -7.074 -9.036 -5.186 -5.216 -6.546 -6.682
0.01 -0.17553 5.00000 124.1071472168 2.6336188316  123.315  6.261  4.7283  4.133    0  0.000  0.545     0.00     0.00 -1 -6.45e-06      0.00 7.230e-01 2.670e-01 1.798e-03 4.851e-04 4.400e-03 -1.000 1.000e-02 -10.882 -5.713 -5.577 -5.502 -5.480 -5.501 -5.916 -6.832 -6.858 -7.425 -9.403 -5.478 -5.511 -6.848 -7.000
0.01 -0.17553 5.00000 153.5714263916 2.6336188316  151.703  6.440  4.7233  4.024    0  0.000  0.250     0.00     0.00 -1 -1.26e-05      0.00 6.526e-01 3.347e-01 1.015e-03 1.810e-03 5.511e-03 -1.000 1.269e-02 -11.331 -6.204 -6.081 -6.038 -6.088 -6.154 -6.594 -7.516 -7.866 -8.873 -10.982 -6.076 -6.169 -7.588 -7.968
0.01 -0.17553 5.00000 202.6785888672 2.6336188316  200.705  6.579  4.7325  4.043    0  0.000  0.545     0.00     0.00 -1 -1.67e-05      0.00 7.230e-01 2.670e-01 1.798e-03 4.851e-04 4.400e-03 -1.000 1.000e-02 -11.678 -6.501 -6.384 -6.344 -6.402 -6.472 -6.915 -7.837 -8.208 -9.225 -11.340 -6.388 -6.487 -7.913 -8.307
0.01 -0.17553 5.00000 251.7857055664 2.6336188316  249.139  6.711  4.7341  4.011    0  0.000  0.545     0.00     0.00 -1 -2.43e-05      0.00 7.230e-01 2.670e-01 1.798e-03 4.851e-04 4.400e-03 -1.000 1.000e-02 -12.009 -6.832 -6.718 -6.682 -6.749 -6.826 -7.273 -8.196 -8.613 -9.686 -11.818 -6.734 -6.842 -8.280 -8.707
0.01 -0.17553 5.00000 300.8928833008 2.6336188316  297.430  6.816  4.7350  3.987    0  0.000  0.545     0.00     0.00 -1 -3.25e-05      0.00 7.230e-01 2.670e-01 1.798e-03 4.851e-04 4.400e-03 -1.000 1.000e-02 -12.271 -7.094 -6.981 -6.947 -7.018 -7.097 -7.545 -8.469 -8.903 -9.997 -12.137 -7.002 -7.113 -8.556 -8.995
0.01 -0.17553 5.00000 350.0000000000 2.6336188316  345.617  6.903  4.7365  3.972    0  0.000  0.545     0.00     0.00 -1 -4.15e-05      0.00 7.230e-01 2.670e-01 1.798e-03 4.851e-04 4.400e-03 -1.000 1.000e-02 -12.486 -7.303 -7.191 -7.158 -7.230 -7.311 -7.759 -8.683 -9.123 -10.223 -12.364 -7.214 -7.327 -8.771 -9.214
0.01 -0.17553 5.00000 350.0014648438 2.6336188316  343.926  6.902  4.7171  3.893    0  0.000  0.545     0.00     0.00 -1 -1.79e-05      0.00 7.230e-01 2.670e-01 1.798e-03 4.851e-04 4.400e-03 -1.000 1.000e-02 -12.485 -7.403 -7.279 -7.230 -7.269 -7.328 -7.766 -8.687 -9.001 -9.994 -12.103 -7.258 -7.343 -8.751 -9.106
0.01 -0.17553 5.00000 350.0037841797 2.6336188316  339.492  6.902  4.6882  3.772    0  0.000  0.055     0.00     0.00 -1 -4.74e-06      0.00 7.122e-01 2.778e-01 1.199e-04 4.473e-03 2.101e-03 -1.000 1.000e-02 -12.485 -7.604 -7.461 -7.380 -7.328 -7.332 -7.738 -8.651 -8.544 -8.983 -10.933 -7.330 -7.341 -8.644 -8.703
0.01 -0.17553 5.00000 350.0053710938 2.6336188316  334.621  6.903  4.6687  3.686    0  0.000  0.116     0.00     0.00 -1 -1.96e-06      0.00 6.978e-01 2.923e-01 1.568e-04 5.293e-03 1.112e-03 -1.000 9.905e-03 -12.488 -7.809 -7.687 -7.636 -7.639 -7.677 -8.101 -9.019 -9.073 -9.652 -11.631 -7.633 -7.689 -9.047 -9.218
0.01 -0.17553 5.00000 350.0065612793 2.6336188316  329.215  6.905  4.6531  3.615    0  0.000  0.231     0.00     0.00 -1 -1.01e-06      0.00 6.812e-01 3.090e-01 1.819e-04 5.628e-03 6.967e-04 -1.000 9.813e-03 -12.492 -8.180 -8.134 -8.177 -8.380 -8.527 -9.009 -9.940 -10.544 -11.608 -13.697 -8.346 -8.550 -10.088 -10.634
0.01 -0.17553 5.00000 350.0073242188 2.6336188316  324.559  6.907  4.6426  3.565    0  0.000  0.409     0.00     0.00 -1 -6.65e-07      0.00 6.648e-01 3.254e-01 1.973e-04 5.746e-03 5.413e-04 -1.000 9.815e-03 -12.497 -7.971 -7.845 -7.766 -7.707 -7.707 -8.109 -9.021 -8.823 -8.946 -10.717 -7.710 -7.716 -9.006 -8.996
0.01 -0.17553 5.00000 350.0080261230 2.6336188316  319.527  6.909  4.6332  3.518    0  0.000  0.670     0.00     0.00 -1 -4.64e-07      0.00 6.461e-01 3.441e-01 2.100e-04 5.784e-03 4.818e-04 -1.000 9.816e-03 -12.503 -8.063 -7.947 -7.909 -7.941 -8.048 -8.074 -8.279 -9.234 -11.705 -11.790 -7.942 -8.037 -8.524 -9.168
0.01 -0.17553 5.00000 350.0086059570 2.6336188316  314.258  6.911  4.6261  3.480    0  0.000  0.942     0.00     0.00 -1 -3.43e-07      0.00 6.238e-01 3.663e-01 2.207e-04 5.783e-03 4.684e-04 -1.000 9.817e-03 -12.508 -8.124 -8.009 -7.972 -8.006 -8.113 -8.140 -8.347 -9.311 -11.784 -11.871 -8.006 -8.102 -8.596 -9.245
0.01 -0.17553 5.00000 350.0090026855 2.6336188316  309.922  6.914  4.6207  3.451    0  0.000  1.081     0.00     0.00 -1  -2.8e-07      0.00 6.048e-01 3.854e-01 2.281e-04 5.771e-03 4.743e-04 -1.000 9.818e-03 -12.514 -8.172 -8.058 -8.022 -8.057 -8.165 -8.193 -8.400 -9.372 -11.846 -11.934 -8.056 -8.153 -8.653 -9.306
0.01 -0.17553 5.00000 350.0093994141 2.6336188316  305.191  6.916  4.6159  3.422    0  0.000  1.155     0.00     0.00 -1 -2.27e-07      0.00 5.834e-01 4.068e-01 2.352e-04 5.753e-03 4.860e-04 -1.000 9.819e-03 -12.520 -8.216 -8.103 -8.067 -8.104 -8.212 -8.241 -8.448 -9.427 -11.902 -11.992 -8.102 -8.200 -8.705 -9.361
0.01 -0.17553 5.00000 350.0097351074 2.6336188316  300.582  6.919  4.6126  3.400    0  0.000  1.190     0.00     0.00 -1 -1.94e-07      0.00 5.609e-01 4.293e-01 2.413e-04 5.736e-03 4.985e-04 -1.000 9.820e-03 -12.526 -8.248 -8.135 -8.100 -8.137 -8.245 -8.275 -8.483 -9.466 -11.941 -12.032 -8.135 -8.233 -8.742 -9.399
0.01 -0.17553 5.00000 350.0100097656 2.6336188316  296.457  6.921  4.6101  3.382    0  0.000  1.207     0.00     0.00 -1 -1.69e-07      0.00 5.405e-01 4.497e-01 2.462e-04 5.722e-03 5.093e-04 -1.000 9.820e-03 -12.532 -8.273 -8.160 -8.126 -8.164 -8.272 -8.302 -8.511 -9.497 -11.973 -12.065 -8.162 -8.260 -8.771 -9.430
0.01 -0.17553 5.00000 350.0102539062 2.6336188316  292.277  6.923  4.6079  3.364    0  0.000  1.220     0.00     0.00 -1 -1.52e-07      0.00 5.191e-01 4.711e-01 2.508e-04 5.708e-03 5.195e-04 -1.000 9.821e-03 -12.538 -8.296 -8.184 -8.149 -8.188 -8.296 -8.327 -8.536 -9.525 -12.002 -12.094 -8.186 -8.285 -8.798 -9.459
0.01 -0.17553 5.00000 350.0104980469 2.6336188316  287.523  6.926  4.6056  3.345    0  0.000  1.231     0.00     0.00 -1 -1.36e-07      0.00 4.969e-01 4.932e-01 2.556e-04 5.694e-03 5.301e-04 -1.000 9.821e-03 -12.544 -8.186 -8.074 -8.104 -8.091 -8.199 -8.238 -8.423 -9.494 -11.061 -11.581 -8.091 -8.194 -8.639 -9.327
0.01 -0.17553 5.00000 350.0107116699 2.6336188316  283.441  6.928  4.6041  3.331    0  0.000  1.242     0.00     0.00 -1 -1.23e-07      0.00 4.772e-01 5.130e-01 2.593e-04 5.684e-03 5.384e-04 -1.000 9.821e-03 -12.550 -8.198 -8.086 -8.116 -8.104 -8.211 -8.251 -8.436 -9.508 -11.075 -11.596 -8.104 -8.207 -8.652 -9.341
0.01 -0.17553 5.00000 350.0110473633 2.6336188316  275.902  6.933  4.6033  3.311    0  0.000  1.265     0.00     0.00 -1 -1.08e-07      0.00 4.379e-01 5.523e-01 2.657e-04 5.665e-03 5.520e-04 -1.000 9.822e-03 -12.562 -8.213 -8.101 -8.131 -8.119 -8.227 -8.266 -8.452 -9.525 -11.092 -11.613 -8.119 -8.222 -8.668 -9.358
0.01 -0.17553 5.00000 350.0113220215 2.6336188316  268.844  6.937  4.6047  3.301    0  0.000  1.290     0.00     0.00 -1 -9.52e-08      0.00 3.996e-01 5.906e-01 2.712e-04 5.651e-03 5.630e-04 -1.000 9.823e-03 -12.574 -8.205 -8.089 -8.114 -8.090 -8.194 -8.225 -8.410 -9.679 -10.392 -11.251 -8.096 -8.193 -8.625 -9.410
0.01 -0.17553 5.00000 350.0115661621 2.6336188316  261.848  6.942  4.6074  3.296    0  0.000  1.317     0.00     0.00 -1 -8.59e-08      0.00 3.642e-01 6.260e-01 2.761e-04 5.638e-03 5.727e-04 -1.000 9.823e-03 -12.584 -8.204 -8.089 -8.114 -8.090 -8.194 -8.224 -8.410 -9.680 -10.396 -11.256 -8.096 -8.193 -8.625 -9.411
0.01 -0.17553 5.00000 350.0116577148 2.6336188316  255.123  6.942  4.6190  3.330    0  0.000  1.348     0.00     0.00 -1 -4.51e-07      0.00 3.302e-01 6.600e-01 2.789e-04 5.633e-03 5.769e-04 -1.000 9.823e-03 -12.586 -8.161 -8.045 -8.071 -8.046 -8.152 -8.182 -8.368 -9.643 -10.371 -11.237 -8.053 -8.150 -8.582 -9.374
0.01 -0.17553 5.00000 350.0116882324 2.6336188316  247.961  6.939  4.6407  3.409    0  0.000  1.388     0.00     0.00 -1 -4.81e-07      0.00 2.920e-01 6.982e-01 2.805e-04 5.632e-03 5.771e-04 -1.000 9.823e-03 -12.577 -8.068 -7.951 -7.977 -7.953 -8.059 -8.089 -8.276 -9.561 -10.311 -11.189 -7.960 -8.058 -8.489 -9.292
0.01 -0.17553 5.00000 350.0117187500 2.6336188316  239.752  6.933  4.6611  3.481    0  0.000  1.442     0.00     0.00 -1 -5.02e-07      0.00 2.498e-01 7.404e-01 2.824e-04 5.631e-03 5.772e-04 -1.000 9.823e-03 -12.563 -7.927 -7.810 -7.835 -7.808 -7.913 -7.943 -8.127 -9.415 -10.169 -11.049 -7.816 -7.911 -8.337 -9.145
0.01 -0.17553 5.00000 350.0117797852 2.6336188316  228.260  6.914  4.6661  3.499    0  0.000  1.460     0.00     0.00 -1 -4.89e-07      0.00 2.325e-01 7.576e-01 2.834e-04 5.630e-03 5.784e-04 -1.000 9.824e-03 -12.515 -7.840 -7.723 -7.748 -7.719 -7.823 -7.853 -8.036 -9.323 -10.074 -10.953 -7.727 -7.822 -8.244 -9.054
0.01 -0.17553 5.00000 350.0118408203 2.6336188316  209.908  6.876  4.6657  3.499    0  0.000  1.466     0.00     0.00 -1 -4.24e-07      0.00 2.225e-01 7.677e-01 2.847e-04 5.626e-03 5.812e-04 -1.000 9.824e-03 -12.419 -7.747 -7.630 -7.655 -7.626 -7.731 -7.761 -7.944 -9.231 -9.982 -10.861 -7.634 -7.729 -8.152 -8.961
0.01 -0.17553 5.00000 350.0119018555 2.6336188316  194.363  6.840  4.6654  3.500    0  0.000  1.470     0.00     0.00 -1 -3.76e-07      0.00 2.134e-01 7.767e-01 2.859e-04 5.623e-03 5.838e-04 -1.000 9.824e-03 -12.331 -7.661 -7.544 -7.569 -7.540 -7.645 -7.675 -7.858 -9.145 -9.896 -10.776 -7.548 -7.643 -8.066 -8.876
0.01 -0.17553 5.00000 350.0119628906 2.6336188316  178.992  6.803  4.6652  3.501    0  0.000  1.475     0.00     0.00 -1 -3.26e-07      0.00 2.037e-01 7.865e-01 2.871e-04 5.619e-03 5.865e-04 -1.000 9.824e-03 -12.236 -7.568 -7.450 -7.476 -7.447 -7.551 -7.581 -7.764 -9.052 -9.803 -10.682 -7.455 -7.550 -7.973 -8.782
0.01 -0.17553 5.00000 350.0120239258 2.6336188316  164.828  6.765  4.6653  3.504    0  0.000  1.481     0.00     0.00 -1 -2.89e-07      0.00 1.939e-01 7.962e-01 2.884e-04 5.616e-03 5.892e-04 -1.000 9.912e-03 -12.141 -7.472 -7.355 -7.380 -7.351 -7.456 -7.486 -7.669 -8.956 -9.707 -10.587 -7.359 -7.454 -7.877 -8.687
0.01 -0.17553 5.00000 350.0120849609 2.6336188316  151.859  6.726  4.6656  3.507    0  0.000  1.488     0.00     0.00 -1  -2.5e-07      0.00 1.841e-01 8.061e-01 2.898e-04 5.612e-03 5.919e-04 -1.000 9.824e-03 -12.046 -7.375 -7.257 -7.283 -7.254 -7.358 -7.388 -7.571 -8.858 -9.610 -10.489 -7.262 -7.357 -7.779 -8.589
0.01 -0.17553 5.00000 350.0121459961 2.6336188316  140.922  6.692  4.6658  3.511    0  0.000  1.496     0.00     0.00 -1 -2.23e-07      0.00 1.751e-01 8.151e-01 2.911e-04 5.609e-03 5.944e-04 -1.000 9.798e-03 -11.959 -7.286 -7.168 -7.193 -7.164 -7.269 -7.299 -7.482 -8.769 -9.520 -10.399 -7.172 -7.267 -7.690 -8.499
0.01 -0.17553 5.00000 350.0122375488 2.6336188316  129.838  6.654  4.6667  3.516    0  0.000  1.508     0.00     0.00 -1 -1.97e-07      0.00 1.651e-01 8.251e-01 2.925e-04 5.606e-03 5.969e-04 -1.000 9.798e-03 -11.865 -7.185 -7.068 -7.093 -7.064 -7.168 -7.198 -7.381 -8.668 -9.418 -10.298 -7.072 -7.167 -7.589 -8.398
0.01 -0.17553 5.00000 350.0122985840 2.6336188316  120.318  6.619  4.6675  3.521    0  0.000  1.522     0.00     0.00 -1 -1.72e-07      0.00 1.561e-01 8.341e-01 2.940e-04 5.602e-03 5.993e-04 -1.000 9.860e-03 -11.778 -7.091 -6.973 -6.998 -6.969 -7.073 -7.103 -7.285 -8.572 -9.322 -10.201 -6.977 -7.071 -7.493 -8.303
0.01 -0.17553 5.00000 350.0123596191 2.6336188316  111.699  6.585  4.6689  3.529    0  0.000  1.541     0.00     0.00 -1 -1.53e-07      0.00 1.469e-01 8.432e-01 2.955e-04 5.599e-03 6.015e-04 -1.000 9.825e-03 -11.692 -6.994 -6.876 -6.902 -6.872 -6.976 -7.006 -7.188 -8.475 -9.224 -10.103 -6.880 -6.974 -7.395 -8.205
0.01 -0.17553 5.00000 350.0123901367 2.6336188316  103.510  6.550  4.6707  3.538    0  0.000  1.565     0.00     0.00 -1 -1.36e-07      0.00 1.377e-01 8.525e-01 2.972e-04 5.594e-03 6.037e-04 -1.000 9.834e-03 -11.604 -6.892 -6.774 -6.800 -6.769 -6.872 -6.902 -7.084 -8.371 -9.119 -9.997 -6.777 -6.871 -7.291 -8.101
0.01 -0.17553 5.00000 350.0124511719 2.6336188316   95.902  6.515  4.6735  3.551    0  0.000  1.599     0.00     0.00 -1 -1.21e-07      0.00 1.282e-01 8.620e-01 2.992e-04 5.591e-03 6.057e-04 -1.000 9.869e-03 -11.517 -6.782 -6.664 -6.689 -6.658 -6.761 -6.791 -6.971 -8.258 -9.004 -9.882 -6.666 -6.759 -7.178 -7.988
0.01 -0.17553 5.00000 350.0125122070 2.6336188316   89.477  6.483  4.6774  3.568    0  0.000  1.641     0.00     0.00 -1 -1.08e-07      0.00 1.195e-01 8.707e-01 3.013e-04 5.587e-03 6.074e-04 -1.000 9.834e-03 -11.438 -6.671 -6.553 -6.578 -6.545 -6.648 -6.678 -6.858 -8.143 -8.888 -9.765 -6.553 -6.647 -7.063 -7.874
0.01 -0.17553 5.00000 350.0125732422 2.6336188316   84.045  6.455  4.6832  3.593    0  0.000  1.696     0.00     0.00 -1 -9.67e-08      0.00 1.118e-01 8.784e-01 3.036e-04 5.583e-03 6.087e-04 -1.000 9.834e-03 -11.367 -6.553 -6.434 -6.460 -6.425 -6.527 -6.557 -6.735 -8.020 -8.761 -9.637 -6.433 -6.525 -6.938 -7.750
0.01 -0.17553 5.00000 350.0126037598 2.6336188316   80.432  6.435  4.6904  3.622    0  0.000  1.752     0.00     0.00 -1  -9.1e-08      0.00 1.062e-01 8.839e-01 3.058e-04 5.579e-03 6.094e-04 -1.000 9.869e-03 -11.317 -6.444 -6.325 -6.351 -6.314 -6.414 -6.444 -6.621 -7.905 -8.642 -9.517 -6.322 -6.413 -6.822 -7.635
0.01 -0.17553 5.00000 350.0126342773 2.6336188316   76.007  6.412  4.7199  3.739    0  0.000  1.815     0.00     0.00 -1 -8.34e-08      0.00 1.022e-01 8.880e-01 3.083e-04 5.575e-03 6.105e-04 -1.000 9.860e-03 -11.259 -6.168 -6.050 -6.078 -6.040 -6.144 -6.173 -6.352 -7.653 -8.406 -9.287 -6.049 -6.143 -6.554 -7.384
0.01 -0.17553 5.00000 350.0126647949 2.6336188316   74.060  6.436  4.9601  4.663    0  0.000  1.524     0.00     0.00 -1 -8.94e-08      0.00 9.598e-02 8.941e-01 2.931e-04 5.598e-03 6.097e-04 -1.000 9.877e-03 -11.321 -4.414 -4.293 -4.257 -4.319 -4.436 -4.497 -4.700 -6.158 -7.134 -8.148 -4.322 -4.438 -4.938 -5.886
0.01 -0.17553 5.00000 350.0126953125 2.6336188316   70.953  6.414  4.9649  4.686    0  0.000  2.093     0.00     0.00 -1 -8.27e-08      0.00 9.180e-02 8.984e-01 3.148e-04 5.568e-03 6.084e-04 -1.000 9.822e-03 -11.266 -4.329 -4.209 -4.174 -4.239 -4.356 -4.419 -4.622 -6.082 -7.061 -8.075 -4.241 -4.358 -4.860 -5.809
0.01 -0.17553 5.00000 350.0127258301 2.6336188316   67.293  6.388  4.9662  4.695    0  0.000 77.894     0.00     0.00 -1 -6.88e-08      0.00 9.206e-02 8.464e-01 4.833e-02 6.177e-05 1.279e-03 10.632 6.157e-02 -11.199 -4.254 -4.135 -4.100 -4.166 -4.284 -4.347 -4.550 -6.010 -6.990 -8.003 -4.168 -4.285 -4.788 -5.737
0.01 -0.17553 5.00000 350.0127868652 2.6336188316   62.431  6.353  4.9619  4.680    0  0.000 24.717     0.00     0.00 -1 -4.79e-08      0.00 9.255e-02 7.400e-01 1.479e-01 6.210e-05 7.531e-03 11.108 1.675e-01 -11.112 -4.186 -4.054 -3.992 -4.010 -4.072 -4.133 -4.256 -5.533 -6.449 -7.447 -4.008 -4.075 -4.415 -5.261
0.01 -0.17553 5.00000 350.0129089355 2.6336188316   57.286  6.319  4.9587  4.664    0  0.000  9.941     0.00     0.00 -1 -2.77e-08      0.00 9.333e-02 5.814e-01 2.796e-01 6.262e-05 3.344e-02 11.357 3.253e-01 -11.027 -4.125 -3.992 -3.931 -3.949 -4.011 -4.072 -4.196 -5.476 -6.392 -7.391 -3.947 -4.014 -4.356 -5.203
0.01 -0.17553 5.00000 350.0130310059 2.6336188316   53.976  6.302  4.9596  4.658    0  0.000  5.849     0.00     0.00 -1  -1.7e-08      0.00 9.419e-02 4.635e-01 3.577e-01 6.320e-05 7.232e-02 11.429 4.423e-01 -10.985 -4.076 -3.944 -3.882 -3.901 -3.962 -4.023 -4.147 -5.426 -6.342 -7.341 -3.899 -3.965 -4.307 -5.154
0.01 -0.17553 5.00000 350.0131225586 2.6336188316   52.134  6.295  4.9669  4.679    0  0.000  3.383     0.00     0.00 -1 -1.86e-08      0.00 9.480e-02 3.397e-01 4.093e-01 6.360e-05 1.437e-01 11.423 5.655e-01 -10.968 -4.004 -3.871 -3.809 -3.827 -3.888 -3.949 -4.071 -5.346 -6.259 -7.256 -3.825 -3.891 -4.229 -5.074
0.01 -0.17553 5.00000 350.0131530762 2.6336188316   50.891  6.289  4.9765  4.714    0  0.000  2.331     0.00     0.00 -1 -2.17e-08      0.00 9.508e-02 2.640e-01 4.150e-01 6.380e-05 2.132e-01 11.349 6.409e-01 -10.952 -3.915 -3.782 -3.720 -3.737 -3.797 -3.858 -3.978 -5.246 -6.156 -7.150 -3.735 -3.800 -4.133 -4.974
0.01 -0.17553 5.00000 350.0131835938 2.6336188316   48.839  6.354  5.1039  5.140    0  0.000  1.309     0.00     0.00 -1  -5.1e-08      0.00 9.541e-02 1.694e-01 3.728e-01 6.402e-05 3.492e-01 10.986 7.352e-01 -11.115 -3.495 -3.413 -3.411 -3.570 -3.719 -3.861 -4.140 -5.808 -6.908 -7.951 -3.553 -3.730 -4.476 -5.532
#isochrone terminated
