# File generated by CMD 3.3 (http://stev.oapd.inaf.it/cmd) on Wed Apr 22 16:19:40 CEST 2020
# isochrones based on PARSEC release v1.2S +  COLIBRI S_35
# Basic references: Bressan et al. (2012), MNRAS, 427, 127 + Chen et al. (2014, 2015), MNRAS, 444, 2525 + MNRAS, 452, 1068 + Tang et al. (2014), MNRAS, 445, 4287 + Marigo et al. (2017), ApJ, 835, 77 + Pastorelli al. (2019), MNRAS in press
# Thermal pulse cycles included 
# On RGB, assumed Reimers mass loss with efficiency eta=0.2
# Photometric system:  2MASS + Spitzer (IRAC+MIPS) + WISE
# Using YBC version of bolometric corrections as in Chen et al. (2019)
# O-rich circumstellar dpmod60alox40 dust from Groenewegen (2006)
# C-rich circumstellar AMCSIC15 dust from Groenewegen (2006)
# IMF: Kroupa (2001, 2002) + Kroupa et al. (2013) canonical two-part-power law IMF corrected for unresolved binaries 
# Kind of output: isochrone tables
# Zini     MH   logAge Mini        int_IMF         Mass   logL    logTe  logg  label   McoreTP C_O  period0 period1 pmode  Mloss  tau1m   X   Y   Xc  Xn  Xo  Cexcess  Z 	 mbolmag  Jmag    Hmag    Ksmag   IRAC_3.6mag  IRAC_4.5mag  IRAC_5.8mag  IRAC_8.0mag  MIPS_24mag  MIPS_70mag  MIPS_160mag  W1mag   W2mag   W3mag   W4mag
0.009 -0.22295 6.00000 0.0900000036 1.0816895962    0.090 -1.238  3.4612  3.427    0  0.000  0.545     0.00     0.00 -1 -4.73e-14      0.00 7.258e-01 2.651e-01 1.628e-03 4.393e-04 3.984e-03 -1.000 9.056e-03 7.865 5.838 5.297 4.992 4.602 4.450 4.406 4.339 3.726 3.703 3.770 4.726 4.454 4.303 3.916
0.009 -0.22295 6.00000 0.1000000015 1.1711064577    0.100 -1.148  3.4675  3.408    0  0.000  0.545     0.00     0.00 -1 -5.65e-14      0.00 7.258e-01 2.651e-01 1.628e-03 4.393e-04 3.984e-03 -1.000 9.056e-03 7.640 5.623 5.072 4.780 4.407 4.259 4.218 4.155 3.548 3.529 3.601 4.530 4.263 4.123 3.738
0.009 -0.22295 6.00000 0.1200000048 1.3193155527    0.120 -0.987  3.4790  3.372    0  0.000  0.545     0.00     0.00 -1 -7.78e-14      0.00 7.258e-01 2.651e-01 1.628e-03 4.393e-04 3.984e-03 -1.000 9.056e-03 7.238 5.242 4.665 4.396 4.058 3.918 3.882 3.826 3.229 3.218 3.300 4.177 3.923 3.801 3.419
0.009 -0.22295 6.00000 0.1249498278 1.3510898352    0.125 -0.952  3.4816  3.365    0  0.000  0.545     0.00     0.00 -1 -8.33e-14      0.00 7.258e-01 2.651e-01 1.628e-03 4.393e-04 3.984e-03 -1.000 9.056e-03 7.150 5.160 4.577 4.312 3.983 3.845 3.809 3.754 3.160 3.152 3.236 4.100 3.850 3.731 3.350
0.009 -0.22295 6.00000 0.1400000006 1.4384527206    0.140 -0.849  3.4892  3.342    0  0.000  0.545     0.00     0.00 -1 -1.02e-13      0.00 7.258e-01 2.651e-01 1.628e-03 4.393e-04 3.984e-03 -1.000 9.056e-03 6.893 4.920 4.314 4.062 3.758 3.627 3.592 3.539 2.954 2.955 3.047 3.871 3.632 3.523 3.144
0.009 -0.22295 6.00000 0.1511966139 1.4958859682    0.151 -0.784  3.4943  3.331    0  0.000  0.545     0.00     0.00 -1 -1.16e-13      0.00 7.258e-01 2.651e-01 1.628e-03 4.393e-04 3.984e-03 -1.000 9.056e-03 6.730 4.769 4.146 3.902 3.616 3.491 3.458 3.408 2.828 2.834 2.930 3.727 3.497 3.395 3.018
0.009 -0.22295 6.00000 0.1644840986 1.5572625399    0.164 -0.728  3.4992  3.330    0  0.000  0.545     0.00     0.00 -1 -1.27e-13      0.00 7.258e-01 2.651e-01 1.628e-03 4.393e-04 3.984e-03 -1.000 9.057e-03 6.589 4.640 4.002 3.765 3.495 3.377 3.345 3.298 2.724 2.734 2.834 3.604 3.383 3.288 2.913
0.009 -0.22295 6.00000 0.1684039086 1.5741477013    0.168 -0.716  3.5005  3.335    0  0.000  0.545     0.00     0.00 -1 -1.28e-13      0.00 7.258e-01 2.651e-01 1.628e-03 4.393e-04 3.984e-03 -1.000 9.060e-03 6.561 4.615 3.973 3.738 3.472 3.355 3.324 3.277 2.704 2.716 2.817 3.580 3.361 3.268 2.894
0.009 -0.22295 6.00000 0.1733797193 1.5948601961    0.173 -0.695  3.5025  3.333    0  0.000  0.545     0.00     0.00 -1 -1.33e-13      0.00 7.258e-01 2.651e-01 1.628e-03 4.393e-04 3.984e-03 -1.000 9.064e-03 6.506 4.566 3.917 3.684 3.425 3.312 3.281 3.235 2.664 2.679 2.781 3.532 3.318 3.227 2.854
0.009 -0.22295 6.00000 0.1814119816 1.6267155409    0.181 -0.650  3.5061  3.323    0  0.000  0.545     0.00     0.00 -1 -1.45e-13      0.00 7.258e-01 2.651e-01 1.628e-03 4.393e-04 3.984e-03 -1.000 9.061e-03 6.395 4.465 3.802 3.575 3.328 3.221 3.191 3.146 2.580 2.599 2.704 3.433 3.227 3.141 2.770
0.009 -0.22295 6.00000 0.1925207973 1.6678708792    0.192 -0.587  3.5111  3.306    0  0.000  0.545     0.00     0.00 -1 -1.67e-13      0.00 7.258e-01 2.651e-01 1.628e-03 4.393e-04 3.984e-03 -1.000 9.056e-03 6.238 4.320 3.638 3.417 3.189 3.090 3.061 3.018 2.458 2.483 2.591 3.291 3.097 3.017 2.648
0.009 -0.22295 6.00000 0.2007323056 1.6963576078    0.201 -0.547  3.5143  3.297    0  0.000  0.545     0.00     0.00 -1 -1.81e-13      0.00 7.258e-01 2.651e-01 1.628e-03 4.393e-04 3.984e-03 -1.000 9.056e-03 6.138 4.230 3.535 3.318 3.101 3.008 2.979 2.937 2.381 2.411 2.521 3.201 3.015 2.938 2.571
0.009 -0.22295 6.00000 0.2091452479 1.7240134478    0.209 -0.557  3.5150  3.327    0  0.000  0.545     0.00     0.00 -1 -1.67e-13      0.00 7.258e-01 2.651e-01 1.628e-03 4.393e-04 3.984e-03 -1.000 9.056e-03 6.162 4.258 3.566 3.348 3.129 3.037 3.007 2.964 2.410 2.441 2.552 3.228 3.043 2.966 2.600
0.009 -0.22295 6.00000 0.2174044102 1.7497918606    0.217 -0.554  3.5166  3.348    0  0.000  0.545     0.00     0.00 -1 -1.61e-13      0.00 7.258e-01 2.651e-01 1.628e-03 4.393e-04 3.984e-03 -1.000 9.056e-03 6.156 4.257 3.564 3.346 3.129 3.039 3.009 2.966 2.414 2.448 2.560 3.227 3.045 2.969 2.604
0.009 -0.22295 6.00000 0.2254690379 1.7737631798    0.225 -0.539  3.5189  3.358    0  0.000  0.545     0.00     0.00 -1 -1.62e-13      0.00 7.258e-01 2.651e-01 1.628e-03 4.393e-04 3.984e-03 -1.000 9.056e-03 6.118 4.226 3.528 3.312 3.101 3.014 2.983 2.941 2.393 2.429 2.543 3.196 3.020 2.946 2.582
0.009 -0.22295 6.00000 0.2333160788 1.7960411310    0.233 -0.510  3.5219  3.356    0  0.000  0.545     0.00     0.00 -1  -1.7e-13      0.00 7.258e-01 2.651e-01 1.628e-03 4.393e-04 3.984e-03 -1.000 9.059e-03 6.046 4.163 3.455 3.242 3.040 2.959 2.929 2.887 2.343 2.383 2.499 3.133 2.966 2.894 2.533
0.009 -0.22295 6.00000 0.2396238446 1.8132544756    0.240 -0.479  3.5247  3.348    0  0.000  0.545     0.00     0.00 -1 -1.82e-13      0.00 7.258e-01 2.651e-01 1.628e-03 4.393e-04 3.984e-03 -1.000 9.064e-03 5.968 4.095 3.375 3.166 2.973 2.899 2.868 2.828 2.288 2.331 2.448 3.064 2.905 2.836 2.477
0.009 -0.22295 6.00000 0.2467501760 1.8320065737    0.247 -0.437  3.5282  3.332    0  0.000  0.545     0.00     0.00 -1 -2.02e-13      0.00 7.258e-01 2.651e-01 1.628e-03 4.393e-04 3.984e-03 -1.000 9.074e-03 5.863 4.000 3.265 3.061 2.881 2.814 2.784 2.745 2.210 2.257 2.376 2.969 2.821 2.755 2.399
0.009 -0.22295 6.00000 0.2612579465 1.8680930138    0.261 -0.418  3.5313  3.351    0  0.000  0.545     0.00     0.00 -1 -2.01e-13      0.00 7.258e-01 2.651e-01 1.628e-03 4.393e-04 3.984e-03 -1.000 9.066e-03 5.816 3.963 3.223 3.020 2.846 2.785 2.755 2.715 2.185 2.237 2.357 2.932 2.791 2.728 2.375
0.009 -0.22295 6.00000 0.2747325599 1.8993500471    0.275 -0.423  3.5331  3.385    0  0.000  0.545     0.00     0.00 -1 -1.86e-13      0.00 7.258e-01 2.651e-01 1.628e-03 4.393e-04 3.984e-03 -1.000 9.056e-03 5.828 3.982 3.244 3.041 2.867 2.808 2.777 2.737 2.210 2.264 2.385 2.951 2.814 2.752 2.400
0.009 -0.22295 6.00000 0.2879372835 1.9281052351    0.288 -0.419  3.5357  3.411    0  0.000  0.545     0.00     0.00 -1 -1.78e-13      0.00 7.258e-01 2.651e-01 1.628e-03 4.393e-04 3.984e-03 -1.000 9.056e-03 5.817 3.980 3.240 3.038 2.867 2.812 2.781 2.741 2.218 2.275 2.397 2.948 2.819 2.757 2.408
0.009 -0.22295 6.00000 0.3199230134 1.9911733866    0.320 -0.374  3.5438  3.445    0  0.000  0.545     0.00     0.00 -1  -1.8e-13      0.00 7.258e-01 2.652e-01 1.628e-03 4.393e-04 3.984e-03 -1.000 9.056e-03 5.706 3.895 3.140 2.944 2.790 2.750 2.717 2.678 2.168 2.234 2.359 2.863 2.756 2.699 2.357
0.009 -0.22295 6.00000 0.3417003751 2.0296010971    0.342 -0.359  3.5481  3.475    0  0.000  0.545     0.00     0.00 -1 -1.74e-13      0.00 7.258e-01 2.652e-01 1.628e-03 4.393e-04 3.984e-03 -1.000 9.058e-03 5.668 3.871 3.111 2.919 2.772 2.739 2.706 2.666 2.162 2.234 2.360 2.841 2.745 2.690 2.352
0.009 -0.22295 6.00000 0.3500000238 2.0434176922    0.350 -0.357  3.5495  3.489    0  0.000  0.545     0.00     0.00 -1  -1.7e-13      0.00 7.258e-01 2.652e-01 1.628e-03 4.393e-04 3.984e-03 -1.000 9.056e-03 5.662 3.870 3.108 2.917 2.772 2.742 2.708 2.668 2.167 2.240 2.367 2.840 2.748 2.694 2.357
0.009 -0.22295 6.00000 0.3761478364 2.0843043327    0.376 -0.321  3.5561  3.511    0  0.000  0.545     0.00     0.00 -1 -1.74e-13      0.00 7.258e-01 2.652e-01 1.628e-03 4.393e-04 3.984e-03 -1.000 9.056e-03 5.573 3.802 3.030 2.846 2.714 2.695 2.661 2.620 2.128 2.209 2.336 2.775 2.701 2.649 2.318
0.009 -0.22295 6.00000 0.4000000358 2.1185026169    0.400 -0.296  3.5614  3.534    0  0.000  0.545     0.00     0.00 -1 -1.74e-13      0.00 7.258e-01 2.652e-01 1.628e-03 4.393e-04 3.984e-03 -1.000 9.056e-03 5.510 3.755 2.977 2.797 2.675 2.665 2.630 2.588 2.104 2.191 2.319 2.731 2.672 2.620 2.294
0.009 -0.22295 6.00000 0.4097231925 2.1316912174    0.410 -0.282  3.5640  3.540    0  0.000  0.545     0.00     0.00 -1 -1.76e-13      0.00 7.258e-01 2.652e-01 1.628e-03 4.393e-04 3.984e-03 -1.000 9.056e-03 5.476 3.729 2.948 2.771 2.653 2.647 2.612 2.569 2.089 2.178 2.306 2.706 2.654 2.603 2.278
0.009 -0.22295 6.00000 0.4573627114 2.1908936501    0.457 -0.219  3.5757  3.572    0  0.000  0.545     0.00     0.00 -1 -1.86e-13      0.00 7.258e-01 2.652e-01 1.628e-03 4.393e-04 3.984e-03 -1.000 9.056e-03 5.317 3.606 2.818 2.654 2.553 2.566 2.529 2.481 2.018 2.121 2.247 2.595 2.572 2.522 2.208
0.009 -0.22295 6.00000 0.4908496439 2.2279076576    0.491 -0.174  3.5840  3.590    0  0.000  0.545     0.00     0.00 -1 -1.95e-13      0.00 7.258e-01 2.652e-01 1.628e-03 4.393e-04 3.984e-03 -1.000 9.056e-03 5.204 3.516 2.731 2.574 2.483 2.506 2.469 2.419 1.967 2.076 2.202 2.518 2.512 2.464 2.156
0.009 -0.22295 6.00000 0.5000000000 2.2374541759    0.500 -0.162  3.5861  3.595    0  0.000  0.545     0.00     0.00 -1 -1.97e-13      0.00 7.258e-01 2.652e-01 1.628e-03 4.393e-04 3.984e-03 -1.000 9.056e-03 5.175 3.492 2.710 2.554 2.465 2.491 2.454 2.403 1.953 2.065 2.190 2.498 2.497 2.449 2.142
0.009 -0.22295 6.00000 0.5038660765 2.2414045334    0.504 -0.157  3.5869  3.597    0  0.000  0.545     0.00     0.00 -1 -1.98e-13      0.00 7.258e-01 2.652e-01 1.628e-03 4.393e-04 3.984e-03 -1.000 9.056e-03 5.163 3.483 2.701 2.546 2.458 2.485 2.447 2.396 1.947 2.059 2.184 2.490 2.490 2.443 2.136
0.009 -0.22295 6.00000 0.5189343095 2.2561569214    0.519 -0.137  3.5902  3.603    0  0.000  0.545     0.00     0.00 -1 -2.03e-13      0.00 7.258e-01 2.652e-01 1.628e-03 4.393e-04 3.984e-03 -1.000 9.056e-03 5.112 3.441 2.661 2.509 2.425 2.455 2.418 2.365 1.921 2.035 2.160 2.454 2.461 2.414 2.110
0.009 -0.22295 6.00000 0.5348829627 2.2707345486    0.535 -0.116  3.5940  3.610    0  0.000  0.545     0.00     0.00 -1 -2.09e-13      0.00 7.258e-01 2.652e-01 1.628e-03 4.393e-04 3.984e-03 -1.000 9.056e-03 5.059 3.397 2.622 2.474 2.394 2.427 2.390 2.337 1.897 2.014 2.138 2.421 2.433 2.387 2.086
0.009 -0.22295 6.00000 0.5500000119 2.2836582661    0.550 -0.096  3.5977  3.617    0  0.000  0.545     0.00     0.00 -1 -2.13e-13      0.00 7.258e-01 2.652e-01 1.628e-03 4.393e-04 3.984e-03 -1.000 9.056e-03 5.010 3.357 2.587 2.443 2.366 2.403 2.367 2.313 1.877 1.996 2.120 2.391 2.409 2.364 2.066
0.009 -0.22295 6.00000 0.5579969883 2.2901704311    0.558 -0.087  3.5994  3.620    0  0.000  0.545     0.00     0.00 -1 -2.16e-13      0.00 7.258e-01 2.652e-01 1.628e-03 4.393e-04 3.984e-03 -1.000 9.056e-03 4.987 3.336 2.570 2.427 2.352 2.390 2.353 2.299 1.865 1.986 2.109 2.375 2.395 2.352 2.054
0.009 -0.22295 6.00000 0.5773962140 2.3051087856    0.577 -0.062  3.6035  3.627    0  0.000  0.545     0.00     0.00 -1 -2.23e-13      0.00 7.258e-01 2.652e-01 1.628e-03 4.393e-04 3.984e-03 -1.000 9.056e-03 4.925 3.285 2.525 2.386 2.315 2.356 2.320 2.265 1.835 1.958 2.081 2.336 2.361 2.319 2.024
0.009 -0.22295 6.00000 0.5977320671 2.3195776939    0.597 -0.037  3.6080  3.635    0  0.000  0.545     0.00     0.00 -1  -2.3e-13      0.00 7.258e-01 2.652e-01 1.628e-03 4.393e-04 3.984e-03 -1.000 9.056e-03 4.863 3.233 2.481 2.346 2.279 2.323 2.288 2.233 1.807 1.932 2.056 2.298 2.329 2.288 1.996
0.009 -0.22295 6.00000 0.6000000238 2.3211214542    0.600 -0.034  3.6086  3.636    0  0.000  0.545     0.00     0.00 -1  -2.3e-13      0.00 7.258e-01 2.652e-01 1.628e-03 4.393e-04 3.984e-03 -1.000 9.056e-03 4.855 3.227 2.476 2.342 2.275 2.319 2.284 2.229 1.803 1.929 2.053 2.293 2.325 2.285 1.992
0.009 -0.22295 6.00000 0.6203083992 2.3343694210    0.620 -0.010  3.6125  3.642    0  0.000  0.545     0.00     0.00 -1 -2.38e-13      0.00 7.258e-01 2.652e-01 1.628e-03 4.393e-04 3.984e-03 -1.000 9.056e-03 4.794 3.175 2.431 2.301 2.237 2.284 2.250 2.194 1.772 1.899 2.023 2.254 2.290 2.251 1.961
0.009 -0.22295 6.00000 0.6434764862 2.3483145237    0.643  0.018  3.6173  3.650    0  0.000  0.545     0.00     0.00 -1 -2.47e-13      0.00 7.258e-01 2.652e-01 1.628e-03 4.393e-04 3.984e-03 -1.000 9.056e-03 4.725 3.117 2.382 2.256 2.196 2.246 2.213 2.157 1.738 1.867 1.992 2.211 2.252 2.216 1.927
0.009 -0.22295 6.00000 0.6499999762 2.3520355225    0.650  0.026  3.6187  3.651    0  0.000  0.545     0.00     0.00 -1  -2.5e-13      0.00 7.258e-01 2.652e-01 1.628e-03 4.393e-04 3.984e-03 -1.000 9.056e-03 4.705 3.100 2.368 2.242 2.184 2.234 2.201 2.146 1.728 1.858 1.982 2.198 2.240 2.205 1.917
0.009 -0.22295 6.00000 0.6657770872 2.3606889248    0.666  0.044  3.6214  3.655    0  0.000  0.545     0.00     0.00 -1 -2.56e-13      0.00 7.258e-01 2.652e-01 1.628e-03 4.393e-04 3.984e-03 -1.000 9.056e-03 4.660 3.062 2.335 2.212 2.156 2.207 2.175 2.120 1.704 1.834 1.959 2.169 2.213 2.180 1.893
0.009 -0.22295 6.00000 0.6883721352 2.3722908497    0.688  0.070  3.6256  3.660    0  0.000  0.545     0.00     0.00 -1 -2.66e-13      0.00 7.258e-01 2.652e-01 1.628e-03 4.393e-04 3.984e-03 -1.000 9.056e-03 4.595 3.007 2.290 2.170 2.117 2.170 2.139 2.084 1.669 1.801 1.926 2.128 2.176 2.144 1.858
0.009 -0.22295 6.00000 0.7000000477 2.3779268265    0.700  0.083  3.6279  3.664    0  0.000  0.545     0.00     0.00 -1 -2.71e-13      0.00 7.258e-01 2.652e-01 1.628e-03 4.393e-04 3.984e-03 -1.000 9.056e-03 4.562 2.979 2.267 2.150 2.098 2.152 2.121 2.067 1.653 1.786 1.911 2.109 2.157 2.127 1.842
0.009 -0.22295 6.00000 0.7230431437 2.3884823322    0.723  0.116  3.6361  3.677    0  0.000  0.541     0.00     0.00 -1 -2.83e-13      0.00 7.258e-01 2.652e-01 1.618e-03 4.390e-04 3.985e-03 -1.000 9.056e-03 4.479 2.917 2.227 2.116 2.069 2.123 2.094 2.040 1.628 1.763 1.889 2.077 2.128 2.101 1.817
0.009 -0.22295 6.00000 0.7500000000 2.3998889923    0.750  0.155  3.6456  3.692    0  0.000  0.538     0.00     0.00 -1 -2.99e-13      0.00 7.258e-01 2.652e-01 1.607e-03 4.387e-04 3.985e-03 -1.000 9.056e-03 4.382 2.845 2.185 2.081 2.037 2.089 2.063 2.011 1.599 1.736 1.863 2.043 2.094 2.072 1.788
0.009 -0.22295 6.00000 0.7504352331 2.4000654221    0.750  0.155  3.6456  3.693    0  0.000  0.538     0.00     0.00 -1    -3e-13      0.00 7.258e-01 2.652e-01 1.607e-03 4.387e-04 3.985e-03 -1.000 9.056e-03 4.382 2.845 2.184 2.081 2.036 2.089 2.062 2.010 1.599 1.736 1.862 2.042 2.094 2.071 1.788
0.009 -0.22295 6.00000 0.7809095979 2.4118599892    0.781  0.183  3.6491  3.696    0  0.000  0.538     0.00     0.00 -1 -3.12e-13      0.00 7.258e-01 2.652e-01 1.607e-03 4.387e-04 3.985e-03 -1.000 9.056e-03 4.312 2.784 2.135 2.034 1.990 2.042 2.016 1.965 1.554 1.691 1.818 1.996 2.047 2.026 1.743
0.009 -0.22295 6.00000 0.7989268899 2.4183487892    0.799  0.200  3.6512  3.697    0  0.000  0.538     0.00     0.00 -1  -3.2e-13      0.00 7.258e-01 2.652e-01 1.607e-03 4.387e-04 3.985e-03 -1.000 9.056e-03 4.269 2.747 2.105 2.005 1.963 2.014 1.988 1.938 1.526 1.663 1.791 1.968 2.019 1.999 1.715
0.009 -0.22295 6.00000 0.8231456280 2.4265580177    0.823  0.220  3.6537  3.700    0  0.000  0.538     0.00     0.00 -1 -3.29e-13      0.00 7.258e-01 2.652e-01 1.607e-03 4.387e-04 3.985e-03 -1.000 9.056e-03 4.221 2.705 2.072 1.974 1.932 1.982 1.957 1.908 1.496 1.633 1.761 1.937 1.987 1.968 1.685
0.009 -0.22295 6.00000 0.8478538394 2.4343800545    0.847  0.240  3.6563  3.704    0  0.000  0.538     0.00     0.00 -1 -3.38e-13      0.00 7.258e-01 2.652e-01 1.607e-03 4.387e-04 3.985e-03 -1.000 9.056e-03 4.171 2.663 2.039 1.942 1.900 1.950 1.926 1.877 1.465 1.603 1.730 1.905 1.955 1.938 1.654
0.009 -0.22295 6.00000 0.8911075592 2.4468796253    0.890  0.274  3.6605  3.707    0  0.000  0.538     0.00     0.00 -1 -3.56e-13      0.00 7.258e-01 2.652e-01 1.607e-03 4.387e-04 3.985e-03 -1.000 9.056e-03 4.084 2.588 1.978 1.884 1.843 1.891 1.868 1.821 1.408 1.546 1.674 1.848 1.896 1.881 1.597
0.009 -0.22295 6.00000 0.8967806697 2.4484164715    0.896  0.279  3.6610  3.708    0  0.000  0.538     0.00     0.00 -1 -3.58e-13      0.00 7.258e-01 2.652e-01 1.607e-03 4.387e-04 3.985e-03 -1.000 9.056e-03 4.074 2.579 1.971 1.878 1.837 1.885 1.862 1.815 1.402 1.540 1.669 1.841 1.890 1.875 1.591
0.009 -0.22295 6.00000 0.8989647627 2.4490022659    0.898  0.280  3.6612  3.708    0  0.000  0.538     0.00     0.00 -1 -3.58e-13      0.00 7.258e-01 2.652e-01 1.607e-03 4.387e-04 3.985e-03 -1.000 9.056e-03 4.070 2.576 1.969 1.875 1.835 1.883 1.860 1.812 1.400 1.538 1.666 1.839 1.887 1.873 1.589
0.009 -0.22295 6.00000 0.9457075596 2.4607958794    0.945  0.315  3.6655  3.712    0  0.000  0.538     0.00     0.00 -1 -3.77e-13      0.00 7.258e-01 2.652e-01 1.607e-03 4.387e-04 3.985e-03 -1.000 9.056e-03 3.982 2.500 1.908 1.816 1.776 1.823 1.801 1.755 1.343 1.481 1.610 1.780 1.828 1.816 1.532
0.009 -0.22295 6.00000 0.9570323229 2.4634547234    0.957  0.323  3.6664  3.714    0  0.000  0.538     0.00     0.00 -1 -3.81e-13      0.00 7.258e-01 2.652e-01 1.607e-03 4.387e-04 3.985e-03 -1.000 9.056e-03 3.963 2.484 1.895 1.805 1.765 1.811 1.789 1.744 1.331 1.470 1.599 1.769 1.816 1.804 1.520
0.009 -0.22295 6.00000 0.9946345091 2.4717855453    0.995  0.350  3.6696  3.716    0  0.000  0.538     0.00     0.00 -1 -3.97e-13      0.00 7.258e-01 2.652e-01 1.607e-03 4.387e-04 3.985e-03 -1.000 9.056e-03 3.894 2.425 1.847 1.758 1.718 1.764 1.743 1.698 1.286 1.424 1.554 1.722 1.768 1.759 1.474
0.009 -0.22295 6.00000 1.0158379078 2.4761714935    1.016  0.364  3.6712  3.718    0  0.000  0.538     0.00     0.00 -1 -3.93e-13      0.00 7.258e-01 2.652e-01 1.607e-03 4.387e-04 3.985e-03 -1.000 9.056e-03 3.861 2.396 1.824 1.736 1.697 1.742 1.721 1.677 1.264 1.403 1.533 1.701 1.746 1.737 1.453
0.009 -0.22295 6.00000 1.0435613394 2.4815983772    1.043  0.383  3.6734  3.719    0  0.000  0.538     0.00     0.00 -1  -3.9e-13      0.00 7.258e-01 2.652e-01 1.607e-03 4.387e-04 3.985e-03 -1.000 9.056e-03 3.813 2.355 1.790 1.703 1.665 1.709 1.689 1.645 1.233 1.371 1.501 1.668 1.714 1.706 1.422
0.009 -0.22295 6.00000 1.0822905302 2.4886467457    1.081  0.407  3.6762  3.722    0  0.000  0.538     0.00     0.00 -1 -3.79e-13      0.00 7.258e-01 2.652e-01 1.607e-03 4.387e-04 3.985e-03 -1.000 9.056e-03 3.752 2.303 1.747 1.662 1.624 1.667 1.648 1.605 1.192 1.331 1.461 1.628 1.672 1.666 1.381
0.009 -0.22295 6.00000 1.0924882889 2.4904074669    1.092  0.414  3.6770  3.722    0  0.000  0.538     0.00     0.00 -1 -3.78e-13      0.00 7.258e-01 2.652e-01 1.607e-03 4.387e-04 3.985e-03 -1.000 9.056e-03 3.735 2.288 1.734 1.650 1.612 1.655 1.636 1.593 1.180 1.319 1.449 1.615 1.660 1.654 1.369
0.009 -0.22295 6.00000 1.1414151192 2.4983537197    1.141  0.444  3.6803  3.724    0  0.000  0.538     0.00     0.00 -1 -3.63e-13      0.00 7.258e-01 2.652e-01 1.607e-03 4.387e-04 3.985e-03 -1.000 9.056e-03 3.659 2.223 1.680 1.598 1.560 1.602 1.584 1.542 1.129 1.268 1.399 1.564 1.607 1.603 1.318
0.009 -0.22295 6.00000 1.1613662243 2.5013737679    1.161  0.456  3.6816  3.725    0  0.000  0.538     0.00     0.00 -1 -3.55e-13      0.00 7.258e-01 2.652e-01 1.607e-03 4.387e-04 3.985e-03 -1.000 9.056e-03 3.631 2.198 1.660 1.578 1.541 1.583 1.564 1.523 1.111 1.250 1.380 1.544 1.587 1.584 1.300
0.009 -0.22295 6.00000 1.1903420687 2.5055532455    1.190  0.473  3.6835  3.726    0  0.000  0.538     0.00     0.00 -1 -3.46e-13      0.00 7.258e-01 2.652e-01 1.607e-03 4.387e-04 3.985e-03 -1.000 9.056e-03 3.588 2.162 1.629 1.548 1.511 1.553 1.535 1.494 1.082 1.222 1.352 1.515 1.557 1.555 1.271
0.009 -0.22295 6.00000 1.2392688990 2.5121033192    1.239  0.501  3.6864  3.727    0  0.000  0.538     0.00     0.00 -1 -3.26e-13      0.00 7.258e-01 2.652e-01 1.607e-03 4.387e-04 3.985e-03 -1.000 9.056e-03 3.517 2.100 1.577 1.497 1.461 1.502 1.485 1.445 1.033 1.173 1.304 1.465 1.507 1.506 1.222
0.009 -0.22295 6.00000 1.2720036507 2.5161633492    1.272  0.519  3.6883  3.728    0  0.000  0.538     0.00     0.00 -1 -3.11e-13      0.00 7.258e-01 2.652e-01 1.607e-03 4.387e-04 3.985e-03 -1.000 9.056e-03 3.472 2.062 1.544 1.465 1.430 1.471 1.453 1.414 1.003 1.143 1.273 1.433 1.475 1.475 1.191
0.009 -0.22295 6.00000 1.2881958485 2.5180842876    1.288  0.529  3.6892  3.728    0  0.000  0.538     0.00     0.00 -1 -3.05e-13      0.00 7.258e-01 2.652e-01 1.607e-03 4.387e-04 3.985e-03 -1.000 9.056e-03 3.449 2.041 1.526 1.448 1.413 1.453 1.436 1.397 0.986 1.126 1.257 1.416 1.457 1.458 1.175
0.009 -0.22295 6.00000 1.3371227980 2.5235648155    1.337  0.554  3.6918  3.730    0  0.000  0.538     0.00     0.00 -1 -2.79e-13      0.00 7.258e-01 2.652e-01 1.607e-03 4.387e-04 3.985e-03 -1.000 9.056e-03 3.385 1.987 1.480 1.403 1.369 1.408 1.392 1.354 0.942 1.083 1.214 1.372 1.412 1.415 1.131
0.009 -0.22295 6.00000 1.3832631111 2.5283267498    1.383  0.575  3.6942  3.732    0  0.000  0.538     0.00     0.00 -1  -2.5e-13      0.00 7.258e-01 2.652e-01 1.607e-03 4.387e-04 3.985e-03 -1.000 9.056e-03 3.332 1.941 1.442 1.366 1.332 1.371 1.355 1.318 0.907 1.047 1.178 1.335 1.375 1.379 1.096
0.009 -0.22295 6.00000 1.3860497475 2.5286026001    1.386  0.577  3.6944  3.732    0  0.000  0.538     0.00     0.00 -1 -2.48e-13      0.00 7.258e-01 2.652e-01 1.607e-03 4.387e-04 3.985e-03 -1.000 9.056e-03 3.328 1.938 1.439 1.364 1.330 1.369 1.353 1.315 0.904 1.045 1.176 1.333 1.373 1.376 1.093
0.009 -0.22295 6.00000 1.4349765778 2.5332474709    1.435  0.602  3.6967  3.732    0  0.000  0.538     0.00     0.00 -1 -2.18e-13      0.00 7.258e-01 2.652e-01 1.607e-03 4.387e-04 3.985e-03 -1.000 9.056e-03 3.265 1.883 1.392 1.318 1.284 1.323 1.307 1.270 0.859 1.000 1.131 1.287 1.326 1.331 1.048
0.009 -0.22295 6.00000 1.4839034081 2.5375421047    1.484  0.626  3.6990  3.732    0  0.000  0.538     0.00     0.00 -1 -1.85e-13      0.00 7.258e-01 2.652e-01 1.607e-03 4.387e-04 3.985e-03 -1.000 9.056e-03 3.206 1.832 1.348 1.275 1.242 1.279 1.264 1.228 0.817 0.958 1.089 1.245 1.283 1.289 1.006
0.009 -0.22295 6.00000 1.4996891022 2.5388588905    1.500  0.633  3.6998  3.732    0  0.000  0.538     0.00     0.00 -1 -1.72e-13      0.00 7.258e-01 2.652e-01 1.607e-03 4.387e-04 3.985e-03 -1.000 9.056e-03 3.188 1.816 1.335 1.262 1.229 1.266 1.251 1.215 0.804 0.945 1.076 1.232 1.270 1.276 0.993
0.009 -0.22295 6.00000 1.5328302383 2.5415227413    1.533  0.648  3.7012  3.732    0  0.000  0.538     0.00     0.00 -1 -1.47e-13      0.00 7.258e-01 2.652e-01 1.607e-03 4.387e-04 3.985e-03 -1.000 9.056e-03 3.150 1.784 1.306 1.234 1.202 1.239 1.224 1.188 0.777 0.918 1.049 1.204 1.242 1.249 0.966
0.009 -0.22295 6.00000 1.5490365028 2.5427775383    1.549  0.655  3.7020  3.733    0  0.000  0.538     0.00     0.00 -1 -1.32e-13      0.00 7.258e-01 2.652e-01 1.607e-03 4.387e-04 3.985e-03 -1.000 9.056e-03 3.133 1.770 1.294 1.222 1.190 1.227 1.212 1.177 0.766 0.907 1.038 1.193 1.231 1.238 0.955
0.009 -0.22295 6.00000 1.5817571878 2.5452215672    1.581  0.672  3.7034  3.731    0  0.000  0.538     0.00     0.00 -1 -1.07e-13      0.00 7.258e-01 2.652e-01 1.607e-03 4.387e-04 3.985e-03 -1.000 9.056e-03 3.091 1.733 1.262 1.190 1.158 1.195 1.180 1.145 0.735 0.876 1.007 1.161 1.199 1.207 0.924
0.009 -0.22295 6.00000 1.6306840181 2.5486662388    1.630  0.693  3.7054  3.731    0  0.000  0.538     0.00     0.00 -1 -6.27e-14      0.00 7.258e-01 2.652e-01 1.607e-03 4.387e-04 3.985e-03 -1.000 9.056e-03 3.037 1.686 1.221 1.150 1.119 1.155 1.141 1.106 0.696 0.837 0.968 1.122 1.158 1.168 0.885
0.009 -0.22295 6.00000 1.6796110868 2.5518810749    1.679  0.715  3.7074  3.730    0  0.000  0.538     0.00     0.00 -1 -6.44e-24      0.00 7.258e-01 2.652e-01 1.607e-03 4.387e-04 3.985e-03 -1.000 9.056e-03 2.983 1.639 1.180 1.110 1.079 1.115 1.101 1.067 0.657 0.798 0.929 1.082 1.118 1.128 0.845
0.009 -0.22295 6.00000 1.7285379171 2.5548877716    1.727  0.736  3.7093  3.728    0  0.000  0.538     0.00     0.00 -1    -1e-30      0.00 7.258e-01 2.652e-01 1.607e-03 4.387e-04 3.985e-03 -1.000 9.056e-03 2.929 1.592 1.139 1.070 1.040 1.074 1.061 1.028 0.617 0.758 0.890 1.042 1.078 1.089 0.806
0.009 -0.22295 6.00000 1.7771632671 2.5576877594    1.776  0.757  3.7112  3.727    0  0.000  0.538     0.00     0.00 -1    -1e-30      0.00 7.258e-01 2.652e-01 1.607e-03 4.387e-04 3.985e-03 -1.000 9.056e-03 2.877 1.547 1.099 1.031 1.001 1.035 1.022 0.989 0.579 0.720 0.852 1.003 1.039 1.051 0.768
0.009 -0.22295 6.00000 1.7774647474 2.5577046871    1.776  0.757  3.7112  3.727    0  0.000  0.538     0.00     0.00 -1    -1e-30      0.00 7.258e-01 2.652e-01 1.607e-03 4.387e-04 3.985e-03 -1.000 9.056e-03 2.876 1.547 1.099 1.031 1.001 1.035 1.022 0.989 0.579 0.720 0.852 1.003 1.039 1.050 0.768
0.009 -0.22295 6.00000 1.8263916969 2.5603487492    1.825  0.778  3.7130  3.725    0  0.000  0.538     0.00     0.00 -1    -1e-30      0.00 7.258e-01 2.652e-01 1.607e-03 4.387e-04 3.985e-03 -1.000 9.056e-03 2.824 1.501 1.059 0.992 0.962 0.996 0.983 0.951 0.540 0.682 0.813 0.964 0.999 1.012 0.729
0.009 -0.22295 6.00000 1.8774336576 2.5629389286    1.876  0.799  3.7149  3.724    0  0.000  0.538     0.00     0.00 -1    -1e-30      0.00 7.258e-01 2.652e-01 1.607e-03 4.387e-04 3.985e-03 -1.000 9.056e-03 2.772 1.456 1.019 0.952 0.923 0.957 0.944 0.912 0.502 0.644 0.775 0.926 0.960 0.974 0.691
0.009 -0.22295 6.00000 1.8987650871 2.5639741421    1.898  0.807  3.7156  3.723    0  0.000  0.538     0.00     0.00 -1    -1e-30      0.00 7.258e-01 2.652e-01 1.607e-03 4.387e-04 3.985e-03 -1.000 9.056e-03 2.751 1.438 1.003 0.937 0.908 0.941 0.929 0.897 0.487 0.629 0.760 0.910 0.945 0.959 0.676
0.009 -0.22295 6.00000 1.9284752607 2.5653722286    1.928  0.821  3.7167  3.721    0  0.000  0.538     0.00     0.00 -1    -1e-30      0.00 7.258e-01 2.652e-01 1.607e-03 4.387e-04 3.985e-03 -1.000 9.056e-03 2.717 1.407 0.975 0.910 0.881 0.914 0.901 0.870 0.460 0.602 0.733 0.883 0.917 0.932 0.649
0.009 -0.22295 6.00000 1.9795172215 2.5676615238    1.979  0.843  3.7185  3.718    0  0.000  0.538     0.00     0.00 -1    -1e-30      0.00 7.258e-01 2.652e-01 1.607e-03 4.387e-04 3.985e-03 -1.000 9.056e-03 2.663 1.361 0.934 0.869 0.841 0.873 0.861 0.830 0.420 0.562 0.693 0.843 0.876 0.892 0.609
0.009 -0.22295 6.00000 2.0305588245 2.5698192120    2.030  0.863  3.7203  3.715    0  0.000  0.538     0.00     0.00 -1    -1e-30      0.00 7.258e-01 2.652e-01 1.607e-03 4.387e-04 3.985e-03 -1.000 9.056e-03 2.612 1.316 0.894 0.830 0.802 0.834 0.822 0.792 0.382 0.524 0.655 0.805 0.838 0.854 0.571
0.009 -0.22295 6.00000 2.0816006660 2.5718555450    2.081  0.884  3.7220  3.712    0  0.000  0.538     0.00     0.00 -1    -1e-30      0.00 7.258e-01 2.652e-01 1.607e-03 4.387e-04 3.985e-03 -1.000 9.056e-03 2.559 1.270 0.853 0.790 0.762 0.794 0.782 0.752 0.342 0.484 0.616 0.764 0.797 0.814 0.531
0.009 -0.22295 6.00000 2.0827357769 2.5718994141    2.082  0.885  3.7221  3.712    0  0.000  0.538     0.00     0.00 -1    -1e-30      0.00 7.258e-01 2.652e-01 1.607e-03 4.387e-04 3.985e-03 -1.000 9.056e-03 2.558 1.269 0.852 0.789 0.762 0.793 0.781 0.751 0.341 0.483 0.615 0.764 0.796 0.813 0.530
0.009 -0.22295 6.00000 2.1326425076 2.5737800598    2.131  0.906  3.7237  3.707    0  0.000  0.538     0.00     0.00 -1    -1e-30      0.00 7.258e-01 2.652e-01 1.607e-03 4.387e-04 3.985e-03 -1.000 9.056e-03 2.504 1.222 0.810 0.747 0.720 0.751 0.739 0.710 0.300 0.442 0.574 0.722 0.754 0.772 0.489
0.009 -0.22295 6.00000 2.1836843491 2.5756015778    2.182  0.931  3.7255  3.700    0  0.000  0.538     0.00     0.00 -1    -1e-30      0.00 7.258e-01 2.652e-01 1.607e-03 4.387e-04 3.985e-03 -1.000 9.056e-03 2.442 1.167 0.759 0.697 0.671 0.701 0.689 0.661 0.251 0.393 0.525 0.673 0.704 0.722 0.440
0.009 -0.22295 6.00000 2.2347259521 2.5773277283    2.233  0.950  3.7272  3.698    0  0.000  0.538     0.00     0.00 -1    -1e-30      0.00 7.258e-01 2.652e-01 1.607e-03 4.387e-04 3.985e-03 -1.000 9.056e-03 2.395 1.127 0.724 0.663 0.636 0.666 0.655 0.627 0.217 0.359 0.491 0.638 0.669 0.688 0.406
0.009 -0.22295 6.00000 2.2722101212 2.5785388947    2.270  0.965  3.7284  3.695    0  0.000  0.538     0.00     0.00 -1    -1e-30      0.00 7.258e-01 2.652e-01 1.607e-03 4.387e-04 3.985e-03 -1.000 9.056e-03 2.358 1.094 0.695 0.634 0.608 0.638 0.626 0.599 0.189 0.331 0.463 0.610 0.641 0.660 0.378
0.009 -0.22295 6.00000 2.2857680321 2.5789656639    2.284  0.971  3.7289  3.693    0  0.000  0.538     0.00     0.00 -1    -1e-30      0.00 7.258e-01 2.652e-01 1.607e-03 4.387e-04 3.985e-03 -1.000 9.056e-03 2.342 1.079 0.681 0.621 0.595 0.624 0.613 0.585 0.176 0.318 0.450 0.597 0.627 0.647 0.365
0.009 -0.22295 6.00000 2.3368096352 2.5805213451    2.335  0.996  3.7306  3.684    0  0.000  0.538     0.00     0.00 -1    -1e-30      0.00 7.258e-01 2.652e-01 1.607e-03 4.387e-04 3.985e-03 -1.000 9.056e-03 2.279 1.024 0.630 0.571 0.545 0.574 0.563 0.536 0.126 0.268 0.400 0.547 0.577 0.598 0.315
0.009 -0.22295 6.00000 2.3878512383 2.5820009708    2.386  1.020  3.7324  3.678    0  0.000  0.538     0.00     0.00 -1    -1e-30      0.00 7.258e-01 2.652e-01 1.607e-03 4.387e-04 3.985e-03 -1.000 9.056e-03 2.221 0.973 0.584 0.525 0.500 0.528 0.517 0.491 0.081 0.223 0.355 0.502 0.531 0.553 0.270
0.009 -0.22295 6.00000 2.4388933182 2.5834095478    2.437  1.040  3.7342  3.674    0  0.000  0.538     0.00     0.00 -1    -1e-30      0.00 7.258e-01 2.652e-01 1.607e-03 4.387e-04 3.985e-03 -1.000 9.056e-03 2.171 0.930 0.546 0.488 0.463 0.491 0.480 0.455 0.045 0.187 0.319 0.465 0.494 0.516 0.234
0.009 -0.22295 6.00000 2.4847755432 2.5846190453    2.483  1.057  3.7359  3.671    0  0.000  0.538     0.00     0.00 -1    -1e-30      0.00 7.258e-01 2.651e-01 1.607e-03 4.387e-04 3.985e-03 -1.000 9.056e-03 2.126 0.892 0.513 0.456 0.432 0.459 0.448 0.423 0.013 0.155 0.288 0.433 0.461 0.485 0.202
0.009 -0.22295 6.00000 2.5730562210 2.5868074894    2.572  1.100  3.7396  3.658    0  0.000  0.538     0.00     0.00 -1    -1e-30      0.00 7.258e-01 2.651e-01 1.607e-03 4.387e-04 3.985e-03 -1.000 9.056e-03 2.020 0.801 0.431 0.375 0.352 0.378 0.367 0.344 -0.066 0.076 0.208 0.353 0.380 0.405 0.123
0.009 -0.22295 6.00000 2.6430602074 2.5884237289    2.642  1.141  3.7428  3.642    0  0.000  0.538     0.00     0.00 -1    -1e-30      0.00 7.258e-01 2.651e-01 1.607e-03 4.387e-04 3.985e-03 -1.000 9.056e-03 1.916 0.711 0.350 0.295 0.273 0.297 0.287 0.264 -0.148 -0.000 0.130 0.274 0.299 0.310 0.040
0.009 -0.22295 6.00000 2.6641736031 2.5888922215    2.663  1.154  3.7437  3.636    0  0.000  0.538     0.00     0.00 -1    -1e-30      0.00 7.258e-01 2.651e-01 1.607e-03 4.387e-04 3.985e-03 -1.000 9.056e-03 1.885 0.683 0.324 0.270 0.248 0.272 0.262 0.239 -0.174 -0.024 0.105 0.249 0.274 0.280 0.014
0.009 -0.22295 6.00000 2.8293886185 2.5922811031    2.829  1.275  3.7518  3.574    0  0.000  0.538     0.00     0.00 -1    -1e-30      0.00 7.258e-01 2.651e-01 1.607e-03 4.387e-04 3.985e-03 -1.000 9.056e-03 1.582 0.416 0.078 0.027 0.007 0.027 0.017 -0.002 -0.426 -0.256 -0.136 0.008 0.029 -0.015 -0.239
0.009 -0.22295 6.00000 2.8472273350 2.5926201344    2.846  1.292  3.7529  3.564    0  0.000  0.538     0.00     0.00 -1    -1e-30      0.00 7.258e-01 2.651e-01 1.607e-03 4.387e-04 3.985e-03 -1.000 9.056e-03 1.540 0.379 0.043 -0.007 -0.027 -0.008 -0.017 -0.036 -0.462 -0.289 -0.170 -0.026 -0.006 -0.056 -0.274
0.009 -0.22295 6.00000 2.9214589596 2.5939798355    2.920  1.367  3.7578  3.520    0  0.000  0.538     0.00     0.00 -1    -1e-30      0.00 7.258e-01 2.651e-01 1.607e-03 4.387e-04 3.985e-03 -1.000 9.056e-03 1.353 0.213 -0.110 -0.158 -0.177 -0.160 -0.169 -0.186 -0.618 -0.433 -0.319 -0.176 -0.158 -0.237 -0.431
0.009 -0.22295 6.00000 2.9861748219 2.5951018333    2.985  1.445  3.7630  3.472    0  0.000  0.538     0.00     0.00 -1    -1e-30      0.00 7.258e-01 2.651e-01 1.607e-03 4.387e-04 3.985e-03 -1.000 9.056e-03 1.158 0.041 -0.269 -0.315 -0.333 -0.319 -0.327 -0.342 -0.781 -0.583 -0.474 -0.332 -0.317 -0.428 -0.594
0.009 -0.22295 6.00000 3.0409319401 2.5960085392    3.040  1.515  3.7680  3.430    0  0.000  0.538     0.00     0.00 -1    -1e-30      0.00 7.258e-01 2.651e-01 1.607e-03 4.387e-04 3.985e-03 -1.000 9.056e-03 0.984 -0.110 -0.409 -0.453 -0.470 -0.458 -0.466 -0.479 -0.924 -0.713 -0.610 -0.468 -0.457 -0.597 -0.737
0.009 -0.22295 6.00000 3.0513944626 2.5961773396    3.050  1.528  3.7690  3.423    0  0.000  0.538     0.00     0.00 -1    -1e-30      0.00 7.258e-01 2.651e-01 1.607e-03 4.387e-04 3.985e-03 -1.000 9.056e-03 0.951 -0.139 -0.435 -0.478 -0.495 -0.484 -0.491 -0.504 -0.950 -0.737 -0.635 -0.494 -0.483 -0.629 -0.764
0.009 -0.22295 6.00000 3.0760126114 2.5965697765    3.075  1.559  3.7715  3.405    0  0.000  0.538     0.00     0.00 -1    -1e-30      0.00 7.258e-01 2.651e-01 1.607e-03 4.387e-04 3.985e-03 -1.000 9.056e-03 0.872 -0.205 -0.495 -0.538 -0.554 -0.544 -0.551 -0.563 -1.012 -0.793 -0.694 -0.553 -0.543 -0.704 -0.826
0.009 -0.22295 6.00000 3.1337721348 2.5974626541    3.132  1.629  3.7778  3.368    0  0.000  0.538     0.00     0.00 -1    -1e-30      0.00 7.258e-01 2.651e-01 1.607e-03 4.387e-04 3.985e-03 -1.000 9.056e-03 0.697 -0.350 -0.623 -0.664 -0.679 -0.672 -0.679 -0.689 -1.146 -0.911 -0.817 -0.678 -0.671 -0.870 -0.961
0.009 -0.22295 6.00000 3.1915366650 2.5983185768    3.190  1.698  3.7852  3.337    0  0.000  0.538     0.00     0.00 -1    -1e-30      0.00 7.258e-01 2.651e-01 1.607e-03 4.387e-04 3.985e-03 -1.000 9.056e-03 0.526 -0.484 -0.739 -0.778 -0.793 -0.789 -0.795 -0.803 -1.270 -1.016 -0.929 -0.792 -0.789 -1.033 -1.085
0.009 -0.22295 6.00000 3.2476398945 2.5991165638    3.245  1.765  3.7944  3.314    0  0.000  0.538     0.00     0.00 -1    -1e-30      0.00 7.258e-01 2.651e-01 1.607e-03 4.387e-04 3.985e-03 -1.000 9.056e-03 0.359 -0.606 -0.839 -0.875 -0.890 -0.889 -0.894 -0.900 -1.379 -1.101 -1.024 -0.889 -0.889 -1.190 -1.195
0.009 -0.22295 6.00000 3.2555618286 2.5992264748    3.254  1.774  3.7960  3.312    0  0.000  0.538     0.00     0.00 -1    -1e-30      0.00 7.258e-01 2.651e-01 1.607e-03 4.387e-04 3.985e-03 -1.000 9.056e-03 0.335 -0.622 -0.852 -0.888 -0.902 -0.902 -0.906 -0.912 -1.392 -1.111 -1.035 -0.901 -0.901 -1.212 -1.209
0.009 -0.22295 6.00000 3.2766091824 2.5995161533    3.274  1.800  3.8005  3.307    0  0.000  0.538     0.00     0.00 -1    -1e-30      0.00 7.258e-01 2.651e-01 1.607e-03 4.387e-04 3.985e-03 -1.000 9.056e-03 0.270 -0.664 -0.885 -0.919 -0.932 -0.934 -0.937 -0.942 -1.428 -1.135 -1.065 -0.931 -0.933 -1.272 -1.245
0.009 -0.22295 6.00000 3.3131361008 2.6000087261    3.311  1.846  3.8110  3.308    0  0.000  0.538     0.00     0.00 -1    -1e-30      0.00 7.258e-01 2.651e-01 1.607e-03 4.387e-04 3.985e-03 -1.000 9.056e-03 0.156 -0.725 -0.924 -0.955 -0.967 -0.970 -0.973 -0.977 -1.475 -1.156 -1.099 -0.966 -0.970 -1.375 -1.292
0.009 -0.22295 6.00000 3.3420789242 2.6003901958    3.340  1.883  3.8216  3.317    0  0.000  0.538     0.00     0.00 -1    -1e-30      0.00 7.258e-01 2.651e-01 1.607e-03 4.387e-04 3.985e-03 -1.000 9.056e-03 0.063 -0.763 -0.939 -0.968 -0.979 -0.984 -0.986 -0.989 -1.489 -1.164 -1.108 -0.978 -0.984 -1.399 -1.306
0.009 -0.22295 6.00000 3.3670244217 2.6007130146    3.364  1.915  3.8320  3.330    0  0.000  0.538     0.00     0.00 -1    -1e-30      0.00 7.258e-01 2.651e-01 1.607e-03 4.387e-04 3.985e-03 -1.000 9.056e-03 -0.018 -0.790 -0.944 -0.972 -0.982 -0.987 -0.989 -0.991 -1.490 -1.164 -1.108 -0.981 -0.987 -1.401 -1.308
0.009 -0.22295 6.00000 3.3898768425 2.6010038853    3.387  1.945  3.8422  3.343    0  0.000  0.538     0.00     0.00 -1    -1e-30      0.00 7.258e-01 2.651e-01 1.607e-03 4.387e-04 3.985e-03 -1.000 9.056e-03 -0.093 -0.811 -0.945 -0.971 -0.981 -0.986 -0.987 -0.989 -1.487 -1.160 -1.103 -0.980 -0.986 -1.399 -1.305
0.009 -0.22295 6.00000 3.4118278027 2.6012790203    3.409  1.975  3.8524  3.357    0  0.000  0.538     0.00     0.00 -1    -1e-30      0.00 7.258e-01 2.651e-01 1.607e-03 4.387e-04 3.985e-03 -1.000 9.056e-03 -0.167 -0.830 -0.942 -0.968 -0.977 -0.982 -0.983 -0.985 -1.482 -1.153 -1.096 -0.976 -0.982 -1.395 -1.300
0.009 -0.22295 6.00000 3.4331109524 2.6015419960    3.430  2.004  3.8626  3.372    0  0.000  0.538     0.00     0.00 -1    -1e-30      0.00 7.258e-01 2.651e-01 1.607e-03 4.387e-04 3.985e-03 -1.000 9.056e-03 -0.239 -0.845 -0.938 -0.963 -0.971 -0.976 -0.977 -0.979 -1.475 -1.145 -1.088 -0.971 -0.976 -1.389 -1.293
0.009 -0.22295 6.00000 3.4538142681 2.6017942429    3.451  2.032  3.8728  3.387    0  0.000  0.538     0.00     0.00 -1    -1e-30      0.00 7.258e-01 2.651e-01 1.607e-03 4.387e-04 3.985e-03 -1.000 9.056e-03 -0.310 -0.858 -0.933 -0.956 -0.964 -0.969 -0.970 -0.972 -1.467 -1.136 -1.077 -0.964 -0.969 -1.381 -1.284
0.009 -0.22295 6.00000 3.4597291946 2.6018655300    3.457  2.040  3.8758  3.392    0  0.000  0.538     0.00     0.00 -1    -1e-30      0.00 7.258e-01 2.651e-01 1.607e-03 4.387e-04 3.985e-03 -1.000 9.056e-03 -0.330 -0.861 -0.931 -0.954 -0.961 -0.966 -0.968 -0.969 -1.464 -1.133 -1.074 -0.961 -0.966 -1.379 -1.282
0.009 -0.22295 6.00000 3.4664571285 2.6019465923    3.464  2.050  3.8792  3.397    0  0.000  0.538     0.00     0.00 -1    -1e-30      0.00 7.258e-01 2.651e-01 1.607e-03 4.387e-04 3.985e-03 -1.000 9.056e-03 -0.354 -0.864 -0.928 -0.951 -0.959 -0.963 -0.965 -0.966 -1.461 -1.129 -1.070 -0.958 -0.963 -1.376 -1.278
0.009 -0.22295 6.00000 3.4859046936 2.6021783352    3.483  2.077  3.8894  3.413    0  0.000  0.538     0.00     0.00 -1    -1e-30      0.00 7.258e-01 2.651e-01 1.607e-03 4.387e-04 3.985e-03 -1.000 9.056e-03 -0.422 -0.872 -0.920 -0.942 -0.949 -0.953 -0.955 -0.956 -1.450 -1.117 -1.058 -0.949 -0.953 -1.366 -1.267
0.009 -0.22295 6.00000 3.5049226284 2.6024022102    3.502  2.104  3.8996  3.429    0  0.000  0.538     0.00     0.00 -1    -1e-30      0.00 7.258e-01 2.651e-01 1.607e-03 4.387e-04 3.985e-03 -1.000 9.056e-03 -0.490 -0.877 -0.911 -0.932 -0.938 -0.943 -0.944 -0.945 -1.437 -1.104 -1.044 -0.938 -0.943 -1.354 -1.255
0.009 -0.22295 6.00000 3.5235476494 2.6026186943    3.520  2.130  3.9097  3.445    0  0.000  0.538     0.00     0.00 -1    -1e-30      0.00 7.258e-01 2.651e-01 1.607e-03 4.387e-04 3.985e-03 -1.000 9.056e-03 -0.556 -0.880 -0.901 -0.920 -0.927 -0.931 -0.932 -0.933 -1.424 -1.089 -1.029 -0.927 -0.931 -1.342 -1.242
0.009 -0.22295 6.00000 3.5418074131 2.6028285027    3.539  2.156  3.9199  3.462    0  0.000  0.538     0.00     0.00 -1    -1e-30      0.00 7.258e-01 2.651e-01 1.607e-03 4.387e-04 3.985e-03 -1.000 9.056e-03 -0.620 -0.882 -0.890 -0.908 -0.914 -0.918 -0.919 -0.919 -1.410 -1.074 -1.014 -0.914 -0.918 -1.329 -1.228
0.009 -0.22295 6.00000 3.5597293377 2.6030318737    3.556  2.182  3.9301  3.480    0  0.000  0.538     0.00     0.00 -1    -1e-30      0.00 7.258e-01 2.651e-01 1.607e-03 4.387e-04 3.985e-03 -1.000 9.056e-03 -0.684 -0.881 -0.879 -0.896 -0.900 -0.904 -0.905 -0.905 -1.395 -1.059 -0.998 -0.900 -0.904 -1.314 -1.213
0.009 -0.22295 6.00000 3.5773372650 2.6032295227    3.574  2.207  3.9403  3.498    0  0.000  0.538     0.00     0.00 -1    -1e-30      0.00 7.258e-01 2.651e-01 1.607e-03 4.387e-04 3.985e-03 -1.000 9.056e-03 -0.746 -0.877 -0.867 -0.881 -0.885 -0.888 -0.889 -0.889 -1.379 -1.041 -0.980 -0.885 -0.888 -1.298 -1.197
0.009 -0.22295 6.00000 3.6003754139 2.6034846306    3.597  2.239  3.9539  3.522    0  0.000  0.538     0.00     0.00 -1    -1e-30      0.00 7.258e-01 2.651e-01 1.607e-03 4.387e-04 3.985e-03 -1.000 9.056e-03 -0.828 -0.868 -0.849 -0.860 -0.861 -0.865 -0.864 -0.864 -1.353 -1.015 -0.954 -0.862 -0.865 -1.273 -1.171
0.009 -0.22295 6.00000 3.6229681969 2.6037313938    3.619  2.271  3.9674  3.548    0  0.000  0.538     0.00     0.00 -1    -1e-30      0.00 7.258e-01 2.651e-01 1.607e-03 4.387e-04 3.985e-03 -1.000 9.056e-03 -0.906 -0.856 -0.829 -0.837 -0.835 -0.838 -0.837 -0.836 -1.324 -0.985 -0.924 -0.836 -0.837 -1.245 -1.142
0.009 -0.22295 6.00000 3.6451599598 2.6039702892    3.641  2.301  3.9810  3.574    0  0.000  0.538     0.00     0.00 -1    -1e-30      0.00 7.258e-01 2.651e-01 1.607e-03 4.387e-04 3.985e-03 -1.000 9.056e-03 -0.983 -0.840 -0.807 -0.811 -0.807 -0.808 -0.807 -0.805 -1.292 -0.952 -0.891 -0.808 -0.808 -1.213 -1.110
0.009 -0.22295 6.00000 3.6638960838 2.6041693687    3.661  2.326  3.9926  3.598    0  0.000  0.538     0.00     0.00 -1    -1e-30      0.00 7.258e-01 2.651e-01 1.607e-03 4.387e-04 3.985e-03 -1.000 9.056e-03 -1.046 -0.825 -0.787 -0.788 -0.781 -0.781 -0.779 -0.777 -1.262 -0.922 -0.861 -0.782 -0.781 -1.185 -1.080
0.009 -0.22295 6.00000 3.6806030273 2.6043448448    3.677  2.349  4.0032  3.619    0  0.000  0.538     0.00     0.00 -1    -1e-30      0.00 7.258e-01 2.651e-01 1.607e-03 4.387e-04 3.985e-03 -1.000 9.056e-03 -1.103 -0.809 -0.768 -0.765 -0.755 -0.755 -0.752 -0.750 -1.234 -0.893 -0.831 -0.757 -0.754 -1.157 -1.052
0.009 -0.22295 6.00000 3.7009291649 2.6045558453    3.698  2.376  4.0163  3.647    0  0.000  0.538     0.00     0.00 -1    -1e-30      0.00 7.258e-01 2.651e-01 1.607e-03 4.387e-04 3.985e-03 -1.000 9.056e-03 -1.170 -0.787 -0.741 -0.735 -0.722 -0.721 -0.718 -0.714 -1.197 -0.856 -0.794 -0.724 -0.721 -1.121 -1.015
0.009 -0.22295 6.00000 3.7210359573 2.6047620773    3.718  2.402  4.0293  3.676    0  0.000  0.538     0.00     0.00 -1    -1e-30      0.00 7.258e-01 2.651e-01 1.607e-03 4.387e-04 3.985e-03 -1.000 9.056e-03 -1.234 -0.763 -0.713 -0.704 -0.688 -0.686 -0.682 -0.677 -1.159 -0.817 -0.754 -0.690 -0.685 -1.084 -0.977
0.009 -0.22295 6.00000 3.7409806252 2.6049642563    3.738  2.427  4.0423  3.705    0  0.000  0.538     0.00     0.00 -1    -1e-30      0.00 7.258e-01 2.651e-01 1.607e-03 4.387e-04 3.985e-03 -1.000 9.056e-03 -1.297 -0.737 -0.683 -0.671 -0.652 -0.649 -0.644 -0.639 -1.119 -0.776 -0.713 -0.654 -0.648 -1.045 -0.937
0.009 -0.22295 6.00000 3.7608151436 2.6051626205    3.758  2.451  4.0553  3.736    0  0.000  0.538     0.00     0.00 -1    -1e-30      0.00 7.258e-01 2.651e-01 1.607e-03 4.387e-04 3.985e-03 -1.000 9.056e-03 -1.357 -0.708 -0.651 -0.635 -0.614 -0.610 -0.605 -0.599 -1.077 -0.733 -0.669 -0.617 -0.609 -1.004 -0.895
0.009 -0.22295 6.00000 3.7805960178 2.6053583622    3.778  2.474  4.0683  3.767    0  0.000  0.538     0.00     0.00 -1    -1e-30      0.00 7.258e-01 2.651e-01 1.607e-03 4.387e-04 3.985e-03 -1.000 9.056e-03 -1.414 -0.677 -0.616 -0.598 -0.574 -0.569 -0.563 -0.557 -1.034 -0.688 -0.623 -0.577 -0.568 -0.962 -0.852
0.009 -0.22295 6.00000 3.8003847599 2.6055514812    3.798  2.496  4.0812  3.798    0  0.000  0.538     0.00     0.00 -1    -1e-30      0.00 7.258e-01 2.651e-01 1.607e-03 4.387e-04 3.985e-03 -1.000 9.056e-03 -1.470 -0.644 -0.579 -0.558 -0.532 -0.526 -0.520 -0.513 -0.988 -0.641 -0.575 -0.535 -0.525 -0.917 -0.806
0.009 -0.22295 6.00000 3.8202517033 2.6057434082    3.818  2.517  4.0941  3.831    0  0.000  0.538     0.00     0.00 -1    -1e-30      0.00 7.258e-01 2.651e-01 1.607e-03 4.387e-04 3.985e-03 -1.000 9.056e-03 -1.523 -0.607 -0.539 -0.516 -0.488 -0.481 -0.474 -0.466 -0.939 -0.591 -0.524 -0.491 -0.480 -0.870 -0.757
0.009 -0.22295 6.00000 3.8402829170 2.6059343815    3.838  2.537  4.1070  3.865    0  0.000  0.538     0.00     0.00 -1    -1e-30      0.00 7.258e-01 2.651e-01 1.607e-03 4.387e-04 3.985e-03 -1.000 9.056e-03 -1.573 -0.567 -0.496 -0.471 -0.441 -0.433 -0.425 -0.417 -0.888 -0.538 -0.471 -0.444 -0.432 -0.820 -0.706
0.009 -0.22295 6.00000 3.8606216908 2.6061260700    3.858  2.556  4.1198  3.899    0  0.000  0.538     0.00     0.00 -1    -1e-30      0.00 7.258e-01 2.651e-01 1.607e-03 4.387e-04 3.985e-03 -1.000 9.056e-03 -1.621 -0.524 -0.450 -0.423 -0.390 -0.382 -0.374 -0.364 -0.834 -0.483 -0.415 -0.393 -0.381 -0.767 -0.652
0.009 -0.22295 6.00000 3.8680629730 2.6061954498    3.866  2.563  4.1245  3.912    0  0.000  0.538     0.00     0.00 -1    -1e-30      0.00 7.258e-01 2.651e-01 1.607e-03 4.387e-04 3.985e-03 -1.000 9.056e-03 -1.638 -0.508 -0.433 -0.405 -0.371 -0.363 -0.354 -0.345 -0.814 -0.462 -0.394 -0.375 -0.362 -0.748 -0.632
0.009 -0.22295 6.00000 3.8877849579 2.6063783169    3.886  2.579  4.1366  3.947    0  0.000  0.538     0.00     0.00 -1    -1e-30      0.00 7.258e-01 2.651e-01 1.607e-03 4.387e-04 3.985e-03 -1.000 9.056e-03 -1.679 -0.463 -0.385 -0.355 -0.319 -0.310 -0.301 -0.290 -0.759 -0.406 -0.337 -0.323 -0.309 -0.693 -0.577
0.009 -0.22295 6.00000 3.9098033905 2.6065800190    3.908  2.595  4.1494  3.985    0  0.000  0.538     0.00     0.00 -1    -1e-30      0.00 7.258e-01 2.651e-01 1.607e-03 4.387e-04 3.985e-03 -1.000 9.056e-03 -1.717 -0.410 -0.329 -0.297 -0.259 -0.249 -0.239 -0.228 -0.695 -0.341 -0.272 -0.263 -0.248 -0.630 -0.513
0.009 -0.22295 6.00000 3.9277136326 2.6067421436    3.926  2.605  4.1592  4.016    0  0.000  0.538     0.00     0.00 -1    -1e-30      0.00 7.258e-01 2.651e-01 1.607e-03 4.387e-04 3.985e-03 -1.000 9.056e-03 -1.742 -0.365 -0.282 -0.248 -0.208 -0.198 -0.188 -0.176 -0.641 -0.287 -0.220 -0.212 -0.196 -0.578 -0.460
0.009 -0.22295 6.00000 3.9340782166 2.6067991257    3.932  2.606  4.1621  4.027    0  0.000  0.538     0.00     0.00 -1    -1e-30      0.00 7.258e-01 2.651e-01 1.607e-03 4.387e-04 3.985e-03 -1.000 9.056e-03 -1.746 -0.348 -0.264 -0.230 -0.190 -0.179 -0.169 -0.157 -0.622 -0.268 -0.200 -0.194 -0.178 -0.559 -0.440
0.009 -0.22295 6.00000 3.9655992985 2.6070792675    3.964  2.605  4.1736  4.077    0  0.000  0.538     0.00     0.00 -1    -1e-30      0.00 7.258e-01 2.651e-01 1.607e-03 4.387e-04 3.985e-03 -1.000 9.056e-03 -1.743 -0.262 -0.176 -0.140 -0.098 -0.086 -0.075 -0.063 -0.527 -0.172 -0.106 -0.102 -0.085 -0.464 -0.345
0.009 -0.22295 6.00000 4.0046644211 2.6074194908    4.003  2.582  4.1806  4.133    0  0.000  0.538     0.00     0.00 -1    -1e-30      0.00 7.258e-01 2.651e-01 1.607e-03 4.387e-04 3.985e-03 -1.000 9.056e-03 -1.684 -0.152 -0.065 -0.028 0.016 0.027 0.039 0.052 -0.412 -0.057 0.009 0.011 0.029 -0.349 -0.230
0.009 -0.22295 6.00000 4.0320410728 2.6076531410    4.030  2.559  4.1824  4.166    0  0.000  0.538     0.00     0.00 -1    -1e-30      0.00 7.258e-01 2.651e-01 1.607e-03 4.387e-04 3.985e-03 -1.000 9.056e-03 -1.626 -0.082 0.007 0.044 0.087 0.099 0.111 0.124 -0.339 0.015 0.080 0.083 0.101 -0.277 -0.157
0.009 -0.22295 6.00000 4.0722303391 2.6079900265    4.071  2.535  4.1849  4.204    0  0.000  0.538     0.00     0.00 -1    -1e-30      0.00 7.258e-01 2.651e-01 1.607e-03 4.387e-04 3.985e-03 -1.000 9.056e-03 -1.568 -0.005 0.084 0.122 0.166 0.178 0.189 0.202 -0.261 0.094 0.159 0.161 0.179 -0.199 -0.079
0.009 -0.22295 6.00000 4.0755481720 2.6080174446    4.074  2.533  4.1851  4.207    0  0.000  0.538     0.00     0.00 -1    -1e-30      0.00 7.258e-01 2.651e-01 1.607e-03 4.387e-04 3.985e-03 -1.000 9.056e-03 -1.563 0.002 0.091 0.128 0.172 0.184 0.196 0.209 -0.254 0.100 0.165 0.168 0.186 -0.192 -0.072
0.009 -0.22295 6.00000 4.1502885818 2.6086225510    4.148  2.546  4.1991  4.258    0  0.000  0.538     0.00     0.00 -1    -1e-30      0.00 7.258e-01 2.651e-01 1.607e-03 4.387e-04 3.985e-03 -1.000 9.056e-03 -1.595 0.071 0.163 0.203 0.249 0.262 0.274 0.288 -0.173 0.181 0.243 0.245 0.264 -0.112 0.009
0.009 -0.22295 6.00000 4.1837830544 2.6088857651    4.181  2.573  4.2100  4.279    0  0.000  0.538     0.00     0.00 -1    -1e-30      0.00 7.258e-01 2.651e-01 1.607e-03 4.387e-04 3.985e-03 -1.000 9.056e-03 -1.661 0.083 0.177 0.219 0.267 0.281 0.294 0.308 -0.152 0.201 0.261 0.263 0.282 -0.092 0.030
0.009 -0.22295 6.00000 4.2095108032 2.6090846062    4.206  2.596  4.2193  4.295    0  0.000  0.538     0.00     0.00 -1    -1e-30      0.00 7.258e-01 2.651e-01 1.607e-03 4.387e-04 3.985e-03 -1.000 9.056e-03 -1.721 0.091 0.187 0.230 0.280 0.294 0.307 0.322 -0.138 0.215 0.274 0.275 0.296 -0.078 0.044
0.009 -0.22295 6.00000 4.2455916405 2.6093587875    4.242  2.621  4.2302  4.318    0  0.000  0.538     0.00     0.00 -1    -1e-30      0.00 7.258e-01 2.651e-01 1.607e-03 4.387e-04 3.985e-03 -1.000 9.056e-03 -1.782 0.109 0.207 0.252 0.303 0.318 0.332 0.347 -0.112 0.240 0.297 0.298 0.320 -0.053 0.070
0.009 -0.22295 6.00000 4.2763972282 2.6095888615    4.273  2.631  4.2368  4.337    0  0.000  0.538     0.00     0.00 -1    -1e-30      0.00 7.258e-01 2.651e-01 1.607e-03 4.387e-04 3.985e-03 -1.000 9.056e-03 -1.807 0.131 0.231 0.277 0.330 0.344 0.359 0.374 -0.084 0.268 0.324 0.324 0.346 -0.025 0.098
0.009 -0.22295 6.00000 4.2937283516 2.6097164154    4.290  2.636  4.2403  4.348    0  0.000  0.538     0.00     0.00 -1    -1e-30      0.00 7.258e-01 2.651e-01 1.607e-03 4.387e-04 3.985e-03 -1.000 9.056e-03 -1.820 0.144 0.245 0.291 0.345 0.360 0.374 0.390 -0.068 0.284 0.339 0.339 0.361 -0.009 0.114
0.009 -0.22295 6.00000 4.3749213219 2.6102993488    4.371  2.625  4.2455  4.388    0  0.000  0.538     0.00     0.00 -1    -1e-30      0.00 7.258e-01 2.651e-01 1.607e-03 4.387e-04 3.985e-03 -1.000 9.056e-03 -1.792 0.209 0.310 0.358 0.412 0.427 0.442 0.458 0.001 0.352 0.407 0.407 0.429 0.059 0.183
0.009 -0.22295 6.00000 4.4402885437 2.6107506752    4.436  2.612  4.2454  4.406    0  0.000  0.538     0.00     0.00 -1    -1e-30      0.00 7.258e-01 2.651e-01 1.607e-03 4.387e-04 3.985e-03 -1.000 9.056e-03 -1.761 0.240 0.341 0.388 0.443 0.458 0.473 0.489 0.032 0.383 0.438 0.438 0.460 0.090 0.213
0.009 -0.22295 6.00000 4.4805650711 2.6110212803    4.477  2.616  4.2461  4.409    0  0.000  0.538     0.00     0.00 -1    -1e-30      0.00 7.258e-01 2.651e-01 1.607e-03 4.387e-04 3.985e-03 -1.000 9.056e-03 -1.771 0.235 0.336 0.384 0.438 0.454 0.468 0.484 0.027 0.378 0.433 0.433 0.455 0.085 0.209
0.009 -0.22295 6.00000 4.4906592369 2.6110882759    4.487  2.617  4.2462  4.409    0  0.000  0.538     0.00     0.00 -1    -1e-30      0.00 7.258e-01 2.651e-01 1.607e-03 4.387e-04 3.985e-03 -1.000 9.056e-03 -1.774 0.233 0.335 0.382 0.437 0.452 0.467 0.483 0.026 0.377 0.432 0.432 0.454 0.084 0.208
0.009 -0.22295 6.00000 4.5662364960 2.6115787029    4.562  2.632  4.2485  4.411    0  0.000  0.538     0.00     0.00 -1    -1e-30      0.00 7.258e-01 2.651e-01 1.607e-03 4.387e-04 3.985e-03 -1.000 9.056e-03 -1.811 0.212 0.314 0.362 0.417 0.432 0.447 0.463 0.006 0.357 0.412 0.412 0.434 0.065 0.188
0.009 -0.22295 6.00000 4.6847314835 2.6123111248    4.681  2.672  4.2551  4.409    0  0.000  0.538     0.00     0.00 -1    -1e-30      0.00 7.258e-01 2.651e-01 1.607e-03 4.387e-04 3.985e-03 -1.000 9.056e-03 -1.910 0.161 0.264 0.313 0.369 0.385 0.400 0.416 -0.040 0.311 0.365 0.363 0.387 0.018 0.142
0.009 -0.22295 6.00000 4.8888988495 2.6134777069    4.886  2.736  4.2656  4.405    0  0.000  0.538     0.00     0.00 -1    -1e-30      0.00 7.258e-01 2.651e-01 1.607e-03 4.387e-04 3.985e-03 -1.000 9.056e-03 -2.071 0.075 0.180 0.231 0.289 0.305 0.321 0.338 -0.117 0.234 0.287 0.283 0.307 -0.060 0.065
0.009 -0.22295 6.00000 5.0930662155 2.6145374775    5.091  2.798  4.2756  4.401    0  0.000  0.538     0.00     0.00 -1    -1e-30      0.00 7.258e-01 2.651e-01 1.607e-03 4.387e-04 3.985e-03 -1.000 9.056e-03 -2.226 -0.009 0.099 0.151 0.210 0.228 0.244 0.262 -0.192 0.158 0.211 0.205 0.230 -0.136 -0.010
0.009 -0.22295 6.00000 5.2972326279 2.6155037880    5.297  2.858  4.2855  4.398    0  0.000  0.538     0.00     0.00 -1    -1e-30      0.00 7.258e-01 2.651e-01 1.607e-03 4.387e-04 3.985e-03 -1.000 9.056e-03 -2.376 -0.088 0.021 0.075 0.136 0.154 0.171 0.189 -0.263 0.087 0.140 0.130 0.156 -0.208 -0.081
0.009 -0.22295 6.00000 5.5013999939 2.6163883209    5.501  2.914  4.2943  4.394    0  0.000  0.538     0.00     0.00 -1    -1e-30      0.00 7.258e-01 2.651e-01 1.607e-03 4.387e-04 3.985e-03 -1.000 9.056e-03 -2.515 -0.166 -0.055 0.001 0.064 0.082 0.099 0.119 -0.332 0.018 0.071 0.057 0.084 -0.278 -0.150
0.009 -0.22295 6.00000 5.7055668831 2.6172001362    5.705  2.969  4.3030  4.390    0  0.000  0.538     0.00     0.00 -1    -1e-30      0.00 7.258e-01 2.651e-01 1.607e-03 4.387e-04 3.985e-03 -1.000 9.056e-03 -2.651 -0.241 -0.128 -0.071 -0.007 0.013 0.030 0.050 -0.399 -0.048 0.005 -0.013 0.015 -0.346 -0.217
0.009 -0.22295 6.00000 5.8807206154 2.6178452969    5.881  3.013  4.3104  4.388    0  0.000  0.538     0.00     0.00 -1    -1e-30      0.00 7.258e-01 2.651e-01 1.607e-03 4.387e-04 3.985e-03 -1.000 9.056e-03 -2.763 -0.301 -0.187 -0.128 -0.062 -0.042 -0.024 -0.003 -0.451 -0.100 -0.047 -0.069 -0.040 -0.399 -0.269
0.009 -0.22295 6.00000 5.9041013718 2.6179282665    5.904  3.019  4.3114  4.388    0  0.000  0.538     0.00     0.00 -1    -1e-30      0.00 7.258e-01 2.651e-01 1.607e-03 4.387e-04 3.985e-03 -1.000 9.056e-03 -2.778 -0.309 -0.194 -0.136 -0.069 -0.049 -0.031 -0.010 -0.458 -0.107 -0.054 -0.076 -0.047 -0.406 -0.276
0.009 -0.22295 6.00000 6.1026344299 2.6186020374    6.102  3.068  4.3189  4.383    0  0.000  0.538     0.00     0.00 -1    -1e-30      0.00 7.258e-01 2.651e-01 1.607e-03 4.387e-04 3.985e-03 -1.000 9.056e-03 -2.900 -0.378 -0.262 -0.202 -0.134 -0.114 -0.095 -0.074 -0.520 -0.169 -0.115 -0.141 -0.111 -0.469 -0.338
0.009 -0.22295 6.00000 6.3011684418 2.6192271709    6.300  3.116  4.3265  4.380    0  0.000  0.538     0.00     0.00 -1    -1e-30      0.00 7.258e-01 2.651e-01 1.607e-03 4.387e-04 3.985e-03 -1.000 9.056e-03 -3.019 -0.445 -0.327 -0.266 -0.197 -0.175 -0.156 -0.134 -0.578 -0.228 -0.173 -0.203 -0.173 -0.529 -0.396
0.009 -0.22295 6.00000 6.4997024536 2.6198086739    6.495  3.160  4.3336  4.376    0  0.000  0.538     0.00     0.00 -1    -1e-30      0.00 7.258e-01 2.651e-01 1.607e-03 4.387e-04 3.985e-03 -1.000 9.056e-03 -3.131 -0.508 -0.389 -0.327 -0.256 -0.233 -0.213 -0.191 -0.634 -0.284 -0.228 -0.263 -0.231 -0.585 -0.452
0.009 -0.22295 6.00000 7.0953035355 2.6213307381    7.086  3.287  4.3534  4.367    1  0.000  0.538     0.00     0.00 -1    -1e-30      0.00 7.258e-01 2.651e-01 1.607e-03 4.387e-04 3.985e-03 -1.000 9.056e-03 -3.448 -0.689 -0.565 -0.499 -0.423 -0.399 -0.377 -0.353 -0.793 -0.442 -0.385 -0.431 -0.396 -0.746 -0.611
0.009 -0.22295 6.00000 8.0879726410 2.6233041286    8.083  3.474  4.3825  4.353    0  0.000  0.538     0.00     0.00 -1    -1e-30      0.00 7.258e-01 2.651e-01 1.607e-03 4.387e-04 3.985e-03 -1.000 9.056e-03 -3.916 -0.963 -0.833 -0.761 -0.677 -0.650 -0.626 -0.598 -1.036 -0.683 -0.622 -0.685 -0.647 -0.990 -0.854
0.009 -0.22295 6.00000 9.0806427002 2.6247897148    9.072  3.636  4.4059  4.335    1  0.000  0.538     0.00     0.00 -1    -1e-30      0.00 7.258e-01 2.651e-01 1.607e-03 4.387e-04 3.985e-03 -1.000 9.056e-03 -4.320 -1.210 -1.098 -1.026 -0.966 -0.938 -1.324 -2.233 -1.828 -1.527 -3.007 -0.972 -0.944 -2.184 -2.028
0.009 -0.22295 6.00000 10.0733108521 2.6259441376   10.065  3.779  4.4278  4.325    1  0.000  0.538     0.00     0.00 -1    -1e-30      0.00 7.258e-01 2.651e-01 1.607e-03 4.387e-04 3.985e-03 -1.000 9.056e-03 -4.678 -1.419 -1.305 -1.223 -1.154 -1.137 -1.527 -2.435 -2.022 -1.750 -3.222 -1.159 -1.143 -2.386 -2.224
0.009 -0.22295 6.00000 10.8566503525 2.6266856194   10.837  3.879  4.4422  4.315    1  0.000  0.538     0.00     0.00 -1    -1e-30      0.00 7.258e-01 2.651e-01 1.607e-03 4.387e-04 3.985e-03 -1.000 9.056e-03 -4.926 -1.610 -1.478 -1.382 -1.329 -1.324 -1.713 -2.621 -2.190 -1.904 -3.364 -1.330 -1.330 -2.568 -2.390
0.009 -0.22295 6.00000 11.0659790039 2.6268634796   11.043  3.904  4.4460  4.313    1  0.000  0.538     0.00     0.00 -1    -1e-30      0.00 7.258e-01 2.651e-01 1.607e-03 4.387e-04 3.985e-03 -1.000 9.056e-03 -4.990 -1.658 -1.522 -1.422 -1.373 -1.371 -1.760 -2.668 -2.232 -1.942 -3.399 -1.373 -1.377 -2.613 -2.432
0.009 -0.22295 6.00000 12.0586490631 2.6276109219   12.055  4.021  4.4632  4.302    1  0.000  0.538     0.00     0.00 -1 -4.23e-30      0.00 7.258e-01 2.651e-01 1.608e-03 4.388e-04 3.985e-03 -1.000 9.056e-03 -5.284 -1.810 -1.674 -1.598 -1.556 -1.543 -1.933 -2.841 -2.412 -2.108 -3.569 -1.558 -1.550 -2.789 -2.615
0.009 -0.22295 6.00000 14.0439853668 2.6287481785   14.031  4.220  4.4918  4.284    1  0.000  0.545     0.00     0.00 -1 -2.27e-09      0.00 7.258e-01 2.652e-01 1.628e-03 4.393e-04 3.984e-03 -1.000 9.056e-03 -5.781 -2.122 -1.987 -1.899 -1.846 -1.832 -2.219 -3.127 -2.700 -2.387 -3.838 -1.848 -1.837 -3.076 -2.904
0.009 -0.22295 6.00000 16.0293235779 2.6295678616   16.024  4.388  4.5156  4.269    1  0.000  0.545     0.00     0.00 -1 -5.26e-09      0.00 7.258e-01 2.652e-01 1.628e-03 4.393e-04 3.984e-03 -1.000 9.056e-03 -6.201 -2.407 -2.264 -2.167 -2.098 -2.070 -2.454 -3.362 -2.946 -2.634 -4.091 -2.104 -2.076 -3.312 -3.146
0.009 -0.22295 6.00000 18.0146617889 2.6301832199   17.993  4.532  4.5356  4.255    1  0.000  0.545     0.00     0.00 -1 -1.05e-08      0.00 7.258e-01 2.652e-01 1.628e-03 4.393e-04 3.984e-03 -1.000 9.056e-03 -6.560 -2.641 -2.488 -2.390 -2.306 -2.271 -2.654 -3.562 -3.155 -2.847 -4.303 -2.315 -2.276 -3.512 -3.354
0.009 -0.22295 6.00000 20.0000000000 2.6306605339   19.978  4.657  4.5525  4.243    0  0.000  0.545     0.00     0.00 -1  -1.9e-08      0.00 7.258e-01 2.652e-01 1.628e-03 4.393e-04 3.984e-03 -1.000 9.056e-03 -6.873 -2.848 -2.687 -2.585 -2.491 -2.461 -2.844 -3.753 -3.344 -3.038 -4.488 -2.499 -2.466 -3.703 -3.543
0.009 -0.22295 6.00000 20.4198551178 2.6307477951   20.396  4.681  4.5557  4.241    0  0.000  0.545     0.00     0.00 -1 -2.11e-08      0.00 7.258e-01 2.652e-01 1.628e-03 4.393e-04 3.984e-03 -1.000 9.056e-03 -6.933 -2.887 -2.727 -2.626 -2.536 -2.506 -2.890 -3.798 -3.388 -3.080 -4.535 -2.545 -2.511 -3.748 -3.588
0.009 -0.22295 6.00000 24.0000000000 2.6313521862   23.957  4.868  4.5803  4.223    0  0.000  0.545     0.00     0.00 -1 -4.77e-08      0.00 7.258e-01 2.652e-01 1.628e-03 4.393e-04 3.984e-03 -1.000 9.056e-03 -7.399 -3.196 -3.035 -2.944 -2.874 -2.846 -3.231 -4.139 -3.724 -3.415 -4.910 -2.881 -2.851 -4.088 -3.925
0.009 -0.22295 6.00000 28.0000000000 2.6318216324   27.895  5.037  4.6016  4.205    0  0.000  0.545     0.00     0.00 -1 -9.76e-08      0.00 7.258e-01 2.652e-01 1.628e-03 4.393e-04 3.984e-03 -1.000 9.056e-03 -7.822 -3.478 -3.326 -3.229 -3.143 -3.120 -3.508 -4.416 -4.026 -3.752 -5.276 -3.150 -3.126 -4.368 -4.222
0.009 -0.22295 6.00000 30.0000000000 2.6320033073   29.864  5.110  4.6105  4.197    0  0.000  0.545     0.00     0.00 -1 -1.31e-07      0.00 7.258e-01 2.652e-01 1.628e-03 4.393e-04 3.984e-03 -1.000 9.056e-03 -8.005 -3.592 -3.443 -3.350 -3.265 -3.241 -3.629 -4.538 -4.182 -4.020 -5.617 -3.272 -3.247 -4.495 -4.373
0.009 -0.22295 6.00000 35.0000000000 2.6323544979   34.760  5.267  4.6288  4.179    0  0.000  0.545     0.00     0.00 -1 -2.43e-07      0.00 7.258e-01 2.652e-01 1.628e-03 4.393e-04 3.984e-03 -1.000 9.056e-03 -8.398 -3.858 -3.715 -3.626 -3.544 -3.522 -3.911 -4.820 -4.460 -4.281 -5.866 -3.551 -3.528 -4.776 -4.651
0.009 -0.22295 6.00000 36.4435958862 2.6324355602   36.171  5.307  4.6331  4.174    0  0.000  0.545     0.00     0.00 -1 -2.82e-07      0.00 7.258e-01 2.652e-01 1.628e-03 4.393e-04 3.984e-03 -1.000 9.056e-03 -8.497 -3.930 -3.788 -3.701 -3.619 -3.598 -3.987 -4.896 -4.542 -4.383 -5.986 -3.626 -3.604 -4.853 -4.733
0.009 -0.22295 6.00000 40.0000000000 2.6326069832   39.637  5.397  4.6428  4.162    0  0.000  0.545     0.00     0.00 -1 -3.95e-07      0.00 7.258e-01 2.652e-01 1.628e-03 4.393e-04 3.984e-03 -1.000 9.056e-03 -8.723 -4.099 -3.960 -3.876 -3.795 -3.774 -4.164 -5.073 -4.734 -4.615 -6.259 -3.802 -3.780 -5.033 -4.923
0.009 -0.22295 6.00000 45.0000000000 2.6327958107   44.481  5.507  4.6538  4.146    0  0.000  0.545     0.00     0.00 -1 -5.95e-07      0.00 7.258e-01 2.652e-01 1.628e-03 4.393e-04 3.984e-03 -1.000 9.056e-03 -8.998 -4.315 -4.176 -4.092 -4.011 -3.990 -4.381 -5.290 -4.967 -4.892 -6.574 -4.019 -3.997 -5.252 -5.155
0.009 -0.22295 6.00000 49.1112174988 2.6329185963   48.419  5.586  4.6609  4.133    0  0.000  0.545     0.00     0.00 -1 -7.87e-07      0.00 7.258e-01 2.652e-01 1.628e-03 4.393e-04 3.984e-03 -1.000 9.056e-03 -9.194 -4.475 -4.334 -4.246 -4.167 -4.147 -4.538 -5.447 -5.138 -5.103 -6.810 -4.174 -4.153 -5.411 -5.324
0.009 -0.22295 6.00000 50.0000000000 2.6329421997   49.268  5.602  4.6624  4.130    0  0.000  0.545     0.00     0.00 -1 -8.33e-07      0.00 7.258e-01 2.652e-01 1.628e-03 4.393e-04 3.984e-03 -1.000 9.056e-03 -9.235 -4.508 -4.366 -4.279 -4.200 -4.179 -4.571 -5.480 -5.174 -5.149 -6.861 -4.207 -4.186 -5.445 -5.360
0.009 -0.22295 6.00000 55.0000000000 2.6330580711   54.008  5.684  4.6692  4.115    0  0.000  0.545     0.00     0.00 -1 -1.12e-06      0.00 7.258e-01 2.652e-01 1.628e-03 4.393e-04 3.984e-03 -1.000 9.056e-03 -9.441 -4.648 -4.504 -4.430 -4.375 -4.382 -4.790 -5.703 -5.587 -5.967 -7.883 -4.377 -4.391 -5.697 -5.749
0.009 -0.22295 6.00000 59.9999961853 2.6331522465   58.727  5.758  4.6746  4.100    0  0.000  0.545     0.00     0.00 -1 -1.43e-06      0.00 7.258e-01 2.652e-01 1.628e-03 4.393e-04 3.984e-03 -1.000 9.056e-03 -9.624 -4.797 -4.654 -4.581 -4.528 -4.534 -4.942 -5.855 -5.743 -6.125 -8.043 -4.530 -4.543 -5.849 -5.905
0.009 -0.22295 6.00000 62.0227890015 2.6331853867   60.646  5.785  4.6764  4.094    0  0.000  0.545     0.00     0.00 -1 -1.57e-06      0.00 7.258e-01 2.652e-01 1.628e-03 4.393e-04 3.984e-03 -1.000 9.056e-03 -9.692 -4.854 -4.711 -4.638 -4.585 -4.591 -5.000 -5.913 -5.802 -6.189 -8.109 -4.588 -4.600 -5.907 -5.964
0.009 -0.22295 6.00000 64.9999923706 2.6332299709   63.459  5.823  4.6788  4.084    0  0.000  0.545     0.00     0.00 -1 -1.79e-06      0.00 7.258e-01 2.652e-01 1.628e-03 4.393e-04 3.984e-03 -1.000 9.056e-03 -9.788 -4.936 -4.793 -4.719 -4.668 -4.674 -5.082 -5.995 -5.887 -6.283 -8.205 -4.670 -4.683 -5.989 -6.048
0.009 -0.22295 6.00000 70.0000000000 2.6332950592   68.096  5.883  4.6822  4.070    0  0.000  0.545     0.00     0.00 -1 -2.19e-06      0.00 7.258e-01 2.652e-01 1.628e-03 4.393e-04 3.984e-03 -1.000 9.056e-03 -9.936 -5.065 -4.922 -4.846 -4.796 -4.802 -5.210 -6.123 -6.018 -6.428 -8.355 -4.798 -4.811 -6.118 -6.178
0.009 -0.22295 6.00000 72.9333343506 2.6333284378   70.814  5.915  4.6838  4.061    0  0.000  0.545     0.00     0.00 -1 -2.44e-06      0.00 7.258e-01 2.652e-01 1.628e-03 4.393e-04 3.984e-03 -1.000 9.056e-03 -10.017 -5.137 -4.994 -4.917 -4.867 -4.873 -5.281 -6.194 -6.090 -6.505 -8.435 -4.869 -4.882 -6.188 -6.249
0.009 -0.22295 6.00000 74.9999923706 2.6333501339   72.729  5.936  4.6848  4.055    0  0.000  0.545     0.00     0.00 -1 -2.63e-06      0.00 7.258e-01 2.652e-01 1.628e-03 4.393e-04 3.984e-03 -1.000 9.056e-03 -10.071 -5.186 -5.043 -4.966 -4.916 -4.922 -5.330 -6.242 -6.139 -6.557 -8.490 -4.918 -4.931 -6.237 -6.298
0.009 -0.22295 6.00000 80.0000000000 2.6333973408   77.358  5.986  4.6868  4.040    0  0.000  0.545     0.00     0.00 -1 -3.09e-06      0.00 7.258e-01 2.652e-01 1.628e-03 4.393e-04 3.984e-03 -1.000 9.056e-03 -10.195 -5.300 -5.157 -5.079 -5.029 -5.035 -5.442 -6.355 -6.250 -6.675 -8.613 -5.031 -5.044 -6.349 -6.409
0.009 -0.22295 6.00000 90.0000000000 2.6334741116   86.544  6.074  4.6889  4.009    0  0.000  0.545     0.00     0.00 -1 -4.14e-06      0.00 7.258e-01 2.652e-01 1.628e-03 4.393e-04 3.984e-03 -1.000 9.056e-03 -10.415 -5.514 -5.370 -5.291 -5.239 -5.243 -5.648 -6.561 -6.449 -6.876 -8.821 -5.241 -5.252 -6.554 -6.608
0.009 -0.22295 6.00000 94.9999923706 2.6335055828   91.028  6.113  4.6892  3.994    0  0.000  0.545     0.00     0.00 -1 -4.71e-06      0.00 7.258e-01 2.652e-01 1.628e-03 4.393e-04 3.984e-03 -1.000 9.056e-03 -10.511 -5.611 -5.467 -5.387 -5.334 -5.336 -5.741 -6.653 -6.532 -6.948 -8.892 -5.336 -5.345 -6.644 -6.692
0.009 -0.22295 6.00000 99.9999923706 2.6335334778   95.594  6.150  4.6894  3.978    0  0.000  0.545     0.00     0.00 -1 -5.35e-06      0.00 7.258e-01 2.652e-01 1.628e-03 4.393e-04 3.984e-03 -1.000 9.056e-03 -10.605 -5.704 -5.559 -5.478 -5.422 -5.423 -5.827 -6.739 -6.604 -6.997 -8.933 -5.425 -5.432 -6.728 -6.766
0.009 -0.22295 6.00000 101.2698364258 2.6335401535   96.732  6.159  4.6893  3.974    0  0.000  0.545     0.00     0.00 -1 -5.51e-06      0.00 7.258e-01 2.652e-01 1.628e-03 4.393e-04 3.984e-03 -1.000 9.056e-03 -10.627 -5.727 -5.582 -5.500 -5.444 -5.445 -5.848 -6.760 -6.621 -7.007 -8.940 -5.447 -5.453 -6.749 -6.784
0.009 -0.22295 6.00000 119.9999923706 2.6336188316  113.334  6.276  4.6860  3.912    0  0.000  0.545     0.00     0.00 -1 -8.11e-06      0.00 7.258e-01 2.652e-01 1.628e-03 4.393e-04 3.984e-03 -1.000 9.056e-03 -10.920 -6.041 -5.894 -5.811 -5.746 -5.740 -6.139 -7.051 -6.852 -7.127 -9.019 -5.750 -5.748 -7.030 -7.023
0.009 -0.22295 6.00000 129.9999847412 2.6336188316  121.817  6.327  4.6826  3.879    0  0.000  0.545     0.00     0.00 -1 -9.67e-06      0.00 7.258e-01 2.652e-01 1.628e-03 4.393e-04 3.984e-03 -1.000 9.056e-03 -11.049 -6.190 -6.042 -5.959 -5.890 -5.881 -6.278 -7.189 -6.955 -7.159 -9.019 -5.895 -5.888 -7.163 -7.131
0.009 -0.22295 6.00000 137.4432983398 2.6336188316  127.883  6.373  4.6744  3.821    0  0.000  0.440     0.00     0.00 -1 -1.16e-05      0.00 7.103e-01 2.800e-01 1.289e-03 9.786e-04 4.226e-03 -1.000 9.692e-03 -11.163 -6.375 -6.239 -6.170 -6.130 -6.148 -6.563 -7.478 -7.451 -8.017 -10.019 -6.129 -6.159 -7.485 -7.602
0.009 -0.22295 6.00000 150.0000000000 2.6336188316  137.771  6.445  4.6588  3.719    0  0.000  0.275     0.00     0.00 -1 -1.54e-05      0.00 6.860e-01 3.033e-01 7.552e-04 1.826e-03 4.605e-03 -1.000 1.069e-02 -11.344 -6.837 -6.748 -6.738 -6.827 -6.914 -7.364 -8.287 -8.579 -9.380 -11.415 -6.809 -6.931 -8.367 -8.700
0.009 -0.22295 6.00000 199.9999847412 2.6336188316  181.619  6.602  4.6761  3.751    0  0.000  0.157     0.00     0.00 -1 -2.32e-05      0.00 6.902e-01 3.009e-01 5.806e-05 5.259e-03 5.885e-04 -1.000 8.887e-03 -11.735 -6.930 -6.793 -6.723 -6.682 -6.699 -7.113 -8.028 -8.001 -8.575 -10.579 -6.681 -6.709 -8.035 -8.152
0.009 -0.22295 6.00000 204.3787841797 2.6336188316  185.271  6.615  4.6771  3.751    0  0.000  0.196     0.00     0.00 -1  -2.4e-05      0.00 6.864e-01 3.047e-01 5.872e-05 5.310e-03 5.295e-04 -1.000 8.880e-03 -11.768 -6.955 -6.818 -6.748 -6.708 -6.726 -7.141 -8.055 -8.034 -8.619 -10.627 -6.708 -6.736 -8.063 -8.185
0.009 -0.22295 6.00000 250.0000000000 2.6336188316  222.795  6.736  4.6865  3.749    0  0.000  0.634     0.00     0.00 -1 -3.41e-05      0.00 6.495e-01 3.417e-01 6.354e-05 5.647e-03 1.389e-04 -1.000 8.856e-03 -12.069 -7.254 -7.146 -7.122 -7.185 -7.326 -7.355 -7.597 -8.615 -11.121 -11.254 -7.187 -7.314 -7.858 -8.546
0.009 -0.22295 6.00000 271.3319702148 2.6336188316  240.363  6.783  4.6917  3.754    0  0.000  0.832     0.00     0.00 -1 -3.88e-05      0.00 6.338e-01 3.574e-01 6.437e-05 5.673e-03 1.087e-04 -1.000 8.852e-03 -12.188 -7.338 -7.231 -7.210 -7.277 -7.422 -7.452 -7.698 -8.725 -11.236 -11.375 -7.278 -7.410 -7.961 -8.656
0.009 -0.22295 6.00000 300.0000000000 2.6336188316  263.758  6.841  4.6984  3.763    0  0.000  1.064     0.00     0.00 -1 -4.55e-05      0.00 6.136e-01 3.775e-01 6.530e-05 5.696e-03 8.227e-05  5.689 8.844e-03 -12.333 -7.442 -7.337 -7.320 -7.395 -7.548 -7.579 -7.833 -8.875 -11.393 -11.541 -7.397 -7.535 -8.101 -8.805
0.009 -0.22295 6.00000 350.0000000000 2.6336188316   47.479  6.314  5.1548  5.372    0  0.000  3.392     0.00     0.00 -1 -6.09e-05      0.00 6.084e-03 3.281e-01 4.523e-01 3.683e-06 2.008e-01 12.616 6.658e-01 -11.015 -4.844 -4.909 -5.170 -5.637 -6.042 -6.144 -6.613 -8.385 -9.474 -10.530 -5.654 -6.039 -6.989 -8.112
0.009 -0.22295 6.00000 350.0003051758 2.6336188316  299.871  6.932  4.7054  3.757    0  0.000  1.272     0.00     0.00 -1 -4.88e-05      0.00 5.612e-01 4.299e-01 7.159e-05 5.690e-03 8.205e-05  6.174 8.856e-03 -12.559 -7.605 -7.496 -7.474 -7.539 -7.684 -7.713 -7.958 -8.980 -11.492 -11.637 -7.541 -7.672 -8.218 -8.911
0.009 -0.22295 6.00000 350.0006713867 2.6336188316  293.816  6.936  4.7007  3.725    0  0.000  1.296     0.00     0.00 -1  -4.1e-05      0.00 5.304e-01 4.608e-01 7.785e-05 5.672e-03 9.573e-05  5.979 8.857e-03 -12.569 -7.639 -7.525 -7.495 -7.546 -7.677 -7.703 -7.933 -8.922 -11.421 -11.559 -7.548 -7.666 -8.181 -8.854
0.009 -0.22295 6.00000 350.0010070801 2.6336188316  287.859  6.940  4.6963  3.694    0  0.000  1.312     0.00     0.00 -1  -3.6e-05      0.00 5.004e-01 4.907e-01 8.330e-05 5.657e-03 1.078e-04  5.610 8.904e-03 -12.580 -7.673 -7.556 -7.520 -7.560 -7.681 -7.705 -7.923 -8.887 -11.375 -11.505 -7.562 -7.670 -8.163 -8.820
0.009 -0.22295 6.00000 350.0013122559 2.6336188316  281.754  6.944  4.6937  3.670    0  0.000  1.329     0.00     0.00 -1 -3.16e-05      0.00 4.676e-01 5.236e-01 8.831e-05 5.642e-03 1.186e-04 -1.000 8.858e-03 -12.591 -7.700 -7.583 -7.603 -7.583 -7.692 -7.723 -7.911 -8.964 -10.649 -11.083 -7.586 -7.687 -8.122 -8.811
0.009 -0.22295 6.00000 350.0015258789 2.6336188316  276.750  6.948  4.6910  3.648    0  0.000  1.344     0.00     0.00 -1 -2.91e-05      0.00 4.421e-01 5.490e-01 9.208e-05 5.631e-03 1.267e-04 -1.000 8.905e-03 -12.600 -7.727 -7.609 -7.625 -7.600 -7.703 -7.732 -7.913 -8.947 -10.626 -11.055 -7.604 -7.698 -8.118 -8.795
0.009 -0.22295 6.00000 350.0017089844 2.6336188316  272.027  6.952  4.6898  3.632    0  0.000  1.359     0.00     0.00 -1 -2.71e-05      0.00 4.164e-01 5.748e-01 9.540e-05 5.623e-03 1.335e-04 -1.000 8.859e-03 -12.609 -7.743 -7.624 -7.638 -7.608 -7.706 -7.734 -7.908 -8.927 -10.600 -11.025 -7.612 -7.702 -8.107 -8.775
0.009 -0.22295 6.00000 350.0018920898 2.6336188316  267.094  6.955  4.6892  3.618    0  0.000  1.377     0.00     0.00 -1 -2.56e-05      0.00 3.896e-01 6.015e-01 9.866e-05 5.614e-03 1.400e-04 -1.000 8.859e-03 -12.618 -7.757 -7.640 -7.677 -7.633 -7.734 -7.767 -7.943 -9.220 -9.939 -10.811 -7.640 -7.733 -8.144 -8.950
0.009 -0.22295 6.00000 350.0020751953 2.6336188316  260.457  6.960  4.6917  3.613    0  0.000  1.404     0.00     0.00 -1 -3.09e-05      0.00 3.539e-01 6.372e-01 1.025e-04 5.605e-03 1.473e-04 -1.000 8.906e-03 -12.629 -7.748 -7.630 -7.667 -7.622 -7.723 -7.756 -7.932 -9.208 -9.925 -10.797 -7.630 -7.722 -8.132 -8.939
0.009 -0.22295 6.00000 350.0022583008 2.6336188316  239.490  6.947  4.7241  3.719    0  0.000  1.493     0.00     0.00 -1 -6.43e-05      0.00 2.675e-01 7.237e-01 1.076e-04 5.598e-03 1.522e-04 -1.000 8.860e-03 -12.596 -7.510 -7.406 -7.491 -7.472 -7.621 -7.661 -7.899 -9.297 -10.097 -11.011 -7.481 -7.620 -8.149 -9.028
0.009 -0.22295 6.00000 350.0024719238 2.6336188316  204.104  6.882  4.7238  3.713    0  0.000  1.517     0.00     0.00 -1 -4.95e-05      0.00 2.310e-01 7.601e-01 1.113e-04 5.588e-03 1.596e-04 -1.000 8.910e-03 -12.436 -7.338 -7.229 -7.298 -7.272 -7.409 -7.446 -7.671 -9.047 -9.834 -10.740 -7.281 -7.408 -7.911 -8.778
0.009 -0.22295 6.00000 350.0025329590 2.6336188316  191.158  6.857  4.7291  3.731    0  0.000  1.534     0.00     0.00 -1 -0.000106      0.00 2.113e-01 7.798e-01 1.129e-04 5.585e-03 1.623e-04 -1.000 8.947e-03 -12.373 -7.422 -7.361 -7.561 -7.604 -7.837 -7.890 -8.204 -9.688 -10.564 -11.531 -7.616 -7.834 -8.496 -9.418
0.009 -0.22295 6.00000 350.0025634766 2.6336188316  185.998  6.849  4.7419  3.778    0  0.000  1.553     0.00     0.00 -1 -0.000106      0.00 1.930e-01 7.981e-01 1.136e-04 5.584e-03 1.628e-04 -1.000 8.930e-03 -12.353 -7.325 -7.270 -7.493 -7.538 -7.784 -7.838 -8.164 -9.654 -10.542 -11.519 -7.552 -7.781 -8.461 -9.384
0.009 -0.22295 6.00000 350.0025939941 2.6336188316  177.963  6.836  4.7611  3.849    0  0.000  1.591     0.00     0.00 -1 -0.000107      0.00 1.621e-01 8.290e-01 1.149e-04 5.583e-03 1.634e-04 -1.000 8.906e-03 -12.320 -7.187 -7.142 -7.388 -7.446 -7.714 -7.767 -8.114 -9.621 -10.536 -11.522 -7.465 -7.710 -8.418 -9.352
0.009 -0.22295 6.00000 350.0026245117 2.6336188316  170.639  6.823  4.7765  3.905    0  0.000  1.640     0.00     0.00 -1 -0.000108      0.00 1.332e-01 8.579e-01 1.163e-04 5.581e-03 1.637e-04 -1.000 8.852e-03 -12.287 -7.083 -7.044 -7.302 -7.371 -7.653 -7.704 -8.065 -9.600 -10.530 -11.511 -7.394 -7.648 -8.378 -9.331
0.009 -0.22295 6.00000 350.0026550293 2.6336188316  164.291  6.808  4.7800  3.918    0  0.000  1.662     0.00     0.00 -1 -0.000105      0.00 1.212e-01 8.699e-01 1.171e-04 5.580e-03 1.644e-04 -1.000 8.846e-03 -12.250 -7.031 -6.993 -7.255 -7.326 -7.612 -7.663 -8.027 -9.569 -10.500 -11.481 -7.350 -7.607 -8.343 -9.299
0.009 -0.22295 6.00000 350.0027160645 2.6336188316  151.062  6.770  4.7807  3.922    0  0.000  1.676     0.00     0.00 -1 -9.23e-05      0.00 1.113e-01 8.798e-01 1.183e-04 5.578e-03 1.663e-04 -1.000 8.882e-03 -12.154 -6.912 -6.871 -7.127 -7.195 -7.477 -7.529 -7.892 -9.434 -10.361 -11.342 -7.219 -7.473 -8.208 -9.165
0.009 -0.22295 6.00000 350.0027770996 2.6336188316  138.943  6.732  4.7816  3.927    0  0.000  1.691     0.00     0.00 -1 -8.12e-05      0.00 1.014e-01 8.897e-01 1.195e-04 5.575e-03 1.682e-04 -1.000 8.887e-03 -12.060 -6.791 -6.747 -6.997 -7.062 -7.341 -7.393 -7.754 -9.299 -10.222 -11.201 -7.086 -7.336 -8.072 -9.029
0.009 -0.22295 6.00000 350.0028381348 2.6336188316  127.812  6.694  4.7829  3.934    0  0.000  1.710     0.00     0.00 -1 -7.11e-05      0.00 9.140e-02 8.997e-01 1.208e-04 5.572e-03 1.701e-04 -1.000 8.895e-03 -11.965 -6.666 -6.619 -6.862 -6.924 -7.198 -7.250 -7.611 -9.158 -10.076 -11.054 -6.947 -7.194 -7.930 -8.889
0.009 -0.22295 6.00000 350.0028686523 2.6336188316  118.178  6.659  4.7845  3.942    0  0.000  1.731     0.00     0.00 -1 -6.34e-05      0.00 8.211e-02 9.090e-01 1.221e-04 5.569e-03 1.717e-04 -1.000 8.878e-03 -11.877 -6.553 -6.503 -6.741 -6.801 -7.073 -7.126 -7.485 -9.035 -9.951 -10.927 -6.824 -7.069 -7.805 -8.766
0.009 -0.22295 6.00000 350.0029296875 2.6336188316  109.299  6.623  4.7867  3.952    0  0.000  1.759     0.00     0.00 -1 -5.66e-05      0.00 7.273e-02 9.184e-01 1.236e-04 5.566e-03 1.733e-04 -1.000 8.921e-03 -11.788 -6.439 -6.387 -6.620 -6.678 -6.948 -7.000 -7.358 -8.911 -9.826 -10.801 -6.701 -6.944 -7.679 -8.642
0.009 -0.22295 6.00000 350.0029907227 2.6336188316  101.099  6.588  4.7896  3.965    0  0.000  1.795     0.00     0.00 -1 -5.04e-05      0.00 6.333e-02 9.278e-01 1.252e-04 5.563e-03 1.748e-04 -1.000 8.895e-03 -11.699 -6.320 -6.266 -6.493 -6.551 -6.818 -6.870 -7.227 -8.785 -9.698 -10.672 -6.574 -6.814 -7.549 -8.515
0.009 -0.22295 6.00000 350.0030212402 2.6336188316   93.991  6.555  4.7934  3.982    0  0.000  1.841     0.00     0.00 -1  -4.5e-05      0.00 5.454e-02 9.366e-01 1.271e-04 5.560e-03 1.760e-04 -1.000 8.881e-03 -11.617 -6.200 -6.144 -6.365 -6.422 -6.687 -6.738 -7.096 -8.659 -9.572 -10.545 -6.445 -6.683 -7.420 -8.390
0.009 -0.22295 6.00000 350.0030822754 2.6336188316   87.876  6.524  4.7988  4.005    0  0.000  1.899     0.00     0.00 -1 -4.03e-05      0.00 4.644e-02 9.447e-01 1.291e-04 5.557e-03 1.770e-04 -1.000 8.896e-03 -11.540 -6.076 -6.018 -6.233 -6.290 -6.554 -6.605 -6.964 -8.535 -9.449 -10.420 -6.314 -6.551 -7.290 -8.265
0.009 -0.22295 6.00000 350.0031127930 2.6336188316   82.619  6.496  4.8078  4.042    0  0.000  1.979     0.00     0.00 -1  -3.7e-05      0.00 3.905e-02 9.521e-01 1.317e-04 5.553e-03 1.776e-04 -1.000 8.903e-03 -11.471 -5.940 -5.882 -6.089 -6.156 -6.422 -6.474 -6.836 -8.417 -9.341 -10.314 -6.180 -6.418 -7.165 -8.148
0.009 -0.22295 6.00000 350.0031433105 2.6336188316   76.696  6.486  4.9597  4.627    0  0.000  2.071     0.00     0.00 -1 -3.52e-05      0.00 3.195e-02 9.592e-01 1.337e-04 5.550e-03 1.781e-04  5.352 8.894e-03 -11.446 -5.023 -5.003 -5.122 -5.416 -5.743 -5.816 -6.234 -7.969 -9.069 -10.097 -5.435 -5.739 -6.598 -7.697
0.009 -0.22295 6.00000 350.0031738281 2.6336188316   72.988  6.479  5.0989  5.170    0  0.000  2.276     0.00     0.00 -1 -3.43e-05      0.00 2.473e-02 9.664e-01 1.378e-04 5.545e-03 1.765e-04  7.256 8.904e-03 -11.427 -4.423 -4.422 -4.560 -4.944 -5.230 -5.414 -5.812 -7.615 -8.859 -9.985 -4.929 -5.243 -6.210 -7.340
0.009 -0.22295 6.00000 350.0032043457 2.6336188316   70.177  6.460  5.1087  5.210    0  0.000 23.225     0.00     0.00 -1 -3.11e-05      0.00 2.331e-02 9.538e-01 1.315e-02 4.036e-03 3.576e-04 10.663 2.291e-02 -11.381 -4.291 -4.290 -4.424 -4.804 -5.087 -5.273 -5.668 -7.476 -8.716 -9.840 -4.788 -5.100 -6.068 -7.201
0.009 -0.22295 6.00000 350.0032348633 2.6336188316   67.212  6.439  5.1096  5.217    0  0.000 86.430     0.00     0.00 -1 -2.69e-05      0.00 2.349e-02 9.092e-01 5.443e-02 1.422e-05 1.170e-03 11.279 6.726e-02 -11.327 -4.296 -4.295 -4.435 -4.839 -5.127 -5.316 -5.706 -7.460 -8.664 -9.784 -4.823 -5.139 -6.080 -7.185
0.009 -0.22295 6.00000 350.0032958984 2.6336188316   62.699  6.407  5.1054  5.202    0  0.000 32.732     0.00     0.00 -1 -1.95e-05      0.00 2.386e-02 8.132e-01 1.446e-01 1.444e-05 6.663e-03 11.688 1.630e-01 -11.247 -4.075 -4.054 -4.166 -4.530 -4.793 -4.982 -5.358 -7.096 -8.271 -9.385 -4.512 -4.806 -5.731 -6.821
0.009 -0.22295 6.00000 350.0033569336 2.6336188316   57.832  6.373  5.1018  5.186    0  0.000 14.646     0.00     0.00 -1 -1.21e-05      0.00 2.444e-02 6.743e-01 2.620e-01 1.479e-05 2.732e-02 11.916 3.012e-01 -11.162 -3.791 -3.742 -3.808 -4.096 -4.319 -4.497 -4.846 -6.568 -7.688 -8.775 -4.077 -4.332 -5.215 -6.293
0.009 -0.22295 6.00000 350.0034790039 2.6336188316   53.175  6.344  5.1003  5.173    0  0.000  6.639     0.00     0.00 -1 -6.29e-06      0.00 2.534e-02 5.010e-01 3.817e-01 1.534e-05 7.984e-02 12.025 4.736e-01 -11.091 -3.521 -3.443 -3.452 -3.630 -3.792 -3.940 -4.232 -5.915 -7.010 -8.053 -3.613 -3.803 -4.577 -5.640
0.009 -0.22295 6.00000 350.0036010742 2.6336188316   50.178  6.328  5.1069  5.190    0  0.000  3.303     0.00     0.00 -1 -7.27e-06      0.00 2.607e-02 3.258e-01 4.400e-01 1.578e-05 1.957e-01 11.972 6.481e-01 -11.050 -3.490 -3.421 -3.445 -3.655 -3.834 -3.992 -4.302 -5.999 -7.106 -8.167 -3.636 -3.846 -4.655 -5.723
0.009 -0.22295 6.00000 350.0036315918 2.6336188316   48.536  6.317  5.1153  5.220    0  0.000  2.148     0.00     0.00 -1 -8.52e-06      0.00 2.637e-02 2.328e-01 4.219e-01 1.596e-05 3.062e-01 11.784 7.408e-01 -11.023 -3.479 -3.424 -3.470 -3.725 -3.927 -4.100 -4.434 -6.158 -7.288 -8.370 -3.703 -3.941 -4.802 -5.883
0.009 -0.22295 6.00000 350.0036621094 2.6336188316   47.166  6.308  5.1261  5.260    0  0.000  1.538     0.00     0.00 -1 -9.47e-06      0.00 2.657e-02 1.745e-01 3.878e-01 1.608e-05 3.979e-01 11.448 7.989e-01 -10.999 -3.454 -3.416 -3.478 -3.764 -3.981 -4.163 -4.509 -6.251 -7.411 -8.507 -3.741 -3.995 -4.884 -5.976
0.009 -0.22295 6.00000 350.0036926270 2.6336188316   45.065  6.374  5.2526  5.680    0  0.000  0.963     0.00     0.00 -1 -2.11e-05      0.00 2.682e-02 1.130e-01 3.305e-01 1.623e-05 5.152e-01 -1.000 8.601e-01 -11.164 -5.206 -5.253 -5.532 -6.048 -6.431 -6.589 -7.034 -8.863 -10.141 -11.283 -6.045 -6.437 -7.420 -8.587
#isochrone terminated
