# File generated by CMD 3.3 (http://stev.oapd.inaf.it/cmd) on Wed Apr 22 15:19:32 CEST 2020
# isochrones based on PARSEC release v1.2S +  COLIBRI S_35
# Basic references: Bressan et al. (2012), MNRAS, 427, 127 + Chen et al. (2014, 2015), MNRAS, 444, 2525 + MNRAS, 452, 1068 + Tang et al. (2014), MNRAS, 445, 4287 + Marigo et al. (2017), ApJ, 835, 77 + Pastorelli al. (2019), MNRAS in press
# Thermal pulse cycles included 
# On RGB, assumed Reimers mass loss with efficiency eta=0.2
# Photometric system:  2MASS + Spitzer (IRAC+MIPS) + WISE
# Using YBC version of bolometric corrections as in Chen et al. (2019)
# O-rich circumstellar dpmod60alox40 dust from Groenewegen (2006)
# C-rich circumstellar AMCSIC15 dust from Groenewegen (2006)
# IMF: Kroupa (2001, 2002) + Kroupa et al. (2013) canonical two-part-power law IMF corrected for unresolved binaries 
# Kind of output: isochrone tables
# Zini     MH   logAge Mini        int_IMF         Mass   logL    logTe  logg  label   McoreTP C_O  period0 period1 pmode  Mloss  tau1m   X   Y   Xc  Xn  Xo  Cexcess  Z 	 mbolmag  Jmag    Hmag    Ksmag   IRAC_3.6mag  IRAC_4.5mag  IRAC_5.8mag  IRAC_8.0mag  MIPS_24mag  MIPS_70mag  MIPS_160mag  W1mag   W2mag   W3mag   W4mag
0.02 0.14251 5.00000 0.0900000036 1.0816895962    0.090 -0.784  3.4393  2.886    0  0.000  0.545     0.00     0.00 -1 -2.51e-13      0.00 6.960e-01 2.840e-01 3.596e-03 9.702e-04 8.799e-03 -1.000 2.000e-02 6.731 4.637 4.072 3.753 3.342 3.193 3.142 3.062 2.421 2.381 2.441 3.480 3.198 3.012 2.611
0.02 0.14251 5.00000 0.0990456343 1.1630845070    0.099 -0.715  3.4431  2.874    0  0.000  0.545     0.00     0.00 -1 -2.85e-13      0.00 6.960e-01 2.840e-01 3.596e-03 9.702e-04 8.799e-03 -1.000 2.000e-02 6.559 4.468 3.891 3.584 3.188 3.042 2.994 2.916 2.278 2.241 2.302 3.326 3.047 2.868 2.468
0.02 0.14251 5.00000 0.1012712568 1.1816387177    0.101 -0.700  3.4442  2.872    0  0.000  0.545     0.00     0.00 -1 -2.92e-13      0.00 6.960e-01 2.840e-01 3.596e-03 9.702e-04 8.799e-03 -1.000 2.000e-02 6.521 4.431 3.851 3.547 3.154 3.009 2.962 2.885 2.248 2.211 2.273 3.292 3.015 2.838 2.438
0.02 0.14251 5.00000 0.1175851524 1.3031888008    0.118 -0.595  3.4518  2.862    0  0.000  0.545     0.00     0.00 -1  -3.5e-13      0.00 6.960e-01 2.840e-01 3.596e-03 9.702e-04 8.799e-03 -1.000 2.000e-02 6.256 4.174 3.569 3.287 2.926 2.786 2.744 2.673 2.043 2.010 2.077 3.063 2.793 2.630 2.233
0.02 0.14251 5.00000 0.1200000048 1.3193155527    0.120 -0.579  3.4529  2.860    0  0.000  0.545     0.00     0.00 -1  -3.6e-13      0.00 6.960e-01 2.840e-01 3.596e-03 9.702e-04 8.799e-03 -1.000 2.000e-02 6.218 4.138 3.527 3.249 2.892 2.754 2.713 2.642 2.013 1.981 2.049 3.029 2.761 2.600 2.203
0.02 0.14251 5.00000 0.1278292239 1.3688303232    0.128 -0.537  3.4572  2.862    0  0.000  0.545     0.00     0.00 -1 -3.82e-13      0.00 6.960e-01 2.840e-01 3.596e-03 9.702e-04 8.799e-03 -1.000 2.000e-02 6.114 4.040 3.413 3.146 2.808 2.673 2.634 2.567 1.942 1.913 1.984 2.944 2.681 2.527 2.132
0.02 0.14251 5.00000 0.1453080177 1.4663972855    0.145 -0.448  3.4670  2.868    0  0.000  0.545     0.00     0.00 -1 -4.38e-13      0.00 6.960e-01 2.840e-01 3.596e-03 9.702e-04 8.799e-03 -1.000 2.000e-02 5.889 3.836 3.165 2.920 2.626 2.504 2.472 2.411 1.798 1.776 1.854 2.760 2.513 2.378 1.988
0.02 0.14251 5.00000 0.1585749835 1.5307941437    0.159 -0.384  3.4751  2.875    0  0.000  0.545     0.00     0.00 -1 -4.82e-13      0.00 6.960e-01 2.840e-01 3.596e-03 9.702e-04 8.799e-03 -1.000 2.000e-02 5.731 3.696 2.988 2.759 2.500 2.391 2.362 2.307 1.704 1.689 1.772 2.632 2.400 2.279 1.894
0.02 0.14251 5.00000 0.1670942903 1.5685636997    0.167 -0.348  3.4803  2.882    0  0.000  0.545     0.00     0.00 -1 -5.06e-13      0.00 6.960e-01 2.840e-01 3.596e-03 9.702e-04 8.799e-03 -1.000 2.000e-02 5.639 3.616 2.885 2.665 2.429 2.328 2.302 2.250 1.653 1.644 1.731 2.559 2.338 2.226 1.843
0.02 0.14251 5.00000 0.1798649579 1.6207244396    0.180 -0.294  3.4883  2.892    0  0.000  0.545     0.00     0.00 -1 -5.46e-13      0.00 6.960e-01 2.840e-01 3.596e-03 9.702e-04 8.799e-03 -1.000 2.000e-02 5.504 3.499 2.734 2.527 2.324 2.235 2.211 2.161 1.575 1.576 1.671 2.449 2.245 2.145 1.764
0.02 0.14251 5.00000 0.1936526895 1.6718904972    0.194 -0.235  3.4969  2.899    0  0.000  0.545     0.00     0.00 -1 -5.98e-13      0.00 6.960e-01 2.840e-01 3.596e-03 9.702e-04 8.799e-03 -1.000 2.000e-02 5.357 3.377 2.579 2.378 2.204 2.133 2.111 2.063 1.489 1.502 1.604 2.323 2.143 2.054 1.679
0.02 0.14251 5.00000 0.2112801522 1.7308021784    0.211 -0.166  3.5069  2.909    0  0.000  0.545     0.00     0.00 -1 -6.62e-13      0.00 6.960e-01 2.840e-01 3.596e-03 9.702e-04 8.799e-03 -1.000 2.000e-02 5.186 3.238 2.406 2.210 2.064 2.014 1.992 1.945 1.388 1.416 1.524 2.173 2.025 1.944 1.578
0.02 0.14251 5.00000 0.2287505418 1.7832001448    0.229 -0.106  3.5159  2.919    0  0.000  0.545     0.00     0.00 -1 -7.23e-13      0.00 6.960e-01 2.840e-01 3.596e-03 9.702e-04 8.799e-03 -1.000 2.000e-02 5.034 3.115 2.259 2.066 1.940 1.909 1.886 1.838 1.297 1.338 1.454 2.038 1.921 1.845 1.486
0.02 0.14251 5.00000 0.2476409972 1.8343011141    0.248 -0.043  3.5250  2.927    0  0.000  0.545     0.00     0.00 -1 -7.97e-13      0.00 6.960e-01 2.840e-01 3.596e-03 9.702e-04 8.799e-03 -1.000 2.000e-02 4.877 2.985 2.114 1.923 1.811 1.800 1.775 1.725 1.200 1.255 1.375 1.898 1.811 1.739 1.389
0.02 0.14251 5.00000 0.2500000000 1.8403258324    0.250 -0.035  3.5261  2.928    0  0.000  0.545     0.00     0.00 -1 -8.06e-13      0.00 6.960e-01 2.840e-01 3.596e-03 9.702e-04 8.799e-03 -1.000 2.000e-02 4.858 2.970 2.098 1.907 1.796 1.788 1.762 1.711 1.188 1.245 1.366 1.882 1.799 1.726 1.378
0.02 0.14251 5.00000 0.2752583027 1.9005290270    0.275  0.040  3.5367  2.936    0  0.000  0.545     0.00     0.00 -1 -9.05e-13      0.00 6.960e-01 2.840e-01 3.596e-03 9.702e-04 8.799e-03 -1.000 2.000e-02 4.669 2.813 1.935 1.746 1.644 1.658 1.629 1.572 1.070 1.142 1.267 1.716 1.668 1.596 1.259
0.02 0.14251 5.00000 0.3000000119 1.9529139996    0.300  0.108  3.5461  2.944    0  0.000  0.545     0.00     0.00 -1    -1e-12      0.00 6.960e-01 2.840e-01 3.596e-03 9.702e-04 8.799e-03 -1.000 2.000e-02 4.501 2.674 1.799 1.611 1.515 1.545 1.512 1.450 0.964 1.050 1.178 1.574 1.555 1.480 1.154
0.02 0.14251 5.00000 0.3251820803 2.0007586479    0.325  0.170  3.5545  2.950    0  0.000  0.545     0.00     0.00 -1 -1.11e-12      0.00 6.960e-01 2.840e-01 3.596e-03 9.702e-04 8.799e-03 -1.000 2.000e-02 4.344 2.543 1.675 1.490 1.398 1.441 1.405 1.337 0.866 0.962 1.091 1.446 1.451 1.373 1.055
0.02 0.14251 5.00000 0.3500000238 2.0434176922    0.350  0.226  3.5622  2.957    0  0.000  0.545     0.00     0.00 -1  -1.2e-12      0.00 6.960e-01 2.840e-01 3.596e-03 9.702e-04 8.799e-03 -1.000 2.000e-02 4.206 2.429 1.566 1.386 1.299 1.352 1.314 1.241 0.781 0.886 1.015 1.339 1.361 1.282 0.971
0.02 0.14251 5.00000 0.3554314375 2.0522308350    0.355  0.238  3.5638  2.958    0  0.000  0.545     0.00     0.00 -1 -1.23e-12      0.00 6.960e-01 2.840e-01 3.596e-03 9.702e-04 8.799e-03 -1.000 2.000e-02 4.174 2.402 1.541 1.363 1.276 1.331 1.293 1.219 0.761 0.867 0.996 1.315 1.340 1.261 0.951
0.02 0.14251 5.00000 0.4000000358 2.1185026169    0.400  0.331  3.5758  2.964    0  0.000  0.545     0.00     0.00 -1 -1.42e-12      0.00 6.960e-01 2.840e-01 3.596e-03 9.702e-04 8.799e-03 -1.000 2.000e-02 3.944 2.207 1.361 1.192 1.114 1.180 1.141 1.062 0.618 0.734 0.863 1.141 1.189 1.110 0.807
0.02 0.14251 5.00000 0.4048694670 2.1251590252    0.405  0.341  3.5769  2.964    0  0.000  0.545     0.00     0.00 -1 -1.45e-12      0.00 6.960e-01 2.840e-01 3.596e-03 9.702e-04 8.799e-03 -1.000 2.000e-02 3.917 2.184 1.340 1.172 1.094 1.161 1.123 1.043 0.600 0.717 0.846 1.121 1.170 1.091 0.789
0.02 0.14251 5.00000 0.4500000179 2.1822810173    0.450  0.432  3.5871  2.959    0  0.000  0.545     0.00     0.00 -1  -1.7e-12      0.00 6.960e-01 2.840e-01 3.596e-03 9.702e-04 8.799e-03 -1.000 2.000e-02 3.690 1.984 1.163 1.002 0.928 1.001 0.963 0.880 0.447 0.570 0.697 0.948 1.010 0.933 0.636
0.02 0.14251 5.00000 0.4742573500 2.2099926472    0.474  0.471  3.5918  2.962    0  0.000  0.545     0.00     0.00 -1 -1.81e-12      0.00 6.960e-01 2.840e-01 3.596e-03 9.702e-04 8.799e-03 -1.000 2.000e-02 3.592 1.899 1.090 0.933 0.861 0.936 0.898 0.815 0.385 0.511 0.637 0.879 0.944 0.869 0.574
0.02 0.14251 5.00000 0.5000000000 2.2374541759    0.500  0.511  3.5965  2.964    0  0.000  0.545     0.00     0.00 -1 -1.92e-12      0.00 6.960e-01 2.840e-01 3.596e-03 9.702e-04 8.799e-03 -1.000 2.000e-02 3.492 1.812 1.016 0.863 0.793 0.868 0.832 0.748 0.321 0.449 0.576 0.808 0.877 0.803 0.510
0.02 0.14251 5.00000 0.5078667998 2.2454195023    0.508  0.524  3.5977  2.963    0  0.000  0.545     0.00     0.00 -1 -1.96e-12      0.00 6.960e-01 2.840e-01 3.596e-03 9.702e-04 8.799e-03 -1.000 2.000e-02 3.461 1.785 0.992 0.839 0.769 0.846 0.809 0.725 0.299 0.428 0.555 0.785 0.854 0.780 0.488
0.02 0.14251 5.00000 0.5348300934 2.2706878185    0.535  0.569  3.6020  2.958    0  0.000  0.545     0.00     0.00 -1 -2.14e-12      0.00 6.960e-01 2.840e-01 3.596e-03 9.702e-04 8.799e-03 -1.000 2.000e-02 3.349 1.684 0.903 0.754 0.686 0.763 0.727 0.643 0.219 0.350 0.477 0.699 0.771 0.699 0.408
0.02 0.14251 5.00000 0.5500000119 2.2836582661    0.550  0.595  3.6044  2.953    0  0.000  0.545     0.00     0.00 -1 -2.25e-12      0.00 6.960e-01 2.840e-01 3.596e-03 9.702e-04 8.799e-03 -1.000 2.000e-02 3.282 1.624 0.850 0.703 0.635 0.712 0.677 0.594 0.170 0.302 0.430 0.648 0.721 0.650 0.359
0.02 0.14251 5.00000 0.5952621102 2.3178808689    0.595  0.662  3.6105  2.944    0  0.000  0.545     0.00     0.00 -1 -2.55e-12      0.00 6.960e-01 2.840e-01 3.596e-03 9.702e-04 8.799e-03 -1.000 2.000e-02 3.115 1.473 0.716 0.575 0.509 0.586 0.552 0.469 0.048 0.183 0.311 0.520 0.595 0.526 0.237
0.02 0.14251 5.00000 0.6000000238 2.3211214542    0.600  0.669  3.6111  2.944    0  0.000  0.545     0.00     0.00 -1 -2.58e-12      0.00 6.960e-01 2.840e-01 3.596e-03 9.702e-04 8.799e-03 -1.000 2.000e-02 3.099 1.458 0.704 0.562 0.497 0.575 0.541 0.457 0.037 0.172 0.299 0.508 0.583 0.514 0.226
0.02 0.14251 5.00000 0.6282478571 2.3392815590    0.628  0.702  3.6144  2.943    0  0.000  0.545     0.00     0.00 -1 -2.73e-12      0.00 6.960e-01 2.840e-01 3.596e-03 9.702e-04 8.799e-03 -1.000 2.000e-02 3.014 1.382 0.637 0.499 0.435 0.512 0.479 0.396 -0.023 0.113 0.241 0.445 0.521 0.454 0.166
0.02 0.14251 5.00000 0.6499999762 2.3520355225    0.650  0.732  3.6168  2.938    0  0.000  0.545     0.00     0.00 -1 -2.89e-12      0.00 6.960e-01 2.840e-01 3.596e-03 9.702e-04 8.799e-03 -1.000 2.000e-02 2.940 1.314 0.577 0.440 0.377 0.455 0.422 0.340 -0.079 0.057 0.186 0.387 0.463 0.397 0.110
0.02 0.14251 5.00000 0.6935345531 2.3748197556    0.694  0.788  3.6211  2.927    0  0.000  0.545     0.00     0.00 -1 -3.22e-12      0.00 6.960e-01 2.840e-01 3.596e-03 9.702e-04 8.799e-03 -1.000 2.000e-02 2.800 1.186 0.461 0.328 0.266 0.344 0.312 0.230 -0.187 -0.049 0.079 0.276 0.352 0.288 0.002
0.02 0.14251 5.00000 0.7000000477 2.3779268265    0.700  0.796  3.6217  2.926    0  0.000  0.545     0.00     0.00 -1 -3.27e-12      0.00 6.960e-01 2.840e-01 3.596e-03 9.702e-04 8.799e-03 -1.000 2.000e-02 2.780 1.167 0.445 0.312 0.251 0.328 0.296 0.215 -0.203 -0.065 0.064 0.260 0.336 0.273 -0.014
0.02 0.14251 5.00000 0.7500000000 2.3998889923    0.750  0.865  3.6299  2.920    0  0.000  0.538     0.00     0.00 -1 -3.74e-12      0.00 6.960e-01 2.840e-01 3.549e-03 9.690e-04 8.801e-03 -1.000 2.000e-02 2.607 1.015 0.319 0.194 0.134 0.210 0.181 0.102 -0.314 -0.174 -0.045 0.142 0.219 0.160 -0.126
0.02 0.14251 5.00000 0.8000000119 2.4187245369    0.800  0.909  3.6335  2.918    0  0.000  0.538     0.00     0.00 -1 -4.01e-12      0.00 6.960e-01 2.840e-01 3.549e-03 9.690e-04 8.801e-03 -1.000 2.000e-02 2.497 0.914 0.230 0.108 0.049 0.124 0.096 0.018 -0.398 -0.257 -0.128 0.057 0.132 0.076 -0.209
0.02 0.14251 5.00000 0.8123046756 2.4229528904    0.812  0.919  3.6343  2.918    0  0.000  0.538     0.00     0.00 -1 -4.07e-12      0.00 6.960e-01 2.840e-01 3.549e-03 9.690e-04 8.801e-03 -1.000 2.000e-02 2.472 0.891 0.210 0.088 0.030 0.105 0.076 -0.001 -0.417 -0.276 -0.147 0.037 0.113 0.057 -0.228
0.02 0.14251 5.00000 0.8500000238 2.4350347519    0.850  0.957  3.6365  2.908    0  0.000  0.538     0.00     0.00 -1 -4.39e-12      0.00 6.960e-01 2.840e-01 3.549e-03 9.690e-04 8.801e-03 -1.000 2.000e-02 2.378 0.803 0.129 0.009 -0.049 0.026 -0.002 -0.079 -0.495 -0.354 -0.224 -0.042 0.034 -0.021 -0.306
0.02 0.14251 5.00000 0.8999999762 2.4492788315    0.899  1.004  3.6391  2.897    0  0.000  0.538     0.00     0.00 -1 -4.81e-12      0.00 6.960e-01 2.840e-01 3.549e-03 9.690e-04 8.801e-03 -1.000 2.000e-02 2.260 0.692 0.028 -0.091 -0.148 -0.074 -0.101 -0.178 -0.593 -0.452 -0.322 -0.141 -0.066 -0.119 -0.404
0.02 0.14251 5.00000 0.9499999881 2.4618122578    0.950  1.042  3.6417  2.892    0  0.000  0.538     0.00     0.00 -1 -5.15e-12      0.00 6.960e-01 2.840e-01 3.549e-03 9.690e-04 8.801e-03 -1.000 2.000e-02 2.165 0.603 -0.053 -0.169 -0.226 -0.153 -0.179 -0.255 -0.670 -0.528 -0.398 -0.219 -0.145 -0.197 -0.481
0.02 0.14251 5.00000 1.0000000000 2.4729156494    1.000  1.084  3.6439  2.882    0  0.000  0.538     0.00     0.00 -1 -5.59e-12      0.00 6.960e-01 2.840e-01 3.549e-03 9.690e-04 8.801e-03 -1.000 2.000e-02 2.061 0.505 -0.143 -0.258 -0.315 -0.242 -0.268 -0.343 -0.758 -0.616 -0.486 -0.308 -0.234 -0.285 -0.569
0.02 0.14251 5.00000 1.0499999523 2.4828116894    1.050  1.119  3.6460  2.876    0  0.000  0.538     0.00     0.00 -1 -5.54e-12      0.00 6.960e-01 2.840e-01 3.549e-03 9.690e-04 8.801e-03 -1.000 2.000e-02 1.972 0.421 -0.220 -0.333 -0.390 -0.318 -0.343 -0.418 -0.832 -0.691 -0.560 -0.383 -0.310 -0.359 -0.644
0.02 0.14251 5.00000 1.1000000238 2.4916803837    1.099  1.155  3.6479  2.868    0  0.000  0.538     0.00     0.00 -1 -5.47e-12      0.00 6.960e-01 2.840e-01 3.549e-03 9.690e-04 8.801e-03 -1.000 2.000e-02 1.883 0.337 -0.297 -0.409 -0.465 -0.394 -0.419 -0.493 -0.908 -0.766 -0.635 -0.459 -0.386 -0.434 -0.719
0.02 0.14251 5.00000 1.1499999762 2.4996678829    1.149  1.185  3.6497  2.864    0  0.000  0.538     0.00     0.00 -1 -5.27e-12      0.00 6.960e-01 2.840e-01 3.549e-03 9.690e-04 8.801e-03 -1.000 2.000e-02 1.807 0.266 -0.362 -0.473 -0.528 -0.457 -0.482 -0.555 -0.970 -0.828 -0.698 -0.522 -0.450 -0.497 -0.781
0.02 0.14251 5.00000 1.2000000477 2.5068950653    1.200  1.217  3.6513  2.857    0  0.000  0.538     0.00     0.00 -1  -5.1e-12      0.00 6.960e-01 2.840e-01 3.549e-03 9.690e-04 8.801e-03 -1.000 2.000e-02 1.727 0.189 -0.432 -0.542 -0.597 -0.527 -0.552 -0.624 -1.039 -0.897 -0.766 -0.591 -0.520 -0.566 -0.850
0.02 0.14251 5.00000 1.2175346613 2.5092682838    1.217  1.227  3.6519  2.856    0  0.000  0.538     0.00     0.00 -1    -5e-12      0.00 6.960e-01 2.840e-01 3.549e-03 9.690e-04 8.801e-03 -1.000 2.000e-02 1.702 0.166 -0.454 -0.563 -0.618 -0.548 -0.572 -0.645 -1.059 -0.917 -0.787 -0.612 -0.541 -0.586 -0.871
0.02 0.14251 5.00000 1.2500000000 2.5134611130    1.250  1.246  3.6529  2.852    0  0.000  0.538     0.00     0.00 -1 -4.84e-12      0.00 6.960e-01 2.840e-01 3.549e-03 9.690e-04 8.801e-03 -1.000 2.000e-02 1.654 0.121 -0.495 -0.604 -0.659 -0.589 -0.613 -0.685 -1.100 -0.958 -0.827 -0.653 -0.582 -0.627 -0.911
0.02 0.14251 5.00000 1.2999999523 2.5194499493    1.300  1.275  3.6543  2.847    0  0.000  0.538     0.00     0.00 -1 -4.53e-12      0.00 6.960e-01 2.840e-01 3.549e-03 9.690e-04 8.801e-03 -1.000 2.000e-02 1.583 0.054 -0.558 -0.665 -0.720 -0.651 -0.675 -0.746 -1.161 -1.019 -0.888 -0.714 -0.644 -0.688 -0.972
0.02 0.14251 5.00000 1.3500000238 2.5249314308    1.350  1.300  3.6558  2.844    0  0.000  0.538     0.00     0.00 -1 -4.13e-12      0.00 6.960e-01 2.840e-01 3.549e-03 9.690e-04 8.801e-03 -1.000 2.000e-02 1.521 -0.005 -0.611 -0.718 -0.773 -0.704 -0.727 -0.798 -1.213 -1.071 -0.940 -0.767 -0.696 -0.740 -1.024
0.02 0.14251 5.00000 1.3999999762 2.5299651623    1.400  1.326  3.6571  2.838    0  0.000  0.538     0.00     0.00 -1 -3.72e-12      0.00 6.960e-01 2.840e-01 3.549e-03 9.690e-04 8.801e-03 -1.000 2.000e-02 1.454 -0.068 -0.670 -0.775 -0.830 -0.761 -0.785 -0.855 -1.270 -1.128 -0.997 -0.824 -0.754 -0.797 -1.081
0.02 0.14251 5.00000 1.4500000477 2.5346016884    1.450  1.353  3.6582  2.832    0  0.000  0.538     0.00     0.00 -1 -3.26e-12      0.00 6.960e-01 2.840e-01 3.549e-03 9.690e-04 8.801e-03 -1.000 2.000e-02 1.389 -0.131 -0.728 -0.833 -0.888 -0.820 -0.842 -0.913 -1.328 -1.185 -1.055 -0.882 -0.812 -0.854 -1.139
0.02 0.14251 5.00000 1.4702391624 2.5363757610    1.470  1.361  3.6587  2.831    0  0.000  0.538     0.00     0.00 -1 -3.02e-12      0.00 6.960e-01 2.840e-01 3.549e-03 9.690e-04 8.801e-03 -1.000 2.000e-02 1.366 -0.152 -0.747 -0.852 -0.906 -0.838 -0.861 -0.931 -1.346 -1.204 -1.073 -0.901 -0.831 -0.873 -1.157
0.02 0.14251 5.00000 1.5000000000 2.5388846397    1.500  1.374  3.6595  2.830    0  0.000  0.538     0.00     0.00 -1  -2.7e-12      0.00 6.960e-01 2.840e-01 3.549e-03 9.690e-04 8.801e-03 -1.000 2.000e-02 1.335 -0.181 -0.774 -0.878 -0.932 -0.865 -0.887 -0.957 -1.372 -1.230 -1.099 -0.927 -0.858 -0.899 -1.183
0.02 0.14251 5.00000 1.5499999523 2.5428512096    1.550  1.398  3.6606  2.825    0  0.000  0.538     0.00     0.00 -1 -2.11e-12      0.00 6.960e-01 2.840e-01 3.549e-03 9.690e-04 8.801e-03 -1.000 2.000e-02 1.276 -0.238 -0.827 -0.931 -0.984 -0.917 -0.940 -1.009 -1.424 -1.282 -1.151 -0.979 -0.910 -0.951 -1.235
0.02 0.14251 5.00000 1.6000000238 2.5465342999    1.600  1.419  3.6617  2.822    0  0.000  0.538     0.00     0.00 -1 -1.46e-12      0.00 6.960e-01 2.840e-01 3.549e-03 9.690e-04 8.801e-03 -1.000 2.000e-02 1.224 -0.287 -0.872 -0.975 -1.029 -0.962 -0.984 -1.053 -1.468 -1.326 -1.195 -1.023 -0.955 -0.995 -1.279
0.02 0.14251 5.00000 1.6499999762 2.5499615669    1.649  1.441  3.6627  2.817    0  0.000  0.538     0.00     0.00 -1  -7.6e-13      0.00 6.960e-01 2.840e-01 3.549e-03 9.690e-04 8.801e-03 -1.000 2.000e-02 1.169 -0.339 -0.921 -1.024 -1.077 -1.010 -1.032 -1.101 -1.516 -1.373 -1.242 -1.071 -1.003 -1.043 -1.327
0.02 0.14251 5.00000 1.6637160778 2.5508604050    1.663  1.445  3.6630  2.817    0  0.000  0.538     0.00     0.00 -1 -5.23e-13      0.00 6.960e-01 2.840e-01 3.549e-03 9.690e-04 8.801e-03 -1.000 2.000e-02 1.156 -0.350 -0.932 -1.034 -1.087 -1.020 -1.042 -1.111 -1.526 -1.383 -1.252 -1.081 -1.013 -1.053 -1.337
0.02 0.14251 5.00000 1.6749999523 2.5515873432    1.674  1.449  3.6632  2.817    0  0.000  0.538     0.00     0.00 -1 -3.86e-13      0.00 6.960e-01 2.840e-01 3.549e-03 9.690e-04 8.801e-03 -1.000 2.000e-02 1.147 -0.359 -0.940 -1.042 -1.095 -1.028 -1.050 -1.119 -1.534 -1.391 -1.260 -1.089 -1.021 -1.061 -1.345
0.02 0.14251 5.00000 1.7000000477 2.5531582832    1.699  1.461  3.6636  2.814    0  0.000  0.538     0.00     0.00 -1    -1e-30      0.00 6.960e-01 2.840e-01 3.549e-03 9.690e-04 8.801e-03 -1.000 2.000e-02 1.117 -0.387 -0.967 -1.068 -1.121 -1.055 -1.077 -1.145 -1.560 -1.418 -1.287 -1.116 -1.048 -1.087 -1.371
0.02 0.14251 5.00000 1.7063009739 2.5535457134    1.705  1.463  3.6638  2.814    0  0.000  0.538     0.00     0.00 -1    -1e-30      0.00 6.960e-01 2.840e-01 3.549e-03 9.690e-04 8.801e-03 -1.000 2.000e-02 1.112 -0.393 -0.971 -1.073 -1.126 -1.060 -1.082 -1.150 -1.565 -1.423 -1.291 -1.121 -1.053 -1.092 -1.376
0.02 0.14251 5.00000 1.7250000238 2.5546767712    1.724  1.469  3.6642  2.814    0  0.000  0.538     0.00     0.00 -1    -1e-30      0.00 6.960e-01 2.840e-01 3.549e-03 9.690e-04 8.801e-03 -1.000 2.000e-02 1.097 -0.406 -0.984 -1.085 -1.138 -1.072 -1.094 -1.162 -1.577 -1.434 -1.303 -1.133 -1.065 -1.104 -1.388
0.02 0.14251 5.00000 1.7500000000 2.5561456680    1.749  1.477  3.6647  2.814    0  0.000  0.538     0.00     0.00 -1    -1e-30      0.00 6.960e-01 2.840e-01 3.549e-03 9.690e-04 8.801e-03 -1.000 2.000e-02 1.077 -0.425 -1.001 -1.101 -1.154 -1.088 -1.110 -1.178 -1.593 -1.450 -1.319 -1.149 -1.081 -1.120 -1.404
0.02 0.14251 5.00000 1.7750000954 2.5575671196    1.774  1.486  3.6652  2.813    0  0.000  0.538     0.00     0.00 -1    -1e-30      0.00 6.960e-01 2.840e-01 3.549e-03 9.690e-04 8.801e-03 -1.000 2.000e-02 1.054 -0.446 -1.020 -1.121 -1.173 -1.108 -1.129 -1.197 -1.612 -1.469 -1.338 -1.168 -1.101 -1.139 -1.423
0.02 0.14251 5.00000 1.7999998331 2.5589430332    1.799  1.498  3.6655  2.810    0  0.000  0.538     0.00     0.00 -1    -1e-30      0.00 6.960e-01 2.840e-01 3.549e-03 9.690e-04 8.801e-03 -1.000 2.000e-02 1.026 -0.474 -1.047 -1.147 -1.200 -1.134 -1.155 -1.223 -1.638 -1.496 -1.364 -1.194 -1.127 -1.165 -1.449
0.02 0.14251 5.00000 1.8130633831 2.5596446991    1.812  1.502  3.6658  2.810    0  0.000  0.538     0.00     0.00 -1    -1e-30      0.00 6.960e-01 2.840e-01 3.549e-03 9.690e-04 8.801e-03 -1.000 2.000e-02 1.016 -0.483 -1.055 -1.155 -1.207 -1.142 -1.163 -1.231 -1.646 -1.503 -1.372 -1.202 -1.135 -1.173 -1.457
0.02 0.14251 5.00000 1.8250000477 2.5602757931    1.824  1.505  3.6661  2.811    0  0.000  0.538     0.00     0.00 -1    -1e-30      0.00 6.960e-01 2.840e-01 3.549e-03 9.690e-04 8.801e-03 -1.000 2.000e-02 1.008 -0.490 -1.061 -1.161 -1.213 -1.148 -1.169 -1.237 -1.652 -1.509 -1.378 -1.208 -1.141 -1.179 -1.463
0.02 0.14251 5.00000 1.8500000238 2.5615673065    1.849  1.515  3.6664  2.807    0  0.000  0.538     0.00     0.00 -1    -1e-30      0.00 6.960e-01 2.840e-01 3.549e-03 9.690e-04 8.801e-03 -1.000 2.000e-02 0.981 -0.516 -1.086 -1.185 -1.238 -1.172 -1.194 -1.261 -1.676 -1.534 -1.402 -1.233 -1.165 -1.203 -1.487
0.02 0.14251 5.00000 1.8750000000 2.5628192425    1.874  1.524  3.6669  2.806    0  0.000  0.538     0.00     0.00 -1    -1e-30      0.00 6.960e-01 2.840e-01 3.549e-03 9.690e-04 8.801e-03 -1.000 2.000e-02 0.959 -0.537 -1.105 -1.204 -1.257 -1.191 -1.213 -1.280 -1.695 -1.552 -1.421 -1.251 -1.185 -1.222 -1.506
0.02 0.14251 5.00000 1.8774244785 2.5629384518    1.876  1.525  3.6669  2.806    0  0.000  0.538     0.00     0.00 -1    -1e-30      0.00 6.960e-01 2.840e-01 3.549e-03 9.690e-04 8.801e-03 -1.000 2.000e-02 0.957 -0.539 -1.107 -1.207 -1.259 -1.194 -1.215 -1.283 -1.697 -1.555 -1.424 -1.254 -1.187 -1.224 -1.508
0.02 0.14251 5.00000 1.8999999762 2.5640332699    1.899  1.533  3.6673  2.805    0  0.000  0.538     0.00     0.00 -1    -1e-30      0.00 6.960e-01 2.840e-01 3.549e-03 9.690e-04 8.801e-03 -1.000 2.000e-02 0.937 -0.557 -1.124 -1.223 -1.276 -1.211 -1.232 -1.299 -1.714 -1.571 -1.440 -1.271 -1.204 -1.241 -1.525
0.02 0.14251 5.00000 1.9249999523 2.5652110577    1.924  1.540  3.6678  2.805    0  0.000  0.538     0.00     0.00 -1    -1e-30      0.00 6.960e-01 2.840e-01 3.549e-03 9.690e-04 8.801e-03 -1.000 2.000e-02 0.919 -0.574 -1.139 -1.238 -1.290 -1.225 -1.246 -1.314 -1.728 -1.586 -1.454 -1.285 -1.219 -1.255 -1.540
0.02 0.14251 5.00000 1.9477653503 2.5662536621    1.947  1.547  3.6681  2.805    0  0.000  0.538     0.00     0.00 -1    -1e-30      0.00 6.960e-01 2.840e-01 3.549e-03 9.690e-04 8.801e-03 -1.000 2.000e-02 0.901 -0.591 -1.155 -1.254 -1.306 -1.241 -1.262 -1.329 -1.744 -1.601 -1.470 -1.301 -1.234 -1.271 -1.555
0.02 0.14251 5.00000 1.9624520540 2.5669114590    1.962  1.552  3.6684  2.804    0  0.000  0.538     0.00     0.00 -1    -1e-30      0.00 6.960e-01 2.840e-01 3.549e-03 9.690e-04 8.801e-03 -1.000 2.000e-02 0.889 -0.603 -1.166 -1.265 -1.317 -1.252 -1.273 -1.340 -1.754 -1.612 -1.481 -1.311 -1.245 -1.281 -1.566
0.02 0.14251 5.00000 1.9932960272 2.5682566166    1.993  1.561  3.6689  2.804    0  0.000  0.538     0.00     0.00 -1    -1e-30      0.00 6.960e-01 2.840e-01 3.549e-03 9.690e-04 8.801e-03 -1.000 2.000e-02 0.866 -0.624 -1.185 -1.283 -1.335 -1.271 -1.292 -1.358 -1.773 -1.630 -1.499 -1.330 -1.264 -1.300 -1.584
0.02 0.14251 5.00000 2.0388267040 2.5701568127    2.038  1.575  3.6697  2.803    0  0.000  0.538     0.00     0.00 -1    -1e-30      0.00 6.960e-01 2.840e-01 3.549e-03 9.690e-04 8.801e-03 -1.000 2.000e-02 0.834 -0.655 -1.214 -1.311 -1.363 -1.299 -1.319 -1.386 -1.801 -1.658 -1.526 -1.358 -1.292 -1.327 -1.612
0.02 0.14251 5.00000 2.0830671787 2.5719122887    2.082  1.588  3.6703  2.802    0  0.000  0.538     0.00     0.00 -1    -1e-30      0.00 6.960e-01 2.840e-01 3.549e-03 9.690e-04 8.801e-03 -1.000 2.000e-02 0.800 -0.687 -1.243 -1.341 -1.392 -1.328 -1.349 -1.415 -1.830 -1.687 -1.556 -1.387 -1.321 -1.357 -1.641
0.02 0.14251 5.00000 2.0843575001 2.5719621181    2.083  1.589  3.6704  2.802    0  0.000  0.538     0.00     0.00 -1    -1e-30      0.00 6.960e-01 2.840e-01 3.549e-03 9.690e-04 8.801e-03 -1.000 2.000e-02 0.799 -0.687 -1.244 -1.341 -1.393 -1.329 -1.349 -1.416 -1.830 -1.688 -1.556 -1.388 -1.322 -1.357 -1.642
0.02 0.14251 5.00000 2.1298882961 2.5736789703    2.129  1.601  3.6711  2.801    0  0.000  0.538     0.00     0.00 -1    -1e-30      0.00 6.960e-01 2.840e-01 3.549e-03 9.690e-04 8.801e-03 -1.000 2.000e-02 0.766 -0.718 -1.272 -1.369 -1.420 -1.356 -1.377 -1.443 -1.858 -1.715 -1.583 -1.415 -1.349 -1.384 -1.669
0.02 0.14251 5.00000 2.1633660793 2.5748884678    2.162  1.611  3.6716  2.800    0  0.000  0.538     0.00     0.00 -1    -1e-30      0.00 6.960e-01 2.840e-01 3.549e-03 9.690e-04 8.801e-03 -1.000 2.000e-02 0.743 -0.740 -1.293 -1.389 -1.440 -1.377 -1.397 -1.463 -1.878 -1.735 -1.603 -1.435 -1.370 -1.404 -1.689
0.02 0.14251 5.00000 2.1754190922 2.5753133297    2.174  1.614  3.6718  2.800    0  0.000  0.538     0.00     0.00 -1    -1e-30      0.00 6.960e-01 2.840e-01 3.549e-03 9.690e-04 8.801e-03 -1.000 2.000e-02 0.734 -0.748 -1.300 -1.397 -1.448 -1.384 -1.405 -1.470 -1.885 -1.742 -1.611 -1.443 -1.377 -1.412 -1.696
0.02 0.14251 5.00000 2.2209496498 2.5768709183    2.219  1.626  3.6725  2.801    0  0.000  0.538     0.00     0.00 -1    -1e-30      0.00 6.960e-01 2.840e-01 3.549e-03 9.690e-04 8.801e-03 -1.000 2.000e-02 0.706 -0.774 -1.324 -1.420 -1.470 -1.407 -1.427 -1.493 -1.908 -1.765 -1.633 -1.466 -1.400 -1.435 -1.719
0.02 0.14251 5.00000 2.2442615032 2.5776402950    2.243  1.632  3.6728  2.800    0  0.000  0.538     0.00     0.00 -1    -1e-30      0.00 6.960e-01 2.840e-01 3.549e-03 9.690e-04 8.801e-03 -1.000 2.000e-02 0.690 -0.789 -1.338 -1.434 -1.485 -1.421 -1.441 -1.507 -1.922 -1.779 -1.647 -1.480 -1.415 -1.449 -1.733
0.02 0.14251 5.00000 2.2664804459 2.5783567429    2.265  1.637  3.6731  2.800    0  0.000  0.538     0.00     0.00 -1    -1e-30      0.00 6.960e-01 2.840e-01 3.549e-03 9.690e-04 8.801e-03 -1.000 2.000e-02 0.676 -0.802 -1.349 -1.445 -1.496 -1.432 -1.453 -1.518 -1.933 -1.790 -1.658 -1.491 -1.426 -1.459 -1.744
0.02 0.14251 5.00000 2.3298976421 2.5803153515    2.328  1.604  3.6768  2.861    0  0.000  0.538     0.00     0.00 -1    -1e-30      0.00 6.960e-01 2.840e-01 3.549e-03 9.690e-04 8.801e-03 -1.000 2.000e-02 0.761 -0.706 -1.242 -1.335 -1.384 -1.323 -1.342 -1.406 -1.820 -1.677 -1.545 -1.380 -1.316 -1.347 -1.631
0.02 0.14251 5.00000 2.3575420380 2.5811312199    2.356  1.590  3.6783  2.885    0  0.000  0.538     0.00     0.00 -1    -1e-30      0.00 6.960e-01 2.840e-01 3.549e-03 9.691e-04 8.802e-03 -1.000 2.000e-02 0.794 -0.668 -1.200 -1.292 -1.340 -1.279 -1.299 -1.361 -1.775 -1.632 -1.500 -1.336 -1.273 -1.303 -1.587
0.02 0.14251 5.00000 2.3597974777 2.5811967850    2.358  1.590  3.6784  2.886    0  0.000  0.538     0.00     0.00 -1    -1e-30      0.00 6.960e-01 2.840e-01 3.549e-03 9.691e-04 8.802e-03 -1.000 2.000e-02 0.794 -0.668 -1.199 -1.291 -1.339 -1.278 -1.298 -1.360 -1.775 -1.631 -1.499 -1.335 -1.272 -1.302 -1.586
0.02 0.14251 5.00000 2.5339446068 2.5858595371    2.532  1.588  3.6832  2.938    0  0.000  0.538     0.00     0.00 -1    -1e-30      0.00 6.960e-01 2.840e-01 3.549e-03 9.691e-04 8.802e-03 -1.000 2.000e-02 0.799 -0.648 -1.165 -1.254 -1.300 -1.241 -1.260 -1.320 -1.734 -1.590 -1.458 -1.296 -1.235 -1.261 -1.545
0.02 0.14251 5.00000 2.5396647453 2.5860002041    2.538  1.589  3.6833  2.939    0  0.000  0.538     0.00     0.00 -1    -1e-30      0.00 6.960e-01 2.840e-01 3.549e-03 9.691e-04 8.802e-03 -1.000 2.000e-02 0.799 -0.648 -1.165 -1.254 -1.300 -1.241 -1.260 -1.320 -1.734 -1.590 -1.458 -1.296 -1.235 -1.261 -1.545
0.02 0.14251 5.00000 2.7065827847 2.5898075104    2.705  1.629  3.6852  2.934    0  0.000  0.538     0.00     0.00 -1    -1e-30      0.00 6.960e-01 2.840e-01 3.549e-03 9.691e-04 8.802e-03 -1.000 2.000e-02 0.697 -0.743 -1.254 -1.342 -1.387 -1.329 -1.347 -1.407 -1.821 -1.677 -1.545 -1.383 -1.323 -1.348 -1.632
0.02 0.14251 5.00000 2.7217876911 2.5901277065    2.720  1.632  3.6854  2.934    0  0.000  0.538     0.00     0.00 -1    -1e-30      0.00 6.960e-01 2.840e-01 3.549e-03 9.691e-04 8.802e-03 -1.000 2.000e-02 0.689 -0.751 -1.261 -1.349 -1.395 -1.336 -1.355 -1.414 -1.828 -1.684 -1.552 -1.390 -1.330 -1.356 -1.639
0.02 0.14251 5.00000 2.7779960632 2.5912766457    2.777  1.645  3.6860  2.933    0  0.000  0.538     0.00     0.00 -1    -1e-30      0.00 6.960e-01 2.840e-01 3.549e-03 9.691e-04 8.802e-03 -1.000 2.000e-02 0.658 -0.780 -1.288 -1.375 -1.421 -1.363 -1.381 -1.440 -1.854 -1.710 -1.578 -1.417 -1.357 -1.382 -1.665
0.02 0.14251 5.00000 2.9039103985 2.5936655998    2.902  1.673  3.6873  2.929    0  0.000  0.538     0.00     0.00 -1    -1e-30      0.00 6.960e-01 2.840e-01 3.549e-03 9.691e-04 8.802e-03 -1.000 2.000e-02 0.587 -0.847 -1.352 -1.438 -1.483 -1.426 -1.443 -1.502 -1.916 -1.772 -1.640 -1.479 -1.419 -1.444 -1.727
0.02 0.14251 5.00000 3.0526542664 2.5961976051    3.051  1.704  3.6888  2.926    0  0.000  0.538     0.00     0.00 -1    -1e-30      0.00 6.960e-01 2.840e-01 3.549e-03 9.691e-04 8.802e-03 -1.000 2.000e-02 0.511 -0.919 -1.418 -1.504 -1.548 -1.491 -1.509 -1.568 -1.981 -1.837 -1.705 -1.544 -1.485 -1.509 -1.792
0.02 0.14251 5.00000 3.0860338211 2.5967276096    3.084  1.711  3.6891  2.925    0  0.000  0.538     0.00     0.00 -1    -1e-30      0.00 6.960e-01 2.840e-01 3.549e-03 9.691e-04 8.802e-03 -1.000 2.000e-02 0.494 -0.935 -1.434 -1.519 -1.564 -1.507 -1.525 -1.583 -1.997 -1.852 -1.720 -1.560 -1.501 -1.524 -1.808
0.02 0.14251 5.00000 3.1888096333 2.5982789993    3.187  1.730  3.6900  2.924    0  0.000  0.538     0.00     0.00 -1    -1e-30      0.00 6.960e-01 2.840e-01 3.549e-03 9.691e-04 8.802e-03 -1.000 2.000e-02 0.446 -0.980 -1.476 -1.560 -1.605 -1.548 -1.566 -1.624 -2.037 -1.893 -1.761 -1.601 -1.542 -1.565 -1.848
0.02 0.14251 5.00000 3.2681567669 2.5994002819    3.266  1.746  3.6907  2.921    0  0.000  0.538     0.00     0.00 -1    -1e-30      0.00 6.960e-01 2.840e-01 3.549e-03 9.691e-04 8.802e-03 -1.000 2.000e-02 0.405 -1.019 -1.513 -1.597 -1.641 -1.585 -1.602 -1.660 -2.073 -1.929 -1.797 -1.637 -1.579 -1.601 -1.885
0.02 0.14251 5.00000 3.3870437145 2.6009678841    3.384  1.769  3.6917  2.918    0  0.000  0.538     0.00     0.00 -1    -1e-30      0.00 6.960e-01 2.840e-01 3.549e-03 9.691e-04 8.802e-03 -1.000 2.000e-02 0.349 -1.072 -1.562 -1.646 -1.690 -1.634 -1.651 -1.709 -2.122 -1.978 -1.846 -1.686 -1.628 -1.650 -1.933
0.02 0.14251 5.00000 3.4502787590 2.6017513275    3.447  1.782  3.6922  2.915    0  0.000  0.538     0.00     0.00 -1    -1e-30      0.00 6.960e-01 2.840e-01 3.549e-03 9.691e-04 8.802e-03 -1.000 2.000e-02 0.316 -1.103 -1.592 -1.675 -1.719 -1.663 -1.681 -1.738 -2.151 -2.007 -1.875 -1.715 -1.657 -1.679 -1.963
0.02 0.14251 5.00000 3.6324019432 2.6038331985    3.629  1.815  3.6936  2.909    0  0.000  0.538     0.00     0.00 -1    -1e-30      0.00 6.960e-01 2.840e-01 3.549e-03 9.691e-04 8.802e-03 -1.000 2.000e-02 0.233 -1.181 -1.666 -1.749 -1.792 -1.737 -1.754 -1.810 -2.224 -2.080 -1.947 -1.788 -1.731 -1.752 -2.035
0.02 0.14251 5.00000 3.7083957195 2.6046328545    3.706  1.827  3.6942  2.909    0  0.000  0.538     0.00     0.00 -1    -1e-30      0.00 6.960e-01 2.840e-01 3.549e-03 9.691e-04 8.802e-03 -1.000 2.000e-02 0.202 -1.209 -1.693 -1.775 -1.818 -1.763 -1.780 -1.836 -2.250 -2.106 -1.973 -1.814 -1.757 -1.777 -2.061
0.02 0.14251 5.00000 3.8145248890 2.6056883335    3.812  1.846  3.6950  2.905    0  0.000  0.538     0.00     0.00 -1    -1e-30      0.00 6.960e-01 2.840e-01 3.549e-03 9.691e-04 8.802e-03 -1.000 2.000e-02 0.155 -1.255 -1.735 -1.817 -1.860 -1.805 -1.822 -1.878 -2.292 -2.148 -2.015 -1.856 -1.800 -1.819 -2.103
0.02 0.14251 5.00000 3.9104108810 2.6065855026    3.910  1.863  3.6957  2.903    0  0.000  0.538     0.00     0.00 -1    -1e-30      0.00 6.960e-01 2.840e-01 3.549e-03 9.691e-04 8.802e-03 -1.000 2.000e-02 0.114 -1.293 -1.772 -1.853 -1.896 -1.841 -1.858 -1.914 -2.328 -2.183 -2.051 -1.892 -1.836 -1.855 -2.139
0.02 0.14251 5.00000 3.9966478348 2.6073503494    3.997  1.879  3.6962  2.898    0  0.000  0.538     0.00     0.00 -1    -1e-30      0.00 6.960e-01 2.840e-01 3.549e-03 9.691e-04 8.802e-03 -1.000 2.000e-02 0.073 -1.333 -1.810 -1.891 -1.933 -1.879 -1.896 -1.951 -2.365 -2.221 -2.088 -1.929 -1.873 -1.893 -2.176
0.02 0.14251 5.00000 4.1270794868 2.6084372997    4.125  1.901  3.6972  2.893    0  0.000  0.538     0.00     0.00 -1    -1e-30      0.00 6.960e-01 2.840e-01 3.549e-03 9.691e-04 8.802e-03 -1.000 2.000e-02 0.017 -1.385 -1.859 -1.940 -1.982 -1.928 -1.945 -2.000 -2.414 -2.269 -2.137 -1.978 -1.922 -1.941 -2.225
0.02 0.14251 5.00000 4.1787710190 2.6088466644    4.177  1.910  3.6976  2.891    0  0.000  0.538     0.00     0.00 -1    -1e-30      0.00 6.960e-01 2.840e-01 3.549e-03 9.691e-04 8.802e-03 -1.000 2.000e-02 -0.006 -1.406 -1.880 -1.960 -2.002 -1.948 -1.965 -2.020 -2.434 -2.290 -2.157 -1.998 -1.943 -1.961 -2.245
0.02 0.14251 5.00000 4.2104296684 2.6090917587    4.208  1.915  3.6978  2.890    0  0.000  0.538     0.00     0.00 -1    -1e-30      0.00 6.960e-01 2.840e-01 3.549e-03 9.691e-04 8.802e-03 -1.000 2.000e-02 -0.019 -1.419 -1.891 -1.971 -2.013 -1.960 -1.976 -2.032 -2.445 -2.301 -2.169 -2.010 -1.954 -1.973 -2.256
0.02 0.14251 5.00000 4.3608937263 2.6102004051    4.358  1.942  3.6987  2.882    0  0.000  0.538     0.00     0.00 -1    -1e-30      0.00 6.960e-01 2.840e-01 3.549e-03 9.691e-04 8.802e-03 -1.000 2.000e-02 -0.086 -1.483 -1.952 -2.032 -2.074 -2.021 -2.037 -2.092 -2.506 -2.361 -2.229 -2.070 -2.015 -2.033 -2.317
0.02 0.14251 5.00000 4.4147171974 2.6105759144    4.411  1.951  3.6992  2.880    0  0.000  0.538     0.00     0.00 -1    -1e-30      0.00 6.960e-01 2.840e-01 3.549e-03 9.691e-04 8.802e-03 -1.000 2.000e-02 -0.107 -1.503 -1.971 -2.050 -2.092 -2.039 -2.055 -2.110 -2.524 -2.379 -2.247 -2.088 -2.033 -2.051 -2.335
0.02 0.14251 5.00000 4.5430164337 2.6114299297    4.539  1.975  3.6999  2.872    0  0.000  0.538     0.00     0.00 -1    -1e-30      0.00 6.960e-01 2.840e-01 3.549e-03 9.691e-04 8.802e-03 -1.000 2.000e-02 -0.168 -1.561 -2.027 -2.106 -2.147 -2.094 -2.111 -2.165 -2.579 -2.435 -2.302 -2.143 -2.089 -2.106 -2.390
0.02 0.14251 5.00000 4.6120862961 2.6118671894    4.609  1.987  3.7004  2.868    0  0.000  0.538     0.00     0.00 -1    -1e-30      0.00 6.960e-01 2.840e-01 3.549e-03 9.691e-04 8.802e-03 -1.000 2.000e-02 -0.198 -1.589 -2.053 -2.132 -2.173 -2.121 -2.137 -2.191 -2.605 -2.461 -2.328 -2.170 -2.115 -2.132 -2.416
0.02 0.14251 5.00000 4.7251396179 2.6125512123    4.722  2.010  3.7011  2.858    0  0.000  0.538     0.00     0.00 -1    -1e-30      0.00 6.960e-01 2.840e-01 3.549e-03 9.691e-04 8.802e-03 -1.000 2.000e-02 -0.256 -1.645 -2.107 -2.186 -2.227 -2.174 -2.191 -2.245 -2.658 -2.514 -2.382 -2.223 -2.169 -2.186 -2.469
0.02 0.14251 5.00000 4.8623847961 2.6133325100    4.860  2.036  3.7021  2.849    0  0.000  0.538     0.00     0.00 -1    -1e-30      0.00 6.960e-01 2.840e-01 3.549e-03 9.691e-04 8.802e-03 -1.000 2.000e-02 -0.320 -1.705 -2.165 -2.243 -2.283 -2.232 -2.248 -2.301 -2.715 -2.571 -2.439 -2.280 -2.226 -2.242 -2.526
0.02 0.14251 5.00000 4.9072623253 2.6135771275    4.905  2.046  3.7024  2.844    0  0.000  0.538     0.00     0.00 -1    -1e-30      0.00 6.960e-01 2.840e-01 3.549e-03 9.691e-04 8.802e-03 -1.000 2.000e-02 -0.344 -1.729 -2.187 -2.265 -2.306 -2.254 -2.270 -2.324 -2.738 -2.593 -2.461 -2.302 -2.249 -2.265 -2.549
0.02 0.14251 5.00000 5.0595378876 2.6143701077    5.058  2.076  3.7035  2.832    0  0.000  0.538     0.00     0.00 -1    -1e-30      0.00 6.960e-01 2.840e-01 3.549e-03 9.691e-04 8.802e-03 -1.000 2.000e-02 -0.420 -1.801 -2.256 -2.333 -2.374 -2.323 -2.338 -2.391 -2.805 -2.661 -2.529 -2.370 -2.317 -2.333 -2.616
0.02 0.14251 5.00000 5.0893855095 2.6145193577    5.088  2.084  3.7038  2.828    0  0.000  0.538     0.00     0.00 -1    -1e-30      0.00 6.960e-01 2.840e-01 3.549e-03 9.691e-04 8.802e-03 -1.000 2.000e-02 -0.439 -1.818 -2.273 -2.350 -2.390 -2.340 -2.355 -2.408 -2.822 -2.678 -2.546 -2.387 -2.334 -2.349 -2.633
0.02 0.14251 5.00000 5.2715082169 2.6153869629    5.271  2.126  3.7052  2.806    0  0.000  0.538     0.00     0.00 -1    -1e-30      0.00 6.960e-01 2.840e-01 3.549e-03 9.691e-04 8.802e-03 -1.000 2.000e-02 -0.546 -1.921 -2.371 -2.447 -2.487 -2.437 -2.452 -2.505 -2.919 -2.775 -2.643 -2.484 -2.431 -2.446 -2.730
0.02 0.14251 5.00000 5.4536314011 2.6161880493    5.453  2.170  3.7070  2.785    0  0.000  0.538     0.00     0.00 -1    -1e-30      0.00 6.960e-01 2.840e-01 3.549e-03 9.691e-04 8.802e-03 -1.000 2.000e-02 -0.654 -2.022 -2.467 -2.543 -2.582 -2.533 -2.548 -2.600 -3.014 -2.870 -2.738 -2.579 -2.528 -2.541 -2.825
0.02 0.14251 5.00000 5.6183509827 2.6168615818    5.619  2.211  3.7088  2.764    0  0.000  0.538     0.00     0.00 -1    -1e-30      0.00 6.960e-01 2.840e-01 3.549e-03 9.691e-04 8.802e-03 -1.000 2.000e-02 -0.756 -2.118 -2.558 -2.633 -2.672 -2.623 -2.638 -2.689 -3.103 -2.959 -2.827 -2.668 -2.618 -2.630 -2.914
0.02 0.14251 5.00000 5.6357536316 2.6169302464    5.636  2.217  3.7090  2.760    0  0.000  0.538     0.00     0.00 -1    -1e-30      0.00 6.960e-01 2.840e-01 3.549e-03 9.691e-04 8.802e-03 -1.000 2.000e-02 -0.773 -2.134 -2.573 -2.647 -2.686 -2.637 -2.653 -2.704 -3.118 -2.974 -2.842 -2.683 -2.632 -2.645 -2.929
0.02 0.14251 5.00000 5.8178768158 2.6176190376    5.818  2.285  3.7117  2.717    0  0.000  0.538     0.00     0.00 -1    -1e-30      0.00 6.960e-01 2.840e-01 3.549e-03 9.691e-04 8.802e-03 -1.000 2.000e-02 -0.942 -2.293 -2.724 -2.798 -2.836 -2.788 -2.803 -2.853 -3.267 -3.123 -2.992 -2.833 -2.783 -2.794 -3.078
0.02 0.14251 5.00000 5.8960223198 2.6178996563    5.896  2.315  3.7130  2.698    0  0.000  0.538     0.00     0.00 -1    -1e-30      0.00 6.960e-01 2.840e-01 3.549e-03 9.691e-04 8.802e-03 -1.000 2.000e-02 -1.017 -2.364 -2.791 -2.864 -2.901 -2.855 -2.870 -2.919 -3.333 -3.189 -3.058 -2.898 -2.850 -2.860 -3.144
0.02 0.14251 5.00000 6.0000000000 2.6182601452    6.000  2.356  3.7149  2.671    0  0.000  0.538     0.00     0.00 -1    -1e-30      0.00 6.960e-01 2.840e-01 3.549e-03 9.691e-04 8.802e-03 -1.000 2.000e-02 -1.121 -2.461 -2.883 -2.954 -2.992 -2.946 -2.961 -3.009 -3.423 -3.279 -3.148 -2.989 -2.941 -2.950 -3.234
0.02 0.14251 5.00000 6.0824923515 2.6185359955    6.083  2.394  3.7167  2.647    0  0.000  0.538     0.00     0.00 -1    -1e-30      0.00 6.960e-01 2.840e-01 3.549e-03 9.691e-04 8.802e-03 -1.000 2.000e-02 -1.214 -2.548 -2.964 -3.035 -3.072 -3.027 -3.042 -3.089 -3.503 -3.360 -3.228 -3.069 -3.022 -3.030 -3.314
0.02 0.14251 5.00000 6.1999998093 2.6189143658    6.200  2.451  3.7200  2.611    0  0.000  0.538     0.00     0.00 -1    -1e-30      0.00 6.960e-01 2.840e-01 3.549e-03 9.691e-04 8.802e-03 -1.000 2.000e-02 -1.358 -2.679 -3.086 -3.155 -3.190 -3.147 -3.162 -3.207 -3.621 -3.478 -3.347 -3.188 -3.143 -3.148 -3.433
0.02 0.14251 5.00000 6.2399764061 2.6190392971    6.240  2.470  3.7212  2.600    0  0.000  0.538     0.00     0.00 -1    -1e-30      0.00 6.960e-01 2.840e-01 3.549e-03 9.691e-04 8.802e-03 -1.000 2.000e-02 -1.406 -2.723 -3.126 -3.195 -3.230 -3.188 -3.202 -3.247 -3.661 -3.518 -3.386 -3.227 -3.183 -3.188 -3.472
0.02 0.14251 5.00000 6.4000000954 2.6195218563    6.399  2.539  3.7273  2.566    0  0.000  0.538     0.00     0.00 -1    -1e-30      0.00 6.960e-01 2.840e-01 3.549e-03 9.691e-04 8.802e-03 -1.000 2.000e-02 -1.579 -2.872 -3.258 -3.324 -3.357 -3.319 -3.332 -3.373 -3.787 -3.644 -3.513 -3.355 -3.315 -3.314 -3.598
0.02 0.14251 5.00000 6.4574751854 2.6196882725    6.456  2.564  3.7297  2.555    0  0.000  0.538     0.00     0.00 -1    -1e-30      0.00 6.960e-01 2.840e-01 3.549e-03 9.691e-04 8.802e-03 -1.000 2.000e-02 -1.640 -2.924 -3.304 -3.368 -3.401 -3.364 -3.377 -3.417 -3.831 -3.688 -3.557 -3.398 -3.360 -3.358 -3.642
0.02 0.14251 5.00000 6.6599154472 2.6202487946    6.657  2.636  3.7402  2.538    0  0.000  0.538     0.00     0.00 -1    -1e-30      0.00 6.960e-01 2.840e-01 3.549e-03 9.691e-04 8.802e-03 -1.000 2.000e-02 -1.820 -3.062 -3.413 -3.473 -3.503 -3.473 -3.486 -3.519 -3.932 -3.789 -3.658 -3.501 -3.470 -3.459 -3.743
0.02 0.14251 5.00000 6.8503441811 2.6207413673    6.847  2.695  3.7542  2.547    0  0.000  0.538     0.00     0.00 -1    -1e-30      0.00 6.960e-01 2.840e-01 3.549e-03 9.691e-04 8.802e-03 -1.000 2.000e-02 -1.967 -3.150 -3.462 -3.516 -3.542 -3.519 -3.531 -3.556 -3.985 -3.807 -3.690 -3.541 -3.517 -3.586 -3.797
0.02 0.14251 5.00000 7.0000000000 2.6211071014    6.996  2.738  3.7690  2.573    0  0.000  0.538     0.00     0.00 -1    -1e-30      0.00 6.960e-01 2.840e-01 3.549e-03 9.691e-04 8.802e-03 -1.000 2.000e-02 -2.075 -3.191 -3.464 -3.513 -3.536 -3.521 -3.531 -3.548 -3.994 -3.778 -3.676 -3.534 -3.520 -3.674 -3.808
0.02 0.14251 5.00000 7.0524382591 2.6212308407    7.049  2.753  3.7750  2.585    0  0.000  0.538     0.00     0.00 -1    -1e-30      0.00 6.960e-01 2.840e-01 3.549e-03 9.691e-04 8.802e-03 -1.000 2.000e-02 -2.112 -3.198 -3.456 -3.503 -3.524 -3.512 -3.521 -3.536 -3.988 -3.757 -3.661 -3.523 -3.511 -3.700 -3.802
0.02 0.14251 5.00000 7.1673774719 2.6214952469    7.164  2.786  3.7890  2.616    0  0.000  0.538     0.00     0.00 -1    -1e-30      0.00 6.960e-01 2.840e-01 3.549e-03 9.691e-04 8.802e-03 -1.000 2.000e-02 -2.194 -3.210 -3.434 -3.477 -3.495 -3.491 -3.497 -3.506 -3.974 -3.707 -3.625 -3.494 -3.490 -3.761 -3.790
0.02 0.14251 5.00000 7.2837438583 2.6217529774    7.281  2.820  3.8038  2.648    0  0.000  0.538     0.00     0.00 -1    -1e-30      0.00 6.960e-01 2.840e-01 3.549e-03 9.691e-04 8.802e-03 -1.000 2.000e-02 -2.279 -3.218 -3.409 -3.447 -3.464 -3.465 -3.469 -3.475 -3.960 -3.653 -3.587 -3.463 -3.465 -3.825 -3.777
0.02 0.14251 5.00000 7.4002361298 2.6220018864    7.398  2.856  3.8191  2.680    0  0.000  0.538     0.00     0.00 -1    -1e-30      0.00 6.960e-01 2.840e-01 3.549e-03 9.691e-04 8.802e-03 -1.000 2.000e-02 -2.369 -3.226 -3.386 -3.420 -3.435 -3.440 -3.443 -3.446 -3.940 -3.609 -3.552 -3.435 -3.440 -3.855 -3.758
0.02 0.14251 5.00000 7.5154561996 2.6222391129    7.514  2.893  3.8347  2.711    0  0.000  0.538     0.00     0.00 -1    -1e-30      0.00 6.960e-01 2.840e-01 3.549e-03 9.691e-04 8.802e-03 -1.000 2.000e-02 -2.464 -3.237 -3.365 -3.397 -3.411 -3.418 -3.420 -3.421 -3.915 -3.583 -3.524 -3.411 -3.418 -3.831 -3.733
0.02 0.14251 5.00000 7.6282148361 2.6224634647    7.627  2.933  3.8504  2.741    0  0.000  0.538     0.00     0.00 -1    -1e-30      0.00 6.960e-01 2.840e-01 3.549e-03 9.691e-04 8.802e-03 -1.000 2.000e-02 -2.562 -3.247 -3.346 -3.375 -3.389 -3.395 -3.397 -3.399 -3.891 -3.557 -3.498 -3.388 -3.395 -3.808 -3.709
0.02 0.14251 5.00000 7.7377686501 2.6226742268    7.737  2.973  3.8661  2.770    0  0.000  0.538     0.00     0.00 -1    -1e-30      0.00 6.960e-01 2.840e-01 3.549e-03 9.691e-04 8.802e-03 -1.000 2.000e-02 -2.663 -3.256 -3.328 -3.355 -3.368 -3.374 -3.376 -3.378 -3.869 -3.534 -3.474 -3.368 -3.375 -3.787 -3.687
0.02 0.14251 5.00000 7.8436264992 2.6228713989    7.844  3.015  3.8820  2.798    0  0.000  0.538     0.00     0.00 -1    -1e-30      0.00 6.960e-01 2.840e-01 3.549e-03 9.691e-04 8.802e-03 -1.000 2.000e-02 -2.767 -3.264 -3.313 -3.337 -3.349 -3.356 -3.357 -3.358 -3.849 -3.512 -3.451 -3.349 -3.356 -3.768 -3.667
0.02 0.14251 5.00000 7.9456191063 2.6230556965    7.947  3.057  3.8978  2.824    0  0.000  0.538     0.00     0.00 -1    -1e-30      0.00 6.960e-01 2.840e-01 3.549e-03 9.691e-04 8.802e-03 -1.000 2.000e-02 -2.873 -3.273 -3.302 -3.323 -3.333 -3.339 -3.340 -3.341 -3.831 -3.493 -3.431 -3.333 -3.340 -3.750 -3.649
0.02 0.14251 5.00000 8.0000000000 2.6231517792    8.001  3.081  3.9064  2.838    0  0.000  0.538     0.00     0.00 -1    -1e-30      0.00 6.960e-01 2.840e-01 3.549e-03 9.691e-04 8.802e-03 -1.000 2.000e-02 -2.932 -3.278 -3.297 -3.316 -3.325 -3.331 -3.332 -3.333 -3.822 -3.483 -3.421 -3.326 -3.331 -3.742 -3.640
0.02 0.14251 5.00000 8.0901174545 2.6233077049    8.090  3.120  3.9209  2.861    0  0.000  0.538     0.00     0.00 -1    -1e-30      0.00 6.960e-01 2.840e-01 3.549e-03 9.691e-04 8.802e-03 -1.000 2.000e-02 -3.030 -3.287 -3.291 -3.307 -3.314 -3.320 -3.320 -3.320 -3.808 -3.468 -3.406 -3.315 -3.320 -3.729 -3.626
0.02 0.14251 5.00000 8.1815929413 2.6234619617    8.181  3.162  3.9360  2.885    0  0.000  0.538     0.00     0.00 -1    -1e-30      0.00 6.960e-01 2.840e-01 3.549e-03 9.691e-04 8.802e-03 -1.000 2.000e-02 -3.134 -3.294 -3.287 -3.299 -3.304 -3.309 -3.308 -3.308 -3.795 -3.455 -3.392 -3.304 -3.309 -3.717 -3.613
0.02 0.14251 5.00000 8.2698764801 2.6236071587    8.269  3.203  3.9511  2.909    0  0.000  0.538     0.00     0.00 -1    -1e-30      0.00 6.960e-01 2.840e-01 3.549e-03 9.691e-04 8.802e-03 -1.000 2.000e-02 -3.238 -3.299 -3.283 -3.290 -3.293 -3.297 -3.296 -3.296 -3.782 -3.441 -3.377 -3.294 -3.297 -3.704 -3.600
0.02 0.14251 5.00000 8.3340559006 2.6237103939    8.333  3.234  3.9623  2.926    0  0.000  0.538     0.00     0.00 -1    -1e-30      0.00 6.960e-01 2.840e-01 3.549e-03 9.691e-04 8.802e-03 -1.000 2.000e-02 -3.315 -3.302 -3.280 -3.284 -3.284 -3.287 -3.286 -3.285 -3.771 -3.429 -3.364 -3.285 -3.287 -3.693 -3.588
0.02 0.14251 5.00000 8.3965568542 2.6238093376    8.395  3.265  3.9736  2.944    0  0.000  0.538     0.00     0.00 -1    -1e-30      0.00 6.960e-01 2.840e-01 3.549e-03 9.691e-04 8.802e-03 -1.000 2.000e-02 -3.392 -3.304 -3.277 -3.277 -3.275 -3.277 -3.275 -3.273 -3.758 -3.415 -3.350 -3.276 -3.277 -3.681 -3.576
0.02 0.14251 5.00000 8.4574365616 2.6239039898    8.455  3.295  3.9849  2.961    0  0.000  0.538     0.00     0.00 -1    -1e-30      0.00 6.960e-01 2.840e-01 3.549e-03 9.691e-04 8.802e-03 -1.000 2.000e-02 -3.468 -3.306 -3.274 -3.271 -3.265 -3.266 -3.264 -3.261 -3.744 -3.400 -3.335 -3.267 -3.266 -3.669 -3.562
0.02 0.14251 5.00000 8.5167436600 2.6239945889    8.514  3.325  3.9961  2.979    0  0.000  0.538     0.00     0.00 -1    -1e-30      0.00 6.960e-01 2.840e-01 3.549e-03 9.691e-04 8.802e-03 -1.000 2.000e-02 -3.544 -3.307 -3.271 -3.264 -3.255 -3.256 -3.252 -3.249 -3.731 -3.385 -3.320 -3.257 -3.255 -3.656 -3.549
0.02 0.14251 5.00000 8.5745410919 2.6240818501    8.571  3.355  4.0073  2.997    0  0.000  0.538     0.00     0.00 -1    -1e-30      0.00 6.960e-01 2.840e-01 3.549e-03 9.691e-04 8.802e-03 -1.000 2.000e-02 -3.618 -3.308 -3.267 -3.258 -3.246 -3.245 -3.241 -3.237 -3.717 -3.370 -3.305 -3.248 -3.244 -3.643 -3.535
0.02 0.14251 5.00000 8.6309442520 2.6241652966    8.627  3.384  4.0185  3.015    0  0.000  0.538     0.00     0.00 -1    -1e-30      0.00 6.960e-01 2.840e-01 3.549e-03 9.691e-04 8.802e-03 -1.000 2.000e-02 -3.691 -3.307 -3.263 -3.251 -3.236 -3.234 -3.229 -3.224 -3.702 -3.355 -3.289 -3.238 -3.233 -3.630 -3.520
0.02 0.14251 5.00000 8.6860427856 2.6242458820    8.682  3.413  4.0296  3.034    0  0.000  0.538     0.00     0.00 -1    -1e-30      0.00 6.960e-01 2.840e-01 3.549e-03 9.691e-04 8.802e-03 -1.000 2.000e-02 -3.763 -3.306 -3.258 -3.243 -3.225 -3.223 -3.217 -3.212 -3.688 -3.339 -3.272 -3.228 -3.222 -3.617 -3.506
0.02 0.14251 5.00000 8.7399425507 2.6243236065    8.735  3.441  4.0407  3.053    0  0.000  0.538     0.00     0.00 -1    -1e-30      0.00 6.960e-01 2.840e-01 3.549e-03 9.691e-04 8.802e-03 -1.000 2.000e-02 -3.834 -3.303 -3.252 -3.235 -3.214 -3.211 -3.205 -3.198 -3.672 -3.322 -3.255 -3.217 -3.210 -3.603 -3.490
0.02 0.14251 5.00000 8.7929201126 2.6243987083    8.788  3.469  4.0517  3.072    0  0.000  0.538     0.00     0.00 -1    -1e-30      0.00 6.960e-01 2.840e-01 3.549e-03 9.691e-04 8.802e-03 -1.000 2.000e-02 -3.903 -3.299 -3.244 -3.225 -3.202 -3.198 -3.191 -3.184 -3.656 -3.305 -3.236 -3.205 -3.197 -3.588 -3.474
0.02 0.14251 5.00000 8.8451509476 2.6244719028    8.840  3.496  4.0628  3.091    0  0.000  0.538     0.00     0.00 -1    -1e-30      0.00 6.960e-01 2.840e-01 3.549e-03 9.691e-04 8.802e-03 -1.000 2.000e-02 -3.970 -3.293 -3.235 -3.213 -3.189 -3.183 -3.176 -3.168 -3.639 -3.286 -3.217 -3.192 -3.182 -3.572 -3.457
0.02 0.14251 5.00000 8.8962421417 2.6245424747    8.891  3.522  4.0737  3.111    0  0.000  0.538     0.00     0.00 -1    -1e-30      0.00 6.960e-01 2.840e-01 3.549e-03 9.691e-04 8.802e-03 -1.000 2.000e-02 -4.036 -3.285 -3.224 -3.201 -3.174 -3.168 -3.160 -3.151 -3.621 -3.267 -3.197 -3.177 -3.167 -3.555 -3.439
0.02 0.14251 5.00000 8.9463148117 2.6246109009    8.940  3.548  4.0845  3.131    0  0.000  0.538     0.00     0.00 -1    -1e-30      0.00 6.960e-01 2.840e-01 3.549e-03 9.691e-04 8.802e-03 -1.000 2.000e-02 -4.100 -3.275 -3.212 -3.186 -3.158 -3.151 -3.143 -3.133 -3.601 -3.246 -3.176 -3.161 -3.150 -3.536 -3.419
0.02 0.14251 5.00000 9.0000000000 2.6246831417    8.995  3.575  4.0962  3.154    0  0.000  0.538     0.00     0.00 -1    -1e-30      0.00 6.960e-01 2.840e-01 3.549e-03 9.691e-04 8.802e-03 -1.000 2.000e-02 -4.168 -3.263 -3.196 -3.169 -3.138 -3.131 -3.122 -3.112 -3.578 -3.222 -3.152 -3.141 -3.129 -3.514 -3.396
0.02 0.14251 5.00000 9.0049028397 2.6246895790    9.000  3.578  4.0973  3.156    0  0.000  0.538     0.00     0.00 -1    -1e-30      0.00 6.960e-01 2.840e-01 3.549e-03 9.691e-04 8.802e-03 -1.000 2.000e-02 -4.174 -3.262 -3.194 -3.167 -3.136 -3.129 -3.120 -3.110 -3.576 -3.220 -3.150 -3.140 -3.127 -3.512 -3.394
0.02 0.14251 5.00000 9.0703020096 2.6247763634    9.065  3.609  4.1113  3.183    0  0.000  0.538     0.00     0.00 -1    -1e-30      0.00 6.960e-01 2.840e-01 3.549e-03 9.691e-04 8.802e-03 -1.000 2.000e-02 -4.253 -3.243 -3.172 -3.143 -3.109 -3.101 -3.092 -3.081 -3.546 -3.188 -3.117 -3.113 -3.100 -3.483 -3.364
0.02 0.14251 5.00000 9.1345319748 2.6248598099    9.130  3.639  4.1251  3.212    0  0.000  0.538     0.00     0.00 -1    -1e-30      0.00 6.960e-01 2.840e-01 3.549e-03 9.691e-04 8.802e-03 -1.000 2.000e-02 -4.328 -3.221 -3.147 -3.115 -3.080 -3.070 -3.060 -3.049 -3.512 -3.154 -3.082 -3.083 -3.069 -3.450 -3.330
0.02 0.14251 5.00000 9.1977329254 2.6249408722    9.193  3.668  4.1389  3.241    0  0.000  0.538     0.00     0.00 -1    -1e-30      0.00 6.960e-01 2.840e-01 3.549e-03 9.691e-04 8.802e-03 -1.000 2.000e-02 -4.400 -3.197 -3.119 -3.085 -3.047 -3.037 -3.026 -3.014 -3.476 -3.117 -3.045 -3.051 -3.036 -3.415 -3.294
0.02 0.14251 5.00000 9.2600603104 2.6250195503    9.255  3.696  4.1525  3.270    0  0.000  0.538     0.00     0.00 -1    -1e-30      0.00 6.960e-01 2.840e-01 3.549e-03 9.691e-04 8.802e-03 -1.000 2.000e-02 -4.470 -3.170 -3.089 -3.053 -3.013 -3.002 -2.990 -2.977 -3.437 -3.078 -3.005 -3.017 -3.000 -3.377 -3.255
0.02 0.14251 5.00000 9.3216295242 2.6250960827    9.317  3.722  4.1659  3.301    0  0.000  0.538     0.00     0.00 -1    -1e-30      0.00 6.960e-01 2.840e-01 3.549e-03 9.691e-04 8.802e-03 -1.000 2.000e-02 -4.536 -3.140 -3.056 -3.018 -2.975 -2.964 -2.951 -2.938 -3.396 -3.036 -2.964 -2.980 -2.962 -3.337 -3.214
0.02 0.14251 5.00000 9.3826141357 2.6251707077    9.378  3.747  4.1793  3.332    0  0.000  0.538     0.00     0.00 -1    -1e-30      0.00 6.960e-01 2.840e-01 3.549e-03 9.691e-04 8.802e-03 -1.000 2.000e-02 -4.599 -3.108 -3.021 -2.981 -2.936 -2.923 -2.910 -2.896 -3.353 -2.993 -2.921 -2.940 -2.922 -3.295 -3.171
0.02 0.14251 5.00000 9.4432926178 2.6252439022    9.439  3.772  4.1925  3.363    0  0.000  0.538     0.00     0.00 -1    -1e-30      0.00 6.960e-01 2.840e-01 3.549e-03 9.691e-04 8.802e-03 -1.000 2.000e-02 -4.659 -3.074 -2.984 -2.942 -2.894 -2.881 -2.867 -2.852 -3.308 -2.947 -2.877 -2.899 -2.879 -3.251 -3.126
0.02 0.14251 5.00000 9.5034828186 2.6253154278    9.500  3.794  4.2055  3.395    0  0.000  0.538     0.00     0.00 -1    -1e-30      0.00 6.960e-01 2.840e-01 3.549e-03 9.691e-04 8.802e-03 -1.000 2.000e-02 -4.716 -3.038 -2.945 -2.900 -2.851 -2.837 -2.822 -2.806 -3.261 -2.900 -2.833 -2.856 -2.835 -3.205 -3.079
0.02 0.14251 5.00000 9.5633468628 2.6253855228    9.560  3.816  4.2184  3.428    0  0.000  0.538     0.00     0.00 -1    -1e-30      0.00 6.960e-01 2.840e-01 3.549e-03 9.691e-04 8.802e-03 -1.000 2.000e-02 -4.770 -3.000 -2.904 -2.858 -2.805 -2.791 -2.776 -2.759 -3.212 -2.852 -2.788 -2.811 -2.789 -3.157 -3.030
0.02 0.14251 5.00000 9.6230154037 2.6254544258    9.620  3.837  4.2312  3.461    0  0.000  0.538     0.00     0.00 -1    -1e-30      0.00 6.960e-01 2.840e-01 3.549e-03 9.691e-04 8.802e-03 -1.000 2.000e-02 -4.821 -2.960 -2.862 -2.813 -2.759 -2.743 -2.727 -2.710 -3.162 -2.803 -2.742 -2.764 -2.741 -3.108 -2.980
0.02 0.14251 5.00000 9.6826343536 2.6255221367    9.679  3.856  4.2437  3.495    0  0.000  0.538     0.00     0.00 -1    -1e-30      0.00 6.960e-01 2.840e-01 3.549e-03 9.691e-04 8.802e-03 -1.000 2.000e-02 -4.870 -2.919 -2.818 -2.767 -2.710 -2.694 -2.678 -2.660 -3.110 -2.752 -2.693 -2.716 -2.692 -3.057 -2.928
0.02 0.14251 5.00000 9.7423648834 2.6255891323    9.739  3.874  4.2561  3.529    0  0.000  0.538     0.00     0.00 -1    -1e-30      0.00 6.960e-01 2.840e-01 3.549e-03 9.691e-04 8.802e-03 -1.000 2.000e-02 -4.916 -2.877 -2.773 -2.720 -2.661 -2.644 -2.627 -2.608 -3.057 -2.700 -2.643 -2.667 -2.641 -3.005 -2.875
0.02 0.14251 5.00000 9.8023757935 2.6256556511    9.799  3.892  4.2684  3.563    0  0.000  0.538     0.00     0.00 -1    -1e-30      0.00 6.960e-01 2.840e-01 3.549e-03 9.691e-04 8.802e-03 -1.000 2.000e-02 -4.959 -2.834 -2.727 -2.672 -2.611 -2.592 -2.575 -2.555 -3.002 -2.647 -2.590 -2.617 -2.590 -2.951 -2.821
0.02 0.14251 5.00000 9.8628749847 2.6257216930    9.860  3.908  4.2805  3.598    0  0.000  0.538     0.00     0.00 -1    -1e-30      0.00 6.960e-01 2.840e-01 3.549e-03 9.691e-04 8.802e-03 -1.000 2.000e-02 -5.000 -2.789 -2.679 -2.622 -2.559 -2.539 -2.521 -2.500 -2.946 -2.591 -2.535 -2.565 -2.537 -2.896 -2.765
0.02 0.14251 5.00000 9.9240818024 2.6257874966    9.922  3.923  4.2925  3.634    0  0.000  0.538     0.00     0.00 -1    -1e-30      0.00 6.960e-01 2.840e-01 3.549e-03 9.691e-04 8.802e-03 -1.000 2.000e-02 -5.037 -2.744 -2.631 -2.572 -2.506 -2.485 -2.466 -2.445 -2.889 -2.534 -2.476 -2.512 -2.483 -2.840 -2.707
0.02 0.14251 5.00000 9.9862527847 2.6258533001    9.984  3.937  4.3043  3.669    0  0.000  0.538     0.00     0.00 -1    -1e-30      0.00 6.960e-01 2.840e-01 3.549e-03 9.691e-04 8.802e-03 -1.000 2.000e-02 -5.073 -2.697 -2.582 -2.521 -2.452 -2.430 -2.410 -2.388 -2.830 -2.475 -2.417 -2.459 -2.428 -2.782 -2.648
0.02 0.14251 5.00000 10.0000000000 2.6258678436    9.998  3.940  4.3069  3.677    0  0.000  0.538     0.00     0.00 -1    -1e-30      0.00 6.960e-01 2.840e-01 3.549e-03 9.691e-04 8.802e-03 -1.000 2.000e-02 -5.081 -2.687 -2.571 -2.510 -2.440 -2.418 -2.398 -2.375 -2.817 -2.462 -2.404 -2.447 -2.416 -2.769 -2.635
0.02 0.14251 5.00000 10.0140266418 2.6258823872   10.012  3.943  4.3095  3.685    0  0.000  0.538     0.00     0.00 -1    -1e-30      0.00 6.960e-01 2.840e-01 3.549e-03 9.691e-04 8.802e-03 -1.000 2.000e-02 -5.088 -2.677 -2.561 -2.498 -2.428 -2.406 -2.386 -2.363 -2.804 -2.449 -2.391 -2.435 -2.404 -2.757 -2.623
0.02 0.14251 5.00000 10.0931301117 2.6259644032   10.091  3.959  4.3234  3.729    0  0.000  0.538     0.00     0.00 -1    -1e-30      0.00 6.960e-01 2.840e-01 3.549e-03 9.691e-04 8.802e-03 -1.000 2.000e-02 -5.127 -2.620 -2.501 -2.436 -2.362 -2.339 -2.318 -2.293 -2.733 -2.377 -2.318 -2.370 -2.336 -2.687 -2.551
0.02 0.14251 5.00000 10.1753845215 2.6260480881   10.174  3.973  4.3371  3.773    0  0.000  0.538     0.00     0.00 -1    -1e-30      0.00 6.960e-01 2.840e-01 3.549e-03 9.691e-04 8.802e-03 -1.000 2.000e-02 -5.163 -2.562 -2.439 -2.372 -2.295 -2.270 -2.248 -2.222 -2.660 -2.303 -2.242 -2.303 -2.267 -2.615 -2.478
0.02 0.14251 5.00000 10.2621679306 2.6261348724   10.261  3.986  4.3508  3.818    0  0.000  0.538     0.00     0.00 -1    -1e-30      0.00 6.960e-01 2.840e-01 3.549e-03 9.691e-04 8.802e-03 -1.000 2.000e-02 -5.195 -2.501 -2.376 -2.306 -2.225 -2.199 -2.176 -2.149 -2.585 -2.227 -2.165 -2.234 -2.196 -2.541 -2.403
0.02 0.14251 5.00000 10.3017721176 2.6261737347   10.301  3.990  4.3562  3.838    0  0.000  0.538     0.00     0.00 -1    -1e-30      0.00 6.960e-01 2.840e-01 3.549e-03 9.691e-04 8.802e-03 -1.000 2.000e-02 -5.205 -2.474 -2.347 -2.277 -2.195 -2.168 -2.144 -2.117 -2.552 -2.194 -2.131 -2.203 -2.165 -2.508 -2.370
0.02 0.14251 5.00000 10.3907308578 2.6262600422   10.390  3.995  4.3672  3.880    0  0.000  0.538     0.00     0.00 -1    -1e-30      0.00 6.960e-01 2.840e-01 3.549e-03 9.691e-04 8.802e-03 -1.000 2.000e-02 -5.218 -2.414 -2.284 -2.212 -2.127 -2.100 -2.075 -2.047 -2.481 -2.122 -2.058 -2.136 -2.097 -2.438 -2.299
0.02 0.14251 5.00000 10.5178327560 2.6263804436   10.518  3.992  4.3782  3.933    0  0.000  0.538     0.00     0.00 -1    -1e-30      0.00 6.960e-01 2.840e-01 3.549e-03 9.691e-04 8.802e-03 -1.000 2.000e-02 -5.209 -2.330 -2.198 -2.124 -2.037 -2.008 -1.982 -1.953 -2.386 -2.027 -1.962 -2.046 -2.005 -2.344 -2.205
0.02 0.14251 5.00000 10.6568822861 2.6265084743   10.657  3.977  4.3854  3.982    0  0.000  0.538     0.00     0.00 -1    -1e-30      0.00 6.960e-01 2.840e-01 3.549e-03 9.691e-04 8.802e-03 -1.000 2.000e-02 -5.172 -2.244 -2.110 -2.035 -1.946 -1.917 -1.891 -1.861 -2.294 -1.934 -1.868 -1.955 -1.913 -2.252 -2.112
0.02 0.14251 5.00000 10.7647638321 2.6266050339   10.766  3.960  4.3880  4.014    0  0.000  0.538     0.00     0.00 -1    -1e-30      0.00 6.960e-01 2.840e-01 3.549e-03 9.691e-04 8.802e-03 -1.000 2.000e-02 -5.130 -2.183 -2.050 -1.974 -1.884 -1.855 -1.829 -1.799 -2.231 -1.871 -1.805 -1.893 -1.851 -2.189 -2.050
0.02 0.14251 5.00000 10.8715429306 2.6266984940   10.873  3.943  4.3886  4.038    0  0.000  0.538     0.00     0.00 -1    -1e-30      0.00 6.960e-01 2.840e-01 3.549e-03 9.691e-04 8.802e-03 -1.000 2.000e-02 -5.087 -2.135 -2.001 -1.925 -1.835 -1.806 -1.779 -1.750 -2.182 -1.822 -1.756 -1.844 -1.802 -2.140 -2.001
0.02 0.14251 5.00000 10.9990901947 2.6268074512   11.001  3.930  4.3890  4.057    0  0.000  0.538     0.00     0.00 -1    -1e-30      0.00 6.960e-01 2.840e-01 3.549e-03 9.691e-04 8.802e-03 -1.000 2.000e-02 -5.055 -2.100 -1.966 -1.890 -1.800 -1.771 -1.744 -1.715 -2.147 -1.787 -1.721 -1.809 -1.767 -2.105 -1.966
0.02 0.14251 5.00000 11.0000000000 2.6268081665   11.001  3.930  4.3890  4.057    0  0.000  0.538     0.00     0.00 -1    -1e-30      0.00 6.960e-01 2.840e-01 3.549e-03 9.691e-04 8.802e-03 -1.000 2.000e-02 -5.055 -2.099 -1.965 -1.890 -1.800 -1.770 -1.744 -1.715 -2.147 -1.787 -1.721 -1.809 -1.767 -2.105 -1.965
0.02 0.14251 5.00000 11.0891675949 2.6268827915   11.090  3.923  4.3893  4.069    0  0.000  0.538     0.00     0.00 -1    -1e-30      0.00 6.960e-01 2.840e-01 3.549e-03 9.691e-04 8.802e-03 -1.000 2.000e-02 -5.038 -2.080 -1.946 -1.870 -1.781 -1.751 -1.725 -1.695 -2.128 -1.768 -1.702 -1.790 -1.748 -2.086 -1.946
0.02 0.14251 5.00000 11.3549976349 2.6270966530   11.356  3.928  4.3930  4.089    0  0.000  0.538     0.00     0.00 -1    -1e-30      0.00 6.960e-01 2.840e-01 3.549e-03 9.691e-04 8.802e-03 -1.000 2.000e-02 -5.050 -2.067 -1.933 -1.856 -1.765 -1.736 -1.709 -1.679 -2.112 -1.751 -1.685 -1.775 -1.732 -2.070 -1.930
0.02 0.14251 5.00000 11.5885610580 2.6272752285   11.590  3.963  4.4027  4.102    0  0.000  0.538     0.00     0.00 -1    -1e-30      0.00 6.960e-01 2.840e-01 3.549e-03 9.691e-04 8.802e-03 -1.000 2.000e-02 -5.136 -2.056 -1.933 -1.861 -1.784 -1.766 -2.160 -3.069 -2.670 -2.392 -3.896 -1.793 -1.773 -3.021 -2.869
0.02 0.14251 5.00000 12.0000000000 2.6275708675   12.001  4.027  4.4218  4.130    0  0.000  0.538     0.00     0.00 -1    -1e-30      0.00 6.960e-01 2.840e-01 3.549e-03 9.691e-04 8.802e-03 -1.000 2.000e-02 -5.297 -2.075 -1.968 -1.900 -1.811 -1.787 -2.174 -3.083 -2.679 -2.439 -3.931 -1.820 -1.793 -3.032 -2.875
0.02 0.14251 5.00000 12.3820657730 2.6278250217   12.381  4.093  4.4439  4.166    0  0.000  0.539     0.00     0.00 -1 -2.51e-26      0.00 6.960e-01 2.840e-01 3.559e-03 9.693e-04 8.801e-03 -1.000 2.000e-02 -5.461 -2.140 -2.015 -1.936 -1.851 -1.834 -2.225 -3.133 -2.728 -2.459 -3.950 -1.858 -1.840 -3.084 -2.926
0.02 0.14251 5.00000 12.6453323364 2.6279900074   12.643  4.125  4.4565  4.193    0  0.000  0.540     0.00     0.00 -1 -2.31e-23      0.00 6.960e-01 2.840e-01 3.565e-03 9.695e-04 8.801e-03 -1.000 2.000e-02 -5.543 -2.133 -2.004 -1.928 -1.852 -1.837 -2.229 -3.138 -2.735 -2.443 -3.942 -1.858 -1.844 -3.089 -2.934
0.02 0.14251 5.00000 12.8388824463 2.6281061172   12.835  4.139  4.4623  4.208    0  0.000  0.541     0.00     0.00 -1 -3.15e-21      0.00 6.960e-01 2.840e-01 3.570e-03 9.696e-04 8.801e-03 -1.000 2.000e-02 -5.578 -2.111 -1.983 -1.910 -1.844 -1.829 -2.220 -3.128 -2.728 -2.424 -3.930 -1.850 -1.835 -3.080 -2.927
0.02 0.14251 5.00000 13.1977262497 2.6283116341   13.192  4.162  4.4707  4.231    0  0.000  0.542     0.00     0.00 -1 -2.33e-17      0.00 6.960e-01 2.840e-01 3.578e-03 9.698e-04 8.800e-03 -1.000 2.000e-02 -5.636 -2.086 -1.957 -1.891 -1.840 -1.823 -2.214 -3.122 -2.723 -2.402 -3.918 -1.845 -1.830 -3.074 -2.923
0.02 0.14251 5.00000 13.9278745651 2.6286919117   13.918  4.206  4.4801  4.248    0  0.000  0.545     0.00     0.00 -1 -7.66e-10      0.00 6.960e-01 2.840e-01 3.594e-03 9.702e-04 8.799e-03 -1.000 2.000e-02 -5.746 -2.131 -1.999 -1.934 -1.880 -1.866 -2.259 -3.167 -2.766 -2.439 -3.953 -1.885 -1.873 -3.120 -2.967
0.02 0.14251 5.00000 14.0000000000 2.6287269592   13.991  4.210  4.4812  4.251    0  0.000  0.545     0.00     0.00 -1 -4.01e-09      0.00 6.960e-01 2.840e-01 3.596e-03 9.702e-04 8.799e-03 -1.000 2.000e-02 -5.754 -2.134 -2.002 -1.936 -1.880 -1.867 -2.260 -3.169 -2.767 -2.440 -3.953 -1.885 -1.873 -3.121 -2.968
0.02 0.14251 5.00000 14.3473615646 2.6288905144   14.340  4.235  4.4852  4.253    0  0.000  0.545     0.00     0.00 -1 -4.46e-09      0.00 6.960e-01 2.840e-01 3.596e-03 9.702e-04 8.799e-03 -1.000 2.000e-02 -5.817 -2.180 -2.048 -1.978 -1.914 -1.902 -2.298 -3.207 -2.803 -2.478 -3.985 -1.919 -1.910 -3.159 -3.005
0.02 0.14251 5.00000 16.0000000000 2.6295573711   16.001  4.373  4.5064  4.246    0  0.000  0.545     0.00     0.00 -1 -9.11e-09      0.00 6.960e-01 2.840e-01 3.596e-03 9.702e-04 8.799e-03 -1.000 2.000e-02 -6.163 -2.435 -2.296 -2.207 -2.115 -2.108 -2.507 -3.415 -3.006 -2.692 -4.177 -2.121 -2.116 -3.367 -3.209
0.02 0.14251 5.00000 18.0000000000 2.6301794052   17.987  4.517  4.5277  4.239    0  0.000  0.545     0.00     0.00 -1 -1.86e-08      0.00 6.960e-01 2.840e-01 3.596e-03 9.702e-04 8.799e-03 -1.000 2.000e-02 -6.522 -2.683 -2.528 -2.419 -2.343 -2.321 -2.705 -3.613 -3.202 -2.909 -4.390 -2.348 -2.327 -3.563 -3.401
0.02 0.14251 5.00000 20.0000000000 2.6306605339   19.993  4.641  4.5459  4.233    0  0.000  0.545     0.00     0.00 -1 -3.31e-08      0.00 6.960e-01 2.840e-01 3.596e-03 9.702e-04 8.799e-03 -1.000 2.000e-02 -6.833 -2.844 -2.692 -2.585 -2.504 -2.475 -2.860 -3.768 -3.352 -3.108 -4.585 -2.512 -2.481 -3.715 -3.547
0.02 0.14251 5.00000 24.0000000000 2.6313521862   23.992  4.849  4.5750  4.221    0  0.000  0.545     0.00     0.00 -1 -8.67e-08      0.00 6.960e-01 2.840e-01 3.596e-03 9.702e-04 8.799e-03 -1.000 2.000e-02 -7.353 -3.208 -3.052 -2.967 -2.891 -2.862 -3.251 -4.159 -3.763 -3.536 -5.085 -2.899 -2.868 -4.110 -3.959
0.02 0.14251 5.00000 29.9237785339 2.6319968700   29.881  5.084  4.6060  4.205    0  0.000  0.545     0.00     0.00 -1  -2.3e-07      0.00 6.960e-01 2.840e-01 3.596e-03 9.702e-04 8.799e-03 -1.000 2.000e-02 -7.940 -3.592 -3.442 -3.352 -3.268 -3.243 -3.631 -4.540 -4.203 -4.107 -5.757 -3.276 -3.249 -4.499 -4.391
0.02 0.14251 5.00000 30.0000000000 2.6320033073   29.960  5.087  4.6064  4.205    0  0.000  0.545     0.00     0.00 -1 -2.33e-07      0.00 6.960e-01 2.840e-01 3.596e-03 9.702e-04 8.799e-03 -1.000 2.000e-02 -7.947 -3.596 -3.446 -3.356 -3.272 -3.247 -3.635 -4.544 -4.208 -4.112 -5.763 -3.280 -3.253 -4.503 -4.396
0.02 0.14251 5.00000 35.0000000000 2.6323544979   34.937  5.241  4.6256  4.194    0  0.000  0.545     0.00     0.00 -1 -4.24e-07      0.00 6.960e-01 2.840e-01 3.596e-03 9.702e-04 8.799e-03 -1.000 2.000e-02 -8.334 -3.863 -3.714 -3.625 -3.534 -3.511 -3.902 -4.811 -4.485 -4.445 -6.133 -3.543 -3.517 -4.771 -4.670
0.02 0.14251 5.00000 40.0000000000 2.6326069832   39.924  5.367  4.6397  4.183    0  0.000  0.545     0.00     0.00 -1 -6.68e-07      0.00 6.960e-01 2.840e-01 3.596e-03 9.702e-04 8.799e-03 -1.000 2.000e-02 -8.646 -4.095 -3.954 -3.864 -3.777 -3.757 -4.150 -5.059 -4.757 -4.772 -6.497 -3.785 -3.764 -5.023 -4.940
0.02 0.14251 5.00000 45.0000000000 2.6327958107   44.625  5.468  4.6506  4.174    0  0.000  0.545     0.00     0.00 -1 -9.65e-07      0.00 6.960e-01 2.840e-01 3.596e-03 9.702e-04 8.799e-03 -1.000 2.000e-02 -8.900 -4.292 -4.157 -4.065 -3.981 -3.963 -4.356 -5.266 -4.990 -5.061 -6.823 -3.988 -3.970 -5.234 -5.171
0.02 0.14251 5.00000 50.0000000000 2.6329421997   49.855  5.570  4.6616  4.165    0  0.000  0.545     0.00     0.00 -1  -1.4e-06      0.00 6.960e-01 2.840e-01 3.596e-03 9.702e-04 8.799e-03 -1.000 2.000e-02 -9.154 -4.492 -4.353 -4.277 -4.238 -4.259 -4.674 -5.588 -5.557 -6.063 -8.013 -4.237 -4.270 -5.595 -5.708
0.02 0.14251 5.00000 55.0000038147 2.6330580711   54.787  5.651  4.6684  4.152    0  0.000  0.545     0.00     0.00 -1  -1.8e-06      0.00 6.960e-01 2.840e-01 3.596e-03 9.702e-04 8.799e-03 -1.000 2.000e-02 -9.356 -4.661 -4.520 -4.441 -4.400 -4.420 -4.835 -5.749 -5.729 -6.250 -8.204 -4.399 -4.430 -5.757 -5.877
0.02 0.14251 5.00000 60.0000000000 2.6331522465   59.731  5.724  4.6748  4.141    0  0.000  0.545     0.00     0.00 -1 -2.32e-06      0.00 6.960e-01 2.840e-01 3.596e-03 9.702e-04 8.799e-03 -1.000 2.000e-02 -9.540 -4.811 -4.667 -4.586 -4.539 -4.558 -4.972 -5.887 -5.872 -6.405 -8.362 -4.539 -4.568 -5.896 -6.019
0.02 0.14251 5.00000 65.0000000000 2.6332299709   64.702  5.789  4.6808  4.135    0  0.000  0.545     0.00     0.00 -1 -2.93e-06      0.00 6.960e-01 2.840e-01 3.596e-03 9.702e-04 8.799e-03 -1.000 2.000e-02 -9.704 -4.929 -4.784 -4.702 -4.652 -4.670 -5.084 -5.998 -5.974 -6.505 -8.463 -4.652 -4.680 -6.005 -6.122
0.02 0.14251 5.00000 70.0000000000 2.6332950592   69.599  5.849  4.6850  4.124    0  0.000  0.545     0.00     0.00 -1 -3.54e-06      0.00 6.960e-01 2.840e-01 3.596e-03 9.702e-04 8.799e-03 -1.000 2.000e-02 -9.852 -5.046 -4.901 -4.818 -4.767 -4.784 -5.197 -6.111 -6.085 -6.621 -8.582 -4.768 -4.794 -6.118 -6.233
0.02 0.14251 5.00000 75.0000000000 2.6333501339   74.374  5.900  4.6877  4.112    0  0.000  0.545     0.00     0.00 -1 -4.17e-06      0.00 6.960e-01 2.840e-01 3.596e-03 9.702e-04 8.799e-03 -1.000 2.000e-02 -9.981 -5.155 -5.011 -4.927 -4.875 -4.891 -5.304 -6.218 -6.190 -6.730 -8.695 -4.876 -4.901 -6.224 -6.338
0.02 0.14251 5.00000 80.0000000000 2.6333973408   79.484  5.952  4.6908  4.102    0  0.000  0.545     0.00     0.00 -1 -4.92e-06      0.00 6.960e-01 2.840e-01 3.596e-03 9.702e-04 8.799e-03 -1.000 2.000e-02 -10.109 -5.261 -5.118 -5.033 -4.981 -4.996 -5.409 -6.323 -6.296 -6.843 -8.812 -4.982 -5.006 -6.328 -6.443
0.02 0.14251 5.00000 90.0000000000 2.6334741116   89.354  6.040  4.6949  4.081    0  0.000  0.545     0.00     0.00 -1 -6.46e-06      0.00 6.960e-01 2.840e-01 3.596e-03 9.702e-04 8.799e-03 -1.000 2.000e-02 -10.330 -5.453 -5.310 -5.225 -5.173 -5.187 -5.599 -6.513 -6.491 -7.053 -9.033 -5.173 -5.197 -6.519 -6.638
0.02 0.14251 5.00000 95.0000000000 2.6335055828   94.259  6.080  4.6970  4.073    0  0.000  0.545     0.00     0.00 -1 -7.41e-06      0.00 6.960e-01 2.840e-01 3.596e-03 9.702e-04 8.799e-03 -1.000 2.000e-02 -10.429 -5.537 -5.394 -5.309 -5.258 -5.272 -5.683 -6.598 -6.578 -7.148 -9.132 -5.258 -5.282 -6.604 -6.725
0.02 0.14251 5.00000 100.0000000000 2.6335334778   99.153  6.116  4.6976  4.060    0  0.000  0.545     0.00     0.00 -1 -8.31e-06      0.00 6.960e-01 2.840e-01 3.596e-03 9.702e-04 8.799e-03 -1.000 2.000e-02 -10.521 -5.627 -5.484 -5.399 -5.347 -5.360 -5.772 -6.686 -6.667 -7.244 -9.233 -5.347 -5.370 -6.692 -6.814
0.02 0.14251 5.00000 135.5539398193 2.6336188316  129.232  6.324  4.6854  3.919    0  0.000  0.467     0.00     0.00 -1 -1.71e-05      0.00 6.959e-01 2.840e-01 3.082e-03 1.523e-03 8.798e-03 -1.000 2.011e-02 -11.040 -6.288 -6.154 -6.088 -6.094 -6.141 -6.572 -7.490 -7.698 -8.608 -10.695 -6.087 -6.154 -7.534 -7.817
0.02 0.14251 5.00000 136.3638458252 2.6336188316  130.514  6.328  4.6861  3.922    0  0.000  0.545     0.00     0.00 -1 -1.73e-05      0.00 6.960e-01 2.840e-01 3.596e-03 9.702e-04 8.799e-03 -1.000 2.000e-02 -11.051 -6.293 -6.160 -6.094 -6.100 -6.147 -6.578 -7.496 -7.705 -8.616 -10.704 -6.093 -6.160 -7.540 -7.823
0.02 0.14251 5.00000 137.7114715576 2.6336188316  132.549  6.335  4.6870  3.925    0  0.000  0.545     0.00     0.00 -1 -1.76e-05      0.00 6.960e-01 2.840e-01 3.596e-03 9.702e-04 8.799e-03 -1.000 2.000e-02 -11.069 -6.304 -6.172 -6.106 -6.112 -6.159 -6.590 -7.508 -7.717 -8.631 -10.719 -6.105 -6.172 -7.552 -7.835
0.02 0.14251 5.00000 139.6345825195 2.6336188316  135.254  6.345  4.6862  3.921    0  0.000  0.545     0.00     0.00 -1 -1.79e-05      0.00 6.960e-01 2.840e-01 3.596e-03 9.702e-04 8.799e-03 -1.000 2.000e-02 -11.091 -6.333 -6.200 -6.134 -6.140 -6.187 -6.618 -7.536 -7.745 -8.656 -10.744 -6.133 -6.200 -7.580 -7.863
0.02 0.14251 5.00000 142.6232604980 2.6336188316  139.109  6.358  4.6867  3.922    0  0.000  0.545     0.00     0.00 -1 -1.85e-05      0.00 6.960e-01 2.840e-01 3.596e-03 9.702e-04 8.799e-03 -1.000 2.000e-02 -11.125 -6.363 -6.230 -6.165 -6.171 -6.217 -6.648 -7.566 -7.775 -8.688 -10.776 -6.163 -6.231 -7.611 -7.893
0.02 0.14251 5.00000 147.5278167725 2.6336188316  144.826  6.381  4.6951  3.950    0  0.000  0.545     0.00     0.00 -1 -1.94e-05      0.00 6.960e-01 2.840e-01 3.596e-03 9.702e-04 8.799e-03 -1.000 2.000e-02 -11.183 -6.360 -6.230 -6.166 -6.173 -6.220 -6.651 -7.570 -7.783 -8.717 -10.811 -6.165 -6.234 -7.614 -7.899
0.02 0.14251 5.00000 150.0000000000 2.6336188316  147.539  6.392  4.7010  3.971    0  0.000  0.545     0.00     0.00 -1 -1.98e-05      0.00 6.960e-01 2.840e-01 3.596e-03 9.702e-04 8.799e-03 -1.000 2.000e-02 -11.210 -6.347 -6.219 -6.158 -6.168 -6.218 -6.650 -7.569 -7.796 -8.751 -10.850 -6.160 -6.231 -7.616 -7.911
0.02 0.14251 5.00000 166.6422576904 2.6336188316  163.578  6.458  4.7013  3.951    0  0.000  0.545     0.00     0.00 -1 -2.41e-05      0.00 6.960e-01 2.840e-01 3.596e-03 9.702e-04 8.799e-03 -1.000 2.000e-02 -11.376 -6.511 -6.384 -6.322 -6.334 -6.385 -6.817 -7.736 -7.968 -8.926 -11.025 -6.326 -6.398 -7.784 -8.082
0.02 0.14251 5.00000 200.0000152588 2.6336188316  195.643  6.573  4.7039  3.924    0  0.000  0.545     0.00     0.00 -1 -3.36e-05      0.00 6.960e-01 2.840e-01 3.596e-03 9.702e-04 8.799e-03 -1.000 2.000e-02 -11.663 -6.784 -6.659 -6.601 -6.622 -6.677 -7.112 -8.032 -8.295 -9.277 -11.380 -6.612 -6.691 -8.086 -8.406
0.02 0.14251 5.00000 202.1653289795 2.6336188316  197.461  6.580  4.7034  3.919    0  0.000  0.545     0.00     0.00 -1 -3.43e-05      0.00 6.960e-01 2.840e-01 3.596e-03 9.702e-04 8.799e-03 -1.000 2.000e-02 -11.679 -6.803 -6.677 -6.619 -6.637 -6.692 -7.126 -8.046 -8.303 -9.279 -11.381 -6.628 -6.706 -8.099 -8.414
0.02 0.14251 5.00000 212.6868286133 2.6336188316  205.762  6.609  4.7001  3.894    0  0.000  0.545     0.00     0.00 -1  -3.8e-05      0.00 6.960e-01 2.840e-01 3.596e-03 9.702e-04 8.799e-03 -1.000 2.000e-02 -11.753 -6.895 -6.766 -6.704 -6.711 -6.759 -7.190 -8.109 -8.325 -9.272 -11.370 -6.704 -6.773 -8.153 -8.441
0.02 0.14251 5.00000 218.3727569580 2.6336188316  209.812  6.624  4.6983  3.881    0  0.000  0.361     0.00     0.00 -1 -4.01e-05      0.00 6.958e-01 2.840e-01 2.382e-03 2.265e-03 8.796e-03 -1.000 2.024e-02 -11.791 -6.946 -6.816 -6.753 -6.761 -6.808 -7.239 -8.158 -8.372 -9.315 -11.411 -6.753 -6.821 -8.202 -8.488
0.02 0.14251 5.00000 224.9062805176 2.6336188316  216.771  6.643  4.7012  3.888    0  0.000  0.383     0.00     0.00 -1 -4.18e-05      0.00 6.949e-01 2.850e-01 2.522e-03 2.342e-03 8.576e-03 -1.000 2.018e-02 -11.837 -6.973 -6.845 -6.784 -6.795 -6.845 -7.278 -8.197 -8.427 -9.383 -11.482 -6.787 -6.859 -8.244 -8.541
0.02 0.14251 5.00000 239.3996734619 2.6336188316  232.080  6.681  4.7059  3.898    0  0.000  0.439     0.00     0.00 -1 -4.59e-05      0.00 6.940e-01 2.860e-01 2.886e-03 2.191e-03 8.339e-03 -1.000 2.006e-02 -11.933 -7.043 -6.920 -6.865 -6.891 -6.950 -7.388 -8.308 -8.595 -9.594 -11.700 -6.881 -6.965 -8.367 -8.704
0.02 0.14251 5.00000 250.0000000000 2.6336188316  243.299  6.707  4.7084  3.902    0  0.000  0.484     0.00     0.00 -1 -4.91e-05      0.00 6.942e-01 2.858e-01 3.188e-03 1.830e-03 8.366e-03 -1.000 2.001e-02 -11.999 -7.095 -6.974 -6.922 -6.957 -7.021 -7.461 -8.382 -8.700 -9.721 -11.830 -6.946 -7.036 -8.448 -8.805
0.02 0.14251 5.00000 300.0000305176 2.6336188316  290.820  6.813  4.7104  3.882    0  0.000  0.490     0.00     0.00 -1 -6.57e-05      0.00 6.936e-01 2.864e-01 3.223e-03 1.838e-03 8.309e-03 -1.000 2.000e-02 -12.263 -7.348 -7.229 -7.180 -7.222 -7.289 -7.732 -8.653 -8.995 -10.035 -12.147 -7.209 -7.305 -8.724 -9.099
0.02 0.14251 5.00000 350.0000000000 2.6336188316  339.160  6.902  4.7142  3.875    0  0.000  0.412     0.00     0.00 -1 -8.28e-05      0.00 6.894e-01 2.906e-01 2.683e-03 3.187e-03 7.495e-03 -1.000 2.000e-02 -12.485 -7.548 -7.433 -7.390 -7.443 -7.519 -7.965 -8.888 -9.276 -10.349 -12.467 -7.429 -7.535 -8.968 -9.374
0.02 0.14251 5.00000 350.0025329590 2.6336188316  334.270  6.896  4.6845  3.756    0  0.000  0.230     0.00     0.00 -1 -1.88e-05      0.00 6.803e-01 2.997e-01 1.436e-03 6.213e-03 5.716e-03 -1.000 2.000e-02 -12.470 -7.725 -7.591 -7.525 -7.531 -7.577 -8.008 -8.926 -9.134 -10.041 -12.128 -7.523 -7.590 -8.970 -9.253
0.02 0.14251 5.00000 350.0051879883 2.6336188316  325.832  6.889  4.6538  3.629    0  0.000  0.082     0.00     0.00 -1 -3.96e-06      0.00 6.609e-01 3.192e-01 2.918e-04 9.596e-03 3.389e-03 -1.000 1.990e-02 -12.453 -7.946 -7.841 -7.794 -7.814 -7.861 -8.290 -9.208 -9.305 -9.882 -11.850 -7.805 -7.874 -9.248 -9.445
0.02 0.14251 5.00000 350.0069274902 2.6336188316  317.461  6.884  4.6364  3.554    0  0.000  0.140     0.00     0.00 -1 -1.43e-06      0.00 6.367e-01 3.435e-01 3.646e-04 1.062e-02 2.113e-03 -1.000 1.971e-02 -12.439 -7.975 -7.862 -7.830 -7.874 -7.993 -8.022 -8.250 -9.270 -11.756 -11.840 -7.873 -7.980 -8.521 -9.202
0.02 0.14251 5.00000 350.0081176758 2.6336188316  309.707  6.880  4.6251  3.502    0  0.000  0.220     0.00     0.00 -1 -7.12e-07      0.00 6.128e-01 3.676e-01 4.120e-04 1.102e-02 1.597e-03 -1.000 1.964e-02 -12.429 -8.051 -7.939 -7.908 -7.952 -8.069 -8.099 -8.328 -9.364 -11.856 -11.933 -7.950 -8.056 -8.608 -9.296
0.02 0.14251 5.00000 350.0090026855 2.6336188316  302.555  6.876  4.6177  3.466    0  0.000  0.329     0.00     0.00 -1 -4.18e-07      0.00 5.897e-01 3.907e-01 4.462e-04 1.119e-02 1.359e-03 -1.000 1.964e-02 -12.420 -8.098 -7.987 -7.956 -8.001 -8.116 -8.147 -8.376 -9.424 -11.919 -11.992 -7.998 -8.104 -8.663 -9.355
0.02 0.14251 5.00000 350.0097961426 2.6336188316  295.195  6.872  4.6123  3.437    0  0.000  0.474     0.00     0.00 -1 -2.65e-07      0.00 5.646e-01 4.158e-01 4.755e-04 1.127e-02 1.231e-03 -1.000 1.964e-02 -12.410 -8.130 -8.020 -7.989 -8.034 -8.149 -8.181 -8.409 -9.465 -11.962 -12.033 -8.031 -8.136 -8.700 -9.396
0.02 0.14251 5.00000 350.0104675293 2.6336188316  287.926  6.868  4.6077  3.412    0  0.000  0.631     0.00     0.00 -1 -1.81e-07      0.00 5.398e-01 4.406e-01 5.001e-04 1.129e-02 1.184e-03 -1.000 1.960e-02 -12.401 -8.156 -8.046 -8.015 -8.060 -8.174 -8.207 -8.435 -9.498 -11.997 -12.065 -8.057 -8.162 -8.730 -9.428
0.02 0.14251 5.00000 350.0110168457 2.6336188316  281.020  6.865  4.6037  3.389    0  0.000  0.768     0.00     0.00 -1 -1.31e-07      0.00 5.173e-01 4.631e-01 5.205e-04 1.127e-02 1.179e-03 -1.000 1.956e-02 -12.392 -8.178 -8.068 -8.038 -8.083 -8.196 -8.229 -8.458 -9.527 -12.028 -12.094 -8.079 -8.184 -8.756 -9.457
0.02 0.14251 5.00000 350.0114746094 2.6336188316  274.730  6.862  4.6007  3.370    0  0.000  0.873     0.00     0.00 -1 -9.97e-08      0.00 4.973e-01 4.831e-01 5.372e-04 1.124e-02 1.191e-03 -1.000 1.956e-02 -12.385 -7.886 -7.777 -7.874 -7.814 -7.927 -7.975 -8.156 -9.380 -10.059 -10.980 -7.817 -7.928 -8.356 -9.109
0.02 0.14251 5.00000 350.0119018555 2.6336188316  268.484  6.859  4.5988  3.355    0  0.000  0.957     0.00     0.00 -1 -7.92e-08      0.00 4.763e-01 5.040e-01 5.523e-04 1.121e-02 1.211e-03 -1.000 1.965e-02 -12.377 -7.878 -7.769 -7.866 -7.806 -7.919 -7.967 -8.148 -9.372 -10.051 -10.972 -7.808 -7.920 -8.348 -9.101
0.02 0.14251 5.00000 350.0122680664 2.6336188316  262.180  6.855  4.5969  3.341    0  0.000  1.016     0.00     0.00 -1 -6.31e-08      0.00 4.562e-01 5.242e-01 5.661e-04 1.117e-02 1.234e-03 -1.000 1.956e-02 -12.368 -7.869 -7.760 -7.857 -7.798 -7.910 -7.959 -8.140 -9.363 -10.043 -10.963 -7.800 -7.911 -8.339 -9.093
0.02 0.14251 5.00000 350.0126037598 2.6336188316  256.102  6.852  4.5956  3.329    0  0.000  1.057     0.00     0.00 -1 -5.25e-08      0.00 4.358e-01 5.446e-01 5.783e-04 1.114e-02 1.257e-03 -1.000 1.963e-02 -12.360 -7.862 -7.752 -7.850 -7.790 -7.903 -7.951 -8.132 -9.356 -10.035 -10.956 -7.792 -7.904 -8.332 -9.085
0.02 0.14251 5.00000 350.0129089355 2.6336188316  250.102  6.849  4.5947  3.318    0  0.000  1.088     0.00     0.00 -1 -4.38e-08      0.00 4.158e-01 5.645e-01 5.896e-04 1.111e-02 1.279e-03 -1.000 1.965e-02 -12.352 -7.854 -7.744 -7.841 -7.782 -7.895 -7.943 -8.124 -9.348 -10.027 -10.948 -7.784 -7.895 -8.324 -9.077
0.02 0.14251 5.00000 350.0133361816 2.6336188316  241.105  6.844  4.5938  3.304    0  0.000  1.122     0.00     0.00 -1 -3.45e-08      0.00 3.862e-01 5.941e-01 6.055e-04 1.107e-02 1.313e-03 -1.000 1.965e-02 -12.340 -8.184 -8.062 -8.014 -8.020 -8.109 -8.121 -8.304 -9.597 -10.329 -11.131 -8.029 -8.105 -8.532 -9.329
0.02 0.14251 5.00000 350.0135803223 2.6336188316  235.391  6.841  4.5935  3.295    0  0.000  1.138     0.00     0.00 -1 -2.98e-08      0.00 3.682e-01 6.121e-01 6.149e-04 1.104e-02 1.333e-03 -1.000 1.965e-02 -12.332 -8.179 -8.057 -8.009 -8.014 -8.103 -8.115 -8.298 -9.589 -10.321 -11.124 -8.023 -8.100 -8.526 -9.322
0.02 0.14251 5.00000 350.0137023926 2.6336188316  230.293  6.834  4.5944  3.296    0  0.000  1.146     0.00     0.00 -1 -4.13e-08      0.00 3.566e-01 6.238e-01 6.192e-04 1.103e-02 1.342e-03 -1.000 1.965e-02 -12.315 -8.155 -8.033 -7.986 -7.992 -8.082 -8.093 -8.277 -9.571 -10.304 -11.105 -8.001 -8.078 -8.506 -9.304
0.02 0.14251 5.00000 350.0138244629 2.6336188316  222.670  6.822  4.5966  3.302    0  0.000  1.157     0.00     0.00 -1 -8.98e-08      0.00 3.415e-01 6.388e-01 6.235e-04 1.102e-02 1.351e-03 -1.000 1.966e-02 -12.285 -8.108 -7.986 -7.939 -7.947 -8.039 -8.051 -8.237 -9.537 -10.272 -11.070 -7.956 -8.035 -8.467 -9.270
0.02 0.14251 5.00000 350.0139160156 2.6336188316  209.799  6.794  4.5959  3.301    0  0.000  1.159     0.00     0.00 -1 -9.79e-08      0.00 3.317e-01 6.487e-01 6.272e-04 1.101e-02 1.360e-03 -1.000 1.966e-02 -12.216 -8.044 -7.922 -7.875 -7.882 -7.973 -7.985 -8.171 -9.469 -10.204 -11.002 -7.891 -7.970 -8.400 -9.201
0.02 0.14251 5.00000 350.0140380859 2.6336188316  195.479  6.760  4.5944  3.299    0  0.000  1.159     0.00     0.00 -1 -8.48e-08      0.00 3.233e-01 6.570e-01 6.309e-04 1.099e-02 1.369e-03 -1.000 1.966e-02 -12.130 -7.970 -7.848 -7.801 -7.807 -7.897 -7.908 -8.092 -9.386 -10.119 -10.920 -7.816 -7.893 -8.321 -9.119
0.02 0.14251 5.00000 350.0141601562 2.6336188316  182.314  6.726  4.5930  3.297    0  0.000  1.159     0.00     0.00 -1 -7.29e-08      0.00 3.150e-01 6.653e-01 6.345e-04 1.098e-02 1.378e-03 -1.000 1.966e-02 -12.046 -7.896 -7.774 -7.726 -7.731 -7.820 -7.831 -8.013 -9.304 -10.036 -10.839 -7.740 -7.816 -8.242 -9.036
0.02 0.14251 5.00000 350.0142517090 2.6336188316  169.941  6.692  4.5917  3.295    0  0.000  1.158     0.00     0.00 -1 -6.28e-08      0.00 3.067e-01 6.737e-01 6.381e-04 1.097e-02 1.387e-03 -1.000 1.966e-02 -11.960 -7.821 -7.699 -7.650 -7.655 -7.742 -7.753 -7.934 -9.221 -9.951 -10.757 -7.663 -7.738 -8.161 -8.953
0.02 0.14251 5.00000 350.0143737793 2.6336188316  158.646  6.658  4.5903  3.294    0  0.000  1.157     0.00     0.00 -1 -5.46e-08      0.00 2.985e-01 6.818e-01 6.417e-04 1.095e-02 1.396e-03 -1.000 1.966e-02 -11.875 -7.746 -7.624 -7.576 -7.579 -7.664 -7.676 -7.855 -9.138 -9.867 -10.675 -7.587 -7.661 -8.082 -8.870
0.02 0.14251 5.00000 350.0144653320 2.6336188316  147.832  6.623  4.5889  3.293    0  0.000  1.155     0.00     0.00 -1 -4.69e-08      0.00 2.900e-01 6.904e-01 6.453e-04 1.094e-02 1.406e-03 -1.000 1.966e-02 -11.787 -7.669 -7.547 -7.498 -7.500 -7.585 -7.595 -7.773 -9.053 -9.780 -10.591 -7.509 -7.581 -8.000 -8.785
0.02 0.14251 5.00000 350.0145874023 2.6336188316  137.645  6.587  4.5875  3.291    0  0.000  1.154     0.00     0.00 -1 -4.01e-08      0.00 2.814e-01 6.990e-01 6.490e-04 1.093e-02 1.415e-03 -1.000 1.966e-02 -11.699 -7.591 -7.469 -7.419 -7.421 -7.504 -7.514 -7.690 -8.967 -9.693 -10.506 -7.429 -7.500 -7.917 -8.699
0.02 0.14251 5.00000 350.0146789551 2.6336188316  128.172  6.552  4.5861  3.291    0  0.000  1.152     0.00     0.00 -1 -3.44e-08      0.00 2.727e-01 7.076e-01 6.527e-04 1.093e-02 1.425e-03 -1.000 1.966e-02 -11.610 -7.513 -7.391 -7.341 -7.341 -7.423 -7.433 -7.607 -8.880 -9.605 -10.420 -7.349 -7.419 -7.834 -8.612
0.02 0.14251 5.00000 350.0148010254 2.6336188316  119.525  6.517  4.5848  3.290    0  0.000  1.150     0.00     0.00 -1 -2.95e-08      0.00 2.642e-01 7.161e-01 6.563e-04 1.091e-02 1.434e-03 -1.000 1.966e-02 -11.523 -7.436 -7.314 -7.264 -7.264 -7.343 -7.354 -7.526 -8.796 -9.519 -10.337 -7.271 -7.340 -7.752 -8.528
0.02 0.14251 5.00000 350.0148925781 2.6336188316  111.403  6.482  4.5836  3.289    0  0.000  1.149     0.00     0.00 -1 -2.56e-08      0.00 2.557e-01 7.246e-01 6.600e-04 1.090e-02 1.443e-03 -1.000 1.966e-02 -11.435 -7.358 -7.236 -7.185 -7.184 -7.263 -7.273 -7.444 -8.710 -9.432 -10.252 -7.192 -7.259 -7.669 -8.442
0.02 0.14251 5.00000 350.0150146484 2.6336188316  103.773  6.447  4.5825  3.289    0  0.000  1.148     0.00     0.00 -1 -2.21e-08      0.00 2.471e-01 7.333e-01 6.637e-04 1.089e-02 1.453e-03 -1.000 1.966e-02 -11.347 -7.278 -7.156 -7.105 -7.103 -7.180 -7.190 -7.360 -8.624 -9.345 -10.166 -7.111 -7.177 -7.585 -8.356
0.02 0.14251 5.00000 350.0151062012 2.6336188316   96.620  6.411  4.5814  3.290    0  0.000  1.148     0.00     0.00 -1 -1.89e-08      0.00 2.384e-01 7.419e-01 6.675e-04 1.088e-02 1.462e-03 -1.000 1.966e-02 -11.257 -7.197 -7.074 -7.023 -7.021 -7.097 -7.107 -7.275 -8.536 -9.256 -10.079 -7.028 -7.093 -7.500 -8.268
0.02 0.14251 5.00000 350.0152282715 2.6336188316   89.951  6.375  4.5804  3.291    0  0.000  1.148     0.00     0.00 -1 -1.62e-08      0.00 2.297e-01 7.507e-01 6.713e-04 1.086e-02 1.471e-03 -1.000 1.966e-02 -11.167 -7.114 -6.992 -6.941 -6.938 -7.013 -7.022 -7.190 -8.447 -9.166 -9.992 -6.945 -7.009 -7.414 -8.179
0.02 0.14251 5.00000 350.0153198242 2.6336188316   83.906  6.339  4.5794  3.292    0  0.000  1.149     0.00     0.00 -1 -1.39e-08      0.00 2.209e-01 7.594e-01 6.752e-04 1.085e-02 1.480e-03 -1.000 1.966e-02 -11.078 -7.033 -6.911 -6.859 -6.855 -6.929 -6.939 -7.105 -8.360 -9.078 -9.905 -6.863 -6.926 -7.329 -8.092
0.02 0.14251 5.00000 350.0154418945 2.6336188316   78.073  6.303  4.5785  3.294    0  0.000  1.151     0.00     0.00 -1 -1.19e-08      0.00 2.118e-01 7.686e-01 6.791e-04 1.084e-02 1.490e-03 -1.000 1.966e-02 -10.987 -6.948 -6.826 -6.774 -6.770 -6.843 -6.852 -7.018 -8.270 -8.987 -9.816 -6.777 -6.839 -7.242 -8.002
0.02 0.14251 5.00000 350.0155639648 2.6336188316   72.533  6.265  4.5776  3.296    0  0.000  1.154     0.00     0.00 -1 -1.01e-08      0.00 2.023e-01 7.780e-01 6.834e-04 1.082e-02 1.499e-03 -1.000 1.966e-02 -10.893 -6.862 -6.740 -6.687 -6.682 -6.755 -6.763 -6.928 -8.178 -8.895 -9.725 -6.689 -6.751 -7.152 -7.910
0.02 0.14251 5.00000 350.0156555176 2.6336188316   67.517  6.229  4.5769  3.297    0  0.000  1.160     0.00     0.00 -1 -8.65e-09      0.00 1.929e-01 7.874e-01 6.876e-04 1.081e-02 1.508e-03 -1.000 1.968e-02 -10.803 -6.778 -6.656 -6.603 -6.597 -6.669 -6.678 -6.841 -8.090 -8.805 -9.637 -6.604 -6.665 -7.065 -7.822
0.02 0.14251 5.00000 350.0157775879 2.6336188316   62.716  6.193  4.5767  3.301    0  0.000  1.167     0.00     0.00 -1  -7.4e-09      0.00 1.832e-01 7.971e-01 6.921e-04 1.080e-02 1.518e-03 -1.000 1.966e-02 -10.712 -6.688 -6.565 -6.512 -6.507 -6.578 -6.587 -6.751 -7.999 -8.714 -9.546 -6.514 -6.575 -6.974 -7.731
0.02 0.14251 5.00000 350.0158996582 2.6336188316   58.224  6.156  4.5772  3.308    0  0.000  1.177     0.00     0.00 -1 -6.29e-09      0.00 1.735e-01 8.068e-01 6.967e-04 1.079e-02 1.527e-03 -1.000 1.967e-02 -10.620 -6.592 -6.469 -6.417 -6.412 -6.484 -6.492 -6.657 -7.906 -8.622 -9.452 -6.419 -6.480 -6.880 -7.638
0.02 0.14251 5.00000 350.0159912109 2.6336188316   54.041  6.119  4.5788  3.319    0  0.000  1.191     0.00     0.00 -1 -5.38e-09      0.00 1.636e-01 8.167e-01 7.017e-04 1.077e-02 1.536e-03 -1.000 1.971e-02 -10.528 -6.488 -6.366 -6.313 -6.309 -6.383 -6.392 -6.558 -7.811 -8.529 -9.357 -6.317 -6.379 -6.782 -7.543
0.02 0.14251 5.00000 350.0161132812 2.6336188316   50.604  6.087  4.5814  3.333    0  0.000  1.208     0.00     0.00 -1 -4.68e-09      0.00 1.547e-01 8.256e-01 7.064e-04 1.076e-02 1.544e-03 -1.000 1.967e-02 -10.447 -6.387 -6.265 -6.213 -6.211 -6.287 -6.297 -6.466 -7.726 -8.446 -9.269 -6.219 -6.284 -6.691 -7.458
0.02 0.14251 5.00000 350.0161743164 2.6336188316   47.985  6.061  4.5852  3.351    0  0.000  1.227     0.00     0.00 -1  -4.2e-09      0.00 1.475e-01 8.329e-01 7.107e-04 1.075e-02 1.550e-03 -1.000 1.968e-02 -10.382 -6.292 -6.170 -6.120 -6.120 -6.200 -6.210 -6.384 -7.654 -8.378 -9.195 -6.128 -6.196 -6.610 -7.386
0.02 0.14251 5.00000 350.0162353516 2.6336188316   45.766  6.038  4.5910  3.376    0  0.000  1.245     0.00     0.00 -1 -3.79e-09      0.00 1.421e-01 8.383e-01 7.144e-04 1.074e-02 1.556e-03 -1.000 1.965e-02 -10.326 -6.191 -6.069 -6.021 -6.025 -6.111 -6.122 -6.302 -7.588 -8.317 -9.124 -6.033 -6.107 -6.530 -7.320
0.02 0.14251 5.00000 350.0162658691 2.6336188316   44.832  6.029  4.5958  3.396    0  0.000  1.252     0.00     0.00 -1 -3.63e-09      0.00 1.403e-01 8.401e-01 7.161e-04 1.074e-02 1.558e-03 -1.000 1.966e-02 -10.302 -6.131 -6.009 -5.962 -5.969 -6.061 -6.073 -6.258 -7.556 -8.290 -9.089 -5.978 -6.057 -6.487 -7.288
0.02 0.14251 5.00000 350.0162963867 2.6336188316   43.956  6.020  4.6018  3.420    0  0.000  1.259     0.00     0.00 -1 -3.49e-09      0.00 1.388e-01 8.415e-01 7.176e-04 1.074e-02 1.560e-03 -1.000 1.970e-02 -10.280 -6.063 -5.941 -5.896 -5.905 -6.001 -6.014 -6.204 -7.515 -8.257 -9.050 -5.915 -5.998 -6.434 -7.247
0.02 0.14251 5.00000 350.0163269043 2.6336188316   43.144  6.014  4.6180  3.483    0  0.000  1.264     0.00     0.00 -1 -3.35e-09      0.00 1.378e-01 8.425e-01 7.190e-04 1.073e-02 1.562e-03 -1.000 1.967e-02 -10.265 -5.922 -5.799 -5.753 -5.764 -5.861 -5.874 -6.065 -7.390 -8.166 -8.976 -5.775 -5.858 -6.293 -7.123
0.02 0.14251 5.00000 350.0164184570 2.6336188316   40.820  6.038  4.8792  4.479    0  0.000  1.130     0.00     0.00 -1 -3.59e-09      0.00 1.224e-01 8.579e-01 7.034e-04 1.076e-02 1.566e-03 -1.000 1.972e-02 -10.326 -3.994 -3.858 -3.809 -3.833 -3.951 -3.977 -4.142 -5.551 -6.598 -7.635 -3.847 -3.948 -4.336 -5.282
0.02 0.14251 5.00000 350.0164794922 2.6336188316   38.059  6.000  4.8789  4.486    0  0.000  1.715     0.00     0.00 -1 -3.08e-09      0.00 1.148e-01 8.655e-01 7.626e-04 1.067e-02 1.567e-03 -1.000 1.967e-02 -10.229 -3.899 -3.764 -3.714 -3.738 -3.856 -3.882 -4.047 -5.456 -6.502 -7.539 -3.752 -3.853 -4.241 -5.186
0.02 0.14251 5.00000 350.0165710449 2.6336188316   35.913  5.971  4.8784  4.488    0  0.000 32.906     0.00     0.00 -1 -2.43e-09      0.00 1.153e-01 8.116e-01 4.956e-02 4.211e-03 2.541e-03 10.537 7.310e-02 -10.157 -3.831 -3.695 -3.645 -3.669 -3.786 -3.812 -3.977 -5.386 -6.431 -7.466 -3.682 -3.783 -4.171 -5.116
0.02 0.14251 5.00000 350.0166931152 2.6336188316   33.236  5.938  4.8765  4.480    0  0.000 28.556     0.00     0.00 -1 -1.58e-09      0.00 1.163e-01 6.929e-01 1.584e-01 1.621e-04 9.049e-03 11.036 1.908e-01 -10.074 -3.832 -3.709 -3.673 -3.712 -3.814 -3.881 -4.082 -5.522 -6.451 -7.389 -3.713 -3.816 -4.330 -5.249
0.02 0.14251 5.00000 350.0168762207 2.6336188316   30.814  5.911  4.8764  4.474    0  0.000 13.597     0.00     0.00 -1 -1.03e-09      0.00 1.174e-01 5.888e-01 2.481e-01 1.637e-04 2.228e-02 11.215 2.938e-01 -10.007 -3.766 -3.644 -3.608 -3.646 -3.748 -3.816 -4.016 -5.457 -6.385 -7.323 -3.647 -3.751 -4.265 -5.184
0.02 0.14251 5.00000 350.0169982910 2.6336188316   29.508  5.901  4.8822  4.488    0  0.000  9.014     0.00     0.00 -1 -7.27e-10      0.00 1.183e-01 5.065e-01 3.109e-01 1.649e-04 4.085e-02 11.295 3.752e-01 -9.982 -3.696 -3.573 -3.534 -3.573 -3.673 -3.742 -3.939 -5.376 -6.311 -7.261 -3.574 -3.676 -4.185 -5.103
0.02 0.14251 5.00000 350.0170898438 2.6336188316   28.801  5.899  4.8928  4.522    0  0.000  6.827     0.00     0.00 -1 -5.73e-10      0.00 1.189e-01 4.488e-01 3.499e-01 1.658e-04 5.888e-02 11.331 4.323e-01 -9.977 -3.608 -3.484 -3.440 -3.481 -3.577 -3.647 -3.839 -5.270 -6.218 -7.187 -3.481 -3.580 -4.081 -4.997
0.02 0.14251 5.00000 350.0171203613 2.6336188316   28.577  5.901  4.9024  4.555    0  0.000  6.310     0.00     0.00 -1 -5.23e-10      0.00 1.192e-01 4.318e-01 3.601e-01 1.661e-04 6.541e-02 11.337 4.490e-01 -9.981 -3.537 -3.413 -3.364 -3.405 -3.496 -3.567 -3.753 -5.174 -6.127 -7.112 -3.404 -3.500 -3.988 -4.901
0.02 0.14251 5.00000 350.0171508789 2.6336188316   28.344  6.002  5.0457  5.023    0  0.000  5.931     0.00     0.00 -1 -7.95e-10      0.00 1.194e-01 4.187e-01 3.674e-01 1.665e-04 7.091e-02 11.341 4.619e-01 -10.235 -2.747 -2.629 -2.579 -2.620 -2.681 -2.748 -2.830 -4.000 -4.877 -5.822 -2.612 -2.685 -2.917 -3.728
#isochrone terminated
